1.82519e-04
3.92279e-02
7.04395e-02
2.84350e-02
-3.24963e-02
-6.77584e-02
-7.81166e-02
-8.08086e-02
-7.01602e-02
-3.00302e-02
4.74119e-02
9.08045e-02
9.51504e-02
8.74118e-02
5.23520e-02
-2.81832e-02
-8.91625e-02
-9.75114e-02
-6.24377e-02
3.00889e-02
9.79181e-02
8.12305e-02
1.17858e-02
-1.97642e-02
-8.73170e-03
1.49031e-02
2.64665e-02
-4.06158e-03
-6.60069e-02
-6.89232e-02
-2.47338e-02
1.25784e-02
1.60100e-02
-2.74497e-03
-1.15770e-02
-8.59277e-03
1.27976e-02
2.97368e-02
2.37809e-02
-6.89110e-03
-3.21163e-02
-2.70836e-02
1.33582e-02
4.92357e-02
3.66938e-02
-7.17790e-03
-2.97117e-02
-3.44529e-02
-3.32501e-02
-3.03547e-02
9.83814e-03
8.43096e-02
9.30059e-02
2.43632e-02
-4.04748e-02
-4.30943e-02
-3.19200e-02
-2.79990e-02
-2.63467e-02
-2.57033e-02
-1.45068e-02
2.88059e-02
6.83365e-02
5.16509e-02
-8.74061e-03
-6.32094e-02
-4.97859e-02
-6.46467e-04
3.40447e-02
3.57049e-02
3.03397e-02
2.74621e-02
2.43240e-02
2.08217e-02
7.24281e-03
-1.42968e-02
-2.36956e-02
-2.56296e-02
-2.56923e-02
-2.50472e-02
-2.62748e-02
-3.13448e-02
-2.70621e-02
-1.21713e-03
2.77473e-02
1.48818e-02
8.17183e-04
-1.01062e-02
-1.36169e-02
-4.88856e-04
2.35748e-02
3.82022e-02
2.76672e-02
7.14374e-03
-1.36484e-02
-2.19316e-02
-1.97096e-02
-1.12629e-02
-3.41947e-03
-5.09169e-03
-9.06721e-03
-9.63958e-03
-5.96063e-03
4.43318e-03
1.67666e-02
2.64745e-02
2.94379e-02
1.72330e-02
-8.56949e-04
-1.16517e-02
-1.21083e-02
-6.44329e-03
-9.64799e-04
1.58394e-03
6.15206e-03
1.21086e-02
1.82478e-02
2.02183e-02
1.23237e-02
4.34259e-04
-8.81710e-03
-1.14499e-02
-1.05845e-02
-1.04236e-02
-1.30297e-02
-1.50683e-02
-1.12458e-02
-6.70105e-03
-1.18990e-03
2.96839e-03
4.65753e-03
6.97721e-04
-7.04374e-03
-1.21946e-02
-1.24772e-02
-9.84471e-03
-3.19966e-03
1.55907e-03
4.62860e-03
6.13122e-03
3.90650e-03
5.63386e-03
7.52470e-03
8.76755e-03
9.87265e-03
9.18425e-03
3.09717e-03
-4.08504e-03
-9.06396e-03
-8.60005e-03
-6.49519e-03
-6.87044e-03
-8.02125e-03
-9.61622e-03
-1.04811e-02
-3.95203e-03
6.14201e-03
1.60903e-02
1.87707e-02
1.39233e-02
8.09293e-03
6.85915e-03
1.10146e-02
1.95699e-02
2.80119e-02
2.89842e-02
2.32562e-02
1.22522e-02
-5.38097e-03
-2.46262e-02
-3.84897e-02
-4.21584e-02
-3.69889e-02
-2.69854e-02
-1.40625e-02
-4.52807e-03
-1.10330e-03
-1.95748e-03
1.09596e-03
8.08948e-03
1.63373e-02
2.35855e-02
1.56719e-02
-5.65639e-03
-2.78666e-02
-3.42476e-02
-1.07286e-02
4.57559e-02
7.27471e-02
5.35038e-02
-9.18206e-03
-5.41747e-02
-5.92450e-02
-4.79682e-02
-1.30511e-02
3.01832e-02
5.15708e-02
5.10050e-02
2.88768e-02
-2.95397e-02
-7.14204e-02
-7.71864e-02
-6.56875e-02
-2.26101e-02
3.72920e-02
6.11297e-02
6.10642e-02
5.23073e-02
2.87351e-02
4.98615e-04
-2.11841e-02
-3.37488e-02
-4.08645e-02
-3.69659e-02
-1.47957e-02
1.55534e-02
3.26140e-02
3.61985e-02
3.26473e-02
2.76180e-02
2.11428e-02
2.33838e-02
4.48770e-02
7.57411e-02
8.46805e-02
4.71102e-02
-4.27706e-02
-1.04082e-01
-1.16616e-01
-9.90856e-02
-1.87234e-02
9.26782e-02
1.23774e-01
9.29056e-02
1.27609e-02
-4.09421e-02
-4.44625e-02
-4.20847e-02
-4.04137e-02
-4.96343e-02
-7.58739e-02
-1.17412e-01
-1.46344e-01
-1.52651e-01
-1.18969e-01
-2.26230e-02
7.82824e-02
1.30571e-01
1.36054e-01
1.12572e-01
4.16830e-02
-5.45837e-02
-1.27374e-01
-1.61657e-01
-1.63685e-01
-1.43015e-01
-5.29856e-02
6.87978e-02
1.80690e-01
2.64362e-01
2.97602e-01
2.76647e-01
1.82505e-01
1.07296e-01
1.00488e-01
1.02641e-01
1.09153e-01
1.07285e-01
8.27890e-02
-2.17632e-02
-1.40351e-01
-2.38010e-01
-3.14943e-01
-3.33164e-01
-2.90768e-01
-2.36185e-01
-1.73131e-01
-7.79716e-02
2.22724e-02
1.45385e-01
2.48837e-01
2.70925e-01
2.39838e-01
1.17528e-01
-5.93101e-03
-4.17343e-02
-3.43113e-02
-3.37633e-03
2.74508e-02
3.77540e-02
2.02092e-02
-2.98797e-02
-1.12016e-01
-1.62197e-01
-1.75169e-01
-1.80339e-01
-1.78831e-01
-1.71453e-01
-1.52918e-01
-1.22080e-01
-5.86199e-02
-3.49761e-03
1.92745e-02
3.65276e-02
5.41402e-02
7.43043e-02
1.15202e-01
1.75858e-01
2.51919e-01
3.14583e-01
3.41887e-01
3.43124e-01
3.11803e-01
2.28385e-01
1.37392e-01
6.12515e-02
-8.80121e-03
-5.86169e-02
-9.42218e-02
-1.26969e-01
-1.76672e-01
-2.23567e-01
-2.45529e-01
-2.57143e-01
-2.57825e-01
-2.47436e-01
-2.29496e-01
-1.94332e-01
-1.22137e-01
-4.37821e-02
5.10134e-03
3.66043e-02
6.00937e-02
8.21195e-02
1.00059e-01
1.14936e-01
1.24429e-01
1.24881e-01
1.10116e-01
6.97943e-02
-1.48765e-02
-8.29565e-02
-1.03915e-01
-1.06700e-01
-8.47128e-02
-1.78591e-02
1.00753e-01
2.06113e-01
2.94168e-01
3.18959e-01
3.01680e-01
2.28296e-01
1.23284e-01
1.33320e-02
-1.02105e-01
-1.93979e-01
-3.23683e-01
-3.81970e-01
-3.39140e-01
-2.87793e-01
-2.18183e-01
-1.03371e-01
2.77507e-03
4.94341e-02
6.81629e-02
8.71341e-02
9.66541e-02
9.81934e-02
9.84101e-02
9.35288e-02
8.81585e-02
8.42578e-02
8.50212e-02
8.50624e-02
8.30030e-02
7.89126e-02
7.20237e-02
5.92241e-02
4.18675e-02
1.71381e-02
-4.41850e-03
-3.47107e-02
-6.40877e-02
-8.47379e-02
-9.94699e-02
-1.14560e-01
-1.16801e-01
-1.12550e-01
-8.70109e-02
-4.72976e-02
3.72342e-02
1.07387e-01
1.30518e-01
1.25153e-01
8.12624e-02
-3.43193e-03
-6.21811e-02
-8.69044e-02
-9.94302e-02
-1.00745e-01
-9.57688e-02
-8.38857e-02
-7.15847e-02
-5.53997e-02
-3.20493e-02
-2.83853e-03
2.62051e-02
5.02205e-02
6.55422e-02
7.63700e-02
7.97600e-02
8.25126e-02
8.27999e-02
7.94870e-02
7.63527e-02
6.77511e-02
5.28035e-02
2.65713e-02
-3.57213e-04
-2.54797e-02
-4.70309e-02
-5.64677e-02
-5.86124e-02
-5.41031e-02
-4.66422e-02
-3.71399e-02
-2.65670e-02
-1.45471e-02
-2.83728e-03
9.29831e-03
2.14983e-02
3.50614e-02
4.76658e-02
6.00853e-02
7.34092e-02
8.38811e-02
8.70797e-02
8.05788e-02
6.43323e-02
3.75718e-02
-7.08274e-03
-5.39019e-02
-8.08132e-02
-1.04588e-01
-1.22334e-01
-1.29697e-01
-1.32351e-01
-1.32560e-01
-1.20170e-01
-9.59830e-02
-5.34227e-02
-1.78319e-02
-3.40698e-03
-2.49457e-03
-6.17348e-03
-9.54333e-03
-1.01910e-02
-1.97903e-03
2.25327e-02
7.62915e-02
1.20617e-01
1.35571e-01
1.44536e-01
1.39699e-01
1.16547e-01
6.76427e-02
9.09382e-03
-1.86437e-02
-2.87712e-02
-3.04187e-02
-2.02664e-02
-8.09088e-03
5.96172e-03
1.52970e-02
2.19392e-02
2.75397e-02
3.28340e-02
3.18155e-02
2.85396e-02
1.56538e-02
-7.20728e-03
-4.31072e-02
-7.11634e-02
-8.60621e-02
-8.63327e-02
-7.30440e-02
-5.42924e-02
-2.81587e-02
-2.76962e-03
1.73707e-02
3.23217e-02
4.23476e-02
4.38678e-02
3.72753e-02
2.43417e-02
7.53246e-03
-1.06898e-02
-2.67110e-02
-3.87375e-02
-4.83929e-02
-5.42075e-02
-5.77133e-02
-6.32876e-02
-6.71402e-02
-6.95658e-02
-6.69001e-02
-5.82143e-02
-4.29701e-02
-1.92643e-02
1.48713e-02
5.80151e-02
8.49297e-02
1.03438e-01
1.11956e-01
1.11532e-01
1.05770e-01
9.18373e-02
7.98460e-02
6.01311e-02
3.86550e-02
1.94981e-02
4.03025e-03
-8.23380e-03
-1.76938e-02
-2.36391e-02
-2.61490e-02
-2.41553e-02
-2.07261e-02
-1.66411e-02
-1.45522e-02
-1.57895e-02
-1.96972e-02
-2.57275e-02
-3.20162e-02
-3.73060e-02
-4.23137e-02
-4.43136e-02
-4.17121e-02
-3.59345e-02
-2.34058e-02
-1.07315e-02
-5.00926e-04
9.30339e-03
1.42972e-02
1.67247e-02
1.78011e-02
1.72027e-02
1.46008e-02
1.17585e-02
7.80393e-03
4.55148e-03
2.76861e-03
2.20308e-03
2.53724e-03
3.21816e-03
3.47863e-03
1.94020e-03
7.49143e-05
-1.91661e-03
-3.03734e-03
-3.09293e-03
-2.44869e-03
-1.23008e-03
-3.80863e-04
2.16840e-06
2.28405e-04
2.11378e-04
1.87389e-04
2.32250e-04
3.51324e-04
6.63925e-04
1.18548e-03
1.84709e-03
2.54683e-03
