4.102373618891490552e-04
8.770747557891511378e-03
1.652664185123162502e-02
1.441153137685770823e-02
1.637610167274228257e-02
1.439999974758624131e-02
3.086290313884465942e-03
-2.375166186611071817e-02
-5.624534704992765338e-02
-6.935911585744063135e-02
-6.186914792396678436e-02
-2.874555622727870824e-02
2.149684395589641570e-02
5.158377327776468568e-02
5.554394443557342242e-02
3.170156708586049227e-02
-1.093939274754993606e-02
-4.522278679429864862e-02
-3.844624232508626893e-02
2.397719257919572050e-02
7.738352239115030284e-02
7.988343983987997166e-02
4.372220732710058178e-02
-2.702175237284992673e-03
-2.459885222992120452e-02
-3.039842308952239724e-02
-3.110436846692296933e-02
-3.508781254926138932e-02
-3.730901401293280906e-02
-2.818707592722842145e-02
1.277956122462716240e-02
5.005670600757337191e-02
4.906868998932647358e-02
5.018565058942705756e-03
-4.732287120628853039e-02
-4.679066904324474113e-02
1.544497502556796235e-03
4.005696632399241564e-02
3.645811955002299654e-02
-2.260206326073877382e-03
-2.812075158675191727e-02
-1.919373298006645315e-02
9.475924160007319396e-04
8.296902427827570342e-03
-2.885248588052322528e-03
-1.868480374155235060e-02
-2.029650618173001533e-02
-5.013050843491076262e-03
4.130916148554928877e-03
5.572747206264537859e-03
2.867489878974262274e-02
6.064441900667467272e-02
6.804667666902311507e-02
3.219777658784485352e-02
-3.985841263453641925e-02
-9.372069607901860333e-02
-7.755964182002363094e-02
-4.130154362136390089e-02
-1.770776024327891385e-02
-6.050617923274156235e-03
3.363839158283128770e-03
2.693984286069138132e-02
5.007886071350704099e-02
6.029881957184190372e-02
3.678212338822011568e-02
1.167336347851328712e-02
5.660101045212462094e-03
9.744436400376886576e-03
1.618355840823989741e-02
1.899601795455747519e-02
3.186245078636302640e-03
-1.471331062045890328e-02
-1.797089105665512776e-02
-1.432668654088460961e-02
-1.288180833750084305e-02
-1.658856320598629114e-02
-2.594749374538490166e-02
-2.033096129221991302e-02
7.057706557449435966e-03
3.435502992555631435e-02
2.880964413056316675e-02
4.151400515460790773e-03
-2.372657183636249500e-02
-2.758239922143000677e-02
-1.046002641316814107e-02
5.577576512826104387e-03
4.518679413323921368e-03
-1.871031310327408298e-02
-5.608781800521317473e-02
-6.695208044084295651e-02
-3.780110008384434533e-02
3.661998169179705911e-03
4.121047869445043643e-02
5.467942168352460386e-02
5.359558830933114359e-02
4.877585649449344557e-02
3.532117079251854280e-02
1.828126660571323392e-02
2.581316773653787033e-03
-2.344813540595323993e-03
-4.604111314059933582e-03
-1.225686391964954901e-02
-3.452723558934356340e-02
-5.568442064669856806e-02
-5.888084850342489157e-02
-3.629590796493768756e-02
-4.273286342427091294e-03
1.311034426306265446e-02
1.703368409586494478e-02
1.515081364615216038e-02
1.497665109982187354e-02
1.530687502895935505e-02
1.487929619330578650e-02
1.441942879569210918e-02
9.843678300773759868e-03
6.735184358892048855e-03
4.871833812546060710e-03
8.384263255641718658e-05
-5.507855583364188422e-03
-1.215839079453744087e-02
-1.699657321620949221e-02
-1.381587030848971734e-02
-2.342772791657585316e-03
1.094833849631810484e-02
2.094661051799178234e-02
2.543416152114896453e-02
2.639107708469402500e-02
2.636375061775375964e-02
2.333868976086767716e-02
1.693674852132236175e-02
8.177392815377815954e-03
-2.997014536724631854e-03
-1.183543528627409649e-02
-2.050770971905349974e-02
-2.893754038248308111e-02
-3.411391404078926298e-02
-3.124058146965078692e-02
-2.167100650222670427e-02
-1.010597045020295882e-02
-1.443068087031456953e-03
2.911456836396566789e-03
3.699968679380847246e-03
4.113101528547068175e-03
7.402187773686187341e-03
1.042661963261201120e-02
1.529219840988657771e-02
1.340073165471688567e-02
2.425430112502220334e-03
-1.098104639025172281e-02
-1.985040685057984367e-02
-1.640070248185474672e-02
-5.549117849557367275e-03
5.899707334874883594e-03
1.004348998615028042e-02
9.651973700218391405e-03
6.881971516218493914e-03
3.448089940627094112e-03
1.411219823643530998e-03
2.454203274751088487e-03
2.450974418555077177e-03
-8.783467294421253100e-04
-2.714678318961753593e-03
-2.603087091945072672e-03
8.365183650847109057e-04
7.459845920043524543e-03
1.357014177201408198e-02
1.815183280322379272e-02
1.812429667029677449e-02
1.334628838682310609e-02
4.544335541236381275e-03
-6.182777383591399507e-03
-1.580951428787083848e-02
-1.979596358268606929e-02
-1.739333115181022904e-02
-8.637609656302749211e-03
2.750782801880785199e-04
4.218046343783648719e-03
-1.817175107196541874e-03
-1.432431032636806434e-02
-2.274519524102947346e-02
-1.464488962011486345e-02
1.183564495226084937e-02
3.283844595470269273e-02
3.490798902128874892e-02
1.616608624267706906e-02
-1.840070632950073851e-02
-3.284145116717950008e-02
-3.200425488207095381e-02
-2.244970597703089751e-02
-1.004321043150127601e-02
-4.947292601178810562e-03
-3.702855081131826639e-03
-5.369210455190022088e-03
-9.641350623556190977e-03
-1.273853657988563946e-02
-5.458772775865087211e-03
2.148167811618787934e-02
5.484435892643771404e-02
6.769702369177975354e-02
5.847325782517519971e-02
2.483954878271474667e-02
-3.096941346011567245e-02
-5.893445310737165099e-02
-5.673414835371337617e-02
-2.920598273419039784e-02
1.017928365690459226e-02
2.589836201582223010e-02
2.558001915926746972e-02
8.300326972277885171e-03
-2.973510979609512994e-02
-6.773196802290541718e-02
-8.055297322424760653e-02
-7.625132606267893964e-02
-4.312221316167300783e-02
7.303854425898581408e-03
5.869333722260460656e-02
9.349006349358925105e-02
9.764564335105267723e-02
5.397571274331607050e-02
-9.858704363157793152e-03
-6.656867123973221612e-02
-1.262398906245572883e-01
-9.657215349887240952e-02
1.580643918673178480e-02
1.083588763875573263e-01
1.813960228732981184e-01
1.695925267056728747e-01
9.844237410071771111e-02
1.407313047423682482e-02
-1.086649887282181148e-01
-1.535146399547569762e-01
-5.329087374191539966e-02
3.370988768431438382e-02
8.086188111139844259e-02
1.098537948731130448e-01
8.705122104037524289e-02
4.301290729391194639e-02
2.631944120588642494e-02
4.177986162581193152e-02
5.967142905081181115e-02
6.771253897479954931e-02
3.655337779667155312e-02
-2.180966560813332039e-02
-9.791611247396526940e-02
-1.689097144754775071e-01
-2.016490583071078035e-01
-1.992623604912252544e-01
-1.732337260089665820e-01
-1.183270962844629320e-01
-5.376548764726411106e-02
-1.087118141319264909e-02
2.019363007089607434e-02
4.197638854406263165e-02
5.825730185881861783e-02
6.823677383034669475e-02
7.245776947567734994e-02
6.440603647502740614e-02
3.616123251277939682e-02
-1.440125774350676678e-03
-3.238731463987043480e-02
-5.798760151119078388e-02
-7.818584423379544568e-02
-9.936350666919008257e-02
-1.018033198683836182e-01
-9.355995215584056446e-02
-5.206956936907360806e-02
1.769545983872268177e-02
1.362556348117937854e-01
1.970573731971961839e-01
2.237017267938889720e-01
2.020711858271057593e-01
1.417775380162704657e-01
5.964543046845431629e-02
-6.855113303315313322e-03
-1.730478221673780945e-02
-1.098810514513910708e-02
-4.923250901364356960e-04
-5.057248433498810064e-03
-3.765622088699736164e-02
-9.584950473119376035e-02
-1.171410856860580774e-01
-9.761978454601967503e-02
-5.912231383150319541e-02
-4.082294606226687106e-02
-4.454451732714959783e-02
-4.626049365140623426e-02
-3.544655105259741229e-02
3.384512224577068684e-02
1.233912287511935019e-01
1.953926252623697513e-01
2.322665823527881035e-01
2.029238275065718966e-01
1.514109912209922748e-01
7.608988325287838195e-02
1.729968034439346297e-02
-4.199316182300295332e-03
-5.809739659958760780e-03
-1.977024455497758404e-02
-7.235223759567786794e-02
-1.777045037331834443e-01
-2.426981640804199702e-01
-2.479621781211892861e-01
-2.274379746778444900e-01
-1.706932731361311406e-01
-1.298789932679834391e-01
-1.136718124919026129e-01
-1.080108308495457692e-01
-1.031214200384434898e-01
-9.540571172589788762e-02
-5.892522780395447607e-02
-6.931131201246071988e-03
6.600047641562899192e-02
1.262748349556829242e-01
1.643103416127182081e-01
1.914683768769581962e-01
2.094283653023021052e-01
2.299162266412762556e-01
2.473492545532452180e-01
2.472556037458284728e-01
2.121071977263951913e-01
1.407956023116394562e-01
5.409053981539499456e-02
-6.313979369235801775e-02
-1.438762945436775909e-01
-1.668333223199908177e-01
-1.720211577189061924e-01
-1.603141079051877971e-01
-1.320469395710193450e-01
-8.372801515032503306e-02
-4.547620308362192859e-02
-3.225089197115586087e-02
-2.928132271209731713e-02
-2.291684179551871370e-02
-1.243249412788711289e-02
8.856361169149377759e-04
7.938024147167047767e-03
9.298896178524728925e-03
5.607565737798145614e-03
2.929984320759391764e-03
2.023863836938592092e-03
5.833487827391758453e-03
9.721233364509447930e-03
1.237092221644370098e-02
7.019477459197964904e-03
-4.610275494070500274e-03
-2.776445918659468937e-02
-4.679311514642352926e-02
-5.886889754217991544e-02
-5.898840715462966983e-02
-4.925669049078251760e-02
-1.205041281135915167e-02
3.237550345594995826e-02
1.000393300331603313e-01
1.585396347706267972e-01
1.894576800639877767e-01
1.780749136431154511e-01
1.215929934714670702e-01
5.804484032557460926e-02
5.695464708311628876e-03
-2.560699618289647567e-02
-3.434517562417887387e-02
-3.442072526807254951e-02
-3.537491517378980876e-02
-4.503143163705453089e-02
-7.060991324575247030e-02
-9.280445571690380813e-02
-1.052830763618767956e-01
-9.343345367716568428e-02
-7.204402859514953683e-02
-2.398837476515593148e-02
1.308287801879788603e-02
1.664510313374760811e-02
1.037979422890362644e-02
2.097309832098503274e-03
-5.213498515694084227e-03
-7.152475583462224000e-03
-3.870399171146913109e-03
2.268865531326815562e-03
5.086091484409928885e-03
3.935821947880373088e-03
-7.761275720333463005e-04
-2.825514748426120448e-03
2.674226761250690556e-03
2.409495497508919518e-02
5.200771790298118480e-02
7.035202408204511981e-02
7.192312120945476561e-02
5.540095223260722151e-02
2.214743751279394171e-02
-1.239524347090716181e-04
-5.266208544764028679e-03
-1.145950417202425131e-03
1.528360210442966660e-02
4.195549183404949367e-02
6.075400442908473336e-02
6.823908015620099021e-02
6.863045666480836748e-02
5.643181000081417403e-02
2.011891909094941366e-02
-3.535269057919388641e-02
-9.465930081305382049e-02
-1.535831308437632658e-01
-2.076259367028406022e-01
-2.258508031581170361e-01
-2.124007301078507104e-01
-1.603196989981678922e-01
-9.547350372828168619e-02
-3.273787616972304720e-02
2.681425293462576243e-02
6.345051868472736945e-02
8.767323013441198631e-02
1.111802816826430867e-01
1.303584294910274943e-01
1.422758441781223904e-01
1.441900946371860170e-01
1.380329034928448328e-01
1.216321311223278190e-01
8.953646187003214130e-02
4.246735639637815030e-02
-7.566985239274797055e-03
-3.760072928916981250e-02
-4.575757483784574642e-02
-4.522977566052377441e-02
-4.603125883922190575e-02
-5.318883629502847016e-02
-7.327756348388531071e-02
-9.136195372803659898e-02
-9.741920408535838238e-02
-8.682198622819091438e-02
-5.343093062106704649e-02
-3.991593100356924904e-04
4.318546240101045486e-02
6.060968434153576195e-02
5.761935814978858678e-02
4.750178618165189909e-02
3.481734342634879020e-02
2.435340324809457530e-02
1.330344663686304843e-02
8.446534053707644134e-04
-1.072476466577613682e-02
-1.806055821032357192e-02
-2.266049018238087617e-02
-2.753606303835738275e-02
-3.301456538357601389e-02
-3.544340606279609840e-02
-3.710661644705298690e-02
-3.732627651250888801e-02
-3.670119231733308396e-02
-2.880803669133138317e-02
-7.559017931778146300e-03
3.031658346602610077e-02
6.977474373184922030e-02
8.654732378554323702e-02
8.760194369891564914e-02
8.461630004753929735e-02
7.878758561577929587e-02
7.195876442720293420e-02
6.724288716447068825e-02
6.277238899490282520e-02
5.555652439477865717e-02
4.064927273657233803e-02
1.966611044822311888e-02
-7.344948959302355883e-03
-3.470650000801819846e-02
-5.471101135886219380e-02
-6.531116453984422976e-02
-7.236062423514802444e-02
-7.645959427618786997e-02
-7.887983864995103123e-02
-7.882322883352746445e-02
-7.071754178561950877e-02
-5.711427278769830307e-02
-3.438487238433762805e-02
-1.047763835605547422e-02
4.495182845075028528e-03
1.070708283422655387e-02
1.135530017660753635e-02
6.791661386857340485e-03
3.754111426026943837e-04
-5.822382518960024338e-03
-7.688591511592090567e-03
-6.720367962494770177e-03
1.628909028823939112e-03
1.428733922403711484e-02
2.374907598560741656e-02
2.856768958184910043e-02
2.688295348961880493e-02
1.613477612198847833e-02
4.498376756939913637e-03
-1.374758908547018014e-03
-3.741098157115747922e-03
-5.837156982159952788e-03
-7.840739129313212263e-03
-1.216978264648440645e-02
-1.561375614490489658e-02
-1.848492216751357678e-02
-2.065140080864221253e-02
-1.998123842631431557e-02
-1.702019558405043834e-02
-1.453383653579751709e-02
-9.920416051925708134e-03
-4.796829300217945839e-03
-3.554481451172276582e-03
-4.529141746062944479e-03
-7.961856180994748497e-03
-1.107868085141681426e-02
-9.320980995796146473e-03
-1.801834545832377331e-03
8.533335772223780979e-03
2.110434922869301039e-02
3.281468380953724701e-02
4.303673932773964539e-02
5.193300692303452759e-02
5.766506533490094177e-02
6.044558576256966326e-02
6.126405188619486047e-02
6.184832110261589272e-02
6.337454970886019501e-02
6.024472574725937835e-02
5.737607571649173954e-02
5.337173492414017811e-02
4.578077787371317986e-02
3.258866387581647872e-02
8.823303831904504707e-03
-2.510694280448829557e-02
-6.139404479798232089e-02
-8.256297115059554881e-02
-8.929814153175513747e-02
-8.727067143984437725e-02
-8.114493019351629033e-02
-7.107886616945882641e-02
-5.785404427762851076e-02
-4.248077501953040347e-02
-2.212060026648943536e-02
-3.929056725374445620e-03
6.221530646809756218e-03
9.715851937516097048e-03
8.434163760489160958e-03
5.850883115426111676e-03
3.350839867104383508e-03
2.730473156630551599e-03
3.840724445155002924e-03
6.426793647841880057e-03
7.843464787141013472e-03
9.462575425517318409e-03
1.036770349033414897e-02
1.054536046977700044e-02
1.057667059046559291e-02
9.614373599927183295e-03
6.368709180644808315e-03
1.843949453705022012e-03
-3.463528346118409981e-03
-9.486407459345017404e-03
-1.312970342250627080e-02
-1.236582034409935450e-02
-8.392999338423133213e-03
-2.931801425977926048e-03
4.221617654424691078e-03
1.002126539155436154e-02
1.091192650328516936e-02
9.715642271529344176e-03
7.729546267671363706e-03
5.887770351362358115e-03
4.462195396492406145e-03
3.490344625824241213e-03
2.615457385163556282e-03
1.703515175777222052e-03
6.724819870280179671e-04
-2.863680946881565193e-04
-8.695617245971343874e-04
-1.046680561340651832e-03
-8.925900388089440859e-04
-5.648282872425763705e-04
-1.746468747596882502e-04
