3.27252e-04
3.28834e-04
3.32713e-04
3.39622e-04
3.42447e-04
3.37031e-04
3.32810e-04
3.25338e-04
3.04244e-04
2.81844e-04
2.89047e-04
3.18545e-04
3.45507e-04
3.52798e-04
3.52104e-04
3.54439e-04
3.44882e-04
2.59951e-04
1.22654e-04
4.88371e-05
4.29427e-05
9.01961e-06
-3.28899e-05
-3.65695e-05
-4.23725e-05
-1.04233e-07
8.85360e-05
1.12649e-04
1.78795e-05
-1.57504e-04
-1.08511e-04
1.06384e-04
1.40236e-04
8.32231e-05
1.84174e-04
4.93776e-04
6.13052e-04
5.72762e-04
5.13517e-04
3.45581e-04
9.38596e-05
2.21250e-05
4.38106e-04
7.88693e-04
9.67814e-04
1.16310e-03
1.24269e-03
1.15107e-03
8.63638e-04
5.43067e-04
4.71680e-05
-4.14118e-04
-7.22661e-04
-6.83827e-04
-6.91416e-04
-8.59919e-04
-8.88850e-04
-9.82391e-04
-1.37975e-03
-1.22350e-03
-2.39907e-04
5.43681e-04
9.09439e-04
7.28584e-04
-3.56107e-04
-6.30786e-04
2.97419e-04
6.12712e-04
-8.80607e-05
-8.88908e-04
-1.49089e-03
-1.60976e-03
-7.70229e-04
1.39644e-04
4.23350e-04
8.20146e-04
1.32071e-03
1.29877e-03
2.96607e-04
-3.22230e-04
-4.30752e-04
-7.72111e-04
-1.33974e-03
-2.06639e-03
-3.57922e-03
-4.45190e-03
-4.25055e-03
-3.95954e-03
-2.67285e-03
-5.50804e-04
9.31564e-04
8.84871e-04
-2.47283e-04
-6.24152e-04
-9.88043e-05
4.95860e-04
6.40725e-04
-8.93576e-04
-2.80326e-03
-2.87638e-03
-1.65238e-03
-3.09478e-04
4.88831e-04
4.32872e-04
-6.26253e-04
-4.30934e-04
1.30073e-03
2.68566e-03
2.31831e-03
1.62430e-03
1.75097e-03
2.32770e-03
2.14498e-03
1.76478e-03
1.01082e-03
-1.92996e-04
-5.77505e-04
-4.78029e-04
-7.84590e-04
7.49165e-04
3.65104e-03
6.23117e-03
8.22288e-03
8.24444e-03
5.04774e-03
8.41489e-04
-2.41596e-03
-4.77995e-03
-6.84380e-03
-7.51537e-03
-6.00424e-03
-3.66429e-03
-2.87417e-03
-3.70693e-03
-4.66657e-03
-4.68501e-03
-3.47625e-03
-2.77819e-03
-2.53475e-03
-6.48050e-04
2.59303e-03
6.12672e-03
8.10982e-03
7.05701e-03
2.56845e-03
-2.78548e-03
-5.86855e-03
-7.04279e-03
-7.29251e-03
-6.92348e-03
-5.57436e-03
-4.57970e-03
-2.77404e-03
2.71945e-05
2.05452e-03
2.39851e-03
2.54659e-03
4.52634e-03
5.28513e-03
4.88320e-03
4.84402e-03
5.27255e-03
5.88367e-03
5.79740e-03
2.72655e-03
-2.58274e-03
-6.01603e-03
-6.72686e-03
-6.39503e-03
-3.25051e-03
1.84766e-03
3.62460e-03
2.15372e-03
-2.96996e-04
-2.23290e-03
-2.83799e-03
-5.96250e-04
9.96057e-04
-1.84918e-03
-3.73151e-03
-4.68520e-04
1.40093e-03
6.20661e-04
-1.51977e-03
-4.35211e-03
-5.35659e-03
-4.28508e-03
-3.65732e-03
-3.12972e-03
-1.61707e-03
-9.50903e-05
3.80440e-04
8.78682e-04
1.25716e-03
2.34748e-03
4.45996e-03
6.88425e-03
7.79353e-03
5.58503e-03
4.28747e-03
4.66434e-03
4.63160e-03
2.71961e-03
3.93495e-04
7.61632e-04
2.52199e-03
2.36589e-03
-5.19677e-04
-4.47901e-03
-6.71595e-03
-5.54100e-03
-1.76888e-03
2.27259e-03
4.76924e-03
5.04542e-03
4.73912e-03
1.98352e-03
-4.94643e-03
-1.24467e-02
-1.58056e-02
-1.58920e-02
-1.31790e-02
-7.13797e-03
1.47737e-04
5.63787e-03
6.68579e-03
6.48888e-03
6.68146e-03
6.47595e-03
6.35097e-03
6.26412e-03
5.24081e-03
2.11301e-03
-7.23624e-04
2.66037e-04
1.06872e-03
7.80629e-04
1.65102e-03
2.45215e-03
2.46859e-03
2.33969e-03
6.08092e-04
-2.71219e-03
-3.93281e-03
-2.57421e-03
-1.91318e-03
-1.50973e-03
-1.83616e-03
-2.90340e-03
-5.44907e-03
-4.32764e-03
-9.31884e-04
2.50642e-03
4.73926e-03
6.26851e-03
6.31589e-03
3.96357e-03
2.29681e-03
1.98934e-04
-1.88392e-03
-2.01372e-03
5.02624e-04
5.92478e-03
8.97423e-03
8.23311e-03
4.54515e-03
1.02871e-03
-1.00514e-03
-2.21495e-03
-2.18075e-03
-4.07931e-04
3.72536e-04
2.38369e-04
-3.80029e-04
-1.82071e-03
-3.13935e-03
-2.09810e-03
7.16706e-04
2.60793e-03
4.94212e-03
8.78061e-03
9.98481e-03
8.46631e-03
4.69394e-03
4.28461e-04
-2.60997e-03
-3.22662e-03
-1.88052e-03
-1.14713e-03
2.40453e-04
1.00937e-03
1.26932e-03
4.34662e-03
8.80476e-03
1.10149e-02
1.30061e-02
1.63623e-02
1.66194e-02
1.11406e-02
4.32943e-03
1.43213e-04
-2.81709e-03
-3.82611e-03
-3.46798e-03
-3.36386e-03
-4.75834e-03
-5.64719e-03
-4.32248e-03
-4.60120e-03
-6.77219e-03
-7.53296e-03
-7.42145e-03
-6.86958e-03
-4.19596e-03
-1.25197e-03
2.68988e-04
-5.76044e-04
-4.34205e-03
-1.02015e-02
-1.36633e-02
-1.09056e-02
-7.51385e-03
-6.57565e-03
-6.62451e-03
-5.77278e-03
-2.72538e-03
-1.98716e-04
2.58173e-03
3.56244e-03
3.45640e-03
5.68740e-03
1.08017e-02
1.28765e-02
1.14777e-02
6.10929e-03
7.37270e-04
-3.22680e-03
-6.09214e-03
-9.09020e-03
-1.15704e-02
-1.09131e-02
-8.21796e-03
-3.26503e-03
4.08280e-03
8.46367e-03
9.10331e-03
8.86553e-03
8.44139e-03
7.55341e-03
7.75871e-03
6.74502e-03
3.95717e-03
5.07367e-04
-3.19051e-03
-5.19380e-03
-5.04809e-03
-4.77719e-03
-4.82231e-03
-3.84096e-03
-3.69849e-04
4.15249e-03
7.41996e-03
8.22674e-03
6.28504e-03
3.77583e-03
3.10105e-03
4.06923e-03
1.96313e-03
-2.76177e-03
-5.49476e-03
-5.70781e-03
-4.90910e-03
-4.17147e-03
-3.83738e-03
-3.89904e-03
-3.85459e-03
-2.83282e-03
-2.62068e-03
-4.89853e-03
-6.66399e-03
-4.34282e-03
-2.75869e-03
-2.86732e-03
-5.80293e-03
-1.26727e-02
-1.92539e-02
-2.06047e-02
-1.64260e-02
-1.04340e-02
-4.34084e-03
4.89348e-04
6.04725e-03
1.13994e-02
1.46512e-02
1.37781e-02
8.95356e-03
2.03879e-03
-3.60096e-03
-7.11927e-03
-9.92179e-03
-1.14427e-02
-1.03278e-02
-6.18813e-03
-2.40644e-03
-8.87657e-04
1.58366e-03
2.19207e-03
3.73677e-04
7.96627e-05
2.45169e-03
4.51997e-03
3.62516e-03
5.69754e-04
-4.63641e-03
-1.10123e-02
-1.50445e-02
-1.47460e-02
-1.36993e-02
-1.38669e-02
-1.24259e-02
-7.12030e-03
-2.19552e-03
-1.20038e-03
-1.44738e-03
7.86111e-04
3.84288e-03
5.64028e-03
5.57554e-03
2.06774e-03
-1.57260e-03
-2.82629e-03
-3.30445e-03
-4.51774e-03
-7.33717e-03
-9.22359e-03
-9.43176e-03
-8.36399e-03
-1.94330e-03
7.35517e-03
1.66379e-02
2.38064e-02
2.60748e-02
2.30152e-02
1.52905e-02
5.98674e-03
-1.35767e-03
-3.14470e-03
-4.24499e-04
5.15555e-03
8.83965e-03
8.20136e-03
4.36836e-03
2.92873e-04
-1.83708e-03
-2.03838e-03
-2.13567e-05
2.92552e-03
5.69697e-03
5.18748e-03
2.47193e-03
1.18851e-03
1.95178e-03
1.92304e-03
3.97630e-04
-1.22102e-03
-2.51616e-03
-2.21914e-03
-2.36018e-04
1.16618e-03
9.50509e-04
3.99548e-04
6.11988e-04
1.57167e-03
4.28618e-03
7.81235e-03
8.32639e-03
6.34723e-03
2.64915e-03
-4.74137e-03
-1.26674e-02
-1.40887e-02
-1.13135e-02
-8.91182e-03
-6.63742e-03
-3.29609e-03
7.92995e-04
4.58379e-03
6.94196e-03
5.62590e-03
2.37486e-03
1.27989e-03
1.97571e-03
4.32918e-03
5.95411e-03
4.85406e-03
2.29725e-03
-2.22602e-04
-1.44621e-03
-7.42998e-04
1.65339e-03
6.10574e-03
9.96496e-03
1.06691e-02
8.88067e-03
4.37355e-03
1.68847e-03
2.22450e-03
3.20268e-03
2.86390e-03
6.05447e-04
-3.00298e-03
-5.78153e-03
-4.05087e-03
1.99336e-03
5.35822e-03
4.53874e-03
3.02567e-03
1.23945e-04
-3.74683e-03
-3.04836e-03
8.01715e-04
1.81481e-03
-9.08118e-05
-3.34635e-03
-7.50409e-03
-1.06339e-02
-1.27400e-02
-1.22177e-02
-1.19774e-02
-1.08666e-02
-5.77205e-03
9.20161e-04
7.73034e-03
1.18185e-02
1.39162e-02
1.52351e-02
1.50355e-02
1.31676e-02
8.55549e-03
4.84698e-03
3.84221e-03
3.07514e-03
1.06508e-03
-1.29208e-03
-3.25271e-03
-4.53061e-03
-5.83386e-03
-6.85414e-03
-3.80328e-03
2.43819e-03
8.05108e-03
1.26939e-02
1.44708e-02
1.24917e-02
9.57241e-03
6.72896e-03
4.42277e-03
6.37525e-04
-6.21639e-03
-1.27149e-02
-1.67415e-02
-1.85470e-02
-1.74329e-02
-1.51411e-02
-1.21089e-02
-1.04030e-02
-8.24185e-03
-7.01885e-03
-7.01929e-03
-5.98137e-03
-5.30912e-03
-2.65984e-03
4.33525e-03
1.18053e-02
1.58313e-02
1.58124e-02
1.08810e-02
4.06424e-03
-1.79911e-03
-6.02294e-03
-3.18031e-03
3.16697e-03
8.95154e-03
1.38202e-02
1.47368e-02
1.37455e-02
1.42703e-02
1.70483e-02
2.05956e-02
2.67814e-02
3.55295e-02
4.30398e-02
4.54193e-02
4.15542e-02
2.98203e-02
1.16523e-02
-6.50469e-03
-1.79862e-02
-2.57342e-02
-3.33437e-02
-4.04291e-02
-4.64879e-02
-5.24246e-02
-5.53877e-02
-5.65042e-02
-5.87288e-02
-5.88094e-02
-5.52162e-02
-4.81348e-02
-3.82086e-02
-2.73470e-02
-1.94919e-02
-1.54697e-02
-1.16310e-02
-4.87274e-03
6.25861e-03
2.21704e-02
4.09435e-02
5.97737e-02
7.85659e-02
9.57546e-02
1.05967e-01
1.08945e-01
1.05554e-01
9.76445e-02
8.47537e-02
6.28448e-02
3.44243e-02
6.10386e-03
-2.14578e-02
-4.40457e-02
-5.98633e-02
-7.41367e-02
-8.63294e-02
-8.80712e-02
-7.58491e-02
-5.77663e-02
-3.64556e-02
-1.56643e-02
2.26857e-03
2.14005e-02
3.84236e-02
4.91441e-02
5.25331e-02
4.73909e-02
3.59056e-02
1.74885e-02
-5.72628e-03
-2.53343e-02
-4.30714e-02
-5.79589e-02
-6.78978e-02
-7.06364e-02
-6.43890e-02
-5.17741e-02
-3.42249e-02
-1.26863e-02
7.65535e-03
2.23332e-02
3.13868e-02
3.77039e-02
4.07537e-02
3.97993e-02
3.62267e-02
3.06885e-02
2.32944e-02
1.48924e-02
3.74666e-03
-9.31072e-03
-1.68510e-02
-1.76836e-02
-1.68736e-02
-1.51497e-02
-1.24975e-02
-1.23107e-02
-1.21035e-02
-9.44691e-03
-4.52335e-03
4.41247e-04
5.62653e-03
1.14551e-02
1.60274e-02
1.37458e-02
4.68109e-03
-6.64491e-03
-1.77067e-02
-2.78189e-02
-3.39580e-02
-3.75139e-02
-3.96634e-02
-3.95856e-02
-3.59919e-02
-2.67102e-02
-1.42704e-02
-3.42619e-04
1.68703e-02
3.42590e-02
4.75385e-02
5.53272e-02
5.82508e-02
5.99010e-02
5.85640e-02
5.29954e-02
4.56694e-02
3.81645e-02
3.35787e-02
3.38506e-02
3.71015e-02
3.87331e-02
3.95362e-02
3.94424e-02
3.70374e-02
3.13957e-02
2.36449e-02
1.45924e-02
4.01428e-03
-9.54265e-03
-2.94797e-02
-5.23754e-02
-7.23169e-02
-8.74206e-02
-9.66202e-02
-1.02378e-01
-1.01024e-01
-9.39022e-02
-8.37024e-02
-6.85845e-02
-5.23844e-02
-3.86545e-02
-2.69767e-02
-1.42787e-02
5.68972e-03
2.74599e-02
4.11634e-02
4.85785e-02
4.82101e-02
4.06870e-02
2.98294e-02
2.06704e-02
1.39516e-02
1.15749e-02
1.44982e-02
1.96136e-02
2.42687e-02
2.94795e-02
3.15842e-02
2.65236e-02
1.56305e-02
3.99281e-03
-5.08691e-03
-1.57584e-02
-2.91324e-02
-4.15989e-02
-5.32620e-02
-6.33864e-02
-7.17639e-02
-7.38250e-02
-6.83382e-02
-5.54760e-02
-3.90827e-02
-2.15654e-02
-4.01127e-03
1.33377e-02
2.83592e-02
3.94180e-02
4.97608e-02
5.93756e-02
6.57060e-02
6.74599e-02
6.68204e-02
6.38761e-02
5.56349e-02
4.07031e-02
2.21889e-02
7.16939e-03
-3.40182e-04
-5.82052e-03
-1.12869e-02
-1.66668e-02
-2.23815e-02
-2.41182e-02
-2.39457e-02
-2.61102e-02
-3.15621e-02
-3.88426e-02
-4.28504e-02
-4.17593e-02
-3.63832e-02
-2.63865e-02
-1.29767e-02
7.58422e-04
1.29070e-02
2.18032e-02
2.63654e-02
2.66601e-02
2.26802e-02
1.17471e-02
-4.14458e-03
-2.18819e-02
-3.38104e-02
-3.78445e-02
-3.86380e-02
-3.78259e-02
-3.45533e-02
-3.06530e-02
-2.53161e-02
-1.58150e-02
-4.62489e-03
5.22897e-03
1.02410e-02
1.29529e-02
1.61988e-02
2.06881e-02
2.68671e-02
3.36068e-02
4.20957e-02
4.83997e-02
4.83035e-02
4.18965e-02
3.23980e-02
2.57706e-02
2.12872e-02
1.45829e-02
9.05517e-03
6.41936e-03
3.38152e-03
4.69831e-04
-2.86872e-03
-9.44326e-03
-1.77495e-02
-2.15732e-02
-2.12540e-02
-1.65959e-02
-7.96623e-03
2.12771e-03
9.81069e-03
1.19842e-02
1.00613e-02
6.84442e-03
4.78791e-03
7.07930e-03
1.08278e-02
1.30913e-02
1.61163e-02
1.71676e-02
1.48766e-02
1.16605e-02
9.44027e-03
5.24233e-03
1.45709e-03
-1.88302e-03
-4.48732e-03
-6.19061e-03
-7.95843e-03
-9.96926e-03
-9.58794e-03
-6.80526e-03
-3.71924e-03
-3.02101e-03
-7.91606e-03
-1.45247e-02
-1.97202e-02
-2.37607e-02
-2.67630e-02
-2.88236e-02
-2.63441e-02
-2.03164e-02
-1.45784e-02
-1.14411e-02
-8.41908e-03
-6.11507e-03
-6.34207e-03
-8.68278e-03
-1.12148e-02
-1.21045e-02
-1.17991e-02
-1.02024e-02
-7.36107e-03
-6.18148e-03
-5.79534e-03
-2.25803e-03
2.56791e-03
4.57780e-03
3.53909e-03
-1.55600e-03
-5.63932e-03
-7.54231e-03
-7.62928e-03
-5.18523e-03
-1.08397e-03
4.50262e-03
9.01917e-03
1.26861e-02
1.62984e-02
1.71477e-02
1.68479e-02
1.77253e-02
2.17518e-02
2.70682e-02
3.33872e-02
4.32670e-02
5.29107e-02
5.68009e-02
5.51096e-02
4.77765e-02
3.31829e-02
1.30014e-02
-1.15271e-02
-3.02218e-02
-3.99519e-02
-4.64081e-02
-4.93842e-02
-5.04939e-02
-4.94858e-02
-4.63880e-02
-4.03924e-02
-3.25757e-02
-2.60503e-02
-2.27173e-02
-1.88405e-02
-8.82203e-03
6.65180e-03
2.45237e-02
4.30331e-02
5.83258e-02
7.15077e-02
8.16365e-02
8.72535e-02
8.47828e-02
7.29962e-02
5.73220e-02
4.08287e-02
2.48256e-02
1.39490e-02
7.96047e-03
1.41416e-03
-6.25148e-03
-1.35349e-02
-1.80606e-02
-1.73172e-02
-1.13967e-02
-3.83186e-03
1.75366e-03
4.21509e-03
1.68112e-03
-8.30269e-03
-2.52275e-02
-4.63214e-02
-6.60266e-02
-8.06000e-02
-9.15812e-02
-9.87928e-02
-1.00754e-01
-9.81843e-02
-9.30129e-02
-8.51757e-02
-7.24299e-02
-5.66414e-02
-4.21203e-02
-2.76320e-02
-1.15783e-02
1.68574e-03
1.09895e-02
1.47484e-02
1.53821e-02
1.63243e-02
1.68461e-02
1.73079e-02
1.90277e-02
2.10819e-02
2.21534e-02
2.44740e-02
2.77409e-02
3.28049e-02
4.16952e-02
5.07213e-02
5.70976e-02
5.89717e-02
5.36659e-02
4.60489e-02
3.98999e-02
3.23959e-02
2.59955e-02
2.09070e-02
1.79346e-02
1.79272e-02
1.99991e-02
2.39108e-02
2.75360e-02
2.61119e-02
2.04296e-02
1.16613e-02
1.83244e-03
-6.25176e-03
-9.11481e-03
-9.14484e-03
-8.44044e-03
-7.58576e-03
-5.47123e-03
-1.79409e-03
3.22936e-03
8.84380e-03
1.45580e-02
1.86440e-02
1.87562e-02
1.62273e-02
1.26125e-02
9.49008e-03
6.30341e-03
3.19873e-03
2.30218e-04
-4.32362e-03
-7.36608e-03
-9.72068e-03
-9.65870e-03
-7.75206e-03
-5.06655e-03
-2.73343e-03
-2.60439e-03
-6.93801e-04
3.52486e-03
4.88472e-03
3.65280e-03
-9.90547e-04
-7.49072e-03
-1.50837e-02
-2.19382e-02
-2.56601e-02
-2.65591e-02
-2.34076e-02
-1.44170e-02
-4.97326e-03
-2.25441e-04
-1.18700e-03
-5.29307e-03
-1.05159e-02
-1.80986e-02
-2.46860e-02
-2.92236e-02
-3.11232e-02
-2.87293e-02
-2.57108e-02
-2.21098e-02
-1.61665e-02
-9.93316e-03
-9.85572e-04
1.11580e-02
2.42638e-02
3.35833e-02
4.02770e-02
4.49787e-02
4.65887e-02
4.63053e-02
4.61351e-02
4.52281e-02
4.37604e-02
4.35635e-02
4.38131e-02
4.16704e-02
3.62291e-02
2.99495e-02
2.24897e-02
1.24866e-02
2.29722e-03
-8.26672e-03
-1.62544e-02
-1.95181e-02
-2.06426e-02
-2.44502e-02
-2.81523e-02
-3.00209e-02
-3.11782e-02
-2.97960e-02
-2.74302e-02
-2.31290e-02
-2.13916e-02
-2.62100e-02
-3.42997e-02
-4.33407e-02
-5.08768e-02
-5.01825e-02
-4.59922e-02
-4.13573e-02
-3.57400e-02
-2.67413e-02
-1.23821e-02
8.69465e-03
3.12087e-02
4.99356e-02
6.13670e-02
6.85834e-02
7.34280e-02
7.58445e-02
7.47659e-02
6.89537e-02
6.07156e-02
5.23043e-02
4.25873e-02
3.08087e-02
1.51410e-02
-9.50395e-04
-1.62039e-02
-3.17427e-02
-4.34817e-02
-5.00630e-02
-5.22031e-02
-5.06801e-02
-4.88245e-02
-4.61511e-02
-3.99650e-02
-2.82327e-02
-1.30428e-02
1.11833e-03
1.41365e-02
2.37966e-02
3.23329e-02
3.98385e-02
4.34401e-02
4.14988e-02
3.57913e-02
2.68707e-02
9.72017e-03
-1.58552e-02
-4.27798e-02
-6.55060e-02
-8.16095e-02
-9.17513e-02
-9.89060e-02
-1.04660e-01
-1.09236e-01
-1.08150e-01
-9.83574e-02
-8.16553e-02
-5.80194e-02
-2.62398e-02
9.55222e-03
4.36770e-02
7.39926e-02
1.02503e-01
1.29468e-01
1.54173e-01
1.67878e-01
1.70222e-01
1.67157e-01
1.60853e-01
1.53060e-01
1.47820e-01
1.45795e-01
1.45255e-01
1.38439e-01
1.15837e-01
7.52775e-02
2.67397e-02
-1.80666e-02
-5.61096e-02
-8.98345e-02
-1.19823e-01
-1.46439e-01
-1.69155e-01
-1.85472e-01
-1.92196e-01
-1.92870e-01
-1.90597e-01
-1.85006e-01
-1.71444e-01
-1.51902e-01
-1.29519e-01
-1.02288e-01
-7.33617e-02
-4.38099e-02
-1.06981e-02
1.84108e-02
4.16696e-02
6.58873e-02
8.71126e-02
9.93536e-02
1.03983e-01
1.02659e-01
9.36312e-02
7.97584e-02
6.28806e-02
4.28202e-02
2.17369e-02
-9.91474e-04
-2.60553e-02
-4.68191e-02
-5.61732e-02
-5.50898e-02
-4.55951e-02
-2.39695e-02
4.41097e-03
2.56582e-02
3.76316e-02
4.34148e-02
4.10930e-02
3.16128e-02
1.93969e-02
2.93732e-03
-1.91486e-02
-4.18920e-02
-6.09295e-02
-7.56749e-02
-8.91170e-02
-1.01377e-01
-1.11626e-01
-1.17143e-01
-1.17718e-01
-1.16136e-01
-1.15660e-01
-1.15045e-01
-1.10530e-01
-9.83854e-02
-7.83080e-02
-5.38816e-02
-3.12686e-02
-1.13108e-02
8.16261e-03
2.51593e-02
3.81789e-02
5.39260e-02
7.69005e-02
1.03251e-01
1.30198e-01
1.62718e-01
1.92389e-01
2.14659e-01
2.33553e-01
2.47757e-01
2.54140e-01
2.48857e-01
2.29773e-01
1.99267e-01
1.61577e-01
1.21208e-01
8.12542e-02
3.98775e-02
-9.19867e-03
-5.91032e-02
-1.06388e-01
-1.46274e-01
-1.72789e-01
-1.85033e-01
-1.85202e-01
-1.77476e-01
-1.63928e-01
-1.48703e-01
-1.36096e-01
-1.25821e-01
-1.14374e-01
-1.01694e-01
-8.45206e-02
-6.45906e-02
-4.17573e-02
-1.37396e-02
2.35261e-02
6.37472e-02
9.63572e-02
1.20251e-01
1.31461e-01
1.30755e-01
1.24323e-01
1.11323e-01
8.87398e-02
6.14880e-02
3.19640e-02
6.73378e-03
-9.25776e-03
-1.70010e-02
-1.94287e-02
-1.89273e-02
-1.92594e-02
-2.30160e-02
-2.84164e-02
-3.48837e-02
-4.46259e-02
-5.53547e-02
-6.72700e-02
-8.30413e-02
-1.03012e-01
-1.19349e-01
-1.24860e-01
-1.23174e-01
-1.21554e-01
-1.21332e-01
-1.18507e-01
-1.11511e-01
-1.02015e-01
-8.97736e-02
-7.42131e-02
-5.45707e-02
-3.41862e-02
-1.87577e-02
-7.49376e-03
4.35740e-03
1.75175e-02
2.74497e-02
3.51595e-02
4.04611e-02
4.29144e-02
4.12681e-02
4.02780e-02
3.97607e-02
4.35895e-02
5.47280e-02
7.33909e-02
9.51849e-02
1.15230e-01
1.31651e-01
1.46076e-01
1.58981e-01
1.67627e-01
1.70416e-01
1.65509e-01
1.48348e-01
1.21189e-01
9.06144e-02
5.95302e-02
2.53335e-02
-9.25724e-03
-3.70417e-02
-5.50979e-02
-6.36134e-02
-6.78747e-02
-6.94892e-02
-7.14582e-02
-7.15257e-02
-6.64301e-02
-5.76143e-02
-4.80454e-02
-3.56071e-02
-1.94686e-02
-2.29906e-03
9.64047e-03
1.79328e-02
2.54910e-02
3.28828e-02
4.15126e-02
5.06797e-02
5.94422e-02
6.47295e-02
6.70287e-02
6.46567e-02
5.34150e-02
3.26034e-02
6.61065e-03
-1.93938e-02
-4.14186e-02
-5.06248e-02
-5.06339e-02
-5.06754e-02
-5.15624e-02
-5.09967e-02
-4.74616e-02
-4.16338e-02
-3.38727e-02
-2.01754e-02
-3.21020e-03
1.02744e-02
1.85636e-02
2.28451e-02
2.88329e-02
3.64995e-02
4.21743e-02
4.54444e-02
4.53845e-02
3.98735e-02
2.78916e-02
8.58281e-03
-1.51684e-02
-3.26993e-02
-4.70280e-02
-5.93336e-02
-7.03553e-02
-8.13246e-02
-9.19194e-02
-1.01461e-01
-1.09358e-01
-1.14520e-01
-1.16240e-01
-1.14014e-01
-1.02787e-01
-8.43785e-02
-6.41138e-02
-4.41359e-02
-2.45472e-02
-7.20456e-03
8.90413e-03
2.26011e-02
3.31337e-02
4.21850e-02
5.00837e-02
5.69120e-02
6.26032e-02
6.74444e-02
7.40428e-02
8.19898e-02
8.93304e-02
9.39924e-02
9.57538e-02
9.32667e-02
8.94708e-02
8.32391e-02
7.50761e-02
6.63670e-02
5.79800e-02
5.19812e-02
4.73695e-02
4.13481e-02
3.36757e-02
2.49342e-02
1.59677e-02
5.51144e-03
-4.71708e-03
-1.09546e-02
-1.33456e-02
-1.32868e-02
-1.18701e-02
-1.13502e-02
-1.47256e-02
-2.09544e-02
-2.34825e-02
-2.44428e-02
-2.78237e-02
-3.19177e-02
-3.60284e-02
-4.47270e-02
-5.42941e-02
-6.03133e-02
-6.37436e-02
-6.38744e-02
-5.99236e-02
-5.16162e-02
-4.23956e-02
-3.47593e-02
-2.61639e-02
-1.65402e-02
-9.78456e-03
-4.94721e-03
3.73246e-04
5.28999e-03
1.04939e-02
1.49941e-02
1.79155e-02
2.14251e-02
2.43991e-02
2.77387e-02
3.35672e-02
3.83343e-02
3.86854e-02
3.70531e-02
3.22580e-02
2.73271e-02
2.32876e-02
1.94336e-02
1.43732e-02
1.02285e-02
1.11919e-02
1.50568e-02
1.89836e-02
2.43397e-02
3.25870e-02
3.88862e-02
4.01749e-02
3.84953e-02
3.15956e-02
2.17764e-02
1.56870e-02
1.25492e-02
1.42292e-02
2.05550e-02
2.68921e-02
3.11477e-02
3.16480e-02
2.94719e-02
2.21022e-02
7.10323e-03
-1.43613e-02
-3.78030e-02
-6.04374e-02
-7.84607e-02
-8.74457e-02
-9.22823e-02
-9.77350e-02
-1.01700e-01
-1.02224e-01
-9.87899e-02
-8.98304e-02
-7.57527e-02
-6.29314e-02
-5.47669e-02
-4.47041e-02
-3.36301e-02
-2.48165e-02
-1.70698e-02
-9.38042e-03
-2.13061e-03
4.50440e-03
1.02755e-02
1.43071e-02
1.56376e-02
1.91432e-02
2.49974e-02
3.08662e-02
3.72192e-02
4.32363e-02
4.56908e-02
4.81204e-02
4.96409e-02
4.76790e-02
4.10977e-02
3.31508e-02
2.58791e-02
1.89587e-02
1.35523e-02
1.02370e-02
8.23655e-03
8.34507e-03
8.03032e-03
7.29137e-03
8.11295e-03
1.40323e-02
2.42726e-02
3.38635e-02
4.32754e-02
4.75409e-02
4.88542e-02
4.89989e-02
4.54455e-02
3.63090e-02
2.08667e-02
5.53058e-03
-7.04947e-03
-1.64664e-02
-2.02942e-02
-2.07669e-02
-2.10050e-02
-2.00582e-02
-2.00681e-02
-2.24662e-02
-2.65261e-02
-3.16941e-02
-3.74399e-02
-4.24139e-02
-4.26053e-02
-3.72394e-02
-2.71297e-02
-1.60977e-02
-8.61934e-03
-3.47236e-03
1.45589e-03
3.77437e-03
4.16905e-03
3.73045e-03
1.51432e-03
-1.36339e-03
-2.86683e-03
-3.35034e-03
-2.93087e-03
-4.19581e-03
-6.51114e-03
-7.52353e-03
-9.89339e-03
-1.42987e-02
-1.67215e-02
-1.70550e-02
-1.59841e-02
-1.29996e-02
-1.04292e-02
-8.21263e-03
-6.22364e-03
-4.88389e-03
-4.09376e-04
7.95571e-03
1.66550e-02
2.38144e-02
2.77854e-02
2.95617e-02
2.99128e-02
2.68778e-02
2.28266e-02
2.15847e-02
1.97164e-02
1.55208e-02
1.24598e-02
6.74247e-03
2.05649e-04
-6.50457e-03
-1.33709e-02
-1.92645e-02
-2.34284e-02
-2.53734e-02
-2.76366e-02
-3.10814e-02
-3.28756e-02
-3.24806e-02
-3.22269e-02
-3.42910e-02
-3.71347e-02
-3.84278e-02
-3.82556e-02
-3.64294e-02
-3.42024e-02
-3.15551e-02
-2.90684e-02
-2.86323e-02
-2.70708e-02
-2.26746e-02
-1.73664e-02
-1.02375e-02
-2.34253e-03
5.31805e-03
1.15933e-02
1.59305e-02
1.79635e-02
1.69426e-02
1.36125e-02
1.17272e-02
9.03583e-03
3.50242e-03
-2.12352e-03
-6.33795e-03
-8.97390e-03
-9.05069e-03
-5.10417e-03
2.09887e-03
9.86954e-03
1.62962e-02
1.89682e-02
1.54592e-02
1.02695e-02
8.96775e-03
9.70375e-03
1.01926e-02
1.26757e-02
1.74808e-02
2.03571e-02
2.01989e-02
1.99728e-02
2.21903e-02
2.69020e-02
3.26343e-02
3.94265e-02
4.62695e-02
4.98624e-02
4.96094e-02
4.91358e-02
4.87271e-02
4.55874e-02
4.01960e-02
3.38796e-02
3.02399e-02
3.04814e-02
3.22128e-02
3.48128e-02
3.61245e-02
3.59105e-02
3.47908e-02
3.11916e-02
2.45322e-02
1.66815e-02
9.04422e-03
-3.92131e-04
-1.21834e-02
-2.18741e-02
-2.65947e-02
-2.79081e-02
-2.89063e-02
-3.19152e-02
-3.49062e-02
-3.69855e-02
-4.10460e-02
-4.46082e-02
-4.56863e-02
-4.61504e-02
-4.66569e-02
-4.70438e-02
-4.64464e-02
-4.77703e-02
-5.15846e-02
-5.37976e-02
-5.24456e-02
-4.78402e-02
-4.22937e-02
-3.51941e-02
-2.73649e-02
-1.98405e-02
-1.18304e-02
-4.00054e-03
2.66466e-03
6.71646e-03
1.09119e-02
1.59746e-02
2.13250e-02
2.49571e-02
2.76618e-02
2.98321e-02
3.02200e-02
2.86109e-02
2.50239e-02
1.91163e-02
1.47150e-02
1.31315e-02
1.26659e-02
1.32356e-02
1.34984e-02
1.34979e-02
1.22984e-02
9.32507e-03
6.54449e-03
4.90047e-03
3.80332e-03
1.48807e-03
-1.87478e-03
-3.13852e-03
-3.26199e-03
-9.10327e-04
3.76964e-03
5.45727e-03
4.73014e-03
4.68309e-03
5.13347e-03
6.01546e-03
8.84643e-03
1.36282e-02
1.86109e-02
2.30304e-02
2.66860e-02
2.58572e-02
2.10514e-02
1.72594e-02
1.48630e-02
1.12953e-02
7.30253e-03
5.06311e-03
2.89793e-03
6.77480e-04
-1.04243e-03
-1.88671e-03
-5.03008e-03
-8.50317e-03
-1.02510e-02
-1.11148e-02
-1.17867e-02
-1.09043e-02
-1.00255e-02
-8.77877e-03
-8.40530e-03
-8.86727e-03
-8.36398e-03
-9.36413e-03
-1.06219e-02
-1.25902e-02
-1.47657e-02
-1.66333e-02
-1.71357e-02
-1.80668e-02
-1.84316e-02
-1.71009e-02
-1.73904e-02
-1.84275e-02
-1.83909e-02
-1.84116e-02
-1.62830e-02
-1.36169e-02
-1.30256e-02
-1.04869e-02
-5.83842e-03
-2.03947e-03
-7.22277e-04
-1.57981e-03
-3.38459e-03
-4.42728e-03
-7.28792e-03
-1.26699e-02
-1.99553e-02
-2.71933e-02
-3.44191e-02
-4.00782e-02
-4.46911e-02
-4.54378e-02
-3.89079e-02
-3.09694e-02
-2.61366e-02
-2.55048e-02
-2.65200e-02
-2.63516e-02
-2.40717e-02
-1.92385e-02
-1.42511e-02
-8.60073e-03
-4.28561e-03
-3.88942e-04
3.00169e-03
5.04811e-03
4.63865e-03
3.03208e-03
2.13198e-03
3.90056e-03
8.59677e-03
1.38724e-02
1.94719e-02
2.38298e-02
2.64982e-02
2.52888e-02
2.09255e-02
1.70646e-02
1.58767e-02
1.48913e-02
1.27936e-02
1.20182e-02
1.21674e-02
1.05216e-02
1.03447e-02
1.24509e-02
1.56894e-02
2.12040e-02
2.79074e-02
3.28162e-02
3.56641e-02
3.86847e-02
4.33765e-02
4.67118e-02
4.68501e-02
4.68726e-02
4.77122e-02
4.70519e-02
4.37724e-02
3.90278e-02
3.04345e-02
2.09900e-02
1.45784e-02
1.10159e-02
8.45804e-03
8.15463e-03
1.07367e-02
1.35224e-02
1.40977e-02
1.39582e-02
1.27708e-02
8.47596e-03
4.02454e-03
2.68663e-03
3.56963e-04
-1.20757e-03
-3.25974e-03
-5.21629e-03
-3.75092e-03
-1.34890e-03
5.89222e-04
1.58994e-03
-4.42813e-05
-3.16737e-03
-5.36677e-03
-5.39200e-03
-6.66615e-03
-8.43249e-03
-9.45517e-03
-1.05135e-02
-1.30935e-02
-1.71574e-02
-1.95834e-02
-1.94646e-02
-1.85446e-02
-1.56518e-02
-1.25564e-02
-8.28611e-03
-3.18183e-03
4.00430e-04
6.37578e-04
1.49676e-04
4.17773e-04
1.53381e-03
3.97368e-03
5.72628e-03
5.69602e-03
6.24613e-03
7.56996e-03
6.62624e-03
4.19034e-03
1.75014e-03
2.22203e-03
3.93233e-03
2.09921e-03
-1.78110e-03
-7.62023e-03
-1.27160e-02
-1.43709e-02
-1.46666e-02
-1.37161e-02
-1.31637e-02
-1.27895e-02
-1.20796e-02
-1.19774e-02
-1.23612e-02
-1.32648e-02
-1.32214e-02
-1.30405e-02
-1.31198e-02
-1.24539e-02
-1.03922e-02
-6.09619e-03
-2.33199e-03
7.05539e-04
1.94250e-03
2.07817e-03
2.01052e-03
1.00725e-03
-1.91253e-03
-3.67788e-03
-3.31775e-03
-2.92426e-03
-1.88278e-03
7.27337e-04
3.06298e-03
4.30503e-03
4.33247e-03
4.56302e-03
6.21464e-03
6.48120e-03
6.94979e-03
1.02755e-02
1.53103e-02
1.86638e-02
2.10502e-02
2.11268e-02
1.76760e-02
1.38749e-02
9.49704e-03
6.11307e-03
2.52666e-03
1.77114e-03
5.45022e-03
7.93805e-03
7.58150e-03
7.25073e-03
7.25818e-03
4.27983e-03
-1.26453e-03
-7.07907e-03
-1.35304e-02
-1.72287e-02
-1.77671e-02
-1.92459e-02
-2.11417e-02
-2.12708e-02
-2.08128e-02
-2.01206e-02
-1.93287e-02
-1.61652e-02
-1.17020e-02
-8.48092e-03
-5.83417e-03
-2.23829e-03
2.33994e-03
7.20566e-03
1.05033e-02
1.46251e-02
1.79605e-02
1.82266e-02
1.77460e-02
1.79078e-02
1.80968e-02
1.79545e-02
1.74269e-02
1.26075e-02
6.16113e-03
2.94526e-03
4.40784e-04
-4.68798e-03
-1.13189e-02
-1.76263e-02
-2.20016e-02
-2.65177e-02
-3.00194e-02
-3.19947e-02
-3.31682e-02
-3.31722e-02
-3.33689e-02
-3.44003e-02
-3.70405e-02
-3.57301e-02
-2.99799e-02
-2.39402e-02
-1.84282e-02
-1.44139e-02
-1.09475e-02
-7.52188e-03
-2.62578e-03
1.83409e-03
7.25129e-03
1.18022e-02
1.57979e-02
1.94588e-02
2.21231e-02
2.39555e-02
2.42415e-02
2.28175e-02
1.90770e-02
1.42199e-02
9.08977e-03
5.94806e-03
5.00024e-03
2.25776e-03
-1.29996e-04
-9.92527e-04
-3.48422e-03
-4.63773e-03
-4.16628e-03
-3.25730e-03
-1.97464e-03
-1.60281e-04
4.93016e-04
3.17632e-04
-1.27495e-03
-3.16826e-03
-3.78970e-03
-3.66708e-03
-3.64985e-03
-3.64703e-03
-5.71334e-03
-5.22337e-03
-1.54051e-03
1.46829e-03
1.65700e-03
2.41371e-03
6.37325e-03
1.06601e-02
1.24368e-02
1.42221e-02
1.61907e-02
1.78152e-02
2.05627e-02
2.15184e-02
2.11853e-02
2.10237e-02
1.99394e-02
1.54175e-02
9.91819e-03
4.32121e-03
5.44774e-04
-1.89048e-03
-3.45350e-03
-6.20758e-03
-8.05810e-03
-1.13725e-02
-1.59320e-02
-1.81866e-02
-2.04898e-02
-2.21486e-02
-2.51028e-02
-2.67862e-02
-2.87574e-02
-3.30787e-02
-3.58658e-02
-3.65328e-02
-3.84968e-02
-3.78372e-02
-3.46031e-02
-3.08310e-02
-2.65825e-02
-2.20434e-02
-1.66200e-02
-1.19342e-02
-7.42783e-03
-5.50527e-03
-5.75842e-03
-5.76490e-03
-4.31942e-03
-2.15091e-03
-4.24089e-04
1.72714e-03
3.89399e-03
4.52075e-03
6.75028e-03
9.27247e-03
9.45366e-03
8.88429e-03
6.36597e-03
2.44103e-03
-3.33271e-03
-4.20464e-03
-1.79253e-04
3.00163e-03
5.28763e-03
7.44612e-03
1.02888e-02
1.42544e-02
1.94095e-02
2.51593e-02
3.09124e-02
3.47040e-02
3.49080e-02
3.25147e-02
2.81642e-02
2.40782e-02
2.02912e-02
1.71647e-02
1.59518e-02
1.63841e-02
1.66308e-02
1.65323e-02
1.66213e-02
1.68979e-02
1.92400e-02
2.17035e-02
2.15466e-02
2.10006e-02
2.17138e-02
2.22080e-02
2.35879e-02
2.45149e-02
2.28220e-02
2.10193e-02
1.85373e-02
1.63823e-02
1.33881e-02
1.05470e-02
8.96352e-03
7.44571e-03
2.60987e-03
-1.26371e-03
-1.12194e-03
-4.41680e-04
-5.08132e-04
-2.72250e-03
-6.16746e-03
-9.33879e-03
-1.01805e-02
-1.24041e-02
-1.71664e-02
-2.01498e-02
-2.29740e-02
-2.75145e-02
-3.31411e-02
-3.80615e-02
-4.14380e-02
-4.27303e-02
-4.19187e-02
-3.86042e-02
-3.60425e-02
-3.11986e-02
-2.19240e-02
-1.30675e-02
-7.45091e-03
-4.72988e-03
-3.97736e-03
-3.05776e-03
-2.63501e-03
-2.01572e-03
-2.24123e-03
-9.27871e-04
1.98524e-03
3.05002e-03
2.76902e-03
3.16239e-03
5.04859e-03
7.42476e-03
8.49033e-03
8.35427e-03
9.33713e-03
1.24533e-02
1.39109e-02
1.58426e-02
1.84137e-02
1.75323e-02
1.51203e-02
1.62509e-02
1.54241e-02
1.40082e-02
1.42228e-02
1.67856e-02
2.14806e-02
2.51905e-02
2.62509e-02
2.57077e-02
2.49709e-02
2.44124e-02
2.21774e-02
1.92727e-02
1.62529e-02
1.52832e-02
1.57223e-02
1.40574e-02
9.46294e-03
2.68495e-03
-4.90209e-03
-9.43164e-03
-1.17910e-02
-1.22211e-02
-1.14215e-02
-9.06078e-03
-6.51144e-03
-5.57565e-03
-6.18999e-03
-6.65167e-03
-8.28927e-03
-1.05879e-02
-1.13640e-02
-1.38289e-02
-1.81231e-02
-2.01898e-02
-1.98682e-02
-1.95262e-02
-1.94923e-02
-1.93127e-02
-1.92068e-02
-1.84846e-02
-1.49438e-02
-1.12169e-02
-9.34865e-03
-8.97238e-03
-8.94050e-03
-8.79076e-03
-8.71987e-03
-8.56267e-03
-8.21070e-03
-5.82608e-03
-3.12616e-03
-2.76774e-03
-7.95706e-04
4.00792e-03
1.07082e-02
1.53482e-02
1.95407e-02
2.33233e-02
2.82061e-02
3.16188e-02
3.16952e-02
3.13260e-02
3.16961e-02
3.18817e-02
3.18230e-02
3.19272e-02
3.20516e-02
3.20403e-02
3.08769e-02
2.66730e-02
2.12774e-02
1.49823e-02
7.15428e-03
1.26761e-05
-6.22011e-03
-1.16886e-02
-1.49944e-02
-1.40738e-02
-9.69921e-03
-5.14193e-03
-1.92218e-03
2.75785e-04
2.99902e-03
5.31310e-03
5.52961e-03
5.23728e-03
5.33603e-03
6.65774e-03
8.61748e-03
7.12102e-03
4.47223e-03
-3.27221e-04
-5.18763e-03
-8.60803e-03
-1.18152e-02
-1.32808e-02
-1.39105e-02
-1.69938e-02
-1.91647e-02
-1.86361e-02
-2.01634e-02
-2.20348e-02
-2.18684e-02
-2.14887e-02
-2.15684e-02
-2.14551e-02
-2.11570e-02
-2.00046e-02
-1.70167e-02
-1.37838e-02
-1.13180e-02
-1.19566e-02
-1.45832e-02
-1.19817e-02
-5.32236e-03
-9.13780e-04
-2.24548e-04
-7.30879e-04
-1.14491e-03
-1.03579e-03
-7.91619e-04
-2.51693e-03
-5.59880e-03
-8.56415e-03
-1.05228e-02
-1.32508e-02
-1.51730e-02
-1.48509e-02
-1.41110e-02
-1.16336e-02
-8.65591e-03
-5.53639e-03
-2.20719e-03
1.57237e-03
5.27847e-03
8.49931e-03
8.25827e-03
3.62167e-03
7.97872e-05
-4.03402e-04
-1.90300e-03
-2.43200e-03
-9.42820e-04
1.85568e-04
-9.57862e-04
-2.84049e-03
-3.66411e-03
-3.67328e-03
-2.34066e-03
7.89143e-04
1.23287e-03
-2.05299e-03
-3.89070e-03
-3.33657e-03
-2.98805e-03
-3.16862e-03
-4.60032e-03
-7.46598e-03
-8.24242e-03
-7.76781e-03
-7.97538e-03
-1.08759e-02
-1.21087e-02
-9.09603e-03
-6.99298e-03
-7.17482e-03
-7.44960e-03
-6.08206e-03
-2.82783e-03
-1.54308e-03
-9.26520e-04
-7.17023e-04
3.08557e-04
2.43089e-03
2.94427e-03
4.27654e-03
6.50425e-03
4.60280e-03
2.60963e-03
2.25870e-03
9.72783e-04
-1.29276e-03
-1.68501e-03
-1.14539e-03
2.35791e-03
5.18076e-03
5.23427e-03
7.22086e-03
1.00288e-02
1.10712e-02
1.05296e-02
8.87879e-03
5.96885e-03
4.21188e-03
4.69093e-03
5.01054e-03
4.55721e-03
1.83325e-03
-2.23584e-03
-4.43212e-03
-5.67595e-03
-8.81711e-03
-1.15311e-02
-1.31364e-02
-1.27083e-02
-1.20877e-02
-1.07551e-02
-9.30523e-03
-7.18086e-03
-4.84976e-03
-3.15994e-03
-1.44055e-03
-3.21380e-03
-3.48433e-03
2.77137e-04
9.41769e-04
-3.02019e-04
-4.52367e-04
-4.24458e-05
8.05619e-04
3.08555e-03
5.09930e-03
5.10609e-03
4.78860e-03
4.84421e-03
3.96147e-03
1.89537e-03
9.68354e-05
8.32850e-04
4.06751e-03
5.22387e-03
4.72971e-03
4.78236e-03
7.37119e-03
1.07561e-02
1.30044e-02
1.35943e-02
1.11955e-02
9.06407e-03
9.23079e-03
9.91306e-03
1.18811e-02
1.42221e-02
1.46562e-02
1.42238e-02
1.42750e-02
1.60648e-02
1.71680e-02
1.87617e-02
2.03620e-02
2.09391e-02
2.00519e-02
1.89537e-02
1.84472e-02
1.87948e-02
1.62671e-02
1.37656e-02
1.20974e-02
8.63993e-03
4.68899e-03
1.53055e-03
-2.27781e-03
-5.02194e-03
-5.13576e-03
-4.83565e-03
-4.92081e-03
-4.19386e-03
-9.31452e-04
1.96553e-03
1.35590e-03
-1.87339e-03
-4.97703e-03
-5.30402e-03
-4.83283e-03
-4.78003e-03
-4.76282e-03
-4.72299e-03
-4.77891e-03
-6.39694e-03
-9.09823e-03
-1.04365e-02
-1.20723e-02
-1.34741e-02
-1.37951e-02
-1.35270e-02
-1.35137e-02
-1.36878e-02
-1.40657e-02
-1.39830e-02
-1.38590e-02
-1.38840e-02
-1.39066e-02
-1.38968e-02
-1.37018e-02
-1.10853e-02
-8.02230e-03
-5.25597e-03
-3.91705e-03
-1.63947e-03
1.78240e-03
3.97935e-03
5.48431e-03
5.85176e-03
5.66991e-03
5.63924e-03
5.68607e-03
5.68350e-03
5.67133e-03
5.67248e-03
5.44849e-03
4.14921e-03
2.15569e-04
-4.70472e-03
-4.97131e-03
-3.84575e-03
-3.79538e-03
-3.98208e-03
-4.09690e-03
-5.03928e-03
-4.94556e-03
-4.38794e-03
-3.47729e-03
-5.02820e-04
4.16582e-03
8.22317e-03
1.23310e-02
1.53205e-02
1.56095e-02
1.54443e-02
1.56148e-02
1.56664e-02
1.56190e-02
1.56107e-02
1.65148e-02
1.97170e-02
2.10274e-02
2.03468e-02
1.75595e-02
1.52621e-02
1.53164e-02
1.55876e-02
1.56891e-02
1.52596e-02
1.42692e-02
1.47337e-02
1.53838e-02
1.53280e-02
1.56961e-02
1.58491e-02
1.54423e-02
1.23184e-02
6.90261e-03
2.35177e-03
-6.31650e-05
-3.00713e-03
-6.29278e-03
-1.13042e-02
-1.83323e-02
-2.43152e-02
-2.76595e-02
-3.06965e-02
-3.26320e-02
-3.41503e-02
-3.54434e-02
-3.58037e-02
-3.66117e-02
-3.77242e-02
-3.72393e-02
-3.42078e-02
-3.16564e-02
-3.02899e-02
-3.03023e-02
-3.18943e-02
-3.10682e-02
-2.80641e-02
-2.68072e-02
-2.59969e-02
-2.26040e-02
-1.82686e-02
-1.39668e-02
-9.65251e-03
-4.37050e-03
-6.09245e-04
9.77790e-04
2.35105e-03
5.47207e-03
7.94607e-03
1.05198e-02
1.34186e-02
1.60884e-02
1.64586e-02
1.53728e-02
1.32309e-02
1.30497e-02
1.53821e-02
1.66977e-02
1.64209e-02
1.62278e-02
1.63219e-02
1.63419e-02
1.63068e-02
1.59463e-02
1.56370e-02
1.60705e-02
1.61792e-02
1.70241e-02
2.01055e-02
2.16495e-02
2.14246e-02
2.12466e-02
2.04883e-02
1.74529e-02
1.52558e-02
1.57963e-02
1.64391e-02
1.62604e-02
1.61138e-02
1.48014e-02
1.17917e-02
1.07843e-02
9.39727e-03
6.83377e-03
6.34112e-03
5.16968e-03
2.21342e-03
1.02095e-03
-1.18940e-03
-3.75238e-03
-6.76781e-03
-1.05790e-02
-1.30130e-02
-1.43927e-02
-1.70931e-02
-1.75769e-02
-1.44272e-02
-1.20623e-02
-1.23134e-02
-1.28163e-02
-1.27663e-02
-1.23931e-02
-1.19268e-02
-1.19420e-02
-1.26749e-02
-1.47639e-02
-1.78612e-02
-2.08476e-02
-2.25823e-02
-2.22839e-02
-2.09145e-02
-1.86414e-02
-1.74347e-02
-1.87120e-02
-2.15661e-02
-2.01174e-02
-1.72810e-02
-1.55279e-02
-1.34055e-02
-1.14527e-02
-8.37652e-03
-6.21654e-03
-5.06946e-03
-6.28541e-03
-8.13020e-03
-6.28077e-03
-3.17307e-03
-6.36595e-04
2.39900e-03
5.91213e-03
9.54225e-03
1.12403e-02
1.09865e-02
1.05750e-02
1.00266e-02
1.09223e-02
1.42267e-02
1.61990e-02
1.58735e-02
1.50327e-02
1.27170e-02
9.93092e-03
7.94337e-03
6.07606e-03
5.85084e-03
6.14125e-03
6.11906e-03
6.04219e-03
5.43960e-03
4.25899e-03
2.40808e-03
1.10761e-03
1.21172e-03
1.40666e-03
1.33289e-03
1.28872e-03
1.30254e-03
1.29944e-03
1.28539e-03
1.27714e-03
1.27055e-03
1.26649e-03
1.35086e-03
1.45715e-03
1.41096e-03
3.59276e-04
-2.85405e-04
1.10289e-03
1.69219e-03
1.41069e-03
1.32691e-03
1.39055e-03
-6.62834e-05
-3.32314e-03
-4.21496e-03
-3.58636e-03
-3.25863e-03
-3.33769e-03
-3.38313e-03
-3.36397e-03
-3.19069e-03
-9.77514e-04
2.51762e-03
5.81961e-03
6.58991e-03
6.13905e-03
6.07779e-03
5.88284e-03
4.34328e-03
3.42087e-03
2.91278e-03
1.99463e-03
1.33900e-03
-2.68616e-04
-1.64653e-03
1.85863e-04
1.87893e-03
4.00518e-03
6.38487e-03
6.03662e-03
5.67373e-03
6.24870e-03
6.53427e-03
6.62787e-03
6.53567e-03
6.42528e-03
6.42236e-03
6.43367e-03
6.42273e-03
6.57744e-03
7.98079e-03
8.56182e-03
6.52796e-03
2.66007e-03
3.30932e-04
1.25962e-03
3.70450e-03
7.05025e-03
1.02673e-02
1.12306e-02
8.75939e-03
6.79238e-03
6.54399e-03
6.20311e-03
4.44705e-03
3.15719e-03
2.43383e-03
1.82936e-03
1.38986e-03
-4.02494e-04
-2.61493e-03
-4.35161e-03
-6.83456e-03
-9.20405e-03
-1.18998e-02
-1.24585e-02
-1.20479e-02
-1.19876e-02
-1.19614e-02
-1.19000e-02
-1.19026e-02
-1.19184e-02
-1.17738e-02
-1.09314e-02
-8.04042e-03
-7.25860e-03
-9.67484e-03
-1.16406e-02
-1.17282e-02
-1.13640e-02
-1.12819e-02
-1.06905e-02
-9.10168e-03
-6.70458e-03
-5.60876e-03
-3.21331e-03
-1.26747e-03
-3.39080e-04
2.62687e-03
4.00575e-03
3.56526e-03
3.85821e-03
4.11014e-03
3.04623e-03
1.21473e-03
2.40063e-04
6.19417e-04
9.26521e-04
2.04916e-03
2.18090e-03
2.20407e-03
2.21365e-03
8.96661e-04
-9.40011e-04
-1.45023e-03
4.82653e-04
3.87511e-03
4.74966e-03
4.19561e-03
2.36872e-03
-5.13312e-04
-1.04561e-03
-4.21144e-04
-1.57024e-04
-2.30658e-04
-2.58484e-04
-2.35847e-04
-1.74902e-04
-5.13772e-05
-2.06252e-05
-4.27731e-05
-4.81164e-05
-4.44367e-04
-1.69215e-03
-3.63868e-03
-3.47975e-03
-1.93749e-03
-4.89473e-04
-2.48834e-04
-2.99661e-03
-5.05042e-03
-6.12639e-03
-5.78319e-03
-4.90308e-03
-3.73205e-03
-1.63380e-03
9.29487e-04
1.76475e-03
4.42504e-03
6.96472e-03
8.17239e-03
9.98592e-03
9.35668e-03
5.19526e-03
2.66485e-03
2.79560e-03
2.00193e-03
9.00109e-04
-1.31834e-03
-3.86499e-03
-4.03355e-03
-2.94415e-03
-2.05015e-03
-5.16690e-04
9.99297e-04
2.20246e-03
2.93676e-03
3.16996e-03
3.58654e-03
3.61298e-03
3.24679e-03
1.97693e-03
-2.30230e-03
-5.99105e-03
-6.99653e-03
-7.36703e-03
-8.94124e-03
-9.86199e-03
-1.06654e-02
-1.27988e-02
-1.31526e-02
-1.22195e-02
-9.84438e-03
-6.87794e-03
-5.78445e-03
-5.15982e-03
-1.92652e-03
3.51133e-04
1.32890e-03
1.44864e-03
1.35289e-03
2.35327e-03
2.29129e-03
1.58293e-03
3.08389e-03
6.34177e-03
1.00475e-02
1.32959e-02
1.44316e-02
1.41529e-02
1.41432e-02
1.43464e-02
1.39219e-02
1.23873e-02
1.10186e-02
1.09779e-02
1.16365e-02
1.18530e-02
1.12596e-02
1.04437e-02
8.45523e-03
6.12336e-03
4.39656e-03
1.94257e-04
-3.92742e-03
-8.46124e-04
5.13196e-03
6.42963e-03
5.51702e-03
5.45856e-03
4.31891e-03
1.70160e-03
1.06998e-04
5.55795e-05
1.12014e-04
1.17387e-03
1.78913e-03
3.07860e-03
5.15808e-03
6.49081e-03
6.56251e-03
6.46078e-03
6.50688e-03
5.78369e-03
3.43439e-03
2.75458e-03
3.71913e-03
2.68413e-03
1.75620e-03
8.36771e-04
2.11725e-04
1.15710e-03
2.50260e-03
4.72731e-03
7.21995e-03
6.44883e-03
2.91483e-03
1.40488e-03
1.86912e-03
2.57783e-03
2.98618e-03
5.25929e-03
7.16632e-03
4.95124e-03
2.97523e-03
4.39361e-03
6.57873e-03
7.53110e-03
8.03657e-03
8.16728e-03
7.63581e-03
7.45619e-03
6.90878e-03
4.61936e-03
3.39388e-03
5.07271e-03
6.93452e-03
7.34521e-03
6.51068e-03
5.66685e-03
4.60323e-03
2.60465e-03
-7.01047e-05
-2.38340e-03
-5.00789e-03
-5.99580e-03
-7.42348e-03
-9.85522e-03
-1.21954e-02
-1.49062e-02
-1.83269e-02
-2.00131e-02
-1.96118e-02
-1.92992e-02
-1.94647e-02
-2.05746e-02
-2.06561e-02
-1.97351e-02
-1.87196e-02
-1.77367e-02
-1.59353e-02
-1.47368e-02
-1.61972e-02
-1.78497e-02
-1.77169e-02
-1.46770e-02
-1.01749e-02
-7.82102e-03
-6.19019e-03
-6.57461e-03
-6.93770e-03
-4.85487e-03
-4.00082e-03
-4.76161e-03
-4.99475e-03
-2.90471e-03
-6.97995e-04
5.01295e-05
6.15437e-04
9.52819e-04
1.91654e-04
-1.22927e-03
-2.91288e-03
-7.22675e-03
-9.19506e-03
-8.49016e-03
-8.15618e-03
-8.35421e-03
-9.18982e-03
-1.16946e-02
-1.34519e-02
-1.33490e-02
-1.28326e-02
-1.04780e-02
-7.87294e-03
-7.30840e-03
-5.08109e-03
-1.94537e-03
1.02269e-03
1.91355e-03
2.37590e-03
3.62850e-03
3.43068e-03
3.04314e-03
4.08471e-03
8.24808e-03
1.17389e-02
1.30220e-02
1.32302e-02
1.15061e-02
9.07763e-03
7.62589e-03
6.97295e-03
5.73888e-03
4.59647e-03
4.05252e-03
4.43986e-03
4.64989e-03
4.55045e-03
3.74013e-03
4.13505e-03
5.52366e-03
3.95745e-03
1.47375e-03
1.09491e-03
2.52122e-03
2.87161e-03
3.12996e-03
3.56486e-03
4.61805e-03
5.04514e-03
5.59332e-03
6.37916e-03
4.37894e-03
3.24629e-03
5.40285e-03
5.91713e-03
3.80958e-03
2.62405e-03
3.46646e-03
3.40120e-03
1.89217e-03
-7.82592e-04
-2.26770e-03
-2.95203e-03
-2.84355e-03
1.63418e-05
2.95033e-03
3.23493e-03
1.06239e-04
-2.82125e-03
-3.94728e-03
-5.24736e-03
-6.35629e-03
-6.48029e-03
-6.30921e-03
-6.31029e-03
-6.33938e-03
-6.27275e-03
-6.00233e-03
-5.85458e-03
-5.88004e-03
-5.90045e-03
-5.99060e-03
-5.42886e-03
-1.94949e-03
1.95414e-03
4.89341e-03
7.90876e-03
8.27635e-03
8.60077e-03
1.16310e-02
1.36071e-02
1.35220e-02
1.32728e-02
1.33516e-02
1.24705e-02
9.86809e-03
8.36523e-03
7.51654e-03
4.97415e-03
1.97930e-03
-9.48435e-04
-4.29582e-03
-6.03378e-03
-3.91806e-03
5.65290e-04
3.05911e-03
3.76917e-03
3.43223e-03
3.25212e-03
4.23274e-03
6.67748e-03
9.65348e-03
1.17919e-02
1.29358e-02
1.32139e-02
1.35434e-02
1.36117e-02
1.37795e-02
1.39761e-02
1.39834e-02
1.35074e-02
1.02038e-02
6.54978e-03
4.78390e-03
4.30889e-03
4.39451e-03
4.17846e-03
2.01077e-03
7.84261e-04
1.08481e-03
3.82815e-04
-4.31105e-04
-1.37851e-03
-4.14218e-03
-5.37826e-03
-6.18927e-03
-8.52673e-03
-9.85191e-03
-9.07845e-03
-7.99107e-03
-9.71529e-03
-1.34526e-02
-1.52751e-02
-1.30200e-02
-9.69903e-03
-8.39317e-03
-6.40647e-03
-5.81584e-03
-5.78760e-03
-5.22597e-03
-4.74795e-03
-4.80228e-03
-4.86503e-03
-4.02742e-03
-2.62770e-03
-2.55917e-03
-3.30483e-03
-2.23365e-03
-8.27024e-04
-1.42158e-03
-2.18601e-03
-2.89318e-03
-2.56900e-03
-5.94947e-04
6.74172e-04
3.39855e-03
5.19563e-03
4.46755e-03
3.53848e-03
3.86987e-03
4.44424e-03
5.02037e-03
5.08034e-03
4.82406e-03
4.82424e-03
4.98747e-03
5.98853e-03
5.56179e-03
4.61519e-03
4.48682e-03
4.08228e-03
7.31896e-04
-1.42744e-03
-1.18752e-03
-8.08880e-04
-4.18747e-05
3.38261e-04
-1.31251e-03
-2.69946e-03
-9.33115e-04
1.47485e-04
-6.68837e-04
-7.96673e-04
3.57071e-04
9.14195e-04
1.74062e-03
2.55298e-03
3.10041e-03
2.57903e-03
8.64107e-04
-1.01136e-03
-3.86317e-03
-6.14988e-03
-5.93656e-03
-4.64063e-03
-4.56503e-03
-4.80958e-03
-4.76883e-03
-4.70496e-03
-4.71064e-03
-4.66140e-03
-4.49204e-03
-3.86548e-03
-3.99134e-03
-4.51510e-03
-4.51732e-03
-4.40714e-03
-5.45880e-03
-8.36482e-03
-9.47738e-03
-9.80926e-03
-1.20563e-02
-1.38663e-02
-1.37349e-02
-1.31281e-02
-1.29663e-02
-1.29586e-02
-1.29973e-02
-1.46981e-02
-1.59760e-02
-1.49931e-02
-1.36793e-02
-1.28531e-02
-1.23219e-02
-1.21951e-02
-1.20433e-02
-9.87150e-03
-6.83266e-03
-3.83283e-03
-2.29823e-03
-2.46843e-03
-3.76057e-03
-5.83054e-03
-4.04657e-03
-1.87559e-03
-5.79648e-04
1.72764e-03
4.57645e-03
6.35635e-03
6.30025e-03
6.58957e-03
6.67474e-03
6.95416e-03
9.06181e-03
1.06073e-02
1.06136e-02
1.18608e-02
1.39514e-02
1.42948e-02
1.33583e-02
1.08149e-02
8.55286e-03
7.13554e-03
6.99993e-03
8.61958e-03
8.18802e-03
6.13806e-03
5.12910e-03
4.33154e-03
2.24109e-03
1.03310e-03
1.21994e-03
1.60684e-03
3.58998e-03
5.52076e-03
6.66266e-03
8.69137e-03
1.14697e-02
1.27646e-02
1.16535e-02
9.83221e-03
7.58935e-03
5.28373e-03
5.64003e-03
6.34673e-03
6.12766e-03
5.73672e-03
4.68918e-03
3.92116e-03
3.91374e-03
3.72844e-03
2.95153e-03
2.56111e-03
2.15850e-03
1.46655e-03
4.45642e-04
-1.13025e-03
-2.49095e-03
-3.30996e-03
-4.00756e-03
-5.78646e-03
-8.73220e-03
-9.97778e-03
-9.32085e-03
-7.75096e-03
-6.25435e-03
-5.48910e-03
-5.45193e-03
-5.43417e-03
-4.92744e-03
-4.76085e-03
-4.20432e-03
-3.61194e-03
-4.10828e-03
-4.12156e-03
-4.48572e-03
-4.66536e-03
-4.45951e-03
-4.24240e-03
-4.15502e-03
-4.07976e-03
-3.97605e-03
-3.09649e-03
-8.86206e-04
1.27214e-03
3.00965e-03
4.65884e-03
4.90363e-03
4.55284e-03
4.44086e-03
4.43361e-03
4.44465e-03
4.12048e-03
2.40149e-03
8.19341e-04
-4.38048e-04
-1.12229e-03
-1.04404e-03
-8.50431e-04
-8.22668e-04
-8.27707e-04
-1.12144e-03
-1.48107e-03
-8.70909e-04
-4.31446e-04
1.15664e-04
1.21950e-03
7.40751e-04
-2.22719e-04
-5.47595e-04
-4.88241e-04
-1.41722e-03
-2.74393e-03
-2.79042e-03
-2.49270e-03
-3.28670e-03
-4.45076e-03
-4.39979e-03
-4.36707e-03
-5.46934e-03
-6.44862e-03
-7.17917e-03
-7.26426e-03
-6.89089e-03
-6.51591e-03
-5.28814e-03
-3.75707e-03
-3.60181e-03
-3.59166e-03
-2.36312e-03
-1.11899e-03
8.47694e-05
9.87866e-04
1.40819e-03
2.22476e-03
3.42211e-03
4.07627e-03
4.44189e-03
5.28942e-03
5.62492e-03
5.82761e-03
5.82991e-03
6.07652e-03
6.94438e-03
7.50883e-03
7.23845e-03
6.86072e-03
6.68171e-03
6.92001e-03
7.18204e-03
6.35325e-03
5.72006e-03
5.61285e-03
5.16920e-03
4.84252e-03
4.63713e-03
4.07029e-03
3.34079e-03
2.98213e-03
2.40147e-03
1.70386e-03
1.04743e-03
5.67733e-04
9.28601e-04
1.42453e-03
1.18074e-03
5.34505e-04
1.68095e-04
-2.40258e-04
-5.97993e-04
-5.65404e-04
-2.17152e-04
-1.72635e-04
-4.09075e-04
-3.29100e-04
-4.62894e-05
6.58208e-05
-9.26332e-06
-7.32468e-05
-1.05886e-04
-2.09308e-04
-4.98412e-04
-7.21157e-04
-7.15517e-04
-6.64946e-04
-6.25858e-04
-5.58099e-04
-6.54011e-04
-8.36852e-04
-1.04198e-03
-1.10993e-03
-1.13493e-03
-1.08656e-03
-9.84974e-04
-9.42034e-04
-9.21005e-04
-8.89215e-04
-8.44557e-04
-6.84922e-04
-5.28531e-04
-6.00793e-04
-8.09516e-04
-8.16264e-04
-7.34107e-04
-7.11651e-04
-7.10885e-04
-7.53602e-04
-8.29353e-04
-8.29269e-04
-7.77767e-04
-7.30091e-04
-6.95254e-04
-6.64747e-04
-6.34062e-04
-6.04259e-04
-5.75848e-04
-5.47563e-04
-5.18178e-04
-4.92075e-04
-4.70448e-04
-4.58327e-04
-4.52082e-04
-4.24831e-04
-3.74768e-04
-3.39880e-04
-2.94758e-04
-2.79519e-04
-3.00350e-04
-2.99940e-04
-2.80401e-04
-2.64724e-04
-2.52641e-04
-2.40059e-04
-2.23643e-04
-2.05050e-04
-1.92812e-04
-1.76959e-04
-1.62043e-04
-1.55489e-04
-1.52624e-04
-1.48864e-04
-1.48694e-04
-1.46627e-04
-1.37018e-04
-1.31748e-04
-1.29246e-04
-1.25977e-04
-1.22290e-04
-1.18369e-04
-1.11855e-04
-1.11077e-04
-1.12085e-04
-1.10690e-04
-1.09969e-04
-1.08667e-04
-1.05656e-04
-1.00527e-04
-9.52041e-05
-9.05896e-05
-8.65783e-05
-8.27858e-05
-7.97444e-05
-7.65241e-05
-7.26406e-05
-6.93639e-05
-6.67201e-05
-6.45064e-05
-6.26456e-05
-6.09876e-05
-5.93254e-05
-5.77627e-05
-5.62896e-05
-5.48962e-05
-5.35599e-05
-5.22621e-05
-5.09997e-05
-4.97712e-05
-4.85742e-05
-4.74070e-05
-4.62683e-05
-4.51575e-05
-4.40747e-05
