7.43883e-05
-1.50479e-03
-2.68821e-03
-1.54858e-03
5.70233e-04
2.26631e-03
2.08038e-03
9.19134e-05
-2.51934e-03
-4.00920e-03
-3.16650e-03
-1.82438e-03
-1.51209e-03
8.63896e-05
3.20434e-03
3.92445e-03
4.82986e-03
4.64998e-03
3.98873e-03
2.72631e-03
2.84866e-04
-1.38977e-03
-2.05848e-03
-2.01860e-03
8.38883e-04
6.19730e-04
-1.03786e-03
-3.11221e-03
-1.59150e-03
-6.75590e-04
8.55530e-04
2.52856e-03
4.27600e-03
5.12480e-03
4.71120e-03
1.61974e-03
-6.43254e-04
-4.95193e-05
1.22084e-03
2.95512e-04
-1.01066e-03
-3.74534e-03
-4.90840e-03
-6.12657e-03
-4.93528e-03
-3.74556e-03
-1.66241e-03
8.86216e-04
2.49269e-03
2.27528e-03
2.73014e-04
1.33289e-03
4.09015e-03
5.77684e-03
4.12637e-03
1.12481e-03
-2.55345e-03
-6.21198e-03
-9.27854e-03
-8.56268e-03
-4.37047e-03
1.30574e-04
1.82708e-03
-2.76702e-04
-2.74515e-03
-2.75773e-03
-2.95536e-04
-5.53660e-04
-1.94661e-03
-2.83306e-03
-7.93729e-05
3.86801e-03
6.13870e-03
4.47690e-03
7.81446e-06
-1.26484e-03
3.17334e-04
4.93502e-04
-2.33922e-03
-4.14385e-03
-4.29014e-03
-2.73899e-03
1.91471e-03
7.61244e-03
1.13869e-02
9.06835e-03
4.35805e-03
1.30418e-03
-1.08408e-03
-3.94298e-03
-3.71462e-03
-2.53852e-03
-5.73332e-04
1.99155e-03
8.83056e-03
1.75014e-02
2.01713e-02
1.62011e-02
9.91169e-03
4.66934e-03
1.74626e-03
-1.92979e-03
-8.21913e-03
-1.71420e-02
-2.72324e-02
-3.37654e-02
-2.94717e-02
-1.75926e-02
-4.27659e-03
8.27150e-03
1.82570e-02
2.04441e-02
1.39745e-02
3.71460e-03
-8.61371e-03
-1.31092e-02
-1.13877e-02
-6.66717e-03
-4.02768e-05
7.22975e-03
1.52562e-02
1.67000e-02
8.03346e-03
-2.15527e-03
-6.55308e-03
-8.51896e-03
-1.02540e-02
-8.46464e-03
-5.93605e-03
-5.70330e-03
-7.84145e-03
-7.03197e-03
-2.29166e-04
9.84697e-03
2.04487e-02
2.53334e-02
1.98001e-02
6.21010e-03
-1.32547e-02
-2.32583e-02
-2.20792e-02
-1.34805e-02
-1.22272e-03
7.99857e-03
1.25011e-02
1.05242e-02
7.49950e-03
5.20503e-03
3.46757e-03
3.16294e-03
2.55663e-03
3.87300e-03
8.86000e-03
1.14603e-02
1.10046e-02
9.09980e-03
7.11533e-03
6.25036e-03
5.52840e-03
3.64727e-03
-4.76987e-04
-7.01769e-03
-1.82931e-02
-2.22141e-02
-1.91760e-02
-1.23154e-02
-2.26746e-03
5.74361e-03
6.79283e-03
2.50875e-03
-7.54013e-03
-1.57608e-02
-1.88876e-02
-1.99979e-02
-1.97548e-02
-1.70799e-02
-1.01538e-02
-1.30185e-03
1.03332e-02
2.88568e-02
4.08831e-02
3.98052e-02
2.99297e-02
1.39534e-02
-3.69305e-03
-1.48080e-02
-1.34038e-02
-3.18210e-03
2.91101e-03
2.14288e-03
-1.77302e-03
-6.05910e-03
-1.01413e-02
-1.58684e-02
-2.32231e-02
-2.70098e-02
-2.19012e-02
-1.33923e-02
-2.44544e-03
5.47046e-03
1.07174e-02
1.76305e-02
2.10486e-02
2.12613e-02
1.95859e-02
1.28089e-02
4.71079e-03
1.42169e-03
2.44219e-03
3.67947e-03
1.78292e-03
-3.72425e-03
-9.23225e-03
-1.39701e-02
-1.59359e-02
-1.31915e-02
-9.67109e-03
-4.17284e-03
1.00595e-02
2.71419e-02
3.27212e-02
3.06428e-02
2.67852e-02
1.97594e-02
8.83668e-03
-5.53127e-03
-1.73726e-02
-2.78097e-02
-3.41982e-02
-3.56415e-02
-3.40610e-02
-3.20691e-02
-2.81928e-02
-1.74911e-02
-3.48726e-03
7.29517e-03
1.41470e-02
1.86211e-02
1.88121e-02
1.71346e-02
1.12170e-02
4.03568e-03
2.79967e-04
3.51850e-03
8.37424e-03
8.86559e-03
8.29520e-03
7.09614e-03
3.98573e-03
3.47251e-03
8.14769e-03
2.17235e-02
4.12031e-02
4.76274e-02
3.87068e-02
2.69310e-02
1.24377e-02
-3.73316e-03
-1.56230e-02
-2.57871e-02
-3.61971e-02
-5.47539e-02
-8.35104e-02
-9.57570e-02
-8.63997e-02
-7.37421e-02
-6.03743e-02
-3.76611e-02
-4.02310e-03
1.38952e-02
2.22828e-02
2.80541e-02
3.19958e-02
3.16886e-02
2.62142e-02
2.02239e-02
1.89292e-02
2.60003e-02
4.81455e-02
8.42710e-02
9.85635e-02
8.85643e-02
7.40680e-02
6.12735e-02
4.91602e-02
3.82510e-02
2.60605e-02
2.03558e-03
-5.39801e-02
-9.88776e-02
-1.22562e-01
-1.52254e-01
-1.53121e-01
-1.07426e-01
-5.72515e-02
-6.37103e-03
4.07219e-02
5.89411e-02
5.92918e-02
5.22545e-02
4.52665e-02
3.82687e-02
3.68520e-02
3.75701e-02
4.20769e-02
4.58549e-02
4.88034e-02
4.63309e-02
4.12594e-02
4.01103e-02
4.61448e-02
4.94471e-02
5.36794e-02
5.90953e-02
5.87016e-02
4.72079e-02
2.52110e-02
-6.99652e-03
-5.17188e-02
-1.12837e-01
-1.64152e-01
-1.91599e-01
-2.13759e-01
-2.38386e-01
-2.33646e-01
-2.11504e-01
-1.92752e-01
-1.72814e-01
-1.28436e-01
-7.28495e-02
9.14740e-03
7.61789e-02
1.06639e-01
1.62836e-01
2.34003e-01
2.88254e-01
3.19564e-01
3.05802e-01
2.56197e-01
1.98736e-01
1.46773e-01
1.13597e-01
8.73703e-02
5.16676e-02
-1.63208e-02
-1.01786e-01
-1.54940e-01
-1.90984e-01
-2.15184e-01
-2.04554e-01
-1.43794e-01
-8.55120e-02
-1.01897e-01
-1.21616e-01
-1.11999e-01
-8.97939e-02
-5.77371e-02
-1.35929e-02
4.55619e-02
8.59473e-02
9.90276e-02
9.65347e-02
9.14632e-02
9.16390e-02
1.00761e-01
1.12910e-01
1.07286e-01
8.35315e-02
4.39234e-02
9.45309e-03
7.76680e-04
4.43628e-03
8.32845e-03
2.71316e-03
-1.06693e-02
-2.31789e-02
-3.42245e-02
-4.24878e-02
-4.66645e-02
-4.59078e-02
-3.93319e-02
-3.31634e-02
-3.33458e-02
-3.73342e-02
-3.94694e-02
-3.80157e-02
-3.23611e-02
-2.28118e-02
-1.13230e-02
-1.51289e-03
-3.15930e-03
-1.67221e-02
-2.76479e-02
-2.58046e-02
-1.17947e-02
4.37987e-04
5.80227e-03
4.07212e-03
5.83263e-03
1.36171e-02
2.22608e-02
2.21574e-02
1.36243e-02
8.71186e-03
9.54115e-03
1.51730e-02
1.97924e-02
2.10774e-02
1.97818e-02
1.95854e-02
1.91021e-02
1.48534e-02
4.00492e-03
-9.84253e-03
-2.36791e-02
-3.25183e-02
-3.62597e-02
-4.14192e-02
-4.63038e-02
-4.64150e-02
-3.74777e-02
-2.03310e-02
-4.62988e-03
4.29438e-03
1.02226e-02
2.04625e-02
4.29166e-02
7.07615e-02
7.78598e-02
6.67387e-02
4.99451e-02
3.41083e-02
2.05196e-02
7.99684e-03
-3.02120e-03
-1.35703e-02
-1.94910e-02
-1.63311e-02
-7.96328e-03
2.01688e-03
8.87973e-03
9.25881e-03
3.78011e-03
-2.77514e-03
-5.60713e-03
-2.86911e-03
2.97564e-03
6.73254e-03
4.15069e-03
-2.33045e-03
-1.17702e-02
-2.21865e-02
-3.24953e-02
-3.97692e-02
-4.26164e-02
-4.09718e-02
-3.34924e-02
-2.23296e-02
-8.99754e-03
5.02845e-03
2.25210e-02
4.43432e-02
5.54585e-02
5.49737e-02
4.97346e-02
4.00290e-02
2.53136e-02
9.55222e-03
-5.11389e-03
-1.64697e-02
-2.61561e-02
-3.46866e-02
-4.12099e-02
-4.51968e-02
-4.72902e-02
-4.78982e-02
-4.40670e-02
-3.45268e-02
-2.17995e-02
-8.03704e-03
2.38722e-03
9.89663e-03
1.70727e-02
2.05689e-02
2.15687e-02
2.34697e-02
2.62271e-02
2.70397e-02
2.42661e-02
1.92176e-02
1.70183e-02
1.87799e-02
2.11727e-02
2.29299e-02
2.17404e-02
1.85402e-02
1.14124e-02
2.35324e-03
-7.34981e-03
-1.48231e-02
-2.12066e-02
-2.32300e-02
-1.98185e-02
-1.57229e-02
-1.10245e-02
-8.12367e-03
-8.21519e-03
-1.07665e-02
-1.21816e-02
-1.26340e-02
-9.75309e-03
-4.52858e-03
3.09004e-04
2.88293e-03
1.67674e-03
-8.72508e-04
-4.94750e-03
-6.33439e-03
-5.31899e-03
-2.37973e-03
2.90269e-03
1.12226e-02
1.69023e-02
1.59084e-02
1.34580e-02
1.45588e-02
1.69211e-02
1.80485e-02
1.62121e-02
6.98044e-03
-6.76703e-03
-1.83606e-02
-2.18256e-02
-1.86838e-02
-1.14795e-02
-6.85326e-03
-5.83411e-03
-7.14416e-03
-4.67125e-03
1.23140e-03
8.56339e-03
1.28259e-02
1.08766e-02
5.56865e-03
7.36922e-04
-2.79047e-03
-5.02386e-03
-6.38482e-03
-7.31683e-03
-6.26307e-03
-3.68355e-03
-3.82368e-04
-2.91708e-04
-2.30031e-03
-5.66160e-03
-6.41010e-03
-2.26609e-03
8.20418e-03
1.70539e-02
1.95259e-02
1.69655e-02
1.28439e-02
9.44963e-03
7.07160e-03
5.22315e-03
2.42178e-03
-3.55549e-03
-9.87097e-03
-1.28210e-02
-1.29322e-02
-9.89416e-03
-5.39399e-03
1.14805e-03
7.68565e-03
1.15291e-02
1.34103e-02
1.12022e-02
5.69255e-03
-4.19566e-04
-5.19459e-03
-7.45811e-03
-9.25597e-03
-1.29140e-02
-1.50946e-02
-1.54521e-02
-1.37052e-02
-1.14247e-02
-7.24926e-03
-2.97861e-03
1.44334e-03
5.07721e-03
5.85302e-03
6.62627e-03
7.39149e-03
7.60253e-03
9.36442e-03
1.06255e-02
1.00461e-02
9.09905e-03
7.17235e-03
4.25947e-03
1.84011e-03
4.53719e-04
2.84658e-05
3.54045e-04
-6.75332e-04
-1.02423e-03
-1.56707e-03
-4.13520e-03
-1.00667e-02
-1.53904e-02
-1.84465e-02
-2.06454e-02
-1.95430e-02
-1.54483e-02
-1.01681e-02
-3.18720e-03
2.82259e-03
6.31600e-03
6.82438e-03
7.45112e-03
6.48419e-03
8.27343e-03
1.11456e-02
1.35061e-02
1.56112e-02
1.88459e-02
2.09346e-02
2.26286e-02
2.21547e-02
1.73301e-02
1.06432e-02
2.46392e-03
-6.83416e-03
-1.60683e-02
-2.15631e-02
-2.49824e-02
-2.65643e-02
-2.69365e-02
-2.70263e-02
-2.51615e-02
-2.09466e-02
-1.35505e-02
-8.74736e-03
-6.78370e-03
-7.12229e-03
-8.74670e-03
-5.13775e-03
5.45989e-04
9.52893e-03
1.59563e-02
1.89185e-02
1.92665e-02
1.95212e-02
2.12236e-02
2.26588e-02
1.87744e-02
1.18725e-02
4.84387e-03
1.68853e-03
3.75046e-03
7.59121e-03
8.26077e-03
7.48061e-03
4.03841e-03
1.20346e-03
8.70784e-04
3.26314e-03
5.21414e-03
7.25446e-03
6.30814e-03
2.84158e-03
2.80168e-04
-1.02243e-03
-1.40626e-03
-2.43030e-03
-5.28689e-03
-5.75574e-03
-6.10048e-03
-5.49190e-03
-6.07278e-03
-9.98198e-03
-1.48027e-02
-1.78945e-02
-1.76657e-02
-1.49584e-02
-1.12953e-02
-7.67803e-03
-4.92020e-03
-2.62125e-03
-2.34075e-03
-2.53106e-03
-3.60042e-03
-3.42934e-03
-2.89554e-03
-9.61153e-04
1.20676e-03
2.53678e-03
2.83721e-03
4.40312e-03
7.61708e-03
1.02620e-02
1.33985e-02
1.56275e-02
1.60933e-02
1.48545e-02
1.32963e-02
8.43408e-03
2.32687e-04
-7.79799e-03
-1.39045e-02
-1.45651e-02
-1.19109e-02
-7.47437e-03
-4.04556e-03
-2.68872e-04
3.45245e-03
6.06556e-03
5.49912e-03
3.21820e-03
1.31586e-03
-7.50838e-04
-1.69213e-03
-1.80697e-03
-1.75296e-03
-9.45326e-04
-4.65808e-04
-8.61148e-05
-1.48617e-03
-2.76433e-03
-3.77650e-03
-3.77545e-03
-3.46010e-03
-3.32455e-03
-2.86591e-03
-2.60702e-03
-6.34208e-04
1.60613e-03
3.39457e-03
3.87509e-03
3.57045e-03
2.89881e-03
2.64489e-03
2.33083e-03
2.10960e-03
1.81430e-03
1.13663e-03
4.18740e-04
2.90218e-04
1.66507e-06
1.12353e-04
3.47582e-04
6.26239e-04
1.01516e-03
9.42025e-04
4.62794e-04
4.18821e-04
5.11767e-04
5.40780e-04
4.63687e-04
2.67745e-04
-2.60817e-05
-4.59548e-04
-8.10821e-04
-1.08868e-03
-1.27660e-03
-1.31986e-03
-1.24009e-03
-1.01934e-03
-6.93260e-04
-3.50363e-04
-5.37689e-05
1.73249e-04
3.30509e-04
