-4.13998e-03
-1.62452e-03
-1.22630e-03
-2.27126e-03
-2.92958e-03
-2.20053e-03
-1.04140e-03
-7.50674e-04
-1.52890e-03
-2.58832e-03
-2.67595e-03
-2.17638e-03
-1.33564e-03
-1.12966e-03
-1.40750e-03
-1.07332e-03
-1.96100e-05
4.84121e-04
-2.03090e-04
-1.01642e-03
-8.26958e-04
-5.23539e-05
2.33997e-05
-1.13314e-03
-2.84173e-03
-3.50204e-03
-1.25321e-03
4.14254e-03
9.66235e-03
1.08629e-02
6.16250e-03
-1.70342e-03
-8.93872e-03
-1.35254e-02
-1.45599e-02
-1.11180e-02
-3.73941e-03
4.20988e-03
8.76415e-03
8.84823e-03
6.42017e-03
3.46694e-03
-8.38351e-05
-5.01163e-03
-1.03943e-02
-1.33868e-02
-1.17003e-02
-6.06050e-03
2.38870e-04
4.18530e-03
5.05718e-03
4.04961e-03
2.84355e-03
2.87600e-03
4.54600e-03
6.36694e-03
5.71708e-03
1.34138e-03
-5.04610e-03
-9.93663e-03
-1.05348e-02
-6.27817e-03
7.40776e-04
6.88926e-03
9.43803e-03
8.60419e-03
6.71586e-03
5.29689e-03
3.79935e-03
1.06951e-03
-3.15314e-03
-8.24212e-03
-1.31926e-02
-1.61229e-02
-1.45025e-02
-7.04104e-03
4.13180e-03
1.35430e-02
1.55295e-02
8.39563e-03
-4.11399e-03
-1.55836e-02
-2.13693e-02
-2.01190e-02
-1.26719e-02
-1.34194e-03
9.84127e-03
1.63579e-02
1.60183e-02
1.01540e-02
2.14559e-03
-4.21904e-03
-5.98943e-03
-2.57630e-03
3.10087e-03
6.69802e-03
6.31708e-03
3.39091e-03
1.11182e-04
-2.13474e-03
-1.91605e-03
1.91062e-03
7.37485e-03
9.49989e-03
5.06438e-03
-3.54564e-03
-1.08799e-02
-1.40769e-02
-1.44620e-02
-1.40717e-02
-1.24697e-02
-7.42104e-03
1.84350e-03
1.28655e-02
2.07737e-02
2.12736e-02
1.39269e-02
3.32791e-03
-3.49358e-03
-2.29893e-03
4.69953e-03
1.05381e-02
9.13166e-03
1.45380e-04
-1.11380e-02
-1.76473e-02
-1.45111e-02
-1.56824e-03
1.58965e-02
2.93211e-02
3.21224e-02
2.43560e-02
1.16956e-02
2.46818e-04
-7.21146e-03
-1.03029e-02
-8.74019e-03
-2.52531e-03
6.36299e-03
1.40914e-02
1.71118e-02
1.40203e-02
5.63372e-03
-5.22576e-03
-1.44125e-02
-1.84013e-02
-1.67207e-02
-1.20565e-02
-7.34683e-03
-3.32153e-03
4.94949e-04
3.43476e-03
3.53574e-03
-4.15743e-05
-5.87052e-03
-1.14451e-02
-1.45097e-02
-1.32839e-02
-6.98833e-03
2.85113e-03
1.21675e-02
1.67738e-02
1.55722e-02
1.18936e-02
1.09526e-02
1.50358e-02
2.08248e-02
2.24125e-02
1.76236e-02
1.05148e-02
6.90859e-03
8.58100e-03
1.28359e-02
1.66979e-02
1.91374e-02
1.95196e-02
1.64345e-02
9.21202e-03
-5.70145e-04
-1.01249e-02
-1.74300e-02
-2.17102e-02
-2.28518e-02
-2.10098e-02
-1.69183e-02
-1.19976e-02
-7.77580e-03
-4.98477e-03
-3.37228e-03
-2.67574e-03
-3.68497e-03
-7.90522e-03
-1.61056e-02
-2.68595e-02
-3.58435e-02
-3.64827e-02
-2.34135e-02
2.04482e-03
2.98954e-02
4.72776e-02
4.78997e-02
3.58970e-02
2.13594e-02
1.36242e-02
1.72113e-02
2.99724e-02
4.32422e-02
4.66412e-02
3.60279e-02
1.69064e-02
-8.11225e-04
-1.07339e-02
-1.27335e-02
-1.02587e-02
-7.10374e-03
-5.58217e-03
-5.39627e-03
-4.28407e-03
-1.40199e-03
1.46472e-04
-3.95172e-03
-1.33430e-02
-2.14751e-02
-2.10783e-02
-1.05481e-02
5.41787e-03
2.00316e-02
2.80435e-02
2.68813e-02
1.73102e-02
3.75678e-03
-7.89852e-03
-1.41429e-02
-1.52926e-02
-1.33575e-02
-9.79511e-03
-5.24029e-03
2.09799e-04
6.67510e-03
1.30866e-02
1.62375e-02
1.32745e-02
5.40091e-03
-2.94825e-03
-8.65499e-03
-1.17338e-02
-1.28814e-02
-1.20545e-02
-9.81541e-03
-7.50186e-03
-5.43023e-03
-3.18077e-03
-2.02095e-03
-5.08320e-03
-1.45964e-02
-3.04820e-02
-5.11334e-02
-7.35051e-02
-9.30649e-02
-1.06306e-01
-1.13694e-01
-1.18865e-01
-1.25285e-01
-1.34746e-01
-1.47477e-01
-1.61958e-01
-1.75584e-01
-1.86791e-01
-1.95531e-01
-2.01167e-01
-2.01951e-01
-1.97520e-01
-1.89094e-01
-1.75835e-01
-1.53097e-01
-1.15378e-01
-5.91430e-02
1.63373e-02
1.05840e-01
1.94562e-01
2.63405e-01
3.02350e-01
3.16735e-01
3.18556e-01
3.15351e-01
3.09808e-01
3.04941e-01
3.03283e-01
3.02007e-01
2.94077e-01
2.75392e-01
2.48714e-01
2.21080e-01
1.99248e-01
1.86456e-01
1.79525e-01
1.68341e-01
1.41233e-01
9.30056e-02
2.72968e-02
-4.80678e-02
-1.25341e-01
-1.96744e-01
-2.54819e-01
-2.95187e-01
-3.16118e-01
-3.13138e-01
-2.77704e-01
-2.05794e-01
-1.06623e-01
9.34492e-04
9.97955e-02
1.79587e-01
2.31606e-01
2.45204e-01
2.13101e-01
1.39769e-01
4.32999e-02
-5.17711e-02
-1.25775e-01
-1.71397e-01
-1.91778e-01
-1.92338e-01
-1.76667e-01
-1.50161e-01
-1.22839e-01
-1.04245e-01
-9.68636e-02
-9.68677e-02
-9.85094e-02
-9.44403e-02
-7.56767e-02
-3.82963e-02
9.40573e-03
5.15789e-02
7.73828e-02
8.60068e-02
8.12803e-02
6.72805e-02
4.89263e-02
3.06548e-02
1.30719e-02
-3.99005e-03
-1.41978e-02
-6.09894e-03
2.56431e-02
7.32190e-02
1.20067e-01
1.48536e-01
1.44872e-01
1.04998e-01
3.99368e-02
-2.82034e-02
-7.96415e-02
-1.06599e-01
-1.11741e-01
-1.02633e-01
-8.88091e-02
-7.85578e-02
-7.42157e-02
-7.22576e-02
-6.93154e-02
-6.52524e-02
-5.94734e-02
-4.86700e-02
-3.14054e-02
-1.17216e-02
4.91657e-03
1.62947e-02
2.07319e-02
1.32844e-02
-9.50681e-03
-4.22143e-02
-7.26123e-02
-9.03338e-02
-8.95501e-02
-6.59358e-02
-1.88602e-02
4.23371e-02
1.00723e-01
1.43123e-01
1.65842e-01
1.69512e-01
1.54489e-01
1.22751e-01
7.87361e-02
2.59210e-02
-3.29956e-02
-9.14263e-02
-1.39414e-01
-1.70368e-01
-1.82887e-01
-1.75458e-01
-1.45126e-01
-9.37166e-02
-3.06170e-02
3.28279e-02
8.82049e-02
1.28768e-01
1.48859e-01
1.47943e-01
1.32597e-01
1.12221e-01
9.40549e-02
8.16948e-02
7.50227e-02
7.06788e-02
6.52328e-02
5.88812e-02
5.46096e-02
5.36049e-02
5.27428e-02
4.61906e-02
2.93335e-02
2.68207e-03
-2.70666e-02
-5.18986e-02
-6.94980e-02
-8.35556e-02
-9.72493e-02
-1.10128e-01
-1.21678e-01
-1.32684e-01
-1.40491e-01
-1.37540e-01
-1.17526e-01
-8.00189e-02
-2.81092e-02
3.33963e-02
9.53505e-02
1.45226e-01
1.74243e-01
1.80561e-01
1.65017e-01
1.28884e-01
7.75699e-02
2.08656e-02
-3.28054e-02
-7.74595e-02
-1.04161e-01
-1.02434e-01
-7.16077e-02
-2.58864e-02
1.62311e-02
4.45679e-02
5.80655e-02
5.84750e-02
4.70971e-02
2.49717e-02
-6.33596e-03
-4.29098e-02
-7.74182e-02
-1.02761e-01
-1.16827e-01
-1.21905e-01
-1.19839e-01
-1.09418e-01
-8.72136e-02
-4.98061e-02
1.91548e-03
5.85021e-02
1.05154e-01
1.32294e-01
1.41687e-01
1.41094e-01
1.36421e-01
1.30595e-01
1.25612e-01
1.21762e-01
1.16753e-01
1.07907e-01
9.37817e-02
7.29279e-02
4.43392e-02
1.06579e-02
-2.12741e-02
-4.46442e-02
-5.62723e-02
-5.62308e-02
-4.67527e-02
-3.27588e-02
-2.12400e-02
-1.79585e-02
-2.41136e-02
-3.62172e-02
-4.88439e-02
-5.80384e-02
-6.30936e-02
-6.56159e-02
-6.72367e-02
-6.84978e-02
-6.91778e-02
-6.86007e-02
-6.56769e-02
-5.98936e-02
-5.26361e-02
-4.68962e-02
-4.52977e-02
-4.82749e-02
-5.38883e-02
-5.90199e-02
-6.07420e-02
-5.70883e-02
-4.75109e-02
-3.34923e-02
-1.84895e-02
-6.35651e-03
3.77913e-04
3.18158e-04
-7.66884e-03
-2.33039e-02
-4.29089e-02
-6.04089e-02
-7.08936e-02
-7.20657e-02
-6.29225e-02
-4.37907e-02
-1.84891e-02
5.91315e-03
2.32669e-02
3.16595e-02
3.25695e-02
2.90961e-02
2.60693e-02
2.95225e-02
4.30428e-02
6.42361e-02
8.58946e-02
1.01112e-01
1.07384e-01
1.06656e-01
1.02325e-01
9.63991e-02
8.91048e-02
8.05575e-02
7.16939e-02
6.31921e-02
5.46158e-02
4.57687e-02
3.83090e-02
3.48501e-02
3.64403e-02
4.17088e-02
4.79843e-02
5.24485e-02
5.24735e-02
4.63949e-02
3.49840e-02
2.17143e-02
1.07458e-02
4.23925e-03
1.60120e-03
1.27268e-03
2.17439e-03
2.96652e-03
6.46887e-04
-8.29945e-03
-2.44576e-02
-4.39571e-02
-6.10230e-02
-7.15799e-02
-7.44599e-02
-7.05209e-02
-6.21571e-02
-5.27513e-02
-4.52808e-02
-4.12508e-02
-4.11575e-02
-4.50340e-02
-5.18755e-02
-5.93104e-02
-6.49403e-02
-6.74026e-02
-6.59343e-02
-5.97457e-02
-4.90766e-02
-3.63047e-02
-2.47527e-02
-1.63145e-02
-1.08454e-02
-7.80371e-03
-7.79313e-03
-1.18433e-02
-1.97352e-02
-2.92646e-02
-3.76795e-02
-4.36857e-02
-4.77421e-02
-5.06138e-02
-5.23648e-02
-5.27016e-02
-5.12912e-02
-4.69738e-02
-3.79650e-02
-2.35596e-02
-5.40366e-03
1.35918e-02
3.13776e-02
4.73750e-02
6.13855e-02
7.27390e-02
8.05527e-02
8.46551e-02
8.55155e-02
8.36384e-02
7.93380e-02
7.32925e-02
6.68481e-02
6.11830e-02
5.64071e-02
5.21253e-02
4.85548e-02
4.65309e-02
4.62458e-02
4.71661e-02
4.89487e-02
5.13577e-02
5.29314e-02
5.08165e-02
4.26166e-02
2.83668e-02
1.06166e-02
-6.72629e-03
-2.01283e-02
-2.77121e-02
-2.95355e-02
-2.68576e-02
-2.13224e-02
-1.47305e-02
-8.82311e-03
-4.83235e-03
-3.43852e-03
-4.85044e-03
-8.75798e-03
-1.40880e-02
-1.95856e-02
-2.46427e-02
-2.89079e-02
-3.13764e-02
-3.07538e-02
-2.68354e-02
-2.09590e-02
-1.48551e-02
-9.78917e-03
-6.15817e-03
-3.19295e-03
6.26202e-04
6.01881e-03
1.19076e-02
1.64112e-02
1.83343e-02
1.71436e-02
1.26076e-02
5.25331e-03
-3.24639e-03
-1.11920e-02
-1.80500e-02
-2.39217e-02
-2.84599e-02
-3.10607e-02
-3.16724e-02
-3.08472e-02
-2.91887e-02
-2.74082e-02
-2.62315e-02
-2.59004e-02
-2.60118e-02
-2.60053e-02
-2.52545e-02
-2.27255e-02
-1.75707e-02
-1.06998e-02
-4.84813e-03
-2.50732e-03
-3.89649e-03
-7.37602e-03
-1.13456e-02
-1.49864e-02
-1.74238e-02
-1.72251e-02
-1.33728e-02
-6.50187e-03
1.47939e-03
8.86725e-03
1.52027e-02
2.09675e-02
2.67281e-02
3.26066e-02
3.82081e-02
4.26454e-02
4.46265e-02
4.27824e-02
3.66129e-02
2.72366e-02
1.70290e-02
8.09721e-03
1.27848e-03
-3.25139e-03
-5.00446e-03
-3.50930e-03
7.93677e-04
6.67425e-03
1.26582e-02
1.63926e-02
1.41619e-02
3.05494e-03
-1.55781e-02
-3.58943e-02
-5.13970e-02
-5.85424e-02
-5.70452e-02
-4.87144e-02
-3.70528e-02
-2.64519e-02
-1.97277e-02
-1.62105e-02
-1.27903e-02
-6.77538e-03
2.44646e-03
1.36119e-02
2.44175e-02
3.24174e-02
3.62303e-02
3.63898e-02
3.49303e-02
3.40767e-02
3.51335e-02
3.79437e-02
4.07931e-02
4.10043e-02
3.64662e-02
2.72717e-02
1.59353e-02
5.81250e-03
-9.58671e-04
-4.09290e-03
-4.15880e-03
-1.66498e-03
2.63801e-03
7.17669e-03
9.97445e-03
9.56533e-03
5.12644e-03
-3.51179e-03
-1.52804e-02
-2.76300e-02
-3.78582e-02
-4.46935e-02
-4.79952e-02
-4.74366e-02
-4.25878e-02
-3.41434e-02
-2.38692e-02
-1.30449e-02
-2.18965e-03
7.50361e-03
1.37481e-02
1.49744e-02
1.16996e-02
5.69347e-03
-1.10458e-03
-6.07072e-03
-5.78925e-03
1.91909e-03
1.56545e-02
3.10172e-02
4.35286e-02
5.08048e-02
5.28789e-02
5.15890e-02
4.92983e-02
4.68754e-02
4.25667e-02
3.38975e-02
2.07643e-02
6.05138e-03
-6.92883e-03
-1.66898e-02
-2.31963e-02
-2.65145e-02
-2.69009e-02
-2.55960e-02
-2.43675e-02
-2.39372e-02
-2.37695e-02
-2.35728e-02
-2.41948e-02
-2.64462e-02
-2.94212e-02
-3.06533e-02
-2.82132e-02
-2.25663e-02
-1.63838e-02
-1.22649e-02
-1.08317e-02
-1.11375e-02
-1.25535e-02
-1.54872e-02
-2.00646e-02
-2.49522e-02
-2.80513e-02
-2.77388e-02
-2.31588e-02
-1.40569e-02
-1.49790e-03
1.17599e-02
2.26379e-02
2.93331e-02
3.09854e-02
2.66768e-02
1.62852e-02
2.26497e-03
-1.11495e-02
-2.08546e-02
-2.62652e-02
-2.76937e-02
-2.48174e-02
-1.76032e-02
-7.73007e-03
1.96317e-03
9.22904e-03
1.31867e-02
1.39024e-02
1.23478e-02
1.05038e-02
1.06736e-02
1.42984e-02
2.14360e-02
3.11148e-02
4.16351e-02
5.05861e-02
5.54142e-02
5.45213e-02
4.81926e-02
3.83675e-02
2.75625e-02
1.76278e-02
8.96270e-03
8.39306e-04
-7.21172e-03
-1.43075e-02
-1.88436e-02
-2.00426e-02
-1.81297e-02
-1.34133e-02
-6.24457e-03
2.15435e-03
1.00963e-02
1.66075e-02
2.07740e-02
2.00651e-02
1.15902e-02
-3.99109e-03
-2.13009e-02
-3.42853e-02
-4.04672e-02
-4.09321e-02
-3.79028e-02
-3.36536e-02
-3.05044e-02
-2.99707e-02
-3.17093e-02
-3.41385e-02
-3.62161e-02
-3.81470e-02
-4.04398e-02
-4.31584e-02
-4.62968e-02
-5.00493e-02
-5.38844e-02
-5.59725e-02
-5.44711e-02
-4.91509e-02
-4.09174e-02
-3.04385e-02
-1.84316e-02
-6.31300e-03
5.66288e-03
2.04817e-02
4.19501e-02
6.98011e-02
9.92111e-02
1.24668e-01
1.40992e-01
1.40643e-01
1.15629e-01
6.59755e-02
4.16849e-03
-5.17210e-02
-8.80198e-02
-9.78469e-02
-7.86778e-02
-3.37854e-02
2.42052e-02
7.69731e-02
1.11387e-01
1.26294e-01
1.27978e-01
1.20487e-01
1.01519e-01
6.68061e-02
1.73221e-02
-3.72172e-02
-8.08788e-02
-9.83334e-02
-8.23401e-02
-3.84072e-02
1.57956e-02
5.69931e-02
6.70895e-02
4.29938e-02
-1.59412e-03
-4.50717e-02
-7.13095e-02
-7.69187e-02
-6.83275e-02
-5.41372e-02
-4.00172e-02
-2.78056e-02
-1.66650e-02
-5.00759e-03
7.20193e-03
1.74059e-02
2.18308e-02
1.83409e-02
8.24912e-03
-4.23489e-03
-1.44404e-02
-1.96278e-02
-1.97764e-02
-1.70159e-02
-1.48902e-02
-1.70526e-02
-2.48742e-02
-3.59832e-02
-4.64245e-02
-5.39710e-02
-5.76966e-02
-5.49733e-02
-4.22676e-02
-2.00384e-02
5.41624e-03
2.63366e-02
3.80520e-02
3.94354e-02
3.20812e-02
2.04325e-02
1.00016e-02
3.30482e-03
-1.44219e-03
-6.89218e-03
-1.33243e-02
-1.89542e-02
-2.16067e-02
-1.92142e-02
-1.07843e-02
1.95863e-03
1.48401e-02
2.38572e-02
2.70953e-02
2.45834e-02
1.77419e-02
9.37658e-03
2.63432e-03
-7.29452e-04
-7.80908e-04
1.78110e-03
6.55132e-03
1.31307e-02
2.07749e-02
2.85308e-02
3.52342e-02
3.96695e-02
4.11542e-02
4.02117e-02
3.82001e-02
3.64036e-02
3.58331e-02
3.75288e-02
4.19930e-02
4.79873e-02
5.24267e-02
5.21560e-02
4.55751e-02
3.27664e-02
1.48115e-02
-6.26766e-03
-2.73861e-02
-4.52914e-02
-5.79884e-02
-6.48692e-02
-6.57229e-02
-6.03634e-02
-4.96860e-02
-3.60581e-02
-2.21366e-02
-9.63561e-03
6.24118e-04
8.21456e-03
1.30241e-02
1.50588e-02
1.37688e-02
8.41601e-03
-4.66247e-04
-1.03079e-02
-1.80054e-02
-2.20143e-02
-2.26467e-02
-2.08890e-02
-1.78350e-02
-1.50827e-02
-1.46711e-02
-1.77826e-02
-2.38074e-02
-3.05642e-02
-3.53753e-02
-3.60863e-02
-3.17586e-02
-2.29483e-02
-1.13963e-02
6.99471e-04
1.12983e-02
1.92175e-02
2.45397e-02
2.83981e-02
3.18223e-02
3.46634e-02
3.58711e-02
3.46825e-02
3.11367e-02
2.56288e-02
1.84709e-02
1.02606e-02
1.99451e-03
-5.43215e-03
-1.17175e-02
-1.71386e-02
-2.22681e-02
-2.77181e-02
-3.36706e-02
-3.95155e-02
-4.42129e-02
-4.68613e-02
-4.68467e-02
-4.36458e-02
-3.72339e-02
-2.85373e-02
-1.85795e-02
-7.25080e-03
5.98835e-03
1.99718e-02
3.16623e-02
3.89964e-02
4.26025e-02
4.39404e-02
4.28758e-02
3.85258e-02
3.16284e-02
2.43010e-02
1.78171e-02
1.22038e-02
7.69657e-03
4.98819e-03
3.76230e-03
2.71836e-03
1.20920e-03
-4.55034e-04
-2.27434e-03
-4.63949e-03
-7.03979e-03
-8.17885e-03
-7.70310e-03
-6.37963e-03
-4.55166e-03
-1.68368e-03
2.18089e-03
5.82216e-03
8.07192e-03
8.74822e-03
8.16535e-03
6.69547e-03
5.00022e-03
4.11134e-03
4.84967e-03
7.53156e-03
1.18944e-02
1.68321e-02
2.05602e-02
2.17575e-02
2.05626e-02
1.81230e-02
1.53712e-02
1.26236e-02
9.91518e-03
7.34532e-03
5.11869e-03
3.43791e-03
2.41049e-03
2.18531e-03
3.20690e-03
5.86397e-03
9.60861e-03
1.28425e-02
1.40461e-02
1.27643e-02
9.39019e-03
4.64106e-03
-3.66521e-04
-4.25139e-03
-6.23198e-03
-6.64945e-03
-6.43424e-03
-6.57672e-03
-8.17894e-03
-1.21072e-02
-1.79584e-02
-2.39894e-02
-2.85856e-02
-3.13560e-02
-3.25426e-02
-3.21827e-02
-3.04602e-02
-2.82704e-02
-2.64755e-02
-2.48833e-02
-2.27059e-02
-1.99331e-02
-1.75386e-02
-1.62234e-02
-1.56919e-02
-1.54332e-02
-1.56398e-02
-1.68265e-02
-1.87037e-02
-1.98903e-02
-1.88667e-02
-1.50083e-02
-8.90041e-03
-1.92824e-03
4.41951e-03
9.09250e-03
1.16441e-02
1.19524e-02
1.01764e-02
6.96560e-03
3.39914e-03
4.15740e-04
-1.76542e-03
-3.58683e-03
-5.59845e-03
-7.95949e-03
-1.01572e-02
-1.12363e-02
-1.04050e-02
-7.72312e-03
-4.05500e-03
-3.91021e-04
2.63200e-03
4.65429e-03
5.51872e-03
5.48373e-03
5.28747e-03
5.62673e-03
6.81577e-03
8.91043e-03
1.19128e-02
1.55354e-02
1.89699e-02
2.13540e-02
2.24562e-02
2.24956e-02
2.13979e-02
1.87556e-02
1.50362e-02
1.19535e-02
1.09943e-02
1.18670e-02
1.30684e-02
1.37281e-02
1.40798e-02
1.42371e-02
1.36273e-02
1.17769e-02
9.16983e-03
6.68058e-03
4.79093e-03
3.68905e-03
3.57135e-03
4.32411e-03
5.23608e-03
5.49262e-03
4.79805e-03
3.18547e-03
8.57483e-04
-1.66072e-03
-3.58138e-03
-4.47445e-03
-4.55493e-03
-4.08337e-03
-2.93776e-03
-1.19254e-03
3.91401e-04
9.56008e-04
7.28718e-04
8.05367e-04
1.77523e-03
3.16274e-03
4.40759e-03
5.73928e-03
7.50310e-03
9.07050e-03
9.34977e-03
8.11762e-03
6.40991e-03
5.26873e-03
4.82641e-03
4.73764e-03
4.85357e-03
5.09562e-03
5.24257e-03
5.10004e-03
4.52539e-03
2.90658e-03
-3.53908e-04
-4.75158e-03
-8.69439e-03
-1.10327e-02
-1.19403e-02
-1.20931e-02
-1.18924e-02
-1.19357e-02
-1.31265e-02
-1.57419e-02
-1.87481e-02
-2.07970e-02
-2.13489e-02
-2.04886e-02
-1.84374e-02
-1.56543e-02
-1.27574e-02
-9.94946e-03
-6.94301e-03
-3.85386e-03
-1.15963e-03
1.21413e-03
3.84633e-03
6.62120e-03
8.47185e-03
8.64979e-03
7.31218e-03
4.62647e-03
5.07914e-04
-4.45837e-03
-8.74234e-03
-1.13164e-02
-1.24307e-02
-1.25422e-02
-1.14980e-02
-9.33718e-03
-6.81043e-03
-4.42427e-03
-1.83756e-03
9.70386e-04
3.10842e-03
3.93766e-03
4.05357e-03
4.26253e-03
4.43840e-03
4.19040e-03
3.95895e-03
4.56489e-03
6.19636e-03
8.38195e-03
1.06048e-02
1.23830e-02
1.33218e-02
1.34791e-02
1.32766e-02
1.28942e-02
1.23505e-02
1.21170e-02
1.28263e-02
1.42738e-02
1.56364e-02
1.64988e-02
1.68111e-02
1.60710e-02
1.38195e-02
1.09001e-02
8.91326e-03
8.27861e-03
7.90862e-03
6.89560e-03
5.40703e-03
3.71791e-03
1.40022e-03
-2.02157e-03
-6.24973e-03
-1.04138e-02
-1.38604e-02
-1.65813e-02
-1.89941e-02
-2.11650e-02
-2.22772e-02
-2.11772e-02
-1.75815e-02
-1.24413e-02
-7.24730e-03
-3.39729e-03
-1.85267e-03
-2.54108e-03
-4.09169e-03
-4.84006e-03
-4.10181e-03
-1.95346e-03
1.64430e-03
6.56326e-03
1.17965e-02
1.60952e-02
1.90954e-02
2.08778e-02
2.08655e-02
1.82914e-02
1.34946e-02
7.63924e-03
1.22767e-03
-6.12054e-03
-1.44281e-02
-2.28349e-02
-3.03961e-02
-3.66754e-02
-4.14163e-02
-4.40793e-02
-4.40254e-02
-4.09322e-02
-3.51076e-02
-2.75649e-02
-1.96623e-02
-1.25248e-02
-6.75609e-03
-2.55873e-03
6.51661e-05
1.32030e-03
1.52509e-03
1.30395e-03
1.77133e-03
4.03959e-03
8.07360e-03
1.24881e-02
1.58646e-02
1.78372e-02
1.83976e-02
1.70744e-02
1.35347e-02
8.59942e-03
3.59795e-03
-1.03135e-03
-5.52833e-03
-9.45464e-03
-1.16131e-02
-1.13360e-02
-9.11529e-03
-5.66642e-03
-1.36776e-03
3.38577e-03
7.78575e-03
1.10072e-02
1.26882e-02
1.29137e-02
1.19978e-02
1.04617e-02
8.87176e-03
7.72638e-03
7.28193e-03
7.69140e-03
9.03750e-03
1.11383e-02
1.34438e-02
1.52923e-02
1.63903e-02
1.69093e-02
1.69528e-02
1.62830e-02
1.45132e-02
1.17303e-02
8.59584e-03
5.87494e-03
4.04724e-03
3.44358e-03
4.47746e-03
7.42389e-03
1.17804e-02
1.61928e-02
1.90214e-02
1.94081e-02
1.75742e-02
1.41606e-02
9.69053e-03
4.82344e-03
5.29077e-04
-2.58468e-03
-4.81556e-03
-6.53161e-03
-7.47850e-03
-7.36678e-03
-6.73402e-03
-6.32249e-03
-5.96265e-03
-4.95565e-03
-3.38006e-03
-2.11668e-03
-1.89744e-03
-2.96219e-03
-5.54664e-03
-9.56188e-03
-1.39534e-02
-1.73256e-02
-1.91947e-02
-1.99080e-02
-1.95440e-02
-1.78340e-02
-1.51853e-02
-1.25904e-02
-1.05393e-02
-8.63491e-03
-6.52175e-03
-4.46234e-03
-2.71307e-03
-1.07339e-03
4.93932e-04
1.36239e-03
7.89728e-04
-1.17444e-03
-3.89123e-03
-6.82511e-03
-9.73832e-03
-1.23703e-02
-1.43510e-02
-1.53166e-02
-1.49567e-02
-1.31537e-02
-1.03831e-02
-7.57724e-03
-5.42892e-03
-3.85334e-03
-2.41216e-03
-9.31684e-04
5.65328e-04
2.25049e-03
4.29335e-03
6.46234e-03
8.21780e-03
9.29095e-03
9.74588e-03
9.65703e-03
8.87139e-03
7.17394e-03
4.74247e-03
2.38545e-03
1.13666e-03
1.43445e-03
2.90872e-03
5.07770e-03
7.69742e-03
1.03668e-02
1.23476e-02
1.32471e-02
1.34559e-02
1.35180e-02
1.34850e-02
1.33155e-02
1.34148e-02
1.43039e-02
1.58671e-02
1.73124e-02
1.77797e-02
1.68473e-02
1.46246e-02
1.15481e-02
8.02284e-03
4.35080e-03
9.74433e-04
-1.52940e-03
-2.98909e-03
-3.91120e-03
-4.95737e-03
-6.30541e-03
-7.61830e-03
-8.35432e-03
-7.98211e-03
-6.34451e-03
-3.94604e-03
-1.66334e-03
1.76705e-05
1.20039e-03
2.02748e-03
2.36868e-03
2.06685e-03
1.18402e-03
-4.20354e-05
-1.35493e-03
-2.60166e-03
-3.71606e-03
-4.39007e-03
-4.04680e-03
-2.61597e-03
-1.19341e-03
-1.23266e-03
-3.13896e-03
-6.24655e-03
-9.97235e-03
-1.40393e-02
-1.78458e-02
-2.05191e-02
-2.18672e-02
-2.23096e-02
-2.19126e-02
-2.04590e-02
-1.85051e-02
-1.72273e-02
-1.70226e-02
-1.71218e-02
-1.69729e-02
-1.68943e-02
-1.71568e-02
-1.72374e-02
-1.65116e-02
-1.49568e-02
-1.26968e-02
-9.48786e-03
-5.29470e-03
-7.89335e-04
3.14537e-03
6.17239e-03
8.18214e-03
8.81073e-03
7.94443e-03
6.33999e-03
5.06017e-03
4.54122e-03
4.76249e-03
5.93072e-03
8.01077e-03
1.02190e-02
1.17677e-02
1.29545e-02
1.46252e-02
1.67962e-02
1.88473e-02
2.07475e-02
2.29082e-02
2.49159e-02
2.54514e-02
2.39297e-02
2.10619e-02
1.77186e-02
1.40755e-02
1.02153e-02
6.83679e-03
4.93875e-03
5.06903e-03
7.01675e-03
9.78117e-03
1.21610e-02
1.35381e-02
1.40922e-02
1.41150e-02
1.34265e-02
1.18489e-02
9.95294e-03
8.79717e-03
9.03910e-03
1.03355e-02
1.17394e-02
1.23742e-02
1.18904e-02
1.03066e-02
7.53400e-03
3.44014e-03
-1.49731e-03
-6.29623e-03
-1.04645e-02
-1.43723e-02
-1.79782e-02
-2.03311e-02
-2.10382e-02
-2.12181e-02
-2.17701e-02
-2.16978e-02
-1.96880e-02
-1.65556e-02
-1.43287e-02
-1.35306e-02
-1.30571e-02
-1.25919e-02
-1.30653e-02
-1.46388e-02
-1.61233e-02
-1.67912e-02
-1.71468e-02
-1.74672e-02
-1.71075e-02
-1.58545e-02
-1.44402e-02
-1.31645e-02
-1.12747e-02
-8.39653e-03
-5.35919e-03
-2.92559e-03
-7.64924e-04
1.49706e-03
3.27522e-03
3.90379e-03
3.86244e-03
4.08162e-03
4.47448e-03
4.15607e-03
2.84935e-03
1.29451e-03
2.31766e-04
-2.78926e-04
-3.49217e-04
2.06980e-04
1.50959e-03
3.06651e-03
3.97627e-03
3.63098e-03
2.02238e-03
-3.92585e-04
-2.82616e-03
-4.38721e-03
-4.56501e-03
-3.54154e-03
-1.79026e-03
3.43522e-04
2.38426e-03
3.57108e-03
3.60417e-03
3.32090e-03
3.89777e-03
5.58909e-03
7.92136e-03
1.07643e-02
1.42049e-02
1.75544e-02
1.95620e-02
1.97771e-02
1.88363e-02
1.73849e-02
1.56129e-02
1.37934e-02
1.22096e-02
1.05266e-02
8.21085e-03
5.72145e-03
4.15006e-03
3.64349e-03
3.21757e-03
2.32229e-03
1.46836e-03
1.02796e-03
5.13123e-04
-3.78020e-04
-1.11409e-03
-1.26710e-03
-1.45318e-03
-2.68962e-03
-5.16663e-03
-8.08610e-03
-1.04907e-02
-1.18885e-02
-1.22792e-02
-1.16962e-02
-1.00441e-02
-7.44930e-03
-4.71591e-03
-2.99152e-03
-2.81371e-03
-3.74208e-03
-4.95784e-03
-5.86966e-03
-6.23977e-03
-6.07643e-03
-5.68359e-03
-5.27007e-03
-4.64773e-03
-3.69250e-03
-2.88820e-03
-2.72900e-03
-2.74968e-03
-1.97640e-03
-3.86413e-04
1.08365e-03
1.81765e-03
1.99546e-03
1.66256e-03
4.24053e-04
-1.56500e-03
-3.30801e-03
-4.10612e-03
-4.20537e-03
-3.94072e-03
-2.98963e-03
-1.25905e-03
4.44657e-04
1.27996e-03
1.41021e-03
1.50738e-03
1.69139e-03
1.55905e-03
1.09589e-03
8.70513e-04
1.54248e-03
3.33095e-03
6.07260e-03
9.29600e-03
1.21617e-02
1.36297e-02
1.30983e-02
1.10059e-02
8.57848e-03
6.67419e-03
5.18963e-03
3.66785e-03
2.30321e-03
1.60848e-03
1.30866e-03
4.11300e-04
-1.52607e-03
-3.95760e-03
-6.32710e-03
-8.75036e-03
-1.12729e-02
-1.35121e-02
-1.53006e-02
-1.70684e-02
-1.90141e-02
-2.03994e-02
-2.01554e-02
-1.78707e-02
-1.38699e-02
-8.88285e-03
-3.84409e-03
2.29101e-04
2.92732e-03
4.74887e-03
6.33265e-03
7.63730e-03
8.28238e-03
8.42296e-03
8.64004e-03
8.99978e-03
8.98943e-03
8.36912e-03
7.70127e-03
7.58132e-03
7.83976e-03
7.95966e-03
7.99479e-03
8.45171e-03
9.31803e-03
9.81010e-03
9.40689e-03
8.54468e-03
8.11873e-03
8.51983e-03
9.31790e-03
9.73761e-03
9.27858e-03
7.97389e-03
6.21019e-03
4.27075e-03
2.23206e-03
1.60285e-04
-1.59307e-03
-2.62070e-03
-3.03011e-03
-3.54290e-03
-4.66564e-03
-5.93518e-03
-6.40248e-03
-5.88974e-03
-5.10614e-03
-4.48174e-03
-3.55340e-03
-2.00065e-03
-5.59543e-04
-1.60517e-04
-6.21619e-04
-1.03517e-03
-1.07448e-03
-1.18615e-03
-1.69481e-03
-2.55083e-03
-3.67977e-03
-5.02374e-03
-6.37599e-03
-7.59798e-03
-8.72692e-03
-9.59948e-03
-9.92205e-03
-9.90554e-03
-1.01289e-02
-1.05114e-02
-1.02178e-02
-8.90285e-03
-7.30254e-03
-6.24808e-03
-5.86767e-03
-6.00003e-03
-6.55831e-03
-7.24892e-03
-7.58390e-03
-7.27999e-03
-6.12629e-03
-3.75063e-03
-3.55630e-04
2.74990e-03
4.35641e-03
4.71201e-03
4.80502e-03
4.83808e-03
4.51964e-03
4.29424e-03
4.90002e-03
6.14676e-03
7.33975e-03
8.50792e-03
1.00048e-02
1.14108e-02
1.21096e-02
1.25769e-02
1.37533e-02
1.54653e-02
1.66789e-02
1.70759e-02
1.71668e-02
1.70489e-02
1.62756e-02
1.48179e-02
1.30087e-02
1.06682e-02
7.39095e-03
3.78706e-03
1.22733e-03
2.22433e-04
-2.96928e-06
-2.75926e-04
-7.37037e-04
-1.41938e-03
-2.59175e-03
-4.31204e-03
-6.37969e-03
-8.68511e-03
-1.09575e-02
-1.23676e-02
-1.22870e-02
-1.14104e-02
-1.11106e-02
-1.16441e-02
-1.19625e-02
-1.13050e-02
-1.00769e-02
-8.82397e-03
-7.51934e-03
-6.14235e-03
-5.16440e-03
-5.12101e-03
-6.20034e-03
-8.34449e-03
-1.11358e-02
-1.35570e-02
-1.46239e-02
-1.41381e-02
-1.24758e-02
-9.84165e-03
-6.44667e-03
-3.21088e-03
-1.27563e-03
-7.40153e-04
-7.11242e-04
-6.26505e-04
-8.66384e-04
-1.65832e-03
-2.42337e-03
-2.62190e-03
-2.58678e-03
-2.87422e-03
-3.14925e-03
-2.41321e-03
-2.81538e-04
2.63376e-03
5.49531e-03
8.04878e-03
1.03417e-02
1.22211e-02
1.34431e-02
1.40137e-02
1.41419e-02
1.40839e-02
1.42079e-02
1.49088e-02
1.60956e-02
1.72431e-02
1.79833e-02
1.83244e-02
1.81445e-02
1.69886e-02
1.46625e-02
1.16293e-02
8.58365e-03
6.05492e-03
4.31395e-03
3.46205e-03
3.28420e-03
3.33378e-03
3.14972e-03
2.28749e-03
5.42382e-04
-1.68241e-03
-3.63428e-03
-5.08372e-03
-6.51041e-03
-8.00740e-03
-8.88825e-03
-8.80558e-03
-8.49961e-03
-8.83461e-03
-9.80436e-03
-1.10491e-02
-1.26102e-02
-1.44070e-02
-1.58213e-02
-1.63961e-02
-1.64933e-02
-1.65016e-02
-1.60344e-02
-1.47236e-02
-1.32473e-02
-1.25547e-02
-1.24018e-02
-1.16823e-02
-1.01978e-02
-8.94277e-03
-8.56237e-03
-8.45076e-03
-7.73954e-03
-6.38736e-03
-4.74778e-03
-2.75464e-03
-2.77679e-04
2.22203e-03
4.12626e-03
5.60250e-03
7.30824e-03
9.29104e-03
1.08624e-02
1.15281e-02
1.14743e-02
1.11352e-02
1.07692e-02
1.04983e-02
1.02356e-02
9.77453e-03
9.21002e-03
9.05078e-03
9.49941e-03
9.95010e-03
9.73296e-03
9.02373e-03
8.42407e-03
7.94641e-03
7.05936e-03
5.66161e-03
4.25559e-03
3.16798e-03
2.14240e-03
8.27358e-04
-7.35802e-04
-2.34652e-03
-4.06682e-03
-6.17169e-03
-8.80381e-03
-1.17709e-02
-1.47793e-02
-1.76285e-02
-2.00249e-02
-2.13545e-02
-2.09575e-02
-1.86501e-02
-1.47237e-02
-9.56715e-03
-3.71377e-03
1.93077e-03
6.46708e-03
9.68424e-03
1.19958e-02
1.36747e-02
1.46857e-02
1.52356e-02
1.58517e-02
1.67387e-02
1.75946e-02
1.83431e-02
1.94533e-02
2.11632e-02
2.28069e-02
2.33693e-02
2.25070e-02
2.06730e-02
1.83903e-02
1.57644e-02
1.27580e-02
9.57800e-03
6.66055e-03
4.34477e-03
2.58726e-03
1.07579e-03
-4.58429e-04
-2.06294e-03
-3.75430e-03
-5.68136e-03
-7.83793e-03
-9.77946e-03
-1.09022e-02
-1.10946e-02
-1.08568e-02
-1.07287e-02
-1.07763e-02
-1.07226e-02
-1.04352e-02
-1.01293e-02
-1.00941e-02
-1.04291e-02
-1.10226e-02
-1.17070e-02
-1.22963e-02
-1.25879e-02
-1.24370e-02
-1.18333e-02
-1.08161e-02
-9.43292e-03
-7.93601e-03
-6.97461e-03
-7.14213e-03
-8.33726e-03
-9.84667e-03
-1.10253e-02
-1.15649e-02
-1.12156e-02
-9.82617e-03
-7.80202e-03
-5.88332e-03
-4.38641e-03
-2.99496e-03
-1.40707e-03
2.26300e-04
1.61983e-03
2.69081e-03
3.61292e-03
4.72111e-03
6.19941e-03
7.73147e-03
8.73628e-03
9.15597e-03
9.42678e-03
9.46188e-03
8.56242e-03
6.70152e-03
4.86750e-03
3.63516e-03
2.38834e-03
6.57698e-04
-9.79900e-04
-2.01375e-03
-2.93182e-03
-4.26548e-03
-5.73767e-03
-6.96794e-03
-8.01834e-03
-8.67175e-03
-8.34511e-03
-7.14388e-03
-5.94884e-03
-5.01432e-03
-3.73245e-03
-2.09494e-03
-9.66071e-04
-5.54662e-04
3.86977e-05
1.35572e-03
2.78647e-03
3.65482e-03
3.95044e-03
3.88423e-03
3.65261e-03
3.73527e-03
4.55193e-03
5.85448e-03
7.04952e-03
7.86411e-03
8.19695e-03
8.00255e-03
7.79574e-03
8.51523e-03
1.01424e-02
1.13560e-02
1.11740e-02
1.00079e-02
8.55222e-03
6.76368e-03
4.54715e-03
2.45674e-03
9.26664e-04
-2.35382e-04
-1.10589e-03
-1.32304e-03
-8.84752e-04
-2.76919e-04
3.95010e-04
1.39982e-03
2.36742e-03
2.44388e-03
1.62919e-03
8.80669e-04
6.40779e-04
2.87171e-04
-7.15669e-04
-1.98110e-03
-2.81232e-03
-2.94883e-03
-2.58084e-03
-2.01023e-03
-1.40653e-03
-6.43625e-04
4.60436e-04
1.58931e-03
2.04827e-03
1.64918e-03
9.39938e-04
3.05134e-04
-6.25339e-04
-2.22779e-03
-4.16519e-03
-5.80692e-03
-6.91934e-03
-7.54795e-03
-7.58521e-03
-6.88433e-03
-5.57765e-03
-4.00217e-03
-2.56315e-03
-1.67206e-03
-1.53564e-03
-1.86857e-03
-2.14154e-03
-2.18914e-03
-2.27189e-03
-2.49938e-03
-2.63795e-03
-2.58631e-03
-2.60703e-03
-2.86760e-03
-2.98963e-03
-2.40454e-03
-9.84136e-04
8.41523e-04
2.53279e-03
3.87462e-03
4.93113e-03
5.70851e-03
6.05582e-03
5.94206e-03
5.66495e-03
5.57186e-03
5.59870e-03
5.29058e-03
4.28567e-03
2.69770e-03
1.01048e-03
-2.90099e-04
-9.62119e-04
-1.03246e-03
-6.27257e-04
1.10837e-04
8.84080e-04
1.16730e-03
5.51104e-04
-7.66013e-04
-2.09967e-03
-2.95571e-03
-3.36307e-03
-3.54713e-03
-3.59060e-03
-3.55963e-03
-3.58449e-03
-3.60934e-03
-3.50601e-03
-3.59082e-03
-4.51302e-03
-6.17337e-03
-7.38090e-03
-7.18866e-03
-6.00809e-03
-4.70140e-03
-3.17141e-03
-8.49524e-04
1.83213e-03
3.68673e-03
4.38554e-03
4.65636e-03
4.93544e-03
4.90025e-03
4.57766e-03
4.75336e-03
5.89050e-03
7.39775e-03
8.43151e-03
8.84086e-03
9.01036e-03
9.10542e-03
8.79317e-03
7.65387e-03
5.83432e-03
4.11609e-03
3.14427e-03
2.71829e-03
2.30886e-03
2.07311e-03
2.53621e-03
3.36321e-03
3.45208e-03
2.47405e-03
1.28927e-03
5.44881e-04
-1.95369e-04
-1.45873e-03
-2.91023e-03
-3.87792e-03
-4.21292e-03
-4.19229e-03
-4.11790e-03
-4.27094e-03
-4.82718e-03
-5.60878e-03
-6.27252e-03
-6.71297e-03
-6.94459e-03
-6.79576e-03
-6.15071e-03
-5.26581e-03
-4.47809e-03
-3.84131e-03
-3.36994e-03
-3.28727e-03
-3.65949e-03
-4.16610e-03
-4.51350e-03
-4.68102e-03
-4.59009e-03
-4.03394e-03
-3.19040e-03
-2.62598e-03
-2.54745e-03
-2.56817e-03
-2.44209e-03
-2.42973e-03
-2.69029e-03
-2.82886e-03
-2.31200e-03
-1.10248e-03
3.98562e-04
1.76935e-03
2.94578e-03
4.26074e-03
6.03885e-03
8.01338e-03
9.38623e-03
9.60743e-03
8.88372e-03
7.77337e-03
6.59479e-03
5.44929e-03
4.48574e-03
3.78478e-03
3.18306e-03
2.49243e-03
1.83489e-03
1.56399e-03
1.90510e-03
2.67422e-03
3.24277e-03
2.87883e-03
1.37977e-03
-5.82441e-04
-2.03602e-03
-2.68115e-03
-2.97273e-03
-3.18987e-03
-2.99349e-03
-2.21610e-03
-1.61860e-03
-2.14588e-03
-3.61186e-03
-4.77184e-03
-4.80703e-03
-4.12682e-03
-3.59755e-03
-3.43632e-03
-3.18204e-03
-2.43154e-03
-1.25097e-03
3.71158e-05
1.27765e-03
2.62156e-03
4.21151e-03
5.72496e-03
6.57679e-03
6.62223e-03
6.31825e-03
6.00600e-03
5.50974e-03
4.70539e-03
3.92793e-03
3.39031e-03
2.70589e-03
1.47356e-03
-1.12345e-04
-1.72512e-03
-3.44128e-03
-5.29804e-03
-6.81157e-03
-7.55802e-03
-7.80824e-03
-8.01504e-03
-8.08538e-03
-7.71532e-03
-7.03511e-03
-6.37351e-03
-5.70364e-03
-4.87663e-03
-4.13646e-03
-3.88012e-03
-4.06418e-03
-4.20274e-03
-3.92159e-03
-3.24758e-03
-2.47226e-03
-1.90371e-03
-1.65977e-03
-1.62259e-03
-1.62056e-03
-1.65574e-03
-1.79638e-03
-1.86051e-03
-1.43669e-03
-3.36755e-04
1.06298e-03
2.07194e-03
2.36344e-03
2.29103e-03
2.35303e-03
2.49772e-03
2.34468e-03
2.08826e-03
2.51002e-03
3.89115e-03
5.44803e-03
6.28951e-03
6.44041e-03
6.51067e-03
6.68225e-03
6.54575e-03
5.76829e-03
4.52355e-03
3.33463e-03
2.60266e-03
2.33384e-03
2.26350e-03
2.21591e-03
2.18899e-03
2.14554e-03
2.02765e-03
1.97799e-03
2.12476e-03
2.13506e-03
1.45478e-03
4.66958e-05
-1.59916e-03
-3.07754e-03
-4.11965e-03
-4.32232e-03
-3.62143e-03
-2.79235e-03
-2.58976e-03
-2.65389e-03
-2.33551e-03
-2.12258e-03
-2.97654e-03
-4.57691e-03
-5.74515e-03
-6.41922e-03
-7.60607e-03
-9.31395e-03
-1.01865e-02
-9.48977e-03
-8.00319e-03
-6.57243e-03
-5.09206e-03
-3.39871e-03
-1.92040e-03
-8.30800e-04
3.91127e-04
2.08860e-03
3.87706e-03
5.37191e-03
6.65794e-03
7.69791e-03
8.13001e-03
8.02246e-03
7.95213e-03
8.04927e-03
7.79906e-03
7.19735e-03
7.02984e-03
7.50123e-03
7.59424e-03
6.55213e-03
5.06961e-03
4.18464e-03
3.81037e-03
3.28310e-03
2.65038e-03
2.45599e-03
2.69580e-03
2.95628e-03
3.25606e-03
3.91973e-03
4.85426e-03
5.75157e-03
6.72952e-03
8.00728e-03
9.11756e-03
9.23745e-03
8.24082e-03
6.79760e-03
5.42881e-03
4.02280e-03
2.40176e-03
8.03458e-04
-5.40523e-04
-1.88864e-03
-3.68750e-03
-5.82337e-03
-7.60362e-03
-8.49066e-03
-8.54238e-03
-8.13302e-03
-7.63682e-03
-7.44043e-03
-7.71339e-03
-7.99668e-03
-7.50462e-03
-6.12348e-03
-4.63483e-03
-3.73958e-03
-3.37571e-03
-3.30337e-03
-3.62595e-03
-4.35791e-03
-5.08161e-03
-5.47448e-03
-5.66473e-03
-5.69371e-03
-5.28021e-03
-4.45527e-03
-3.77712e-03
-3.60347e-03
-3.71308e-03
-3.80201e-03
-3.77723e-03
-3.38235e-03
-2.33616e-03
-9.46751e-04
3.53382e-05
3.47520e-04
3.92979e-04
4.34304e-04
2.31650e-04
-3.76257e-04
-1.11442e-03
-1.62929e-03
-1.82574e-03
-1.71825e-03
-1.25927e-03
-3.64017e-04
9.96446e-04
2.58642e-03
3.89312e-03
4.54853e-03
4.74492e-03
4.85241e-03
4.78415e-03
4.35820e-03
4.06044e-03
4.69724e-03
6.23551e-03
7.69936e-03
8.37751e-03
8.48500e-03
8.49325e-03
8.50149e-03
8.45391e-03
8.43941e-03
8.49107e-03
8.48691e-03
8.43520e-03
8.49513e-03
8.60056e-03
8.34828e-03
7.34340e-03
5.53627e-03
3.26187e-03
1.05363e-03
-7.47287e-04
-2.24427e-03
-3.70196e-03
-5.02939e-03
-5.93296e-03
-6.56361e-03
-7.38448e-03
-8.31493e-03
-8.78844e-03
-8.87944e-03
-9.51422e-03
-1.10939e-02
-1.27129e-02
-1.34200e-02
-1.34697e-02
-1.36289e-02
-1.38626e-02
-1.35835e-02
-1.26758e-02
-1.14332e-02
-9.82254e-03
-7.70325e-03
-5.55916e-03
-4.14907e-03
-3.46678e-03
-2.77622e-03
-1.81067e-03
-1.13665e-03
-1.14287e-03
-1.28970e-03
-7.87287e-04
4.03637e-04
1.65452e-03
2.50429e-03
2.94674e-03
3.13900e-03
3.24029e-03
3.44703e-03
3.85847e-03
4.31539e-03
4.60690e-03
4.72266e-03
4.66475e-03
4.25534e-03
3.47996e-03
2.75627e-03
2.46265e-03
2.39026e-03
2.20416e-03
2.20207e-03
2.98567e-03
4.39577e-03
5.42542e-03
5.44814e-03
4.91468e-03
4.55076e-03
4.33570e-03
3.77742e-03
2.89040e-03
2.22667e-03
2.02609e-03
1.87514e-03
1.37062e-03
6.75881e-04
2.64406e-04
3.94645e-04
9.81829e-04
1.65999e-03
2.00319e-03
1.91013e-03
1.76744e-03
1.85633e-03
1.88112e-03
1.56683e-03
1.38899e-03
1.78182e-03
1.99683e-03
9.15453e-04
-1.03433e-03
-2.11157e-03
-1.53680e-03
-2.19743e-04
9.62915e-04
2.15178e-03
3.37785e-03
3.90508e-03
3.41297e-03
2.61485e-03
2.11447e-03
1.72160e-03
1.33494e-03
1.28323e-03
1.29976e-03
4.60287e-04
-1.27860e-03
-2.70527e-03
-3.17670e-03
-3.57577e-03
-4.64474e-03
-5.61447e-03
-5.46769e-03
-4.60757e-03
-4.09896e-03
-3.95011e-03
-3.31123e-03
-1.96937e-03
-6.54378e-04
6.30679e-05
3.15301e-04
4.16598e-04
4.28987e-04
3.58672e-04
2.96628e-04
2.44922e-04
1.29119e-04
9.18192e-06
1.12339e-05
5.67059e-05
-1.20279e-06
-8.80580e-05
-4.87886e-05
1.32246e-05
-9.43065e-05
-2.68001e-04
-3.05233e-04
-3.01113e-04
-4.25185e-04
-5.01701e-04
-3.85929e-04
-3.96282e-04
-7.31250e-04
-8.78065e-04
-4.64556e-04
-2.84688e-04
-1.33919e-03
-3.13596e-03
-4.21734e-03
-4.28144e-03
-4.39311e-03
-5.05063e-03
-5.50965e-03
-5.32151e-03
-5.15818e-03
-5.52830e-03
-5.84052e-03
-5.42908e-03
-4.58964e-03
-3.94042e-03
-3.48349e-03
-2.80533e-03
-1.77360e-03
-5.66125e-04
5.11090e-04
1.12516e-03
1.22439e-03
1.29675e-03
1.80950e-03
2.58691e-03
3.21959e-03
3.85227e-03
4.74754e-03
5.41123e-03
5.12589e-03
4.23473e-03
3.85635e-03
4.33809e-03
4.99765e-03
5.42150e-03
5.85155e-03
6.27954e-03
6.25264e-03
5.87426e-03
5.89699e-03
6.52347e-03
7.07551e-03
7.16234e-03
7.19128e-03
7.38976e-03
7.28223e-03
6.62885e-03
5.94033e-03
5.56401e-03
5.18356e-03
4.63977e-03
4.40405e-03
4.58806e-03
4.35027e-03
3.03939e-03
1.25503e-03
1.07496e-04
-1.81979e-04
-2.33679e-04
-4.17706e-04
-5.47975e-04
-5.04564e-04
-5.14911e-04
-7.85778e-04
-1.29856e-03
-2.06151e-03
-3.06638e-03
-4.04438e-03
-4.61298e-03
-4.77839e-03
-4.95208e-03
-5.33046e-03
-5.63648e-03
-5.65510e-03
-5.59721e-03
-5.72748e-03
-5.89703e-03
-5.87636e-03
-5.84329e-03
-6.05833e-03
-6.29611e-03
-6.02319e-03
-5.02868e-03
-3.52139e-03
-1.74118e-03
2.24847e-05
1.32714e-03
1.88746e-03
1.94328e-03
1.93707e-03
1.88124e-03
1.40981e-03
4.07014e-04
-8.00480e-04
-1.80121e-03
-2.45252e-03
-2.79575e-03
-2.92808e-03
-2.96737e-03
-2.99632e-03
-3.06870e-03
-3.26513e-03
-3.64764e-03
-4.17282e-03
-4.69593e-03
-5.14668e-03
-5.45476e-03
-5.43615e-03
-4.92753e-03
-4.03639e-03
-3.07082e-03
-2.23344e-03
-1.53045e-03
-9.18444e-04
-2.98164e-04
5.04066e-04
1.61851e-03
2.87354e-03
3.81844e-03
4.07275e-03
3.63855e-03
2.87559e-03
2.17880e-03
1.73220e-03
1.57919e-03
1.76734e-03
2.31318e-03
3.02444e-03
3.54341e-03
3.69227e-03
3.61990e-03
3.54754e-03
3.53099e-03
3.49997e-03
3.44208e-03
3.36144e-03
3.25805e-03
3.18362e-03
3.18982e-03
3.21049e-03
3.04715e-03
2.54885e-03
1.74868e-03
7.95507e-04
-1.49395e-04
-9.64037e-04
-1.54090e-03
-1.79315e-03
-1.66910e-03
-1.14186e-03
-2.50719e-04
8.07899e-04
1.69490e-03
2.13944e-03
2.16632e-03
2.04433e-03
1.99677e-03
2.04846e-03
2.05260e-03
1.77140e-03
1.04360e-03
8.00885e-05
-5.15385e-04
-3.14827e-04
4.10906e-04
1.00845e-03
1.23382e-03
1.34340e-03
1.45298e-03
1.29378e-03
7.00372e-04
-1.08066e-04
-8.83421e-04
-1.64224e-03
-2.43413e-03
-3.10817e-03
-3.50515e-03
-3.64162e-03
-3.62921e-03
-3.61060e-03
-3.74086e-03
-3.97864e-03
-3.92074e-03
-3.16399e-03
-1.87380e-03
-6.99391e-04
-8.94427e-05
5.73597e-05
4.90910e-05
7.74052e-06
-6.66917e-05
-1.43191e-04
-1.65933e-04
-1.57660e-04
-2.27957e-04
-4.86407e-04
-8.89589e-04
-1.15011e-03
-1.02811e-03
-7.17969e-04
-6.55938e-04
-8.35817e-04
-6.78676e-04
1.23562e-04
1.00023e-03
1.16978e-03
7.04572e-04
3.98568e-04
6.19806e-04
8.16233e-04
3.86173e-04
-4.84289e-04
-1.15833e-03
-1.40644e-03
-1.49327e-03
-1.59045e-03
-1.62559e-03
-1.61939e-03
-1.71036e-03
-1.86335e-03
-1.90057e-03
-1.85301e-03
-1.91503e-03
-2.05976e-03
-2.13419e-03
-2.18381e-03
-2.23963e-03
-1.86125e-03
-6.06200e-04
9.79666e-04
1.70954e-03
1.41181e-03
1.42009e-03
2.73716e-03
4.42021e-03
4.75517e-03
3.51667e-03
2.09416e-03
1.51937e-03
1.45114e-03
1.25266e-03
1.00662e-03
1.02316e-03
1.12655e-03
1.01904e-03
8.43303e-04
8.26769e-04
8.37114e-04
7.02726e-04
5.95217e-04
6.36577e-04
5.93164e-04
3.67802e-04
3.14051e-04
5.33226e-04
5.02220e-04
-4.33794e-06
-1.26319e-04
9.24037e-04
2.36104e-03
2.59676e-03
1.41202e-03
2.12811e-04
-4.35648e-05
5.77570e-05
-2.17227e-04
-5.33563e-04
-3.82619e-04
-1.69645e-04
-4.21885e-04
-7.27883e-04
-5.58329e-04
-3.84640e-04
-7.83680e-04
-1.07934e-03
-2.19202e-04
1.41422e-03
2.51214e-03
2.76026e-03
2.79335e-03
2.58453e-03
1.50938e-03
-8.26690e-05
-1.01515e-03
-1.11025e-03
-1.25498e-03
-1.65195e-03
-1.54028e-03
-8.74501e-04
-6.69797e-04
-1.25906e-03
-1.69738e-03
-1.46786e-03
-1.45338e-03
-2.52646e-03
-4.21569e-03
-5.55756e-03
-6.27708e-03
-6.50037e-03
-6.01860e-03
-4.67257e-03
-3.07223e-03
-2.18934e-03
-2.29478e-03
-2.67727e-03
-2.42501e-03
-1.30642e-03
1.34721e-04
1.19129e-03
1.62550e-03
1.65032e-03
1.55936e-03
1.50148e-03
1.49529e-03
1.44361e-03
1.25961e-03
1.18932e-03
1.75380e-03
3.08536e-03
4.52030e-03
5.25638e-03
5.25640e-03
5.14062e-03
5.26883e-03
5.40324e-03
5.21303e-03
4.71889e-03
4.10275e-03
3.39357e-03
2.53346e-03
1.63407e-03
9.29024e-04
5.44463e-04
4.18353e-04
4.18369e-04
4.28723e-04
3.62575e-04
2.38534e-04
1.72386e-04
2.13755e-04
2.26177e-04
9.80007e-05
-3.01750e-05
1.94643e-05
7.32389e-05
-2.30684e-04
-8.26140e-04
-1.17762e-03
-9.68772e-04
-5.24217e-04
-3.31912e-04
-4.22869e-04
-5.01421e-04
-4.64186e-04
-4.55898e-04
-5.73735e-04
-6.95706e-04
-6.77079e-04
-5.98492e-04
-8.38317e-04
-1.76873e-03
-3.26980e-03
-4.64474e-03
-5.23813e-03
-5.02928e-03
-4.47928e-03
-3.83830e-03
-2.92232e-03
-1.60937e-03
-2.32317e-04
6.52642e-04
8.49085e-04
6.87831e-04
5.57591e-04
4.45960e-04
7.79442e-05
-4.32737e-04
-5.17488e-04
4.49233e-05
6.03200e-04
3.81986e-04
-4.92595e-04
-1.20177e-03
-1.39197e-03
-1.47258e-03
-1.76616e-03
-2.02666e-03
-2.01837e-03
-1.97493e-03
-2.13204e-03
-2.28502e-03
-2.08238e-03
-1.48688e-03
-7.30112e-04
-1.40820e-04
-1.36662e-04
-8.00344e-04
-1.48057e-03
-1.26138e-03
-8.28134e-05
1.10816e-03
1.54445e-03
1.45349e-03
1.43698e-03
1.55692e-03
1.44323e-03
1.15999e-03
1.37504e-03
2.51846e-03
4.09400e-03
5.14644e-03
5.34703e-03
5.23954e-03
5.34087e-03
5.45462e-03
5.23548e-03
4.97705e-03
5.14869e-03
5.39889e-03
4.84480e-03
3.32099e-03
1.69794e-03
8.02686e-04
5.73207e-04
5.25678e-04
4.40932e-04
3.87200e-04
3.62415e-04
2.96277e-04
2.23938e-04
2.21897e-04
2.34329e-04
1.53719e-04
1.10811e-05
-3.43791e-05
2.76768e-05
2.15015e-05
-1.37677e-04
-2.74112e-04
-2.22394e-04
-1.52067e-04
-3.09177e-04
-5.28316e-04
-4.60056e-04
-2.42928e-04
-4.72404e-04
-1.26220e-03
-1.90727e-03
-1.77285e-03
-1.11738e-03
-6.72817e-04
-7.59628e-04
-1.23101e-03
-2.02908e-03
-3.23241e-03
-4.57012e-03
-5.27515e-03
-4.73547e-03
-3.24262e-03
-1.88003e-03
-1.52851e-03
-2.04331e-03
-2.51883e-03
-2.36787e-03
-1.87988e-03
-1.65654e-03
-1.76816e-03
-1.77433e-03
-1.43315e-03
-1.04647e-03
-1.05057e-03
-1.44545e-03
-1.81966e-03
-1.89199e-03
-1.82993e-03
-1.91467e-03
-2.10279e-03
-2.13791e-03
-2.02209e-03
-2.05720e-03
-2.34664e-03
-2.60919e-03
-2.58848e-03
-2.41476e-03
-2.34650e-03
-2.39816e-03
-2.44774e-03
-2.52835e-03
-2.65650e-03
-2.51173e-03
-1.68465e-03
-3.24127e-04
8.46179e-04
1.32797e-03
1.34661e-03
1.36319e-03
1.43559e-03
1.37980e-03
1.24751e-03
1.22067e-03
1.22691e-03
1.12357e-03
1.03676e-03
1.09883e-03
1.08439e-03
8.15643e-04
7.10232e-04
1.30368e-03
2.37060e-03
3.02401e-03
2.72631e-03
1.77525e-03
8.75872e-04
5.09943e-04
5.86484e-04
5.86523e-04
2.39203e-04
1.23456e-04
1.04565e-03
2.69151e-03
3.62198e-03
2.97486e-03
1.51103e-03
4.79328e-04
1.46483e-04
3.48725e-05
-8.70756e-05
-1.11846e-04
-1.07669e-04
-2.19278e-04
-3.20550e-04
-2.77088e-04
-2.52234e-04
-3.84519e-04
-5.20939e-04
-4.98152e-04
-4.62960e-04
-5.62162e-04
-6.90311e-04
-7.15079e-04
-6.98494e-04
-7.21194e-04
-7.74908e-04
-8.47231e-04
-9.21620e-04
-9.25711e-04
-9.09125e-04
-1.03314e-03
-1.13647e-03
-7.29107e-04
2.34447e-04
1.02846e-03
1.12568e-03
1.02648e-03
1.46900e-03
2.26921e-03
2.69312e-03
2.67869e-03
2.77178e-03
2.99307e-03
2.75534e-03
1.92214e-03
1.12615e-03
8.05719e-04
7.18927e-04
6.81758e-04
9.63003e-04
1.66604e-03
2.29258e-03
2.40841e-03
2.24305e-03
2.21416e-03
2.28657e-03
2.21425e-03
2.06544e-03
2.07790e-03
2.18339e-03
2.00149e-03
1.23859e-03
-3.91403e-05
-1.39338e-03
-2.26379e-03
-2.47050e-03
-2.43117e-03
-2.59239e-03
-2.81564e-03
-2.67085e-03
-2.13322e-03
-1.50047e-03
-8.59460e-04
-1.27470e-04
5.87979e-04
1.14215e-03
1.58261e-03
1.69018e-03
8.48716e-04
-9.87272e-04
-2.64544e-03
-2.96173e-03
-2.24835e-03
-1.64042e-03
-1.40879e-03
-9.45586e-04
-1.01942e-04
5.63886e-04
8.05854e-04
9.21698e-04
1.06442e-03
1.09342e-03
1.00458e-03
8.88847e-04
6.75941e-04
4.13412e-04
4.32079e-04
7.19537e-04
7.75422e-04
4.69474e-04
3.80626e-04
7.42519e-04
9.24529e-04
5.23472e-04
7.69275e-05
7.07855e-05
1.01861e-04
-2.55775e-04
-5.96870e-04
-4.74819e-04
-2.12170e-04
-2.51392e-04
-3.96063e-04
-3.56716e-04
-3.46314e-04
-5.61283e-04
-6.54262e-04
-3.08907e-04
2.12197e-04
4.93456e-04
5.36941e-04
5.84561e-04
7.72779e-04
1.21325e-03
1.95352e-03
2.69586e-03
2.90269e-03
2.34450e-03
1.42447e-03
8.31134e-04
1.00281e-03
1.77203e-03
2.43787e-03
2.37384e-03
1.68333e-03
1.00522e-03
7.22026e-04
6.68337e-04
6.02242e-04
5.03066e-04
4.18364e-04
3.75014e-04
4.22639e-04
4.45454e-04
1.18841e-04
-6.29565e-04
-1.34489e-03
-1.62188e-03
-1.54324e-03
-1.24956e-03
-5.87852e-04
3.30242e-04
8.43083e-04
5.97111e-04
1.09227e-04
-8.91903e-05
-3.00013e-04
-1.00500e-03
-1.92914e-03
-2.46251e-03
-2.56789e-03
-2.61950e-03
-2.74348e-03
-2.87367e-03
-3.08035e-03
-3.31598e-03
-3.20425e-03
-2.54668e-03
-1.73196e-03
-1.23358e-03
-1.01227e-03
-8.07498e-04
-6.83363e-04
-8.56963e-04
-1.20838e-03
-1.35923e-03
-1.21856e-03
-1.12957e-03
-1.43136e-03
-2.01848e-03
-2.43606e-03
-2.38635e-03
-2.00790e-03
-1.65839e-03
-1.59628e-03
-1.92495e-03
-2.64439e-03
-3.52925e-03
-4.09983e-03
-3.99843e-03
-3.33051e-03
-2.52612e-03
-1.95330e-03
-1.77127e-03
-1.93659e-03
-2.18048e-03
-2.23622e-03
-2.19892e-03
-2.36424e-03
-2.61640e-03
-2.42816e-03
-1.66306e-03
-8.81408e-04
-5.81515e-04
-5.93832e-04
-5.89607e-04
-5.89517e-04
-6.45253e-04
-4.88024e-04
4.96474e-05
6.57617e-04
1.00300e-03
1.15816e-03
1.25957e-03
1.19350e-03
9.78559e-04
1.03861e-03
1.65692e-03
2.46752e-03
2.92870e-03
2.98875e-03
2.95163e-03
2.94345e-03
2.86498e-03
2.74515e-03
2.74939e-03
2.84046e-03
2.70203e-03
2.12939e-03
1.42444e-03
1.20537e-03
1.78646e-03
2.81624e-03
3.68060e-03
4.13971e-03
4.37759e-03
4.51001e-03
4.33023e-03
3.67283e-03
2.81074e-03
2.21537e-03
2.03352e-03
2.00054e-03
1.89313e-03
1.81259e-03
1.87266e-03
1.89964e-03
1.73227e-03
1.57317e-03
1.66838e-03
1.78014e-03
1.57762e-03
1.31928e-03
1.45998e-03
1.70614e-03
1.37749e-03
5.96043e-04
1.82629e-04
3.79161e-04
6.81143e-04
8.73541e-04
1.16725e-03
1.32657e-03
8.03575e-04
-2.09445e-04
-9.61945e-04
-1.32573e-03
-1.74121e-03
-2.15462e-03
-2.20206e-03
-2.20402e-03
-2.75182e-03
-3.50018e-03
-3.55589e-03
-2.88793e-03
-2.19517e-03
-1.77119e-03
-1.53330e-03
-1.77302e-03
-2.64337e-03
-3.39793e-03
-3.20139e-03
-2.39903e-03
-1.97712e-03
-2.13828e-03
-2.22293e-03
-1.76793e-03
-9.36626e-04
-2.25245e-04
-4.11044e-05
-2.68419e-04
-1.85591e-04
6.29173e-04
1.50390e-03
1.52470e-03
9.16946e-04
6.44147e-04
9.91633e-04
1.54174e-03
2.18490e-03
3.03895e-03
3.70072e-03
3.72979e-03
3.52729e-03
3.65562e-03
3.77153e-03
3.25890e-03
2.40717e-03
1.82010e-03
1.32607e-03
4.72278e-04
-4.33205e-04
-8.56933e-04
-1.01807e-03
-1.35289e-03
-1.61534e-03
-1.42085e-03
-1.08576e-03
-9.88450e-04
-7.27793e-04
4.14971e-05
6.45379e-04
2.89887e-04
-6.30063e-04
-1.17371e-03
-1.32657e-03
-1.80818e-03
-2.72400e-03
-3.49714e-03
-3.86917e-03
-4.07166e-03
-4.09426e-03
-3.64131e-03
-2.82859e-03
-2.21643e-03
-2.11084e-03
-2.37741e-03
-2.82387e-03
-3.26619e-03
-3.27225e-03
-2.52363e-03
-1.40076e-03
-6.64542e-04
-5.23795e-04
-4.86428e-04
-1.36851e-04
4.44300e-04
1.07714e-03
1.85058e-03
2.92176e-03
4.16455e-03
5.16956e-03
5.60805e-03
5.58753e-03
5.55667e-03
5.67675e-03
5.50736e-03
4.70529e-03
3.73780e-03
3.34098e-03
3.35561e-03
2.93604e-03
1.94788e-03
1.17062e-03
1.00744e-03
9.51774e-04
6.72809e-04
5.86132e-04
8.30274e-04
7.12584e-04
-3.10721e-04
-1.83025e-03
-3.11201e-03
-3.86445e-03
-4.02763e-03
-3.54984e-03
-2.80947e-03
-2.51570e-03
-2.90010e-03
-3.48714e-03
-3.87154e-03
-4.04918e-03
-3.83398e-03
-2.86823e-03
-1.44967e-03
-5.19074e-04
-4.38263e-04
-4.89778e-04
4.55796e-06
8.23510e-04
1.40262e-03
1.63230e-03
1.63868e-03
1.31011e-03
4.93583e-04
-6.28952e-04
-1.69359e-03
-2.42328e-03
-2.65467e-03
-2.34641e-03
-1.75282e-03
-1.29156e-03
-1.14251e-03
-1.15473e-03
-1.16488e-03
-1.19778e-03
-1.31751e-03
-1.45378e-03
-1.48048e-03
-1.26319e-03
-7.02672e-04
8.73477e-05
7.18162e-04
8.54817e-04
6.44113e-04
5.76075e-04
9.00885e-04
1.41385e-03
1.79862e-03
1.99317e-03
2.11122e-03
2.19206e-03
2.18605e-03
2.08080e-03
1.95695e-03
1.90339e-03
1.93047e-03
1.93894e-03
1.76547e-03
1.39970e-03
1.06702e-03
9.82451e-04
1.06950e-03
1.13793e-03
1.17743e-03
1.29135e-03
1.41148e-03
1.36207e-03
1.17413e-03
1.07096e-03
1.14767e-03
1.20784e-03
8.81371e-04
-1.27412e-04
-1.67791e-03
-3.05679e-03
-3.55694e-03
-3.30447e-03
-3.09956e-03
-3.30611e-03
-3.41134e-03
-3.01827e-03
-2.60866e-03
-2.79659e-03
-3.26572e-03
-3.12076e-03
-2.11361e-03
-9.28643e-04
-2.66781e-04
-1.17687e-04
-6.78377e-05
2.33650e-05
-3.01647e-05
-2.55306e-04
-3.54321e-04
-2.27966e-04
-1.96720e-04
-4.46669e-04
-6.53198e-04
-5.41313e-04
-2.82626e-04
5.66984e-05
8.52967e-04
2.06276e-03
2.84456e-03
2.86547e-03
3.13657e-03
4.44354e-03
5.83942e-03
6.02782e-03
5.47394e-03
5.57343e-03
6.28080e-03
6.25624e-03
5.06760e-03
3.70322e-03
3.00048e-03
2.81258e-03
2.74460e-03
2.65387e-03
2.50525e-03
2.40006e-03
2.50576e-03
2.59906e-03
2.23128e-03
1.59264e-03
1.35666e-03
1.24588e-03
4.01067e-04
-1.11937e-03
-2.02306e-03
-1.70891e-03
-1.11374e-03
-1.05374e-03
-1.06794e-03
-6.15488e-04
-1.46965e-04
-2.02891e-04
-3.51478e-04
-5.87874e-05
2.66374e-04
-1.48190e-04
-1.27184e-03
-2.36215e-03
-2.93998e-03
-3.15445e-03
-3.30217e-03
-3.42841e-03
-3.43070e-03
-3.37297e-03
-3.44375e-03
-3.61801e-03
-3.67662e-03
-3.60574e-03
-3.64868e-03
-3.82736e-03
-3.84993e-03
-3.74354e-03
-3.88683e-03
-4.17297e-03
-3.80211e-03
-2.42529e-03
-8.69801e-04
-1.01186e-04
-5.26934e-05
-8.90921e-05
-2.25865e-05
-7.10315e-05
-2.03568e-04
-2.69176e-04
-3.04327e-04
-3.63220e-04
-3.69769e-04
-3.70212e-04
-5.05993e-04
-6.54778e-04
-5.96035e-04
-5.25623e-04
-7.10836e-04
-9.18414e-04
-7.96995e-04
-6.48630e-04
-9.45371e-04
-1.24967e-03
-6.52493e-04
8.16483e-04
2.16147e-03
2.73064e-03
2.79731e-03
2.77365e-03
2.68765e-03
2.37374e-03
1.64916e-03
4.64417e-04
-6.72220e-04
-8.69797e-04
-4.30505e-06
8.19382e-04
7.10570e-04
1.80964e-04
2.54862e-04
9.66974e-04
1.57043e-03
1.76151e-03
1.82274e-03
1.88110e-03
1.79467e-03
1.60810e-03
1.54936e-03
1.60202e-03
1.55766e-03
1.40463e-03
1.30618e-03
1.30561e-03
1.29009e-03
1.19785e-03
1.08631e-03
1.01380e-03
9.97867e-04
9.78230e-04
9.01055e-04
7.97661e-04
7.43475e-04
7.28877e-04
6.71638e-04
5.77738e-04
5.20082e-04
4.75276e-04
3.99330e-04
3.57386e-04
4.04606e-04
3.31354e-04
-2.19925e-04
-1.30130e-03
-2.50674e-03
-3.29294e-03
-3.40590e-03
-3.00163e-03
-2.38221e-03
-1.67653e-03
-8.46141e-04
-1.11321e-04
-8.93754e-05
-1.11936e-03
-2.54068e-03
-3.09893e-03
-2.22233e-03
-5.11304e-04
1.10966e-03
2.27802e-03
3.02953e-03
3.25138e-03
2.67679e-03
1.27753e-03
-6.42677e-04
-2.54025e-03
-3.78108e-03
-3.97191e-03
-3.27860e-03
-2.15441e-03
-7.87351e-04
7.67170e-04
1.95783e-03
1.92893e-03
5.29904e-04
-1.33725e-03
-2.59572e-03
-2.79845e-03
-2.02497e-03
-6.04469e-04
8.49898e-04
1.68643e-03
1.82868e-03
1.78691e-03
1.87420e-03
1.83651e-03
1.38152e-03
7.23982e-04
4.05925e-04
7.21067e-04
1.36785e-03
1.58566e-03
8.21397e-04
-5.58642e-04
-1.47882e-03
-1.29736e-03
-4.09704e-04
4.42483e-04
9.79949e-04
1.19225e-03
9.04863e-04
4.87663e-05
-9.69183e-04
-1.65256e-03
-1.91045e-03
-1.85560e-03
-1.51252e-03
-1.05061e-03
-9.10921e-04
-1.27915e-03
-1.75168e-03
-1.87592e-03
-1.75630e-03
-1.77009e-03
-1.92410e-03
-1.84761e-03
-1.31785e-03
-5.31564e-04
1.32589e-04
4.38216e-04
4.37739e-04
3.64889e-04
3.96859e-04
4.91051e-04
5.06039e-04
4.27476e-04
3.73416e-04
3.94476e-04
3.80405e-04
2.56428e-04
2.02603e-04
5.35685e-04
1.31266e-03
2.11986e-03
2.40955e-03
2.02953e-03
1.27982e-03
5.21523e-04
-2.48286e-05
-1.54033e-04
2.71361e-04
1.03757e-03
1.64259e-03
1.81669e-03
1.74140e-03
1.68373e-03
1.66134e-03
1.59426e-03
1.50997e-03
1.45447e-03
1.39017e-03
1.30636e-03
1.26085e-03
1.23933e-03
1.16226e-03
1.05083e-03
1.00683e-03
1.00893e-03
9.37509e-04
8.05339e-04
7.55503e-04
7.98788e-04
7.56314e-04
4.84777e-04
8.15433e-06
-5.53272e-04
-1.03144e-03
-1.20691e-03
-9.46121e-04
-3.92523e-04
1.21942e-04
3.71280e-04
3.74703e-04
2.86669e-04
2.43155e-04
2.67126e-04
2.41096e-04
-1.10998e-05
-5.16930e-04
-1.05922e-03
-1.36106e-03
-1.35736e-03
-1.23476e-03
-1.20115e-03
-1.27061e-03
-1.32467e-03
-1.30762e-03
-1.28166e-03
-1.28445e-03
-1.26936e-03
-1.22922e-03
-1.22364e-03
-1.24513e-03
-1.20319e-03
-1.12538e-03
-1.15430e-03
-1.23522e-03
-1.08624e-03
-6.32113e-04
-2.08236e-04
-7.48595e-05
-2.69357e-05
1.86948e-04
3.39999e-04
5.36015e-05
-5.33152e-04
-8.76947e-04
-7.78059e-04
-5.75998e-04
-5.96711e-04
-7.52664e-04
-7.92829e-04
-6.54522e-04
-4.36648e-04
-2.26842e-04
-7.84850e-05
-3.27288e-05
-6.93772e-05
-9.91043e-05
-8.40004e-05
-7.38561e-05
-1.00529e-04
-1.23019e-04
-1.13544e-04
-1.11524e-04
-1.41187e-04
-1.51953e-04
-1.03582e-04
-2.00258e-05
7.89310e-05
2.26616e-04
4.12869e-04
5.21306e-04
4.52312e-04
2.45350e-04
9.93669e-06
-1.81376e-04
-2.75859e-04
-2.15925e-04
-3.61803e-05
1.26614e-04
2.02193e-04
2.52221e-04
3.04614e-04
2.58154e-04
6.38493e-05
-1.56397e-04
-2.82206e-04
-3.40136e-04
-3.76779e-04
-3.30513e-04
-1.73525e-04
-4.23050e-05
-7.55416e-05
-2.13619e-04
-2.93932e-04
-2.65824e-04
-2.02302e-04
-1.60630e-04
-1.49317e-04
-1.70943e-04
-2.17807e-04
-2.51400e-04
-2.45383e-04
-2.20717e-04
-2.07833e-04
-2.02641e-04
-1.88880e-04
-1.67261e-04
-1.53446e-04
-1.52373e-04
-1.51262e-04
-1.33508e-04
-1.00321e-04
-7.27311e-05
-6.38173e-05
-5.62388e-05
-3.36831e-05
-1.17798e-05
-1.00803e-05
-5.08762e-06
4.01679e-05
1.12089e-04
1.61412e-04
1.76116e-04
1.89975e-04
2.20164e-04
2.43108e-04
2.41970e-04
2.30304e-04
2.24751e-04
2.23179e-04
2.19391e-04
2.13876e-04
2.07688e-04
2.02782e-04
2.08558e-04
2.29917e-04
2.54254e-04
2.62879e-04
2.53755e-04
2.37923e-04
2.18953e-04
1.92126e-04
1.61923e-04
1.44236e-04
1.47021e-04
1.60022e-04
1.68774e-04
1.69515e-04
1.66234e-04
1.61524e-04
1.56027e-04
1.52055e-04
1.50420e-04
1.47346e-04
1.39653e-04
1.30581e-04
1.25945e-04
1.26341e-04
1.28843e-04
1.32932e-04
1.39437e-04
1.45638e-04
1.47240e-04
1.44279e-04
1.40669e-04
1.38696e-04
1.37604e-04
1.36502e-04
1.35538e-04
1.34736e-04
1.33905e-04
1.33364e-04
1.33470e-04
1.33994e-04
1.34780e-04
1.36002e-04
1.37762e-04
1.39861e-04
1.42256e-04
1.45077e-04
1.48303e-04
