4.46633e-05
-4.91707e-04
-1.10345e-03
5.60344e-05
1.13191e-03
1.41880e-04
-2.45859e-04
-7.54659e-04
-8.29672e-04
-4.76764e-04
-1.08455e-03
-2.03612e-03
-6.46783e-04
1.45277e-03
1.57619e-03
1.28073e-03
-5.73143e-05
-1.40434e-04
2.00976e-04
1.45317e-04
3.27469e-04
-2.67457e-04
9.76955e-04
6.46408e-04
-1.78483e-04
-2.64656e-04
2.67580e-04
3.94061e-04
1.12279e-03
8.81667e-04
-9.38611e-04
-1.36009e-03
6.49616e-05
2.16979e-03
2.07296e-03
2.64190e-04
-1.75228e-03
-2.10145e-03
-2.38071e-03
-2.02542e-03
-4.93936e-04
3.33344e-03
5.49805e-03
3.02154e-03
2.22965e-04
-1.72107e-03
-2.44602e-03
-1.94167e-04
6.19629e-04
3.84557e-04
4.58660e-04
2.29058e-03
3.57132e-03
4.37307e-03
4.74740e-03
3.17196e-03
9.01084e-04
5.24362e-04
-1.80846e-03
-4.12488e-03
-2.64735e-03
-1.22200e-03
-1.53691e-04
-5.86753e-04
-4.20614e-03
-7.78366e-03
-1.16547e-02
-1.20441e-02
-1.05455e-02
-5.67849e-03
-1.56265e-03
2.13627e-03
6.59891e-03
8.64429e-03
8.62276e-03
8.49514e-03
8.03361e-03
6.09936e-03
3.44301e-03
1.12507e-04
-3.16183e-03
-3.83008e-03
-1.10709e-03
-2.80775e-04
-2.41987e-03
-5.81843e-03
-6.43768e-03
-6.19961e-03
-5.94417e-03
-4.41714e-03
-2.37148e-03
2.44732e-03
7.10112e-03
6.94408e-03
4.52269e-03
4.96354e-03
6.85124e-03
5.52883e-03
3.78917e-03
2.34078e-03
8.63639e-06
-3.13081e-03
-6.56719e-03
-8.67113e-03
-9.63434e-03
-7.68337e-03
-5.38975e-03
-2.99769e-03
2.14198e-03
8.43449e-03
9.83209e-03
1.27408e-02
1.52548e-02
1.30954e-02
8.09042e-03
5.77432e-03
5.09435e-03
2.31842e-03
-1.34233e-04
-2.21753e-03
-3.09741e-03
-3.49490e-03
-2.89721e-03
-3.22119e-03
-4.07240e-03
-1.16149e-02
-2.32060e-02
-2.83397e-02
-2.37985e-02
-1.53768e-02
-7.95620e-03
-1.19715e-03
5.55764e-03
1.00802e-02
1.32442e-02
1.81463e-02
2.50283e-02
2.67881e-02
2.17240e-02
1.25041e-02
3.26910e-03
-5.19859e-03
-1.04624e-02
-1.13218e-02
-1.20755e-02
-1.53459e-02
-1.62398e-02
-1.39367e-02
-1.33964e-02
-1.65784e-02
-1.76750e-02
-1.39085e-02
-8.42436e-03
-1.99623e-03
7.74157e-03
2.06686e-02
3.08044e-02
3.57208e-02
3.46377e-02
2.84190e-02
1.67937e-02
2.14725e-03
-1.19307e-02
-2.38164e-02
-2.61276e-02
-2.29489e-02
-1.84983e-02
-1.24559e-02
-3.80274e-03
6.64118e-03
1.81525e-02
2.41374e-02
2.13163e-02
1.51681e-02
7.34665e-03
5.73983e-04
-1.81893e-03
-1.34368e-04
8.43512e-04
8.57993e-04
-3.00032e-03
-8.41988e-03
-1.51691e-02
-1.96063e-02
-2.09503e-02
-1.91676e-02
-1.35816e-02
-6.74243e-03
-3.96975e-04
5.88926e-03
1.03729e-02
1.26647e-02
1.21631e-02
1.07464e-02
8.74354e-03
4.84276e-03
2.25937e-03
2.62842e-03
4.82912e-03
6.75312e-03
5.64100e-03
4.71391e-04
-2.03701e-03
-4.09111e-03
-7.29151e-03
-7.33822e-03
-4.76149e-03
-4.03632e-03
-1.67585e-03
8.59911e-04
1.67936e-03
3.56204e-03
2.84962e-03
-1.18559e-03
-6.11643e-03
-8.43063e-03
-5.74578e-03
-2.04161e-03
7.00592e-04
-2.66297e-04
-3.81918e-03
-7.57827e-03
-9.72070e-03
-9.59058e-03
-7.68383e-03
-5.73851e-03
-4.63496e-03
-4.74306e-03
-3.34300e-03
2.96876e-03
1.72218e-02
2.85219e-02
2.96582e-02
2.20364e-02
1.30068e-02
5.44951e-03
-2.25933e-04
-4.06698e-03
-3.24340e-03
1.53858e-03
6.91411e-03
1.11198e-02
1.77525e-02
2.69091e-02
4.18045e-02
5.16753e-02
5.23118e-02
4.65674e-02
3.00297e-02
5.65052e-03
-2.20219e-02
-5.43251e-02
-9.35936e-02
-1.25856e-01
-1.49349e-01
-1.69142e-01
-1.76860e-01
-1.64264e-01
-1.37362e-01
-1.08449e-01
-7.47634e-02
-2.83762e-02
3.26522e-02
8.96303e-02
1.43839e-01
1.82826e-01
1.92638e-01
2.02279e-01
2.13377e-01
2.02625e-01
1.79263e-01
1.52917e-01
1.24248e-01
9.07068e-02
4.87076e-02
-1.93545e-02
-7.66517e-02
-9.50938e-02
-9.63088e-02
-9.76825e-02
-1.02462e-01
-1.26409e-01
-1.60988e-01
-1.89692e-01
-1.93720e-01
-1.72513e-01
-1.35509e-01
-8.32652e-02
1.19762e-02
9.65405e-02
1.27718e-01
1.35486e-01
1.51771e-01
1.63807e-01
1.59765e-01
1.43228e-01
1.21521e-01
9.75137e-02
6.65128e-02
2.77103e-02
-7.19649e-03
-1.95018e-02
-4.68269e-03
1.67003e-02
2.20343e-02
3.27673e-02
3.92674e-02
2.26268e-02
-4.34652e-03
-3.33300e-02
-9.64658e-02
-1.88878e-01
-2.66380e-01
-3.25966e-01
-3.48943e-01
-3.40376e-01
-2.99662e-01
-2.44725e-01
-1.90517e-01
-1.38701e-01
-8.78509e-02
-3.80870e-02
1.83644e-02
9.73100e-02
1.87999e-01
2.64853e-01
3.22957e-01
3.69508e-01
3.85342e-01
3.80425e-01
3.54897e-01
3.04574e-01
2.50960e-01
1.93662e-01
1.39598e-01
4.52575e-02
-7.61310e-02
-1.72357e-01
-2.48144e-01
-3.04669e-01
-2.98567e-01
-2.49032e-01
-1.86442e-01
-1.24703e-01
-8.42483e-02
-5.52765e-02
-2.80140e-02
1.74404e-03
2.81724e-02
7.03258e-02
1.03278e-01
1.03498e-01
9.24378e-02
7.81078e-02
5.88214e-02
4.09941e-02
2.92408e-02
2.59298e-02
2.98766e-02
3.65302e-02
3.10360e-02
1.20862e-02
-9.05772e-03
-1.71963e-02
-1.06365e-02
2.44406e-03
9.14493e-03
8.82905e-03
1.62525e-03
-1.26349e-02
-2.99316e-02
-4.22160e-02
-4.83675e-02
-5.04376e-02
-4.79639e-02
-4.31580e-02
-3.76734e-02
-3.87362e-02
-4.86775e-02
-6.25407e-02
-7.11164e-02
-7.20904e-02
-6.90803e-02
-6.70872e-02
-6.74436e-02
-6.81519e-02
-6.00279e-02
-4.28787e-02
-2.00448e-02
8.63311e-03
3.61557e-02
5.30638e-02
6.13368e-02
6.49339e-02
7.12504e-02
7.80119e-02
8.02813e-02
7.87550e-02
7.22565e-02
5.91292e-02
3.63383e-02
-3.95900e-04
-2.82881e-02
-3.18650e-02
-2.12800e-02
-7.70470e-03
1.95653e-03
4.80654e-03
5.24180e-04
-5.81399e-03
-9.65047e-03
-6.90846e-03
-1.77842e-03
6.43000e-03
1.52176e-02
2.69554e-02
4.09458e-02
5.26148e-02
5.81067e-02
5.50496e-02
4.61168e-02
3.75834e-02
3.11035e-02
2.68415e-02
1.65478e-02
2.98302e-03
-8.54729e-03
-1.26007e-02
-1.17771e-02
-9.53486e-03
-1.01586e-02
-1.73080e-02
-2.45605e-02
-3.43645e-02
-4.32814e-02
-4.54249e-02
-4.24477e-02
-3.48690e-02
-2.03595e-02
-3.83343e-03
1.24526e-02
1.92081e-02
1.51357e-02
2.90119e-03
-1.26159e-02
-2.43512e-02
-2.83244e-02
-2.63520e-02
-2.28512e-02
-1.64043e-02
-1.09626e-02
-7.53046e-03
-1.13850e-02
-1.99823e-02
-3.02792e-02
-3.46929e-02
-3.19753e-02
-2.38988e-02
-1.04659e-02
3.46445e-03
1.23419e-02
1.82999e-02
1.90946e-02
1.74956e-02
1.46474e-02
1.00744e-02
2.76038e-03
-3.48073e-03
-7.45929e-03
-8.99624e-03
-9.40987e-03
-8.44411e-03
-3.37097e-03
4.48853e-03
1.41126e-02
2.15234e-02
2.64387e-02
2.99431e-02
3.12551e-02
3.11436e-02
2.88465e-02
2.45721e-02
1.74941e-02
8.46965e-03
-5.22627e-03
-2.14796e-02
-4.04340e-02
-5.21702e-02
-5.13586e-02
-4.61581e-02
-3.59704e-02
-2.21545e-02
-3.98549e-03
1.45219e-02
2.82256e-02
3.37851e-02
3.51288e-02
3.55145e-02
3.65039e-02
3.44648e-02
3.27959e-02
3.52224e-02
4.05086e-02
4.57638e-02
4.74448e-02
4.29511e-02
3.42073e-02
2.26892e-02
8.54357e-03
-4.85399e-03
-1.46578e-02
-2.01001e-02
-2.17041e-02
-2.10705e-02
-1.90988e-02
-1.61421e-02
-1.31448e-02
-1.26084e-02
-1.38122e-02
-1.58515e-02
-1.80833e-02
-1.82251e-02
-1.57075e-02
-1.44870e-02
-1.67388e-02
-2.02955e-02
-2.25043e-02
-2.40610e-02
-2.85784e-02
-3.20155e-02
-3.30671e-02
-3.05725e-02
-2.52061e-02
-1.85717e-02
-1.15759e-02
-4.97479e-03
2.86830e-04
4.12649e-03
4.97497e-03
1.95247e-03
-1.00304e-03
-3.41909e-03
-3.09944e-03
-1.46119e-03
-1.20029e-04
6.59920e-04
2.36862e-04
8.49476e-04
-2.41528e-04
-1.49999e-03
-3.10756e-03
-2.64229e-03
9.27885e-05
3.17371e-03
6.90233e-03
9.76816e-03
9.72999e-03
8.70190e-03
7.79579e-03
3.97997e-03
-9.89806e-05
1.35604e-03
6.14426e-03
1.58291e-02
2.52757e-02
3.83642e-02
4.80187e-02
5.36690e-02
5.66183e-02
5.54831e-02
5.02378e-02
4.37102e-02
3.50770e-02
2.33165e-02
1.29350e-02
3.30625e-03
-4.86953e-03
-1.17437e-02
-1.88069e-02
-2.58485e-02
-3.20588e-02
-3.30757e-02
-3.10285e-02
-2.60112e-02
-2.14626e-02
-1.81037e-02
-1.44797e-02
-1.16054e-02
-1.02427e-02
-7.50368e-03
-6.15827e-03
-6.98727e-03
-1.04993e-02
-1.07418e-02
-1.07719e-02
-1.11329e-02
-1.08416e-02
-9.40050e-03
-7.39386e-03
-4.02704e-03
-1.71792e-03
-1.95057e-03
-7.46383e-03
-1.45921e-02
-1.87021e-02
-2.04134e-02
-2.00744e-02
-1.76594e-02
-1.61983e-02
-1.39352e-02
-1.00259e-02
-6.24107e-03
-2.89869e-03
7.99583e-04
2.29912e-03
2.75865e-03
1.17545e-03
7.90518e-04
3.12572e-03
8.78179e-03
1.79109e-02
2.46052e-02
2.97553e-02
3.17155e-02
3.18144e-02
2.79420e-02
2.16744e-02
1.35317e-02
2.13996e-03
-6.53492e-03
-1.01803e-02
-1.21575e-02
-1.11638e-02
-9.85121e-03
-1.00054e-02
-1.08970e-02
-1.16765e-02
-9.75912e-03
-7.33619e-03
-6.26127e-03
-3.49350e-03
1.65968e-03
6.80404e-03
1.15233e-02
1.62805e-02
1.95190e-02
2.08072e-02
1.88999e-02
1.54289e-02
1.16707e-02
7.69645e-03
5.83677e-03
7.07783e-03
8.54315e-03
1.05918e-02
1.11436e-02
8.84309e-03
7.36472e-03
5.55706e-03
2.98018e-03
-5.53968e-04
-5.14733e-03
-9.72880e-03
-1.22796e-02
-1.18542e-02
-9.04621e-03
-6.96784e-03
-6.31143e-03
-1.03923e-02
-1.51460e-02
-1.90325e-02
-2.06858e-02
-1.88834e-02
-1.29925e-02
-6.15774e-03
1.38147e-03
7.01935e-03
9.65066e-03
9.67582e-03
7.73143e-03
2.90905e-03
-3.06369e-03
-1.03400e-02
-1.71654e-02
-2.31441e-02
-2.67451e-02
-2.77263e-02
-2.51151e-02
-1.92107e-02
-9.80675e-03
-7.57458e-04
5.11594e-03
7.65352e-03
9.59901e-03
1.07959e-02
1.07940e-02
1.23625e-02
1.48124e-02
1.41337e-02
1.22663e-02
8.83073e-03
6.70546e-03
5.26743e-03
5.97014e-03
7.27594e-03
1.21778e-02
1.75141e-02
1.94639e-02
1.99983e-02
1.95608e-02
1.75010e-02
1.46677e-02
1.04616e-02
4.43384e-03
-3.15570e-03
-9.30084e-03
-1.32211e-02
-1.58306e-02
-1.68693e-02
-1.65609e-02
-1.56818e-02
-1.37351e-02
-1.11373e-02
-7.89548e-03
-4.25831e-03
-1.07412e-03
1.30795e-03
1.97310e-03
2.69392e-03
3.04501e-03
4.08519e-03
5.27373e-03
5.05024e-03
3.91518e-03
2.29319e-03
7.72838e-04
-9.20479e-04
-2.08365e-03
-3.20512e-03
-4.05755e-03
-5.10597e-03
-5.71674e-03
-5.94801e-03
-5.29128e-03
-4.08139e-03
-2.78978e-03
-1.52744e-03
-1.57697e-04
1.06126e-03
2.11962e-03
2.67018e-03
2.51550e-03
2.11585e-03
1.69877e-03
1.43768e-03
1.35995e-03
1.42209e-03
1.33554e-03
1.42114e-03
1.48609e-03
1.53897e-03
1.22405e-03
8.01660e-04
3.86329e-04
4.52208e-05
-8.76630e-05
-1.75237e-04
-1.91000e-04
-1.91118e-04
-2.06777e-04
-2.22939e-04
-2.25852e-04
-2.01652e-04
-1.52293e-04
