2.13204e-03
1.61613e-03
1.05810e-03
-5.81851e-04
1.32827e-03
-2.20847e-04
-1.53813e-03
-9.56783e-04
-1.19548e-03
-1.06367e-03
-1.28120e-03
-9.82535e-04
-1.27819e-03
-1.00437e-03
-3.68919e-03
-5.63298e-03
-3.91729e-03
2.03173e-03
3.14905e-03
4.76927e-03
7.36216e-03
4.55893e-03
1.27161e-03
-4.07230e-03
-5.47919e-03
-2.78517e-03
1.56188e-03
2.11159e-03
-4.00248e-03
-5.61596e-03
-4.93111e-03
-3.08826e-03
1.53489e-03
3.69911e-03
5.58689e-03
3.62440e-03
2.96516e-03
1.18755e-03
-1.13371e-03
-8.18493e-04
-1.11450e-03
-8.45220e-04
-3.09666e-03
-5.48875e-03
-8.33705e-03
-9.29099e-03
-5.20608e-03
-1.00528e-04
4.49793e-03
9.51704e-03
1.12395e-02
8.31224e-03
6.09005e-03
2.32090e-03
-3.10000e-03
-5.48168e-03
-5.22091e-03
-1.84103e-03
3.17500e-03
6.52009e-03
6.86676e-03
4.26344e-03
-5.46442e-04
-4.97955e-03
-4.81824e-03
-5.58859e-04
6.26086e-03
1.10016e-02
1.04302e-02
5.73846e-03
-6.40091e-03
-1.56017e-02
-1.67495e-02
-9.38924e-03
3.79365e-04
1.16979e-02
1.46703e-02
1.29260e-02
6.72249e-03
-4.40448e-04
-2.14569e-03
-2.18089e-03
-1.62516e-03
2.60987e-03
5.68167e-03
2.93393e-03
-1.70948e-03
-3.60934e-03
-5.36877e-03
-2.08482e-03
3.05162e-03
4.94381e-03
1.70177e-03
-4.15811e-03
-1.08842e-02
-1.06953e-02
-5.55376e-03
-1.20990e-03
3.19065e-03
4.55199e-03
4.57280e-03
3.02986e-03
2.87576e-04
2.77778e-03
7.99939e-03
1.13019e-02
8.04002e-03
1.50679e-03
-9.79329e-03
-1.96183e-02
-2.14239e-02
-2.15576e-02
-2.11324e-02
-1.66963e-02
-1.37400e-02
-1.14137e-02
-8.66520e-03
-1.69393e-03
7.71458e-03
1.43141e-02
2.21540e-02
2.25342e-02
2.02059e-02
1.72529e-02
1.08041e-02
4.65336e-03
1.70478e-03
-5.30554e-04
-3.48553e-03
-5.61164e-03
-8.56063e-03
-7.95033e-03
-4.82776e-03
-2.67238e-03
2.15538e-03
3.57147e-03
4.72623e-03
7.62453e-03
8.59179e-03
5.68398e-03
6.70973e-04
-6.52471e-03
-9.58012e-03
-1.22555e-02
-1.29481e-02
-1.27245e-02
-9.82456e-03
-4.39672e-03
-1.47755e-03
-3.46967e-03
-3.96455e-03
-1.07650e-03
3.80913e-03
8.79518e-03
1.38465e-02
1.75873e-02
1.82167e-02
1.59316e-02
1.39955e-02
1.39273e-02
8.90798e-03
8.96126e-04
-4.47217e-03
-4.25801e-03
3.58245e-04
5.83125e-03
1.25712e-02
1.42849e-02
1.38027e-02
1.19086e-02
4.06169e-03
-2.50922e-03
-6.48373e-03
-7.12400e-03
-9.44717e-03
-1.22852e-02
-1.49351e-02
-1.65591e-02
-1.75926e-02
-2.10144e-02
-2.15730e-02
-2.16152e-02
-1.89158e-02
-1.31911e-02
-4.18685e-04
1.16008e-02
1.68231e-02
1.92379e-02
2.17762e-02
2.28788e-02
1.69125e-02
8.98975e-03
1.02052e-03
-4.11634e-03
-7.28594e-03
-5.33042e-03
3.36872e-03
1.14816e-02
1.39293e-02
1.35966e-02
1.32638e-02
1.30036e-02
1.10804e-02
6.11711e-03
2.46367e-04
-2.22385e-03
7.23205e-04
1.19589e-02
1.99023e-02
2.02383e-02
1.72673e-02
1.75065e-02
1.84142e-02
1.31514e-02
6.97678e-04
-2.02776e-02
-4.34719e-02
-5.31895e-02
-5.25240e-02
-4.75034e-02
-4.32247e-02
-4.41620e-02
-3.98598e-02
-3.55554e-02
-2.95405e-02
-1.99815e-02
-7.95449e-03
9.16117e-03
1.94300e-02
1.74595e-02
2.25471e-03
-1.83731e-02
-3.14323e-02
-2.51862e-02
-1.07353e-02
-3.03661e-03
-3.15359e-03
-1.02147e-02
-2.16245e-02
-3.19665e-02
-3.72114e-02
-3.60162e-02
-3.03167e-02
-2.20677e-02
-1.89660e-02
-2.11433e-02
-2.05181e-02
-1.97260e-02
-1.84742e-02
-1.60599e-02
-1.74707e-02
-1.74464e-02
-1.87705e-02
-2.35689e-02
-3.18181e-02
-4.52556e-02
-5.62025e-02
-6.05061e-02
-6.68628e-02
-7.09429e-02
-7.52760e-02
-7.75686e-02
-7.29471e-02
-2.56815e-02
6.08011e-02
1.45527e-01
2.21138e-01
2.47158e-01
2.45896e-01
2.44620e-01
2.44668e-01
2.43502e-01
2.45377e-01
2.51798e-01
2.61334e-01
2.71368e-01
2.85336e-01
2.96747e-01
3.14590e-01
3.26716e-01
3.36601e-01
3.41147e-01
3.29192e-01
2.37643e-01
1.12264e-01
-7.52561e-03
-1.28860e-01
-2.54123e-01
-3.29881e-01
-3.70007e-01
-4.06189e-01
-4.30144e-01
-4.48642e-01
-4.65744e-01
-4.78695e-01
-4.83843e-01
-4.80838e-01
-4.67500e-01
-4.34981e-01
-3.80716e-01
-3.29238e-01
-2.90404e-01
-2.54530e-01
-2.19176e-01
-1.79366e-01
-1.27285e-01
-7.85213e-02
-4.26151e-02
-1.26679e-02
1.40946e-02
3.17705e-02
4.29937e-02
5.19900e-02
6.17946e-02
8.17661e-02
1.12194e-01
1.42786e-01
1.75765e-01
2.11981e-01
2.43545e-01
2.70733e-01
2.95366e-01
3.18988e-01
3.42626e-01
3.62883e-01
3.76790e-01
3.86200e-01
3.84937e-01
3.68890e-01
2.95631e-01
1.75375e-01
6.03221e-02
-5.88842e-02
-1.55703e-01
-2.08384e-01
-2.41139e-01
-2.61635e-01
-2.66011e-01
-2.59885e-01
-2.21942e-01
-1.49652e-01
-7.35614e-02
-6.26557e-04
5.95951e-02
8.34998e-02
8.73778e-02
7.19936e-02
2.86810e-02
-1.29825e-02
-3.49549e-02
-5.47345e-02
-6.63808e-02
-6.56396e-02
-4.93577e-02
-1.84469e-02
2.06484e-02
6.04901e-02
1.01831e-01
1.38266e-01
1.70613e-01
2.03561e-01
2.36779e-01
2.56657e-01
2.70602e-01
2.74714e-01
2.64710e-01
1.90829e-01
7.78639e-02
-2.40002e-02
-9.70495e-02
-1.59969e-01
-2.14954e-01
-2.58994e-01
-2.95571e-01
-3.22397e-01
-3.45444e-01
-3.63523e-01
-3.75585e-01
-3.76551e-01
-3.69430e-01
-3.34814e-01
-2.30375e-01
-1.07479e-01
-7.21809e-03
5.84453e-02
1.06039e-01
1.40151e-01
1.66110e-01
1.89614e-01
2.07924e-01
2.26300e-01
2.38665e-01
2.48465e-01
2.49840e-01
2.43525e-01
2.10066e-01
1.32594e-01
5.10423e-02
-8.82987e-03
-4.93406e-02
-7.06030e-02
-7.88895e-02
-7.47480e-02
-6.28472e-02
-5.14949e-02
-4.43318e-02
-4.24946e-02
-4.49074e-02
-5.18084e-02
-6.81054e-02
-8.84646e-02
-1.08069e-01
-1.22994e-01
-1.30897e-01
-1.31751e-01
-1.26695e-01
-1.03723e-01
-7.00032e-02
-3.16384e-02
5.99342e-04
1.67803e-02
2.08266e-02
1.73338e-02
8.87413e-03
4.30641e-03
1.09316e-02
2.03071e-02
2.39662e-02
2.74280e-02
2.48006e-02
1.94965e-02
2.16498e-02
3.03784e-02
4.67675e-02
7.16995e-02
1.02007e-01
1.28871e-01
1.38832e-01
1.40134e-01
1.27778e-01
1.04488e-01
7.21341e-02
4.29574e-02
2.06245e-02
7.85260e-03
5.94287e-03
1.10971e-02
2.18874e-02
4.10895e-02
5.94321e-02
7.05837e-02
6.87627e-02
5.99732e-02
3.92389e-02
1.04300e-02
-1.22180e-02
-2.77985e-02
-4.10031e-02
-4.86436e-02
-5.37139e-02
-5.92149e-02
-6.26668e-02
-6.69713e-02
-7.73287e-02
-9.35125e-02
-1.18277e-01
-1.44709e-01
-1.62209e-01
-1.62236e-01
-1.40269e-01
-5.06680e-02
4.37931e-02
9.94066e-02
1.29746e-01
1.41619e-01
1.43019e-01
1.29901e-01
9.41668e-02
3.45651e-02
-2.91582e-02
-7.57561e-02
-9.92763e-02
-1.08382e-01
-1.07485e-01
-8.62125e-02
-5.04383e-02
-2.51218e-02
-1.40415e-02
-1.52835e-02
-2.56734e-02
-4.64013e-02
-6.52408e-02
-7.28294e-02
-7.19656e-02
-5.66114e-02
-1.26718e-02
4.20732e-02
7.22893e-02
8.70087e-02
9.82271e-02
1.00390e-01
9.89220e-02
8.96319e-02
8.23224e-02
7.22049e-02
6.27650e-02
5.19548e-02
4.49911e-02
3.84648e-02
2.84731e-02
1.82887e-02
7.34487e-03
-1.22950e-02
-4.04331e-02
-6.38080e-02
-8.09937e-02
-8.81180e-02
-9.40350e-02
-9.59560e-02
-8.78197e-02
-5.88022e-02
4.25817e-03
6.03021e-02
8.51401e-02
9.42354e-02
9.40105e-02
7.72677e-02
4.34649e-02
6.12018e-03
-9.73424e-03
-1.67300e-02
-1.48797e-02
-5.53119e-03
7.48789e-03
1.75917e-02
2.51430e-02
2.76998e-02
2.35577e-02
1.74306e-02
7.65573e-03
-2.74879e-03
-1.28264e-02
-2.32001e-02
-3.10198e-02
-3.62963e-02
-3.67591e-02
-2.90080e-02
-1.87093e-02
-9.38688e-03
3.24938e-03
1.23994e-02
2.01193e-02
2.51683e-02
2.36796e-02
1.63998e-02
-2.16644e-03
-2.83766e-02
-5.63506e-02
-8.00527e-02
-9.38029e-02
-1.04314e-01
-1.08630e-01
-1.07454e-01
-9.82340e-02
-8.21203e-02
-6.22760e-02
-4.48126e-02
-2.83770e-02
-2.12877e-02
-1.31822e-02
-1.81725e-03
7.96171e-03
1.83351e-02
2.90563e-02
4.37655e-02
5.73932e-02
6.80365e-02
7.82666e-02
8.90105e-02
9.83962e-02
1.04681e-01
1.07889e-01
1.08718e-01
1.08857e-01
1.08840e-01
1.11508e-01
9.90341e-02
7.56086e-02
4.08497e-02
4.96286e-03
-1.86254e-02
-2.86551e-02
-3.11427e-02
-3.23202e-02
-3.04760e-02
-2.66331e-02
-2.44409e-02
-1.71142e-02
-8.72764e-03
-1.60577e-03
2.49403e-03
4.26997e-03
1.70747e-03
-3.96829e-03
-1.48308e-02
-2.72648e-02
-3.92764e-02
-5.16965e-02
-5.71558e-02
-6.06103e-02
-6.14634e-02
-5.95758e-02
-5.30844e-02
-4.45528e-02
-3.46139e-02
-2.63148e-02
-1.89041e-02
-1.25531e-02
-7.91613e-03
-5.81302e-03
-4.63737e-03
-3.89899e-03
-4.56951e-03
-4.57765e-03
-2.75293e-03
-8.66310e-05
4.27585e-03
9.69245e-03
1.46333e-02
1.86586e-02
2.13442e-02
2.27644e-02
2.30133e-02
2.19829e-02
1.96529e-02
1.68558e-02
1.36830e-02
1.05866e-02
7.87222e-03
5.52523e-03
3.65428e-03
1.96641e-03
4.21702e-04
-8.56073e-04
-1.87148e-03
-2.47000e-03
-2.64421e-03
-2.55949e-03
-2.37599e-03
