5.56029e-04
5.73170e-04
5.89918e-04
5.92899e-04
5.77125e-04
5.52437e-04
5.17417e-04
4.92778e-04
4.59448e-04
4.14035e-04
3.43527e-04
2.09789e-04
7.05123e-05
-1.54938e-05
-5.79449e-05
-2.15609e-05
1.59939e-04
5.80365e-04
1.17560e-03
1.77693e-03
2.33124e-03
2.69311e-03
3.02039e-03
3.33761e-03
3.36603e-03
3.20153e-03
2.80468e-03
2.21786e-03
1.48928e-03
6.18035e-04
1.12581e-04
-6.65460e-05
1.89642e-04
9.29815e-04
2.06761e-03
3.27969e-03
4.45697e-03
5.61887e-03
6.25563e-03
5.87554e-03
4.07543e-03
9.50591e-04
-2.89846e-03
-7.50144e-03
-1.24054e-02
-1.67231e-02
-1.98868e-02
-2.19345e-02
-2.26317e-02
-2.17875e-02
-1.93594e-02
-1.53910e-02
-1.08038e-02
-6.93455e-03
-4.00301e-03
-1.92025e-03
2.53224e-05
1.54459e-03
2.73417e-03
3.44456e-03
3.07084e-03
2.54973e-03
2.35596e-03
2.50002e-03
2.66006e-03
3.71155e-03
6.32532e-03
1.08020e-02
1.64758e-02
2.25874e-02
2.84247e-02
3.34399e-02
3.64757e-02
3.55492e-02
3.18360e-02
2.55406e-02
1.64964e-02
6.27146e-03
-3.45197e-03
-1.08215e-02
-1.58708e-02
-1.81488e-02
-1.95772e-02
-2.04678e-02
-2.00780e-02
-1.97581e-02
-1.96756e-02
-1.88538e-02
-1.70485e-02
-1.46317e-02
-1.17667e-02
-8.84408e-03
-6.42600e-03
-5.25810e-03
-5.30213e-03
-5.99516e-03
-7.28224e-03
-8.56103e-03
-9.34258e-03
-9.22731e-03
-8.04212e-03
-6.29896e-03
-2.99157e-03
3.94049e-04
3.13275e-03
5.00368e-03
5.72152e-03
4.97370e-03
3.16195e-03
1.55711e-03
2.23164e-03
4.72254e-03
8.18689e-03
1.19894e-02
1.47650e-02
1.48349e-02
1.19990e-02
7.97056e-03
5.80516e-03
5.45212e-03
7.64195e-03
1.26962e-02
1.86716e-02
2.40599e-02
2.60868e-02
2.46717e-02
2.12128e-02
1.62400e-02
1.07066e-02
5.16309e-03
-7.65300e-04
-7.16498e-03
-1.31943e-02
-1.69233e-02
-1.88530e-02
-1.96705e-02
-1.94250e-02
-1.82628e-02
-1.60334e-02
-1.27964e-02
-9.61615e-03
-6.82249e-03
-3.78608e-03
-5.40144e-04
2.69955e-03
5.68380e-03
7.67777e-03
8.92589e-03
8.96289e-03
7.90568e-03
4.93040e-03
2.46314e-03
9.37358e-04
-3.78467e-04
-7.84174e-04
-1.27442e-03
-3.00258e-03
-6.02460e-03
-1.02361e-02
-1.54472e-02
-1.95990e-02
-2.07672e-02
-1.95330e-02
-1.63606e-02
-1.14087e-02
-5.43649e-03
5.45796e-04
4.60730e-03
7.92154e-03
1.02638e-02
1.05752e-02
9.92603e-03
9.34338e-03
1.01879e-02
1.21556e-02
1.36174e-02
1.42175e-02
1.44297e-02
1.49778e-02
1.57980e-02
1.64057e-02
1.61425e-02
1.48391e-02
1.27168e-02
8.64688e-03
3.07929e-03
-3.81447e-03
-1.17039e-02
-1.97830e-02
-2.77910e-02
-3.52597e-02
-4.05015e-02
-4.24616e-02
-4.16217e-02
-3.83752e-02
-3.35095e-02
-2.83022e-02
-2.30297e-02
-1.76423e-02
-1.17949e-02
-7.15229e-03
-4.51622e-03
-2.48625e-03
-8.36551e-04
1.58305e-03
6.03388e-03
1.27467e-02
1.97951e-02
2.65206e-02
3.33484e-02
3.91373e-02
4.31083e-02
4.45469e-02
4.33129e-02
4.00374e-02
3.42334e-02
2.57592e-02
1.59634e-02
5.77759e-03
-3.63934e-03
-1.35531e-02
-2.18685e-02
-2.56158e-02
-2.61791e-02
-2.49302e-02
-2.26030e-02
-1.88973e-02
-1.39956e-02
-8.88817e-03
-4.54769e-03
-1.54047e-03
-1.62532e-04
-7.00973e-04
-3.19431e-03
-7.64555e-03
-1.27760e-02
-1.68863e-02
-1.93424e-02
-1.82451e-02
-1.38762e-02
-8.12945e-03
-3.05669e-03
7.67512e-04
3.22507e-03
4.10228e-03
3.89754e-03
2.93045e-03
2.66517e-04
-3.78268e-03
-7.75436e-03
-1.07775e-02
-1.33533e-02
-1.46759e-02
-1.28939e-02
-8.16568e-03
-1.04453e-03
7.56442e-03
1.52620e-02
2.10548e-02
2.43294e-02
2.42283e-02
2.30703e-02
2.13644e-02
1.84093e-02
1.43769e-02
9.89204e-03
5.09085e-03
-2.59757e-04
-6.09800e-03
-1.08378e-02
-1.30224e-02
-1.24055e-02
-8.53089e-03
-2.28351e-03
4.36515e-03
9.45898e-03
1.24574e-02
1.36283e-02
1.34960e-02
1.11671e-02
7.41182e-03
3.06293e-03
-1.49025e-03
-5.22181e-03
-8.20191e-03
-1.06428e-02
-1.07028e-02
-8.58973e-03
-5.42560e-03
-2.89239e-03
-2.00765e-03
-3.61772e-03
-7.08034e-03
-1.03086e-02
-1.30728e-02
-1.49052e-02
-1.45068e-02
-1.16655e-02
-7.99396e-03
-5.01254e-03
-3.00627e-03
-1.35860e-03
3.49870e-04
3.62476e-03
9.03495e-03
1.55760e-02
2.26238e-02
2.93553e-02
3.38547e-02
3.51677e-02
3.50172e-02
3.36776e-02
3.11033e-02
2.78292e-02
2.31530e-02
1.60781e-02
7.98804e-03
-5.12967e-04
-8.70737e-03
-1.47089e-02
-1.90194e-02
-2.41732e-02
-2.85045e-02
-3.08205e-02
-3.14954e-02
-3.14790e-02
-3.04801e-02
-2.91653e-02
-2.89099e-02
-3.02618e-02
-3.23336e-02
-3.32838e-02
-3.23700e-02
-3.02202e-02
-2.61939e-02
-1.89242e-02
-9.22891e-03
1.01163e-03
1.06175e-02
2.01994e-02
2.89613e-02
3.48652e-02
3.81552e-02
4.00586e-02
4.11000e-02
3.98263e-02
3.41482e-02
2.36626e-02
1.13561e-02
1.72618e-03
-3.88852e-03
-5.47551e-03
-2.53285e-03
2.44959e-03
7.47308e-03
1.31343e-02
1.92708e-02
2.14644e-02
1.95229e-02
1.44236e-02
7.92038e-03
1.56032e-04
-9.25453e-03
-1.85156e-02
-2.62199e-02
-3.28923e-02
-3.73548e-02
-3.78475e-02
-3.45929e-02
-2.82372e-02
-2.13189e-02
-1.63794e-02
-1.31060e-02
-1.08509e-02
-9.50570e-03
-9.37989e-03
-9.88533e-03
-1.08284e-02
-1.27279e-02
-1.47986e-02
-1.53916e-02
-1.42579e-02
-9.94832e-03
-2.09568e-03
7.98769e-03
1.95941e-02
3.25717e-02
4.53345e-02
5.36469e-02
5.57911e-02
5.36215e-02
4.81057e-02
3.98148e-02
3.15686e-02
2.37244e-02
1.53422e-02
7.89589e-03
2.43578e-03
-2.61999e-03
-5.30599e-03
-4.97007e-03
-1.93668e-03
2.92071e-03
7.98096e-03
1.18064e-02
1.35072e-02
1.24069e-02
8.63535e-03
3.71582e-03
-2.26942e-03
-8.36906e-03
-1.36925e-02
-1.71235e-02
-1.83582e-02
-1.74211e-02
-1.35666e-02
-8.57959e-03
-4.62329e-03
-1.71201e-03
1.33011e-03
5.91561e-03
1.19243e-02
1.85597e-02
2.52347e-02
3.17896e-02
3.71759e-02
4.01137e-02
4.14900e-02
4.17774e-02
4.25668e-02
4.43063e-02
4.78913e-02
5.34829e-02
5.93860e-02
6.46387e-02
6.86344e-02
7.17934e-02
7.42583e-02
7.61895e-02
7.72970e-02
7.74263e-02
7.54747e-02
7.07864e-02
6.36048e-02
5.39669e-02
4.08514e-02
2.37750e-02
4.83141e-03
-1.29393e-02
-2.96890e-02
-4.51899e-02
-6.06970e-02
-7.61804e-02
-9.03254e-02
-1.04268e-01
-1.14827e-01
-1.21398e-01
-1.28122e-01
-1.35853e-01
-1.45222e-01
-1.55956e-01
-1.66966e-01
-1.77918e-01
-1.83771e-01
-1.80225e-01
-1.67274e-01
-1.46736e-01
-1.22657e-01
-9.95088e-02
-7.67783e-02
-5.05382e-02
-2.02078e-02
1.16453e-02
4.05010e-02
6.32551e-02
7.79118e-02
9.17619e-02
1.08684e-01
1.25358e-01
1.40882e-01
1.55379e-01
1.71116e-01
1.89852e-01
2.10113e-01
2.36287e-01
2.66840e-01
2.96906e-01
3.19863e-01
3.26281e-01
3.12879e-01
2.86710e-01
2.59976e-01
2.35178e-01
2.07811e-01
1.71172e-01
1.21539e-01
6.27782e-02
-7.37073e-03
-8.56908e-02
-1.59520e-01
-2.22450e-01
-2.59728e-01
-2.77231e-01
-2.90018e-01
-3.02950e-01
-3.12147e-01
-3.14907e-01
-3.14888e-01
-3.19018e-01
-3.32110e-01
-3.55246e-01
-3.84664e-01
-4.11614e-01
-4.20191e-01
-4.11752e-01
-3.94617e-01
-3.70432e-01
-3.40702e-01
-3.00334e-01
-2.44301e-01
-1.71010e-01
-9.58067e-02
-1.91002e-02
5.37703e-02
1.00576e-01
1.25314e-01
1.44212e-01
1.71263e-01
1.91340e-01
2.07774e-01
2.23902e-01
2.38810e-01
2.51555e-01
2.57391e-01
2.56197e-01
2.52915e-01
2.51510e-01
2.53654e-01
2.58669e-01
2.62896e-01
2.61931e-01
2.49988e-01
2.22903e-01
1.82318e-01
1.38828e-01
9.20850e-02
5.25487e-02
2.15312e-02
2.88112e-03
-4.39404e-03
-1.18558e-02
-2.75282e-02
-5.29640e-02
-8.15315e-02
-9.99348e-02
-9.62938e-02
-7.71827e-02
-5.64653e-02
-4.62579e-02
-4.30916e-02
-3.75868e-02
-3.04015e-02
-2.64550e-02
-2.91186e-02
-3.63904e-02
-4.52976e-02
-5.54443e-02
-6.66946e-02
-7.82005e-02
-8.67663e-02
-9.05782e-02
-8.76760e-02
-7.88306e-02
-6.47842e-02
-4.65219e-02
-2.64739e-02
-4.81227e-03
1.69671e-02
3.71511e-02
5.38669e-02
6.98266e-02
8.10731e-02
8.53055e-02
8.57238e-02
8.35526e-02
8.00562e-02
7.61913e-02
7.17355e-02
6.62767e-02
5.87696e-02
5.04621e-02
4.24711e-02
3.44685e-02
2.76107e-02
2.08352e-02
1.26069e-02
8.54808e-04
-1.55011e-02
-3.37891e-02
-5.15187e-02
-6.79221e-02
-7.83181e-02
-8.46959e-02
-8.62380e-02
-8.56665e-02
-8.28795e-02
-7.64897e-02
-6.72894e-02
-5.64223e-02
-4.47465e-02
-3.40577e-02
-2.53427e-02
-1.90536e-02
-1.57775e-02
-1.53223e-02
-1.69575e-02
-1.97850e-02
-2.30123e-02
-2.51025e-02
-2.66375e-02
-2.76054e-02
-2.55971e-02
-1.92320e-02
-8.74347e-03
4.18107e-03
1.64716e-02
2.70485e-02
3.56124e-02
4.29831e-02
4.98339e-02
5.66711e-02
6.31640e-02
6.76981e-02
7.08220e-02
7.24181e-02
7.22838e-02
7.07663e-02
6.81935e-02
6.59903e-02
6.32416e-02
5.82477e-02
5.05203e-02
4.07083e-02
3.02991e-02
1.94707e-02
7.85151e-03
-3.18245e-03
-1.29551e-02
-2.19454e-02
-3.05497e-02
-3.93116e-02
-4.82797e-02
-5.47401e-02
-5.98562e-02
-6.35419e-02
-6.62034e-02
-6.81060e-02
-6.80082e-02
-6.63140e-02
-6.26710e-02
-5.67114e-02
-4.80755e-02
-3.69362e-02
-2.29747e-02
-7.45395e-03
7.15189e-03
1.88829e-02
2.70100e-02
3.12617e-02
3.40885e-02
3.63753e-02
3.78733e-02
3.84755e-02
3.86781e-02
3.94049e-02
4.15591e-02
4.50302e-02
4.88171e-02
5.23509e-02
5.43611e-02
5.54946e-02
5.58793e-02
5.51006e-02
5.19284e-02
4.52263e-02
3.40614e-02
2.06090e-02
6.30138e-03
-7.03565e-03
-1.79213e-02
-2.78957e-02
-3.58723e-02
-4.23148e-02
-4.72980e-02
-5.08439e-02
-5.37425e-02
-5.60585e-02
-5.80688e-02
-5.98436e-02
-6.10112e-02
-6.15393e-02
-6.11122e-02
-5.88651e-02
-5.38010e-02
-4.39627e-02
-2.82853e-02
-9.48768e-03
6.36636e-03
1.59681e-02
2.48395e-02
3.39451e-02
4.40891e-02
5.42116e-02
6.27459e-02
6.87467e-02
7.22090e-02
7.40368e-02
7.45501e-02
7.40277e-02
7.22067e-02
6.86820e-02
6.35332e-02
5.59561e-02
4.36417e-02
2.94084e-02
1.53054e-02
1.21691e-03
-1.03303e-02
-1.92503e-02
-2.82388e-02
-3.87535e-02
-4.94959e-02
-5.89476e-02
-6.41976e-02
-6.64445e-02
-6.63244e-02
-6.60707e-02
-6.67710e-02
-6.75810e-02
-6.61456e-02
-6.06548e-02
-5.16013e-02
-4.07452e-02
-2.94105e-02
-1.79415e-02
-7.42716e-03
1.80074e-03
1.19927e-02
2.27791e-02
3.29360e-02
4.16781e-02
4.80639e-02
5.25081e-02
5.51207e-02
5.58702e-02
5.36047e-02
4.75570e-02
3.76971e-02
2.43194e-02
9.64782e-03
-4.48477e-03
-1.91973e-02
-3.07874e-02
-3.95904e-02
-4.77294e-02
-5.22618e-02
-5.38235e-02
-5.45458e-02
-5.46197e-02
-5.19721e-02
-4.61027e-02
-3.79383e-02
-2.76909e-02
-1.67856e-02
-6.64134e-03
2.26373e-03
1.04901e-02
1.84848e-02
2.61222e-02
3.45972e-02
4.34082e-02
5.08316e-02
5.55660e-02
5.86806e-02
6.03769e-02
5.94649e-02
5.61039e-02
5.03879e-02
4.30886e-02
3.42534e-02
2.45533e-02
1.51638e-02
5.54734e-03
-3.49641e-03
-1.11897e-02
-1.74800e-02
-2.20513e-02
-2.64556e-02
-3.06716e-02
-3.42312e-02
-3.51789e-02
-3.30385e-02
-2.82345e-02
-2.26644e-02
-1.67387e-02
-1.07638e-02
-4.55053e-03
2.12244e-03
7.46811e-03
1.16483e-02
1.49178e-02
1.62489e-02
1.57820e-02
1.37368e-02
1.06389e-02
7.34449e-03
5.01407e-03
3.91354e-03
1.70724e-03
-1.71332e-03
-5.60526e-03
-7.74505e-03
-7.61873e-03
-5.97157e-03
-4.04158e-03
-2.78474e-03
-2.52199e-03
-2.30718e-03
-1.26926e-03
8.25979e-04
3.84938e-03
6.77519e-03
9.67364e-03
1.21506e-02
1.35563e-02
1.49826e-02
1.60458e-02
1.65940e-02
1.67351e-02
1.54670e-02
1.31720e-02
9.98152e-03
6.94033e-03
4.51625e-03
2.56049e-03
9.93505e-04
-1.65956e-03
-5.79845e-03
-1.08461e-02
-1.65347e-02
-2.16819e-02
-2.54329e-02
-2.69712e-02
-2.65458e-02
-2.46426e-02
-2.16104e-02
-1.73828e-02
-1.13821e-02
-4.11647e-03
2.64486e-03
7.30619e-03
1.03457e-02
1.31263e-02
1.50763e-02
1.64257e-02
1.78442e-02
1.88807e-02
1.94314e-02
1.94958e-02
1.93926e-02
1.85902e-02
1.78104e-02
1.64079e-02
1.36215e-02
1.01793e-02
5.57528e-03
6.03710e-04
-3.45362e-03
-7.76663e-03
-1.24999e-02
-1.68411e-02
-2.17106e-02
-2.63775e-02
-2.93241e-02
-3.11623e-02
-3.24348e-02
-3.28143e-02
-3.27962e-02
-3.24821e-02
-3.12141e-02
-2.94281e-02
-2.78846e-02
-2.55581e-02
-2.23039e-02
-1.75244e-02
-1.22955e-02
-7.51671e-03
-2.58200e-03
2.32132e-03
8.10719e-03
1.36640e-02
1.86363e-02
2.30580e-02
2.61345e-02
2.85731e-02
3.02636e-02
3.02409e-02
2.89085e-02
2.64088e-02
2.31386e-02
1.93203e-02
1.56445e-02
1.17774e-02
7.73871e-03
3.93737e-03
1.12708e-03
-8.99482e-04
-3.38985e-03
-6.22445e-03
-8.18291e-03
-9.87779e-03
-1.13946e-02
-1.20888e-02
-1.17060e-02
-1.10666e-02
-9.84183e-03
-8.35283e-03
-6.17137e-03
-4.43158e-03
-2.92840e-03
-1.35547e-03
2.44391e-04
1.76032e-03
2.98357e-03
3.14691e-03
1.71229e-03
-1.75657e-04
-1.77019e-03
-2.48888e-03
-3.05817e-03
-3.57477e-03
-2.95986e-03
-1.61936e-03
-3.68655e-05
1.42859e-03
2.32490e-03
3.43074e-03
3.97288e-03
3.88887e-03
3.02871e-03
2.12115e-03
9.12641e-04
-3.13313e-04
-1.20836e-03
-1.96088e-03
-2.81411e-03
-4.31563e-03
-6.07104e-03
-6.53716e-03
-6.35987e-03
-6.42966e-03
-6.52573e-03
-6.79112e-03
-7.67126e-03
-8.88856e-03
-1.05636e-02
-1.16090e-02
-1.17744e-02
-1.07799e-02
-9.07989e-03
-6.71870e-03
-4.25154e-03
-1.75595e-03
4.23340e-04
1.91054e-03
3.06309e-03
3.27621e-03
2.07357e-03
6.79283e-04
-3.64538e-04
-8.14917e-04
-1.08178e-03
-7.73657e-04
4.35445e-04
2.12302e-03
3.78229e-03
5.42028e-03
7.46911e-03
9.45451e-03
1.07815e-02
1.17386e-02
1.24581e-02
1.29484e-02
1.40754e-02
1.53029e-02
1.63966e-02
1.81427e-02
2.00626e-02
2.16487e-02
2.26657e-02
2.32397e-02
2.24252e-02
2.11309e-02
1.93369e-02
1.68823e-02
1.35743e-02
1.03990e-02
7.19348e-03
3.01281e-03
-1.26270e-03
-5.87232e-03
-1.01737e-02
-1.37528e-02
-1.71621e-02
-1.98963e-02
-2.22149e-02
-2.48719e-02
-2.73521e-02
-2.94688e-02
-3.22895e-02
-3.48806e-02
-3.65520e-02
-3.66631e-02
-3.47708e-02
-3.08561e-02
-2.54917e-02
-1.91520e-02
-1.42524e-02
-1.03329e-02
-5.48745e-03
-1.34393e-03
2.65423e-03
6.71448e-03
9.19694e-03
9.74092e-03
8.89852e-03
8.46488e-03
8.23231e-03
8.14431e-03
8.32181e-03
7.81244e-03
6.39085e-03
4.93789e-03
4.18354e-03
3.67947e-03
3.67698e-03
3.85878e-03
3.00609e-03
8.71725e-04
-8.25376e-04
-1.85361e-03
-2.39330e-03
-2.42405e-03
-2.95744e-03
-4.02730e-03
-5.02075e-03
-6.09206e-03
-6.00139e-03
-4.88396e-03
-3.11270e-03
-2.61077e-03
-3.31922e-03
-4.38809e-03
-5.32533e-03
-5.59316e-03
-5.43583e-03
-5.06879e-03
-4.83595e-03
-4.51590e-03
-4.31414e-03
-4.40147e-03
-3.68856e-03
-2.33123e-03
-8.60216e-04
-2.04295e-04
6.57611e-05
8.63354e-04
2.46262e-03
4.08057e-03
5.22319e-03
6.77780e-03
8.12557e-03
1.02711e-02
1.22824e-02
1.33490e-02
1.37375e-02
1.35090e-02
1.33374e-02
1.33098e-02
1.33808e-02
1.32378e-02
1.25787e-02
1.14510e-02
1.04591e-02
9.03150e-03
7.67818e-03
6.57462e-03
4.88315e-03
2.73130e-03
7.76839e-04
-1.17896e-03
-3.85039e-03
-5.56741e-03
-6.75160e-03
-7.90776e-03
-1.03008e-02
-1.27953e-02
-1.44502e-02
-1.51106e-02
-1.43731e-02
-1.20964e-02
-9.70676e-03
-7.35758e-03
-5.26795e-03
-3.16391e-03
-1.63379e-04
2.82602e-03
5.44888e-03
8.11704e-03
1.10912e-02
1.33185e-02
1.44058e-02
1.54027e-02
1.82045e-02
2.07406e-02
2.09502e-02
1.94083e-02
1.81025e-02
1.65466e-02
1.55018e-02
1.41510e-02
1.11039e-02
6.39898e-03
1.04426e-03
-3.99498e-03
-8.09569e-03
-9.90356e-03
-1.02145e-02
-1.11838e-02
-1.37159e-02
-1.71251e-02
-2.07478e-02
-2.37349e-02
-2.60726e-02
-2.69881e-02
-2.61885e-02
-2.64735e-02
-2.85925e-02
-3.12576e-02
-3.27848e-02
-3.21672e-02
-2.94431e-02
-2.69875e-02
-2.59043e-02
-2.46765e-02
-2.29500e-02
-2.02758e-02
-1.60932e-02
-1.15649e-02
-7.25974e-03
-3.45192e-03
-2.54033e-04
2.15122e-03
5.66967e-03
1.03131e-02
1.51204e-02
2.01902e-02
2.57454e-02
3.12626e-02
3.64845e-02
4.08670e-02
4.40988e-02
4.76237e-02
5.22683e-02
5.59527e-02
5.66729e-02
5.58312e-02
5.58623e-02
5.52004e-02
5.40832e-02
5.03213e-02
4.45908e-02
3.59912e-02
2.80502e-02
2.18838e-02
1.61492e-02
1.18612e-02
8.16789e-03
2.44389e-03
-7.53268e-03
-1.96154e-02
-2.88030e-02
-3.52066e-02
-3.93061e-02
-4.04046e-02
-4.09356e-02
-4.25642e-02
-4.63698e-02
-5.13320e-02
-5.25370e-02
-5.06951e-02
-4.78274e-02
-4.45676e-02
-4.02429e-02
-3.43263e-02
-2.70243e-02
-1.82687e-02
-1.02913e-02
-4.47713e-03
-9.36022e-04
1.38658e-03
3.66335e-03
6.44788e-03
1.05059e-02
1.56916e-02
1.96348e-02
2.16441e-02
2.32070e-02
2.43934e-02
2.63786e-02
2.91177e-02
3.10763e-02
3.02324e-02
2.68731e-02
2.36016e-02
2.02499e-02
1.72846e-02
1.55113e-02
1.42279e-02
1.08449e-02
4.74766e-03
-4.52560e-04
-3.05058e-03
-3.27600e-03
-2.92852e-03
-3.11952e-03
-4.59518e-03
-7.29026e-03
-9.63303e-03
-1.10538e-02
-1.14707e-02
-1.13141e-02
-1.13065e-02
-1.13725e-02
-1.21059e-02
-1.41762e-02
-1.59806e-02
-1.57335e-02
-1.32772e-02
-9.71807e-03
-6.34511e-03
-3.41546e-03
-1.14743e-03
1.60551e-03
5.55663e-03
9.22567e-03
1.16958e-02
1.26525e-02
1.19304e-02
1.10201e-02
1.09585e-02
1.18100e-02
1.37839e-02
1.45291e-02
1.39393e-02
1.33970e-02
1.28859e-02
1.11269e-02
8.60858e-03
5.65168e-03
2.99996e-03
2.27954e-04
-2.59594e-03
-5.67081e-03
-8.00270e-03
-8.74400e-03
-9.22253e-03
-9.66409e-03
-9.99046e-03
-9.79228e-03
-9.68150e-03
-8.31943e-03
-6.51933e-03
-4.98826e-03
-3.28325e-03
-1.22096e-03
2.34482e-04
2.13242e-03
3.80902e-03
4.37718e-03
4.31873e-03
3.82294e-03
2.93680e-03
2.01558e-03
1.72894e-03
9.60467e-04
-2.46250e-04
-8.89487e-04
-1.43948e-03
-2.68244e-03
-4.66553e-03
-6.09813e-03
-5.72627e-03
-4.37174e-03
-2.59876e-03
-1.07985e-03
-9.05161e-04
-2.22521e-03
-4.02235e-03
-4.42213e-03
-2.98889e-03
-2.64562e-03
-4.34767e-03
-6.34506e-03
-6.77726e-03
-4.53165e-03
-2.11881e-03
-1.44698e-04
1.91213e-03
3.57947e-03
6.14487e-03
8.69722e-03
1.12876e-02
1.37117e-02
1.57101e-02
1.63590e-02
1.55772e-02
1.52077e-02
1.49340e-02
1.38814e-02
1.16588e-02
9.15889e-03
7.31055e-03
5.57460e-03
5.06302e-03
4.32413e-03
1.75550e-03
-1.16969e-03
-4.50691e-03
-8.38300e-03
-1.29385e-02
-1.71283e-02
-1.87895e-02
-1.81057e-02
-1.73255e-02
-1.73901e-02
-1.77606e-02
-1.68927e-02
-1.51519e-02
-1.30064e-02
-1.10688e-02
-9.14586e-03
-6.98553e-03
-6.35673e-03
-5.72891e-03
-5.16356e-03
-5.02923e-03
-3.57608e-03
-1.73040e-03
-1.35196e-03
-1.97700e-03
-2.93399e-03
-2.94977e-03
-2.41231e-03
-2.04346e-03
-1.79247e-03
-2.98463e-03
-4.57499e-03
-5.62901e-03
-6.61335e-03
-6.57234e-03
-4.37521e-03
-2.45796e-03
-1.44667e-03
-2.14810e-03
-3.41664e-03
-2.47948e-03
-3.13678e-06
2.83409e-03
3.75552e-03
3.16072e-03
3.44961e-03
5.38501e-03
7.41147e-03
9.07201e-03
1.00905e-02
1.03581e-02
9.52742e-03
8.06263e-03
7.35028e-03
7.35022e-03
7.52247e-03
7.78305e-03
7.11879e-03
5.16823e-03
3.33872e-03
1.18647e-03
-5.76247e-04
-4.05582e-05
1.44461e-03
1.89854e-03
2.24236e-04
-1.30374e-03
-5.31960e-04
1.64559e-03
4.90517e-03
8.02431e-03
9.80280e-03
9.95199e-03
8.63248e-03
7.60244e-03
7.33745e-03
8.79507e-03
9.52029e-03
8.52190e-03
5.75059e-03
3.14151e-03
2.89614e-03
3.74030e-03
3.00930e-03
2.16013e-04
-2.44649e-03
-3.79744e-03
-3.67960e-03
-3.75532e-03
-4.08484e-03
-4.40922e-03
-5.72463e-03
-8.20682e-03
-1.02834e-02
-1.14695e-02
-1.18887e-02
-1.22737e-02
-1.36360e-02
-1.54747e-02
-1.70210e-02
-1.76829e-02
-1.72465e-02
-1.45118e-02
-1.15488e-02
-1.00468e-02
-9.69221e-03
-8.56087e-03
-6.32042e-03
-4.13045e-03
-2.23024e-03
-2.74103e-05
3.87198e-03
7.33806e-03
8.83311e-03
1.01138e-02
1.22912e-02
1.59351e-02
1.83590e-02
1.93570e-02
1.89394e-02
1.77152e-02
1.67272e-02
1.60119e-02
1.50978e-02
1.26438e-02
9.35796e-03
6.13123e-03
3.44579e-03
-2.81073e-04
-3.33455e-03
-5.48820e-03
-7.38698e-03
-8.39109e-03
-8.88068e-03
-9.67988e-03
-1.06071e-02
-1.13353e-02
-1.19065e-02
-1.18713e-02
-1.11852e-02
-1.04493e-02
-9.42455e-03
-7.49343e-03
-4.95145e-03
-2.74970e-03
-1.11457e-04
1.91485e-03
3.27979e-03
4.66622e-03
6.16460e-03
7.62827e-03
8.94264e-03
9.07127e-03
7.75154e-03
7.11718e-03
6.83947e-03
6.43962e-03
5.83441e-03
5.16166e-03
4.71373e-03
4.81789e-03
4.43785e-03
3.40969e-03
1.86091e-03
9.66260e-04
-3.19589e-05
-1.22973e-03
-3.43923e-03
-7.13003e-03
-9.29820e-03
-8.95092e-03
-8.78410e-03
-1.15080e-02
-1.38321e-02
-1.31814e-02
-1.18283e-02
-1.11313e-02
-1.13206e-02
-1.24978e-02
-1.38743e-02
-1.44501e-02
-1.46409e-02
-1.44509e-02
-1.46513e-02
-1.52650e-02
-1.52924e-02
-1.51471e-02
-1.51142e-02
-1.43508e-02
-1.24554e-02
-1.01131e-02
-7.83436e-03
-5.75272e-03
-2.90030e-03
-6.52705e-04
1.74558e-03
4.93521e-03
8.59931e-03
1.10446e-02
1.16530e-02
1.28279e-02
1.53372e-02
1.93118e-02
2.22823e-02
2.29906e-02
2.14694e-02
1.98452e-02
1.91278e-02
1.85281e-02
1.79600e-02
1.69758e-02
1.43205e-02
9.76850e-03
5.99781e-03
5.09103e-03
5.71988e-03
6.36666e-03
6.22121e-03
4.83965e-03
3.68613e-03
2.92130e-03
3.09618e-03
4.12530e-03
5.13496e-03
5.83664e-03
6.07760e-03
7.13838e-03
8.28081e-03
8.96802e-03
9.75725e-03
1.05977e-02
1.00908e-02
7.72362e-03
4.48919e-03
2.95150e-03
2.71587e-03
1.28351e-03
-2.26923e-03
-7.20423e-03
-1.11130e-02
-1.38793e-02
-1.52624e-02
-1.56237e-02
-1.65234e-02
-1.83086e-02
-2.02223e-02
-2.12316e-02
-2.14684e-02
-2.01018e-02
-1.81700e-02
-1.70618e-02
-1.67202e-02
-1.62641e-02
-1.56313e-02
-1.40918e-02
-1.08898e-02
-6.89143e-03
-3.68120e-03
-2.11229e-03
-1.48331e-03
-5.44919e-04
1.64015e-03
4.53534e-03
6.10888e-03
6.30475e-03
6.55036e-03
7.62519e-03
8.92554e-03
1.01212e-02
1.08941e-02
1.13092e-02
1.07554e-02
8.84505e-03
6.41624e-03
5.27708e-03
5.41418e-03
6.37303e-03
7.07951e-03
6.43537e-03
4.55716e-03
3.36426e-03
3.70514e-03
4.67843e-03
5.87114e-03
6.43120e-03
5.12035e-03
2.64834e-03
-2.11363e-04
-1.00124e-05
1.75076e-04
-7.71569e-04
-2.41558e-03
-5.03786e-03
-7.25200e-03
-8.80159e-03
-9.88612e-03
-1.00791e-02
-1.09804e-02
-1.26367e-02
-1.38015e-02
-1.39514e-02
-1.28807e-02
-1.27014e-02
-1.32624e-02
-1.37124e-02
-1.33737e-02
-1.14621e-02
-9.08542e-03
-7.21878e-03
-6.31788e-03
-5.93687e-03
-5.23897e-03
-3.04423e-03
-1.94085e-04
2.27033e-03
4.55848e-03
6.59802e-03
8.26899e-03
9.77362e-03
1.20435e-02
1.41522e-02
1.54165e-02
1.67524e-02
1.61137e-02
1.34053e-02
1.12443e-02
9.34632e-03
7.51399e-03
6.23005e-03
4.12143e-03
1.93471e-03
-5.16727e-04
-1.73058e-03
-2.28657e-03
-2.91129e-03
-3.95295e-03
-6.07086e-03
-7.11620e-03
-7.82135e-03
-8.67540e-03
-9.28233e-03
-9.51463e-03
-9.22912e-03
-9.00452e-03
-9.05287e-03
-8.81440e-03
-7.95707e-03
-6.90668e-03
-6.35244e-03
-5.78907e-03
-5.01914e-03
-4.03439e-03
-3.34248e-03
-2.68145e-03
-2.14600e-03
-1.97868e-03
-1.25407e-03
7.79790e-05
1.51050e-03
3.49929e-03
5.53113e-03
6.85980e-03
9.16900e-03
1.14868e-02
1.12375e-02
1.10762e-02
1.13683e-02
1.16297e-02
1.20724e-02
1.25721e-02
1.28091e-02
1.29330e-02
1.14345e-02
9.73583e-03
8.73804e-03
7.76598e-03
6.99134e-03
5.61187e-03
3.82061e-03
2.15844e-03
5.79079e-04
-1.09693e-03
-2.19078e-03
-2.92329e-03
-3.67504e-03
-4.46653e-03
-5.58610e-03
-5.84557e-03
-5.88784e-03
-5.28283e-03
-3.50776e-03
-1.63550e-03
5.55153e-04
2.48596e-03
3.57399e-03
3.96546e-03
4.19098e-03
5.03860e-03
6.07787e-03
6.37796e-03
6.21612e-03
6.10037e-03
5.46071e-03
4.34821e-03
3.76545e-03
3.13918e-03
1.99461e-03
-2.52865e-04
-2.31003e-03
-4.51015e-03
-6.15733e-03
-6.69306e-03
-7.67872e-03
-9.02117e-03
-9.13155e-03
-9.71178e-03
-1.02493e-02
-1.00467e-02
-9.28733e-03
-8.11077e-03
-6.24893e-03
-4.95698e-03
-4.05078e-03
-2.64879e-03
-5.23749e-04
1.23667e-03
1.96399e-03
1.64648e-03
1.12123e-03
2.39576e-03
4.62020e-03
7.15398e-03
8.76928e-03
8.85612e-03
7.96728e-03
8.02285e-03
9.80625e-03
1.18539e-02
1.30123e-02
1.18504e-02
1.00635e-02
8.90362e-03
8.32331e-03
8.77401e-03
9.06148e-03
7.17905e-03
3.53600e-03
-1.53516e-04
-1.67057e-03
-1.45197e-03
-1.51184e-03
-2.84307e-03
-5.51629e-03
-8.27292e-03
-9.77152e-03
-8.36198e-03
-5.46864e-03
-3.51454e-03
-3.48400e-03
-5.07430e-03
-6.46764e-03
-6.73491e-03
-5.33613e-03
-2.92441e-03
-3.50377e-04
1.14744e-03
1.42794e-03
1.75541e-03
3.40708e-03
6.47268e-03
8.57197e-03
7.92237e-03
5.41655e-03
3.49159e-03
3.50689e-03
4.50661e-03
6.14204e-03
6.93215e-03
5.15412e-03
1.92222e-03
-5.55956e-04
-6.09762e-04
7.02019e-04
1.10293e-03
-6.18670e-04
-3.70105e-03
-5.87685e-03
-5.70604e-03
-4.49761e-03
-2.98873e-03
-2.52816e-03
-4.02686e-03
-5.61299e-03
-6.54859e-03
-6.98143e-03
-7.17672e-03
-7.32929e-03
-7.43444e-03
-7.60210e-03
-7.10064e-03
-6.27038e-03
-5.18726e-03
-3.82742e-03
-2.69784e-03
-2.94421e-03
-3.45425e-03
-3.45316e-03
-2.47781e-03
-5.46981e-04
1.14229e-03
1.19403e-03
1.43064e-04
-3.09566e-05
7.63882e-04
1.55253e-03
1.64128e-03
1.24966e-03
1.10462e-03
1.37045e-03
2.53100e-03
3.58941e-03
4.39135e-03
5.16383e-03
5.50925e-03
5.32318e-03
4.83794e-03
4.60629e-03
4.90643e-03
5.42559e-03
5.53558e-03
5.11890e-03
4.90220e-03
4.96575e-03
4.55327e-03
4.13276e-03
3.93313e-03
3.80768e-03
3.36081e-03
2.73966e-03
1.99930e-03
1.50388e-03
9.88565e-04
7.72510e-05
-7.77939e-04
-1.33534e-03
-1.90745e-03
-2.56120e-03
-2.87642e-03
-2.95913e-03
-3.11540e-03
-3.52513e-03
-3.81127e-03
-3.99027e-03
-3.97591e-03
-3.88830e-03
-3.79164e-03
-3.54479e-03
-3.22907e-03
-3.01822e-03
-2.85411e-03
-2.71240e-03
-2.45556e-03
-2.18626e-03
-2.00117e-03
-1.71002e-03
-1.33229e-03
-1.17148e-03
-1.32741e-03
-1.42117e-03
-1.16230e-03
-6.84316e-04
-3.65793e-04
-4.31292e-04
-6.71965e-04
-7.55505e-04
-6.36181e-04
-4.59392e-04
-2.26892e-04
-1.51583e-04
-2.49299e-04
-4.38763e-04
-5.04515e-04
-3.72676e-04
-2.11027e-04
-1.49626e-04
-2.19229e-04
-2.51246e-04
-1.74000e-04
-1.19779e-04
-1.11485e-04
-1.61915e-04
-2.28315e-04
-2.99593e-04
-3.52138e-04
-3.56231e-04
-3.38933e-04
-3.06589e-04
-3.00827e-04
-3.02699e-04
-2.85392e-04
-2.50713e-04
-2.23665e-04
-1.96789e-04
-1.62795e-04
-1.36347e-04
-1.16212e-04
-8.43494e-05
-4.81390e-05
-1.85440e-05
7.62019e-06
3.29538e-05
5.99286e-05
8.64810e-05
1.12670e-04
1.36790e-04
1.57480e-04
1.76963e-04
1.94647e-04
2.10605e-04
2.25594e-04
2.40199e-04
2.54028e-04
2.66402e-04
2.77189e-04
2.87030e-04
2.96312e-04
3.04931e-04
3.12633e-04
3.19372e-04
3.25176e-04
3.30095e-04
3.34141e-04
3.37311e-04
3.39605e-04
3.41032e-04
0.00000e+00
