-7.77657e-05
-9.54528e-04
5.17630e-04
1.24886e-03
-7.23411e-04
-3.55699e-04
-4.23011e-04
-4.27752e-04
1.17252e-03
2.62966e-04
-7.78683e-04
-2.23266e-04
1.35018e-03
-3.03285e-04
-5.29522e-04
-4.14100e-04
-1.03019e-04
2.14977e-03
-1.78807e-03
-1.73125e-03
-1.18089e-04
-8.19088e-04
6.69920e-04
-3.39967e-04
-5.30465e-04
-3.31630e-04
-6.03574e-04
-2.46823e-04
-7.98853e-04
9.71220e-04
1.60408e-03
1.72146e-03
6.02306e-04
-7.42306e-04
-2.10762e-04
-6.57523e-04
-1.40881e-04
1.86556e-03
7.65270e-04
-6.67746e-04
-2.83205e-04
-5.67090e-04
-4.01056e-04
-5.02195e-04
-4.61307e-04
-4.55183e-04
-5.17592e-04
-4.08178e-04
-5.76861e-04
-3.51246e-04
-6.60967e-04
4.93284e-05
-8.46384e-04
1.44111e-03
1.36181e-03
3.41941e-04
1.29755e-03
-6.39044e-04
-5.95197e-04
5.86858e-04
3.76425e-03
-7.16928e-04
1.14522e-04
1.31246e-03
-7.78087e-04
-2.64517e-03
-6.36778e-04
1.29712e-03
-7.23716e-05
4.95872e-04
-2.52730e-03
-2.51426e-03
-2.63927e-03
7.80444e-04
1.52448e-03
1.30411e-03
1.47705e-03
2.04826e-03
6.17183e-04
-2.76753e-03
-1.16339e-03
3.60300e-04
9.41439e-04
1.02002e-03
-8.41128e-04
-7.31763e-04
3.92652e-04
1.57765e-03
1.06328e-03
-2.97894e-03
2.83537e-03
3.95481e-03
3.11665e-03
6.18857e-04
1.55753e-03
-1.64047e-03
-5.43142e-03
-2.28585e-03
-1.24687e-03
-6.88591e-04
-7.97748e-04
3.20793e-03
3.37389e-03
1.63985e-03
-6.49389e-04
-8.95612e-04
-7.45550e-04
2.31062e-03
3.81541e-03
1.79631e-03
2.49985e-04
3.56341e-04
-5.68246e-04
-1.57130e-03
7.11160e-04
-1.30496e-03
1.28042e-03
-9.76051e-04
-3.90989e-03
-2.11133e-04
-1.57174e-03
-6.50972e-04
-1.36700e-03
-4.19944e-05
2.78870e-03
2.17001e-03
4.95538e-04
1.90099e-03
-2.39851e-03
9.24803e-04
2.13062e-03
-1.96032e-03
1.15641e-03
4.66201e-04
1.45549e-03
-1.72269e-03
-4.32283e-03
-2.76047e-03
-1.18122e-03
-1.49203e-03
-2.41536e-04
-4.07345e-04
-1.58622e-03
-5.82039e-04
2.96871e-03
1.45711e-03
6.83456e-04
6.44772e-04
-1.61272e-03
-3.79120e-04
2.86472e-03
4.75086e-03
6.13230e-04
9.50964e-04
6.69933e-04
7.45461e-04
-1.12767e-03
-1.42857e-03
-1.33219e-03
-4.09325e-03
-3.34933e-04
4.33844e-04
9.25517e-04
-5.06941e-03
-6.56016e-03
-5.35935e-03
-4.09894e-03
2.75418e-03
5.14088e-03
3.69084e-03
-2.30310e-03
6.36810e-04
6.81535e-04
3.24899e-03
2.06215e-03
5.02291e-03
1.53183e-03
-1.49840e-03
-1.80328e-03
-3.45098e-03
-1.17453e-03
-1.49928e-03
-5.72604e-04
-2.94633e-03
1.92534e-03
8.93430e-04
4.91205e-04
-2.76945e-03
-2.09604e-03
-9.32984e-04
6.52184e-04
7.51523e-05
-1.62618e-03
-1.57849e-03
-3.30863e-03
-1.20204e-03
5.25155e-04
-3.57675e-03
2.25237e-04
3.94578e-03
8.48994e-04
-6.51721e-04
1.25424e-03
2.60998e-03
-6.32817e-04
-1.61608e-03
2.42030e-03
4.32924e-03
-8.88033e-04
-3.03433e-03
-5.31472e-03
-1.31012e-03
4.16068e-04
5.99815e-04
6.98147e-04
3.02026e-03
1.69036e-03
-3.00152e-03
-3.30841e-03
-6.24431e-03
-6.63513e-04
2.68258e-03
2.76005e-03
2.46607e-03
-6.84368e-04
-2.13047e-03
-9.14793e-04
-1.66267e-03
-1.31307e-03
2.59021e-03
6.01277e-03
1.51556e-03
-3.85767e-03
-2.12056e-03
-5.78945e-03
-7.80744e-04
8.63991e-04
2.12535e-03
1.00899e-03
2.90798e-03
-4.97716e-04
-3.20320e-03
-2.40965e-03
-1.46810e-03
1.83528e-03
3.38069e-03
5.93519e-03
6.09310e-03
3.57731e-03
4.83966e-03
7.62061e-03
6.49232e-03
7.51928e-03
6.65518e-03
5.31335e-03
6.84882e-03
7.92445e-03
6.11184e-03
5.00738e-03
8.36439e-03
9.31685e-03
7.09703e-03
2.76566e-03
-8.75151e-03
-1.79257e-02
-2.16304e-02
-2.27219e-02
-3.14164e-02
-2.95075e-02
-1.21990e-02
-1.11532e-02
-1.27096e-02
2.80223e-03
2.03223e-02
2.55733e-02
3.59125e-02
5.17372e-02
5.84859e-02
6.39684e-02
6.59379e-02
5.86448e-02
4.84257e-02
4.53100e-02
4.08744e-02
2.82259e-02
1.18411e-02
-1.57759e-02
-4.83082e-02
-7.09483e-02
-9.51189e-02
-1.18147e-01
-1.31515e-01
-1.25747e-01
-1.12324e-01
-8.40994e-02
-4.31806e-02
-2.20760e-02
1.05675e-02
4.51477e-02
6.01033e-02
7.05001e-02
7.28381e-02
7.87853e-02
4.70913e-02
2.93715e-02
4.14826e-02
1.55938e-02
2.35737e-03
-1.45986e-02
5.53654e-03
-4.90005e-03
-1.49682e-02
-3.10581e-02
-3.98529e-02
-3.95559e-02
-4.73457e-02
-3.30535e-02
-5.19293e-02
-2.24422e-02
4.64731e-03
7.53550e-03
1.93128e-02
3.03830e-02
3.21569e-02
4.43762e-02
4.63844e-02
8.41627e-03
3.30026e-03
2.24084e-02
1.50488e-02
-6.09156e-03
-2.91200e-02
-3.32745e-02
-1.52758e-02
4.42829e-03
8.16070e-03
2.31173e-02
1.81930e-02
-1.54885e-02
-1.13360e-02
6.39163e-03
2.09600e-03
-9.28116e-03
-1.96125e-02
-2.34919e-02
-7.78352e-03
1.03533e-02
1.09144e-02
4.61747e-03
9.60827e-03
-6.14692e-03
-2.23481e-02
-2.08325e-02
1.85052e-02
6.39938e-02
7.27021e-02
8.48589e-02
5.04931e-02
4.84354e-03
-8.03841e-04
-2.18180e-02
-4.25352e-02
-4.23287e-02
-4.14329e-02
-2.75877e-02
-1.36422e-02
-2.76867e-03
6.35186e-03
-1.25776e-02
-4.49222e-02
-3.49078e-02
-1.47771e-03
1.83972e-02
3.08380e-02
5.37143e-02
5.83069e-02
8.04689e-03
1.19263e-02
1.71366e-02
-1.55179e-02
-4.38977e-02
-5.88216e-02
-4.54104e-02
-1.14619e-02
1.55532e-02
-8.51908e-03
-2.36704e-02
-2.26157e-02
-3.09517e-02
-2.42486e-02
-2.08886e-02
1.77389e-02
5.24781e-02
4.56776e-02
4.49903e-02
4.52226e-02
3.74339e-02
2.35390e-02
1.88123e-02
2.83678e-02
1.80454e-02
-1.39049e-02
-1.09422e-02
-1.11459e-02
-9.66107e-03
-2.29233e-02
-2.07790e-02
-1.05292e-02
-3.11342e-02
-2.81984e-02
-3.65820e-02
-1.84611e-02
-1.21224e-03
1.43631e-02
3.45340e-02
2.80344e-02
3.01469e-02
9.67701e-03
1.46688e-02
-9.96019e-04
-3.95432e-02
-3.30606e-02
-3.32484e-02
-1.18280e-02
-2.68661e-05
-2.81383e-03
-5.47466e-03
4.45930e-03
1.83988e-02
2.35783e-02
1.46921e-02
7.57977e-03
2.65940e-03
6.03128e-03
2.44660e-02
2.35238e-03
1.14153e-02
4.57267e-04
-8.43193e-03
1.12642e-02
9.10196e-03
6.66163e-03
-3.37372e-03
-2.17520e-02
-2.82346e-02
-9.03410e-03
-1.47748e-02
-3.85432e-02
-2.28089e-02
-1.17179e-02
-1.34918e-02
-7.38166e-03
2.54714e-02
1.21317e-02
-3.79335e-03
7.17751e-03
-7.12525e-04
3.92370e-03
-6.08086e-03
-2.71667e-04
7.73747e-03
2.84288e-02
3.77479e-02
4.39902e-02
2.97000e-02
-1.42303e-03
4.50932e-03
3.12092e-06
-6.73877e-03
-4.27368e-03
-6.91067e-03
-1.24250e-02
-1.97032e-02
-1.23238e-02
-3.19405e-02
-3.86437e-02
-2.91129e-02
-2.31160e-02
-1.24610e-02
1.07590e-02
3.35182e-02
3.49175e-02
4.61655e-02
4.43151e-02
2.73224e-02
1.35725e-02
-9.70718e-03
-3.39503e-02
-2.68291e-02
-4.09027e-02
-2.29209e-02
-1.02977e-03
-3.39165e-03
-2.44020e-03
-4.69083e-03
7.73209e-03
3.19710e-03
-5.32461e-03
-1.31112e-03
-1.06939e-02
-3.41778e-03
-3.40689e-03
-1.02233e-02
1.89176e-03
-6.85540e-03
-3.50736e-03
-1.71268e-03
1.85288e-03
1.11601e-02
1.25843e-02
3.28595e-03
8.65516e-03
1.20062e-02
6.04793e-03
7.18412e-03
-5.79209e-03
-1.07452e-02
-1.77602e-02
-4.39079e-03
1.53272e-02
2.34168e-02
2.94345e-02
2.21524e-02
1.64663e-02
7.65255e-03
-8.47807e-03
-2.78905e-03
-1.10048e-02
-1.78103e-02
-1.72462e-02
-1.43301e-04
3.60500e-03
-7.03619e-03
-1.82395e-02
-2.07226e-02
-2.07426e-03
-9.88879e-03
-8.61058e-03
3.89772e-04
5.38718e-04
8.87661e-03
4.73095e-03
-9.15602e-03
-5.68283e-03
1.19623e-02
2.47567e-02
1.36497e-02
1.59857e-02
1.41443e-02
4.96210e-03
6.04267e-03
1.61167e-02
1.03064e-02
3.20103e-03
2.83252e-03
-5.70309e-03
-4.42586e-03
-3.87467e-03
-1.28423e-02
-1.96100e-02
-1.95882e-02
-1.82126e-02
-1.26170e-02
-3.35839e-03
7.61645e-03
-5.85933e-03
-1.79635e-02
-1.14759e-02
4.71452e-05
4.17983e-03
2.19521e-02
2.70025e-02
1.93797e-02
1.75710e-02
4.22636e-03
-2.68536e-03
-5.82887e-03
-8.83750e-04
-3.35685e-03
-5.00460e-03
-1.79460e-03
8.90413e-03
1.79482e-02
1.06908e-02
-1.08537e-02
-2.45381e-02
-2.02653e-02
-2.39462e-02
-1.59479e-02
-1.28174e-02
3.17113e-03
1.86273e-02
1.82648e-02
1.31974e-02
-1.47617e-03
-1.95435e-02
-1.88940e-02
-9.35531e-03
1.25759e-04
1.73270e-02
2.28412e-02
2.83187e-02
1.64678e-02
1.65020e-03
9.82739e-04
-9.67433e-03
-1.57210e-02
-1.41726e-02
-7.07917e-03
2.49634e-04
1.17658e-02
1.08888e-02
1.54773e-02
1.28989e-02
-9.66263e-03
-1.15895e-02
-1.53984e-02
-9.80870e-03
9.50506e-03
1.56192e-02
9.78014e-03
1.01814e-02
8.14031e-03
-1.88309e-03
-1.27746e-02
-1.70503e-02
-1.51821e-02
-7.98144e-03
-4.49929e-03
-7.19486e-03
-4.75879e-04
6.05241e-03
-1.64293e-03
-5.57106e-03
-1.07397e-02
-7.01224e-03
-2.84314e-04
1.43991e-02
2.33757e-02
3.94567e-03
7.10304e-03
9.70818e-03
1.29222e-02
3.15103e-03
1.20930e-03
3.28607e-03
-2.07426e-03
1.58865e-03
-1.32641e-03
-1.20897e-02
-2.62111e-02
-2.49180e-02
-2.28253e-02
-2.45436e-02
-1.23004e-02
4.38834e-03
7.63013e-03
2.03967e-02
1.50602e-02
9.83698e-03
1.78024e-02
1.15959e-02
-2.21259e-03
-5.65877e-04
7.70747e-03
9.58858e-03
8.66091e-03
5.24826e-03
-3.88325e-03
-5.41577e-03
-3.64292e-03
-1.90028e-02
-1.09996e-02
-7.05958e-03
-8.95760e-03
-6.30615e-04
1.17606e-02
1.41273e-02
1.33886e-03
6.35749e-03
-1.20078e-03
-1.26008e-02
1.05873e-03
7.35362e-03
1.02647e-02
1.86224e-02
1.67066e-02
3.39269e-03
-8.27843e-03
-9.04917e-03
-1.14041e-02
-1.37639e-02
-1.03374e-02
-4.37521e-03
-4.58677e-03
-3.61047e-03
-1.20030e-02
-1.65488e-03
4.61320e-03
-2.72954e-03
1.09339e-02
9.27725e-03
2.03018e-02
1.48968e-02
-8.21504e-03
-5.83534e-03
-1.55131e-02
-1.20558e-02
-2.00630e-02
-6.97259e-03
9.35265e-03
5.44042e-03
9.94657e-03
2.09729e-03
3.49868e-03
-8.89286e-04
1.15372e-03
-2.85485e-03
-1.87828e-02
-6.18804e-03
5.71248e-03
2.08928e-03
1.09526e-02
8.85793e-03
6.70764e-03
5.99353e-03
1.66018e-03
-1.27343e-02
-7.12867e-03
3.63167e-03
7.73259e-03
1.08310e-03
-2.11799e-03
7.04230e-03
9.56205e-03
1.49432e-02
1.27899e-02
6.23220e-04
-1.79126e-03
-2.43558e-05
-1.11025e-02
-1.23470e-02
-8.58378e-03
-1.29131e-02
-1.67211e-02
-1.54180e-02
-1.35269e-02
-2.48554e-03
-1.59663e-03
8.80616e-03
1.04360e-02
1.21463e-02
1.45022e-02
2.35233e-03
-3.09141e-03
-1.51024e-03
2.43376e-03
4.77076e-03
3.80438e-03
5.71927e-03
7.48518e-03
-7.43496e-04
-2.33560e-03
-3.60292e-03
3.58586e-03
6.33008e-03
8.56379e-03
1.00486e-02
4.79459e-03
3.63850e-03
-7.88958e-03
-1.68393e-02
-1.01720e-02
2.58372e-03
1.36986e-02
5.43322e-03
-2.46770e-03
9.03953e-03
1.78122e-03
-2.40910e-03
-1.81715e-03
-4.90402e-03
-1.88555e-02
-8.41200e-03
1.30789e-02
3.14291e-03
4.89392e-03
1.02930e-02
7.67092e-03
-4.31603e-03
-8.39932e-05
-2.75868e-03
-2.19473e-02
-2.74169e-02
-1.09913e-02
-4.33786e-03
-8.08020e-04
-6.69968e-03
3.00886e-03
1.11164e-02
1.70298e-04
7.72459e-03
-3.22744e-03
-2.47955e-03
1.27959e-02
1.48975e-02
4.51789e-05
-3.09631e-03
-8.61604e-04
-4.23848e-03
-2.05344e-03
3.81142e-03
8.58872e-03
1.68400e-03
-3.60281e-03
7.46146e-03
-3.67828e-03
-8.66415e-03
-9.26503e-03
-1.70944e-02
-6.31918e-03
-5.21573e-03
5.34995e-03
-1.16246e-03
-4.11822e-03
2.43493e-03
-6.92003e-03
-1.09107e-02
8.75171e-03
1.11622e-02
5.36689e-03
1.44507e-02
1.07302e-02
-1.67190e-03
4.58522e-04
1.52642e-02
-1.64308e-03
-3.88969e-03
3.64375e-03
1.07600e-02
1.26243e-02
1.40058e-02
1.95638e-02
-5.16193e-03
-1.35018e-02
-1.75878e-02
-1.46341e-02
-1.36369e-02
-1.34203e-02
-2.63915e-03
-2.20312e-03
5.87658e-03
-1.69160e-03
-9.78221e-03
-1.54643e-02
-1.08112e-02
1.65453e-03
1.79756e-03
6.54408e-03
1.33892e-02
1.83850e-02
5.66413e-03
-1.39553e-03
1.11923e-02
1.04673e-02
3.56355e-03
1.39902e-02
1.34201e-02
4.11283e-03
-1.32990e-03
-5.51921e-03
-5.54999e-03
-7.58008e-03
-7.58007e-03
-9.52971e-03
-9.51282e-03
-9.38468e-03
-5.85980e-03
7.35067e-04
-1.20067e-03
1.13734e-03
-4.63315e-03
-9.24358e-03
-7.33817e-04
-1.75680e-03
-4.54703e-04
1.53271e-03
4.59277e-03
1.27758e-02
6.78876e-03
5.18698e-04
-7.24812e-03
-5.84074e-03
1.30430e-02
2.15091e-02
2.01633e-02
1.14678e-02
3.31155e-05
-1.03091e-02
-8.93248e-03
-9.67340e-03
-1.10241e-02
-3.03581e-03
-2.06941e-03
-2.49250e-03
-1.48836e-03
-4.87019e-03
-1.44397e-02
-1.06079e-02
-4.57616e-03
-5.65874e-03
2.95134e-03
1.55938e-02
9.68924e-03
3.36257e-03
7.65718e-03
-5.17397e-03
-1.17728e-02
-5.74404e-03
2.57106e-03
5.13651e-03
2.59691e-03
-8.72954e-03
-5.82640e-03
-2.50549e-04
-4.90070e-03
-3.34235e-03
9.89703e-03
1.32988e-02
3.03305e-03
5.43959e-03
6.50829e-03
6.85891e-03
-2.15735e-03
-7.31801e-03
-1.43965e-02
-7.14715e-03
4.55476e-03
7.15200e-03
4.86765e-03
-1.01109e-03
1.50341e-02
4.04335e-03
4.74854e-03
-2.66272e-03
-1.70671e-02
-2.37444e-02
-2.56235e-02
-1.03788e-02
-5.06519e-03
8.27253e-03
1.22305e-02
1.39517e-02
9.21116e-03
1.34531e-02
2.59051e-03
5.06791e-04
3.84297e-03
3.45663e-03
1.08242e-02
1.20091e-02
1.09504e-02
1.93015e-03
-3.42418e-03
-1.25944e-02
-8.42392e-03
-1.03934e-02
-5.91108e-03
-7.21911e-03
9.23168e-04
1.66411e-03
-6.49204e-03
-1.53793e-03
-3.47664e-03
-2.83601e-03
-4.85219e-03
7.44763e-03
8.56699e-03
1.55562e-02
1.54509e-02
7.84995e-03
-1.89830e-03
-4.52232e-03
2.08447e-03
-5.35757e-03
-8.57552e-03
-2.91326e-03
-4.06536e-03
-6.28117e-03
-8.99989e-04
-8.40379e-04
-1.32206e-03
2.34088e-03
5.93629e-03
1.90689e-03
1.27523e-03
4.37982e-04
7.68936e-03
-6.38611e-04
-8.30611e-03
-7.42115e-03
-1.26017e-02
-2.06477e-03
4.80224e-03
5.53822e-03
6.17918e-04
-5.10340e-04
-5.80408e-03
-1.42661e-02
-1.28260e-02
-3.95965e-03
-7.84369e-04
8.40276e-03
1.26110e-02
3.23418e-03
4.54820e-03
-1.23022e-03
2.29069e-03
4.43702e-03
9.63247e-03
3.44982e-03
-3.15297e-03
1.12852e-02
1.57199e-02
1.11075e-02
1.27877e-03
-9.61365e-03
-1.27760e-02
-7.18026e-03
-8.92927e-03
-9.57220e-05
6.64096e-04
2.57305e-03
9.83945e-04
-2.93421e-03
-4.19159e-03
-9.35820e-03
-5.82537e-03
-7.88227e-03
-3.98989e-03
2.48580e-03
3.01917e-03
-2.19644e-04
-2.03734e-04
-7.00315e-04
7.90380e-03
8.89107e-03
4.60741e-03
5.60162e-03
-3.21501e-03
-5.49736e-03
-1.20406e-02
-1.03898e-02
-1.19998e-02
-1.63373e-03
1.05042e-02
1.53312e-02
1.25294e-02
7.25053e-03
5.71903e-03
-1.57502e-03
-1.68425e-03
-2.52548e-03
3.41289e-03
3.70292e-03
6.51271e-03
-1.44381e-03
-4.68262e-03
-5.02426e-03
-1.05792e-02
-9.65155e-03
-3.78667e-03
1.28364e-03
-1.01958e-03
2.00275e-03
1.94152e-04
-3.08240e-03
-4.69269e-04
3.60585e-03
1.07321e-03
5.94687e-03
2.68223e-03
-5.24794e-04
-6.11550e-03
-8.46441e-03
-5.07459e-03
-9.22001e-04
1.43147e-02
1.56784e-02
1.50706e-02
1.99908e-03
-5.68331e-03
-1.04437e-02
-5.22541e-03
-9.74493e-04
1.64857e-03
7.59091e-03
5.91937e-03
3.19722e-04
1.74002e-03
-4.31452e-03
-1.73999e-02
-1.55396e-02
-8.41837e-03
6.51244e-03
7.86420e-03
7.30406e-03
3.97089e-03
4.71862e-04
1.06284e-03
6.36357e-03
3.25089e-03
-3.63098e-03
-2.29014e-03
1.49199e-03
4.35441e-03
-3.74612e-03
-9.10343e-03
-9.32390e-03
-1.17169e-03
6.12438e-03
7.93203e-03
7.48610e-03
2.49429e-03
-1.11185e-02
-1.64361e-02
-1.34763e-02
-3.52246e-03
9.76560e-03
1.26012e-02
1.51021e-02
1.25059e-02
2.42492e-03
-9.29285e-03
-1.58758e-02
-1.35616e-02
-3.89972e-03
-2.95376e-04
6.22898e-03
4.37270e-03
2.21549e-03
5.67783e-04
-5.50960e-03
-5.33080e-03
-1.10968e-03
6.71278e-03
4.71349e-03
4.05600e-03
8.71115e-03
6.30464e-03
4.14147e-03
-4.32357e-03
-6.76782e-03
1.59098e-03
5.97697e-03
8.90991e-03
5.61051e-03
4.88847e-03
2.08766e-03
-1.72622e-03
-1.05679e-03
-1.76294e-03
-3.32324e-03
-1.23452e-03
-4.71170e-03
-2.72926e-03
3.82291e-03
-2.87026e-03
-5.86375e-03
-3.31121e-03
-6.20936e-03
-1.09932e-03
4.94233e-03
8.82875e-03
8.53676e-03
9.06218e-03
1.14191e-02
2.89443e-03
-5.69675e-03
-1.11027e-02
-9.83837e-03
-9.02095e-03
-5.27259e-03
-1.24815e-04
7.21098e-03
5.02397e-03
-1.34704e-04
-3.27619e-03
-9.38138e-03
-5.37777e-03
-1.70291e-03
-3.24335e-04
6.07885e-03
5.83751e-03
3.83523e-03
-5.03503e-03
-1.11263e-02
-5.21577e-03
-5.96860e-03
-1.12773e-03
9.68130e-03
1.53704e-02
1.43712e-02
7.74459e-03
4.22271e-03
-7.07593e-03
-1.57317e-02
-1.12851e-02
-4.13502e-03
-3.71687e-03
-4.15287e-03
1.69908e-03
7.65485e-04
5.84735e-04
4.35196e-03
-1.75324e-03
1.25320e-03
1.06717e-02
6.25399e-03
8.53141e-03
1.85512e-03
2.95958e-03
1.44595e-03
-4.31858e-03
1.34069e-03
7.87492e-04
2.74312e-03
-3.29057e-03
-7.11041e-03
-7.73413e-03
-1.18926e-02
-7.93076e-03
-4.66610e-03
-6.62368e-03
-4.93324e-03
-6.22741e-04
-1.35770e-03
2.27544e-03
7.53445e-03
4.65815e-03
7.01249e-04
-1.58211e-03
4.20528e-03
5.67324e-03
4.43473e-03
1.78091e-03
1.00424e-04
-7.66243e-03
-9.80972e-03
-4.81291e-03
-5.91798e-04
5.72398e-03
7.33496e-03
7.44124e-03
5.78558e-03
3.61744e-03
-2.84432e-03
-2.39141e-03
-3.14922e-03
-2.34571e-03
-4.61318e-03
-3.34882e-03
-2.58206e-03
1.09180e-03
4.92556e-03
3.04445e-03
2.85575e-03
-4.19822e-04
-2.91176e-03
-1.87385e-03
8.59446e-04
-4.15125e-03
-4.25354e-03
-1.11881e-04
7.16456e-04
2.82702e-03
6.78394e-03
7.88540e-03
3.66232e-03
-4.25448e-03
-2.03069e-03
-5.83680e-07
3.07139e-03
1.80805e-03
-3.37745e-03
-1.42580e-03
1.61638e-03
3.14294e-03
-4.08160e-03
-6.95194e-03
-4.97547e-03
1.85578e-03
5.08667e-03
5.56937e-03
3.34262e-03
4.07858e-03
7.21115e-03
3.50750e-03
-1.09498e-03
-7.21310e-03
-4.62084e-03
-7.54780e-03
-5.71235e-03
-4.41431e-04
-3.47864e-03
-1.03039e-03
-2.55296e-03
-3.05949e-03
-8.19816e-04
-1.30251e-03
-8.82379e-04
-1.22404e-03
3.63769e-03
2.99310e-03
4.82358e-03
9.44097e-03
1.16181e-02
5.37184e-03
-5.29911e-03
-8.05866e-04
-5.25143e-03
-7.21598e-03
-5.50469e-03
-3.36235e-03
-3.70997e-03
3.41526e-03
1.53625e-02
8.29685e-03
3.27920e-03
-3.55501e-03
-1.29586e-02
-1.04518e-02
-9.50834e-04
7.11787e-04
9.94852e-04
4.49092e-03
1.15903e-02
2.23338e-03
-4.19263e-03
-2.29263e-03
-4.15091e-03
-8.77426e-03
-5.01102e-03
9.35961e-03
1.00837e-02
1.29639e-02
1.34417e-02
5.17526e-03
-2.14265e-03
-6.02904e-03
-1.02571e-02
-1.84580e-02
-1.66394e-02
-7.33113e-03
-1.72848e-03
4.57437e-03
1.45342e-02
6.55780e-03
6.18454e-04
5.06303e-03
1.58285e-03
-3.51904e-04
-3.42189e-03
5.49805e-03
9.35564e-03
8.67927e-03
9.23745e-03
4.34891e-03
4.36182e-03
-5.64071e-03
-6.04395e-03
-5.99429e-03
-5.56125e-03
-6.68556e-03
-4.63857e-03
1.56397e-03
7.03852e-04
3.15209e-03
-4.26812e-03
-1.50901e-03
-1.69672e-03
-5.38653e-04
-3.39113e-03
-1.45638e-03
6.85956e-04
-1.43155e-03
2.96634e-03
-1.20114e-03
1.75440e-04
-1.60041e-03
1.42786e-03
-1.76429e-03
-1.96989e-03
3.63375e-03
-1.86660e-03
-4.60983e-03
3.02542e-04
-2.20430e-03
-4.25825e-03
7.93172e-04
-4.64858e-03
-7.58151e-03
-4.51351e-03
3.70919e-03
4.42727e-03
2.14489e-03
6.19615e-03
1.67013e-03
-8.87365e-04
2.65736e-04
5.23372e-03
6.73544e-03
2.80434e-03
5.28237e-03
7.52998e-03
7.14631e-04
-3.31678e-03
-4.51955e-03
-4.73310e-03
1.11089e-03
3.01088e-03
6.03915e-03
1.22311e-03
-1.04934e-03
-3.14302e-03
-4.07167e-03
-1.12187e-03
-3.81841e-03
-1.04143e-03
-5.60728e-04
-4.21687e-04
-4.94970e-03
-3.88897e-03
-1.78239e-03
-5.90021e-03
2.11789e-03
5.55436e-03
3.27893e-03
-1.07031e-03
1.74342e-03
2.51116e-03
1.19523e-04
1.97879e-03
-5.73748e-04
7.25351e-04
2.89449e-03
3.22820e-03
-1.46097e-05
1.01235e-03
3.34339e-03
-1.36837e-03
-3.01908e-03
-2.96943e-03
-6.15551e-04
-3.91795e-03
-7.67922e-03
-1.71207e-03
3.57771e-03
1.99751e-03
3.23503e-03
2.21302e-03
9.29793e-04
9.86395e-04
2.79997e-03
1.79186e-03
-2.05482e-03
5.75571e-03
6.55607e-04
-3.60424e-03
-2.46207e-03
-1.11928e-03
-1.64469e-03
-5.35431e-03
1.47791e-03
-2.24859e-03
-1.51954e-04
6.32073e-03
-7.40945e-04
5.55903e-05
-3.77457e-04
9.92676e-05
1.71817e-03
3.30331e-03
2.04392e-03
-2.23778e-03
-4.15269e-03
-5.31276e-03
-2.99166e-03
-1.12843e-03
-1.17313e-03
-4.47256e-03
-2.28555e-03
-5.67320e-04
-2.56069e-03
-2.57163e-03
1.58392e-03
2.23941e-03
-1.57946e-03
1.90413e-04
7.00905e-04
-2.82597e-03
-2.17245e-03
7.36619e-04
1.23519e-03
1.08620e-03
2.93850e-03
5.57842e-03
4.46205e-03
5.45839e-04
-6.96670e-04
-2.71884e-03
-1.40286e-03
-9.92687e-04
1.31748e-03
3.67334e-03
7.42390e-04
6.89735e-04
2.77743e-03
6.61895e-04
-1.25996e-03
1.92323e-03
-4.66428e-04
9.42909e-04
3.60964e-03
4.61971e-03
1.80297e-03
9.38873e-04
3.19839e-03
5.10771e-04
-1.66833e-03
-1.59783e-03
-2.03883e-03
-3.68458e-03
-5.51109e-03
-3.86239e-03
-1.88991e-03
-3.17016e-03
-3.38670e-03
-4.24385e-03
-2.43227e-03
1.36274e-03
2.94390e-03
1.37065e-03
5.70496e-03
4.18535e-03
3.46724e-03
4.65772e-04
-4.74807e-04
2.87822e-03
1.15003e-03
6.03657e-03
2.20676e-03
1.69525e-03
-2.36200e-03
-9.10486e-03
-7.62898e-03
-3.41683e-03
-7.97780e-04
1.49352e-03
1.11723e-02
1.03638e-02
4.14928e-03
3.60697e-03
1.31663e-03
-4.23339e-03
-7.23586e-03
-2.86381e-03
-9.80718e-04
4.02791e-04
1.36121e-03
8.91407e-04
-2.27295e-03
-2.56895e-03
-4.57821e-03
-7.20723e-03
-4.15912e-03
-2.71304e-03
1.13361e-03
-1.73464e-04
1.57753e-03
8.53465e-04
1.68674e-03
1.39312e-04
-7.26779e-04
-1.08435e-03
4.84884e-04
7.56008e-04
-6.34495e-04
6.68637e-03
5.65143e-03
2.06298e-03
3.35908e-03
4.84886e-03
1.23061e-03
2.10460e-03
1.81854e-03
-2.13641e-03
-1.28724e-03
6.31602e-04
-2.63605e-03
-4.80820e-03
-4.76850e-03
-2.52091e-03
-2.67355e-04
-1.12749e-03
-2.44251e-03
-5.17384e-03
-3.96612e-03
-4.07540e-03
-1.81390e-03
2.29197e-03
3.82048e-03
2.82527e-03
2.73189e-03
1.70291e-03
-2.14676e-03
-2.61558e-03
1.84983e-03
5.67959e-03
3.19657e-03
3.91562e-03
1.27865e-03
9.52857e-04
1.66099e-03
-4.44127e-03
-5.30438e-03
-9.34319e-04
-5.23158e-04
-3.15602e-04
2.26272e-03
-2.34079e-03
-4.30139e-03
3.58686e-04
-2.50275e-03
-2.61120e-04
4.50324e-03
-3.92956e-06
9.20716e-04
1.88608e-03
-1.87519e-03
-6.12413e-03
-4.99191e-03
-1.66371e-03
1.00400e-03
4.10276e-03
3.46311e-03
4.26262e-03
1.04859e-03
-9.40814e-04
-2.60842e-03
-6.12736e-03
-3.91056e-03
-6.31036e-04
1.48446e-03
3.36257e-03
4.26140e-03
2.84407e-03
-8.01994e-04
-3.65052e-03
-2.55008e-03
-1.66020e-03
-3.12449e-04
1.63619e-03
4.24133e-03
2.28867e-03
1.04813e-03
2.72562e-03
6.99467e-04
1.50493e-03
2.35111e-03
1.95678e-03
2.33318e-03
1.12741e-03
-2.78186e-03
-3.97274e-03
-3.86152e-03
-3.87943e-03
-3.91422e-03
-1.36966e-03
-6.56154e-05
1.11130e-03
2.41038e-03
4.33915e-03
3.73923e-03
-1.69043e-04
2.48476e-03
3.96957e-03
4.78198e-03
1.50836e-03
-2.71277e-03
-6.05790e-03
-1.55475e-03
1.58970e-03
2.98509e-04
5.06060e-04
5.75557e-04
2.50753e-04
2.54403e-03
3.50939e-03
-2.08633e-03
9.86816e-05
-1.02068e-03
-4.07907e-04
1.06101e-03
2.21727e-04
9.96396e-04
3.20991e-04
1.08473e-03
-3.30606e-04
-1.64861e-03
5.89042e-04
4.61884e-04
-1.33683e-03
-1.37460e-03
2.38328e-04
8.88846e-04
8.09362e-04
-2.41956e-03
-3.27474e-03
-3.30953e-03
-1.37778e-03
1.21643e-03
-1.40764e-03
-2.82099e-03
2.99914e-03
7.57677e-03
3.16594e-03
3.60391e-03
2.74377e-03
-5.07871e-03
-6.81386e-03
-3.72404e-03
-8.41802e-04
-1.31559e-03
-4.84309e-04
9.21042e-04
-2.98028e-03
1.16531e-03
-9.06537e-04
-1.52930e-03
1.07583e-03
2.63016e-03
3.62830e-03
8.57240e-04
2.66086e-03
-8.81915e-04
-2.96965e-03
-3.48714e-03
-4.45989e-04
1.05272e-03
1.11328e-03
1.19469e-03
-9.46683e-04
3.44920e-03
3.46108e-03
3.21077e-03
5.16734e-03
5.19131e-04
-6.73027e-03
-8.35220e-03
-6.68465e-03
-6.35295e-03
-3.60004e-04
5.54704e-04
-3.30987e-03
-1.55194e-03
-7.04767e-04
1.28558e-03
5.18783e-03
5.15900e-03
2.42171e-03
1.30929e-03
1.91313e-03
-2.00508e-03
-7.44741e-04
-7.36826e-04
-2.10449e-03
1.71891e-04
1.69046e-03
-1.18186e-04
-5.40304e-03
-4.24500e-03
-4.72276e-03
-4.20931e-03
8.97703e-04
3.93488e-03
3.27934e-03
4.03315e-03
4.16422e-03
2.19268e-03
1.40603e-03
2.01384e-03
8.30908e-04
8.15979e-04
3.92665e-03
9.08283e-04
-6.56040e-04
-3.33345e-05
-6.96825e-04
-2.26079e-04
-1.53164e-03
-4.29880e-03
-4.32242e-03
-1.30224e-03
-4.20733e-04
2.01755e-03
4.07614e-03
1.93331e-03
9.55962e-05
-4.28780e-04
-2.46375e-04
-7.85248e-04
2.09744e-03
3.96386e-03
1.92436e-03
1.70045e-03
-1.62756e-03
-2.49818e-03
-3.74839e-04
2.83347e-03
2.21971e-03
1.46250e-03
4.81739e-05
4.52766e-04
2.09686e-03
-2.87180e-03
-4.05345e-03
-5.76071e-03
-6.51713e-03
-3.08375e-03
4.00625e-04
4.42280e-03
5.03439e-03
1.80307e-03
-3.14530e-03
-4.12650e-03
-5.64144e-03
-4.27236e-03
-1.91198e-03
-2.76261e-03
1.01368e-03
5.90804e-03
6.36923e-03
2.22779e-03
-6.80307e-04
3.92145e-05
1.17805e-03
1.67399e-03
3.09699e-03
2.78042e-03
1.62224e-03
7.85838e-04
1.20015e-03
2.67219e-03
2.24326e-03
6.86433e-04
-3.47822e-03
-3.45765e-03
-2.27209e-03
-1.01249e-03
-2.09614e-03
-2.05842e-03
-4.41930e-04
1.11218e-03
2.64942e-03
2.15495e-03
2.45320e-03
2.68301e-03
6.50928e-04
-1.97779e-03
-3.22362e-03
-4.96212e-03
-1.43981e-03
1.40913e-03
7.90913e-04
8.14375e-04
2.50935e-03
-1.04342e-05
-2.29418e-03
-1.84978e-03
-2.24952e-03
-3.47674e-03
-1.95738e-03
-1.05088e-03
-3.23658e-04
7.09239e-04
1.23618e-03
2.07140e-03
1.66540e-03
2.34407e-03
3.26968e-03
7.97568e-04
-7.09489e-04
-1.37159e-03
-4.05313e-03
-4.31781e-03
-2.43840e-03
-1.61774e-03
-5.31672e-04
8.90769e-04
5.66702e-04
9.00049e-04
9.24645e-04
8.11350e-04
4.95558e-04
6.64549e-04
4.59620e-04
2.31231e-03
1.78995e-03
-5.79326e-04
-1.39126e-04
7.85885e-04
1.29440e-03
8.41497e-04
1.31505e-03
-1.66722e-04
-1.47768e-03
-1.10158e-03
-1.25318e-03
-1.84348e-03
-1.21269e-03
-8.94657e-04
-3.88923e-04
1.64536e-03
1.26756e-03
3.65150e-04
3.79938e-04
8.96462e-04
1.77832e-05
-2.98196e-04
3.95543e-04
1.12256e-03
1.05146e-03
5.58241e-04
5.55897e-04
-2.53393e-04
-4.93078e-04
-1.31292e-04
6.37529e-05
5.20737e-05
4.36583e-04
2.92082e-04
-3.12791e-04
-7.67817e-04
-1.27693e-03
-8.88558e-04
-1.95126e-04
6.28056e-04
9.41520e-04
4.02992e-05
2.87685e-04
2.87521e-04
5.19796e-06
-2.73031e-04
-1.82377e-04
-1.89894e-05
2.23176e-04
1.36239e-04
-1.64524e-05
-1.90705e-04
-5.59565e-04
-3.49881e-04
-2.33041e-04
-8.95371e-05
2.73354e-06
3.59258e-04
1.15520e-04
3.90447e-05
1.90865e-04
-1.03921e-05
-1.83731e-04
-9.98755e-05
-2.41424e-05
-5.73902e-05
5.27227e-05
1.50169e-05
-2.06346e-05
9.56649e-05
9.05556e-05
3.25478e-05
1.45226e-05
4.98933e-05
1.34438e-05
1.98770e-06
-6.67011e-06
-2.60828e-05
-1.18771e-05
-1.01815e-05
-3.94738e-06
5.80187e-06
1.95482e-05
9.83045e-06
-2.31905e-06
-1.48155e-05
-2.18152e-05
-1.70878e-05
-1.18320e-05
-8.83631e-06
-9.04722e-06
-1.04487e-05
