-1.20415e-05
-1.20298e-05
-1.20182e-05
-1.07964e-05
-1.19951e-05
-9.56319e-06
-1.19722e-05
-9.54042e-06
-1.19495e-05
-9.51787e-06
-1.19271e-05
-1.07057e-05
-9.48446e-06
-1.31041e-05
-7.04205e-06
-1.55026e-05
-2.17945e-06
-2.03217e-05
5.10335e-06
-2.75615e-05
1.48063e-05
-4.08526e-05
3.29806e-05
-6.86663e-05
9.10914e-05
-2.98585e-04
-4.24436e-04
8.99121e-05
-5.77228e-05
2.45814e-05
-2.74474e-05
7.65869e-06
-1.53252e-05
-7.92788e-07
-8.04412e-06
-4.40364e-06
-4.39384e-06
-6.80450e-06
-1.95397e-06
-6.78514e-06
-7.24507e-07
-6.76599e-06
5.04751e-07
-5.53683e-06
5.23603e-07
-4.30787e-06
5.42255e-07
-1.86891e-06
5.60709e-07
-6.40344e-07
5.78967e-07
5.88022e-07
1.80724e-06
1.81619e-06
1.82510e-06
3.04417e-06
3.05298e-06
4.27196e-06
4.28067e-06
4.28934e-06
4.29797e-06
5.51675e-06
5.52528e-06
6.74396e-06
7.96261e-06
7.97099e-06
9.18954e-06
9.19783e-06
1.04163e-05
1.04245e-05
1.04326e-05
1.16510e-05
1.16590e-05
1.28773e-05
1.40954e-05
1.41034e-05
1.53215e-05
1.53293e-05
1.65473e-05
1.65550e-05
1.65627e-05
1.77806e-05
1.89984e-05
1.90060e-05
2.02238e-05
2.14414e-05
2.14489e-05
2.26665e-05
2.38840e-05
2.38914e-05
2.38986e-05
2.51161e-05
2.63334e-05
2.63406e-05
2.75579e-05
2.87752e-05
2.87822e-05
2.99994e-05
3.12165e-05
3.12234e-05
3.12302e-05
3.24472e-05
3.36642e-05
3.48811e-05
3.60980e-05
3.61047e-05
3.73215e-05
3.85382e-05
3.85448e-05
3.97614e-05
3.97679e-05
4.09845e-05
4.22011e-05
4.34176e-05
4.34239e-05
4.46403e-05
4.58567e-05
4.70731e-05
4.82894e-05
4.95057e-05
4.95118e-05
5.07280e-05
5.07339e-05
5.19501e-05
5.31662e-05
5.43822e-05
5.55983e-05
5.56040e-05
5.80302e-05
5.68257e-05
6.04620e-05
5.80472e-05
6.28936e-05
6.04787e-05
6.41149e-05
6.29102e-05
6.41258e-05
6.77618e-05
6.29264e-05
7.50338e-05
5.80962e-05
8.23056e-05
5.20556e-05
9.44180e-05
4.11741e-05
1.12581e-04
2.42414e-05
1.40426e-04
-1.20547e-05
2.17889e-04
-7.53901e-04
-9.18484e-04
8.11509e-05
1.16252e-04
-1.14893e-04
-1.10242e-03
-4.22276e-04
4.59969e-04
4.64815e-04
-1.56324e-05
3.15969e-04
1.10987e-03
-1.51162e-04
-1.04671e-03
-5.78356e-04
-8.15552e-04
2.93002e-04
5.85876e-04
-7.97331e-05
2.34925e-04
-1.59598e-04
-1.07330e-03
-3.54433e-04
-2.97549e-04
4.73639e-05
1.61822e-03
1.68841e-03
-1.83773e-04
-1.34073e-03
-6.82370e-04
-3.24855e-05
2.44656e-04
-9.05675e-05
1.13417e-03
1.70418e-03
-1.03573e-03
-2.00389e-03
-9.49795e-04
9.34500e-04
5.94436e-04
2.56423e-05
-2.63929e-05
-5.87925e-04
-4.08811e-04
-3.51928e-04
3.27001e-04
-7.30715e-04
-9.01351e-04
1.87838e-04
-1.02608e-04
-1.02599e-03
-1.06593e-03
-3.62792e-04
3.25818e-04
-7.19797e-04
-9.07375e-04
7.97808e-04
1.54330e-03
-4.48698e-04
-1.62138e-03
1.40171e-03
1.46344e-03
5.35502e-05
1.62472e-04
1.03175e-04
1.50376e-04
8.98682e-05
7.85740e-04
2.13028e-03
2.36264e-03
3.97272e-04
-1.35873e-03
-1.96868e-03
-2.61072e-04
2.40623e-03
2.94235e-03
1.53972e-03
-8.71005e-04
-2.24822e-03
-1.52088e-03
-1.40033e-04
8.14373e-05
9.15272e-04
1.18515e-03
-4.47991e-06
-1.92992e-03
-2.83031e-03
-1.09245e-03
8.25731e-04
1.96454e-03
1.30256e-03
7.30132e-04
-9.53263e-04
-2.02308e-03
-3.56627e-04
1.61722e-03
3.24979e-03
1.56882e-03
-6.16813e-04
-1.76288e-03
-2.30505e-03
-1.27758e-03
5.07477e-04
1.14042e-03
2.16183e-03
1.66807e-03
-7.28136e-04
-8.86671e-04
4.05832e-04
1.14527e-03
-5.45387e-04
-1.14323e-03
-9.59274e-04
-3.26956e-03
-3.48618e-03
1.56542e-04
3.46041e-03
4.13812e-03
5.09927e-04
-2.99967e-03
-3.24897e-03
-1.09964e-03
2.33977e-03
3.61290e-03
8.68158e-04
-1.95404e-03
-1.45907e-03
-7.01476e-04
2.36436e-04
2.15219e-03
1.72741e-03
-9.99181e-04
-4.14693e-03
-3.68826e-03
-5.11464e-04
2.99451e-03
3.40840e-03
5.54732e-04
6.70202e-05
2.18297e-04
-2.75276e-03
-3.80080e-03
-4.07376e-04
2.26718e-03
1.75769e-03
1.15984e-03
-1.33865e-04
-1.70170e-04
2.57034e-04
2.39547e-03
3.28739e-03
7.44750e-04
-9.53168e-04
-1.84267e-03
-1.83057e-03
-1.12501e-03
1.54712e-03
1.07514e-03
-5.61056e-04
-3.11943e-03
-2.27592e-03
1.74197e-03
2.56128e-03
-2.74233e-04
-3.73663e-03
-3.86491e-03
-1.65312e-04
5.01512e-04
-9.90671e-04
5.26928e-04
1.23611e-03
1.36076e-03
-1.46507e-03
-4.17230e-03
-3.76204e-03
4.93046e-04
4.11398e-03
1.82912e-03
1.03361e-04
2.13490e-04
2.09861e-04
1.27567e-04
9.33565e-04
1.41644e-03
1.95135e-03
3.39029e-03
3.45201e-03
-3.15366e-04
-2.33157e-03
-1.94793e-03
-2.87616e-03
-3.90968e-03
-2.39087e-03
1.88963e-03
1.89810e-03
6.46751e-04
2.04817e-03
2.50805e-03
9.94081e-04
1.00860e-03
1.26275e-03
-4.96893e-04
-1.87895e-03
-3.98108e-03
-2.79144e-03
1.23128e-03
4.74814e-03
5.11846e-03
3.80190e-05
-2.96208e-03
-1.17340e-03
9.09368e-04
2.22849e-03
1.73473e-03
-8.06705e-04
-2.76966e-03
-1.15645e-03
2.31442e-03
2.19219e-03
-6.89315e-04
-2.26863e-03
-1.92978e-03
-3.05285e-03
-4.57287e-03
-3.50668e-03
-1.20970e-03
1.70931e-03
2.70773e-03
2.38461e-03
2.66780e-03
1.49026e-03
-2.05443e-03
-2.45985e-03
5.25394e-05
1.54109e-03
2.32860e-04
-2.25533e-03
-1.76519e-03
1.27485e-03
3.87195e-03
2.78276e-03
-2.58486e-04
-2.58329e-03
-2.29768e-03
-1.58040e-04
2.63112e-04
2.06231e-04
1.56613e-04
8.37958e-04
-6.44545e-04
-1.53768e-03
2.13167e-03
2.95824e-03
2.17120e-04
-1.35050e-04
2.26721e-03
1.74077e-03
-7.65569e-04
-4.91274e-05
2.07720e-03
3.88767e-03
3.01148e-03
2.71575e-04
-1.13590e-03
-2.03024e-03
-3.21884e-05
2.15344e-03
2.58549e-03
2.47657e-03
2.54918e-03
2.37975e-03
5.20872e-04
-2.52280e-03
-6.13768e-03
-5.93316e-03
-3.51880e-03
-2.83918e-04
2.86383e-03
1.32444e-03
-1.72770e-03
-2.16821e-03
-1.98789e-03
-1.31437e-04
-4.64244e-04
-1.51954e-03
-1.76522e-03
-1.39126e-03
1.79642e-03
2.57700e-03
2.78818e-04
-7.30495e-04
-5.13869e-04
-1.01489e-03
-1.70471e-03
-4.24252e-03
-3.44136e-03
7.48372e-04
3.41446e-03
2.92432e-03
2.23140e-04
-2.75466e-04
9.74677e-04
1.50233e-03
1.05939e-03
3.03009e-04
5.61263e-05
4.43392e-04
-9.47136e-04
-5.76814e-04
2.42571e-03
4.31847e-03
2.70042e-03
-8.34592e-04
-2.24085e-03
-1.21218e-03
1.08358e-03
3.53183e-03
4.83522e-03
4.86910e-03
4.46126e-03
1.70925e-03
-1.49174e-03
-4.16872e-03
-3.81534e-03
-2.38972e-03
-2.12953e-03
-2.14284e-03
-4.41803e-03
-7.37214e-03
-5.93684e-03
-6.66392e-04
7.49548e-04
-2.15858e-03
-2.34253e-03
1.91134e-03
1.54102e-03
-1.83909e-03
-2.67655e-03
-1.46998e-03
1.96338e-03
4.59678e-03
6.10712e-03
2.21873e-03
-1.90324e-03
2.73923e-04
4.71296e-03
5.83119e-03
4.02072e-03
7.78574e-04
-1.92866e-03
-4.05257e-03
-1.58254e-03
3.00898e-03
3.05981e-03
-8.38269e-04
-5.17081e-03
-3.51767e-03
7.95506e-04
3.27038e-03
3.70242e-03
1.24812e-03
-9.70190e-04
-1.18682e-03
-2.09568e-03
-2.34257e-03
-3.18124e-03
-1.24733e-03
8.74157e-04
-5.24843e-04
-1.12874e-03
-1.26687e-04
2.30825e-03
4.38859e-03
4.80248e-03
2.52245e-03
-7.87466e-04
-2.79399e-03
-1.98315e-03
-1.07308e-03
-3.43540e-03
-3.48018e-03
-2.57858e-03
-1.45551e-03
-2.38858e-03
-2.94285e-03
-3.26391e-04
1.00726e-03
1.36426e-03
4.28328e-03
7.36810e-03
6.65407e-03
3.24492e-03
-2.59675e-03
-7.19553e-03
-8.04026e-03
-5.03290e-03
-3.26358e-03
-4.85258e-03
-4.72188e-03
-1.68063e-03
4.15740e-03
9.92888e-03
9.78970e-03
4.24332e-03
-1.05375e-03
-1.93236e-03
-1.76051e-03
-4.48953e-03
-4.76909e-03
-2.41766e-03
1.60635e-05
1.17302e-03
1.06826e-04
-4.80125e-04
-1.26918e-03
-1.36429e-04
4.87307e-05
1.06288e-03
2.54659e-03
2.48245e-03
4.52044e-03
6.79925e-03
8.99699e-03
6.43982e-03
-3.99057e-04
-6.36296e-03
-7.93138e-03
-5.82078e-03
-1.32366e-03
3.47481e-03
2.52600e-03
-7.36714e-04
-1.01143e-03
-1.23048e-03
-2.30757e-03
-3.71141e-03
-6.45858e-03
-8.89714e-03
-8.89715e-03
-7.34203e-03
-3.06153e-03
-1.05259e-03
-2.25675e-03
-2.71300e-03
-1.54394e-03
1.88820e-03
3.81848e-03
2.44610e-03
-5.99986e-04
1.05679e-03
4.68982e-03
5.70640e-03
4.57122e-03
3.46630e-03
3.86446e-03
4.01210e-03
2.68571e-03
3.45173e-04
3.42751e-04
1.03015e-03
1.27331e-04
1.55164e-04
2.15684e-03
9.28483e-04
-2.82195e-03
-5.37912e-03
-2.00022e-03
4.49375e-03
5.15089e-03
3.91890e-03
5.21844e-04
-3.21164e-03
-5.35492e-03
-4.83090e-03
-1.06259e-04
8.20181e-03
1.40822e-02
1.18869e-02
3.45053e-03
-5.75430e-03
-1.08650e-02
-1.07597e-02
-8.03917e-03
-6.83986e-03
-6.74062e-03
-4.56104e-03
8.82462e-04
4.16091e-03
1.38348e-03
9.50229e-04
5.45099e-03
9.74117e-03
1.05738e-02
1.13169e-02
1.52210e-02
1.46485e-02
1.11244e-02
7.65718e-03
7.22272e-03
1.01187e-02
1.04612e-02
7.51195e-03
7.16641e-04
-5.85478e-03
-8.91781e-03
-6.28078e-03
-9.28035e-04
1.58919e-03
-2.77965e-03
-7.84316e-03
-7.19328e-03
-4.68694e-03
-6.43327e-03
-1.44388e-02
-1.99973e-02
-2.37126e-02
-2.45670e-02
-1.89020e-02
-8.14935e-03
6.02857e-04
5.24400e-03
8.08919e-03
1.23418e-02
1.52572e-02
1.19957e-02
5.60705e-03
3.64773e-03
9.78710e-03
1.56034e-02
1.32834e-02
7.50223e-03
7.95363e-03
1.21058e-02
1.18505e-02
1.81909e-03
-1.01970e-02
-1.39475e-02
-7.89403e-03
1.38462e-03
8.04439e-03
9.71689e-03
7.01813e-03
-6.40057e-04
-1.28970e-02
-1.92433e-02
-1.36280e-02
7.51697e-05
1.46690e-02
2.29384e-02
1.75772e-02
1.75735e-03
-4.76203e-03
3.43469e-03
1.03668e-02
-1.45454e-03
-2.24444e-02
-3.38409e-02
-3.35214e-02
-3.02526e-02
-2.97988e-02
-3.01594e-02
-2.72453e-02
-1.89106e-02
-1.91538e-02
-2.96354e-02
-3.27868e-02
-2.06363e-02
-3.80236e-03
7.87976e-03
1.97846e-02
3.86505e-02
4.79449e-02
3.18068e-02
8.61072e-03
3.19625e-03
1.26867e-02
1.69672e-02
8.18351e-03
3.71301e-03
1.25717e-02
2.43240e-02
2.62313e-02
1.41087e-02
5.16888e-03
4.79613e-03
4.49842e-03
3.80739e-03
7.82165e-03
1.27266e-02
8.27305e-03
-1.56714e-03
-1.15465e-02
-2.14835e-02
-2.92107e-02
-3.02938e-02
-2.47063e-02
-1.58343e-02
-7.62060e-03
-1.07635e-02
-1.99042e-02
-1.88174e-02
-9.51458e-03
-4.55031e-03
-6.80251e-03
-6.13811e-03
4.19464e-03
1.62459e-02
1.99418e-02
1.76255e-02
1.92544e-02
2.57883e-02
2.56806e-02
1.71656e-02
6.75300e-03
-1.32029e-03
-3.42847e-03
-2.89192e-04
2.65524e-03
-3.62089e-03
-1.36039e-02
-1.62082e-02
-9.38874e-03
-7.62026e-05
7.43192e-03
1.44995e-02
1.83903e-02
1.54265e-02
5.55972e-03
-4.49104e-03
-8.73282e-03
-4.11225e-03
2.82102e-03
5.03449e-03
4.60123e-03
5.84774e-03
6.41654e-03
3.10057e-03
3.43722e-04
-1.72089e-03
-5.92757e-03
-1.54119e-02
-2.63220e-02
-2.43142e-02
-8.52347e-03
5.73518e-03
4.66899e-03
-6.18172e-03
-9.86680e-03
-4.16915e-03
3.01221e-03
4.60605e-03
1.81532e-03
4.93402e-03
1.55003e-02
2.46253e-02
2.50501e-02
1.85343e-02
1.22182e-02
6.68760e-03
-2.17595e-03
-9.23146e-03
-9.36216e-03
-4.69802e-03
-1.94117e-03
-4.99090e-03
-6.70697e-03
-3.81821e-03
4.67502e-03
1.28112e-02
1.32517e-02
1.07031e-02
7.42823e-03
8.09869e-03
1.23598e-02
1.12948e-02
6.24450e-04
-1.31017e-02
-2.02407e-02
-2.15647e-02
-2.02686e-02
-1.93912e-02
-1.94033e-02
-2.15598e-02
-2.12367e-02
-1.32433e-02
-4.93888e-03
3.99850e-03
1.22400e-02
1.70627e-02
1.90523e-02
2.00979e-02
2.39378e-02
2.86334e-02
2.66717e-02
1.34175e-02
-9.37944e-04
-6.51821e-03
-6.41171e-03
-5.60087e-03
-7.73326e-03
-1.38448e-02
-1.87461e-02
-1.85961e-02
-1.25293e-02
-7.25281e-03
-8.87570e-03
-1.49800e-02
-1.97107e-02
-1.61757e-02
-9.21577e-03
-4.98368e-03
4.02268e-03
2.06630e-02
3.41435e-02
3.07077e-02
1.64963e-02
6.86787e-03
4.06624e-03
3.57127e-03
1.80678e-03
-8.35097e-04
-4.94980e-03
-1.18734e-02
-1.73338e-02
-1.68340e-02
-1.44281e-02
-1.64770e-02
-1.81144e-02
-1.33063e-02
-5.96517e-03
-2.97773e-04
6.12237e-03
1.54688e-02
1.95968e-02
1.77537e-02
1.43433e-02
1.49399e-02
1.49423e-02
9.87764e-03
1.18835e-03
-6.44079e-03
-9.71561e-03
-1.06898e-02
-1.01779e-02
-1.00533e-02
-9.66236e-03
-9.88383e-03
-1.03836e-02
-8.18833e-03
-1.63143e-03
4.67616e-03
4.29858e-03
-2.54030e-03
-9.06936e-03
-9.42153e-03
-4.64969e-03
-3.94535e-03
-3.58713e-03
-9.74297e-04
3.94640e-03
7.60485e-03
3.32314e-03
-1.18367e-03
-1.33207e-04
4.64590e-03
7.38096e-03
9.17933e-03
1.22412e-02
1.52328e-02
1.33606e-02
7.66052e-03
5.89241e-03
6.00495e-03
1.74180e-04
-1.13639e-02
-1.76352e-02
-1.13518e-02
-8.84753e-04
2.20127e-03
6.32845e-04
8.57943e-04
1.66878e-03
4.10008e-03
1.28378e-02
2.09716e-02
2.23294e-02
1.22617e-02
-1.61088e-03
-9.46028e-03
-1.35120e-02
-1.21845e-02
-1.05495e-02
-1.21590e-02
-1.37057e-02
-7.73211e-03
6.65513e-04
1.94228e-03
-1.59878e-03
-4.21254e-04
3.59421e-03
2.64904e-03
-7.72215e-04
2.61301e-04
4.50428e-03
1.88540e-03
-4.99221e-03
-9.98794e-03
-6.50738e-03
7.69585e-04
3.77816e-03
4.91237e-04
-7.34243e-03
-1.24096e-02
-1.44040e-02
-1.49026e-02
-1.53879e-02
-1.68680e-02
-1.32954e-02
-1.33860e-03
9.05465e-03
1.09607e-02
9.07402e-03
1.12705e-02
1.49701e-02
1.44013e-02
1.17268e-02
1.21032e-02
1.73191e-02
1.98315e-02
1.91018e-02
1.48854e-02
9.92721e-03
7.10743e-03
3.72248e-03
-3.87381e-04
-2.81142e-03
2.38295e-04
4.42198e-03
1.71354e-03
-6.96848e-03
-1.24217e-02
-9.36953e-03
-1.67746e-03
7.44160e-04
-2.29104e-03
-2.21116e-03
3.89191e-03
7.49711e-03
5.09001e-03
-1.35071e-03
-5.51503e-03
-5.43636e-03
-3.87399e-03
-2.38423e-03
-1.86491e-04
-7.51658e-04
-5.16407e-03
-6.86441e-03
-3.90909e-03
6.71544e-04
-2.19044e-05
-5.19070e-03
-1.30401e-02
-2.03764e-02
-2.47283e-02
-2.22050e-02
-1.43290e-02
-7.90882e-03
-3.81106e-03
-1.84085e-03
1.06607e-03
5.99282e-03
1.14037e-02
1.18212e-02
7.47411e-03
7.48995e-04
-2.17002e-03
1.98462e-03
8.77508e-03
1.65640e-02
1.85039e-02
1.13431e-02
1.76557e-03
-1.12319e-03
1.22945e-03
4.32636e-03
4.79956e-03
4.69064e-03
7.52736e-03
9.58229e-03
8.14941e-03
2.14557e-03
-2.22327e-03
-3.66816e-04
5.60676e-03
8.28858e-03
7.44144e-03
6.82060e-03
8.51005e-03
1.33436e-02
1.35941e-02
8.70610e-03
2.94915e-03
3.62938e-04
4.94947e-05
1.25738e-04
-7.16566e-04
-3.45768e-03
-9.46273e-03
-1.59833e-02
-2.18286e-02
-2.53418e-02
-2.42974e-02
-2.23623e-02
-2.09560e-02
-2.08677e-02
-2.19085e-02
-2.09621e-02
-1.57413e-02
-8.06252e-03
-3.32456e-03
-4.61343e-03
-6.67199e-03
-2.55729e-03
5.92021e-03
1.31730e-02
1.80646e-02
2.03773e-02
1.89227e-02
1.34126e-02
8.29463e-03
8.33820e-03
6.86901e-03
-2.25220e-04
-4.51056e-03
-5.13866e-03
-2.65894e-03
1.13142e-03
3.32553e-03
8.40234e-03
1.35457e-02
1.50863e-02
1.29116e-02
8.85012e-03
5.92747e-03
4.85281e-03
5.38772e-03
2.72405e-03
-3.68520e-03
-1.03534e-02
-1.29203e-02
-8.17869e-03
-2.92519e-03
-2.15429e-03
-4.36049e-03
-5.12413e-03
-3.29430e-03
-7.60127e-04
-4.97356e-05
-1.80938e-03
-5.07209e-03
-6.98422e-03
-7.37148e-03
-1.11969e-02
-1.36960e-02
-1.08714e-02
-3.02200e-03
5.07065e-03
1.07804e-02
1.29721e-02
9.93810e-03
5.03313e-03
2.54495e-03
6.56889e-03
1.10370e-02
1.10237e-02
7.64718e-03
5.01861e-03
5.44945e-03
5.94321e-03
3.82898e-03
1.07939e-03
-9.41651e-04
-2.88645e-03
-6.35369e-03
-1.00146e-02
-9.31991e-03
-4.76590e-03
1.47997e-03
3.89918e-03
5.09389e-04
-2.93849e-03
-3.89213e-03
-3.23499e-03
-6.31834e-04
3.18879e-03
4.82983e-03
2.49655e-03
5.17863e-04
1.22947e-03
3.20210e-03
4.33001e-03
2.91649e-03
-3.94631e-04
-2.31765e-03
-1.83841e-03
-4.72083e-04
-9.59795e-04
-2.42051e-03
-3.16842e-03
-3.26645e-03
-4.47877e-04
2.14560e-03
4.17422e-04
-4.46697e-03
-7.72121e-03
-4.82519e-03
-1.37610e-03
-2.25471e-03
-3.22167e-03
-4.27299e-04
1.60948e-03
1.06973e-03
3.70228e-04
2.38401e-03
5.77017e-03
5.86941e-03
7.66051e-03
1.26623e-02
1.58113e-02
1.23404e-02
5.51240e-03
2.28962e-03
3.48288e-03
5.65036e-03
5.99890e-03
3.16823e-03
-1.73189e-03
-6.05717e-03
-1.15975e-02
-1.37601e-02
-1.37141e-02
-1.48348e-02
-1.47271e-02
-1.40748e-02
-1.05361e-02
-6.70705e-03
-3.35962e-03
-2.02234e-03
-1.55157e-03
-2.08043e-03
-3.92236e-03
-2.24259e-03
1.43159e-03
4.49584e-03
4.93998e-03
4.33004e-03
4.84922e-03
8.02601e-03
9.06316e-03
5.44827e-03
7.63564e-04
-1.71857e-03
-1.55761e-03
3.52095e-04
3.32557e-03
6.64517e-03
8.47621e-03
7.65811e-03
6.28816e-03
6.72505e-03
7.15830e-03
5.12636e-03
2.82576e-03
3.48291e-03
7.06875e-03
5.48338e-03
5.25162e-04
-5.78364e-03
-1.07140e-02
-1.12550e-02
-9.11050e-03
-5.64447e-03
-4.30719e-03
-4.56738e-03
-5.57064e-03
-5.36491e-03
-3.68877e-03
-2.54754e-03
-3.98164e-03
-6.61747e-03
-7.83978e-03
-7.80952e-03
-5.14343e-03
-5.03572e-03
-7.79984e-03
-9.06329e-03
-8.20525e-03
-5.55369e-03
-2.27040e-03
-8.12102e-04
-1.64230e-03
-2.30792e-03
-4.73242e-04
2.40705e-03
4.56243e-03
6.30755e-03
7.10507e-03
6.40073e-03
3.88592e-03
7.31686e-03
1.22460e-02
1.01124e-02
1.70998e-03
-5.42056e-03
-5.23903e-03
-1.44382e-03
8.77358e-04
-5.44634e-04
-3.84608e-03
-5.74610e-03
-2.50517e-03
9.85070e-04
2.13719e-03
1.89394e-03
1.01170e-03
1.70604e-04
9.95965e-04
2.96618e-03
4.87347e-03
3.14287e-03
-1.82986e-03
-5.35761e-03
-4.67627e-03
-9.25838e-04
2.06458e-03
2.56077e-03
2.39618e-03
3.10536e-03
4.80570e-03
1.07478e-02
1.57980e-02
1.54422e-02
1.03037e-02
5.17724e-03
2.90084e-03
1.48853e-03
-6.42640e-04
-1.03354e-03
1.26949e-03
3.77340e-03
2.57530e-03
-2.16871e-03
-6.41048e-03
-8.05394e-03
-7.30724e-03
-5.81748e-03
-4.38822e-03
-4.66173e-03
-3.44547e-03
-7.02030e-05
2.05734e-03
1.73664e-03
-1.07830e-03
-1.86009e-03
9.23380e-04
3.32685e-03
2.74595e-03
2.49298e-04
-1.29735e-03
-2.35628e-03
-3.48540e-03
-2.49908e-03
-1.99685e-04
-7.49118e-04
-5.99415e-03
-1.07527e-02
-8.78488e-03
-2.94685e-03
1.02626e-03
1.03836e-03
6.77766e-05
6.29365e-05
1.13766e-04
-6.42612e-04
-1.12185e-03
1.18359e-03
4.28535e-03
1.75965e-03
-4.89648e-03
-6.75536e-03
1.56129e-04
8.03457e-03
7.54323e-03
3.62942e-03
4.51772e-03
8.78127e-03
1.21759e-02
1.08798e-02
6.86310e-03
1.73062e-03
1.02888e-04
1.07953e-03
-3.06906e-03
-8.73041e-03
-1.02347e-02
-6.23738e-03
-1.69668e-03
9.42777e-04
1.04201e-03
-7.07943e-04
-4.06868e-03
-5.73272e-03
-4.08684e-03
5.18000e-04
3.05096e-03
2.36236e-03
2.37446e-03
5.26564e-03
9.18792e-03
1.11654e-02
1.09488e-02
7.32905e-03
3.63550e-03
1.63503e-03
2.90490e-04
-2.82579e-03
-7.66298e-03
-9.09950e-03
-7.38100e-03
-6.62220e-03
-8.69650e-03
-1.26636e-02
-1.30617e-02
-9.84377e-03
-6.36685e-03
-4.24172e-03
-5.84041e-03
-8.09744e-03
-7.83119e-03
-3.84961e-03
1.90250e-03
3.67545e-03
5.42783e-03
5.17974e-03
4.39069e-03
2.66735e-03
9.76695e-04
1.46199e-03
3.03284e-03
6.34033e-03
6.21931e-03
3.72992e-03
3.55081e-03
3.38380e-03
3.32329e-03
3.69846e-03
4.38827e-03
5.84415e-03
3.54355e-03
3.30455e-04
2.95360e-04
3.29546e-03
4.65816e-03
3.10788e-03
3.33903e-03
4.66300e-03
1.71131e-03
-5.16024e-03
-1.03436e-02
-1.06606e-02
-5.37324e-03
-1.27790e-03
-1.76561e-03
-3.09926e-03
-3.31830e-03
-1.51994e-03
-9.58400e-04
-1.86605e-03
-2.23275e-03
-1.36667e-04
1.33131e-03
5.07164e-04
-7.51450e-04
-1.01769e-03
3.01431e-04
1.84323e-03
2.53668e-03
-6.96986e-04
-4.24289e-03
-4.41958e-03
-2.44367e-04
5.17131e-03
5.27175e-03
1.47897e-03
-1.13387e-03
-1.13749e-03
-2.70986e-04
-6.89717e-04
-2.61636e-03
-2.56190e-03
7.67374e-04
4.72596e-03
7.91848e-03
6.67923e-03
3.57990e-03
2.32249e-03
3.29550e-03
4.96559e-03
6.65746e-03
9.08513e-03
8.63977e-03
4.39921e-03
-2.77973e-03
-8.66133e-03
-1.04004e-02
-9.63313e-03
-8.07680e-03
-7.40271e-03
-8.94089e-03
-1.10914e-02
-1.08470e-02
-9.19261e-03
-5.02224e-03
-3.50838e-04
4.34961e-03
7.94150e-03
8.10367e-03
6.66110e-03
4.68968e-03
5.43032e-03
6.72888e-03
6.88620e-03
3.57024e-03
6.13705e-04
-7.87713e-04
-1.07598e-05
3.28826e-03
4.23344e-03
2.18577e-03
-4.76686e-04
9.57425e-05
1.79124e-03
1.45965e-03
1.15347e-03
2.10711e-03
2.38304e-03
1.03487e-03
7.27476e-04
1.86514e-04
2.49446e-04
-1.36497e-03
-4.36265e-03
-3.53487e-03
-1.39764e-03
-2.24951e-04
3.01490e-04
-6.73936e-04
-3.77811e-03
-6.58095e-03
-6.41636e-03
-3.61473e-03
-1.25120e-03
-1.03820e-03
-6.31573e-04
2.24993e-03
6.73132e-03
1.01477e-02
8.52364e-03
3.40689e-03
-1.69897e-03
-3.42472e-03
-2.53401e-03
-1.99305e-03
-2.98179e-03
-5.33806e-03
-4.88060e-03
-4.46187e-03
-6.27112e-03
-4.76321e-03
-2.42509e-03
-2.09591e-03
-2.13948e-03
-1.40488e-03
2.01274e-03
3.69493e-03
4.46704e-03
6.79548e-03
7.82537e-03
8.43289e-03
8.00932e-03
7.13797e-03
7.12829e-03
7.07504e-03
7.70677e-03
6.90441e-03
3.16366e-03
-2.39603e-03
-5.11294e-03
-4.37592e-03
-2.38271e-03
-2.99871e-03
-4.61796e-03
-6.48410e-03
-7.97386e-03
-7.90004e-03
-7.17876e-03
-6.15855e-03
-5.88504e-03
-2.78450e-03
-4.57268e-04
-8.32432e-04
-2.85711e-03
-6.25415e-03
-7.91698e-03
-8.60195e-03
-9.10903e-03
-9.17801e-03
-1.02805e-02
-9.38858e-03
-6.21905e-03
-3.39322e-03
-1.79938e-03
1.80341e-03
7.59666e-03
1.37953e-02
1.63816e-02
1.41088e-02
1.01393e-02
7.13316e-03
6.10327e-03
7.33405e-03
8.63745e-03
6.92259e-03
3.19999e-03
2.67663e-04
-1.05872e-03
-2.21259e-04
1.63587e-04
-1.80663e-03
-1.39516e-03
1.30844e-03
2.31292e-03
1.21768e-03
-6.04890e-04
-3.81001e-04
1.03252e-03
1.29635e-03
-9.00177e-04
-4.23066e-03
-6.40662e-03
-6.74063e-03
-7.57083e-03
-9.92589e-03
-1.02442e-02
-9.60277e-03
-8.03192e-03
-6.68012e-03
-6.82534e-03
-6.54699e-03
-5.47959e-03
-3.60014e-03
-1.14342e-03
2.91886e-04
-9.41693e-05
-4.51180e-04
-3.01113e-04
1.25158e-03
5.32998e-03
1.07686e-02
1.37700e-02
1.39733e-02
1.17562e-02
8.61811e-03
7.51803e-03
6.21222e-03
3.74098e-03
2.44606e-03
2.43759e-03
2.53320e-03
2.35046e-03
2.66874e-03
1.40892e-03
2.43490e-04
-8.16650e-04
-2.15030e-03
-3.01802e-03
-4.74498e-03
-5.77607e-03
-6.78417e-03
-6.82895e-03
-5.93703e-03
-3.99102e-03
-1.53188e-03
-7.46452e-04
-2.66342e-03
-4.76797e-03
-3.93898e-03
-2.24953e-03
-2.08857e-03
-2.26405e-03
-1.90340e-03
-1.17970e-03
-2.38507e-03
-3.18743e-03
-1.83321e-03
1.03014e-03
3.11895e-03
2.29601e-03
1.33632e-03
3.46992e-03
4.12827e-03
3.31501e-03
2.37589e-03
3.98062e-03
6.43008e-03
6.19046e-03
5.91333e-03
5.38204e-03
5.80683e-03
5.98110e-03
5.81046e-03
6.17352e-03
6.96500e-03
7.84240e-03
7.63061e-03
6.71812e-03
5.38084e-03
3.65993e-03
2.33838e-03
3.65746e-04
-1.28861e-03
-1.58269e-03
9.58718e-05
5.95687e-04
-6.99255e-05
-1.87918e-03
-4.10838e-03
-5.25082e-03
-5.72159e-03
-5.58605e-03
-5.79420e-03
-7.01409e-03
-7.93142e-03
-7.38199e-03
-5.09349e-03
-2.32211e-03
-7.34323e-04
-6.26584e-05
-1.05745e-03
-9.35216e-04
-1.76179e-03
-2.34995e-03
-4.23545e-03
-5.61629e-03
-4.20519e-03
-2.73721e-03
-1.78115e-03
-1.17241e-03
-2.27242e-04
1.98751e-04
1.11617e-04
1.62446e-04
1.14038e-04
1.83020e-04
-3.11859e-05
-1.67586e-03
-3.00587e-03
-2.76746e-03
-6.09663e-04
8.17171e-04
5.11104e-05
-1.79324e-03
-1.59356e-03
-3.60233e-05
2.22706e-03
4.35824e-03
5.56239e-03
5.84316e-03
4.52525e-03
3.12504e-03
2.97739e-03
4.16945e-03
5.72698e-03
5.14124e-03
5.40386e-03
6.07673e-03
5.23927e-03
3.77129e-03
2.40739e-03
2.32873e-03
1.22986e-03
1.49852e-03
2.66637e-03
3.00644e-03
1.45980e-03
-1.00157e-04
-4.68059e-04
-9.01313e-04
-1.03807e-03
-9.96919e-04
-3.43407e-04
3.70615e-04
-1.82449e-04
-7.29462e-04
1.21314e-04
1.93926e-04
1.41888e-04
-4.07546e-04
-2.16234e-03
-5.48678e-03
-8.98670e-03
-1.02163e-02
-1.02780e-02
-1.01182e-02
-1.09981e-02
-1.14349e-02
-1.07947e-02
-8.51471e-03
-5.80506e-03
-3.45726e-03
-2.09578e-03
-2.08731e-03
-3.01433e-03
-4.63479e-03
-4.06115e-03
-1.18328e-03
2.55504e-03
4.99482e-03
6.59955e-03
7.33173e-03
6.10821e-03
4.58698e-03
3.55346e-03
3.91290e-03
4.68259e-03
5.47043e-03
3.92258e-03
2.24886e-03
6.21136e-04
2.08456e-04
2.07823e-03
3.34531e-03
5.72579e-03
5.08922e-03
3.35741e-03
1.87249e-03
9.92671e-04
1.44316e-04
-1.90214e-03
-4.07446e-03
-4.51256e-03
-4.30198e-03
-2.39470e-03
-6.96776e-04
3.10116e-04
1.41382e-03
6.50184e-04
-7.39133e-04
-3.07967e-03
-4.61542e-03
-3.49598e-03
-1.38054e-03
-2.17533e-04
9.23691e-04
2.08549e-03
3.28117e-03
3.11901e-03
1.42835e-03
-4.92250e-04
-1.21111e-03
4.02412e-05
1.38962e-03
1.30612e-03
1.38236e-03
1.12822e-03
1.17057e-03
4.84387e-04
-7.06456e-04
-3.24031e-04
1.08828e-03
3.98430e-03
5.03839e-03
3.97462e-03
3.61156e-03
3.74831e-03
5.61082e-03
5.33005e-03
4.00972e-03
2.89754e-03
1.78173e-03
3.75469e-04
-1.69761e-03
-3.05304e-03
-5.23505e-03
-5.69009e-03
-4.88893e-03
-3.66783e-03
-2.54960e-03
-1.35513e-03
-8.49260e-04
-1.71940e-03
-2.26762e-03
-1.27646e-03
7.04645e-04
2.37957e-03
3.24729e-03
3.58978e-03
2.12664e-03
-1.29583e-03
-4.63721e-03
-6.75870e-03
-6.71755e-03
-6.94144e-03
-7.92534e-03
-7.81158e-03
-5.22174e-03
-2.03889e-03
1.05197e-03
3.37557e-03
6.42771e-03
8.67627e-03
9.25717e-03
9.56699e-03
8.56009e-03
9.01997e-03
1.09987e-02
1.07748e-02
8.39913e-03
4.10411e-03
-3.70020e-04
-3.77796e-03
-7.36138e-03
-9.39574e-03
-1.06822e-02
-1.03639e-02
-1.00468e-02
-8.22063e-03
-6.44042e-03
-5.64894e-03
-5.65620e-03
-4.74492e-03
-3.02643e-03
-1.37207e-03
5.44893e-04
1.79504e-03
3.60066e-03
4.75641e-03
4.69469e-03
2.82129e-03
2.44007e-03
2.42918e-03
2.66880e-03
3.04760e-03
7.72410e-04
-2.00865e-03
-4.08052e-03
-4.53556e-03
-4.46052e-03
-3.83606e-03
-2.36687e-03
-3.84296e-05
1.40050e-03
1.25649e-03
8.12345e-04
1.31095e-03
2.75957e-03
3.53894e-03
3.65996e-03
3.58856e-03
2.99798e-03
2.06612e-03
1.46585e-03
4.85587e-04
1.37047e-04
-5.14044e-04
-1.83559e-03
-2.23133e-03
-2.11394e-03
-2.35356e-03
-3.39071e-03
-3.06758e-03
-2.37534e-03
-2.84006e-03
-2.59076e-03
-1.21355e-03
3.62142e-04
1.98140e-03
2.56109e-03
2.38077e-03
2.58892e-03
4.35703e-03
4.78665e-03
4.81691e-03
3.98550e-03
3.57645e-03
3.48689e-03
4.57487e-03
5.78507e-03
5.22959e-03
4.73219e-03
3.32351e-03
2.35172e-03
5.35195e-04
-8.68511e-05
-1.68795e-03
-2.97077e-03
-4.05391e-03
-5.26048e-03
-6.38840e-03
-6.94872e-03
-6.50216e-03
-6.34846e-03
-7.08669e-03
-7.93504e-03
-7.34809e-03
-5.78935e-03
-3.77798e-03
-2.56294e-03
-1.44350e-03
-8.74702e-04
-1.30554e-03
-2.12727e-03
-2.23740e-03
-2.12364e-03
-2.25918e-03
-2.07523e-03
-2.47097e-03
-3.11480e-03
-2.10549e-03
1.60054e-05
3.42274e-03
5.47525e-03
6.16264e-03
7.04488e-03
7.01947e-03
7.12959e-03
6.28729e-03
6.35506e-03
5.86130e-03
4.61842e-03
4.86288e-03
4.48650e-03
3.60547e-03
3.60305e-03
3.42273e-03
2.26698e-03
5.90845e-04
-6.52037e-04
-1.18211e-03
-2.35727e-04
1.58799e-04
4.98801e-05
-2.01110e-03
-3.37258e-03
-3.40163e-03
-2.47582e-03
-2.06686e-04
1.95102e-04
3.65640e-05
9.59951e-04
3.45903e-03
4.79751e-03
5.57568e-03
3.76279e-03
3.52922e-03
3.59336e-03
3.66113e-03
2.69054e-03
1.14269e-03
1.36294e-03
1.22740e-03
1.30969e-03
7.84463e-04
1.08459e-03
2.14715e-03
1.72600e-03
1.24676e-03
5.77515e-04
6.43869e-05
-5.31035e-04
-1.16276e-03
-1.07321e-03
-2.48552e-03
-3.22496e-03
-4.07210e-03
-4.71472e-03
-6.31220e-03
-7.45705e-03
-6.79507e-03
-6.83985e-03
-6.71278e-03
-7.53572e-03
-8.04642e-03
-7.90120e-03
-7.40018e-03
-5.20486e-03
-3.78650e-03
-1.70011e-03
1.17292e-03
3.19518e-03
3.18428e-03
3.40091e-03
4.37392e-03
4.85558e-03
4.51672e-03
3.61996e-03
3.54976e-03
4.28920e-03
4.93787e-03
3.83537e-03
1.55776e-03
-1.47018e-03
-4.44002e-03
-5.65991e-03
-5.10927e-03
-5.66597e-03
-7.08675e-03
-7.86007e-03
-8.05128e-03
-7.10369e-03
-4.49449e-03
-1.75700e-03
9.50227e-04
2.83936e-03
2.83815e-03
1.70055e-03
1.14991e-03
1.53354e-03
2.57190e-03
3.70707e-03
3.34038e-03
2.49686e-03
2.38673e-03
2.63846e-03
3.77121e-03
4.81320e-03
4.56389e-03
2.95311e-03
1.62551e-03
6.24668e-04
-7.30763e-04
-9.75226e-04
-1.28141e-03
-1.42542e-03
-1.56218e-03
-2.46862e-03
-1.13377e-03
7.73517e-04
2.33105e-03
3.64897e-03
3.58119e-03
3.62960e-03
3.44323e-03
2.26933e-03
6.00452e-04
1.12738e-04
1.67753e-03
2.11926e-03
1.42702e-03
1.00103e-03
2.34964e-04
8.65503e-06
4.44329e-04
1.15351e-03
2.10110e-03
2.44117e-03
2.65053e-03
3.60659e-03
3.00149e-03
1.40402e-03
-2.88693e-05
-1.24876e-03
-2.13342e-03
-2.22056e-03
-2.10680e-03
-2.27018e-03
-1.90954e-03
-1.09507e-03
-3.13275e-04
9.05402e-04
1.44878e-03
3.75330e-04
-1.31533e-03
-2.11770e-03
-2.23025e-03
-2.07171e-03
-3.53606e-03
-5.59220e-03
-6.83872e-03
-6.13075e-03
-4.80436e-03
-4.43888e-03
-4.50907e-03
-4.35175e-03
-2.58243e-03
-2.09713e-03
-2.20847e-03
-2.16249e-03
-2.17580e-03
-2.19154e-03
-2.14313e-03
-2.25084e-03
-1.45452e-03
-3.16929e-04
1.11595e-03
2.53794e-03
2.25839e-03
5.79830e-04
-1.07034e-06
8.17028e-04
2.25354e-03
3.71668e-03
3.47827e-03
3.74088e-03
2.77030e-03
2.47137e-03
1.66296e-03
1.90984e-03
2.45443e-03
1.08084e-03
1.61817e-03
2.40723e-03
4.66426e-03
5.22822e-03
4.01801e-03
2.61296e-03
1.19097e-03
1.32772e-03
1.25389e-03
1.28536e-03
1.30593e-03
6.31844e-04
-8.27666e-04
-2.98546e-03
-3.39936e-03
-2.71922e-03
-6.61871e-04
9.36810e-04
1.53465e-03
2.39874e-03
2.48950e-03
2.21841e-03
1.30229e-03
6.41513e-04
-7.41754e-04
-1.00679e-03
-1.74018e-03
-2.30050e-03
-2.11776e-03
-2.23031e-03
-2.16496e-03
-2.06936e-03
-7.85330e-04
9.69097e-05
1.40476e-04
5.89461e-04
9.17426e-04
1.49953e-03
2.60445e-03
3.61860e-03
4.04218e-03
3.79650e-03
2.75572e-03
2.45196e-03
1.72462e-03
1.15099e-03
1.39424e-03
5.19256e-04
5.22886e-04
4.64795e-04
1.20060e-03
1.37124e-03
4.40587e-04
-2.04760e-03
-3.42723e-03
-2.64544e-03
-1.86728e-03
-1.12179e-03
-7.90199e-04
9.08299e-05
1.90066e-04
-5.83257e-04
-1.28276e-03
-2.33080e-03
-3.41030e-03
-2.63577e-03
-1.40499e-03
-8.77344e-04
-1.94959e-03
-3.49744e-03
-3.05209e-03
-2.25819e-03
-1.96775e-03
-1.02137e-03
-1.03710e-03
-1.02016e-03
-1.01411e-03
-1.65431e-03
-3.06420e-03
-3.19369e-03
-1.52724e-03
-4.35282e-05
1.42566e-03
5.09534e-04
6.05460e-05
1.64623e-04
9.80601e-05
2.79590e-04
1.51400e-03
2.40229e-03
2.51242e-03
1.70521e-03
1.19208e-03
1.32278e-03
1.38329e-03
3.20465e-03
3.68268e-03
3.42732e-03
1.74393e-03
5.57923e-04
-8.20503e-04
-2.29696e-03
-2.09727e-03
-1.63013e-03
-4.35553e-05
-5.97831e-04
-1.71485e-03
-2.54627e-03
-2.54264e-03
-2.08518e-03
-2.86213e-03
-3.51444e-03
-3.00978e-03
-2.28729e-03
-1.91334e-03
-1.05409e-03
-1.00084e-03
-4.19945e-04
1.15695e-03
3.16468e-03
3.88112e-03
4.76215e-03
4.09049e-03
3.30869e-03
2.44703e-03
2.64792e-03
3.56283e-03
4.33615e-03
4.22965e-03
2.60072e-03
3.79986e-04
-1.16303e-03
-8.72580e-04
-1.77055e-03
-2.38655e-03
-3.96103e-03
-5.33946e-03
-5.01149e-03
-3.64880e-03
-2.62981e-03
-1.35667e-03
-3.20737e-04
4.97361e-04
1.05648e-03
2.65882e-05
-1.13279e-03
-7.09220e-04
2.77948e-05
4.32002e-04
1.18838e-03
2.07183e-03
2.51960e-03
2.41795e-03
3.10171e-03
4.46198e-03
5.28250e-03
4.92549e-03
4.48618e-03
3.68865e-03
3.39941e-03
2.44335e-03
2.50749e-03
2.24608e-03
1.33601e-03
6.31667e-04
-1.30764e-04
-1.61327e-03
-2.99532e-03
-3.50845e-03
-4.50688e-03
-4.41490e-03
-4.51656e-03
-4.41248e-03
-4.52140e-03
-4.39917e-03
-4.55045e-03
-4.23580e-03
-2.72667e-03
-1.08926e-03
1.70560e-04
1.79030e-04
9.06834e-05
3.88393e-04
1.27063e-03
1.38560e-03
5.71130e-04
6.52629e-05
2.15327e-04
-1.09826e-05
-1.20788e-03
-2.14337e-03
-2.16394e-03
-2.13248e-03
-2.18210e-03
-2.10465e-03
-2.23293e-03
-1.42451e-03
-2.83290e-04
1.11329e-03
2.73980e-03
3.59784e-03
3.63172e-03
3.61236e-03
3.65835e-03
2.94311e-03
2.28355e-03
2.77005e-03
3.53974e-03
3.72490e-03
3.36789e-03
2.52679e-03
2.28354e-03
1.14837e-03
-7.38303e-06
-1.19218e-03
-2.14461e-03
-2.18576e-03
-1.44511e-03
-8.67846e-04
-1.05785e-03
-1.44996e-03
-1.14620e-03
-8.87214e-04
-1.08932e-03
-8.75115e-04
-1.27448e-03
-1.93284e-03
-1.45239e-03
-1.81545e-03
-2.20272e-03
-2.11921e-03
-2.15915e-03
-2.14947e-03
-2.01393e-03
-7.51686e-04
1.23292e-04
7.07820e-04
2.37049e-04
1.43862e-04
1.60803e-04
2.00739e-04
-3.52523e-05
-9.80425e-04
-1.62426e-03
-2.52586e-03
-2.53554e-03
-1.92681e-03
-3.29340e-04
9.60739e-04
1.54890e-03
2.49165e-03
2.42024e-03
3.14758e-03
4.44855e-03
4.82855e-03
4.78740e-03
4.13510e-03
3.28675e-03
2.56183e-03
2.37909e-03
2.70826e-03
3.62197e-03
3.02533e-03
1.43512e-03
-2.60476e-06
-1.72836e-03
-2.22092e-03
-2.14346e-03
-1.97888e-03
-9.57464e-04
-1.01676e-03
-9.81670e-04
-9.78041e-04
-1.52748e-03
-1.05429e-03
-1.49722e-03
-1.07365e-03
-1.00709e-03
-2.93071e-04
2.74514e-04
1.19607e-04
1.36549e-04
8.83245e-04
1.26083e-03
5.90919e-05
2.18838e-04
7.54958e-04
1.59605e-03
2.89026e-04
-1.64367e-03
-3.16732e-03
-4.53365e-03
-4.39569e-03
-4.55301e-03
-3.70345e-03
-3.24841e-03
-2.69172e-03
-1.78044e-03
-1.14145e-03
-2.15643e-04
2.17610e-04
1.32895e-04
1.80091e-04
2.18992e-06
-1.09668e-03
-7.27567e-04
6.99580e-05
2.93845e-04
-6.93685e-04
-3.05209e-04
2.01866e-04
8.39643e-04
1.39029e-03
1.94335e-03
2.61380e-03
2.98049e-03
4.57675e-03
4.65905e-03
5.55581e-03
5.96123e-03
5.94549e-03
5.26778e-03
3.83247e-03
1.49919e-03
1.42681e-05
3.01086e-04
-6.74341e-04
-9.78105e-04
-1.75869e-03
-2.17863e-03
-3.36947e-03
-3.53406e-03
-3.22909e-03
-2.74259e-03
-1.27340e-03
-1.00353e-03
-1.01079e-03
-9.98689e-04
-1.04589e-03
-9.46652e-04
-1.13424e-03
-6.74358e-04
-6.96143e-04
-3.20980e-04
7.47565e-05
-1.09067e-03
-9.78125e-04
-9.97490e-04
-1.70788e-03
-2.30088e-03
-2.10725e-03
-1.60502e-03
-7.53177e-05
-7.77391e-05
-9.84185e-04
-1.07979e-03
-7.95395e-04
9.65264e-05
8.14178e-04
1.47495e-03
9.73923e-04
2.64741e-04
-6.62278e-04
-1.02171e-03
-1.72968e-03
-2.27549e-03
-2.15810e-03
-1.54573e-03
-1.84253e-04
1.95751e-04
5.17353e-05
3.80910e-04
1.19538e-03
2.06673e-03
1.82468e-03
1.58143e-03
2.19864e-03
2.42736e-03
2.46004e-03
2.41405e-03
2.45640e-03
2.41647e-03
2.45398e-03
2.41041e-03
2.48182e-03
1.75811e-03
4.84973e-04
-1.14080e-04
-1.00842e-03
-1.68735e-03
-1.90882e-03
-1.67525e-03
-1.97175e-03
-1.42958e-03
-1.02174e-03
-8.22058e-04
7.71243e-05
3.32477e-04
1.26191e-03
1.30427e-03
1.20987e-03
1.50516e-03
2.39224e-03
2.50237e-03
1.68669e-03
1.20261e-03
6.84639e-04
-7.90604e-04
-8.62007e-04
1.40043e-04
8.80033e-05
1.76347e-04
-5.88504e-04
-1.18635e-03
-7.96661e-04
2.50166e-04
1.35024e-03
1.17234e-03
1.39986e-03
9.61764e-04
3.66342e-04
1.22801e-03
1.33571e-03
1.03921e-03
1.59393e-04
-5.59470e-04
-1.35337e-03
-2.13516e-03
-2.24529e-03
-2.13395e-03
-2.29612e-03
-1.43082e-03
-9.81838e-04
-1.03146e-03
-1.21904e-03
-2.22714e-03
-1.67771e-03
-1.57363e-03
-2.17269e-03
-2.14727e-03
-2.91212e-03
-3.47729e-03
-3.14085e-03
-2.02625e-03
-9.90319e-04
-1.71402e-03
-2.55028e-03
-2.60232e-03
-1.97543e-03
-8.46308e-04
8.31295e-05
7.82628e-04
1.57289e-03
2.38010e-03
2.43335e-03
2.43093e-03
2.37163e-03
3.13284e-03
3.69922e-03
3.49591e-03
3.64476e-03
3.51043e-03
3.64960e-03
3.48259e-03
3.82266e-03
4.70853e-03
4.63349e-03
2.81334e-03
1.75199e-03
3.67515e-04
3.33628e-04
1.06701e-03
1.38783e-04
-5.41353e-04
-1.84838e-03
-2.40991e-03
-3.39381e-03
-3.13604e-03
-2.19450e-03
-2.18482e-03
-2.22112e-03
-2.11342e-03
-2.95693e-03
-3.25464e-03
-2.11826e-03
-2.24049e-03
-2.17030e-03
-1.68743e-03
-2.08922e-03
-2.22113e-03
-2.68827e-03
-2.29132e-03
-2.14973e-03
-2.19088e-03
-2.23323e-03
-1.95126e-03
-1.22876e-03
-1.69106e-03
-2.06986e-03
-2.24292e-03
-1.68622e-03
-1.37883e-03
-1.47323e-03
-1.16584e-03
-9.60103e-04
-1.06418e-03
-1.03393e-03
-3.77995e-04
4.58257e-04
1.20253e-03
1.45789e-03
2.64994e-03
3.55033e-03
4.28856e-03
4.88761e-03
4.63468e-03
4.89245e-03
3.82505e-03
2.16101e-03
1.29813e-03
1.43247e-03
2.53133e-03
2.19490e-03
1.32476e-03
1.23883e-03
1.48208e-03
2.49261e-03
1.75922e-03
9.85898e-04
1.95633e-04
-3.98579e-04
-4.54249e-04
6.37192e-05
1.88370e-04
8.06614e-05
7.17229e-04
1.50853e-04
8.35829e-04
1.42399e-03
1.21704e-03
1.35622e-03
1.25093e-03
1.33080e-03
1.29449e-03
6.74869e-04
-2.33996e-04
-7.35022e-04
1.08492e-04
1.81104e-04
1.07281e-04
2.23460e-04
-5.78907e-04
-1.11382e-03
-9.33498e-04
-1.06178e-03
-9.48021e-04
-1.04968e-03
-1.43452e-03
-1.34376e-03
-2.05294e-03
-2.38696e-03
-3.29340e-03
-3.79806e-03
-3.48582e-03
-2.48983e-03
-2.17154e-03
-1.40911e-03
-9.66176e-04
-2.93302e-04
2.29507e-04
8.14037e-04
1.46392e-03
1.23519e-03
1.35863e-03
1.30901e-03
1.27270e-03
2.03634e-03
2.57489e-03
2.43813e-03
2.36068e-03
1.07907e-03
1.90779e-04
1.49632e-04
1.88358e-04
1.35109e-04
2.39187e-04
-5.63180e-04
-1.07752e-03
-1.43574e-03
-1.15739e-03
-7.27769e-04
2.75492e-04
1.58009e-03
2.43329e-03
2.54826e-03
1.78341e-03
1.02582e-03
3.45684e-04
1.54621e-03
2.46234e-03
2.52769e-03
1.81003e-03
5.22374e-04
8.91204e-05
2.79123e-04
-5.87385e-04
-1.02306e-03
-1.12593e-03
-2.17760e-03
-2.09288e-03
-2.15218e-03
-2.14008e-03
-1.48415e-03
-6.30952e-04
8.18598e-05
2.93646e-04
-1.11773e-04
-2.42475e-04
2.93646e-04
1.08485e-04
2.41608e-04
1.23008e-04
2.42818e-04
1.13326e-04
-1.97697e-04
-8.66941e-04
-2.17396e-03
-2.10256e-03
-2.14492e-03
-2.10256e-03
-2.17396e-03
-1.92103e-03
-9.75858e-04
-9.31080e-04
-1.67778e-03
-1.76491e-03
-1.76370e-03
-1.05089e-03
-9.23818e-04
-9.92799e-04
-9.90378e-04
-2.87248e-04
3.33588e-04
7.70242e-05
2.85180e-04
6.00819e-05
9.54425e-04
1.41067e-03
1.29449e-03
1.38526e-03
1.25456e-03
2.08113e-03
2.57368e-03
2.48050e-03
1.85361e-03
9.96785e-04
2.64610e-04
1.20596e-04
2.44038e-04
1.14546e-04
2.82765e-04
-5.70430e-04
-1.05935e-03
-9.18969e-04
-1.02668e-03
-8.87502e-04
-1.71407e-03
-2.22357e-03
-2.07108e-03
-2.18363e-03
-1.95369e-03
-7.76161e-04
1.88374e-04
1.73852e-04
1.78693e-04
1.95637e-04
1.27866e-04
8.87876e-04
1.46393e-03
1.23279e-03
1.44699e-03
1.05852e-03
2.70673e-04
-5.71630e-04
-1.05450e-03
-9.70997e-04
-3.27167e-04
3.96537e-04
-6.76915e-04
-8.28190e-04
2.07747e-04
1.46027e-04
2.01697e-04
1.47238e-04
2.04119e-04
1.36348e-04
2.24693e-04
8.67306e-05
4.44952e-04
6.14382e-04
3.83243e-05
2.76736e-04
4.43767e-05
4.80052e-04
5.68397e-04
1.08520e-04
-4.36072e-04
-1.38366e-03
-1.35704e-03
-8.99579e-04
-1.07385e-03
-2.54538e-04
2.80374e-04
7.82704e-05
2.79165e-04
-1.34724e-04
-2.24279e-04
-3.92497e-04
-1.38123e-03
-2.02022e-03
-2.26589e-03
-1.88710e-03
-1.02422e-03
-9.74601e-04
-9.98804e-04
-1.00364e-03
-4.84465e-04
-2.73888e-04
5.13957e-04
1.12874e-03
2.21793e-03
1.67334e-03
2.02188e-03
2.44303e-03
2.95374e-03
3.34222e-03
2.76495e-03
2.66450e-03
2.39221e-03
2.32807e-03
1.29334e-03
6.56773e-04
-2.09414e-05
3.10656e-04
-6.33304e-04
-1.06293e-03
-9.68529e-04
-1.02904e-03
-9.68527e-04
-1.05808e-03
-7.89414e-04
1.32764e-04
7.95958e-04
1.65521e-03
2.35470e-03
2.57617e-03
2.18891e-03
1.36597e-03
1.23406e-03
1.40349e-03
1.04648e-03
2.02967e-04
7.71064e-05
3.72398e-04
1.29579e-03
1.29942e-03
1.31394e-03
1.27401e-03
1.37325e-03
5.63617e-04
6.74340e-05
1.63041e-04
1.95718e-04
-5.83653e-04
-1.07016e-03
-1.15971e-03
-2.16660e-03
-2.82253e-03
-3.48088e-03
-3.19527e-03
-3.43731e-03
-3.05851e-03
-2.19080e-03
-2.16659e-03
-1.52760e-03
-6.45359e-04
1.29947e-05
8.95236e-04
2.03162e-03
2.64036e-03
1.63226e-03
1.29461e-03
1.23410e-03
2.03042e-03
2.58227e-03
1.73755e-03
1.02232e-03
1.64285e-04
1.82440e-04
-5.56995e-04
-6.35657e-04
-7.78460e-04
-1.32305e-03
-2.08064e-03
-2.22465e-03
-2.10121e-03
-2.22586e-03
-1.97655e-03
-8.08705e-04
1.34047e-04
7.92401e-04
1.66859e-03
1.71095e-03
1.16273e-03
1.57662e-03
2.39230e-03
2.56415e-03
1.68554e-03
1.26802e-03
1.16758e-03
-5.33970e-04
-1.31818e-03
-2.07093e-03
-2.27061e-03
-1.37385e-03
-9.61164e-04
-9.59953e-04
-1.71028e-03
-2.27665e-03
-2.06487e-03
-2.25971e-03
-1.39925e-03
-9.04273e-04
-1.07249e-03
-7.82039e-04
1.60713e-04
1.72817e-04
-4.91584e-04
-1.22013e-03
-1.09184e-03
-1.45006e-03
-2.27905e-03
-1.46700e-03
-6.39219e-04
9.45325e-06
5.03219e-04
9.95775e-04
9.38897e-04
1.36489e-03
1.33706e-03
1.25961e-03
1.42420e-03
1.14101e-03
2.22657e-03
1.68924e-03
2.01478e-03
2.39721e-03
1.27172e-03
1.33344e-03
1.36128e-03
1.21969e-03
2.13461e-03
2.32945e-03
1.34556e-03
1.12893e-03
1.86182e-04
1.35355e-04
2.69690e-04
-5.91975e-04
-1.02886e-03
-9.84077e-04
-9.41718e-04
-1.03490e-03
-8.94516e-04
-6.11326e-04
-1.10617e-05
-5.77436e-04
-9.87694e-04
-1.17164e-03
-2.09866e-03
-2.31286e-03
-3.30281e-03
-3.25319e-03
-3.30765e-03
-3.23382e-03
-3.36089e-03
-2.52222e-03
-2.07565e-03
-1.48144e-03
-6.59703e-04
2.98782e-04
1.42549e-03
1.26453e-03
1.42065e-03
1.26575e-03
1.43639e-03
1.21734e-03
2.13710e-03
2.53647e-03
2.53526e-03
2.29927e-03
1.34926e-03
1.33838e-03
1.37710e-03
1.28876e-03
1.57437e-03
2.48082e-03
2.56554e-03
1.78738e-03
1.23552e-03
1.43158e-03
1.27667e-03
1.45337e-03
1.09152e-03
2.85523e-04
-5.38625e-04
-1.04328e-03
-9.10154e-04
-9.73082e-04
-9.45245e-04
-9.44032e-04
-9.77916e-04
-8.81097e-04
-1.68467e-03
-2.19538e-03
-2.07798e-03
-1.96664e-03
-8.66562e-04
-1.06261e-03
-1.81581e-04
2.86772e-04
-3.18329e-04
-4.84507e-05
-9.50052e-04
-9.24635e-04
-9.77882e-04
-8.98006e-04
-1.02871e-03
-6.74113e-04
-5.02261e-04
-1.07469e-03
-8.47164e-04
-1.05895e-03
-1.80336e-04
2.89227e-04
1.70629e-04
2.40824e-04
1.86367e-04
2.33568e-04
1.90003e-04
2.32363e-04
1.91218e-04
2.32368e-04
1.88803e-04
2.40844e-04
1.63394e-04
4.07858e-04
1.38813e-03
1.33367e-03
1.40144e-03
1.32399e-03
1.41476e-03
1.30101e-03
1.45954e-03
1.10617e-03
2.83231e-04
-1.44771e-05
-9.20919e-04
-9.89898e-04
-7.41803e-04
2.19104e-04
1.99743e-04
2.21529e-04
1.84016e-04
3.72811e-04
1.44143e-03
1.12314e-03
2.39696e-04
1.76769e-04
2.51804e-04
1.52570e-04
2.83275e-04
1.01747e-04
8.48447e-04
1.33218e-04
5.38640e-04
5.25330e-04
4.05523e-04
6.58459e-04
1.00557e-04
2.31262e-04
3.47445e-04
1.44389e-03
6.25798e-04
8.24181e-05
3.11150e-04
-4.70681e-05
-9.25675e-04
-9.70450e-04
-9.49873e-04
-9.24456e-04
-1.63847e-03
-2.27988e-03
-1.83815e-03
-9.94636e-04
-9.38964e-04
-9.64375e-04
-9.66792e-04
-9.32904e-04
-1.02367e-03
-7.23532e-04
1.28456e-04
4.46744e-04
6.41590e-04
6.43247e-05
2.67642e-04
6.07713e-04
1.03492e-03
1.38830e-03
1.31569e-03
1.36895e-03
1.30481e-03
1.38711e-03
1.27093e-03
1.45004e-03
5.56913e-04
1.43025e-04
1.56341e-04
2.65262e-04
-1.03848e-04
-7.06527e-04
-5.38305e-04
-1.08774e-03
-9.18304e-04
-1.01149e-03
-9.60655e-04
-9.84856e-04
-9.86063e-04
-9.64276e-04
-1.01147e-03
-9.31594e-04
-1.07682e-03
-2.17565e-04
2.07220e-04
8.22008e-04
1.52151e-03
5.17043e-04
1.11627e-04
1.97555e-04
1.15264e-04
3.73041e-04
8.26872e-04
6.88912e-04
7.71209e-04
1.20568e-03
1.38600e-03
1.24441e-03
1.39569e-03
1.08467e-03
1.55234e-04
6.73206e-04
2.59318e-04
-3.72406e-04
-6.09603e-04
-1.11063e-03
-9.27881e-04
-1.06100e-03
-9.58129e-04
-1.03558e-03
-1.00048e-03
-4.65565e-04
-1.58379e-03
-1.90207e-03
-1.66971e-03
-1.88028e-03
-2.15136e-03
-2.21308e-03
-2.10174e-03
-2.24091e-03
-2.07632e-03
-2.27721e-03
-2.00854e-03
-3.01301e-03
-3.15581e-03
-2.17070e-03
-2.14891e-03
-2.22757e-03
-1.47966e-03
-2.37984e-04
3.80435e-04
1.30383e-03
1.22638e-03
2.01785e-03
2.54309e-03
2.39666e-03
2.45475e-03
2.95215e-03
2.53705e-03
2.40877e-03
2.43782e-03
2.48986e-03
2.20668e-03
1.84362e-03
1.18890e-03
6.58346e-05
1.78387e-04
8.52051e-05
6.63687e-04
2.25596e-04
6.34322e-05
1.94138e-04
4.89169e-05
2.29241e-04
-2.36882e-05
9.66264e-04
1.11512e-03
1.28809e-04
9.97674e-05
1.80855e-04
2.23215e-05
8.98515e-04
1.33177e-03
8.07756e-04
4.45908e-04
1.10685e-04
-4.78485e-05
-1.05837e-03
-1.00390e-03
-1.05231e-03
-1.00753e-03
-1.05714e-03
-9.80895e-04
-1.23019e-03
-2.20077e-03
-2.15962e-03
-2.22618e-03
-2.00108e-03
-9.86924e-04
-1.10552e-03
-7.98124e-04
1.02273e-04
1.53105e-04
7.08149e-05
3.32223e-04
1.28950e-03
1.24110e-03
1.95512e-03
2.63284e-03
2.09914e-03
1.91399e-03
1.23143e-03
1.56908e-03
1.67438e-03
1.70948e-03
1.92127e-03
1.33795e-03
1.22903e-03
1.37547e-03
5.19862e-04
7.08793e-05
1.15661e-04
3.11718e-04
1.30409e-03
1.26416e-03
1.29684e-03
1.27506e-03
1.29200e-03
1.27507e-03
1.30048e-03
1.25571e-03
1.35011e-03
5.62269e-04
2.25208e-05
2.01635e-04
7.57776e-05
2.05273e-04
-5.52312e-04
-1.83150e-03
-2.23449e-03
-2.14493e-03
-2.19092e-03
-2.16187e-03
-2.17760e-03
-2.17033e-03
-2.16791e-03
-2.17758e-03
-2.15701e-03
-2.18847e-03
-2.14127e-03
-2.20661e-03
-2.11342e-03
-2.25622e-03
-1.90647e-03
-1.10047e-03
-2.59372e-04
2.15033e-04
1.35163e-04
1.06122e-04
3.62690e-04
7.82635e-04
1.20258e-03
1.34539e-03
1.27762e-03
1.31514e-03
1.29941e-03
1.29700e-03
1.33210e-03
1.13605e-03
7.71204e-05
4.11141e-04
6.20511e-04
-3.42068e-05
4.83765e-04
5.57592e-04
4.80990e-05
2.59889e-04
-5.89672e-04
-1.09674e-03
-9.23681e-04
-1.08948e-03
-2.52009e-04
2.56282e-04
1.02590e-04
2.09092e-04
1.17120e-04
2.09100e-04
1.09867e-04
2.39363e-04
-5.95541e-05
-9.85358e-04
-9.79303e-04
-1.50211e-03
-1.10153e-03
-9.06679e-04
-1.08821e-03
-2.33796e-04
2.59972e-04
1.13541e-04
2.27304e-04
9.05550e-05
4.11264e-04
1.27293e-03
1.53676e-03
1.97970e-03
2.35729e-03
2.56666e-03
2.40087e-03
2.59208e-03
2.21208e-03
1.42303e-03
5.92834e-04
-3.76794e-05
-1.18011e-03
-2.11075e-03
-2.16763e-03
-2.06597e-03
-2.23660e-03
-1.84086e-03
-1.09779e-03
-1.70771e-04
1.75352e-04
4.08926e-04
1.26697e-03
1.60583e-03
1.76921e-03
1.23430e-03
1.38921e-03
1.32871e-03
1.19801e-03
1.03986e-04
3.08515e-04
-1.16264e-04
-6.99579e-04
-1.70191e-05
-9.67027e-04
-9.76705e-04
-9.23452e-04
-1.53097e-03
-1.46441e-03
-1.83473e-03
-1.44624e-03
-8.47189e-04
-1.01056e-03
-9.50049e-04
-9.39153e-04
-1.03597e-03
-2.13022e-04
2.63804e-04
1.89985e-04
1.40370e-04
9.22168e-04
1.44377e-03
8.33830e-04
5.65168e-04
1.12555e-04
2.39631e-04
1.70653e-04
2.11804e-04
1.90024e-04
1.96079e-04
2.03344e-04
1.83984e-04
2.16664e-04
1.71890e-04
2.33614e-04
1.46483e-04
2.88081e-04
-5.53008e-04
-1.03830e-03
-9.19693e-04
-9.76569e-04
-9.46310e-04
-9.54777e-04
-9.86239e-04
-2.87946e-04
4.15188e-04
-6.73994e-04
-2.62520e-04
-2.00796e-04
2.67267e-05
3.08709e-04
1.01767e-04
3.00245e-04
6.18378e-05
9.96121e-04
1.37492e-03
1.40518e-03
6.23389e-04
9.93731e-05
2.47022e-04
1.65942e-04
2.16774e-04
1.84103e-04
2.02259e-04
1.95002e-04
1.91375e-04
2.03481e-04
1.82911e-04
2.10750e-04
1.76867e-04
2.15598e-04
1.70824e-04
2.18026e-04
1.70831e-04
-2.66050e-04
-1.23242e-04
-9.05031e-04
-1.00790e-03
-9.17126e-04
-1.01757e-03
-8.95335e-04
-1.07081e-03
-1.98249e-04
2.53162e-04
1.69661e-04
1.87818e-04
1.99923e-04
1.62411e-04
2.22925e-04
1.29742e-04
2.83442e-04
-1.03820e-04
-2.33309e-04
2.81032e-04
1.32181e-04
2.13268e-04
1.60022e-04
1.93912e-04
1.70921e-04
1.84237e-04
1.76979e-04
1.78193e-04
1.80617e-04
1.72149e-04
1.80624e-04
1.68525e-04
1.81841e-04
1.66112e-04
1.81848e-04
1.62488e-04
1.83065e-04
1.58864e-04
1.85492e-04
1.51610e-04
1.90340e-04
1.41935e-04
-2.73162e-04
-6.84629e-04
-9.85967e-04
-1.67820e-03
-2.28935e-03
-2.03884e-03
-2.26635e-03
-1.88029e-03
-1.05251e-03
-9.29064e-04
-1.09486e-03
-7.31794e-04
7.17865e-05
4.07017e-04
7.59190e-04
1.24449e-03
1.31105e-03
1.33526e-03
1.22634e-03
2.06623e-03
2.38210e-03
1.19247e-03
1.43451e-03
5.17178e-04
9.36087e-05
1.57753e-04
-3.25116e-04
-6.72442e-04
-1.07302e-03
-9.85880e-04
-1.03065e-03
-1.00524e-03
-1.02460e-03
-1.00644e-03
-1.03306e-03
-9.88282e-04
-1.08631e-03
-2.91197e-04
2.31615e-04
8.88139e-05
1.27544e-04
7.91950e-04
1.47693e-03
9.73164e-04
3.64959e-04
1.29585e-03
1.25836e-03
1.34766e-03
1.06540e-03
1.46004e-04
1.07307e-04
1.70132e-04
5.52856e-05
3.62000e-04
1.25004e-03
1.30521e-03
1.23944e-03
8.23982e-04
5.77813e-04
1.31945e-03
1.01826e-03
1.48642e-04
7.55578e-05
1.34771e-04
5.80323e-04
-2.22925e-04
-7.88928e-04
-1.03932e-03
-1.05540e-03
-1.03296e-03
-5.34960e-04
-9.34896e-04
-1.07209e-03
-1.04538e-03
-3.58107e-04
2.49238e-04
9.74335e-06
1.81677e-04
3.64761e-05
1.64113e-04
4.17200e-05
1.63099e-04
2.56323e-05
2.06793e-04
-6.50273e-04
-1.08581e-03
-5.38332e-04
-2.42021e-04
1.74305e-04
6.27407e-05
1.27876e-04
7.85111e-05
1.17768e-04
7.90076e-05
1.22735e-04
5.04934e-05
2.85852e-04
1.20884e-03
1.16909e-03
1.19483e-03
1.16397e-03
1.16282e-03
1.63996e-03
1.25483e-03
1.07714e-03
1.19123e-03
1.06395e-03
1.19863e-03
8.83982e-04
5.37945e-05
-2.06626e-06
5.91238e-05
-2.34223e-05
7.88904e-05
-6.35953e-05
1.42909e-04
-3.00860e-04
-2.84928e-04
-5.81219e-04
-1.16279e-03
-9.37304e-04
-1.66728e-03
-2.21814e-03
-1.72832e-03
-1.70475e-03
-1.59651e-03
-1.45878e-03
-1.89101e-03
-2.08924e-03
-1.21449e-03
-1.08307e-03
-1.33313e-03
-7.57901e-04
-1.01194e-03
-2.04779e-04
1.95017e-04
9.36127e-05
1.58724e-04
1.04117e-04
1.55176e-04
1.06082e-04
1.54695e-04
1.06905e-04
1.52077e-04
1.09695e-04
1.49403e-04
5.11595e-04
8.09036e-04
1.15264e-03
1.00161e-03
1.28313e-03
1.43056e-03
9.02217e-04
1.25312e-03
1.92233e-03
1.96253e-03
1.89082e-03
1.53459e-03
1.20464e-03
8.87069e-04
9.55113e-04
7.63310e-04
-5.82816e-05
5.76138e-05
-6.13347e-04
-9.79312e-04
-8.82477e-04
-9.09762e-04
-8.84977e-04
-8.70554e-04
-8.91260e-04
-7.21540e-04
7.83578e-05
-5.17309e-04
-9.30518e-04
-7.53306e-04
-8.91577e-04
-7.00662e-04
-1.38401e-03
-1.64033e-03
-1.63402e-03
-1.41955e-03
-7.28770e-04
-6.91277e-04
-7.32250e-04
-5.37450e-04
1.52531e-04
1.36166e-04
1.55787e-04
1.32703e-04
1.62200e-04
1.15752e-04
1.97573e-04
-4.10929e-05
-1.56142e-04
2.28463e-04
9.40810e-05
1.81290e-04
1.14296e-04
1.65700e-04
1.25108e-04
1.52712e-04
1.39485e-04
-1.86697e-04
6.29483e-05
2.10123e-04
-3.30909e-04
-6.54179e-04
-5.12623e-04
-6.37075e-04
-5.60267e-05
1.89419e-04
2.04846e-04
1.12279e-05
-9.55449e-05
2.42211e-04
1.32462e-04
1.96454e-04
1.50251e-04
1.81779e-04
1.56073e-04
1.74376e-04
1.56690e-04
1.70489e-04
1.53691e-04
1.71341e-04
1.44495e-04
1.80113e-04
1.13995e-04
5.58135e-04
8.27841e-04
7.29882e-04
7.67071e-04
7.09470e-04
7.35429e-04
6.72717e-04
7.28993e-04
2.83821e-04
2.63561e-05
8.38903e-05
6.52171e-05
4.16120e-05
4.15524e-04
6.80475e-04
5.75051e-04
6.12563e-04
5.65843e-04
5.62813e-04
5.65693e-04
2.03335e-04
-8.21742e-05
9.39535e-05
5.22858e-04
1.74449e-04
-9.17956e-05
2.23350e-06
-6.98930e-05
-6.70351e-06
-7.79664e-05
1.12883e-05
-1.80871e-04
-1.94606e-04
-2.97773e-04
-5.93936e-04
-6.42057e-04
-8.73246e-04
-8.53525e-04
-4.57002e-04
-4.33267e-04
-4.36995e-04
-4.05029e-04
-4.19816e-04
-3.72990e-04
-4.16258e-04
-9.10635e-05
9.08123e-05
4.40056e-05
6.44806e-05
4.95122e-05
5.56036e-05
4.95425e-05
4.95256e-05
4.86186e-05
4.35945e-05
4.76259e-05
3.74122e-05
4.89511e-05
2.31387e-05
1.01691e-04
4.02572e-04
3.79508e-04
3.74124e-04
3.53297e-04
3.43828e-04
3.28484e-04
3.10465e-04
4.51760e-04
3.13174e-04
2.51684e-04
2.76029e-04
1.84856e-04
-8.86077e-05
-7.12880e-05
-1.39863e-04
-3.90473e-04
-3.75081e-04
-3.66478e-04
-3.56596e-04
-3.41004e-04
-3.38217e-04
-3.15732e-04
-3.20839e-04
-2.90115e-04
-3.04690e-04
-2.61740e-04
-2.97674e-04
-1.89865e-04
-6.13120e-05
-8.95953e-05
2.71428e-05
-1.16773e-05
1.23811e-05
-1.07309e-05
1.20124e-05
-2.16611e-05
1.44179e-04
2.25442e-04
1.94475e-04
1.89659e-04
1.77784e-04
1.63094e-04
7.64823e-05
2.07125e-06
-5.65108e-05
-8.13719e-05
-2.50884e-04
-2.18805e-04
-3.39199e-04
-4.04610e-04
-3.58307e-04
-3.58467e-04
-3.23124e-04
-3.20759e-04
-2.86264e-04
-2.86073e-04
-2.48086e-04
-2.58590e-04
-1.21798e-04
-6.25403e-05
-3.55938e-05
9.24896e-05
8.61183e-05
8.69522e-05
8.46712e-05
8.20420e-05
8.24300e-05
7.75844e-05
7.97620e-05
7.35474e-05
7.70927e-05
6.95276e-05
7.45465e-05
6.52021e-05
7.41063e-05
4.71389e-05
-3.50558e-05
1.51665e-05
-1.47169e-05
-2.80400e-05
4.55826e-05
8.31017e-05
7.08212e-05
7.56218e-05
6.82653e-05
7.29189e-05
5.48495e-05
-1.11462e-05
4.26197e-05
7.57948e-05
6.29117e-05
6.78581e-05
8.85478e-05
6.86027e-05
5.05194e-05
7.03983e-05
1.05613e-04
1.04595e-04
9.07516e-05
9.22055e-05
6.89891e-05
5.18987e-05
2.76290e-05
2.65181e-05
1.67549e-05
-1.50123e-05
-1.18365e-05
-6.51833e-06
-6.44760e-06
2.02794e-05
3.41544e-05
2.90836e-05
2.96113e-05
2.73147e-05
2.65605e-05
2.51157e-05
2.38442e-05
2.28244e-05
2.13063e-05
2.05196e-05
1.88995e-05
1.82193e-05
1.65910e-05
1.59417e-05
1.44186e-05
1.36696e-05
1.23818e-05
1.13191e-05
1.49471e-05
9.40229e-06
7.13070e-06
6.83602e-06
5.55817e-06
4.80046e-06
3.97240e-06
2.73433e-06
5.05595e-06
4.99956e-06
2.13496e-06
-1.00795e-06
-2.64003e-06
-2.56678e-06
-3.80062e-06
-6.10889e-06
-7.08330e-06
-6.95299e-06
-7.09444e-06
-7.08279e-06
-7.12453e-06
-7.11340e-06
-7.10272e-06
-7.06785e-06
-7.01888e-06
-6.95244e-06
