4.182592458367937198e-04
1.072040810710215338e-03
9.962871850630146875e-05
1.086886084053383708e-04
1.827416747553927724e-03
-1.233154758080633401e-03
-3.221321443104240012e-04
4.172748364530570221e-04
-1.281172411943290370e-03
1.294894002549395583e-03
-6.129451932916417465e-04
-1.162267786541134121e-03
1.857772007972047657e-03
-2.742149888334057830e-04
-3.392762193093439688e-04
4.760386956462162749e-04
-2.259654764904956911e-03
1.259031114067925327e-03
1.634697244888939699e-03
-9.459430331391149123e-04
1.071748020137882219e-03
2.435954255743146815e-04
1.846456048014302016e-04
3.171578698842430089e-03
-2.615047126906570006e-03
-1.870251216960414336e-03
1.337942129941098630e-03
-9.861740404294491030e-04
1.707174781429492399e-03
2.008361321255890987e-03
-4.912645967334177376e-03
2.800802961905252738e-04
3.049698688164671073e-03
4.816507787245610426e-04
-7.452018601180663659e-05
-4.515218375055960452e-04
-4.247132996420644596e-03
-8.409894828457036811e-05
6.882327280007228924e-03
-2.876968077005462917e-03
3.733103537025379772e-04
-4.418890276758313286e-03
-1.995383576968686248e-03
4.465910860023293918e-03
3.500904786647670067e-04
-1.804579082911932043e-03
-2.975978770006380055e-03
1.413711582105723003e-03
1.517367357970413663e-03
-2.884477759522875891e-03
-3.692326514883937684e-04
-1.189489396509416834e-03
2.325936219874241012e-03
4.440390600678029674e-03
1.879525556170538606e-03
2.531475201652199324e-03
-3.920030534313396174e-03
-4.558962869214294028e-03
1.455319496411894829e-04
2.723735735311908282e-03
-1.553633822646181221e-03
2.043820633543063942e-03
-1.064634000556054835e-03
-6.445444179792425565e-03
1.018895365202370472e-02
-9.709964102203890281e-04
-6.328066813321629909e-03
9.362967707695403832e-03
-1.260890729865177381e-03
-6.914779553983951832e-03
1.091032631618319738e-03
-5.096043651236770861e-03
1.195060330642460852e-03
2.710117017069055105e-03
4.928535790827291187e-03
-3.691764673515405821e-04
-7.893190687617212750e-03
-1.610720070992457953e-03
-6.214780601604788166e-03
8.225041104951488899e-04
7.404673574308502301e-03
7.491561154963078924e-04
1.536010995495202744e-03
-1.696729279930034838e-04
-3.016217690555425632e-03
4.078129530114652261e-04
1.404777513020202340e-03
1.444961040758266043e-04
5.449489351595302854e-04
1.528604185341042023e-03
-4.228908761607577324e-03
-4.938735981306685736e-03
-5.777715496439614351e-03
-5.753595883886322010e-03
3.323988061629967131e-03
8.359091707527858267e-03
2.550854772237177819e-03
-1.156641459597108337e-03
-9.820828856754950167e-03
-1.578995816817212097e-03
6.760676753832109767e-03
9.758709775868025169e-03
3.980305825920491566e-04
-4.528037854168930412e-03
-9.957095171770598621e-03
-1.243267902714199034e-02
9.227176188202457598e-05
3.999115641878226921e-03
1.865796052305721681e-02
1.020098180526550317e-02
-8.180093795468974804e-03
-2.481004437588912176e-02
-4.817916347296295233e-03
1.773297971224542177e-02
2.404024256841396506e-02
1.328469959263181739e-02
-5.452528042940598882e-03
3.749531462110889876e-03
1.887138111051203659e-02
2.408598120376764795e-02
2.213781604153173752e-02
-4.010494907905666311e-03
-2.019044220516699739e-02
-1.975513384343582229e-02
-1.619796578734789341e-02
-7.336113100830245854e-04
-2.784683653909499762e-02
6.654085158985374032e-03
7.326158221370913937e-03
-1.127829284627771857e-02
1.272175036788075926e-02
4.637185431579547538e-03
-6.105427279467665232e-03
8.425325682944871664e-03
3.372274766288822084e-02
5.001654301323492542e-03
-7.069262190553957798e-03
-3.546762120882029912e-02
-4.952125215046898621e-02
-1.109518003968874671e-02
2.527083343067200449e-02
4.020528919952114089e-02
5.510943718750443976e-02
4.949039044149332323e-02
-5.172145460267286478e-03
-4.397777702515470732e-02
-5.326335306264957936e-02
-6.516267845262230241e-02
-6.084813240523660738e-02
-4.463948371862790782e-02
-4.137811327318369897e-02
-1.931903415583348035e-02
4.011127968602602734e-02
9.635025542203996818e-02
1.314582190224130309e-01
9.968727662076812268e-02
3.655347856924116064e-03
-7.036794090059811380e-02
-1.147952701531650549e-01
-8.414247120748477582e-02
-5.053161702278013284e-02
-2.645473606653095128e-03
3.262858138082006670e-02
8.614294300980508690e-02
9.153899412532022495e-02
6.157456955497159906e-02
7.001603828568835064e-02
1.325003951947452668e-03
-8.073106537686654260e-02
-7.301809124314981303e-02
-3.391100408763980667e-02
-5.278388871730706894e-02
-3.518638399420612184e-02
-2.705630199379515603e-03
3.500129287293922420e-02
6.919060626946986481e-02
9.116627963999866802e-02
6.155106717659781373e-02
-1.314028262114310709e-02
-7.249834841096469695e-02
-8.588813607928802440e-02
-3.488354358330898047e-02
-1.053808662638435444e-02
-7.216622894283422282e-03
2.765668093225260443e-02
3.356891391353258175e-02
1.491419782654716114e-03
-2.011328793272782259e-02
-3.717039621840608626e-02
-4.829580490637356421e-02
-1.124695634177934507e-02
4.432366556344355391e-02
8.912545021824863634e-02
1.080072768302601238e-01
7.116053289316298658e-02
8.408786972237397919e-03
-4.362919797890386919e-02
-6.803186779631416325e-02
-7.049748094570879031e-02
-7.016939723952128616e-02
-4.842471189078732113e-02
-5.242446850662119736e-04
3.747750978900755373e-03
-3.701442588919828108e-02
-4.049633885493784252e-02
-1.178822323766031722e-02
3.351826905777763321e-02
4.131100883930839684e-02
3.931354407529853018e-02
3.653709812370792287e-02
3.077521705795044013e-02
3.468460425929658503e-02
1.295503323470197261e-02
-1.377682515191306842e-02
-2.561862115105166537e-02
-2.326031178978781380e-02
-1.817699265855947377e-02
1.767600424952111074e-02
3.195120643509767600e-02
2.714857059037369472e-02
3.264986804675456405e-02
1.179320859064869609e-02
-7.814398370624715123e-03
-1.336937146084711536e-02
-2.359433044000910223e-02
-1.621885679034680908e-02
4.311855539423721691e-03
1.642808335068442205e-02
1.392796839330673157e-02
2.851099634276882486e-03
7.986218957032078375e-03
5.239629730560750771e-03
-1.514898421252360017e-02
-2.263279037394920479e-02
-3.545709657473372634e-02
-5.495599910108437541e-02
-3.550283521008740922e-02
3.511864649963388624e-03
1.731405179604748878e-02
1.976550021234816171e-02
2.181914911321117256e-02
-3.051028115628238546e-04
1.079621712556033675e-02
4.433506065598841889e-02
5.803678898272734976e-02
5.759681179835626774e-02
1.970385592698394028e-02
-2.008369234514602655e-02
-3.025246718745487270e-02
-2.928974013258821632e-02
-2.987975270213331924e-02
-5.137113463950546133e-02
-7.319922573506086605e-02
-7.323167009577886966e-02
-5.668148516317276370e-02
-2.097432961314899674e-02
1.708156025509744574e-02
5.317021400761275107e-02
5.202967602949398057e-02
4.867397954020618450e-02
5.849741977233600260e-02
7.424694118849128888e-02
3.447672295293995742e-02
-2.683631340160961762e-02
-2.999520714673717392e-02
-3.169410465955421752e-02
-2.760239597749027107e-02
-1.455105838426678545e-02
-6.583815421625388055e-03
-1.057448761645822001e-02
-1.459830053877569402e-02
-1.383949816090981368e-02
3.277940809186525965e-04
2.890673841094144880e-02
3.838800933637691315e-02
2.904268819560862705e-02
1.379993186735126165e-02
-3.293846459197063200e-03
-3.609039466943188626e-03
-2.639823539932934209e-03
-1.188864249071191863e-02
-2.368469985449682749e-02
-2.412800060752682760e-02
-1.973582549217925072e-02
-1.247121659706801680e-02
8.622524090040687914e-03
2.333026499679933044e-02
1.801271340770437338e-02
1.334199158570459863e-02
1.685880202236280517e-02
1.930312850582294182e-02
1.273029668728940453e-02
-9.914521839901596981e-03
-1.085176820171654399e-02
-1.119045567457773414e-03
2.122889914590471265e-03
-1.391601937265204807e-02
-2.151527997868150216e-02
-4.803989011963685947e-03
-8.946651166872333352e-04
-3.950646932269001946e-03
-1.228636287356246921e-02
-1.674983644990255677e-02
-1.705275599338682002e-02
-1.337910476906251783e-02
-1.231959856015165181e-02
-1.650492109277512665e-02
-1.853261450506372976e-02
-5.022988446810263199e-03
1.364981734959012059e-02
2.403446588955441762e-02
2.611177543396543677e-02
2.576026848199127264e-02
2.786100127218895869e-02
2.546731964448376365e-02
1.653760285125449245e-02
1.041456065789455980e-02
7.754661180610016892e-03
-2.528547295928866828e-03
-1.032711914913016227e-02
-1.468154802042288473e-02
-1.709319274540365904e-02
-4.346246561784814638e-03
2.414675503067358411e-03
-1.526720829767655050e-03
-4.257459799039426535e-03
-9.851294902795033198e-03
-1.042445223128419737e-02
-6.565512054225203231e-03
8.772480342627593866e-03
2.038574143017200108e-02
1.942475529222192562e-02
1.134017452940329178e-02
6.922431675158175618e-03
3.688718068911397974e-03
-5.102849053728841268e-03
-4.944568052977215376e-03
-5.749781693187278227e-03
-7.298287724188270639e-03
-6.873416950697842746e-03
-6.593896913224107578e-03
-1.331999272648604418e-02
-9.070651930884831779e-03
1.812959223887633097e-03
-8.803421184190380472e-03
-1.231556279820867836e-02
-5.996105610365390880e-03
-2.430367495092679644e-03
1.474540801822638546e-02
1.737466735777918811e-02
1.277785537214678373e-03
-1.105941211031181634e-02
-1.529870306734915607e-02
-3.550520918770092276e-03
1.723096257957453317e-02
2.119392254239895260e-02
-6.076148222234337886e-04
-1.352763663508131653e-02
-1.561222637750711052e-02
-1.930249544512600487e-02
-8.442576586936400770e-03
1.929410739089159341e-03
1.015318572264677435e-02
1.407436367947336939e-02
3.901276111166643128e-03
6.554607583720466549e-03
1.214875130456583019e-02
1.272262082633904799e-02
1.080927400243466077e-02
4.140391049658387855e-03
-7.447056987968421341e-04
-2.785031837292814821e-03
-1.969800011553727876e-03
-5.585241304794689825e-03
-1.157844274921288226e-02
-1.230448423601228358e-02
-1.294498339613810167e-02
-9.841165931644045572e-03
-4.765435615520233897e-03
-1.985460350544201828e-03
-1.192900011014163967e-03
-4.377321928745700128e-03
-4.859809138916089226e-03
1.160329038156765165e-03
6.507689872818737085e-03
1.804215073011193604e-02
2.958126458352762153e-02
3.315425915703896359e-02
2.688323902577005597e-02
3.864985906714740651e-03
-2.999251663877519018e-03
-9.800175251517386291e-03
-2.450862835156008418e-02
-2.238344359194321606e-02
-1.435465130304214125e-02
-1.503060186219641776e-03
8.012649241129189692e-03
1.708622907773735440e-03
-7.643115885809750876e-03
-9.874480750820344849e-03
-7.288427803833480781e-03
-6.646251032860780658e-03
-7.471611829750856963e-03
-1.201454243681522593e-02
-5.672049752862149546e-03
4.984909845889513857e-03
1.247113746448090012e-02
2.606754031776697955e-02
2.052794268922143381e-02
1.287764156450144776e-02
9.632730697177601178e-03
1.463604678283055233e-03
-3.399899952451402099e-03
-7.818006816597255701e-03
-7.026514766993299799e-03
-1.540284155199526028e-03
-1.306811370169231159e-03
-6.260986119222463134e-03
-7.972133356525233985e-03
-8.491322260600535007e-03
-2.466483607852924462e-03
8.695246937601304113e-03
1.146156391804092380e-02
1.171083156745979237e-02
5.916609013347551120e-03
-1.452399503947273719e-03
-5.037256052267476310e-03
-1.106969934663703907e-02
-1.310855045370915017e-02
-9.765910841295681599e-03
-5.394254805787566248e-03
2.358894942408513746e-04
4.407131174312711730e-03
1.186569404044795877e-02
2.118711713990688653e-02
2.342925986328282806e-02
9.348249046491622499e-03
-9.067407494813030377e-03
-2.371651115451790456e-02
-3.110599127209992543e-02
-3.183029184198275102e-02
-2.089772926881964740e-02
-3.303184104476881164e-04
4.990773570594891212e-03
6.073323188874257643e-03
3.424969156050099856e-03
2.005979430383666388e-03
1.136059073687950387e-02
1.298565754591629248e-02
7.185278476526338158e-03
2.741627613259084960e-03
-8.768998508794442358e-05
4.802746630345947412e-03
1.785365690759900190e-02
8.915314662373961807e-03
-9.909694752087454955e-03
-1.566113031634547986e-02
-7.035156045506486475e-03
1.107682127947757882e-03
1.379486738177576610e-02
2.678281977271845457e-02
2.957540877208095220e-02
3.186716762757931670e-02
9.061156020430779362e-03
-1.942246044719552964e-02
-4.124445833354291324e-02
-3.504267921600147384e-02
-1.693033788111666590e-02
-1.882532594480988697e-02
-9.624026112594719073e-03
-3.256717449321719707e-03
3.537677699880986855e-03
1.970251067300295145e-02
2.495952583295332414e-02
1.057844424581407504e-02
-1.190407334519975359e-02
-2.299751246797192283e-02
-2.604704497770364904e-02
-2.189843996550250652e-02
-8.122168741699258357e-03
5.044211806675069458e-03
8.736633280663546816e-03
1.789187794717655988e-02
2.863555103489114073e-02
2.952238993871249620e-02
2.817816468135430144e-02
3.010441011695877411e-02
1.125059644078673163e-02
-4.780787337420951306e-03
-9.915946226469705971e-03
-1.592749060458164070e-02
-1.741660762895124934e-02
-1.780847220035513406e-02
-1.896404537002616478e-02
-1.944295578725886015e-02
-1.460795471440398154e-02
-2.121845364440525742e-03
1.056538736893975448e-02
1.283301078536740539e-02
1.636778431930119293e-02
1.738376760529765364e-02
1.755722623625834145e-02
1.086672426068167538e-02
-2.791188352570525295e-03
-1.045373128851752494e-02
-1.569325814671502367e-02
-2.225880976723378438e-02
-1.610087010295521009e-02
1.087471665198050299e-03
5.986910403742383077e-03
6.764728342292505338e-03
3.234204228286904209e-03
-5.054744354020355469e-03
-7.204444389126100218e-03
-6.542468644856702827e-03
-4.092405048830577950e-03
7.203296966612903092e-04
6.126698118884742195e-03
9.422633678381697742e-03
9.853273217472960713e-03
3.502772315703633725e-03
-2.667361680249685815e-05
3.766173045181615982e-04
-2.578258387155829470e-03
-3.560119701587396730e-03
8.748503168731113422e-04
4.617244019626039024e-03
5.741164154450226036e-03
1.553689215457163203e-03
-6.106725053896385966e-03
-7.594425604956598838e-03
-3.933348548725203869e-03
4.018447732910934711e-03
1.354251356145933123e-02
1.694489827714621213e-02
2.217959804752956537e-02
1.739634968664927409e-02
3.528696151243195921e-03
-8.595460745246639653e-03
-2.877545744891418095e-02
-3.662588488645331097e-02
-2.949722577600925877e-02
-1.758500177433644160e-02
-8.748107505795528482e-03
-3.251463045537143510e-03
1.410166442202876770e-03
1.248917969434359954e-02
1.943069023625570643e-02
2.132385825044523509e-02
7.109698942570795085e-03
-7.755278414789529111e-03
-5.017741956284398931e-03
1.017874554828559824e-03
9.828109054769723282e-03
1.261634576184078073e-02
1.328406653193487871e-02
1.111171875039622045e-02
7.943883022924428522e-03
2.164743139916706048e-03
-3.991083684285840968e-03
-1.111868241806252509e-02
-1.496041125742354760e-02
-1.604658514819288020e-02
-1.580301504504644239e-02
-6.561428812729961681e-03
4.977621734616029464e-04
3.255443414669134325e-03
4.023551784779987733e-03
4.231124474046855759e-03
4.563900742650400452e-03
8.146383313357091023e-04
-3.900627223952282761e-03
-4.232722952306621107e-03
7.041352127077754857e-04
4.521002967174220580e-03
9.344925477832704414e-03
7.658958229750594850e-03
-4.692601982337654166e-03
-8.101119473526109324e-03
-6.282502269659603379e-03
-3.364709690960426911e-03
2.179406408309504965e-04
2.506643395814853246e-04
-1.519100361628278112e-03
3.309103221993240068e-03
7.750910295980666803e-03
9.488946786385827822e-03
1.048411820197049128e-02
1.049670028332211173e-02
1.208077641223224107e-02
1.555984060483558973e-02
1.137705031499985919e-02
-6.095986761824595881e-03
-1.102103280556002152e-02
-1.238599080074290031e-02
-1.565424578126629190e-02
-1.625114288589058278e-02
-1.542507780897516868e-02
-1.037602308796852987e-02
-6.490510188155614035e-04
7.358159439601069489e-03
8.065430676736295643e-03
8.863403685225142853e-03
1.056736568361768200e-02
8.844332731729921335e-03
5.542280223248815391e-03
-3.124787600080088015e-03
-1.181884754887463709e-02
-2.009587876356205838e-02
-2.540662495016494937e-02
-2.617223273052290619e-02
-1.952177184402749052e-02
-2.832020767522949473e-03
8.045172734434318657e-03
1.378537147132171542e-02
1.795162305044997048e-02
2.026316505272761012e-02
1.997069101074280470e-02
1.881361432191655178e-02
1.087511231491608901e-02
2.301547556524750470e-03
-1.589829067993543156e-03
-4.103974233067097556e-03
-4.798354771760948018e-03
-4.737929128238329776e-03
-4.535745368154136398e-03
-3.541697635306536012e-03
2.523071320900363568e-03
8.144958926788981382e-03
7.729394145543525690e-03
3.754556381392825781e-03
4.078841723398706322e-04
-9.401980073144133973e-05
-1.177777773616086037e-04
-3.411920192434489928e-03
-6.065655241182610000e-03
-5.286033079646219185e-03
-2.342696501825643120e-03
-9.503665447589608288e-04
-3.209071718618513192e-03
-5.120582666501783710e-03
-5.314512897749663206e-03
-5.488303885576240743e-03
-6.578442318960137265e-03
-6.929593174292272839e-03
-7.573613734544799858e-03
-6.563003551213590810e-03
-3.938800783977573078e-03
3.307481003957339800e-03
1.137546766325751683e-02
1.558239339216396444e-02
1.692503599777981857e-02
1.298257137501872445e-02
6.196801677811782441e-03
7.281638227858832496e-04
-2.697653634598111850e-03
-5.456445106002895569e-03
-6.555216904641269007e-03
-7.584193761442356574e-03
-4.693393308208825346e-03
-5.663859530095529792e-04
5.823739009106921466e-04
1.980823180939139585e-03
2.422620414813915317e-03
1.713845658523463922e-03
1.758808794523400790e-03
-5.052892651481815343e-04
-5.269486455680032211e-03
-4.692768160770599897e-03
-2.820855159480726519e-03
-3.822127697532118253e-03
-5.205127922577695160e-03
-3.127778811873114639e-03
3.035573521364268775e-03
6.697022500755113114e-03
3.586011884092112079e-03
-2.237007018472042964e-03
-2.619098715366965577e-03
1.655722773285953433e-04
9.905342459796014336e-04
-4.082932878152660343e-04
-3.593276255589461662e-05
3.519382245739513526e-03
7.284811444602228708e-03
6.873219119230050168e-03
4.455140914916656987e-03
1.829110184918233614e-03
6.533447529925353334e-04
-9.555892955086895280e-04
-4.091787814651063997e-03
-6.622471690432093008e-03
-7.403565718088862650e-03
-4.761724297184442151e-03
8.205891018869150696e-04
6.001019744025361952e-03
8.147095506641145735e-03
7.101208015973131150e-03
1.775758994683883981e-03
-5.137746524647482903e-03
-8.152001727042404444e-03
-5.485668770425241800e-03
-2.305235135084407298e-03
1.549178657991488403e-04
5.175658947135286297e-04
-1.248237429185152826e-03
-3.315884884709175990e-03
-4.767603848407242495e-03
-3.522413023826098059e-03
-1.360874753687634636e-03
2.635170543810448976e-03
7.543978580669446349e-03
8.938500510399271723e-03
8.624344139544380325e-03
7.055010411614167677e-03
3.847584650807689671e-03
8.513400252406204839e-04
-2.458981838594223417e-03
-3.758513010748681243e-03
-1.002253782131643997e-03
2.196522786902934104e-03
2.934782345153217134e-03
1.288072773539901536e-03
-2.523427417542390382e-03
-4.549704356521592531e-03
-5.044045628242123727e-03
-5.325045445094949217e-03
-5.935592920996943592e-03
-6.692575249359132387e-03
-5.415367380030408975e-03
-3.229361313955337459e-03
-9.444157742077547530e-04
1.323255121772164578e-03
3.459969499331993961e-03
3.241943395306956608e-03
4.733932932588916405e-03
6.185272059868820310e-03
3.700635436531233332e-03
2.471263216114797456e-06
-2.397614517284911255e-03
-2.010497901108052737e-03
-5.879440437178647984e-04
-2.929322196642137189e-04
-1.786014577974260296e-03
-2.038225959633884789e-03
7.222439139436530070e-05
8.732914049069044171e-05
-1.233550421016218957e-05
7.996743591118652458e-04
9.018503555974661254e-04
2.203882117504824337e-03
3.716382821367536331e-03
4.817663123017520456e-03
4.377638459094168599e-03
2.576224679666920189e-03
-2.739403987561094271e-04
-1.410126875909318428e-03
-1.650104359600639090e-03
-2.298785829234363705e-03
-1.604785126958675409e-03
-1.360494917269472470e-03
-1.356902297814356183e-03
-1.370584322126902838e-03
-1.383902336538710967e-03
-2.495620226429441212e-03
-2.606437501428229310e-03
4.228916674866288494e-04
4.754618190861326261e-03
7.872093939891794748e-03
6.364974251953045906e-03
1.525589233771880481e-03
-3.544767979686678887e-03
-7.114486464091379636e-03
-6.722337015373874153e-03
-4.034804438668038867e-03
-2.181946564355964017e-03
5.767008857402670924e-05
4.195475243550602154e-03
7.116868354963604669e-03
6.037887616363219606e-03
2.390096921508786786e-03
-1.472127257915567099e-03
-4.204282700496735428e-03
-5.172454077357043455e-03
-5.800276197026700553e-03
-6.626325447424695134e-03
-5.092593470438465386e-03
-1.493018260914481679e-03
1.044130747234014132e-03
1.255675892374160394e-03
1.881685875798835492e-03
3.422975014854748484e-03
4.622110673733740259e-03
3.305676780971069512e-03
-9.389872787315216556e-04
-4.278089664500855059e-03
-4.635357468817143632e-03
-2.540369704444161644e-03
5.983294044511132089e-04
2.552999265348051064e-03
3.480504405688881076e-03
5.279393855587093641e-03
5.919798056608369455e-03
5.082583198168151919e-03
3.997857433743065396e-03
2.727470793423835381e-03
3.536973419855644722e-03
4.552624348986213966e-03
1.990279525099633226e-03
-1.525834544791943546e-03
-3.440582015488303971e-03
-5.891033361191302942e-03
-7.049526523326951621e-03
-4.768885796318539372e-03
-2.964243407336913418e-03
-2.188205951996926527e-03
-2.048972164964387235e-03
-2.860635111024493245e-03
-4.574979304846795228e-03
-3.654675229933620779e-03
-2.656291031312002764e-03
-2.354795874395848067e-03
4.093742389552856810e-04
2.917745099146905330e-03
4.185599496678387571e-03
5.672564114678410596e-03
6.729585560353800421e-03
4.687482103951178154e-03
2.113631401897770636e-03
1.870773492035387314e-03
3.004434848333689591e-03
4.701148301746301168e-03
4.498228608601918810e-03
3.233610733883526041e-03
1.729371472115839208e-03
-1.417604905391884338e-03
-4.780098883913033031e-03
-7.708336964111665163e-03
-7.443899597742447902e-03
-3.988955017692391580e-03
-1.056040201595137779e-03
-1.586355147419102546e-03
-3.996876189662813134e-03
-5.006054073167203432e-03
-3.012158188836318567e-03
5.820209695721497139e-04
2.168644376461579312e-03
9.954009000873031022e-04
5.118588525306433205e-04
6.356214274559182685e-04
-1.785587262003828076e-04
5.817416315396264611e-05
3.046208941072806931e-04
8.838635185457491229e-04
1.454472777729741775e-03
2.052422345762692710e-03
2.182658757640017645e-03
6.985714005075721383e-04
6.928137134689319604e-04
9.716373841760376833e-04
4.805421311790505131e-04
5.197570760508011048e-04
1.534333384648320277e-03
1.946637903304552228e-03
9.284626446449472477e-04
4.740611722941599098e-04
2.477593823084165434e-04
-3.502716922892651471e-05
-1.464427657189073043e-03
-3.151067532261677892e-03
-2.467852601610049951e-03
-5.728993562551615249e-04
1.991237029403750570e-03
3.744435323500548782e-03
3.654137128341224811e-03
1.878987454578142421e-03
-8.770581160536784039e-06
-2.588173700321602395e-04
8.741222970716340740e-04
9.007504126365384030e-04
-1.695937954058864201e-04
-2.088649244144901492e-03
-2.289044607760248439e-03
3.398507218918141149e-04
1.831492075790458213e-03
1.696935024656539724e-03
-3.036254061613475637e-05
-5.739874293280216797e-04
-5.336931159679937945e-04
-5.585177998724996347e-04
-1.433502642143710077e-03
-3.001055886863788873e-03
-4.031101033590958616e-03
-4.145510928044863867e-03
-3.663403554292637369e-03
-4.233292706933864356e-03
-3.584255140658112494e-03
-1.081639593527520008e-03
4.970697633243282730e-04
1.371692178346542272e-03
1.581441013759130390e-03
1.457313637607245659e-03
5.934896554230312737e-04
4.596519195060070283e-04
1.779462399760964287e-04
-5.707524891666746142e-04
6.712018126013804577e-04
2.234435209390736848e-03
4.625885298139226567e-03
5.720328544262292571e-03
4.832397610738724779e-03
2.767274484743737460e-03
1.538266274228040171e-03
2.005623333741639140e-03
3.771411622448768430e-03
4.616895836242723705e-03
2.324741317808772748e-03
-1.987913460744832050e-03
-5.024800583055244116e-03
-4.738063653636428660e-03
-4.040810602030227468e-03
-4.653154387659779768e-03
-4.675461863968090326e-03
-2.937005970851207497e-03
2.527850929162236515e-04
2.565802917943597709e-03
1.825019030164279268e-03
-8.144721529027631004e-05
-1.067601472572946106e-03
-5.952092065410858560e-04
-2.983915768494225140e-04
-2.272854080436089580e-03
-4.572557847681011853e-03
-4.531535514519506591e-03
-2.683362289364763387e-03
-4.809552032838018118e-06
2.569767460558164667e-03
3.419200390449263476e-03
3.728608806077128666e-03
4.796431849894001835e-03
6.375142789397593608e-03
5.813166895468076245e-03
2.656473036262372352e-03
1.452241238773039538e-04
-1.561562907875314703e-03
-2.868279318940005103e-03
-3.776713505785614031e-03
-3.999780355610010711e-03
-4.015606873033430828e-03
-3.618764861899880034e-03
-2.835534254390948642e-03
-1.526657523697961356e-03
-4.073880110186464004e-04
-2.379311149884725835e-04
-7.549312117041139013e-04
3.438318823496754831e-04
1.998089911448091248e-03
2.074729822071003701e-03
6.428755117169427996e-05
-2.723276766306629432e-03
-2.960365910568175506e-03
-1.491752139520608009e-03
4.237098984374197078e-04
3.009079931197462896e-03
6.251403162922581670e-03
8.574490609660607304e-03
7.928293903262360193e-03
5.050819377699347287e-03
1.428216585324287684e-03
-1.557582538743324538e-03
-3.575938305752105351e-03
-4.979425957602298669e-03
-4.703482713066255497e-03
-3.264361657237231564e-03
-1.174770735305636152e-03
1.384329652509143404e-03
3.243668485706109345e-03
3.548764175336092692e-03
3.768586589088687971e-03
3.000818489102437519e-03
9.356953631074504171e-04
-6.922993516526706938e-04
-2.722168910086989781e-03
-3.982110048906761963e-03
-3.090214572768626780e-03
-1.313988695820752020e-03
8.972052727336922787e-04
2.961972302086652784e-03
3.598063777110046321e-03
2.484913587392497542e-03
9.997531923787437210e-04
-5.249893227109839232e-04
-1.682754465045155010e-03
-1.973091927177798681e-03
-3.358956751877013522e-03
-3.802202112096032729e-03
-3.177624428498177032e-03
-2.580751063650018468e-03
-1.555382652821469093e-03
-1.497821608952489654e-03
-1.752897590265753381e-03
-8.106421356862954057e-04
7.155413838148345007e-04
1.140799115656264580e-03
1.511377021125649136e-03
2.422335537500293692e-03
2.588189526839025818e-03
1.816472710755632483e-03
5.104771975595786800e-04
-1.013902098955281371e-03
-1.718348302730427065e-03
-1.683086821911046905e-03
-1.712587450388301964e-03
-2.714928278365775008e-03
-3.572994573511348998e-03
-4.186778572226431544e-03
-4.198284450393258323e-03
-3.680567412438336128e-03
-2.444366049753694554e-03
5.374772362839335717e-04
3.067796310838352258e-03
3.896369890765382250e-03
2.715577165580134941e-03
2.030922021842976322e-03
3.286550434664866661e-03
3.719002110001112284e-03
2.872085596380337825e-03
1.573654367186807720e-03
5.756278478589592525e-04
1.033629852923574535e-03
2.166927199321138069e-03
2.603699513913977463e-03
2.586432783405026234e-03
2.534988688520198926e-03
1.873353214375404925e-03
9.998164984484374154e-04
3.165564622221530726e-05
-6.940149461413694203e-04
-6.529989435868336798e-04
8.274894634835262895e-05
7.490595737400250519e-04
1.374715043174415527e-03
2.101468723257871995e-03
1.911146937982532426e-03
8.221005343008516968e-04
-2.745014487987697065e-04
-6.648585444180736071e-04
-1.250215743863080341e-03
-1.441977742223951456e-03
-2.573834875535983661e-03
-4.897278418916036109e-03
-5.399896959249015672e-03
-4.060791580277295192e-03
-2.557280338311086060e-03
-1.686616135296469497e-03
-1.585880351896399839e-03
-1.509604451174226128e-03
-1.032893919863385771e-03
1.550096596002046822e-05
1.358556168885103515e-03
1.693508583634368951e-03
1.453903023102498743e-03
1.007745583677570816e-04
-8.868151640452169712e-04
-1.330780630807001030e-04
9.919507192889976278e-04
1.454987139546002825e-03
1.312516829700374060e-03
1.058517051571902920e-03
2.272046928047495411e-03
3.351027666647880474e-03
3.227984406939499607e-03
2.326015352461358130e-03
6.573686450474400212e-04
-8.680923939333108803e-04
-2.084138686679227071e-03
-2.612649409516921983e-03
-3.651691931399306083e-03
-3.971886118651232062e-03
-4.163648117012102960e-03
-3.136839493098023124e-03
-4.525339432948237341e-04
1.653609933209926764e-03
2.385396445834030849e-03
2.262353186125650416e-03
1.639943735414803100e-03
7.703596922143351967e-04
5.350668576803466149e-04
7.012856482456887412e-04
5.249956533179532276e-04
-6.597521185714070278e-04
-1.999925787469207950e-03
-2.265075347122478405e-03
-1.091483687364887094e-03
4.764335672559306609e-04
2.098675342932638382e-03
2.757786487548396972e-03
2.817515764304384576e-03
2.672165028287693585e-03
1.950095997361569631e-03
1.832805676736602154e-03
1.553617996128757580e-03
8.860475779501810899e-05
-5.158210211675965046e-04
-9.360435464907656275e-04
-1.471391324855377903e-03
-2.502868771409367480e-03
-3.120609399480305489e-03
-2.630588767016368932e-03
-9.658923583513361142e-04
5.347416227472953903e-04
8.096134120537731979e-04
1.246385726646612700e-03
1.562995207702134320e-03
2.221030149133100106e-03
1.197822057932847835e-03
-1.909224016115586785e-04
-1.067340335035459834e-03
-1.877563068010034298e-03
-2.293460206121382752e-03
-3.605209449726720985e-03
-4.330522916724646558e-03
-3.134979877300771503e-03
-8.514666373800078725e-04
9.985187240197168981e-04
2.441944592587911179e-03
2.218885656022226861e-03
1.537823131740184311e-03
1.876376079203277963e-03
2.398777766315532672e-03
3.387808493139909082e-03
3.125175349756962543e-03
1.740386728242539855e-03
1.072642218372305434e-03
3.890640691458104971e-04
-5.064224437956984029e-04
-1.033495327525475434e-03
-1.953087209154595605e-03
-1.614178165049474922e-03
-1.318435947216733180e-03
-1.243964269480829325e-03
-1.559125624192108121e-03
-1.669214879389418951e-03
-8.309317310231202148e-04
2.099071005868224080e-04
1.953031816343613622e-03
3.019414647074956763e-03
3.277378967817994645e-03
2.531918344140055184e-03
1.986140890793408609e-03
1.355090161569374400e-03
6.222219064793795733e-04
-1.167672542241232191e-03
-2.303494218167831138e-03
-3.253662931458998955e-03
-4.202035335022609279e-03
-4.131520286642560019e-03
-4.148430920509484435e-03
-2.964401672511147653e-03
-9.877804319479261633e-04
6.189940882508729618e-04
1.856988595359588190e-03
3.102543429841471585e-03
3.254731221385080264e-03
2.288007970869014411e-03
1.427781356095143535e-03
1.109739575212802514e-03
7.949343171435508575e-04
3.063554804168875496e-04
-3.541958772844022068e-04
-5.330046624600750854e-04
-3.567122935547260149e-04
-2.710845036870532698e-04
-5.473933407755775379e-04
-5.481118646666007952e-04
-9.618565964083639671e-04
-1.597940158173045792e-03
-2.218197202514307718e-03
-2.004847834387891818e-03
-2.212444263430894762e-03
-1.985776880892670300e-03
-1.527781206435024214e-03
-1.874247412609827924e-03
-4.761471072905666831e-04
6.359276705680613631e-04
1.174153501126122849e-03
1.660937610776970367e-03
2.252770229825769386e-03
1.768154353061930466e-03
6.154252085718917020e-04
-3.682070931593561043e-04
4.913595558379582438e-05
8.949737337769900951e-04
2.182263094704432055e-03
3.970002763077845956e-03
4.487363704390740470e-03
4.366480764310657139e-03
3.702328873895539656e-03
3.237852240553002695e-03
2.135139639076198519e-03
7.629433861497204655e-04
-2.102560752960088222e-04
-1.479549894587151027e-03
-2.727985155240096864e-03
-3.679594081616796228e-03
-4.187957647774476384e-03
-3.665199864020195295e-03
-2.857137450673917500e-03
-1.988997577188336349e-03
-1.185611899740678923e-03
-1.087922720944617736e-04
1.201517549751216375e-03
2.172925449424614307e-03
1.812785132195975438e-03
4.859239384288845435e-04
-8.125175780009706670e-04
-1.270869349100643784e-03
-1.330954722498658635e-03
-1.538907248183688610e-03
-1.596468292052668049e-03
-1.678861141758993675e-03
-1.632441966156102271e-03
-1.796610431389240056e-04
6.978386327508678648e-04
1.114099780762954628e-03
1.309106215195626928e-03
9.629961056628501400e-04
1.211963051250673556e-03
7.456924821581923345e-04
8.320395872427595405e-04
8.734180170462917244e-04
1.401572643241959714e-03
2.161783581158526705e-03
2.126166003697119080e-03
1.256221907225268291e-03
3.657286605308485291e-05
-1.138100694435571509e-03
-1.181631530608688758e-03
-3.347165996396565986e-04
-4.584799658908027503e-04
-1.021894490254108548e-03
-1.460099104673767559e-03
-1.868090897332117450e-03
-2.451646247768468102e-03
-2.426466258547806381e-03
-1.614083205944934814e-03
-1.316188581742607465e-03
-1.427718050025449841e-03
-1.314392272015049322e-03
-1.460455201315794590e-03
-1.058224260999569583e-03
-1.677745372280642366e-04
7.687279782679804852e-04
2.350316969965019626e-03
3.193276854229939489e-03
3.303010012785223288e-03
2.833856643544066176e-03
1.802735293632103629e-03
9.273943547188663724e-04
9.183969795636520153e-04
7.730478261987029989e-04
8.827794021022448241e-04
5.834453561402576198e-04
-2.109445288039275856e-04
-9.851848830904853457e-04
-7.552880996720119731e-04
-1.433059499655854271e-04
-2.033881580601155990e-04
-5.966256798504819417e-04
-1.340284454519764671e-03
-1.413679929070876156e-03
-2.571445071405047134e-03
-3.410812336214850277e-03
-3.071539282208990852e-03
-1.717335405615328390e-03
-5.048128869737365820e-05
1.079938242904502190e-03
1.503400456344245384e-03
1.776835197868676351e-03
2.418315602074744969e-03
2.987848658073945143e-03
2.997202129871186314e-03
2.602884448266671365e-03
2.438826768655497600e-03
1.799142674176987125e-03
1.314154874253697968e-03
5.262443655426611751e-04
-3.782379399023198373e-04
-1.135568451647824169e-03
-1.162552663854755745e-03
-3.793173083905971308e-04
5.575452603768304505e-04
8.334956268457141852e-04
5.546664168575103073e-04
-6.405157779691109284e-04
-1.462251511043352733e-03
-1.766263084229831781e-03
-2.979792960705424272e-03
-3.121543164008287047e-03
-2.250886874252382413e-03
-1.096714351373327505e-03
1.290494230705684640e-04
1.276100013109084195e-04
9.019294881845832433e-05
4.848698923684847928e-04
6.823879951162538414e-04
1.015904153409344021e-03
4.492515235812063437e-04
-7.653600953602766183e-04
-1.300710247702502667e-03
-1.360431611199778776e-03
-1.031952242076692068e-03
-1.789211534493790885e-04
4.618438921691506529e-04
1.579676357066418877e-03
2.053142452305458700e-03
1.985143820195733357e-03
9.202012025499218704e-04
5.961073614048649277e-05
3.334670960890775558e-05
2.502932077479060741e-04
7.162053062207469250e-04
4.337795201480707961e-04
7.158452529493641468e-04
9.180408829216250930e-04
8.964535131560797667e-04
5.640183060030092878e-04
-5.577699969242429787e-04
-1.334531515436351498e-03
-1.211844352369998096e-03
-1.242785193932784485e-03
-1.233431722135543097e-03
-1.258619624614916530e-03
-1.240988884205226342e-03
-1.213284565455529209e-03
-1.424473613953648656e-03
-6.559917380316023861e-04
-1.940362689146165915e-04
-2.469245335143311119e-04
-2.084281125336038046e-04
-2.289361138108716748e-04
5.805649299691951776e-04
9.047228685098169642e-04
7.478615063710720816e-04
8.136966535490155073e-04
8.349279266725338029e-04
8.374443429428576110e-04
1.514906334511071729e-03
1.893397498692166343e-03
1.934411918594959893e-03
1.630756442050507659e-03
1.304793489197745085e-03
9.162366599353551294e-04
4.557134906451888848e-05
-4.455259613797332555e-04
-1.615887428931204453e-03
-2.886622252633749136e-03
-3.090974245604951112e-03
-2.125691208174416806e-03
-5.635348058957238273e-04
-1.382778653801648163e-04
-3.271618115475869110e-04
-2.890254438382424090e-04
-2.519684446171751462e-04
-7.700494924728360294e-04
-1.493920372407616607e-03
-1.385271330295836673e-03
-4.926612868960345221e-04
-4.869550360390204302e-05
1.290343878790162170e-04
7.622438540796052297e-04
6.687012228484799647e-04
1.204049792538963498e-03
1.961744314185206572e-03
1.735084844905694038e-03
1.905979580043785492e-03
1.341123259943206121e-03
6.791324804822563470e-04
8.028950554075311866e-04
1.268447891934860409e-03
1.792281878873934736e-03
1.607000839397954061e-03
9.842194655276567238e-04
6.323595822149512529e-04
2.330051114404330494e-04
-6.599649852307519883e-04
-1.404706293691796934e-03
-1.433130718984259623e-03
-5.955660945089840362e-04
-3.825775709798216848e-04
-3.282514672721894731e-04
-9.974425208349243111e-04
-1.577041241915419717e-03
-1.861989774865388959e-03
-1.152502825290883937e-03
-3.653108404708702386e-04
-4.527365227178435344e-04
-1.908187379224352757e-04
3.008454783759238044e-05
3.589216753870354704e-04
7.334498796053056432e-04
7.777024049729309649e-04
7.320096665197744221e-04
9.226938790441106516e-04
3.448883023876887907e-04
-5.667903205297214302e-04
-1.299657784293844999e-03
-1.506890203436109634e-03
-8.089249585458543803e-04
5.049869786653941872e-04
4.161218746587608199e-04
-3.645970645350739866e-04
-3.858243810292363721e-04
2.333532948237482870e-04
7.417192349590427322e-04
6.183151306534082634e-04
7.532314437328385985e-04
3.743849742355882110e-04
-2.286037569449798608e-04
-2.232077058294647601e-04
-2.868888639860806586e-04
-3.681991799006443925e-04
-4.056162323930944877e-04
-3.613644983513404239e-04
-4.016596030372394043e-04
3.618994346402519568e-05
-2.116978710332823694e-04
-9.142820850335626621e-06
6.136328554736893062e-04
4.211515418959237839e-04
5.096565926311743188e-04
1.648941110570017648e-06
2.570906969812650949e-04
6.280223251150630166e-04
5.902444280253589396e-04
4.556873768914402332e-04
5.093661760364545936e-05
-5.552899816439930232e-04
-1.329174239288523915e-03
-1.516259501750774228e-03
-1.435306865129979716e-03
-1.200014030595991568e-03
-8.334006677411736437e-04
-1.336319911905197930e-04
3.851675805561644017e-04
1.092132574579247461e-03
1.768874459604696239e-03
1.771754885775758464e-03
1.828595823101972348e-03
1.248997102021476941e-03
4.517244169286157370e-04
-1.624172610802365182e-04
-7.934703642818845010e-04
-1.414803611807939013e-03
-1.488563096259788807e-03
-1.859853195013227208e-03
-1.951599516516794438e-03
-7.747618380356594264e-04
3.484658866512529117e-04
1.249709295305531003e-03
2.100582438282160708e-03
2.311051380237514382e-03
1.752319922379798637e-03
1.654100555250052678e-03
1.546883812965092362e-03
1.289283502122793223e-03
6.780198763073899074e-04
1.207017264555854776e-05
-4.980953216533658828e-04
-5.776069538627579165e-04
-5.876813235286361186e-04
-1.377397637877685174e-03
-1.811645622941489373e-03
-1.265140149793365747e-03
-6.107081150538412996e-04
-5.732910625613912587e-04
-4.509671180699051244e-04
-5.984765910631510265e-04
-1.370560582350767703e-03
-1.634997948719984530e-03
-1.424164996863892113e-03
-1.330622365632766740e-03
-1.380634160690774647e-03
-7.718901164491798455e-04
-4.963005945775500385e-04
5.445374457065212722e-04
1.671723382401030938e-03
1.757708851562473067e-03
1.451900968648436093e-03
1.051822434701796261e-03
1.463770856716000964e-03
1.563066427030539510e-03
1.889749486426068074e-03
1.791530119296322332e-03
1.706976949961699604e-03
1.059379596771479288e-03
6.229665441241514145e-04
1.199966551043721243e-04
-3.358426563543329591e-04
-8.952981773841701702e-04
-1.057559547267786009e-03
-9.719301747483710197e-04
-1.804816480673283397e-03
-2.186180157766728742e-03
-2.683393942399610235e-03
-2.092637526535603368e-03
-1.790066166434655650e-03
-1.520595967524791424e-03
-6.373378132704881445e-04
1.566928097281854052e-04
5.952622253744542817e-04
6.808892239162559314e-04
5.287030150243893353e-04
4.301235946232607609e-04
3.394598069114556390e-04
6.585825389338163067e-04
1.662361997345077839e-03
2.512879043679680947e-03
3.305827132886592686e-03
3.227398825794833368e-03
2.688094418074366172e-03
2.380838408816086157e-03
1.477080957869097598e-03
7.003162740535042634e-04
4.552022941324123653e-05
-4.131971342389128134e-04
-6.603646047956934339e-04
-6.531690786491353750e-04
-8.668737520917075895e-04
-1.548300286274488340e-03
-1.595787751803460835e-03
-1.819566794911911143e-03
-1.971754586455520038e-03
-1.774595745653262781e-03
-1.785753440436774024e-03
-2.312823950188937390e-03
-2.752832787594866257e-03
-2.867962788591536631e-03
-2.231159120284089033e-03
-1.656229221843502717e-03
-1.254718388070043484e-03
-7.208068661616063568e-04
-6.175499185359858848e-04
-6.812310766926017291e-04
-7.136113400150484063e-04
-7.154100237202201066e-04
-4.455758149096170832e-04
3.416185438880101175e-04
8.539434873567731217e-04
1.689710219452748375e-03
2.598508416199095828e-03
2.798903779814442775e-03
2.602829055455689600e-03
2.583758101960468082e-03
2.384802951430652681e-03
1.795486748652177144e-03
1.466643369628351911e-03
1.533565798553284234e-03
1.646535479921657722e-03
2.408906737466521598e-03
2.627652948034324074e-03
2.633049790475710215e-03
2.518639896021805397e-03
1.821386844415604422e-03
8.510709744444223913e-04
3.959486042249982392e-04
-2.822334938859816515e-04
-5.599817527341659912e-04
-1.139580473814661397e-03
-1.835393312335331477e-03
-2.248061840892301953e-03
-2.742395199354120787e-03
-2.685910358669934151e-03
-2.742031189453382044e-03
-2.791686887869362921e-03
-2.867954875332825136e-03
-2.853568570994936132e-03
-2.740954986268589241e-03
-1.905908360715380086e-03
-7.733271642312263602e-04
2.020318255169284742e-04
5.794396645803899125e-04
5.787203493634955056e-04
6.776598230360070209e-04
6.039050865393841240e-04
5.628914579624617236e-04
4.531590907330488032e-04
6.294506683125266700e-04
1.410166442202876770e-03
1.612002018903755047e-03
2.055975398924250654e-03
1.827155610016441018e-03
1.784700977028116139e-03
1.427797182612566959e-03
5.920359897976901859e-04
-2.181835778734000052e-04
-7.646866770439101832e-04
-6.423619412265528994e-04
-5.373063098957606186e-04
-3.613739942617944347e-04
-5.815580439375146824e-04
-3.243162037148560224e-04
-6.067411984616610018e-04
-3.944719901493931114e-04
-1.107555515808370493e-03
-1.641099071186712804e-03
-1.534966445345257004e-03
-1.717374971908886732e-03
-7.193492439069094132e-04
2.326236923705286115e-04
6.287400576802151244e-04
6.197458478284853653e-04
4.240264287858881253e-04
4.179110624534785093e-04
-1.368661400259957360e-04
-6.387566605574977871e-04
-1.562931901632440409e-04
2.149984912419366861e-04
4.175541744855803292e-04
4.035231754638471521e-04
7.269641727651879803e-04
5.438371223105349954e-04
5.222505438708610354e-04
5.398804929546799662e-04
2.060066553678204567e-04
2.646510243544329373e-04
3.923726026131764714e-04
-1.235489169400587838e-04
7.397013539875565502e-05
3.355292913093491937e-04
3.254557129693422496e-04
2.660928200917065116e-04
-3.386938034681621110e-04
-1.777088422147451020e-05
9.879782634157189311e-05
-1.041163275217122562e-04
-3.836640614009394863e-04
3.808651417946076105e-04
4.941956677602351352e-04
7.629505080825609194e-04
1.588285982544759573e-03
1.522439756804619838e-03
1.602316190240621763e-03
9.960893535952218113e-04
6.316339363910874333e-04
2.463120472900447600e-04
-5.110208384330731284e-04
-5.354846777403250409e-04
-7.427170968825893508e-04
-1.147826089392263134e-03
-1.629925549885778355e-03
-1.584954500627129776e-03
-1.669499756703040575e-03
-1.418380404745631877e-03
-8.412901866767486751e-04
-6.693192483538645257e-04
-8.974189307189084971e-04
-1.373401442228271803e-03
-7.553039261894355051e-04
-5.883666117330701214e-04
-9.223219558846601702e-05
6.150920603801286572e-04
7.546859006840509441e-04
1.411638308323254947e-03
1.495471371115111685e-03
1.782572310434666534e-03
1.690833902189811016e-03
1.542958836644084180e-03
1.009771377907768683e-03
3.477805984468188547e-04
9.629565393692916895e-05
2.258159159008443762e-04
1.650143925894197703e-04
1.801255514253013903e-04
5.032064954552594675e-04
5.744432330298161488e-04
5.762419167349879575e-04
-2.868651242099455774e-04
-6.459236989726935968e-04
-7.261538550731088879e-04
-1.028367535880287493e-03
-1.581346054654589849e-03
-1.352170169104753399e-03
-1.341376484221980898e-03
-1.363676047271579960e-03
-1.306471100044627551e-03
-1.425557730397152955e-03
-1.085928579749266716e-03
-8.304885885352643543e-04
-7.409010040082519280e-04
-6.153389540519340218e-04
-5.207169543325315718e-04
-5.235950065259805655e-04
-5.667673720794574443e-04
-4.361685329531360660e-04
3.553440911234713494e-04
4.503253527883854281e-04
9.374679330588734250e-04
1.457709300542831248e-03
1.371715918122677407e-03
1.457709300542831248e-03
1.650547502088494951e-03
1.608812975642935844e-03
1.809928445801048131e-03
1.655224237987115536e-03
1.559165190485666246e-03
8.302511907739131090e-04
3.632605151386661684e-04
5.902808290154329006e-04
6.773472493168945134e-04
1.007982981438922034e-03
6.510831436527286017e-04
4.247829363187275884e-04
-5.843949471856628181e-04
-6.541914716746883868e-04
-1.024046896623693722e-03
-1.282003304108019891e-03
-7.570883660289260807e-04
-1.146726146431335412e-03
-1.129103319280357152e-03
-1.149250475960371040e-03
-1.484202890709636477e-03
-9.567683710567343684e-04
-5.210746336263007931e-04
-4.602723189890050920e-04
-1.674129013049390781e-04
-2.426070595612220737e-04
-7.139167918013204599e-04
-1.473765302468891007e-03
-1.678481305340831509e-03
-1.129103319280357152e-03
-6.847762165954479618e-04
-5.541765861432554341e-04
3.470668225110226028e-04
3.747695586089773282e-04
4.287364003710979112e-04
3.726100303065516461e-04
6.233748682736756129e-04
9.928686572995557621e-04
8.960895032553412411e-04
1.400132430156428385e-03
1.467054859081360707e-03
1.447619895685400664e-03
1.523539699765547560e-03
1.450864331757202065e-03
1.502308426642029373e-03
9.885480180429622073e-04
4.164961717958247768e-04
4.265697501358317210e-04
4.121779065168445079e-04
4.182932728492541239e-04
4.233292706933864465e-04
3.959850052150721460e-04
-1.897346214789309769e-04
-3.879736220953367855e-04
-4.937493599688946768e-04
-5.606686235903424013e-04
-1.059324203960497306e-03
-8.510155816334404088e-04
-6.844359464708443547e-04
-6.955896846249997418e-04
-6.743647421084509675e-04
-1.232743268627624388e-03
-9.215306300134891264e-04
-9.992467438211941663e-04
-5.901811219556652452e-04
-8.348329675679932614e-04
4.089200179052334566e-04
9.198055396143364976e-04
1.078102366883385487e-03
1.332110058270568340e-03
2.081582704115344813e-04
4.002779480661748722e-04
-1.271581542384697791e-04
-1.044937899622608383e-04
-5.412661045551003542e-04
-9.514269214263299380e-05
-9.294676285013344285e-04
-1.517707628095017270e-03
-1.256870794439628441e-03
-1.447556589615706969e-03
-4.977431816406948165e-04
-8.219027028330589020e-04
-5.621476116435610319e-04
-5.373245103907975991e-04
-4.797626751959470641e-04
-5.729468358074317957e-04
-1.556063193070676037e-04
4.514743579533257338e-05
2.211937814873345289e-05
1.721442386886705780e-04
-1.833185513154764212e-04
5.837262768245233885e-04
5.520629547413576695e-04
7.337490007846082839e-04
1.393580251943132538e-03
1.565551190266016579e-03
1.659449918139168766e-03
1.742554961129548236e-03
1.586046530329345786e-03
1.618071488335636691e-03
1.654045162439070696e-03
9.222507365562547911e-04
5.833369444959072116e-04
7.268850401780709708e-04
1.936912508347860603e-04
-3.682854344206020186e-04
-1.045752965269914616e-03
-1.361278329881931721e-03
-9.493378211264386210e-04
-8.442813984697751907e-04
-5.237263666205949596e-04
-2.740432711193616804e-04
-3.075060682335701949e-04
-3.623718561853411210e-05
1.522827506481493553e-04
-2.819731476743663661e-04
-6.503052703213675601e-05
2.918655123898751969e-04
4.246199231892663472e-04
7.412206996602049977e-04
5.055622725737354828e-04
4.084175259770398661e-04
6.120478297537338243e-04
1.162695102511566558e-04
2.256378675798309150e-04
2.166389097728741776e-04
-3.964273563770567485e-04
-2.769854207083754637e-04
-2.327376432959772287e-04
-3.086550733985104870e-04
-3.252096106234080887e-04
-3.878161482469738076e-04
-1.268914774198851405e-03
-9.944117427483393449e-04
-1.101992494934038187e-03
-1.844936702341653731e-03
-8.674276802015271981e-04
-9.541332559057348834e-04
-1.018183171918316367e-03
-8.994605514665295976e-04
-7.512380938633588098e-04
-5.759111425208384561e-05
1.946076061936020582e-04
5.698511689994108361e-04
-1.371518086654884626e-05
4.827728788098815471e-04
5.770284946509319146e-04
-8.389003825458122285e-05
4.953470469027889843e-04
4.816689792195980231e-04
2.442094944503433594e-04
4.172566359580200958e-04
8.640961982838971838e-04
8.291908141065438371e-04
9.759738499500548786e-04
5.489087298188700210e-04
-5.408601543831896856e-05
-9.294913682774696181e-05
1.768779500500155535e-04
9.349198637537027698e-04
6.334223328599339732e-04
3.078629562014683073e-05
2.142475229901953779e-05
-1.829371322455719832e-04
-4.299059800086886866e-05
-1.142342201105048190e-04
6.315777522542344096e-04
9.492586885393213946e-04
-4.236671668403764967e-04
-1.004714805590985931e-03
-1.023437575702891913e-03
-8.910408441972700929e-04
-1.876850874725980562e-04
-1.617454254156123171e-03
-2.259662678163668840e-03
-1.231065657780741921e-03
-9.554864231454373831e-04
8.214516470864915466e-04
1.346353923951646532e-03
-1.751544423026051153e-04
-7.040378796256214957e-04
3.605367714900955547e-04
1.330487840234667639e-03
1.163541821193719503e-03
2.177388527338018891e-03
2.228468612322107890e-03
5.731169708697335993e-04
1.064752699436730593e-04
9.675066631285248863e-05
8.868151640452169712e-04
1.277524399677191884e-03
4.874393274721770266e-04
1.143386751254993848e-04
2.352129106210001247e-04
-1.504801103136218263e-04
-8.740035981909581803e-04
-8.070969957834493898e-04
-8.319367148795072872e-04
-4.466219477113051220e-04
2.175172814898739969e-04
-1.203622476568531278e-03
-2.066737430772176524e-03
-9.586359001126980263e-04
-6.567561588231535881e-05
7.139516101396520134e-04
-2.434308297931110871e-04
-1.851291049087157000e-03
-2.413274856275385641e-03
-1.530036485167861641e-03
-7.978147433146132997e-05
5.785992765052062718e-04
1.216829705358375441e-03
5.472722679172884125e-04
-4.961312508411193980e-05
4.331955216551465850e-04
1.090858539926662296e-03
1.208489130676232946e-03
1.289069844137577005e-03
2.056458107705664857e-03
2.321243657458197003e-03
1.765732895896147091e-03
7.644524445860435358e-04
2.283687331612420910e-04
1.715088040141202674e-04
2.027938723308662006e-04
-3.397668413494699916e-04
-7.855468183338491740e-04
7.754534568470628690e-05
3.329725174195956772e-04
-3.542196170605373421e-04
-9.036150122901775300e-04
-1.344003686114268563e-03
-1.735456768065144276e-03
-2.138787651342297005e-03
-2.079074201103732825e-03
-1.918996890624548573e-03
-2.035575017965461989e-03
-1.671137801256364483e-03
-8.746129191117598799e-04
5.396106508326106699e-05
5.934002355995889277e-05
8.576706322099886173e-04
1.097624376125174361e-03
2.021180800368861544e-04
8.252341847506888079e-04
1.316315193881994854e-03
1.256934100509322352e-03
1.239999726866262584e-03
3.275867535404057909e-04
3.455561814229571251e-04
1.206843172864197327e-03
1.321593337442705535e-03
1.424473613953648656e-03
1.203187247339387129e-03
1.372625942874524047e-03
9.516643191876812376e-04
-3.284485074141110100e-04
-8.976405019628363189e-04
-1.005949273950012754e-03
-9.073975499543748997e-04
-1.052044005945723974e-03
-6.354449617866470522e-04
1.085548743331104740e-04
-1.602221231136081059e-04
-5.590835978703869060e-05
-7.176099096420754701e-05
1.660296636821321657e-04
2.689036095861059550e-04
3.156519767514046016e-04
-1.212952208589637435e-05
-3.909996522266948006e-04
6.891625358993488424e-06
3.195152296544614967e-04
-3.259510829646953319e-04
-9.175977404337693410e-05
3.007339014280887169e-04
-5.836257784388845836e-04
-6.959014670182412082e-04
-6.898106317878378770e-04
-7.128619544150494513e-04
-6.632379090339154222e-04
-7.532084952825746126e-04
-2.927185616789975547e-04
1.688507404128568236e-04
-4.697824733087382540e-04
-6.273916383957397385e-04
-5.885628605491205088e-04
-6.479534498322473465e-04
-2.864045725529240486e-04
2.791394097297029910e-04
4.532437626012641844e-04
4.935111708816722819e-04
4.521074186502625552e-04
4.686287201885709023e-04
3.124566028836160410e-04
5.484418475548791336e-04
1.385975610321179023e-03
8.146145915595739669e-04
4.379007452851293655e-04
5.145026722662255584e-04
3.273881307467418466e-04
5.198385826155317796e-04
-1.187985877354191946e-04
-6.606566040421555123e-04
-6.578094135576822163e-04
-6.038742248304084263e-04
-5.567753003041810665e-04
-5.992615863273525762e-04
-5.446078737090556373e-04
-6.205537915429510092e-04
-2.787983482792282886e-04
1.144059378245489215e-04
-2.342530323392697390e-04
-5.451348967392555126e-04
-5.541639249293167169e-04
-2.789676920156588884e-04
-2.757644048891586160e-04
-2.347848033246966468e-04
4.958891051245410252e-04
1.364000490878759927e-03
1.308560200344519031e-03
7.134467442338448661e-04
5.284846090839462199e-04
5.280881548224894808e-04
1.088587434676401228e-03
9.917687143386280397e-04
3.948573658486534323e-04
5.714702217318267221e-04
4.853961240728134644e-04
5.771052532604354756e-04
3.585093946081554161e-04
-3.742710233101395395e-04
-5.525939344009134007e-04
-4.251596074334049939e-04
-1.370964158545065004e-04
1.900361166358471203e-04
4.863132707575007203e-04
5.487718304431573636e-04
3.870050392290235114e-04
3.741333326085558410e-04
4.202423084699482940e-04
-1.629434927845652169e-04
-5.826144639755280984e-04
-1.123651084027988811e-03
-1.236747377535749688e-03
-1.340221148450071193e-03
-1.336668095288513249e-03
-8.235249208689593859e-04
-6.747437872007418756e-04
-4.191352435761800093e-04
-6.033891420713806669e-04
-1.315982837016102958e-03
-1.308560200344519031e-03
-1.144138510832606306e-03
-8.379982710526772197e-04
-3.595056738799596815e-04
-3.854928154892156805e-04
-4.527681757526903815e-04
1.283910399457542217e-04
6.280682220155909884e-04
1.241724817265415321e-03
1.665709305780131277e-03
1.551275671550091540e-03
1.740062284635359672e-03
1.457558948627308724e-03
7.139049219132527838e-04
6.252321100933140021e-04
4.401299102642181006e-04
2.988552938099286950e-04
6.564063927880959973e-04
4.834660802730273701e-04
6.531785745595894942e-04
5.812913671189301468e-04
-3.660713046330655711e-05
-3.922190853941692952e-04
-3.902755890545733341e-04
-4.062081441447304648e-04
-4.063656179930934969e-04
-3.851588759715815404e-04
-4.157048459246537602e-04
-4.651975312111734494e-04
-8.565865157664844269e-04
-7.109588156948831988e-04
-6.924251724661869330e-04
-6.086664943062200907e-04
-3.547039084936939521e-04
-1.571652312732745016e-04
3.543311940083724262e-06
-2.369720280326133202e-04
-1.672443488943796549e-04
-2.325445597834115206e-04
-1.366295335905155859e-04
-2.462985947502348933e-04
-1.778916384909856228e-04
-1.660700213015618742e-04
2.279675309445583872e-05
4.666306223638641624e-04
7.371651545704534627e-04
1.577484384403275361e-04
-1.605790110815062319e-04
2.896395127142711208e-05
8.909221453165945244e-05
6.515318254216826170e-04
6.350247677490552861e-04
4.648525131313428370e-04
5.201321645137361435e-05
-1.551671334485677076e-04
-1.533067263254446662e-04
-8.725871248815621217e-05
2.131483713551388592e-04
3.184540616612211838e-04
1.714193841906779140e-07
-1.402063265282085574e-04
-8.913890275805854660e-05
8.409420032934334917e-05
3.383804384231783998e-04
5.343103501475072060e-04
4.206134403035274904e-04
3.649887708413036120e-04
1.589844894510966580e-04
-1.131936265899149350e-04
-8.933277759649543132e-05
-6.948711607339765929e-05
-8.518148207633231372e-05
2.174508101166956368e-05
-2.725611177626583435e-04
-6.603938838529267242e-04
-5.989474299564977698e-04
-4.935032576229604617e-04
-8.104047379249442417e-05
-1.362860981624273808e-04
-2.931387557165893209e-04
-4.225901723297126517e-04
-5.907295107843868074e-04
-5.079900603464882706e-04
-4.879196622759778348e-04
-3.545535565781715364e-04
1.283570129332938583e-05
6.778679417401250031e-05
5.176481926041304405e-05
1.361642339782670518e-04
1.072935008944638771e-04
1.624093478215247793e-04
2.155532106776275527e-04
2.955317251510104467e-04
5.198227560981083560e-04
5.524356692266791649e-04
5.841575494243114643e-04
5.338126061745406209e-04
5.038601306248467315e-04
4.057452185100954333e-04
2.301990699012606452e-05
5.967158909997954880e-06
2.262092048588163818e-04
7.463659004745589051e-05
1.280879621370956979e-04
5.471773088127478439e-05
-4.059921121819006894e-05
-2.410813832816043964e-05
-1.448522007178535571e-05
-4.894310946899145027e-05
-1.130622664953005409e-04
-1.776930156973217055e-04
-2.606524547274057923e-04
-2.561996640503265313e-04
-2.635392115054377015e-04
-5.358162432803456376e-06
4.320449338384639397e-05
-6.288310601553997558e-05
-1.911819564973027535e-05
-1.708876132052510001e-04
-2.820958031843978989e-04
-2.232409415160539333e-04
-2.607497878095598365e-04
-2.148212342467943744e-04
-3.845986172547924783e-05
-1.490034962380166984e-04
-1.421751452956820341e-04
-2.890800453233532082e-05
7.175062459529520537e-06
9.756652328602980373e-05
1.792479710341727137e-05
7.196721048623472164e-05
1.196057401240136349e-04
1.112896965438774788e-04
2.139349492710828163e-04
2.370274208435952756e-04
1.541154613657814325e-04
1.347501346464844688e-04
1.285034082194604858e-04
1.660478641771691191e-04
1.926490746624538231e-04
2.165399940389778073e-04
1.738234321872954790e-04
1.631761425906895111e-04
1.019520512640595552e-04
1.948774483156713810e-07
-1.452059233822670275e-05
-9.326645850208652882e-05
-5.329453130197371792e-05
-8.895056720071983710e-06
-4.184570773045865282e-05
-6.878782140104382529e-05
-1.062616119584568680e-04
-9.911673066765381331e-05
-8.965009927083501188e-05
-8.844807527252625343e-05
-8.392327394117040967e-05
-7.098359242836914634e-05
-7.661419253209936242e-05
-4.622625035550001742e-05
-1.661847635528817087e-05
-5.564595612815838222e-06
1.429269048732945122e-05
4.234725006760683269e-05
5.386365286851990919e-05
6.335980072033339588e-05
4.973593885931768623e-05
2.630612506792503620e-05
7.930351350527404473e-06
-2.531680946378704155e-06
1.102657208665821848e-05
1.850634248614084921e-05
2.959598324473139923e-05
3.383432461072333978e-05
2.386084899341949693e-05
9.006712800494213596e-06
-2.874277569043481592e-06
-5.099826188900968183e-06
-1.231231836213687984e-05
-2.508503011612104772e-05
-2.532622624165397601e-05
-2.280941430839457623e-05
-2.441928766070488202e-05
-2.277491250041151769e-05
-2.263904184833145561e-05
-2.329212308980889058e-05
-1.963683062569575392e-05
-1.589749935406425997e-05
-1.429791323807918053e-05
-9.196314479226788043e-06
-7.178267329307763407e-06
-7.283228792859886926e-06
-7.426110592158524995e-06
-7.795865518721891281e-06
-8.803579449364614830e-06
-9.319998712890817890e-06
-1.034009689341736782e-05
-1.186585230562219257e-05
-1.357028909953743464e-05
-1.498510062460408573e-05
-1.607546854249062107e-05
-1.690517371841342503e-05
