4.309628775496820215e-04
5.283118430811854348e-04
6.312376507507165384e-04
7.501401340709286727e-04
8.727006350037797185e-04
1.212399468039407216e-03
1.635360103238202474e-03
1.373541645181338301e-03
1.629264659877096872e-04
5.255715241546019510e-04
1.725732003329367818e-03
1.888114313830833047e-03
1.482049556160725586e-03
2.843843756245382701e-03
4.088471659713177088e-03
2.489451221889210728e-03
-1.797291456154382619e-03
-4.996940747189831770e-03
-2.538395151812170188e-03
1.901169535924841260e-03
5.775564113943352541e-03
8.967066104604648827e-03
1.176337893136096546e-02
1.515217486558455978e-02
1.529918703838755410e-02
8.520768414367340532e-03
-3.520287650133019884e-03
-1.949286710274777956e-02
-3.451095724630751788e-02
-4.739150843561516085e-02
-6.093075833782946038e-02
-7.098733796848327726e-02
-6.961582563243572108e-02
-6.466694193191779849e-02
-5.728371402643250149e-02
-2.504911551104740258e-02
9.055378631723010052e-03
3.364121038348735770e-02
5.502065854427599934e-02
7.742190143372348898e-02
1.217322421678771333e-01
1.539659387680916702e-01
1.448889141722749796e-01
1.049648875509958945e-01
7.023717002536125631e-02
4.308336030419002149e-02
1.410046661710179922e-02
-2.293299704209634388e-02
-7.767669246940965555e-02
-1.144019266190653139e-01
-1.270693251897281328e-01
-1.234954863263424962e-01
-1.034880014591866848e-01
-8.079581576763265882e-02
-5.913241464730940866e-02
-3.808028653384031015e-02
-1.492286293346700883e-02
1.809429731158310878e-02
5.725755848648595575e-02
9.483938656939096268e-02
1.171655450208884536e-01
1.030280247221957296e-01
7.978416758464274006e-02
5.961877240303955355e-02
3.931440712557095901e-02
2.163521627124292968e-02
-1.357412395547635776e-03
-2.016156204212826361e-02
-2.943069456927648389e-02
-3.220348244200042093e-02
-3.433027357380322858e-02
-5.509175952355597344e-02
-7.628022714697631212e-02
-6.981086478807159434e-02
-6.173173416889361775e-02
-5.784883904039247321e-02
-5.236354129217773989e-02
-4.506306410359229436e-02
-3.295094463961072834e-02
-8.337003198363598933e-03
1.440320947602329905e-02
2.746564689139598808e-02
3.771613828372247235e-02
4.737617587771545541e-02
5.484553668199022847e-02
5.758818555609759859e-02
5.555218721813222349e-02
4.824494566576750104e-02
3.868930475276805003e-02
2.508714626740645923e-02
1.053256536192240939e-02
4.761488275952645635e-03
2.481544432227209343e-03
-3.597641907928950285e-03
-1.157517929910191826e-02
-1.746739110843905859e-02
-2.187226964190787729e-02
-2.660642237223248205e-02
-3.150322047164996753e-02
-3.426954461898482074e-02
-2.725798092337212986e-02
-1.760230258603689632e-02
-8.331215909352438290e-03
3.956544018137975703e-03
1.872075255714187453e-02
2.162364169322060492e-02
1.581921629381899744e-02
1.290971311315608321e-02
1.605957668677603783e-02
1.716374633434698468e-02
1.566619135321220199e-02
1.276360285552365949e-02
4.784908006548459734e-03
-7.067354664872229839e-03
-2.405580626985908202e-02
-3.148954142489631541e-02
-2.415208571431748386e-02
-1.720230320788887490e-02
-1.357758129696354579e-02
-8.768719926676682777e-03
-3.142249906388391162e-03
2.457087499185238878e-03
5.844906358640715623e-03
9.018851067314903255e-03
1.240223551051507569e-02
1.574383121747881253e-02
1.716727883543171795e-02
1.961071735170232672e-02
2.146212371809094049e-02
1.560132862052867296e-02
-5.006313149004009734e-04
-4.094063533770713609e-03
-5.833797770123188252e-03
-1.388859171161527586e-02
-1.828587912573179444e-02
-1.859155320895765004e-02
-1.763101355230005732e-02
-1.538982951302988837e-02
-9.973904073351526692e-03
-4.126209293641797116e-03
1.183703533695755700e-03
6.441087318307331736e-03
1.230264904376458107e-02
1.675382588932268838e-02
1.600914459682163671e-02
1.319178708275201006e-02
9.602239863478929244e-03
3.211704890482074484e-03
-3.435778198650563456e-03
-6.928256797690992078e-03
-5.155572593773674953e-03
5.692167024504600020e-05
4.203683806793804233e-03
1.616051602628238836e-03
-6.913420293135106448e-03
-1.499561742389302760e-02
-1.450813227419966815e-02
-1.145387170866018524e-02
-8.540986346107629079e-03
-4.838474251720592881e-03
-8.851771281966718235e-04
3.784421023794348488e-03
8.647637815027593711e-03
1.280283616544347636e-02
1.457540011400471763e-02
1.265184053397046433e-02
9.674618555917212717e-03
6.830947666746189050e-03
3.915807516267207251e-03
1.457780522112624069e-03
-1.354330852048186507e-03
-6.546288206994626234e-03
-1.125665292469543374e-02
-1.166807656167068163e-02
-1.131362389963647130e-02
-1.081073103244586421e-02
-7.914004983366029755e-03
-3.267758918333031962e-03
-7.573306527683020461e-04
7.234840312047172367e-04
2.806752494855670795e-03
6.644168550880791280e-03
1.139908036204802591e-02
9.821555569122657897e-03
3.678461023171822591e-03
-7.649818997986419268e-04
2.527015988743472265e-04
2.422446440675576733e-03
5.313460360341797951e-04
-4.210538362090140638e-03
-8.670711811474688877e-03
-7.806150960885307501e-03
-5.656263284756138723e-03
-3.927306934691981131e-03
-1.949549768866194093e-03
1.783116356056916219e-04
1.786430894308762771e-03
2.673156310214913969e-03
5.130619607387891176e-03
9.535047183271427168e-03
1.020832685810231164e-02
9.016972077376216380e-03
6.844371170868179984e-03
4.092289767268591366e-03
3.555379666227967330e-03
3.660167177128751097e-03
3.558153055377471369e-03
3.601309696289270619e-03
3.789171110359352765e-03
3.829561878081402283e-03
2.336441313201923897e-03
-2.574246279842347840e-04
-2.850375125272264394e-03
-4.948199748180250740e-03
-7.761656479137161828e-03
-1.101306066904384796e-02
-1.221441167624376725e-02
-8.209757999715610460e-03
-4.987936627403636095e-03
-3.126714417575313792e-03
9.525351595187792758e-04
7.143927262853664618e-03
9.411635124098361588e-03
9.407801984623436961e-03
9.278001359658831493e-03
7.253622695474303515e-03
2.487211465882294137e-03
-3.454041980854615987e-03
-8.621782913471237597e-03
-1.205139050916314777e-02
-1.282711271545133175e-02
-1.283538027118156198e-02
-1.124853568816030006e-02
-8.065902530009614116e-03
-4.762202292129346856e-03
-1.754751123942473612e-03
4.616798534713871462e-04
1.927062017279969558e-03
3.465135537452633009e-03
5.357669235619261748e-03
6.720327771075716196e-03
4.909733066155418275e-03
1.056961904351334846e-03
1.191452488202907316e-04
3.618303281294770368e-04
2.106640843700313074e-04
2.119966640345492110e-04
1.546446299339459944e-04
2.316914849759072403e-04
2.070293662326321243e-04
2.484017182986523109e-04
2.177824498537590304e-04
2.588819725806816574e-04
2.458650818814227625e-04
2.729766519087722682e-04
2.098132777257930926e-04
2.785767935220396867e-04
6.563552366551296969e-04
1.261027727652667355e-03
1.835810749897498267e-03
2.387745254487876230e-03
2.550029857512529832e-03
2.596681419710289516e-03
2.445227314692237017e-03
2.075577382033913509e-03
1.598283873767999616e-03
1.224906025071318500e-03
8.249141628830522575e-04
7.806977716458329884e-05
-1.510339628677620461e-03
-3.007684162939271068e-03
-4.258587892802283802e-03
-4.029824625746828912e-03
-1.229520824360737447e-03
1.036510977858648474e-03
-9.137452912244927502e-04
-3.550990345731190601e-03
-2.819056120974203650e-03
-2.045017489671082864e-03
-1.031482800782717929e-03
8.190441983145892516e-05
3.444541807724606458e-04
9.055979908503391249e-04
1.319877692532393093e-03
1.999748864068198045e-03
3.456161481505456295e-03
4.819331102225233969e-03
2.013089692632886400e-03
-2.003123529998082630e-03
-2.722513617924385027e-03
-1.187010555987847593e-04
1.110235027093032893e-03
1.445296512959977223e-03
2.194562540911428224e-03
2.798732965797347868e-03
2.832810327325403603e-03
1.644544606058512140e-03
2.969863853453347485e-04
-8.771651150981038536e-04
-1.698599388614704725e-03
-1.388551016811582529e-03
-6.409512771377609379e-04
1.563094150196240583e-05
5.902884472188889937e-04
7.001169123271863215e-04
7.725279233924152228e-04
8.221783535323217047e-04
8.084692429396498703e-04
6.797223555326606121e-04
1.034083322857862934e-03
2.064754399987067147e-03
1.850992988602101963e-03
-7.356072742891358847e-04
-1.373008012038750853e-03
-8.636514194590555991e-04
-5.954894913691788968e-04
-2.521920168029749055e-04
5.678653328865551251e-05
4.690770610620162103e-04
8.349630010751587150e-04
1.119780295981570757e-03
1.174406291479124708e-03
1.235518560245031476e-03
1.295075025341704128e-03
1.142110212412945740e-03
5.734369138527544048e-04
-1.282463244873226334e-05
-5.714932866601749387e-04
-1.732548978826929653e-03
-3.799062113396609562e-03
-5.651941607897155093e-03
-5.717104978970873747e-03
-4.970416925215303747e-03
-4.259610063328931120e-03
-3.501339915591284227e-03
-2.728706768762302962e-03
-1.922063904043058193e-03
-1.134195906791189397e-03
-3.371419035270602476e-04
4.402706421099696174e-04
1.206025934167375725e-03
2.006881509875459418e-03
2.898131533553972676e-03
3.573335294082075498e-03
3.308675803237914187e-03
2.503551162389129614e-03
1.343703284954964050e-03
-4.821503214594357678e-04
-2.356095547960606468e-03
-3.767149348277922579e-03
-4.983344375993480936e-03
-6.146115961772245784e-03
-6.051888374326892459e-03
-3.615973333770795915e-03
-9.946095022258934996e-04
1.952413349532755886e-04
1.207130780251324540e-03
2.949773693028889202e-03
4.943269278581131389e-03
6.074285934396060106e-03
5.474775404558087852e-03
4.422180272824265297e-03
3.587390138823465940e-03
2.746233986910389616e-03
1.875743044074507744e-03
7.992020645620380578e-04
-2.185430649809401687e-04
-8.091231314383134920e-04
-9.066351932964950575e-04
-9.219151394779104888e-04
-9.069132838074211089e-04
-9.687019889512557200e-04
-1.111956181876871518e-03
-8.975108181542235325e-04
5.364493727076578540e-04
1.933157460641075215e-03
2.909074770956894887e-03
3.644774491551014666e-03
3.375289754544301239e-03
2.794133198427438403e-03
2.263303508828410325e-03
1.585589417742219818e-03
5.764861387252582462e-04
-4.122022904058399682e-04
-9.523923562834389882e-04
-1.216676049139862404e-03
-1.111151974183112977e-03
3.809682164530077278e-04
2.334727674377839578e-03
3.265496614446850715e-03
2.948052538245051011e-03
2.414592262731858098e-03
1.948241991868867066e-03
8.070637584655108911e-04
-1.200373932431800629e-03
-3.195958954795864813e-03
-4.146464805180860233e-03
-4.667831901448653460e-03
-5.241630332965611407e-03
-5.908987431509749901e-03
-6.375675920561704908e-03
-5.861621853135288995e-03
-4.654085211057206947e-03
-3.411170946413497312e-03
-2.081672825395019383e-03
-4.405284395295577500e-04
1.385567180788945321e-03
3.307195159166227260e-03
5.019526206252867932e-03
5.147906314823825699e-03
4.414889791862153072e-03
3.672974372550852004e-03
2.890623089758973408e-03
2.107926072818375879e-03
1.274090465706430092e-03
3.713162209359523202e-04
-6.427881777018228061e-04
-1.659245823338811356e-03
-2.767864919084572425e-03
-3.884541123687429692e-03
-4.488117787752723964e-03
-4.012380083156043969e-03
-3.270043770098477430e-03
-2.585926081301236253e-03
-1.854067016141796491e-03
-1.061185873733506632e-03
-3.473312901665805814e-04
-6.734901217040184767e-05
-8.815318877156159548e-05
-1.176706175164079387e-04
-1.640651338905549698e-04
-2.144566376622802592e-04
-2.983941246074001932e-04
-2.775922027941668839e-04
-9.885516386635615459e-05
1.509227266633916798e-04
3.506743890654952993e-04
6.286243515439885170e-04
9.000587285110852459e-04
1.105018951023233617e-03
1.109573622634614423e-03
1.913924119628658983e-03
4.544262007120738328e-03
7.762859032697922053e-03
7.087211830544289971e-03
4.159422319798056385e-03
1.778636844043082494e-03
8.044482044708564043e-04
3.926389987601901698e-05
-6.348874008076251484e-04
-2.423273196248599713e-04
3.286075312255367785e-04
-2.075351903241270859e-03
-3.500032138593957200e-03
-3.036004299295184689e-03
-2.660461854189134171e-03
-2.184205548369376644e-03
-1.814773578543941264e-03
-1.255601204709734910e-03
-7.394855095225889548e-04
-1.063124991350233330e-04
3.532598792211307155e-04
6.502109395556181183e-04
9.910845171009138865e-04
1.902860626869660923e-03
2.745241880222762127e-03
3.243970905709234707e-03
3.463128776198113809e-03
2.928962000467974849e-03
3.265526678285870003e-04
-2.404994382125037484e-03
-2.983437676770433773e-03
-1.854946383433102655e-03
-1.571489477242300932e-03
-1.659591557487530072e-03
-1.640538599509228047e-03
-1.686679076443664506e-03
-1.586709295745678330e-03
-8.332869420498485334e-04
1.072264398412014309e-04
6.367926966054553509e-04
7.439507412128886507e-04
8.153914418737786152e-04
8.894010975788436101e-04
5.490934718030809339e-04
-3.060408620618871971e-04
-1.115909576707872211e-03
-1.308190375113750265e-03
-1.270693251897281285e-03
-1.264988638443422788e-03
-1.234037916173344766e-03
-1.201178140125559388e-03
-1.157179711721227893e-03
-1.119058763845114362e-03
-1.053489530944638417e-03
-9.946320501051579381e-04
-1.025131814789950442e-03
-1.045252039053427796e-03
-4.842592997666198516e-04
8.874544640023623344e-04
1.490925904631090022e-03
1.521981850337734629e-03
1.613466112472603312e-03
1.612541649422768487e-03
1.752443724297764139e-03
2.316493956012806010e-03
3.230712752701848500e-03
4.276851675006337200e-03
5.736962144642934747e-03
6.543988323309672152e-03
4.335205586542248760e-03
6.171459778065277371e-04
-1.603409758320742168e-04
3.991808901307282507e-05
-4.227298952343242237e-05
-4.453416601565023976e-05
-2.845820453660883548e-05
5.377067927746282571e-05
7.385708172204354181e-05
8.896040284922220390e-05
1.527926974503745366e-04
3.386278087705751785e-04
1.770895405495685781e-04
-8.677175536863776170e-04
-1.518411769454226356e-03
-2.667782398990264925e-04
3.538912198405301155e-04
2.939942817669670763e-04
3.838295423316426757e-04
3.494598099691269689e-04
8.519641020404126899e-05
-3.350133837245138600e-04
-6.859170095625291260e-04
-1.099449624844960668e-03
-1.501425700408481889e-03
-1.910722320773133864e-03
-2.079004659682081278e-03
-2.254584995512895224e-03
-2.797267353645170856e-03
-3.648772982140543585e-03
-4.321293545036198822e-03
-4.069388637895855233e-03
-2.724723310092283090e-03
-2.298696163313547827e-03
-1.749271989281257766e-03
-7.353164066466269261e-04
2.889503211755515031e-05
1.725964998081764938e-04
1.072211786693731016e-04
1.034143450535900940e-04
6.767791056926988349e-05
3.711583857811024431e-05
-2.958432078666366094e-05
-1.066116343332625523e-04
-1.282410633154943075e-04
-4.318993661351243818e-05
-2.722476038125611324e-04
-1.524454601097048828e-03
-2.732329461364094419e-03
-2.980679319540438781e-03
-3.022220029104965341e-03
-3.074711492032168852e-03
-3.191937916327070805e-03
-3.415379883876160268e-03
-3.303189152616943600e-03
-1.827505614368494765e-03
1.260373839154003618e-05
1.107063292076526520e-03
1.262899201631601225e-03
1.167318741430391346e-03
1.195781681021645688e-03
1.220268677902635115e-03
9.778714598520559052e-04
-1.483417460836090761e-05
-9.125502536234867236e-04
-4.046419864885326977e-04
1.243725988297223134e-03
3.109931279442947321e-03
4.829943637398946728e-03
5.634715028139258494e-03
5.723253034050262804e-03
5.692835944922772229e-03
5.666725500734755804e-03
5.659713110283570714e-03
5.659893493317684487e-03
5.303967703171542404e-03
4.288351093431111080e-03
3.093118077471562321e-03
2.216899973302557513e-03
9.225840598960837000e-04
-4.181203571167333897e-04
-1.637118837820815019e-03
-2.178125136927780252e-03
-2.305475559012336393e-03
-2.370451031092186533e-03
-2.420424647501547618e-03
-2.428586979795210616e-03
-2.418726040596973215e-03
-2.382641917814397846e-03
-2.339124510834371048e-03
-2.268880350966438232e-03
-2.192330300864265939e-03
-2.090631849422686182e-03
-1.978771820392678966e-03
-1.840222618273539218e-03
-1.719448660974392997e-03
-1.592556712434877115e-03
-1.349084712139368052e-03
-8.212238266434679183e-04
-2.764956242659482081e-04
1.921830909290660476e-04
7.049030754990138299e-04
1.388235346501882992e-03
1.974412563734921199e-03
2.138651316295811251e-03
2.004408759116145435e-03
1.829790466133940016e-03
1.658930153029111601e-03
1.466709482301271905e-03
1.182425820537447419e-03
8.144519469044343100e-04
4.577347261961166465e-04
1.471286701791917420e-04
-1.304229464322994669e-04
-3.686623355465486239e-04
-5.482208688755539497e-04
-6.183365058316808325e-04
-6.295059736232211465e-04
-6.136270054493518514e-04
-6.626573689094911526e-04
-9.054326397357345072e-04
-1.098998667259675367e-03
-1.063951746923256147e-03
-8.639069620907172120e-04
-6.813315225161534726e-04
-5.964094448431607898e-04
-4.572461888120575883e-04
-2.538703306162115527e-04
-5.600359576100276518e-05
8.141813723532631889e-05
1.658682126357205054e-04
2.103972677987375024e-04
2.194246870601728253e-04
2.009970569334663644e-04
1.866468349737140865e-04
1.722695555588446830e-04
1.515285130196248589e-04
1.256751146552212222e-04
9.527155425528934559e-05
6.093759786120627765e-05
2.319177153645253297e-05
-1.736081479911664224e-05
-6.015022591729823393e-05
