1.803891127988192485e-03
1.877909162359647083e-03
1.496593696482628787e-03
-4.081640295677857293e-03
-4.317852210735754754e-04
4.783497597781809565e-03
-5.571655857692098127e-04
-8.470890504279387362e-03
-9.489499803872699507e-03
-3.871380363011077148e-03
3.726180664063306891e-03
-3.972992910304732478e-03
4.903121894509003195e-03
7.403077399850059408e-03
-1.404884406439798131e-02
-7.143461427810237144e-03
7.532669052580509908e-03
9.871287998048908566e-03
4.592531389597218593e-03
8.675365524539131734e-03
-2.118519854303225894e-04
1.365479698381905213e-03
5.446703352168950907e-03
-1.325209657166173194e-03
-1.472596726040703227e-02
-1.028881124670624758e-02
1.055602292090932273e-02
-4.417597881864812615e-04
1.206891372519792137e-02
6.386415099861884707e-03
-2.118111224756468944e-02
-3.440997302146963158e-03
3.008931649031495667e-02
5.134494353758244783e-02
5.824172892900018536e-03
-1.415620947472245351e-02
-1.339824172720788416e-02
-3.151126718958991574e-02
1.275212630268806116e-02
3.992374770571516240e-02
2.772847931478463531e-03
2.663960175783717035e-02
2.630652861550967727e-05
-9.193443691074988655e-02
-6.935805506961029870e-05
6.381439434204308481e-02
3.071131475923204179e-02
-6.996995778501924335e-02
-1.197364695439508478e-02
4.292829660254908475e-02
-1.410525096653859889e-02
1.561469646288394901e-02
1.754943718161907848e-02
2.280569512796695730e-02
-5.166135100427748927e-02
-1.879223186784513902e-02
5.823307559742179479e-02
-3.242146947413172137e-02
-7.190485875063545862e-03
4.416972919028595151e-02
5.674181812207916738e-03
1.966429539468959875e-02
-4.172396116778254171e-02
-2.320759430571886842e-02
2.614299667336620822e-02
6.570819198266195441e-03
-2.852450569655601634e-02
4.901527438042244111e-03
-1.053454983884442864e-02
-3.302616107989202882e-02
2.422187693952298528e-03
1.154114062235664373e-02
3.745786869963604881e-02
-3.027952953815846518e-02
-4.767360736856922354e-02
-1.016742423428716041e-01
-7.097382437155308477e-02
9.069172234796438192e-02
1.200072867729782555e-01
1.083316990173943950e-01
9.377967974640111226e-02
1.095239358126393059e-01
-7.433155739429020414e-02
-2.025184058417420219e-01
-8.891298196796189324e-02
-7.077271453579604688e-02
-1.152127000910256188e-01
-1.515679100019412251e-01
-1.437718992373357152e-01
-9.093529760720796273e-02
6.472235317024976160e-04
1.110599021678036202e-01
1.710419122253467594e-01
1.670830130282331127e-01
1.692046817337496123e-01
1.324031842590225883e-01
2.505203590696468072e-02
-7.811586761446574767e-02
-1.451452150082025161e-01
-2.353289547431391682e-01
-1.709441616278871701e-01
-6.917240905787759575e-02
-1.377882806977598178e-02
4.328428504887120443e-02
6.967526377071073251e-02
5.406104804847002010e-02
5.479802345456294410e-02
8.590354554125499698e-02
4.182780114672322858e-02
1.803041819518461791e-02
-3.894039271995974102e-03
-2.328042651317032211e-02
4.721594227620101725e-02
1.482395822818825259e-01
2.309125507005383993e-01
1.981492746290602625e-01
2.002156581606037017e-02
-1.984761782664661196e-03
1.284899554230171069e-02
1.465329529983666135e-03
4.296066647252751169e-02
6.870216458534451030e-03
-1.081538249793941447e-01
-1.244036599554438349e-01
-4.839263512398103706e-02
-1.792529624119527931e-02
-1.302767081470736568e-02
-3.733768353882507135e-02
-6.362714586149958995e-02
-6.808080730395174585e-02
-8.878798940071847001e-02
-9.471071412548349999e-02
-2.936067392203826204e-02
3.302872502998933230e-02
8.770872665663588530e-02
1.097867406976126420e-01
6.476954587672820174e-02
-1.597372959994661354e-03
-4.600615844747770605e-02
-3.289043197161616028e-02
-1.066426968907974518e-02
3.472862394449980489e-02
8.290933256825080977e-02
4.451417986117021941e-02
4.756423887223122648e-02
-3.182567157027143320e-03
-7.672107876153407002e-02
-6.509140173738001134e-02
-7.723643273109155605e-02
-2.260426479844775474e-02
3.156062322896295569e-02
2.993684158296609256e-03
-2.452834909959097920e-02
-8.676807746468864074e-03
1.942729025757035030e-02
1.943938889709198939e-02
2.582130105959548616e-03
-3.337173347894385744e-02
-5.071533354181401165e-02
-3.804389154375038135e-02
-1.156012987776477811e-02
-1.962319206969224614e-02
-4.826644070512950413e-02
-3.968978725933645924e-02
-4.433189903394023357e-02
-4.037604452756714951e-02
2.565744862368985260e-02
6.314768719330432489e-02
1.948578036916502609e-02
-1.430275524747130766e-02
-2.079475701727766593e-02
9.113800991177581010e-03
4.527543266974695668e-02
7.571961587821646189e-02
9.420914138769902191e-02
9.245443803985874121e-02
6.430499016847351923e-02
-8.092547618046426819e-03
-2.173869127028708881e-02
-1.439537794473630221e-02
8.576092581709264528e-03
8.383075213446831639e-03
-3.951984544194973165e-02
-4.291203154411932924e-02
-4.117487522975744885e-02
-3.757821410732811035e-02
-3.233117035664240940e-02
-3.978793847399875877e-02
-1.255886856410401084e-02
2.872801923552927711e-02
5.574732597808858964e-02
6.582020455253778657e-02
3.463560063003210537e-02
-1.426774130395504214e-02
-3.202221436991765230e-02
-3.104478851876223480e-02
-9.896286511497593211e-03
3.377459413798226256e-02
7.913223345772392101e-03
-4.477898783215707168e-02
-5.617005725038107244e-02
-5.002346763274547609e-02
-1.532881602703490068e-02
-2.157620093287064555e-02
-3.647876025622927287e-02
-2.965753126924138092e-03
2.701193538602957717e-02
1.774413714213286461e-02
2.330662687822711299e-02
2.517326267250269076e-02
8.876154866534006690e-03
1.589913467680326500e-02
1.386015336192474544e-02
3.451910114748599906e-02
3.994169535639626595e-02
3.575083879891744615e-02
1.780719428983836006e-02
1.705539604724541766e-03
5.116931295591734159e-03
1.435619758231192200e-02
2.609900890450938746e-03
-4.588685464451267709e-03
-4.415162129272376829e-06
-1.168632429661630584e-02
-2.314974518164851849e-02
-8.503821238341594674e-03
-2.779233769689553289e-03
-3.709747346408419529e-03
1.944676025362172822e-02
1.612275919935222609e-02
2.279768278391289260e-02
2.137132529540819795e-02
1.342973023934035913e-02
7.563756947510283379e-03
-2.972315236704417465e-03
3.852807749493753712e-03
-4.414112512201293949e-04
-3.653332431923746355e-03
3.059729910334269085e-03
-2.215244871723901637e-02
-3.914574909806543129e-02
-3.540622788115210806e-02
-2.694174725211596552e-02
-2.143021602420557697e-02
-2.755685490514655708e-02
-1.126687808538599095e-02
-7.692603452243707007e-03
-7.841232434446615898e-03
-4.166058352631488507e-03
6.048157970931411845e-03
7.383911872872735843e-03
-4.045352389456995622e-03
7.765283425158131352e-03
9.108192350339735718e-03
-2.197922183879012867e-03
3.458263903583474151e-03
1.429466277997670266e-02
1.194408140483558395e-02
5.374023379254525695e-03
-4.785428572698839297e-03
-8.710139097733774621e-03
-1.195553905683289717e-02
1.189624771083281490e-02
1.468935084807995554e-02
5.295903024727388782e-03
4.760269812369074052e-03
1.354414651243241157e-03
-4.848549819156764730e-03
-1.229197738366309689e-02
-1.356105255838649035e-02
-1.140605250160510280e-02
-9.026947181631514092e-03
-1.068141610535544399e-02
-1.448383422309318207e-02
-4.658993783525689804e-03
1.493012178690461458e-03
-7.567474675151369089e-03
6.356857562646436866e-03
4.412333771821291828e-03
2.093673575391569869e-02
3.822473014905063138e-02
2.467930166156956720e-02
1.973504439268699770e-02
1.785326526814923209e-02
1.845795687390953607e-02
6.134659237339100402e-03
-2.208851021168757936e-02
-2.283469981344267083e-02
-6.333365369879918015e-03
1.726547970834301123e-03
2.934320701200040116e-03
4.313741878236018908e-03
4.354989425426347011e-03
4.808656358111574811e-03
1.481065773705850241e-02
6.527304157708566958e-03
-2.546715545240580292e-03
-1.118603353388047256e-02
-4.797270817210747169e-03
2.208153947236053943e-03
-1.105439072107218014e-02
-1.485360390118829234e-02
-1.406382714777908334e-02
-1.270349137427988911e-02
-8.265534126173694485e-03
-1.084735175071513402e-02
-1.684699497839918167e-02
-9.506245602945696815e-03
-3.311309501287863343e-03
6.061554610189808434e-04
7.272267870823390622e-03
1.097594987278288289e-02
3.759015249996866623e-03
9.816403441278561889e-03
1.359326218148382975e-02
7.418044458543053728e-03
1.315122116002105136e-02
1.554859462443791175e-02
1.197028176989237656e-02
8.267136594984509160e-03
6.492642757330681531e-03
-1.255934930474725481e-03
-4.031691342844814611e-03
-1.039601641014964092e-02
-1.135365177149151757e-02
-9.779546658629862527e-03
-1.065457475277432550e-02
-7.957651793552183647e-03
-1.059512315989316091e-02
-7.210885303025195425e-03
-3.468247284274839169e-03
3.576093435242557513e-03
-9.828261710478577474e-04
-6.881497838962574200e-03
-2.422099558167703937e-03
-5.235209518517845197e-03
-2.102855721677528763e-03
-2.851505113057221843e-03
2.252269913597737061e-04
7.357775606568374080e-03
4.598700894518848586e-03
2.588171413376313870e-03
-9.774579005316342238e-04
-3.172151109756858665e-04
4.742923087492023626e-03
1.758172692815696426e-03
6.448799210666835389e-03
2.371421482025741229e-03
3.301838910615958154e-03
1.161998208784864421e-02
1.436292795131733843e-02
1.885336605297765686e-02
1.245558944924710955e-02
6.088900740446333976e-03
-5.241114616085690986e-03
-5.680647773859547230e-03
-5.436006872856774010e-03
-4.159928909430128663e-03
-9.478522892518631560e-03
-2.216895414599039105e-02
-2.355412818605719105e-02
-7.976184345349236066e-03
-4.940082837630406162e-04
-1.293769219098021362e-04
-2.050911695175023763e-03
-1.436765523430923609e-03
3.198231289652840939e-03
5.057768147096516204e-05
9.099779389082966047e-03
1.361874143557575967e-02
1.225904664960088784e-02
6.679787077401482323e-03
7.622912083661446611e-03
1.371448894702183632e-02
1.216009420053318184e-02
6.470368440860379232e-03
6.619654435275722573e-03
4.989743346077502202e-03
6.369124461393211277e-03
-8.264091904243962578e-04
-3.803219352143144549e-03
-5.704091892561742941e-03
-1.021293434851424861e-02
-8.949628061509784516e-03
-1.027911631040082791e-02
-9.339989463823843846e-03
-9.906702558767877323e-03
-1.177333835304345509e-02
-1.524604851295640641e-02
-4.148278961175517685e-03
2.048972707913939741e-03
6.086408901445519541e-03
3.928067697193588816e-03
-4.743892581122564553e-03
-4.822669947862134182e-03
-4.925292050506601890e-03
-6.462219886957395500e-03
-4.253248680627826073e-03
-4.463933267529472323e-03
-2.065830679803693209e-03
4.177507992284747868e-03
6.617723460358692841e-03
1.186379771741385113e-02
1.528378665345105428e-02
1.190089487038417312e-02
6.761913603955650720e-03
8.357435712473822859e-03
9.635885329740471322e-03
8.653892442474236555e-04
-4.206080011181544467e-03
-5.161343718683417126e-03
-7.067776825875537669e-03
-5.593842038377804318e-03
-8.269460174760186535e-03
-5.076749390160597598e-03
2.802749999488235010e-03
4.573085430578002243e-03
3.005959069387437524e-03
1.844097070451492133e-03
-2.172891621054112796e-03
-2.276306945759933118e-03
1.750376682051090946e-04
7.486574037237472617e-04
-1.910295057026178923e-03
-3.459946495834827392e-03
-4.101318612674641553e-03
-4.338227601665241989e-03
-1.147079224156195192e-03
-2.533030461596236845e-03
-2.042050042651227717e-03
-7.334427635994828117e-03
-4.907720979996036542e-03
1.328470681196178022e-03
1.090776482488278612e-03
1.282175357251788897e-03
2.363569384852757128e-03
4.756904627866366704e-03
5.857608404637633121e-04
2.107382696068075233e-03
4.619124359512661454e-03
4.932895765013909500e-03
1.859144252585026537e-03
7.187409134946784938e-04
-1.095511777824231207e-03
-9.676828407856744637e-04
7.860606282369347539e-03
7.862096578363403018e-03
1.924484918345928559e-03
-1.302630871621817624e-03
-3.217012224115569849e-03
-7.159293819661070521e-03
-3.267273658366721175e-03
2.067016506723695201e-03
3.885041409623258592e-03
2.308380359008356097e-03
2.030159724074994971e-03
8.802200930914985113e-04
-5.882222325571720943e-03
-3.728063564916012183e-03
-2.033212427159593674e-03
-5.886597065425240886e-04
-3.345345938829532781e-03
-8.223709690211473966e-03
-2.608122150070936625e-03
-1.055498131618229536e-03
3.470642975147004289e-03
7.964213903332463887e-03
1.661864317285832249e-03
1.482972711590717710e-03
2.290224387381844043e-03
2.617520629646354936e-03
-6.129066621189362607e-05
-4.390339887392882341e-05
1.352179207252156854e-03
-3.935423029035220802e-03
-5.713907014027972200e-03
-1.689170385822086774e-03
2.506405442304578124e-03
1.637779211059311969e-03
2.569791096116288195e-03
4.357633498964188189e-03
2.048331720389614738e-03
-5.279702065050068897e-04
-1.465730147186369370e-03
-2.532221214846776085e-03
-1.750392706739198985e-03
-4.145514702476865189e-03
-3.433609920929115312e-03
2.557852703475731009e-03
1.774253467332205427e-03
5.075170958381945577e-04
1.302855217255331245e-03
4.990672777987773846e-03
4.783185116363701354e-03
6.025114469431920236e-03
8.348542010573809652e-03
5.456774868644911382e-03
2.955176832772772079e-03
3.098926297446756139e-03
1.239389440003080657e-03
-7.674118974510978596e-03
-8.055610711957185421e-03
-4.577588367936386710e-03
-4.123937459939267490e-03
-7.922373442682133921e-03
-8.443728657936105941e-03
-5.216805164225657085e-03
-6.255477373330349880e-03
-1.487748068646940671e-03
9.254818246529129301e-04
5.813220018578111074e-04
1.325017360908875867e-03
2.482104002788598188e-04
2.497207271330511322e-04
-9.415145251050974912e-04
-1.605906106412240825e-03
-3.659325665276186735e-03
5.455565004692747183e-06
2.506092960886469913e-03
2.470261758276689774e-03
1.514236878089680362e-03
2.315952024139447413e-03
4.047387524846728091e-03
1.415476725279272334e-03
1.257272991931754217e-03
2.445968331104764019e-03
2.879772662879964088e-03
6.817343000121673735e-04
1.292735626715046980e-03
2.937557688197882291e-03
3.697159953899482616e-03
4.850897435964606277e-03
4.728452794130381422e-03
5.086764820228178476e-03
3.671448341829987392e-03
-3.015253388490153044e-06
-2.004768605767662248e-03
6.677503559346073851e-05
-1.458991765836900384e-03
-7.329027316102388299e-03
-5.928950316095029163e-03
-5.827121435511914286e-04
1.104229208155054149e-03
-3.984674907935559750e-03
-5.659038481945734105e-03
-1.678778375583964014e-03
5.505321661268492496e-05
-2.679351888711576507e-03
-2.296401904647528327e-03
1.131591363099686970e-03
-2.013638270635512151e-03
-6.749726828649417476e-03
-5.640473880772464525e-03
2.299462620076181320e-03
6.644468664811162446e-03
7.999259896224944835e-03
5.503246464158489254e-03
5.220298546233229607e-03
7.294237718219637699e-03
4.130739940041168630e-03
3.307319353948938814e-04
-3.884704891172987727e-04
1.315963412127782060e-03
-5.128581243846344270e-03
-6.611425757932197673e-03
-4.405579365783714695e-03
-4.190287681050981240e-03
-8.775039084571703476e-04
-2.021041676541468577e-03
-4.002911003002612537e-03
-6.821861962168166565e-04
4.230982376501579148e-04
-7.919513035854832978e-04
-5.776010692791032212e-05
-2.738907642065443408e-03
-4.768458427992328802e-03
-5.617975218668649906e-03
-4.515869281687922600e-03
-3.379590697316607259e-03
-1.091882185967739654e-03
9.280297500621056614e-04
9.446713886623991484e-04
4.384603049050171848e-03
4.758827590439342579e-03
1.666856007631514758e-03
-3.569835794536332062e-03
1.665966637441513697e-03
9.137838023339776850e-03
7.878337599760991752e-03
2.264192281550185884e-03
-1.330778236283748769e-03
2.500115752222137246e-03
4.477121585842462788e-03
5.417931024670802689e-03
3.053055627737232686e-03
4.966699844578011244e-04
-6.199911767315407184e-05
6.404178466629746515e-04
2.630148083875561565e-03
-8.074840337686943524e-04
-1.923194930953223830e-03
-3.091346619971610532e-03
-5.630242117415423450e-03
-1.118338946034263051e-03
1.219438703308458119e-03
-3.439547067873177828e-03
-3.365681268038750625e-03
1.086626088268272941e-03
3.777748110395270876e-04
-1.329135705752665462e-03
-5.706022867478772673e-03
-6.166940971532928854e-03
-1.952231665805156469e-03
1.439834251203630730e-04
9.052105941961278903e-04
2.325190256833784691e-03
4.444455259134038813e-03
2.991825294476065968e-03
-1.284931603606387536e-03
-1.095832271586393925e-03
1.829186098166876544e-03
1.430251487714968676e-03
-1.840499527971216657e-03
-3.770697247627693895e-03
1.649485245722301244e-03
3.500160450642181113e-03
4.211336108881011397e-03
6.235318315690322518e-04
9.745734566721705734e-05
1.077219596348800339e-03
-2.550321100064909842e-03
-2.686226479909964091e-03
1.899590565369947736e-03
6.208076345906499496e-03
3.480073504098639327e-03
1.278113098816378032e-03
-3.550109403475223795e-03
-1.427663500585505578e-03
1.681726918195860197e-03
1.765936654204085720e-03
2.235283744203118853e-04
-1.124195969537784617e-03
-2.462377611727489812e-03
-2.105603955688073112e-03
-9.144648515785732063e-04
8.766225506112231437e-04
4.403504168673711317e-04
-1.500960423992094223e-03
-6.014506125904337929e-04
1.494630672189382762e-04
-9.137757899899236549e-04
-2.078730553730738333e-03
1.714056726454013090e-03
7.390209575299230360e-04
1.657601750249069550e-03
3.168193011794150429e-03
2.821715217864207391e-03
3.808643709067746803e-03
2.014343356912269740e-03
-5.420110382253508479e-04
-5.462407546514919110e-03
-3.281936247985660273e-03
3.317495030897601917e-03
3.296590825260545623e-04
-4.825946996580246506e-03
-6.835587107532781030e-03
-1.082435632327996902e-03
4.592042636609920334e-03
2.704775056395125089e-03
2.096157402048330197e-04
1.301437032357761776e-03
6.180433758919974107e-04
-1.729312229532953401e-03
-2.526340154311092732e-03
-2.771886450191976027e-03
-5.242412615822449572e-03
-5.499088057594430159e-03
-2.684495813594286410e-03
-1.526712097781859814e-03
3.692801238734071795e-04
1.044713516521457832e-03
-2.532734004866236347e-03
-3.494247340730280600e-03
-2.386524750567654146e-03
-2.773512956034950971e-03
-4.605944053543723979e-03
-4.498674791347898917e-03
3.478078430429177009e-04
1.381624571650846801e-03
2.989966430655523113e-03
6.379091817396467280e-03
6.836003749423592846e-03
3.053544380724530511e-03
1.894967442850752169e-03
2.425785236432573787e-03
4.112007079642764594e-03
1.667705316101245885e-03
-7.336767240458615157e-04
-3.864177265706472447e-04
-1.411494590284401987e-03
-2.595494695841729562e-03
-2.825937723180699506e-03
3.400831421403934310e-03
4.051642079539436933e-03
1.779789997073564492e-03
1.364870760233796449e-04
-1.005396944248159678e-03
1.778211565294913446e-04
4.121605867819534523e-03
4.808175617468330408e-03
1.126832030731572128e-04
-3.153258002477372403e-03
-2.665346311305070558e-03
-7.470861830547450774e-04
4.115292140704930775e-03
4.369587916292853522e-03
1.571685384957328133e-03
1.819627371710376548e-03
1.122737722919944997e-03
1.769582270748685203e-03
-7.279430906407724413e-04
-8.026285532719307659e-04
1.505006657739397158e-03
4.242536176627541462e-03
1.507410360955616785e-03
-3.838049011746166059e-04
-3.273723595330243195e-04
-3.551711872286036518e-04
-1.633724964967955178e-03
-2.488738223665364329e-03
-1.175987761503262440e-03
-1.601899934385208040e-03
-2.224082487215535767e-03
-4.596048808636953552e-03
-1.557351301444605393e-03
4.173341573376634049e-04
2.189389037461433180e-03
9.338787612215732623e-04
3.903670109548960324e-04
4.062771225430533684e-04
-3.382787622594179825e-04
9.458732402705089621e-04
-4.979639780225326735e-04
-1.140012336700509631e-03
-3.020100856642862503e-03
-2.289014523429680481e-03
-1.757387483098398102e-03
-2.605237706211472812e-03
-3.521433224105724458e-03
-2.643344414532607187e-03
1.259804892652838964e-04
2.737970197811117473e-03
2.169822893281405946e-03
9.850455903508339040e-04
2.134752863356762507e-04
-1.181083612321647902e-03
-3.424323614170453594e-03
-4.263432369920543141e-03
-1.971685637168426458e-03
-9.275089476985914341e-04
-1.618020770621987408e-03
-2.039950808509062661e-03
-2.130514333352161865e-03
-2.109834473348619517e-03
2.356839015847342431e-03
2.913104014144875503e-03
3.869866029984859123e-04
-1.501040547432634957e-03
-1.175571119612451112e-04
1.834089652727964679e-03
2.414199386930395395e-03
1.616410289467120178e-03
8.655094294082346477e-04
-2.421843163157973914e-04
-9.197129369339859817e-05
2.237134595679608068e-03
3.472021098324303608e-03
3.538002751609530851e-03
2.874508552836442868e-03
2.188772086969270180e-03
-9.021739157996370626e-05
2.600446324467141704e-03
5.847352604248429175e-03
4.492529323458430493e-03
-1.568127904197323024e-03
-3.135118055538968929e-03
-2.055174262211786462e-03
-2.067865815193425678e-03
1.269499828958257719e-04
6.395196628945139803e-04
6.101488132955269804e-04
-7.295760063589909255e-04
-1.072828831807172683e-03
-2.535722609198402897e-03
-1.605168970759266725e-03
-4.131877692896845531e-04
-1.817279754902535434e-03
-2.953574363961959139e-03
-2.295584645554013710e-03
1.217283382757914766e-04
3.299547380216495771e-04
8.004115376721708964e-04
2.249858198037463144e-03
2.303132273652943457e-03
2.284888166241836813e-03
1.751642632411633293e-04
-1.727156908982409832e-03
-2.916693544281096472e-03
-4.238938634147266203e-03
-1.381392213673278890e-03
1.216305876783318682e-03
6.791639400396232802e-04
-1.722982477730241940e-03
-1.710234838340224210e-03
-8.647081950028281776e-04
2.366309606519247620e-03
2.151795119159759066e-03
-6.540268130388044018e-04
-1.594841059273576769e-03
-2.604789014944445570e-03
-1.717141478914828304e-03
-2.962299806636836154e-03
-2.260602751413964915e-03
-5.910385714921760668e-04
1.329095644032394878e-04
4.587459575810995242e-04
1.566501398354347863e-03
4.137983099066044022e-03
3.991805894143677681e-03
1.548337414383781953e-03
1.472644800105027659e-05
-1.250294240260663462e-03
-1.029353852969814784e-03
1.340320938052140239e-04
-1.154827160856476123e-03
1.666864019975568885e-04
1.544619686742695593e-03
1.755240174891908606e-03
2.875710404444553007e-03
3.486819897792162604e-03
3.304891613700557292e-03
2.643793105799634863e-03
4.275891564924614338e-04
-5.179884282824524051e-04
1.136478892972666742e-03
2.827500130271242296e-03
2.016218245420921176e-03
3.920215600020605039e-04
-8.650527257971528990e-04
-1.212363803508718539e-04
1.660374021291776336e-03
-9.451921910259134842e-04
-1.466435233463127177e-03
-5.128372922900939664e-04
7.721271619269151837e-04
-8.631938619766098275e-04
-2.815569749974739400e-03
-1.741979745482430397e-03
-8.843704873115042236e-06
8.104646257568063955e-04
2.301994520797265959e-05
-1.303055525856682971e-04
-8.686903299976985590e-06
4.403215724287765000e-04
-2.724269089478666096e-04
-1.846556860076090057e-03
-2.111925695146730283e-03
-1.422142995532254661e-03
4.476704943951651081e-04
8.116504526768081708e-04
-1.004050870447076652e-03
-5.041839607117033946e-04
4.986858902218039473e-04
4.494580483536270567e-04
7.601919742239796052e-05
-6.359341389303197227e-04
-1.178631835041104052e-03
-1.077668287615828014e-03
-1.177758489539210921e-03
-1.118915834806155900e-03
-4.227729364815628393e-04
4.020986851188583316e-04
4.911382621228745256e-04
4.752850381775009696e-04
8.356954971830580028e-05
-8.286286097273723060e-04
-1.863999733081790015e-03
-9.699984082172993924e-04
1.028007779168731622e-04
-9.285986264899442205e-04
8.380992003992774404e-05
1.352083059123508190e-03
1.197965621243563374e-03
8.277071901611549520e-04
7.220620301050885469e-04
-3.260222795599143652e-04
-2.633601404162863938e-03
-2.695544836044842102e-03
-2.078866763579657363e-03
-1.258763287925810347e-03
-1.049144342783355746e-04
3.679332488379187787e-04
-9.415866362015839347e-04
-9.987627233713936448e-04
6.946477949241043571e-04
1.050682712841736425e-03
5.628182944993528327e-04
4.142606221585239806e-04
-1.316139683696971620e-04
2.061455939950173699e-04
-4.255500149307018740e-04
-1.410060380698724154e-03
-1.331355125055641402e-03
-3.208703423331504161e-05
4.979735928353974965e-04
8.321380164230530291e-05
9.478122275315926590e-04
3.169146480736583860e-04
4.734974842190390210e-04
1.498612807184253109e-03
2.949656327719520944e-03
3.494022995096766979e-03
2.250459123841518430e-03
6.516904135126390775e-04
4.204902196605596874e-04
1.011734708394925212e-03
6.406822540167587477e-04
5.215250769479167934e-04
-6.966124216861612406e-04
-1.271887507486369308e-03
-4.144400986653349857e-04
-1.131959930926174128e-03
-2.633825749796377884e-04
-7.973396049618422217e-04
-1.626105225772539204e-03
-2.353954571987879052e-03
-1.626826336737404941e-03
-1.773716640280582945e-04
-1.921560412766194813e-03
-1.791992797067905666e-03
1.107666503754248157e-03
3.063303415782382341e-03
1.988527584370071874e-05
-1.175210564130018190e-03
4.689288456394110011e-04
1.103083442955322957e-03
-9.995639577768000066e-05
-7.094049302028816945e-04
7.376628652127590084e-04
2.206984145004160531e-03
2.255490875907471306e-03
9.952372919876048291e-04
9.102423462620808743e-04
1.972711217207346983e-03
2.885781920920513048e-03
4.328075961748742082e-03
2.553694296911671047e-03
5.139013315804737830e-04
1.428424673270641844e-04
-1.564033596385695690e-07
2.382694850109811030e-04
1.270557458373394212e-04
-7.605164741581692516e-04
-1.411286269338996296e-03
-2.318724295182154199e-03
-2.298028410490503704e-03
-1.163256146801352857e-03
-5.640682201717869782e-04
8.790262538274426626e-04
1.807192213738467463e-03
1.471891639763945507e-03
-3.978529440046091542e-04
-1.780487071006268008e-03
-1.110574984645873974e-03
-9.651188906883736941e-04
-7.330549661472660506e-04
-1.264636336117440276e-03
-2.034598562680946850e-03
-5.080739537499521152e-04
1.682768522922888435e-03
1.994296472088998972e-03
4.304880225712222645e-04
1.555764857321900545e-04
-1.614511363926306794e-04
5.235562061656224425e-04
1.454104235963920612e-03
2.995326688827692997e-04
-7.302826951045594817e-04
-5.252355934793545090e-04
-5.657307815630055773e-04
-9.097776303069450522e-04
7.401210523685462642e-05
1.108660034416952172e-03
-2.557003395005999773e-04
-1.775014640017341530e-03
-1.474607824398273563e-03
-6.433920287758436961e-04
-9.214836649699343274e-04
-9.071495814572115872e-04
-5.701968621387415014e-04
-1.557102918778929335e-03
-1.261471460216084545e-03
-4.930299765540392112e-04
-3.062622366537786755e-04
-5.239640344779743220e-04
-1.663498835472861591e-04
-7.495836306963972982e-04
-4.396485355282350412e-04
-2.910235594973520487e-04
-1.916664870549160697e-04
1.797329018207913113e-03
8.263130422957474857e-04
-2.877360947319690387e-04
-1.885721197812360818e-03
-2.560336530132491153e-03
-2.570640404586019105e-03
-1.030611790986303003e-03
-4.441474667145926879e-04
-5.831824681471650370e-04
-5.075146921349784468e-05
-6.530597231114787862e-04
4.386069308012065595e-05
4.078283123519204235e-04
5.767966299360749976e-06
1.064247611325268772e-03
1.997172903604408495e-03
1.020588348574667185e-03
9.181024557791189408e-04
1.733422562032688923e-03
2.023493453822012862e-03
1.706453011946705263e-03
7.362286556270812837e-04
1.347323726755393376e-03
1.541238477551880315e-03
7.196086503557338381e-04
-5.593281174294020537e-05
-3.006584032223654705e-04
-2.013045357175511466e-05
-1.043599800697942500e-03
-3.737005340880349504e-04
1.984585511095472016e-04
6.514211987524225157e-04
5.012562501943480407e-04
-8.082852681741008226e-04
-1.993855793166025153e-03
-8.741948103628414046e-04
1.239549686884161908e-03
1.984144832172498197e-03
1.222106813878461951e-03
4.410018204389666574e-04
7.175534841058660773e-04
3.583977581791757366e-04
1.478373626103684363e-04
5.284854002276833307e-04
1.337444506536731095e-03
1.610817673317382816e-03
1.470185010480429613e-03
5.476276914072505378e-04
1.058270402660936024e-04
2.320174529455939867e-05
1.551277944651624063e-04
1.172278046206230153e-03
1.157992036757832070e-03
3.887981939891100268e-04
-4.034375478102926590e-04
-2.476735732272374447e-04
5.112436370577402845e-05
-5.289445075419813664e-04
-1.757435557162722326e-03
-2.320815516980264965e-03
-1.404587949709797676e-03
-4.088979602831380807e-04
-5.249006774978945021e-04
-8.864456844215071272e-04
-1.039000715210909153e-03
-9.984662666413931468e-04
-8.482668650038863081e-04
-3.508116708287867518e-04
-9.443909566205067972e-04
-5.867944328467376933e-04
-6.169785353672121650e-04
-4.063892953598102873e-04
1.419691218251710593e-03
1.236144440661184193e-03
1.578640099596256884e-03
3.843160887252659559e-04
5.170301519335862919e-04
1.054216156569578880e-03
1.490480277969376873e-03
7.419406557032244250e-04
-9.530042264786270020e-04
-7.241436370903347065e-04
-9.402726117767174190e-04
4.074341050244603495e-04
7.539030853759438313e-04
-5.588265446916175537e-04
-6.295418908439865324e-04
2.151626859934623634e-04
-3.355112986231438115e-05
-8.186452290360070718e-04
-8.814139323555542516e-04
-8.043271702113925867e-04
-9.489419680432159207e-04
-1.265205212545278835e-03
-2.321272220591346930e-03
-1.672841228639901714e-03
-6.858999176858758713e-04
-7.772782979192737309e-04
-6.580786554269452311e-04
2.668807643936426137e-04
1.806887744664413108e-03
-3.287424703662695284e-06
-3.282897729272148536e-04
-1.240527192858757993e-03
-2.038340327354195430e-03
-6.826885701890065584e-04
-6.342138886619118603e-04
2.923335777501916903e-04
-1.200810003382756495e-04
-4.204509591746947495e-04
-2.281482920018858989e-04
2.677052345968059834e-04
1.497010338373440169e-03
1.306292512854525471e-03
6.880688592213114090e-04
1.322982225519143181e-03
1.629710780596868320e-03
5.490066158189551779e-04
6.952182738207537743e-04
2.185951741862238954e-03
1.800549980517647357e-03
1.163256146801352857e-03
1.334055285001861473e-04
2.986873665850653717e-04
9.335983291796809110e-04
1.142584299141864582e-03
2.245539544592322582e-03
1.575659507608144624e-03
7.651235719892567804e-04
-9.944280452381443127e-05
1.453006544828513861e-04
-2.396091489368207849e-05
-5.380946044517237285e-04
-1.189696882179768107e-03
-9.449598330483455731e-04
3.323320005024906973e-05
-8.511993829276742361e-04
-1.159522394472158350e-03
-1.102314257926132563e-03
-1.367410673298934924e-05
1.635231285650119346e-04
-8.703008111525657557e-04
-1.076121905213393371e-03
-9.179982953064159869e-04
3.804293006246388972e-04
6.283480515799307921e-04
9.962548596824710636e-04
1.190930783164094106e-03
3.923156130288447149e-04
2.349692004951116082e-04
1.578800346477338189e-04
-5.231315519307569873e-04
-1.054752983621201363e-03
-2.966802743995220512e-04
-5.128316836492560716e-04
-1.278073037096107449e-03
-1.233588502907937388e-03
-4.085029517212726997e-05
-4.310272533260608714e-04
-7.473041188130156998e-04
-1.012720226713575153e-03
-6.448198284862780971e-04
-2.030151711730940843e-04
2.546827718057337428e-04
4.429984965772397259e-04
9.364507236629282137e-04
1.704850543135892323e-03
2.256316147345040213e-03
2.052874719468269788e-03
2.911549619398386677e-04
1.425444081282529368e-04
-2.659128732319115691e-04
8.990090398982813862e-04
7.559582516258114837e-04
2.791620853597138259e-04
5.087958659492233891e-04
1.162302677858919074e-04
4.388360838411528900e-04
2.465181932146412675e-04
1.924661189915117903e-04
5.497774033169563210e-05
-1.229165688990093439e-03
-1.979321401051950795e-03
-1.882396075029923619e-03
-8.104486010686983571e-04
3.838689999270491386e-04
-1.282495851013951615e-03
-2.077152121952087396e-03
-8.407192369049568863e-04
-1.215809111451966783e-03
-1.189600734051119227e-03
-1.329480236546989966e-03
-1.425644389883881039e-03
5.950551595664789679e-05
-3.314754809231111425e-04
-7.558308553553518471e-04
-4.228995315176170468e-04
-4.030537565301028913e-04
1.118483168227236318e-04
9.295040213680536446e-04
1.146422211943761609e-03
3.922899735278716367e-04
1.419579045434953728e-04
2.404704759226328258e-04
2.301177261703751397e-04
2.706217278324857104e-04
2.396083477024154034e-04
1.752195484151363597e-04
4.199437777960724361e-04
3.356883714267386515e-04
7.758929636323258754e-04
2.477977645600754845e-03
2.365908989316544385e-03
1.785799255114113235e-03
8.107610824868070019e-04
3.418995405374500329e-04
5.739530490312872753e-05
-1.029690371420085432e-03
-5.410159050938359755e-04
2.394400884772800387e-05
-1.906336959063470633e-04
-1.831581789039042098e-03
-7.683861984880721412e-04
1.883285445219924951e-04
4.910573374479284712e-04
-1.939451977038922120e-04
-1.279443147929352695e-03
-3.108108443732715120e-04
2.183884557096290463e-04
4.035104601411845858e-04
2.779305880786040058e-04
1.928763510070799297e-04
3.557480760004963927e-04
6.648322602301168270e-04
1.268354063758526473e-04
-4.222865871974810842e-04
3.826503223964258034e-04
1.815781446564425339e-04
-8.983600400299020933e-04
-1.128041894683736151e-03
-5.209690202705647734e-04
-1.260654201122569603e-04
-2.405233573933896504e-04
-7.244865654158486783e-04
-6.243931585548441639e-04
-1.659196206715828634e-04
2.091165711702647526e-04
3.974146687848517851e-04
-1.334335717043753499e-04
5.486348430548465880e-05
1.565451781283265281e-04
1.299201588366677472e-03
1.532785454574841361e-03
5.561504217775597569e-04
8.405990517441457857e-04
5.982008058421049712e-04
5.489000516430361538e-04
4.082169110385424943e-04
3.311037081590025390e-04
4.311947113167908748e-04
1.037718740162258687e-04
3.857783415151328426e-05
1.081898805276374420e-03
2.513800835866480694e-03
1.923347165490251224e-03
1.710355023501035094e-03
6.804723558236521180e-04
3.554315884103608197e-04
4.873067591962204430e-04
3.434427180022630146e-04
5.118702023627682424e-04
-6.260821606814410533e-04
-1.361153032592709927e-03
-1.485945291234776113e-03
-4.124322052453862361e-04
-1.995057644774134967e-04
-2.797998679464174378e-04
5.291031519542517591e-04
-2.695416638539976928e-04
-1.674491771515039095e-03
-1.130998449639686191e-03
1.642194012633102116e-04
3.445652474042375235e-04
-1.297983712070459620e-03
-1.025459853759538810e-03
-9.895244906770562588e-05
-7.680721146011527467e-04
-9.699503341529749521e-04
-9.898529967832729419e-04
-1.105110566001001353e-03
-1.284739307349089775e-03
-1.158424703336751382e-03
-5.235505975247845478e-04
-3.400278569664204223e-04
-2.113351892388354259e-04
1.430339623499563267e-04
-2.821346650037720666e-04
-1.208622038835470175e-04
-4.784867708615054595e-04
-2.449021034189363048e-04
-9.958702671678759753e-04
-1.346346220780797508e-03
-1.478293502663143629e-03
-1.402048036644659018e-03
-1.406855443077098056e-03
-1.020700521391424212e-03
3.533011061263848993e-05
3.920816525824660000e-04
1.239125032649296453e-03
8.187253524765478055e-04
1.138129435847804339e-03
4.348331167517418216e-04
3.926777709800884412e-04
-3.646505914789682345e-05
4.295842301619237120e-05
9.201936775772298150e-04
-2.360388484263293467e-04
1.834882874789317076e-04
4.814361147078068549e-04
7.054828877884167888e-04
8.405349529917133071e-04
-5.890587212764164656e-04
-2.505844578220793855e-04
1.570227138339488080e-04
9.023261503366643754e-05
-4.994278332812102962e-04
-1.180434612453268664e-04
1.530782368561324968e-03
1.174745848174882368e-03
6.558087583564285641e-04
1.535581762649710258e-04
1.551061611362164190e-04
1.804932732715221048e-04
1.176764958876506744e-04
-1.851212031971501918e-04
-9.775219992840667024e-05
6.749077828781038508e-05
-1.669676352738545875e-04
-2.742849715340043063e-04
6.975130091578380905e-04
2.224763536460131353e-03
1.682776535266942292e-03
2.274327896778578743e-05
-3.521056643935183246e-06
1.474183170163408216e-04
5.327752092342298573e-04
7.377493985285429575e-04
2.013293739841187484e-04
-8.182285871451957984e-04
-1.136126349834287947e-03
-1.334672235494024472e-05
-3.368044909534699451e-04
-1.504958583675072934e-03
-5.705101447912554668e-04
8.907803625547564864e-04
5.490474787736309738e-04
6.173446994904830364e-04
9.629715824818840895e-04
1.064640216183917933e-03
4.956411994812591005e-04
1.475497194588274948e-04
-6.558680497024286854e-04
-8.402625332938751376e-04
2.642374920902065393e-04
-1.386840607630043310e-04
-7.753849810192980788e-05
3.769519433051745760e-04
5.787476357132399774e-04
4.197795247429640946e-04
9.108192350339736152e-04
1.018433028024123561e-04
-2.637303107115841717e-04
2.786012212759292453e-05
1.740321190263238889e-04
6.237545747337351230e-04
2.351374597202469865e-04
4.297821350600591374e-04
6.133016706808017094e-04
-2.878546774239691729e-04
-4.714567401884686032e-04
-9.180784187469567207e-04
-1.468013665241778114e-03
-6.710314108247470441e-04
5.284092829591697149e-05
5.661354049377358491e-04
3.046597678429656267e-04
8.330514236452163639e-04
8.139419830762707709e-04
3.641370002251026515e-04
-8.805005251333906729e-05
-9.272285156566991912e-04
-1.465233381855017471e-03
-1.849873970514472965e-03
2.701313723763768712e-05
-9.210269613588526871e-04
-1.014835485543848356e-03
-7.454901241191752440e-04
-2.552396297174912461e-04
1.476009984607735157e-04
-1.114885625746961113e-04
-7.497430763430731470e-05
-8.322982633041343340e-04
2.737930136090847106e-04
-9.372679827564429390e-04
-5.678027737353868055e-04
1.703752852000485355e-04
-4.717275574174960230e-04
-5.472567198775473091e-04
-9.048820880899112072e-04
1.813481903820908557e-04
9.287428486829175591e-07
1.018096509573852994e-04
7.215876993370879018e-04
5.856678972727360393e-04
8.287888566084537735e-04
1.572534693427058827e-03
4.091487466520303713e-04
-1.047453738187947890e-03
-1.657770009474204874e-03
-2.330262070620008205e-04
2.111388868095108180e-04
-1.372602672245969071e-03
-6.828976923688176784e-04
-7.774954324431389242e-04
6.319351780129357180e-05
1.744070967280541542e-04
6.583046035292699268e-04
5.605299690375118403e-04
5.716198544427435451e-04
-7.445334502391198804e-05
8.154242667262728952e-06
1.084855360232324459e-03
8.734416500217592663e-04
6.461442689584150816e-04
-1.699802766381831138e-04
2.455807489603156583e-04
9.297283670015674822e-04
8.104966751330227974e-04
-2.469452511527229420e-05
2.041272845277983413e-04
5.545295245754223827e-04
1.047333553027136980e-04
7.928550959947818638e-04
1.725971082062408368e-05
4.240813522655917313e-04
6.497265879849876231e-04
-1.338149592813488848e-04
-3.976654551537440758e-04
-6.893267972377996279e-04
-2.316472826502962074e-04
-4.740415223803100936e-04
-5.098302595666031993e-04
-1.388723508482748656e-03
-1.264796582998521527e-03
-5.544189542274762135e-04
-4.638594355564039373e-04
3.378989771512552515e-04
-3.725339367937630379e-04
-9.288069474353500199e-04
-1.144971977669976063e-03
-2.709045635775942404e-04
-7.386251477336521582e-05
5.260600636825177702e-04
1.001086303147072457e-04
1.533218121153760781e-04
6.642457566453592631e-04
-1.828617221739038039e-04
3.304474971809745476e-04
1.055393971145526745e-04
2.898697819535666210e-04
1.619086412381178029e-04
-1.690941113858035119e-05
5.917564775194203040e-04
7.268205612387978239e-04
1.808818719581442569e-04
1.236448909735238656e-04
1.498444547959117568e-04
4.891303687029257760e-04
5.383750364936160798e-04
2.348017425043816590e-04
1.441917460657687639e-04
2.411154696189850549e-04
2.252013518588006822e-04
2.712691252320541995e-04
2.950866191671685048e-04
3.244678848134257025e-04
3.641794656485892513e-04
1.670902241378817855e-04
1.686598423380731660e-04
4.777536413805585046e-04
1.135693683255368418e-03
5.579748325186704647e-04
3.052622961158313374e-04
4.222016563505079931e-05
1.502731152028042758e-04
1.740946153099456179e-04
-1.437759054093627569e-04
3.652146605003744193e-08
5.936129376367471969e-04
6.063117017280351658e-04
5.570285746858852447e-04
5.609866726485935890e-04
-2.130025580364863823e-04
1.914525574686725383e-04
-9.901815028894897334e-04
-1.722854280225376766e-03
-1.596515639180876153e-03
-3.990147338924486010e-04
-8.066827993632877400e-06
1.405180863169798347e-04
5.632525635470832194e-04
-3.275454261645921092e-04
-4.205286789120191962e-04
5.767285250116155467e-04
2.421771052061487471e-04
3.105055740648116199e-04
4.718076808580367026e-04
4.129954730323870090e-04
2.572387095589805475e-04
-2.195502455974684931e-04
2.135185529935681710e-04
-6.415163390327870488e-04
-1.092875716630443885e-03
-1.368620537251098723e-03
-7.575527080925704591e-04
-5.088367289038991850e-04
-8.053367255622048292e-05
-8.314649795225114619e-04
-7.464467979992307160e-04
3.223333963574227454e-04
4.168918759458789449e-04
1.928018362073771177e-04
2.086790971849127702e-06
7.132837059594547341e-04
5.225690853781615351e-04
-3.221290815840440369e-04
-1.379789744862465733e-03
-1.459256173190684588e-03
-1.126303216024003963e-03
-7.154734795894306673e-04
2.512751218795397746e-05
-7.003726147507339291e-04
4.232432610775365019e-04
-1.300876168273977358e-05
-7.234097063749823225e-04
2.396916760805776635e-04
-2.108624609396455576e-04
-6.844609006937657893e-04
-3.189233427280125646e-04
-3.824892742809390695e-04
-5.978290330779963135e-04
-3.157272186848459694e-04
-3.077741659767807927e-04
-1.613557894983873024e-05
5.234296111295681266e-04
4.495365693253569324e-04
4.408047167752367017e-04
1.420316181087927828e-04
-1.156389567947018913e-03
-5.643790991210847650e-04
1.086874470933948836e-04
-1.829322308015795791e-04
-6.390405247200808695e-04
-3.728255861173310160e-04
4.663224301186236318e-04
9.987386863392314247e-04
1.008289400451677130e-03
2.772407252555489712e-04
1.985875498488176420e-04
8.255678942987195292e-04
7.826754128740920488e-04
-6.756721605008617244e-05
-8.006350820712793067e-07
1.859560894475837864e-04
-5.718369889666086571e-05
1.037911036419556231e-05
5.674374108465214716e-04
6.945997208597799169e-04
4.937599010973646126e-05
2.901718473244048512e-04
3.670438786479175692e-05
5.437040465239747740e-04
1.424979365327393600e-03
5.659999963232221392e-04
3.006151365644734960e-04
1.830339875710661917e-04
2.768256858335483932e-04
1.719593256195372317e-04
-2.523495772171899178e-04
4.231166660414822944e-04
9.356815386337380370e-04
2.276915883908042044e-04
3.826735581941825945e-04
3.147417003661959472e-05
3.302864490654878679e-04
7.236612939782799880e-04
-1.293480774712075012e-05
5.242701060208396430e-04
1.794300352155476629e-04
5.728072838315559617e-04
7.595798311382490715e-04
2.915732062994608534e-04
-1.947087740922446566e-04
-1.676566968625042202e-04
3.345890778225208795e-04
2.646974006389098957e-04
4.967677350552607545e-04
1.892812122300208762e-04
3.339424816573578194e-04
6.009786855256493265e-04
2.934937651692203333e-04
4.333900935876047029e-04
1.465762196562585826e-05
1.823665593113625734e-04
-3.102652037431896897e-04
-1.093733037444228652e-03
-1.887531987568579666e-03
-1.536254799550251446e-03
-5.905978925692024649e-04
-3.680550364675405747e-04
-6.890423590238803483e-04
-1.336627247443216262e-03
-3.019620115999618426e-04
1.494390301867760560e-04
-1.572422520610302070e-04
-3.542633886472780491e-04
-3.159171112389272537e-05
-7.842506397151212426e-05
-1.475072540353409493e-04
-7.052897902967138156e-04
2.634226366999081010e-04
-1.441725164400390095e-04
-5.032945905217022257e-04
-2.370371864954658810e-04
-5.651667125415993755e-04
1.020428101693586090e-05
3.161951395776033450e-04
2.541523546293546180e-05
2.153902365645978358e-04
2.384930294100895117e-04
6.740120028128594124e-04
3.228429814392612916e-04
-1.007319906821135119e-03
-5.860989613828448182e-04
-9.634923848453983168e-04
-8.275629679681817261e-06
-5.509488080176605908e-04
9.356414769134676972e-05
-6.549177856976165371e-04
-1.458230593151764280e-03
-9.392630564259051495e-04
-1.113227070527769442e-03
4.109515240641950376e-04
5.302152653089560160e-04
2.489523433382662964e-05
1.139635756529968480e-04
9.674745198402687728e-04
8.920543252593527437e-04
-2.632768120381240849e-04
-8.854040796944786726e-04
-3.974250848321220372e-04
-4.744317235357430225e-04
-3.297343985601627761e-04
-1.031877741346845241e-04
2.401700130206053723e-04
4.746632802789055045e-04
-1.776553010075722263e-04
-4.024592406012912540e-04
-2.490164420906988089e-04
4.042532044349964721e-04
4.679032656004906933e-04
3.003162761312568735e-04
3.578360928609857676e-05
6.938233247209409874e-04
1.630896607516870312e-04
-1.626273484997674691e-04
-7.274919956705285602e-05
3.262426190214011662e-04
1.065337290116621666e-03
1.285500480034226149e-04
1.564498312340831579e-04
1.938851051234867430e-04
2.138398479901362098e-04
2.600181917113357608e-04
2.728219175097320042e-04
3.523764816225457208e-04
5.821176276223797913e-04
3.374623044003087404e-04
4.098666526792745543e-04
3.940679126734687623e-04
4.243585793698623665e-04
9.309061815775151300e-05
-1.722213292701051492e-04
4.842436400643513792e-04
2.793255371784167385e-04
5.384743895598864596e-04
5.940856659359370246e-05
-1.653731788070956121e-04
2.995887552911477591e-04
6.008568978960274762e-04
4.920933335341190311e-04
3.523404260743023906e-04
3.754880880464968990e-04
1.268714619240959504e-04
5.942218757848561229e-04
5.037392756167028644e-04
5.348367853593408335e-04
-2.994228997692286137e-04
-5.766427929302370267e-04
-1.140565188440240124e-04
3.389950658178513617e-04
6.450401679477648980e-04
7.707033683885078194e-04
4.036939428200226818e-04
3.350618061217107343e-05
2.465814907326683712e-04
3.293377875294865777e-04
-1.242842760290382813e-04
2.882472822826183888e-04
1.802929646701704872e-04
-6.746169347889413017e-04
-1.729776945488089223e-03
-1.087587569554760662e-03
-4.803704729486162344e-04
-1.349583207778639899e-03
-1.506000188402101172e-03
-1.276230197963672524e-03
-8.009171165819824060e-04
-3.422897416928830159e-04
-4.338275675729566158e-05
-4.811019999607523312e-04
2.032042624927699937e-04
6.387913408199993827e-04
5.856775120856009707e-04
-4.718541524535502306e-04
-1.297350736890188474e-03
-1.198686732208429327e-03
-1.332853433393751605e-03
-9.989710443167993358e-04
-1.199087349411132562e-03
-2.382430442756027042e-04
4.309735706208986448e-04
-2.220829475529585337e-04
-4.277582169520022953e-04
-2.583652451329820931e-04
6.476545958126063950e-04
2.703404945561879843e-04
3.030581002665580070e-04
-1.148593557182413550e-06
2.282989240701023198e-05
6.508571297310162325e-05
-1.270749754630692027e-04
6.526038207348024665e-04
5.994827808907553289e-05
2.515988205793240123e-04
5.626235945388390557e-05
4.203500036396135117e-04
5.539942999926107583e-04
7.098888757837472710e-04
5.018419525447001756e-04
8.659340836430999945e-04
7.572161896422998110e-04
3.513068336913280094e-04
1.038816431297665682e-03
-1.577534396116795571e-04
2.365372162264922119e-04
3.884648804764609322e-04
3.910023898383834114e-04
3.951287470262270255e-04
4.246574398030790296e-05
4.351712376708233819e-04
7.217888091728449755e-05
2.821194415500692947e-04
3.116785812343267478e-04
4.143455530054970717e-04
2.587554462884150762e-04
5.918678491017717938e-04
3.703257347724626166e-04
-2.199268257680095622e-04
2.458916279096133367e-04
3.700172595263811169e-04
3.971991367297973956e-04
2.853195717652629265e-04
-6.574392703714307883e-05
-4.779940117021804348e-04
-8.925030165263805003e-05
1.056026946325797783e-04
7.319092009475347506e-05
2.170856485664380558e-05
-6.553168004315089413e-05
1.370030709804614065e-04
5.629641191611367947e-04
3.942738299156582746e-04
1.414403071176027532e-04
3.172407504766588634e-05
3.960269307946876968e-04
-2.447009935831792582e-04
-9.107150745612706613e-04
-1.152471531704580936e-03
-1.258210436186079934e-03
-2.684760220948070181e-04
1.467324603653128508e-04
5.797836317994306456e-04
1.355408181905945131e-05
1.614415215797658021e-04
2.425360582197708115e-04
-4.740006594256343520e-04
-5.686937463941989408e-04
-4.086095158971917102e-04
-9.618658790024232647e-04
-1.131775647012930658e-03
-5.330780758394734623e-04
-3.039146198459375618e-04
-2.345757944020570175e-04
-5.117948863286600827e-04
-1.494654709221544819e-04
1.076658732265015718e-04
2.504153973625385782e-04
-6.225879774394633189e-04
-6.201690507695409738e-04
-2.258263146950178091e-04
-7.958749484687590615e-04
-6.211681900730828829e-04
-7.225764225933595589e-04
-2.382342306971432289e-04
1.904710453220495527e-04
9.008198296545002343e-05
1.533682837108896874e-04
2.721552904844337607e-04
6.179560413418081410e-04
7.492607332310184014e-04
5.291279902208192998e-04
5.988297748503490807e-04
3.370200230085242804e-04
6.078668977089292033e-04
5.138853068923656363e-04
-5.170726173570727697e-05
-1.346338208436743326e-04
1.224494492406573486e-04
4.659722906834609614e-04
3.711622234917070422e-04
4.792102855295875914e-04
7.792285024620331088e-04
1.050482404240384591e-03
5.426151689670274166e-04
3.772780457081750262e-04
2.008991111084154526e-04
4.072073556877302790e-04
4.584607181327748156e-04
3.867221956447017620e-04
2.378632591674399732e-04
-3.707447803664902720e-05
-8.335562013206225529e-05
2.028429057759316694e-04
3.146784028481688163e-04
3.448705177126974155e-04
3.345482148678451920e-04
2.073442406655054946e-04
-6.360551253255361439e-04
-8.603014057730922664e-04
-1.407007677614125288e-04
-3.089463719118905457e-04
-3.874993930179460662e-04
-4.865560025583545375e-04
-2.971201520880902783e-04
4.523096416024689845e-04
4.525347884703881970e-04
2.999020379436616771e-05
1.154811136168368057e-04
-2.257389801448284581e-04
-7.084482563228263309e-04
-7.883745931997485426e-04
-1.566637608203266894e-04
-5.550118676874771012e-04
-4.846618844239735649e-04
-2.867962467744271561e-05
3.304266650864339894e-04
8.734416500217592663e-04
2.548310001707339376e-04
8.126199463073501277e-05
-1.635495693003903605e-04
-9.922086259351682645e-05
-1.907955452562391991e-04
-1.450009928152293345e-04
1.930077534495665961e-05
-4.546628670511478981e-05
-1.290243787714232600e-04
-4.239868066057537766e-05
-1.861323610167732380e-04
4.971226818968558059e-06
-3.524974680177620878e-04
-2.484635903509682881e-04
-2.139295862435417123e-04
-2.944640600341676107e-04
-1.939339804222165310e-04
-1.092683420373146205e-04
4.520901033753875448e-05
-3.027520287236926859e-04
-5.488712072044415764e-05
-1.359606650190275500e-04
5.695879239906325483e-05
3.426102354550455715e-04
3.563778462431459312e-04
3.354816529501437644e-04
2.446625343317197494e-04
2.144471836694343591e-04
2.090941366069133634e-04
2.020288516200386330e-04
2.032739698860403941e-04
1.818161112748482855e-04
1.684162670788295739e-04
1.170523342858390036e-04
-6.736842979410480228e-05
3.087108089967009728e-05
-3.526953729158974996e-05
4.904035301731167330e-06
1.067164104560948390e-04
5.142698994069607924e-05
9.279015525572405958e-05
-1.124941117534812899e-04
-8.900512392458364056e-05
-3.720804381203028969e-04
-3.027752645214494770e-04
-1.285123899863685080e-04
-2.098160488061846373e-04
-2.820401193439340442e-04
-9.828742451121821335e-05
-2.965961447869544027e-05
2.815842169672577380e-07
6.971909129268647176e-06
-1.039233073188476983e-04
-7.917085295606451890e-05
-9.515139304845708721e-05
-1.312526116528588106e-04
-5.670768553640885356e-05
2.361646422279781523e-05
-2.895164375807823497e-05
-9.032796192790982126e-05
7.139783761889421530e-06
-8.207925372424965680e-05
-2.389841861006037325e-05
-8.053847996265292152e-05
-1.972542957982211550e-04
-2.096501932842654783e-05
7.882560105077485033e-06
4.173990573245012854e-05
-2.492479988338613045e-05
-4.528152205122804806e-05
-4.011444149420191738e-05
-2.471263301283448271e-06
2.639426378290168858e-05
-7.486886518655580991e-05
-3.792651070335832176e-05
-2.444542133863140449e-06
-3.297416096698114476e-05
-1.735826265248908523e-05
-1.819138618723078682e-05
-6.322965347297740593e-06
3.149548287180340360e-05
5.191566280455352434e-05
1.019947361050342060e-05
1.395814432970596342e-05
1.888741851520743512e-05
3.480225738635667020e-05
2.556378432169783161e-05
4.137173852316583370e-05
3.546295527705488798e-05
2.280689697957506281e-05
2.860118382915342007e-05
2.197946220911174803e-05
2.516236588458916411e-05
7.997320908963861342e-06
1.664348143942592637e-05
2.087183576707776826e-05
1.744776053557299295e-05
1.696541742351826771e-05
1.515887420964817817e-05
1.521616246963474554e-05
1.478325552039359841e-05
1.504662126945072490e-05
1.551934956864057293e-05
1.642554568115535147e-05
1.770239282961118366e-05
1.925871053867281505e-05
2.121604606764041298e-05
2.337312933387585524e-05
2.598138769379571133e-05
2.882144316719967137e-05
3.207966287678529790e-05
3.553883217524688180e-05
