5.31674e-04
5.27378e-04
5.22341e-04
5.17173e-04
5.13282e-04
5.11947e-04
5.14278e-04
5.20380e-04
5.29685e-04
5.40022e-04
5.49014e-04
5.54103e-04
5.53404e-04
5.46862e-04
5.36374e-04
5.22789e-04
5.07607e-04
4.91362e-04
4.75658e-04
4.60501e-04
4.43526e-04
4.24485e-04
4.04807e-04
3.89404e-04
3.83349e-04
3.86773e-04
4.02742e-04
4.31648e-04
4.70445e-04
5.13043e-04
5.50947e-04
5.74329e-04
5.73702e-04
5.37199e-04
4.61962e-04
3.55226e-04
2.39036e-04
1.48227e-04
1.10703e-04
1.36993e-04
2.24234e-04
3.61799e-04
5.21385e-04
6.67032e-04
7.60471e-04
7.76346e-04
6.92713e-04
5.22308e-04
2.99272e-04
7.42828e-05
-9.49933e-05
-1.69602e-04
-1.38135e-04
2.82475e-06
2.21016e-04
4.62347e-04
6.48924e-04
7.10851e-04
6.24392e-04
4.11867e-04
1.48489e-04
-4.47835e-05
-7.93216e-05
9.95272e-05
5.07258e-04
1.10426e-03
1.77808e-03
2.39753e-03
2.83986e-03
2.98134e-03
2.75762e-03
2.21465e-03
1.47592e-03
6.60300e-04
-9.61049e-05
-6.86263e-04
-1.07831e-03
-1.22157e-03
-1.13439e-03
-8.49252e-04
-4.27730e-04
2.91708e-06
3.47345e-04
5.59307e-04
6.47583e-04
6.48603e-04
6.05125e-04
6.02818e-04
7.12627e-04
9.60062e-04
1.33829e-03
1.79017e-03
2.20835e-03
2.52153e-03
2.65868e-03
2.58047e-03
2.28702e-03
1.78512e-03
1.13223e-03
3.68515e-04
-4.72167e-04
-1.34797e-03
-2.17518e-03
-2.80538e-03
-3.11734e-03
-3.03253e-03
-2.56219e-03
-1.76107e-03
-6.69903e-04
6.22181e-04
1.97275e-03
3.28579e-03
4.40063e-03
5.15208e-03
5.37252e-03
5.09495e-03
4.44948e-03
3.63625e-03
2.88970e-03
2.41339e-03
2.31493e-03
2.60519e-03
3.17000e-03
3.88735e-03
4.47633e-03
4.65162e-03
4.14349e-03
2.89529e-03
1.09899e-03
-9.93301e-04
-3.06231e-03
-4.75245e-03
-5.77964e-03
-6.13278e-03
-5.95337e-03
-5.39859e-03
-4.67256e-03
-3.81059e-03
-2.70831e-03
-1.19192e-03
9.15107e-04
3.54262e-03
6.46456e-03
9.22717e-03
1.11876e-02
1.18255e-02
1.06475e-02
7.55261e-03
2.96180e-03
-2.27146e-03
-6.96203e-03
-1.05014e-02
-1.24124e-02
-1.26581e-02
-1.12283e-02
-8.28198e-03
-4.18663e-03
4.07342e-04
4.50056e-03
6.90914e-03
6.99416e-03
4.62158e-03
2.62091e-04
-5.12479e-03
-1.03814e-02
-1.43603e-02
-1.60350e-02
-1.46393e-02
-1.00593e-02
-2.55353e-03
7.00575e-03
1.72848e-02
2.67072e-02
3.42335e-02
3.90993e-02
4.03761e-02
3.72772e-02
2.95381e-02
1.76368e-02
2.82234e-03
-1.33614e-02
-2.82904e-02
-3.99873e-02
-4.61733e-02
-4.50124e-02
-3.70039e-02
-2.35237e-02
-6.56521e-03
1.04722e-02
2.53675e-02
3.60289e-02
4.07627e-02
3.80635e-02
2.84585e-02
1.41926e-02
-1.49725e-03
-1.68170e-02
-2.97803e-02
-3.85513e-02
-4.18904e-02
-3.90835e-02
-3.10060e-02
-1.92892e-02
-6.09898e-03
6.11650e-03
1.62218e-02
2.29708e-02
2.57797e-02
2.43516e-02
1.90027e-02
1.07783e-02
1.33762e-03
-7.46260e-03
-1.47619e-02
-1.96197e-02
-2.17151e-02
-2.09431e-02
-1.76891e-02
-1.25065e-02
-6.05911e-03
7.44257e-04
7.13924e-03
1.24689e-02
1.61440e-02
1.80433e-02
1.82379e-02
1.67304e-02
1.34602e-02
8.81471e-03
3.71414e-03
-6.13834e-04
-2.85738e-03
-2.56051e-03
3.60732e-05
4.48424e-03
9.92614e-03
1.49673e-02
1.82674e-02
1.89429e-02
1.67146e-02
1.20018e-02
5.81236e-03
-3.34435e-04
-5.27336e-03
-8.48364e-03
-9.75628e-03
-9.19066e-03
-7.31133e-03
-4.49045e-03
-1.28550e-03
1.67358e-03
3.87642e-03
4.98428e-03
4.90587e-03
3.93090e-03
2.41594e-03
6.16162e-04
-1.30758e-03
-3.21557e-03
-5.08397e-03
-6.70745e-03
-7.97638e-03
-8.96231e-03
-9.54647e-03
-9.72745e-03
-9.46767e-03
-8.78163e-03
-7.65247e-03
-5.98273e-03
-3.92111e-03
-1.64360e-03
5.87341e-04
2.47535e-03
3.72846e-03
4.26937e-03
4.14051e-03
3.71199e-03
3.23710e-03
2.87761e-03
2.72637e-03
2.81650e-03
3.11457e-03
3.59698e-03
4.21817e-03
4.84316e-03
5.46868e-03
6.08168e-03
6.59189e-03
6.99601e-03
7.48486e-03
8.04948e-03
8.64840e-03
9.30742e-03
9.89518e-03
1.03225e-02
1.05058e-02
1.04159e-02
9.99715e-03
9.04084e-03
7.45379e-03
5.52850e-03
3.56238e-03
1.88500e-03
6.23399e-04
-3.04626e-04
-1.23391e-03
-2.47952e-03
-4.26721e-03
-6.56000e-03
-9.16559e-03
-1.17559e-02
-1.41344e-02
-1.59590e-02
-1.70311e-02
-1.71486e-02
-1.61999e-02
-1.41493e-02
-1.08958e-02
-6.74398e-03
-2.13799e-03
2.45763e-03
6.75356e-03
1.05243e-02
1.34288e-02
1.51726e-02
1.54210e-02
1.37753e-02
9.83905e-03
3.68378e-03
-3.86431e-03
-1.13538e-02
-1.64961e-02
-1.74483e-02
-1.37895e-02
-6.18666e-03
3.45995e-03
1.27248e-02
2.00411e-02
2.39048e-02
2.41559e-02
2.06345e-02
1.41964e-02
6.49905e-03
-4.83495e-04
-5.77071e-03
-8.76654e-03
-9.06932e-03
-6.56295e-03
-1.51021e-03
5.26882e-03
1.24304e-02
1.84958e-02
2.28842e-02
2.46838e-02
2.36719e-02
2.01287e-02
1.48530e-02
8.61629e-03
2.20114e-03
-3.08958e-03
-6.75929e-03
-8.59427e-03
-8.37293e-03
-6.38601e-03
-3.26153e-03
2.96031e-04
3.36770e-03
4.98238e-03
4.37046e-03
1.00562e-03
-4.83561e-03
-1.24200e-02
-2.02653e-02
-2.64151e-02
-2.98657e-02
-3.00054e-02
-2.68961e-02
-2.10049e-02
-1.29430e-02
-3.76091e-03
5.15581e-03
1.27776e-02
1.82000e-02
2.05895e-02
1.95234e-02
1.51690e-02
8.42040e-03
4.70996e-04
-7.32209e-03
-1.37720e-02
-1.80156e-02
-1.95883e-02
-1.87071e-02
-1.58173e-02
-1.15129e-02
-6.37063e-03
-8.83563e-04
4.52389e-03
9.50384e-03
1.38009e-02
1.71479e-02
1.92172e-02
1.95486e-02
1.77296e-02
1.35348e-02
6.76261e-03
-2.49436e-03
-1.34624e-02
-2.41708e-02
-3.24688e-02
-3.66635e-02
-3.65607e-02
-3.22771e-02
-2.41521e-02
-1.30485e-02
-6.83533e-04
1.09289e-02
1.95743e-02
2.30754e-02
2.12543e-02
1.47677e-02
5.41888e-03
-4.08206e-03
-1.21181e-02
-1.75693e-02
-1.98188e-02
-1.86583e-02
-1.43901e-02
-7.55436e-03
9.33362e-04
9.56415e-03
1.68226e-02
2.10015e-02
2.21382e-02
2.07018e-02
1.71678e-02
1.20401e-02
5.81869e-03
-4.69449e-04
-5.27951e-03
-7.52487e-03
-7.35319e-03
-5.48712e-03
-2.87125e-03
-1.92883e-04
1.92337e-03
3.11033e-03
3.25776e-03
2.76036e-03
1.98912e-03
1.34003e-03
1.17090e-03
1.78234e-03
3.19905e-03
5.26374e-03
7.66097e-03
9.92203e-03
1.14450e-02
1.19420e-02
1.17512e-02
1.11972e-02
1.03455e-02
9.18007e-03
7.79320e-03
6.37815e-03
4.92409e-03
3.18884e-03
7.56431e-04
-2.46377e-03
-6.25589e-03
-1.00088e-02
-1.31121e-02
-1.53611e-02
-1.65654e-02
-1.67037e-02
-1.59142e-02
-1.41390e-02
-1.16453e-02
-8.73910e-03
-5.59963e-03
-2.10029e-03
1.91165e-03
6.57249e-03
1.17244e-02
1.71645e-02
2.27218e-02
2.77116e-02
3.15984e-02
3.41451e-02
3.51515e-02
3.46118e-02
3.23393e-02
2.85103e-02
2.32176e-02
1.66521e-02
8.86952e-03
1.29217e-04
-8.80312e-03
-1.64954e-02
-2.25699e-02
-2.63711e-02
-2.74747e-02
-2.61796e-02
-2.31412e-02
-1.92332e-02
-1.53788e-02
-1.25156e-02
-1.11925e-02
-1.14056e-02
-1.31912e-02
-1.60634e-02
-1.94661e-02
-2.27956e-02
-2.53134e-02
-2.64093e-02
-2.60002e-02
-2.43655e-02
-2.18870e-02
-1.92087e-02
-1.67514e-02
-1.47082e-02
-1.33750e-02
-1.26499e-02
-1.20993e-02
-1.12439e-02
-9.54125e-03
-6.55164e-03
-2.41635e-03
2.48603e-03
7.61474e-03
1.27700e-02
1.76805e-02
2.18228e-02
2.47196e-02
2.60553e-02
2.55239e-02
2.28360e-02
1.81169e-02
1.17925e-02
4.73993e-03
-1.69449e-03
-5.61836e-03
-6.11287e-03
-2.30824e-03
6.33180e-03
1.92023e-02
3.45701e-02
5.02201e-02
6.45424e-02
7.63830e-02
8.43054e-02
8.71747e-02
8.43189e-02
7.58101e-02
6.23996e-02
4.58517e-02
2.83613e-02
1.08571e-02
-5.71874e-03
-2.11545e-02
-3.45014e-02
-4.43421e-02
-4.98767e-02
-5.13863e-02
-4.92486e-02
-4.48069e-02
-4.00736e-02
-3.70668e-02
-3.75940e-02
-4.28671e-02
-5.32032e-02
-6.79387e-02
-8.54450e-02
-1.03977e-01
-1.21196e-01
-1.35059e-01
-1.43775e-01
-1.46827e-01
-1.44281e-01
-1.36122e-01
-1.22851e-01
-1.05267e-01
-8.59240e-02
-6.92627e-02
-5.63014e-02
-4.68875e-02
-4.21591e-02
-4.16308e-02
-4.42487e-02
-4.86785e-02
-5.33649e-02
-5.66934e-02
-5.79696e-02
-5.69722e-02
-5.39684e-02
-4.98113e-02
-4.57054e-02
-4.33184e-02
-4.38960e-02
-4.82123e-02
-5.66085e-02
-6.88801e-02
-8.43008e-02
-1.01644e-01
-1.18921e-01
-1.35563e-01
-1.51825e-01
-1.66215e-01
-1.76218e-01
-1.79568e-01
-1.74227e-01
-1.58218e-01
-1.30044e-01
-9.01363e-02
-4.19029e-02
8.66794e-03
5.74028e-02
1.02034e-01
1.40967e-01
1.72011e-01
1.93585e-01
2.05818e-01
2.08740e-01
2.02870e-01
1.89602e-01
1.71522e-01
1.52639e-01
1.34516e-01
1.18749e-01
1.05645e-01
9.59473e-02
8.92366e-02
8.59673e-02
8.53980e-02
8.62215e-02
8.72109e-02
8.73954e-02
8.66708e-02
8.53203e-02
8.36370e-02
8.17941e-02
8.02422e-02
7.95803e-02
8.04817e-02
8.36533e-02
8.94590e-02
9.78346e-02
1.07877e-01
1.17519e-01
1.25433e-01
1.29886e-01
1.28745e-01
1.20304e-01
1.04159e-01
8.13846e-02
5.40102e-02
2.34147e-02
-6.10449e-03
-2.83888e-02
-4.50536e-02
-5.66735e-02
-6.42825e-02
-6.84372e-02
-6.93133e-02
-6.75731e-02
-6.49490e-02
-6.31802e-02
-6.28480e-02
-6.40538e-02
-6.63869e-02
-6.87746e-02
-6.93594e-02
-6.59628e-02
-5.64276e-02
-3.94463e-02
-1.54896e-02
1.28370e-02
4.42806e-02
7.41514e-02
1.00075e-01
1.21115e-01
1.33957e-01
1.38274e-01
1.31623e-01
1.14702e-01
9.06989e-02
6.24183e-02
3.11042e-02
-1.05115e-03
-2.90140e-02
-5.02524e-02
-6.23266e-02
-6.25835e-02
-5.21448e-02
-3.45136e-02
-1.48003e-02
3.92496e-03
2.01901e-02
3.52105e-02
4.93743e-02
6.10736e-02
6.77301e-02
6.65252e-02
5.55967e-02
3.54860e-02
1.00878e-02
-1.29588e-02
-2.89852e-02
-3.72719e-02
-4.04146e-02
-4.03880e-02
-3.66953e-02
-2.85869e-02
-1.68742e-02
-3.51366e-03
9.84617e-03
2.10155e-02
2.68344e-02
2.79244e-02
2.56802e-02
2.02948e-02
1.11312e-02
-2.89396e-03
-2.07759e-02
-3.97055e-02
-6.01969e-02
-8.10894e-02
-9.87167e-02
-1.13093e-01
-1.23126e-01
-1.27698e-01
-1.25310e-01
-1.14561e-01
-9.56935e-02
-7.10433e-02
-4.27648e-02
-1.26701e-02
1.75334e-02
4.66632e-02
7.11311e-02
8.86097e-02
9.72740e-02
9.54011e-02
8.08712e-02
5.45660e-02
2.12370e-02
-1.03656e-02
-3.76344e-02
-5.83902e-02
-7.16572e-02
-7.73785e-02
-7.52726e-02
-6.55781e-02
-4.85604e-02
-2.54977e-02
9.74601e-04
2.83607e-02
5.71341e-02
8.53317e-02
1.11008e-01
1.33134e-01
1.48923e-01
1.55834e-01
1.53239e-01
1.40457e-01
1.17832e-01
8.77156e-02
5.23379e-02
1.51477e-02
-2.09274e-02
-5.72632e-02
-8.82146e-02
-1.13209e-01
-1.30962e-01
-1.42006e-01
-1.45796e-01
-1.40203e-01
-1.25753e-01
-1.03595e-01
-7.57335e-02
-4.63000e-02
-1.77248e-02
7.46162e-03
2.77522e-02
4.16123e-02
4.87090e-02
5.08510e-02
4.78196e-02
3.94720e-02
2.62336e-02
9.23267e-03
-1.07360e-02
-3.24866e-02
-5.38442e-02
-7.39768e-02
-9.21449e-02
-1.06443e-01
-1.16175e-01
-1.20759e-01
-1.19727e-01
-1.13103e-01
-1.01463e-01
-8.62179e-02
-6.95605e-02
-5.30083e-02
-3.79046e-02
-2.69546e-02
-2.02762e-02
-1.84754e-02
-2.17260e-02
-2.94670e-02
-4.02551e-02
-5.16451e-02
-6.07333e-02
-6.52347e-02
-6.36482e-02
-5.51076e-02
-3.94714e-02
-1.71952e-02
1.01966e-02
4.12224e-02
7.42811e-02
1.07019e-01
1.37284e-01
1.63347e-01
1.83007e-01
1.93144e-01
1.92296e-01
1.79367e-01
1.54468e-01
1.20642e-01
8.20641e-02
4.19029e-02
1.51823e-03
-3.92242e-02
-8.10493e-02
-1.18205e-01
-1.49407e-01
-1.73673e-01
-1.89031e-01
-1.94615e-01
-1.91131e-01
-1.78924e-01
-1.59244e-01
-1.34000e-01
-1.05599e-01
-7.72037e-02
-5.34642e-02
-3.84483e-02
-3.04314e-02
-2.84607e-02
-3.14787e-02
-3.77708e-02
-4.49285e-02
-4.99627e-02
-5.12433e-02
-4.80291e-02
-4.05749e-02
-2.99199e-02
-1.82521e-02
-7.59505e-03
6.42642e-04
4.17552e-03
2.11000e-03
-5.87081e-03
-1.92255e-02
-3.54872e-02
-5.12149e-02
-6.54536e-02
-7.78813e-02
-8.74890e-02
-9.41808e-02
-9.79899e-02
-9.93636e-02
-9.86413e-02
-9.68902e-02
-9.49601e-02
-9.26438e-02
-8.92144e-02
-8.32699e-02
-7.35497e-02
-5.92303e-02
-4.03482e-02
-1.77563e-02
6.54631e-03
3.03030e-02
5.27625e-02
7.28247e-02
8.92860e-02
1.02218e-01
1.10690e-01
1.14004e-01
1.12028e-01
1.04828e-01
9.31482e-02
7.89259e-02
6.35212e-02
4.87270e-02
3.65622e-02
2.92273e-02
2.82639e-02
3.42244e-02
4.69751e-02
6.53497e-02
8.77594e-02
1.13505e-01
1.41209e-01
1.66256e-01
1.86287e-01
1.99929e-01
2.05257e-01
2.01246e-01
1.87775e-01
1.66374e-01
1.41505e-01
1.17799e-01
9.99222e-02
9.20142e-02
9.67251e-02
1.14120e-01
1.41266e-01
1.71719e-01
2.00936e-01
2.25487e-01
2.43045e-01
2.51167e-01
2.47495e-01
2.29434e-01
1.95509e-01
1.48679e-01
9.84328e-02
4.64599e-02
-9.04865e-03
-6.67842e-02
-1.19864e-01
-1.61480e-01
-1.87889e-01
-1.99184e-01
-1.92567e-01
-1.70688e-01
-1.38038e-01
-9.75209e-02
-5.23003e-02
-9.12458e-03
2.45681e-02
4.91276e-02
6.54668e-02
7.22171e-02
6.62751e-02
4.58291e-02
1.33749e-02
-2.36350e-02
-5.51697e-02
-7.22394e-02
-7.66450e-02
-6.87776e-02
-5.03065e-02
-2.62585e-02
-3.59030e-04
2.33345e-02
3.97111e-02
4.36769e-02
3.35628e-02
9.60325e-03
-2.39240e-02
-5.80056e-02
-8.73297e-02
-1.09310e-01
-1.22252e-01
-1.25095e-01
-1.16895e-01
-9.76106e-02
-6.84994e-02
-3.36245e-02
3.05541e-03
3.82510e-02
6.62362e-02
8.57358e-02
9.58153e-02
9.56490e-02
8.59228e-02
6.78927e-02
4.33926e-02
1.50972e-02
-1.34159e-02
-3.95249e-02
-6.02474e-02
-7.46814e-02
-8.24113e-02
-8.30019e-02
-7.70652e-02
-6.54114e-02
-4.94330e-02
-3.14921e-02
-1.34809e-02
3.15691e-03
1.73358e-02
2.83185e-02
3.55006e-02
3.90974e-02
3.93257e-02
3.63548e-02
3.01316e-02
2.09478e-02
9.67383e-03
-2.01165e-03
-1.38571e-02
-2.49754e-02
-3.43920e-02
-4.19084e-02
-4.69284e-02
-4.86333e-02
-4.63404e-02
-3.98985e-02
-2.95141e-02
-1.59152e-02
-9.30531e-04
1.37192e-02
2.64780e-02
3.62337e-02
4.25654e-02
4.52194e-02
4.39771e-02
3.87598e-02
2.96095e-02
1.72782e-02
3.07521e-03
-1.04509e-02
-2.24168e-02
-3.25282e-02
-3.97172e-02
-4.18273e-02
-3.91595e-02
-3.24196e-02
-2.25374e-02
-1.09430e-02
1.06637e-03
1.15140e-02
2.03565e-02
2.69419e-02
3.12960e-02
3.34769e-02
3.31964e-02
2.98659e-02
2.34072e-02
1.42013e-02
3.11887e-03
-8.41559e-03
-1.90066e-02
-2.77131e-02
-3.43028e-02
-3.82380e-02
-3.95474e-02
-3.84288e-02
-3.51126e-02
-2.99577e-02
-2.34800e-02
-1.61728e-02
-8.57159e-03
-1.03419e-03
6.48358e-03
1.41838e-02
2.18567e-02
2.92323e-02
3.61750e-02
4.22206e-02
4.67281e-02
4.93564e-02
4.98504e-02
4.76350e-02
4.24910e-02
3.46536e-02
2.46158e-02
1.35137e-02
2.39014e-03
-8.19252e-03
-1.76844e-02
-2.50528e-02
-3.01812e-02
-3.30550e-02
-3.36672e-02
-3.22643e-02
-2.90365e-02
-2.42339e-02
-1.82070e-02
-1.14248e-02
-4.41636e-03
2.17196e-03
7.75857e-03
1.20868e-02
1.50817e-02
1.70639e-02
1.83512e-02
1.91035e-02
1.95119e-02
1.95123e-02
1.85620e-02
1.62521e-02
1.24429e-02
7.44885e-03
1.90182e-03
-3.22890e-03
-7.54108e-03
-1.09982e-02
-1.39088e-02
-1.64300e-02
-1.84316e-02
-1.96800e-02
-1.99356e-02
-1.93004e-02
-1.80645e-02
-1.66499e-02
-1.56133e-02
-1.53568e-02
-1.61976e-02
-1.81841e-02
-2.10720e-02
-2.43939e-02
-2.75862e-02
-3.01061e-02
-3.14395e-02
-3.13079e-02
-2.97176e-02
-2.67668e-02
-2.27341e-02
-1.79883e-02
-1.29186e-02
-8.05044e-03
-3.99610e-03
-1.07748e-03
5.84789e-04
1.01828e-03
2.58906e-04
-1.50741e-03
-4.00245e-03
-6.89101e-03
-9.85574e-03
-1.24932e-02
-1.45431e-02
-1.58379e-02
-1.63658e-02
-1.62231e-02
-1.54992e-02
-1.44491e-02
-1.32791e-02
-1.20549e-02
-1.09275e-02
-1.01976e-02
-1.01319e-02
-1.08948e-02
-1.24899e-02
-1.45577e-02
-1.68399e-02
-1.89998e-02
-2.08491e-02
-2.21486e-02
-2.27177e-02
-2.26671e-02
-2.19743e-02
-2.08663e-02
-1.96616e-02
-1.88128e-02
-1.84980e-02
-1.89659e-02
-2.03298e-02
-2.25562e-02
-2.54409e-02
-2.86036e-02
-3.17293e-02
-3.43207e-02
-3.56266e-02
-3.54573e-02
-3.36173e-02
-2.98942e-02
-2.43093e-02
-1.67685e-02
-7.52490e-03
2.88516e-03
1.37537e-02
2.47123e-02
3.51080e-02
4.43710e-02
5.20483e-02
5.79291e-02
6.12573e-02
6.13935e-02
5.80320e-02
5.13245e-02
4.19572e-02
3.15633e-02
2.12853e-02
1.23275e-02
5.69965e-03
1.97366e-03
1.31947e-03
3.79251e-03
9.07802e-03
1.66222e-02
2.53615e-02
3.44005e-02
4.29753e-02
5.06833e-02
5.69013e-02
6.11338e-02
6.33558e-02
6.36463e-02
6.19621e-02
5.85822e-02
5.40969e-02
4.95090e-02
4.58847e-02
4.36813e-02
4.29252e-02
4.34987e-02
4.50052e-02
4.69402e-02
4.86693e-02
4.96249e-02
4.93077e-02
4.73302e-02
4.35151e-02
3.79216e-02
3.10378e-02
2.35284e-02
1.57727e-02
7.98626e-03
5.16651e-05
-7.85047e-03
-1.50416e-02
-2.12797e-02
-2.61642e-02
-2.96668e-02
-3.18105e-02
-3.27898e-02
-3.29937e-02
-3.29540e-02
-3.29549e-02
-3.30885e-02
-3.33700e-02
-3.37987e-02
-3.43777e-02
-3.50990e-02
-3.59730e-02
-3.68000e-02
-3.73697e-02
-3.75194e-02
-3.70744e-02
-3.59332e-02
-3.40601e-02
-3.17428e-02
-2.94832e-02
-2.78518e-02
-2.72721e-02
-2.79152e-02
-2.97505e-02
-3.24886e-02
-3.56212e-02
-3.87300e-02
-4.15567e-02
-4.37729e-02
-4.53182e-02
-4.60470e-02
-4.58490e-02
-4.46675e-02
-4.24690e-02
-3.93043e-02
-3.54259e-02
-3.10692e-02
-2.65336e-02
-2.21621e-02
-1.81206e-02
-1.43797e-02
-1.09005e-02
-7.58888e-03
-4.52531e-03
-1.80185e-03
7.03540e-04
2.90375e-03
4.81089e-03
6.65830e-03
8.60776e-03
1.09233e-02
1.37514e-02
1.71022e-02
2.08358e-02
2.45128e-02
2.77764e-02
3.01879e-02
3.14876e-02
3.15158e-02
3.01077e-02
2.72428e-02
2.30545e-02
1.78284e-02
1.20684e-02
6.28457e-03
6.07598e-04
-4.69779e-03
-9.18389e-03
-1.27062e-02
-1.50699e-02
-1.59951e-02
-1.52406e-02
-1.30017e-02
-9.54262e-03
-5.23251e-03
-5.52019e-04
4.28531e-03
9.04039e-03
1.36924e-02
1.81601e-02
2.22131e-02
2.57801e-02
2.85789e-02
3.03474e-02
3.10266e-02
3.07245e-02
2.94629e-02
2.73264e-02
2.45943e-02
2.16892e-02
1.88282e-02
1.63023e-02
1.43333e-02
1.32952e-02
1.31507e-02
1.37553e-02
1.48001e-02
1.58798e-02
1.66062e-02
1.65148e-02
1.53723e-02
1.30953e-02
9.80831e-03
5.72560e-03
1.14146e-03
-3.48016e-03
-7.32055e-03
-1.02011e-02
-1.19676e-02
-1.27169e-02
-1.27233e-02
-1.22898e-02
-1.17185e-02
-1.10700e-02
-1.03945e-02
-9.64700e-03
-8.76004e-03
-7.67889e-03
-6.36910e-03
-4.80749e-03
-2.87841e-03
-6.15415e-04
1.85082e-03
4.46114e-03
7.05102e-03
9.34297e-03
1.11842e-02
1.24612e-02
1.30915e-02
1.31841e-02
1.27243e-02
1.18711e-02
1.08474e-02
1.00241e-02
9.56389e-03
9.65560e-03
1.05202e-02
1.19789e-02
1.37757e-02
1.55851e-02
1.69439e-02
1.74763e-02
1.68058e-02
1.47725e-02
1.13337e-02
6.67167e-03
1.20478e-03
-4.60220e-03
-1.00906e-02
-1.48748e-02
-1.86976e-02
-2.15052e-02
-2.35395e-02
-2.49178e-02
-2.58010e-02
-2.62455e-02
-2.64108e-02
-2.63752e-02
-2.59876e-02
-2.52138e-02
-2.40561e-02
-2.25123e-02
-2.05133e-02
-1.80392e-02
-1.50853e-02
-1.15897e-02
-7.73003e-03
-4.03551e-03
-7.84143e-04
1.98793e-03
4.19733e-03
5.99131e-03
7.47815e-03
8.55314e-03
9.00173e-03
8.62186e-03
7.49547e-03
5.79238e-03
3.77963e-03
1.79761e-03
1.85446e-04
-7.98558e-04
-9.98797e-04
-3.39680e-04
1.12162e-03
3.32930e-03
6.12489e-03
9.09232e-03
1.18830e-02
1.42332e-02
1.58700e-02
1.68570e-02
1.70046e-02
1.61549e-02
1.42523e-02
1.12924e-02
7.45104e-03
2.91041e-03
-1.91046e-03
-6.45718e-03
-1.02720e-02
-1.27962e-02
-1.36381e-02
-1.29988e-02
-1.12298e-02
-8.69538e-03
-5.92293e-03
-3.41097e-03
-1.59843e-03
-8.67213e-04
-1.32596e-03
-2.92846e-03
-5.42076e-03
-8.46156e-03
-1.17066e-02
-1.48476e-02
-1.74824e-02
-1.93110e-02
-2.03231e-02
-2.04811e-02
-1.97435e-02
-1.81480e-02
-1.58459e-02
-1.31002e-02
-1.00954e-02
-7.03896e-03
-3.93613e-03
-9.44077e-04
1.85533e-03
4.51274e-03
6.92671e-03
9.05277e-03
1.08817e-02
1.23302e-02
1.34089e-02
1.41840e-02
1.46513e-02
1.48774e-02
1.49380e-02
1.49162e-02
1.49726e-02
1.51615e-02
1.54523e-02
1.58428e-02
1.62341e-02
1.65106e-02
1.64993e-02
1.60503e-02
1.50362e-02
1.35628e-02
1.16069e-02
9.23829e-03
6.59300e-03
3.80512e-03
1.27041e-03
-8.02456e-04
-2.23785e-03
-3.11756e-03
-3.58555e-03
-3.72202e-03
-3.63285e-03
-3.41410e-03
-3.20614e-03
-3.22888e-03
-3.74237e-03
-4.87115e-03
-6.80742e-03
-9.59552e-03
-1.30594e-02
-1.69099e-02
-2.06775e-02
-2.37838e-02
-2.59932e-02
-2.71799e-02
-2.74829e-02
-2.71083e-02
-2.62181e-02
-2.48322e-02
-2.29314e-02
-2.06154e-02
-1.80277e-02
-1.53667e-02
-1.27262e-02
-1.03674e-02
-8.60714e-03
-7.57484e-03
-7.33162e-03
-7.95208e-03
-9.38036e-03
-1.15745e-02
-1.43155e-02
-1.73780e-02
-2.04599e-02
-2.32091e-02
-2.52114e-02
-2.63583e-02
-2.66323e-02
-2.60964e-02
-2.50473e-02
-2.35376e-02
-2.15201e-02
-1.91130e-02
-1.65769e-02
-1.42203e-02
-1.22373e-02
-1.07547e-02
-9.61626e-03
-8.82355e-03
-8.30339e-03
-7.89057e-03
-7.36449e-03
-6.47544e-03
-5.01068e-03
-2.89437e-03
-2.30527e-04
2.80568e-03
6.03978e-03
9.46962e-03
1.31446e-02
1.68793e-02
2.05177e-02
2.39831e-02
2.71993e-02
3.00123e-02
3.20787e-02
3.34927e-02
3.43586e-02
3.48803e-02
3.51646e-02
3.52278e-02
3.52648e-02
3.53368e-02
3.54750e-02
3.56373e-02
3.58717e-02
3.61710e-02
3.64302e-02
3.66662e-02
3.68241e-02
3.67820e-02
3.64350e-02
3.55722e-02
3.42906e-02
3.25577e-02
3.03695e-02
2.78306e-02
2.51095e-02
2.25752e-02
2.04740e-02
1.88309e-02
1.77096e-02
1.70644e-02
1.68189e-02
1.68930e-02
1.71007e-02
1.73779e-02
1.76448e-02
1.78800e-02
1.80639e-02
1.80994e-02
1.79885e-02
1.77894e-02
1.75865e-02
1.73968e-02
1.71801e-02
1.69150e-02
1.64618e-02
1.57108e-02
1.47742e-02
1.37672e-02
1.28580e-02
1.21487e-02
1.17904e-02
1.19752e-02
1.27530e-02
1.40695e-02
1.57841e-02
1.76774e-02
1.97077e-02
2.15953e-02
2.32417e-02
2.42557e-02
2.44163e-02
2.35117e-02
2.13461e-02
1.78740e-02
1.31884e-02
7.41506e-03
1.34941e-03
-4.28797e-03
-9.51137e-03
-1.39812e-02
-1.73405e-02
-1.96504e-02
-2.11314e-02
-2.19843e-02
-2.22744e-02
-2.22116e-02
-2.19558e-02
-2.18540e-02
-2.20958e-02
-2.26856e-02
-2.33868e-02
-2.40823e-02
-2.49649e-02
-2.60498e-02
-2.73256e-02
-2.86496e-02
-2.97354e-02
-3.03070e-02
-3.01392e-02
-2.90749e-02
-2.71333e-02
-2.45414e-02
-2.16031e-02
-1.87640e-02
-1.61934e-02
-1.40059e-02
-1.25357e-02
-1.19818e-02
-1.22593e-02
-1.32994e-02
-1.49352e-02
-1.69833e-02
-1.90274e-02
-2.06646e-02
-2.16026e-02
-2.17167e-02
-2.10392e-02
-1.97288e-02
-1.79587e-02
-1.59502e-02
-1.40262e-02
-1.25963e-02
-1.20271e-02
-1.25410e-02
-1.40566e-02
-1.64815e-02
-1.95489e-02
-2.29293e-02
-2.61680e-02
-2.87038e-02
-3.01879e-02
-3.04325e-02
-2.94451e-02
-2.75108e-02
-2.50213e-02
-2.22670e-02
-1.96283e-02
-1.74156e-02
-1.59736e-02
-1.54735e-02
-1.60618e-02
-1.76860e-02
-2.00730e-02
-2.28421e-02
-2.56278e-02
-2.80536e-02
-2.96731e-02
-3.03252e-02
-2.99881e-02
-2.87116e-02
-2.66735e-02
-2.41184e-02
-2.13020e-02
-1.84229e-02
-1.57389e-02
-1.34254e-02
-1.15640e-02
-1.01308e-02
-8.89182e-03
-7.51984e-03
-5.90308e-03
-3.92587e-03
-1.56318e-03
1.22788e-03
4.31388e-03
7.61116e-03
1.12125e-02
1.49589e-02
1.86886e-02
2.21987e-02
2.53242e-02
2.78521e-02
2.95582e-02
3.02523e-02
2.97335e-02
2.80412e-02
2.55018e-02
2.24956e-02
1.93525e-02
1.66286e-02
1.47195e-02
1.37333e-02
1.36018e-02
1.41797e-02
1.51992e-02
1.64042e-02
1.74226e-02
1.78279e-02
1.73302e-02
1.56316e-02
1.26265e-02
8.51784e-03
3.56411e-03
-1.85368e-03
-7.20384e-03
-1.16286e-02
-1.47103e-02
-1.61678e-02
-1.59147e-02
-1.39218e-02
-1.03500e-02
-5.57065e-03
-4.72215e-05
5.72308e-03
1.13463e-02
1.62590e-02
2.02928e-02
2.33706e-02
2.54229e-02
2.66085e-02
2.71019e-02
2.70996e-02
2.68727e-02
2.67573e-02
2.70934e-02
2.79068e-02
2.90867e-02
3.06062e-02
3.24030e-02
3.42367e-02
3.56609e-02
3.62358e-02
3.54029e-02
3.26389e-02
2.77164e-02
2.07550e-02
1.22177e-02
2.98253e-03
-6.46976e-03
-1.54976e-02
-2.33542e-02
-2.95464e-02
-3.38317e-02
-3.61856e-02
-3.67865e-02
-3.59564e-02
-3.41968e-02
-3.19238e-02
-2.95603e-02
-2.74366e-02
-2.57779e-02
-2.46441e-02
-2.39505e-02
-2.35163e-02
-2.30614e-02
-2.22230e-02
-2.08280e-02
-1.89445e-02
-1.66323e-02
-1.40747e-02
-1.13128e-02
-8.47913e-03
-5.79863e-03
-3.29439e-03
-1.02571e-03
1.03920e-03
3.07428e-03
5.15232e-03
7.26937e-03
9.39891e-03
1.15027e-02
1.36518e-02
1.57886e-02
1.75430e-02
1.86275e-02
1.88311e-02
1.80635e-02
1.63239e-02
1.36986e-02
1.03526e-02
6.63522e-03
2.81657e-03
-6.29302e-04
-3.42474e-03
-5.35508e-03
-6.32670e-03
-6.42696e-03
-5.78274e-03
-4.44096e-03
-2.57785e-03
-3.52316e-04
2.11967e-03
4.64770e-03
7.02155e-03
9.12723e-03
1.10298e-02
1.27084e-02
1.41754e-02
1.54129e-02
1.64589e-02
1.71232e-02
1.71165e-02
1.62539e-02
1.44958e-02
1.19398e-02
8.92770e-03
5.96206e-03
3.53261e-03
1.89167e-03
1.12823e-03
1.32315e-03
2.41551e-03
4.26984e-03
6.56801e-03
8.87575e-03
1.06736e-02
1.13816e-02
1.06664e-02
8.26976e-03
4.23780e-03
-1.05761e-03
-7.02740e-03
-1.27476e-02
-1.73160e-02
-2.02096e-02
-2.12525e-02
-2.03842e-02
-1.77307e-02
-1.35583e-02
-8.46791e-03
-3.30671e-03
1.13417e-03
3.96477e-03
4.69416e-03
2.75506e-03
-1.83727e-03
-8.41744e-03
-1.58145e-02
-2.25662e-02
-2.78397e-02
-3.10208e-02
-3.18447e-02
-3.04598e-02
-2.71125e-02
-2.22418e-02
-1.65029e-02
-1.05790e-02
-5.46058e-03
-2.00438e-03
-3.47634e-04
-4.32901e-04
-2.25920e-03
-5.60463e-03
-9.93325e-03
-1.44296e-02
-1.77860e-02
-1.95883e-02
-1.95680e-02
-1.75334e-02
-1.36396e-02
-8.35459e-03
-2.20851e-03
3.96720e-03
9.58578e-03
1.39969e-02
1.69157e-02
1.85315e-02
1.90679e-02
1.88662e-02
1.82433e-02
1.73424e-02
1.61952e-02
1.47757e-02
1.32674e-02
1.14717e-02
9.20473e-03
6.35379e-03
2.97129e-03
-8.84754e-04
-4.92239e-03
-8.70113e-03
-1.20880e-02
-1.49001e-02
-1.71224e-02
-1.85018e-02
-1.91584e-02
-1.92246e-02
-1.88198e-02
-1.79021e-02
-1.66280e-02
-1.50472e-02
-1.33352e-02
-1.16864e-02
-1.01949e-02
-8.77368e-03
-7.34215e-03
-5.83669e-03
-4.07664e-03
-1.74045e-03
1.30241e-03
4.87856e-03
8.83499e-03
1.28934e-02
1.67816e-02
2.01195e-02
2.26719e-02
2.42677e-02
2.47227e-02
2.40898e-02
2.25341e-02
2.04445e-02
1.81483e-02
1.59913e-02
1.42781e-02
1.29991e-02
1.19721e-02
1.10049e-02
9.93845e-03
8.67420e-03
7.15690e-03
5.50913e-03
3.93633e-03
2.52122e-03
1.35350e-03
4.17176e-04
-3.68324e-04
-1.14089e-03
-1.92727e-03
-2.75318e-03
-3.64662e-03
-4.53796e-03
-5.33073e-03
-5.89838e-03
-6.03876e-03
-5.83353e-03
-5.42889e-03
-4.97231e-03
-4.68422e-03
-4.62045e-03
-4.68129e-03
-4.78894e-03
-4.76318e-03
-4.45446e-03
-3.85134e-03
-3.05152e-03
-2.25010e-03
-1.64791e-03
-1.38874e-03
-1.51845e-03
-2.19332e-03
-3.55758e-03
-5.50353e-03
-7.89135e-03
-1.05982e-02
-1.33283e-02
-1.57809e-02
-1.79074e-02
-1.95018e-02
-2.02269e-02
-1.98081e-02
-1.81815e-02
-1.53246e-02
-1.14369e-02
-6.86999e-03
-2.30094e-03
1.34135e-03
3.48727e-03
3.84597e-03
2.21749e-03
-1.31014e-03
-6.22976e-03
-1.17959e-02
-1.69869e-02
-2.12402e-02
-2.39768e-02
-2.45449e-02
-2.24923e-02
-1.75795e-02
-1.00581e-02
-6.31858e-04
9.37105e-03
1.84925e-02
2.58174e-02
3.03237e-02
3.19514e-02
3.09960e-02
2.75209e-02
2.19924e-02
1.51552e-02
8.03383e-03
1.60700e-03
-3.93985e-03
-8.51036e-03
-1.18472e-02
-1.39843e-02
-1.52039e-02
-1.57817e-02
-1.61001e-02
-1.64297e-02
-1.68582e-02
-1.74382e-02
-1.82345e-02
-1.92293e-02
-2.02296e-02
-2.11620e-02
-2.19412e-02
-2.24360e-02
-2.24604e-02
-2.19336e-02
-2.08208e-02
-1.90641e-02
-1.67120e-02
-1.40060e-02
-1.10264e-02
-8.01540e-03
-5.18253e-03
-2.64878e-03
-4.64023e-04
1.40906e-03
3.22033e-03
5.24841e-03
7.76069e-03
1.08388e-02
1.43675e-02
1.79716e-02
2.11476e-02
2.34690e-02
2.46230e-02
2.44930e-02
2.31787e-02
2.09653e-02
1.83451e-02
1.59330e-02
1.43711e-02
1.40721e-02
1.52896e-02
1.78355e-02
2.12593e-02
2.49706e-02
2.81240e-02
2.99221e-02
2.97102e-02
2.69223e-02
2.13414e-02
1.32329e-02
3.54717e-03
-6.43465e-03
-1.53934e-02
-2.21211e-02
-2.57273e-02
-2.54419e-02
-2.12299e-02
-1.32334e-02
-2.42217e-03
9.30046e-03
2.01683e-02
2.87922e-02
3.44090e-02
3.64933e-02
3.47938e-02
2.93167e-02
2.05656e-02
9.60667e-03
-1.91799e-03
-1.25915e-02
-2.11880e-02
-2.67692e-02
-2.90450e-02
-2.83225e-02
-2.50075e-02
-1.96681e-02
-1.31729e-02
-6.75796e-03
-1.45177e-03
2.11867e-03
3.72450e-03
3.19766e-03
6.33525e-04
-3.48165e-03
-8.58192e-03
-1.38549e-02
-1.84217e-02
-2.17491e-02
-2.35714e-02
-2.39868e-02
-2.33571e-02
-2.20471e-02
-2.04360e-02
-1.86685e-02
-1.67251e-02
-1.45540e-02
-1.22799e-02
-9.97562e-03
-7.67807e-03
-5.24010e-03
-2.63559e-03
1.23501e-04
2.99827e-03
5.84123e-03
8.55735e-03
1.10186e-02
1.29206e-02
1.39822e-02
1.39812e-02
1.29613e-02
1.11527e-02
8.88463e-03
6.61735e-03
4.66817e-03
3.31106e-03
2.69604e-03
2.84762e-03
3.74706e-03
5.18164e-03
6.80930e-03
8.13536e-03
8.85736e-03
8.85105e-03
8.02760e-03
6.60331e-03
4.94058e-03
3.36674e-03
2.08650e-03
1.22913e-03
8.93057e-04
1.03088e-03
1.46422e-03
1.94792e-03
2.17526e-03
1.94049e-03
1.13043e-03
-3.03908e-04
-2.21904e-03
-4.38102e-03
-6.47156e-03
-8.11257e-03
-8.97003e-03
-8.64780e-03
-7.09298e-03
-4.61570e-03
-1.62590e-03
1.35536e-03
3.83943e-03
5.37295e-03
5.65899e-03
4.60368e-03
2.43155e-03
-4.88618e-04
-3.57325e-03
-6.19495e-03
-7.75811e-03
-7.76085e-03
-5.80358e-03
-1.82910e-03
3.80280e-03
1.05898e-02
1.77370e-02
2.38774e-02
2.83965e-02
3.08297e-02
3.07820e-02
2.82231e-02
2.31122e-02
1.58592e-02
7.30225e-03
-1.33670e-03
-8.71332e-03
-1.43434e-02
-1.75936e-02
-1.83273e-02
-1.66831e-02
-1.29915e-02
-7.99663e-03
-2.84457e-03
1.54568e-03
4.51940e-03
5.75468e-03
5.36668e-03
3.63552e-03
9.25493e-04
-2.24166e-03
-5.32307e-03
-7.95869e-03
-9.73630e-03
-1.05153e-02
-1.04477e-02
-9.79068e-03
-8.91179e-03
-8.21922e-03
-8.06936e-03
-8.60964e-03
-9.84129e-03
-1.17542e-02
-1.40883e-02
-1.64217e-02
-1.84000e-02
-1.96928e-02
-1.98247e-02
-1.84190e-02
-1.52445e-02
-1.06364e-02
-5.16289e-03
4.73561e-04
5.52449e-03
9.31954e-03
1.14763e-02
1.18095e-02
1.01887e-02
6.87585e-03
2.26090e-03
-2.90999e-03
-7.71869e-03
-1.14385e-02
-1.36533e-02
-1.41563e-02
-1.29892e-02
-1.03739e-02
-6.80092e-03
-2.69540e-03
1.33899e-03
4.91854e-03
7.71260e-03
9.46078e-03
1.01758e-02
9.98852e-03
8.99372e-03
7.43248e-03
5.54716e-03
3.69936e-03
2.24766e-03
1.50453e-03
1.32739e-03
1.53353e-03
2.02175e-03
2.52958e-03
2.99046e-03
3.31376e-03
3.47358e-03
3.39123e-03
3.01892e-03
2.43986e-03
1.73523e-03
7.85117e-04
-4.07007e-04
-1.78464e-03
-3.30179e-03
-4.81214e-03
-6.21643e-03
-7.59571e-03
-9.07077e-03
-1.06285e-02
-1.21454e-02
-1.36250e-02
-1.49457e-02
-1.58076e-02
-1.59674e-02
-1.52905e-02
-1.37566e-02
-1.13637e-02
-8.18461e-03
-4.58074e-03
-8.54982e-04
2.83018e-03
6.10625e-03
8.60716e-03
1.02512e-02
1.10146e-02
1.10199e-02
1.03542e-02
9.17759e-03
7.67156e-03
6.09589e-03
4.59333e-03
3.33273e-03
2.24892e-03
1.29649e-03
5.71853e-04
1.01062e-04
-2.84376e-04
-6.82380e-04
-1.17294e-03
-1.84550e-03
-2.70774e-03
-3.63074e-03
-4.28947e-03
-4.49564e-03
-4.02891e-03
-2.80741e-03
-8.56980e-04
1.57254e-03
4.08574e-03
6.40190e-03
8.17670e-03
9.03259e-03
8.63725e-03
6.90354e-03
4.09954e-03
6.12079e-04
-3.16252e-03
-6.85038e-03
-9.86991e-03
-1.19740e-02
-1.31726e-02
-1.34532e-02
-1.28654e-02
-1.16483e-02
-9.99879e-03
-8.12314e-03
-6.27875e-03
-4.62751e-03
-3.46739e-03
-2.90363e-03
-3.07451e-03
-3.91364e-03
-5.18215e-03
-6.57701e-03
-7.75661e-03
-8.41083e-03
-8.36060e-03
-7.52890e-03
-5.96586e-03
-3.89285e-03
-1.61370e-03
5.69349e-04
2.32027e-03
3.39139e-03
3.73692e-03
3.46722e-03
2.68642e-03
1.59794e-03
5.23887e-04
-2.24379e-04
-3.96436e-04
1.95646e-04
1.71185e-03
4.06508e-03
7.11200e-03
1.04795e-02
1.37958e-02
1.66697e-02
1.87720e-02
1.99617e-02
2.02309e-02
1.97857e-02
1.88818e-02
1.77508e-02
1.66200e-02
1.55334e-02
1.45328e-02
1.35895e-02
1.26719e-02
1.17318e-02
1.07491e-02
9.75871e-03
8.70781e-03
7.58995e-03
6.62344e-03
6.08367e-03
6.02144e-03
6.48063e-03
7.28264e-03
8.33298e-03
9.51868e-03
1.07109e-02
1.17335e-02
1.24270e-02
1.26528e-02
1.22889e-02
1.12167e-02
9.33074e-03
6.62175e-03
3.37086e-03
4.62951e-05
-3.21233e-03
-6.03271e-03
-7.90327e-03
-8.47670e-03
-7.65954e-03
-5.61283e-03
-2.50880e-03
1.33666e-03
5.65238e-03
1.00595e-02
1.41537e-02
1.76497e-02
2.02403e-02
2.18528e-02
2.26430e-02
2.27919e-02
2.24941e-02
2.19231e-02
2.11440e-02
2.01106e-02
1.87370e-02
1.70673e-02
1.51474e-02
1.29191e-02
1.04953e-02
7.98435e-03
5.51552e-03
3.29288e-03
1.40260e-03
-3.31802e-04
-1.85232e-03
-3.08500e-03
-4.05706e-03
-4.76043e-03
-5.20462e-03
-5.44294e-03
-5.55535e-03
-5.62516e-03
-5.72095e-03
-5.83152e-03
-5.91774e-03
-5.94020e-03
-5.89139e-03
-5.70758e-03
-5.33821e-03
-4.73205e-03
-3.80059e-03
-2.43664e-03
-5.78111e-04
1.80998e-03
4.62083e-03
7.70300e-03
1.08560e-02
1.37907e-02
1.62618e-02
1.81443e-02
1.93623e-02
2.00115e-02
2.00771e-02
1.96402e-02
1.88875e-02
1.79624e-02
1.71937e-02
1.68155e-02
1.68418e-02
1.73815e-02
1.83939e-02
1.97644e-02
2.13243e-02
2.28679e-02
2.40972e-02
2.47656e-02
2.46947e-02
2.37582e-02
2.19448e-02
1.92809e-02
1.59233e-02
1.21849e-02
8.36885e-03
4.72306e-03
1.42863e-03
-1.25315e-03
-3.13683e-03
-4.26712e-03
-4.66190e-03
-4.46420e-03
-3.82927e-03
-2.89871e-03
-1.96318e-03
-1.22099e-03
-8.29974e-04
-8.10934e-04
-1.05099e-03
-1.47989e-03
-1.98751e-03
-2.45701e-03
-2.78506e-03
-2.88549e-03
-2.85240e-03
-2.80640e-03
-2.87647e-03
-3.18923e-03
-3.66948e-03
-4.26334e-03
-4.74620e-03
-5.11228e-03
-5.33960e-03
-5.40663e-03
-5.40084e-03
-5.40200e-03
-5.43719e-03
-5.56862e-03
-5.80968e-03
-6.11051e-03
-6.40912e-03
-6.59631e-03
-6.67828e-03
-6.69790e-03
-6.72001e-03
-6.76804e-03
-6.76406e-03
-6.75609e-03
-6.73855e-03
-6.78860e-03
-6.97017e-03
-7.30567e-03
-7.75181e-03
-8.36286e-03
-9.29595e-03
-1.06160e-02
-1.23406e-02
-1.43852e-02
-1.65979e-02
-1.86868e-02
-2.03536e-02
-2.14786e-02
-2.20521e-02
-2.20367e-02
-2.15238e-02
-2.06759e-02
-1.95834e-02
-1.84951e-02
-1.75791e-02
-1.70485e-02
-1.71043e-02
-1.77891e-02
-1.90902e-02
-2.08864e-02
-2.29932e-02
-2.50330e-02
-2.67224e-02
-2.77374e-02
-2.78475e-02
-2.69495e-02
-2.50401e-02
-2.22547e-02
-1.88621e-02
-1.51024e-02
-1.12147e-02
-7.46684e-03
-3.97654e-03
-9.04767e-04
1.68339e-03
3.72400e-03
5.30873e-03
6.44719e-03
7.01458e-03
7.20716e-03
7.19934e-03
6.97078e-03
6.51409e-03
5.89397e-03
5.14835e-03
4.35596e-03
3.56633e-03
2.88096e-03
2.35518e-03
2.12389e-03
2.16182e-03
2.42113e-03
2.95880e-03
3.49726e-03
3.97803e-03
4.27793e-03
4.26317e-03
4.00384e-03
3.48681e-03
2.77977e-03
2.02063e-03
1.43151e-03
1.11120e-03
1.13375e-03
1.55619e-03
2.36348e-03
3.50203e-03
4.87127e-03
6.34521e-03
7.81770e-03
9.16186e-03
1.02063e-02
1.07869e-02
1.08764e-02
1.04836e-02
9.85289e-03
9.08383e-03
8.25128e-03
7.38356e-03
6.53215e-03
5.81784e-03
5.29324e-03
4.90460e-03
4.59172e-03
4.36226e-03
4.15966e-03
3.93877e-03
3.68947e-03
3.35092e-03
2.96835e-03
2.67720e-03
2.47663e-03
2.32395e-03
2.17802e-03
2.08718e-03
2.08296e-03
2.27588e-03
2.71549e-03
3.34305e-03
3.91850e-03
4.33400e-03
4.39633e-03
3.99871e-03
3.14678e-03
1.95821e-03
5.66844e-04
-8.20697e-04
-2.09885e-03
-3.22444e-03
-4.18366e-03
-4.98717e-03
-5.58069e-03
-6.00317e-03
-6.26587e-03
-6.47035e-03
-6.66651e-03
-6.91680e-03
-7.19009e-03
-7.49740e-03
-7.76819e-03
-7.92909e-03
-7.83469e-03
-7.46318e-03
-6.79595e-03
-5.86047e-03
-4.70162e-03
-3.42003e-03
-2.10699e-03
-8.02756e-04
3.29001e-04
1.26222e-03
1.88845e-03
2.19947e-03
2.18269e-03
2.01765e-03
1.83929e-03
1.81730e-03
2.16319e-03
2.97054e-03
4.21396e-03
5.87488e-03
7.76776e-03
9.59575e-03
1.12911e-02
1.27730e-02
1.39325e-02
1.47473e-02
1.51277e-02
1.50247e-02
1.45305e-02
1.36632e-02
1.26308e-02
1.16859e-02
1.09802e-02
1.05761e-02
1.05403e-02
1.08950e-02
1.15846e-02
1.25602e-02
1.37214e-02
1.49476e-02
1.60412e-02
1.68200e-02
1.72522e-02
1.73341e-02
1.71578e-02
1.68043e-02
1.64358e-02
1.60807e-02
1.57154e-02
1.53784e-02
1.48915e-02
1.41346e-02
1.30730e-02
1.17442e-02
1.02607e-02
8.77977e-03
7.35623e-03
6.01101e-03
4.72119e-03
3.67201e-03
2.89587e-03
2.50326e-03
2.60535e-03
3.12115e-03
3.87536e-03
4.74361e-03
5.67402e-03
6.43261e-03
6.93837e-03
7.12023e-03
6.95748e-03
6.54309e-03
5.70080e-03
4.46571e-03
2.94781e-03
1.20738e-03
-5.52430e-04
-2.04362e-03
-3.10439e-03
-3.60039e-03
-3.57076e-03
-3.13285e-03
-2.34157e-03
-1.35218e-03
-2.91513e-04
7.46086e-04
1.75684e-03
2.68540e-03
3.42930e-03
3.88008e-03
4.08326e-03
4.02723e-03
3.75956e-03
3.37249e-03
2.80420e-03
2.13475e-03
1.44727e-03
8.21203e-04
2.15337e-04
-3.16212e-04
-6.68914e-04
-9.72581e-04
-1.14687e-03
-1.19569e-03
-1.17022e-03
-1.17103e-03
-1.29472e-03
-1.60312e-03
-2.11264e-03
-2.82510e-03
-3.64784e-03
-4.46121e-03
-5.20090e-03
-5.80173e-03
-6.20338e-03
-6.33913e-03
-6.14466e-03
-5.60869e-03
-4.81037e-03
-3.91887e-03
-2.95302e-03
-2.08080e-03
-1.42197e-03
-1.09543e-03
-1.22074e-03
-1.80994e-03
-2.75464e-03
-3.88161e-03
-5.01760e-03
-5.99439e-03
-6.69393e-03
-7.05885e-03
-7.05646e-03
-6.63594e-03
-5.77112e-03
-4.38290e-03
-2.69287e-03
-7.82898e-04
1.21381e-03
3.03940e-03
4.44817e-03
5.27576e-03
5.56607e-03
5.35237e-03
4.70939e-03
3.82660e-03
2.88196e-03
1.98671e-03
1.32548e-03
8.98379e-04
5.85966e-04
2.46381e-04
-2.98468e-04
-1.12199e-03
-2.17907e-03
-3.23254e-03
-4.15791e-03
-4.93245e-03
-5.48380e-03
-5.93819e-03
-6.28651e-03
-6.65282e-03
-7.07932e-03
-7.50340e-03
-7.91743e-03
-8.39753e-03
-8.94837e-03
-9.56580e-03
-1.02784e-02
-1.10642e-02
-1.18360e-02
-1.25882e-02
-1.33112e-02
-1.39425e-02
-1.44012e-02
-1.45613e-02
-1.42839e-02
-1.34991e-02
-1.22986e-02
-1.08309e-02
-9.31443e-03
-7.89026e-03
-6.68556e-03
-5.78620e-03
-5.18656e-03
-4.77899e-03
-4.60619e-03
-4.58897e-03
-4.71760e-03
-4.91020e-03
-5.18743e-03
-5.48019e-03
-5.72741e-03
-5.85307e-03
-5.89766e-03
-5.97133e-03
-6.08003e-03
-6.24624e-03
-6.42319e-03
-6.63706e-03
-6.86005e-03
-7.15836e-03
-7.59675e-03
-8.22041e-03
-8.98084e-03
-9.77763e-03
-1.04890e-02
-1.10570e-02
-1.15949e-02
-1.21138e-02
-1.24832e-02
-1.26420e-02
-1.25335e-02
-1.21621e-02
-1.16366e-02
-1.09815e-02
-1.01398e-02
-9.17734e-03
-8.18349e-03
-7.22473e-03
-6.37980e-03
-5.59665e-03
-4.87363e-03
-4.16664e-03
-3.46827e-03
-2.78792e-03
-2.12618e-03
-1.48415e-03
-8.89220e-04
-3.49411e-04
1.99650e-04
7.46917e-04
1.23202e-03
1.61844e-03
1.92529e-03
2.12330e-03
2.20790e-03
2.20967e-03
2.14271e-03
1.96803e-03
1.59326e-03
9.80787e-04
1.42851e-04
-7.64207e-04
-1.71132e-03
-2.61061e-03
-3.37026e-03
-3.87987e-03
-4.37479e-03
-4.88810e-03
-5.46007e-03
-6.22528e-03
-7.09889e-03
-7.94012e-03
-8.65004e-03
-9.11446e-03
-9.40892e-03
-9.63167e-03
-9.83388e-03
-1.00480e-02
-1.03175e-02
-1.07071e-02
-1.12515e-02
-1.19706e-02
-1.28118e-02
-1.36528e-02
-1.45375e-02
-1.54414e-02
-1.61365e-02
-1.65904e-02
-1.67723e-02
-1.66490e-02
-1.62046e-02
-1.54765e-02
-1.44415e-02
-1.30613e-02
-1.14802e-02
-9.77613e-03
-8.09490e-03
-6.58216e-03
-5.38195e-03
-4.51058e-03
-4.00173e-03
-3.81279e-03
-3.83301e-03
-3.99867e-03
-4.35717e-03
-4.85870e-03
-5.41862e-03
-5.96778e-03
-6.29262e-03
-6.38597e-03
-6.25551e-03
-6.00271e-03
-5.70176e-03
-5.39265e-03
-5.18198e-03
-5.13672e-03
-5.20515e-03
-5.35907e-03
-5.69556e-03
-6.14053e-03
-6.63091e-03
-7.22222e-03
-7.75362e-03
-8.14095e-03
-8.35048e-03
-8.31161e-03
-8.03388e-03
-7.52328e-03
-6.87599e-03
-6.04908e-03
-5.10073e-03
-4.09953e-03
-3.01256e-03
-1.95333e-03
-1.04907e-03
-3.77689e-04
-1.79186e-05
1.43592e-04
1.08988e-04
-1.66828e-04
-6.22831e-04
-1.17133e-03
-1.79976e-03
-2.43587e-03
-3.01329e-03
-3.50004e-03
-3.90130e-03
-4.14388e-03
-4.27996e-03
-4.34070e-03
-4.34227e-03
-4.35284e-03
-4.48183e-03
-4.75232e-03
-5.26413e-03
-5.95715e-03
-6.81750e-03
-7.84399e-03
-8.92135e-03
-9.92566e-03
-1.07805e-02
-1.14088e-02
-1.17495e-02
-1.17483e-02
-1.14414e-02
-1.08319e-02
-9.97140e-03
-8.95521e-03
-7.90414e-03
-7.00525e-03
-6.25669e-03
-5.50993e-03
-4.77085e-03
-3.98528e-03
-3.08217e-03
-2.24883e-03
-1.40165e-03
-5.20872e-04
4.63379e-04
1.52476e-03
2.66571e-03
3.79107e-03
4.95250e-03
6.16798e-03
7.34783e-03
8.45276e-03
9.35055e-03
9.86245e-03
9.95214e-03
9.66852e-03
9.16708e-03
8.43492e-03
7.59967e-03
6.82284e-03
6.30286e-03
6.18886e-03
6.47019e-03
7.07995e-03
7.81822e-03
8.72317e-03
9.73693e-03
1.08280e-02
1.18953e-02
1.29119e-02
1.37982e-02
1.44507e-02
1.48516e-02
1.51343e-02
1.52408e-02
1.50652e-02
1.46586e-02
1.41417e-02
1.36523e-02
1.31421e-02
1.25964e-02
1.20304e-02
1.15087e-02
1.12245e-02
1.11976e-02
1.13835e-02
1.16709e-02
1.18727e-02
1.19127e-02
1.17861e-02
1.14581e-02
1.09864e-02
1.05207e-02
1.01170e-02
9.83790e-03
9.69350e-03
9.71747e-03
9.90813e-03
1.03002e-02
1.08237e-02
1.14622e-02
1.21417e-02
1.27308e-02
1.31808e-02
1.34923e-02
1.36929e-02
1.37946e-02
1.37409e-02
1.35588e-02
1.33157e-02
1.31436e-02
1.30787e-02
1.30950e-02
1.31897e-02
1.33647e-02
1.35769e-02
1.38377e-02
1.40300e-02
1.40640e-02
1.39873e-02
1.38463e-02
1.36243e-02
1.33604e-02
1.30651e-02
1.26708e-02
1.21644e-02
1.15484e-02
1.08463e-02
1.00626e-02
9.15865e-03
8.18139e-03
7.21922e-03
6.48287e-03
6.00534e-03
5.72254e-03
5.45623e-03
5.10568e-03
4.78079e-03
4.41633e-03
4.05851e-03
3.69887e-03
3.34303e-03
2.93443e-03
2.51535e-03
2.09141e-03
1.61546e-03
1.07064e-03
4.85921e-04
-1.01458e-04
-6.70206e-04
-1.13888e-03
-1.54768e-03
-1.94890e-03
-2.36680e-03
-2.91723e-03
-3.66390e-03
-4.50147e-03
-5.40710e-03
-6.29422e-03
-7.05682e-03
-7.55065e-03
-7.85648e-03
-8.09197e-03
-8.33762e-03
-8.58379e-03
-8.86631e-03
-9.15173e-03
-9.42324e-03
-9.65432e-03
-9.73834e-03
-9.67423e-03
-9.48637e-03
-9.10156e-03
-8.49456e-03
-7.66149e-03
-6.56806e-03
-5.24199e-03
-3.75392e-03
-2.16511e-03
-5.05665e-04
1.15530e-03
2.68309e-03
4.00902e-03
4.97871e-03
5.52062e-03
5.75110e-03
5.74258e-03
5.44013e-03
4.87885e-03
4.18221e-03
3.47936e-03
2.80829e-03
2.23421e-03
1.77383e-03
1.43169e-03
1.24387e-03
1.13467e-03
1.09694e-03
1.12651e-03
1.21373e-03
1.27656e-03
1.22301e-03
1.08556e-03
8.61737e-04
4.73189e-04
-7.57241e-05
-7.45486e-04
-1.51879e-03
-2.31226e-03
-2.85905e-03
-3.14748e-03
-3.18765e-03
-3.09096e-03
-2.71932e-03
-2.20599e-03
-1.65099e-03
-1.13951e-03
-6.75830e-04
-2.73223e-04
3.64996e-05
2.78993e-04
4.16150e-04
4.89168e-04
4.78403e-04
4.27563e-04
3.56209e-04
4.04874e-04
6.17438e-04
9.62954e-04
1.40332e-03
1.90319e-03
2.64341e-03
3.58646e-03
4.58076e-03
5.47855e-03
6.26476e-03
6.89680e-03
7.40998e-03
7.88185e-03
8.29280e-03
8.64824e-03
8.87581e-03
8.95576e-03
8.89683e-03
8.69704e-03
8.40926e-03
8.06195e-03
7.72520e-03
7.47750e-03
7.31442e-03
7.21918e-03
7.16763e-03
7.19067e-03
7.25986e-03
7.39269e-03
7.52334e-03
7.62984e-03
7.66701e-03
7.63608e-03
7.51894e-03
7.29035e-03
7.00750e-03
6.67289e-03
6.31873e-03
5.95625e-03
5.65328e-03
5.43969e-03
5.35253e-03
5.35826e-03
5.37181e-03
5.39523e-03
5.49009e-03
5.67897e-03
6.00878e-03
6.46330e-03
7.04410e-03
7.60257e-03
8.07588e-03
8.40938e-03
8.46984e-03
8.25338e-03
7.77680e-03
7.21217e-03
6.70630e-03
6.37284e-03
6.22809e-03
6.19219e-03
6.20275e-03
6.21696e-03
6.22054e-03
6.15299e-03
6.08769e-03
6.12362e-03
6.23727e-03
6.46241e-03
6.63115e-03
6.80042e-03
6.97221e-03
6.98558e-03
6.84904e-03
6.66401e-03
6.50382e-03
6.34453e-03
6.15984e-03
5.97016e-03
5.80123e-03
5.65907e-03
5.57639e-03
5.53111e-03
5.45379e-03
5.32712e-03
5.07108e-03
4.69917e-03
4.21837e-03
3.67143e-03
3.14466e-03
2.67329e-03
2.24068e-03
1.81790e-03
1.45844e-03
1.18163e-03
1.07394e-03
1.19028e-03
1.44012e-03
1.65270e-03
1.75217e-03
1.68474e-03
1.53266e-03
1.40558e-03
1.36371e-03
1.36818e-03
1.43031e-03
1.54211e-03
1.62922e-03
1.64558e-03
1.40948e-03
8.47815e-04
4.59647e-05
-7.48008e-04
-1.34371e-03
-1.71596e-03
-1.90124e-03
-1.92022e-03
-1.92201e-03
-1.96038e-03
-2.11399e-03
-2.34289e-03
-2.61609e-03
-2.97527e-03
-3.55780e-03
-4.25990e-03
-5.03866e-03
-5.86702e-03
-6.71437e-03
-7.53711e-03
-8.25178e-03
-8.79755e-03
-9.24298e-03
-9.64447e-03
-1.00057e-02
-1.01354e-02
-1.00279e-02
-9.74109e-03
-9.46475e-03
-9.28399e-03
-9.26074e-03
-9.38045e-03
-9.60910e-03
-9.92393e-03
-1.03734e-02
-1.09546e-02
-1.15389e-02
-1.19802e-02
-1.22620e-02
-1.23613e-02
-1.22797e-02
-1.20731e-02
-1.17365e-02
-1.13330e-02
-1.10013e-02
-1.06827e-02
-1.03746e-02
-1.00514e-02
-9.67318e-03
-9.35642e-03
-9.12392e-03
-8.85461e-03
-8.44385e-03
-7.86921e-03
-7.23602e-03
-6.57889e-03
-5.95850e-03
-5.35149e-03
-4.83931e-03
-4.46735e-03
-4.20118e-03
-4.08672e-03
-4.03962e-03
-4.03629e-03
-4.11562e-03
-4.29599e-03
-4.48835e-03
-4.58637e-03
-4.60408e-03
-4.49722e-03
-4.25597e-03
-3.87861e-03
-3.48523e-03
-3.14173e-03
-2.75972e-03
-2.54384e-03
-2.51754e-03
-2.57909e-03
-2.65343e-03
-2.76473e-03
-2.87921e-03
-3.02328e-03
-3.15833e-03
-3.30856e-03
-3.48019e-03
-3.72133e-03
-4.06623e-03
-4.47326e-03
-4.90515e-03
-5.35036e-03
-5.77806e-03
-6.15432e-03
-6.50396e-03
-6.80771e-03
-7.05057e-03
-7.15181e-03
-7.08363e-03
-6.80919e-03
-6.44762e-03
-6.20746e-03
-6.22076e-03
-6.54574e-03
-7.15504e-03
-7.92336e-03
-8.75864e-03
-9.46854e-03
-1.00455e-02
-1.05136e-02
-1.07756e-02
-1.08420e-02
-1.07062e-02
-1.03888e-02
-1.00448e-02
-9.68769e-03
-9.34349e-03
-8.94607e-03
-8.41295e-03
-7.82224e-03
-7.26771e-03
-6.70855e-03
-6.24574e-03
-5.94246e-03
-5.72750e-03
-5.57370e-03
-5.39249e-03
-5.03078e-03
-4.34359e-03
-3.36249e-03
-2.27898e-03
-1.27881e-03
-3.89006e-04
4.15830e-04
1.20602e-03
1.93583e-03
2.55969e-03
3.05485e-03
3.38656e-03
3.62740e-03
3.87617e-03
4.12388e-03
4.40258e-03
4.77387e-03
5.25947e-03
5.83773e-03
6.39794e-03
6.82664e-03
7.01024e-03
7.00644e-03
6.86257e-03
6.68122e-03
6.56617e-03
6.45256e-03
6.27199e-03
6.04028e-03
5.78398e-03
5.50255e-03
5.24727e-03
5.07206e-03
5.01726e-03
5.03677e-03
5.07010e-03
5.10729e-03
5.08550e-03
5.00295e-03
4.81791e-03
4.41610e-03
3.86857e-03
3.22220e-03
2.58122e-03
1.93213e-03
1.33877e-03
8.52762e-04
5.45674e-04
3.79065e-04
3.49803e-04
4.00421e-04
5.12668e-04
7.42991e-04
8.63354e-04
7.93294e-04
4.09689e-04
-2.84643e-04
-1.26114e-03
-2.35139e-03
-3.40971e-03
-4.35770e-03
-5.19707e-03
-5.70310e-03
-5.84484e-03
-5.60239e-03
-5.11585e-03
-4.66455e-03
-4.43191e-03
-4.21833e-03
-4.02229e-03
-3.93400e-03
-4.00278e-03
-4.29741e-03
-4.79107e-03
-5.51284e-03
-6.52914e-03
-7.79300e-03
-9.15589e-03
-1.04766e-02
-1.16628e-02
-1.24872e-02
-1.28906e-02
-1.28994e-02
-1.27187e-02
-1.24570e-02
-1.21483e-02
-1.18840e-02
-1.16863e-02
-1.15833e-02
-1.15894e-02
-1.16715e-02
-1.18377e-02
-1.21659e-02
-1.26696e-02
-1.32287e-02
-1.37132e-02
-1.40814e-02
-1.42031e-02
-1.41605e-02
-1.38433e-02
-1.32280e-02
-1.23415e-02
-1.13735e-02
-1.05320e-02
-9.87972e-03
-9.36874e-03
-8.96933e-03
-8.56940e-03
-8.15945e-03
-7.77982e-03
-7.42266e-03
-7.10322e-03
-6.81211e-03
-6.51846e-03
-6.23436e-03
-5.87747e-03
-5.41944e-03
-4.85548e-03
-4.18658e-03
-3.46194e-03
-2.67651e-03
-1.84272e-03
-8.78569e-04
2.10801e-04
1.27591e-03
2.22524e-03
3.03732e-03
3.69505e-03
4.05672e-03
4.11786e-03
4.01442e-03
3.85485e-03
3.74635e-03
3.70881e-03
3.79181e-03
3.98999e-03
4.36715e-03
5.00512e-03
5.91257e-03
6.97597e-03
8.01841e-03
8.95740e-03
9.70383e-03
1.01859e-02
1.04840e-02
1.05509e-02
1.04463e-02
1.02759e-02
1.01164e-02
1.01038e-02
1.02784e-02
1.07588e-02
1.14916e-02
1.24688e-02
1.36380e-02
1.49113e-02
1.61579e-02
1.71752e-02
1.78795e-02
1.82368e-02
1.82881e-02
1.80986e-02
1.77041e-02
1.71099e-02
1.64028e-02
1.57230e-02
1.51693e-02
1.47846e-02
1.45897e-02
1.45722e-02
1.47054e-02
1.48766e-02
1.50640e-02
1.52186e-02
1.52274e-02
1.49680e-02
1.43331e-02
1.34272e-02
1.24681e-02
1.16174e-02
1.09387e-02
1.04943e-02
1.02326e-02
1.01780e-02
1.02838e-02
1.05000e-02
1.06643e-02
1.06894e-02
1.03969e-02
9.80162e-03
8.88894e-03
7.66244e-03
6.17076e-03
4.48944e-03
2.80241e-03
1.22317e-03
-2.13476e-04
-1.30443e-03
-1.92913e-03
-2.09716e-03
-1.71938e-03
-7.93184e-04
5.27791e-04
2.00423e-03
3.51660e-03
4.89450e-03
5.90456e-03
6.48878e-03
6.65016e-03
6.37930e-03
5.76258e-03
4.84113e-03
3.77612e-03
2.80465e-03
2.01135e-03
1.41893e-03
1.00672e-03
8.06631e-04
7.64297e-04
8.68279e-04
1.04707e-03
1.24379e-03
1.37934e-03
1.44813e-03
1.51594e-03
1.53697e-03
1.36719e-03
9.29769e-04
2.60262e-04
-5.97727e-04
-1.49318e-03
-2.26150e-03
-2.83846e-03
-3.16809e-03
-3.12629e-03
-2.71677e-03
-2.11621e-03
-1.41712e-03
-7.23444e-04
-4.08830e-05
5.54411e-04
1.03543e-03
1.37065e-03
1.49812e-03
1.46212e-03
1.29075e-03
1.01376e-03
6.70395e-04
2.05115e-04
-3.14519e-04
-7.68829e-04
-1.16278e-03
-1.63846e-03
-2.15298e-03
-2.63819e-03
-3.14554e-03
-3.81546e-03
-4.66519e-03
-5.64646e-03
-6.67291e-03
-7.71208e-03
-8.63892e-03
-9.33843e-03
-9.78191e-03
-9.97831e-03
-9.98401e-03
-9.80862e-03
-9.47408e-03
-8.95438e-03
-8.23541e-03
-7.33227e-03
-6.33719e-03
-5.44826e-03
-4.81477e-03
-4.57224e-03
-4.83358e-03
-5.64539e-03
-6.88496e-03
-8.23734e-03
-9.44927e-03
-1.03208e-02
-1.08280e-02
-1.09993e-02
-1.07800e-02
-1.01456e-02
-9.21806e-03
-8.05429e-03
-6.72614e-03
-5.35581e-03
-4.06184e-03
-2.93910e-03
-2.16390e-03
-1.63721e-03
-1.29900e-03
-1.13115e-03
-1.12426e-03
-1.23323e-03
-1.42899e-03
-1.61412e-03
-1.62001e-03
-1.40335e-03
-8.99364e-04
-2.32771e-04
4.41645e-04
9.81800e-04
1.27058e-03
1.30027e-03
1.13835e-03
7.66379e-04
3.21589e-04
-2.23483e-05
-1.68556e-04
-1.28504e-04
1.18376e-04
6.45751e-04
1.45935e-03
2.53688e-03
3.76345e-03
4.95183e-03
5.91808e-03
6.58279e-03
6.82197e-03
6.54337e-03
5.83912e-03
4.89058e-03
3.77757e-03
2.65701e-03
1.67033e-03
9.50517e-04
6.87610e-04
9.22931e-04
1.53309e-03
2.36344e-03
3.29742e-03
4.29761e-03
5.27378e-03
6.00450e-03
6.32939e-03
6.16022e-03
5.54473e-03
4.50225e-03
3.16149e-03
1.70234e-03
2.56442e-04
-1.08032e-03
-2.16198e-03
-2.94170e-03
-3.35153e-03
-3.38833e-03
-3.20900e-03
-2.96735e-03
-2.84390e-03
-2.89133e-03
-3.07420e-03
-3.42236e-03
-3.78411e-03
-4.12502e-03
-4.40236e-03
-4.56703e-03
-4.46854e-03
-4.04499e-03
-3.25323e-03
-2.06668e-03
-6.63548e-04
7.75982e-04
2.21122e-03
3.42698e-03
4.37217e-03
5.10441e-03
5.62603e-03
5.81996e-03
5.66379e-03
5.25872e-03
4.66566e-03
3.92275e-03
3.06824e-03
2.14993e-03
1.25696e-03
4.47112e-04
9.12469e-07
-1.49354e-04
-5.42959e-05
1.13771e-04
1.72930e-04
1.80320e-05
-3.90779e-04
-1.02191e-03
-1.90976e-03
-3.01616e-03
-4.32277e-03
-5.72633e-03
-7.14203e-03
-8.42539e-03
-9.57053e-03
-1.04624e-02
-1.10968e-02
-1.14654e-02
-1.16242e-02
-1.15228e-02
-1.10166e-02
-1.01337e-02
-8.86132e-03
-7.45758e-03
-6.16179e-03
-5.11862e-03
-4.39392e-03
-3.97400e-03
-3.90044e-03
-4.04819e-03
-4.34081e-03
-4.61498e-03
-4.75704e-03
-4.75254e-03
-4.63970e-03
-4.48533e-03
-4.29225e-03
-4.05627e-03
-3.88527e-03
-3.81758e-03
-3.85063e-03
-3.99261e-03
-4.28638e-03
-4.63327e-03
-4.94685e-03
-5.12936e-03
-5.19435e-03
-5.25775e-03
-5.34111e-03
-5.52270e-03
-5.79845e-03
-6.20055e-03
-6.66273e-03
-7.10874e-03
-7.41428e-03
-7.48976e-03
-7.35199e-03
-6.93656e-03
-6.25351e-03
-5.27497e-03
-4.06738e-03
-2.82775e-03
-1.54579e-03
-2.72325e-04
8.73434e-04
1.86249e-03
2.63885e-03
3.21114e-03
3.60731e-03
3.92052e-03
4.15267e-03
4.34464e-03
4.55533e-03
4.83604e-03
5.27919e-03
5.85745e-03
6.54163e-03
7.20891e-03
7.87298e-03
8.48379e-03
9.03054e-03
9.41797e-03
9.58114e-03
9.44924e-03
9.01435e-03
8.40682e-03
7.58268e-03
6.63562e-03
5.66600e-03
4.84772e-03
4.24847e-03
3.91775e-03
3.93612e-03
4.29343e-03
4.82983e-03
5.34521e-03
5.54243e-03
5.38294e-03
4.85481e-03
4.05479e-03
3.04588e-03
1.96345e-03
9.42621e-04
2.15092e-05
-6.38586e-04
-1.07940e-03
-1.23319e-03
-1.09841e-03
-6.93301e-04
-1.45897e-04
4.51415e-04
1.09764e-03
1.86320e-03
2.65776e-03
3.21373e-03
3.42857e-03
3.28468e-03
2.85003e-03
2.14329e-03
1.32228e-03
4.90822e-04
-1.62827e-04
-4.90065e-04
-4.44340e-04
-1.11626e-04
4.68644e-04
1.16958e-03
1.89946e-03
2.50666e-03
2.83897e-03
2.85993e-03
2.60143e-03
2.06521e-03
1.30565e-03
3.46732e-04
-7.14353e-04
-1.79570e-03
-2.85424e-03
-3.80716e-03
-4.66873e-03
-5.46827e-03
-6.17790e-03
-6.80302e-03
-7.30595e-03
-7.65954e-03
-7.81414e-03
-7.75663e-03
-7.54206e-03
-7.40671e-03
-7.32664e-03
-7.24596e-03
-7.18335e-03
-6.94127e-03
-6.53290e-03
-6.01772e-03
-5.41003e-03
-4.77794e-03
-4.22397e-03
-3.78587e-03
-3.45452e-03
-3.18493e-03
-2.92622e-03
-2.70520e-03
-2.55347e-03
-2.51823e-03
-2.55878e-03
-2.54813e-03
-2.43025e-03
-2.12264e-03
-1.59646e-03
-1.02431e-03
-3.73710e-04
1.35033e-04
4.59184e-04
7.09313e-04
9.31964e-04
1.10299e-03
1.17657e-03
1.14495e-03
1.03873e-03
1.00180e-03
1.09570e-03
1.24721e-03
1.49064e-03
1.77947e-03
2.13088e-03
2.57819e-03
3.10946e-03
3.70499e-03
4.25109e-03
4.76298e-03
5.16424e-03
5.38387e-03
5.43181e-03
5.27016e-03
4.87858e-03
4.21038e-03
3.32593e-03
2.42681e-03
1.69387e-03
1.24253e-03
1.10429e-03
1.28342e-03
1.70720e-03
2.36771e-03
3.20876e-03
4.16075e-03
5.13289e-03
5.92364e-03
6.46182e-03
6.74116e-03
6.73681e-03
6.48785e-03
6.07916e-03
5.53356e-03
4.85214e-03
4.22020e-03
3.73075e-03
3.39229e-03
3.17075e-03
3.03248e-03
3.00704e-03
3.15943e-03
3.56838e-03
4.06514e-03
4.52299e-03
4.94947e-03
5.32526e-03
5.59406e-03
5.72727e-03
5.69312e-03
5.49834e-03
5.11839e-03
4.60073e-03
4.02806e-03
3.52809e-03
3.10294e-03
2.73938e-03
2.53074e-03
2.46659e-03
2.51835e-03
2.66441e-03
2.86680e-03
3.06654e-03
3.25589e-03
3.48049e-03
3.67192e-03
3.77481e-03
3.73447e-03
3.56045e-03
3.31152e-03
3.06193e-03
2.80284e-03
2.63915e-03
2.61963e-03
2.70022e-03
2.84833e-03
3.00083e-03
3.13512e-03
3.25600e-03
3.37750e-03
3.45477e-03
3.42770e-03
3.31141e-03
3.09384e-03
2.80214e-03
2.56421e-03
2.41356e-03
2.33488e-03
2.35523e-03
2.48964e-03
2.61212e-03
2.68497e-03
2.74020e-03
2.73339e-03
2.69256e-03
2.59268e-03
2.44874e-03
2.25458e-03
2.06193e-03
1.89291e-03
1.71229e-03
1.56917e-03
1.46565e-03
1.38097e-03
1.25119e-03
1.04484e-03
7.25831e-04
3.58453e-04
-7.88985e-06
-3.24398e-04
-5.66024e-04
-7.14831e-04
-7.71134e-04
-7.80215e-04
-7.68731e-04
-7.52714e-04
-7.45877e-04
-7.05180e-04
-5.89992e-04
-4.34942e-04
-2.84860e-04
-1.76306e-04
-1.67815e-04
-2.82225e-04
-4.99945e-04
-8.55147e-04
-1.22669e-03
-1.57670e-03
-1.88110e-03
-2.13444e-03
-2.35225e-03
-2.52388e-03
-2.68363e-03
-2.79910e-03
-2.87963e-03
-2.95833e-03
-3.06754e-03
-3.17859e-03
-3.28725e-03
-3.36626e-03
-3.40702e-03
-3.40234e-03
-3.36476e-03
-3.32743e-03
-3.30371e-03
-3.29903e-03
-3.29790e-03
-3.27892e-03
-3.25830e-03
-3.24330e-03
-3.21690e-03
-3.15585e-03
-3.06357e-03
-2.95513e-03
-2.83989e-03
-2.73196e-03
-2.63980e-03
-2.56710e-03
-2.52878e-03
-2.50711e-03
-2.49204e-03
-2.46585e-03
-2.45611e-03
-2.45845e-03
-2.47715e-03
-2.48887e-03
-2.48617e-03
-2.50011e-03
-2.52938e-03
-2.58367e-03
-2.67370e-03
-2.79570e-03
-2.90508e-03
-2.99206e-03
-3.05843e-03
-3.09314e-03
-3.11263e-03
-3.10664e-03
-3.07164e-03
-3.00262e-03
-2.88436e-03
-2.73852e-03
-2.55989e-03
-2.35590e-03
-2.13378e-03
-1.89685e-03
-1.66476e-03
-1.43374e-03
-1.22095e-03
-1.05373e-03
-8.99768e-04
-7.64858e-04
-6.43041e-04
-5.36730e-04
-4.44672e-04
-3.56728e-04
-2.84457e-04
-2.27598e-04
-1.83391e-04
-1.52726e-04
-1.31529e-04
-1.16657e-04
-9.00774e-05
-4.66200e-05
9.04343e-06
7.40706e-05
1.40436e-04
2.06604e-04
2.84463e-04
3.59824e-04
4.25299e-04
4.83581e-04
5.27721e-04
5.62151e-04
5.80824e-04
5.70809e-04
5.38055e-04
4.92873e-04
4.43342e-04
4.09910e-04
4.03924e-04
4.15228e-04
4.36162e-04
4.62794e-04
4.93378e-04
5.19853e-04
5.42219e-04
5.56912e-04
5.61488e-04
5.61409e-04
5.57704e-04
5.54105e-04
5.45164e-04
5.26902e-04
4.99425e-04
4.63882e-04
4.23442e-04
3.78031e-04
3.28963e-04
2.80169e-04
2.36376e-04
2.04659e-04
1.82870e-04
1.65256e-04
1.51826e-04
1.40528e-04
1.28630e-04
1.17185e-04
1.04616e-04
9.02785e-05
7.57526e-05
6.58994e-05
6.33292e-05
6.70868e-05
7.76604e-05
8.95329e-05
1.02131e-04
1.17388e-04
1.35085e-04
1.51165e-04
1.64273e-04
1.72867e-04
1.78474e-04
1.81078e-04
1.83114e-04
1.85070e-04
1.85632e-04
1.85581e-04
1.84086e-04
1.80763e-04
1.76762e-04
1.72906e-04
1.69464e-04
1.66136e-04
1.63365e-04
1.60307e-04
1.56532e-04
1.52740e-04
1.48564e-04
1.43575e-04
1.37594e-04
1.31042e-04
1.23954e-04
1.16291e-04
1.08131e-04
9.99421e-05
9.19138e-05
8.44019e-05
7.72742e-05
7.03293e-05
6.33714e-05
5.65267e-05
4.93898e-05
4.17523e-05
3.36174e-05
2.54282e-05
1.71685e-05
8.88620e-06
7.80445e-07
-7.11818e-06
-1.47765e-05
-2.21647e-05
-2.93129e-05
-3.62272e-05
-4.28616e-05
-4.93587e-05
-5.57956e-05
-6.21933e-05
-6.85823e-05
-7.49759e-05
-8.13691e-05
-8.77115e-05
-9.39959e-05
-1.00232e-04
-1.06389e-04
-1.12481e-04
-1.18504e-04
-1.24455e-04
-1.30329e-04
-1.36118e-04
-1.41829e-04
-1.47472e-04
-1.53053e-04
-1.58578e-04
-1.64051e-04
-1.69472e-04
-1.74845e-04
-1.80170e-04
-1.85449e-04
-1.90681e-04
-1.95868e-04
-2.01011e-04
-2.06109e-04
-2.11162e-04
-2.16170e-04
