3.436878075884785308e-05
3.408431248254621438e-05
3.380454387650418027e-05
3.353011999350247202e-05
3.325643331367874255e-05
3.298643264974489346e-05
3.271882789613946864e-05
3.245103884173954913e-05
3.218555354727080316e-05
3.191306482261128583e-05
3.163993104517103368e-05
3.135113170019878656e-05
3.103348928088821773e-05
3.067410273162472556e-05
3.024514263243971933e-05
2.973075911500670262e-05
2.925756682514311159e-05
2.903741952611991182e-05
2.889937823104383834e-05
2.892075712320514856e-05
2.928143377803009683e-05
3.014073623235881611e-05
3.129538070986432729e-05
3.280784517988010878e-05
3.371635594633875610e-05
3.312373674164299493e-05
3.237197380090158194e-05
3.033111895307121392e-05
2.574571518605812983e-05
2.122020917725562212e-05
1.780898577196441586e-05
1.509921119051773484e-05
1.409421895814143421e-05
1.325491314001532341e-05
1.464232952096687362e-05
1.889820346742451655e-05
2.109083001952076887e-05
2.304884166022603520e-05
3.107836652434752380e-05
4.223971478930717055e-05
4.895241047676835398e-05
5.466693306124952191e-05
6.581888198568996626e-05
7.097819842675766083e-05
6.842959489009606483e-05
6.058556877563289170e-05
4.572051174451990442e-05
2.704263987691307556e-05
9.362296059505540943e-06
-3.164158975232148086e-06
-1.443812424066741425e-05
-1.327159236191703921e-05
-2.349429668051826253e-05
-4.138345329808761037e-05
-6.384032080639860229e-05
-7.622045022534771122e-05
-6.509937168398503024e-05
-5.380127222951075255e-05
-3.978685551538526093e-05
-3.878702370525479316e-05
-4.092767743330371055e-05
-2.428126107300804731e-05
7.436067090810780459e-06
4.080244504344497441e-05
8.294761352517668427e-05
1.311641109295301217e-04
1.781451479579923710e-04
2.279247925508474416e-04
2.811692920801915261e-04
2.786968969220532735e-04
2.220326961508712607e-04
1.213261345194353283e-04
1.318755119962773216e-05
2.938132480864589694e-05
-1.479566778198595946e-05
-1.020169402802889537e-04
-1.791588023277098935e-04
-2.068748773077043869e-04
-1.887599522168797951e-04
-1.466969818894924352e-04
-6.828252285608978512e-05
-6.062593064962709296e-06
7.589902963975000451e-05
1.721046894184484000e-04
2.679927067778362809e-04
3.122663651351802378e-04
3.080025662545593382e-04
2.387653652829901843e-04
1.552807913930549203e-04
8.040638202029484901e-05
2.957889526034356418e-05
-5.916580760524762394e-05
-7.230359759036194905e-05
-9.913631886234625676e-05
-1.636756925822609719e-04
-2.115137283051207804e-04
-3.220868329697981368e-04
-3.991623467312011486e-04
-5.009452250024826105e-04
-6.106816040601567835e-04
-7.261331507550927711e-04
-7.910042659050968688e-04
-6.274769354624036869e-04
-2.593360984604486008e-04
-6.291623662280521962e-07
1.783801314709723565e-04
2.486687684751303306e-04
2.964487494477245199e-04
2.315011494680053875e-04
1.277038635129034685e-04
1.793615332016534089e-04
1.622381463852070032e-04
1.294086458619738659e-04
1.287479275137125279e-04
1.356426202357366309e-04
2.608482864792726640e-05
-6.369195866683085292e-05
-1.568390546105025152e-04
-2.456877031241883969e-04
-3.294127895509384196e-04
-3.349160112745320789e-04
-3.377597725335759857e-04
-3.434131994046823143e-04
-3.545164007689790707e-04
-3.939917879416693250e-04
-2.941440680125758582e-04
8.249570797707715951e-06
2.877433014197959419e-04
4.484351641391975257e-04
5.124243999875473547e-04
7.745130308137652790e-04
7.129805245560216602e-04
5.396198252230960998e-04
2.915629353856860465e-04
-1.602633633722027771e-04
-6.396739620420228674e-04
-8.754278523429795270e-04
-7.779465546151903164e-04
-6.794239573985092840e-04
-8.109188882541563080e-04
-1.002725332604023634e-03
-1.058872569646649711e-03
-1.102745373775968971e-03
-7.966051670497723784e-04
-2.276981025736197377e-04
3.253959537349396269e-04
7.464219037169753188e-04
1.356518352754613197e-03
1.774005727482362267e-03
2.232186717634407347e-03
2.260780985900166188e-03
1.796527284569540694e-03
1.244297598987158813e-03
7.408431186676390102e-04
4.698297218680445105e-04
1.681357718090180725e-05
-4.775445531255673149e-04
-9.994355634223039443e-04
-1.318819625240846014e-03
-1.243118073902396660e-03
-8.305377078280527965e-04
-2.047775342663616012e-04
3.947925748937461578e-05
5.532092443051181635e-04
9.490108660487194155e-04
1.424875517432473314e-03
1.611516932016643453e-03
1.567026720225768574e-03
1.809686361296419235e-03
1.418618505459398691e-03
9.633494678603601088e-04
8.172284259536616953e-04
1.074197180708833573e-03
1.285608622073010007e-03
1.192306344860374380e-03
4.871954642292506896e-04
-4.521995078667394113e-04
-1.448530524405790450e-03
-2.313011831059792831e-03
-2.932990488698204636e-03
-3.326214663830805943e-03
-3.323072335284681360e-03
-3.436150087746533792e-03
-3.224268679356397278e-03
-2.371250882119927111e-03
-1.469937061686279502e-03
-2.571917587165097963e-04
5.405431722035114244e-04
1.492255887899514386e-03
2.357197946539752505e-03
2.661036236342717402e-03
2.794294925801672855e-03
2.730526850906716228e-03
2.369306508738014232e-03
2.354461079741515007e-03
2.358027300114975792e-03
1.900058255876598814e-03
1.317031907534253234e-03
9.372340452805466788e-04
7.102279921902523909e-04
9.067672809427279037e-05
-5.073238754999232717e-04
-8.623406529259538232e-04
-1.245108522482932766e-03
-1.404685365395644866e-03
-1.850075880409800038e-03
-2.053239861220365961e-03
-1.527853586356048808e-03
-9.668143227968491226e-04
-1.667581233701747039e-04
6.047544905092266509e-04
1.125091845108377965e-03
1.268459433145334696e-03
1.363319052071445452e-03
1.411145108242663031e-03
1.290713754080496586e-03
6.257915046967551988e-04
-2.518912678668596252e-04
-9.327647510140650534e-04
-1.230834425949365067e-03
-1.136592214684809714e-03
-7.027886906204981613e-04
-1.028932905581083815e-04
3.385780680611297265e-04
5.578646823740389307e-04
2.408074180859847238e-04
-4.188733167023446871e-04
-1.334015225746884321e-03
-1.965835209431541098e-03
-2.354304424066195126e-03
-2.555975568441358481e-03
-2.618564118251553389e-03
-2.566443853568623184e-03
-2.321775333837987516e-03
-1.740149671533797182e-03
-1.086416323383792171e-03
-4.421717016383156906e-04
2.225809910144911999e-04
8.811642145716082385e-04
1.293257105044515100e-03
1.551425657971843616e-03
1.839423294488041561e-03
2.410221285115703334e-03
3.004618992478334458e-03
3.571039839236761926e-03
4.017960050845217901e-03
4.333464580939659638e-03
4.414824166669077329e-03
4.378562985352364711e-03
4.513830553471306038e-03
3.293510487847828468e-03
2.257491216718446932e-03
1.501830314173482591e-03
4.554422803458630276e-04
-6.629695824660764708e-04
-1.590349985768996612e-03
-2.542116148695402859e-03
-3.493163538523282041e-03
-4.255496129828932432e-03
-4.771934601120561559e-03
-4.582187718149165721e-03
-3.641313732177360596e-03
-2.517373767034570241e-03
-1.284125000677332649e-03
-3.813588899830716041e-04
-3.350275132552009433e-05
-2.173238108515471265e-04
-4.388828539605685764e-04
-3.976989984229180037e-04
2.128416155294507233e-04
8.923936619801333672e-04
1.459865023267177108e-03
2.032635032395926303e-03
1.805797614532593694e-03
9.429473699098636684e-04
-3.121097094598602475e-04
-1.139808263548731417e-03
-1.185717591457210660e-03
-1.245624564707516289e-03
-1.442485458346383928e-03
-1.129800730407702234e-03
-3.635849213620610484e-04
2.782610255430747331e-04
2.994021696794923982e-04
-1.105795551924846232e-04
-5.622584133147781778e-04
-1.008880979140126376e-03
-1.359070918758356486e-03
-1.461523730417624116e-03
-1.583180684863176374e-03
-1.544606528575562026e-03
-1.309899466787331880e-03
-7.371690823293992412e-04
2.731245624005242996e-05
7.769955625156007737e-04
1.620685896542724573e-03
2.257988828863580905e-03
2.952885759463841787e-03
3.300292757085211606e-03
3.604407498079918032e-03
3.820850351133783275e-03
3.873956625067256215e-03
3.542786527440816742e-03
2.792129391466367534e-03
1.722484440381538131e-03
5.393922137418959021e-04
-4.250538438457040851e-04
-9.933812823231728643e-04
-1.573210011881045643e-03
-2.248783004178600900e-03
-2.564951017133220833e-03
-2.782601040391022990e-03
-2.851658548087960404e-03
-2.803039998500417556e-03
-3.102160187964334275e-03
-3.437477053466891051e-03
-3.247223343310636466e-03
-2.476781517047246112e-03
-1.638231332178562410e-03
-1.044801203987025338e-03
-1.550872755588361262e-04
1.042101197347686942e-03
2.482605422153259540e-03
3.378399433791808709e-03
3.742485653314893326e-03
3.554950379877427121e-03
2.796865921884865696e-03
1.925325894801739081e-03
1.135421904639772120e-03
4.366279337399332793e-04
1.280982672131208378e-05
-2.379019160607853309e-04
-3.229963573906264609e-04
2.972790245269204363e-04
1.129118817468073837e-03
2.069347750659149450e-03
2.235550207133924806e-03
1.827600398521245272e-03
9.782870472541066540e-04
3.031121446726585313e-04
-7.759865156657455576e-04
-1.584811746894448838e-03
-2.207610206688619819e-03
-2.476551141054128460e-03
-2.504435851261084794e-03
-2.209232053680168159e-03
-1.869473539030303434e-03
-1.493232682110332997e-03
-1.330799176882962401e-03
-9.377869476640290870e-04
-3.750659393550706718e-04
5.341460916266213207e-04
1.161205585789495910e-03
1.133081284549696931e-03
4.227878655773992418e-04
-2.245907911784492827e-05
-4.790161949696027685e-04
-8.454476421026250153e-04
-1.019800801213901391e-03
-1.126676831941027202e-03
-1.075607081786713378e-03
-9.346077589590058360e-04
-6.904138137741922020e-04
-7.272454060498646919e-04
-7.165430589135925784e-04
-6.347319362376637082e-04
-6.941283962872207228e-04
-9.138914281538971108e-04
-1.181432597985222809e-03
-1.197586562622630175e-03
-1.057720689681061451e-03
-4.316766928958494531e-04
2.567273207143846796e-04
7.917635851784125779e-04
1.584129833954820874e-03
2.514203793369271765e-03
3.207054985150648539e-03
3.339806847424745245e-03
3.120249310943929745e-03
2.996472897361695392e-03
2.285974904507509335e-03
1.389978161995016189e-03
7.665337279161433919e-04
3.475922199198358976e-05
-5.515763392659004402e-04
-1.291957784443331734e-03
-1.858341771042860318e-03
-2.242378551569930954e-03
-2.749666488414927862e-03
-3.099349600848299441e-03
-2.903400996142177417e-03
-2.200035444034912496e-03
-1.448926771113952542e-03
-5.041621953703770507e-04
-7.269938354653802514e-05
1.460832602438271160e-04
-7.573970160290985798e-05
-7.747332702631856347e-04
-1.463099502210548578e-03
-1.634655896765376849e-03
-1.277121570486557068e-03
-5.612346224013634944e-04
5.345451028467010981e-05
8.858297891842263020e-04
1.681136557136787835e-03
2.404360519850791238e-03
3.187297939980881720e-03
3.639074477524257070e-03
3.686716232900980657e-03
3.037433748938008372e-03
2.257002819613037302e-03
1.340474968593902269e-03
1.197835368695197351e-04
-1.019966671928946049e-03
-1.916829628175561366e-03
-2.425122004350550777e-03
-2.485028977600856840e-03
-2.089473397417904686e-03
-1.462002912483308537e-03
-5.590045827879849610e-04
5.388429973743033606e-04
1.470250373036919266e-03
1.759906716703564002e-03
1.339230938231067121e-03
1.057711474641336784e-04
-1.327638418257388701e-03
-2.667164237759646252e-03
-3.811745891885774933e-03
-4.785637365191197298e-03
-5.248951132469903066e-03
-4.914260889668626252e-03
-3.970143209713724447e-03
-2.646255312624291173e-03
-1.014769389524212582e-03
4.809135716489194661e-04
1.316681736024714585e-03
1.943921844966193515e-03
2.385902795282207785e-03
2.744966818155328368e-03
2.734977715093748520e-03
2.146717224187771021e-03
1.303015832112977513e-03
3.338387731307141098e-04
-4.201099750334000467e-04
-7.118774843009745149e-04
-6.747666763216434750e-04
-7.772627986676170940e-04
-8.235204550776900525e-04
-3.989577728493127269e-04
3.112858849084716522e-04
1.111776112706179542e-03
1.655214650391193280e-03
1.976920902220360987e-03
2.031704313383730920e-03
1.337304994928603793e-03
8.847221414093166605e-04
7.101321557771154199e-04
2.391652980070423605e-04
3.548711797983802158e-04
3.436979441321757187e-04
2.903502361579149297e-04
1.632960329456031444e-04
-4.204011702887007181e-04
-1.159961555426660762e-03
-1.837994963330711988e-03
-2.130019572206605805e-03
-1.923777768127988728e-03
-1.494836099022431785e-03
-1.040636006031458918e-03
-5.077947640298556553e-04
3.733371979027160588e-05
6.336602271176805393e-04
8.421514223930981133e-04
7.723124793275057886e-04
6.508370611645301765e-04
4.532067117086496398e-04
-3.459491783369210405e-04
-1.368166162966640053e-03
-3.121779007538230764e-03
-4.557454551528058312e-03
-5.169535920122397821e-03
-4.864057353248434599e-03
-3.643110664923677501e-03
-2.168409427699725944e-03
-3.215753982650770013e-04
1.571191918181335211e-03
3.063696612153416800e-03
4.011896554706361612e-03
4.353341421625847238e-03
4.042665572347151418e-03
3.413987917208618356e-03
2.665007918464065272e-03
1.749346281179052411e-03
9.772549628049396076e-04
2.155517587124864158e-04
-4.552883891824604373e-04
-1.010152654622135633e-03
-1.370175041626625709e-03
-1.198176325165011468e-03
-1.251061438145092183e-03
-1.327113160993080403e-03
-1.234455936561174071e-03
-1.429676553129044254e-03
-1.246131391892375036e-03
-1.430542766863166643e-03
-1.667083621556613013e-03
-1.870431903161672710e-03
-2.008279682403531219e-03
-2.154540792914045114e-03
-2.471215633053524229e-03
-2.548391590747926382e-03
-1.788537845128221728e-03
-8.763723939147617485e-04
-3.334010587437905818e-04
1.439158829005765354e-04
7.957048576686687755e-04
2.152458193936261904e-03
3.278674273891054019e-03
3.468826618610336508e-03
2.756356607255063679e-03
1.432026388258844001e-03
4.335086427931207436e-04
4.021821152489869007e-04
7.958808649274106209e-04
1.028647239349617971e-03
8.332607520667029144e-04
1.917935432942525749e-04
-5.246822458293496630e-04
-1.043704614259785514e-03
-4.637275225623450534e-04
-6.309003227201314280e-04
-1.595749999047673404e-03
-2.555588536772920947e-03
-3.190440268527005869e-03
-3.571823117613361770e-03
-3.452562073496233137e-03
-2.744248045056801519e-03
-2.140082395585983857e-03
-1.378311921703539999e-03
-3.916207582205027894e-04
6.939099998457451922e-04
1.843883373714798627e-03
2.829450302351421958e-03
3.335383628356886846e-03
3.001200212740468779e-03
2.322742913009081134e-03
1.654108845624228897e-03
9.406067498197888052e-04
5.109656591991265434e-04
-7.878481147993855293e-05
-6.203592387790416926e-04
-9.398050413637394108e-04
-1.230115652850838001e-03
-1.572371443266097363e-03
-1.802010233205740249e-03
-1.406454653022788312e-03
-1.013451638843579881e-03
-3.796753022253679952e-04
1.837322265430808800e-04
3.097755398975925428e-04
6.432945511498592694e-05
-2.276041091684277815e-04
-1.772651116642830899e-04
6.764226189601729743e-05
5.298048864123130282e-05
-1.156395335053199950e-04
-1.718411392823218653e-04
3.018174315913374982e-04
9.013396225448768936e-04
1.243035138544874114e-03
1.265639630989574870e-03
1.135440334719221454e-03
1.389913656716943195e-03
1.944124575840137058e-03
2.404093283698774917e-03
2.403733897149511710e-03
2.314172926065105867e-03
1.981592927360786155e-03
1.220872968006959111e-03
1.441536309254739482e-04
-9.024795229588227071e-04
-2.096108226019692284e-03
-2.996085865693257858e-03
-3.662563613782529766e-03
-3.201138929647388224e-03
-2.026774267131013774e-03
-1.057527173846842684e-03
-1.229636470785153309e-04
1.141291884944408992e-03
2.498059043771589174e-03
3.389715502573746250e-03
3.839842548006399802e-03
3.683454108838435295e-03
3.254060902786367823e-03
2.919895917249398874e-03
2.441404979544104133e-03
1.747936380101172606e-03
1.165260203268366108e-03
1.944944714375635732e-05
-2.096808569038769961e-04
-1.906987965749576571e-04
-6.174555797617872332e-04
-1.092894496310259670e-03
-1.391212977318126778e-03
-1.402833142410979308e-03
-1.533871007296281003e-03
-1.739486188673618336e-03
-2.245576170354403323e-03
-2.695362259317242784e-03
-2.997735357803980091e-03
-3.021657600929313330e-03
-3.562479067332511001e-03
-3.924169376527172209e-03
-3.609402049610708173e-03
-2.913869281269441686e-03
-1.363309837031720676e-03
5.033411353309059097e-04
1.940926957055664256e-03
2.469473990545555109e-03
2.477076398318436325e-03
2.608353854236580231e-03
2.466792413985666264e-03
1.863999805433829088e-03
1.047961962612599038e-03
5.214118282310518286e-04
1.428312727249788055e-04
-1.317759895672505075e-04
-1.122253612873168939e-04
-2.461502981183685259e-04
-3.526005940102129848e-04
-1.380993498263429224e-04
3.661817195564828482e-04
8.199468626724496422e-04
1.380753907230586851e-03
2.036339478365257420e-03
2.640090451048463654e-03
2.638579184533611753e-03
2.206421466564132891e-03
1.639291061746903349e-03
1.177184464672134060e-03
7.849011450954249992e-04
7.425055118339757764e-04
9.554798239354622474e-04
1.102367557147255995e-03
9.972055238089254110e-04
9.094368779509748443e-04
7.551411743044909516e-04
5.654339160039114536e-04
4.011970275024159815e-04
4.084741443730153122e-04
4.646646921023474871e-04
7.745849081236178988e-04
8.931188856064676456e-04
1.200710461089305207e-03
1.718540403379364588e-03
2.166492699436987392e-03
2.699472167034460985e-03
2.913546754879077581e-03
2.504970323565117868e-03
1.291589182854343534e-03
-5.573790497805470798e-04
-2.184314586264566541e-03
-3.065981942005143335e-03
-3.426345285479447719e-03
-3.715817328351597813e-03
-4.175537230137669337e-03
-4.522501905852252535e-03
-4.348862912319641054e-03
-3.783317494335060750e-03
-2.967546887665847236e-03
-2.107912691907039456e-03
-1.190168455644242951e-03
-6.696090185877262395e-04
-3.364235917734937882e-04
3.114388545679017757e-04
1.014115121703758511e-03
1.509838183694251108e-03
2.011237710155161593e-03
2.190645318555438717e-03
2.726721039500413016e-03
3.425967468850734526e-03
3.952874225269628790e-03
3.867183570869598720e-03
3.020118689295287970e-03
2.033879062758761017e-03
8.758572731941507462e-04
4.473238303483980581e-06
-5.136343347034010715e-04
-7.986509058686569202e-04
-6.228979822231979274e-04
-2.590015925184417775e-04
1.316598800667192148e-04
6.352295483827977889e-04
8.040278815480220989e-04
1.001619527837059034e-03
1.140545466726707816e-03
9.268855556697034063e-04
1.047685511420857942e-03
1.119378520479060975e-03
1.053048664540636283e-03
1.176124735103792904e-03
1.187016912058394026e-03
6.491359648313498086e-04
-2.668316117725234079e-04
-1.014465293213297377e-03
-1.319123721551761436e-03
-7.963867706082969561e-04
-1.909125854965708271e-04
1.071137787520231563e-04
5.214873915567944237e-04
1.047759231738655495e-03
1.555443415291814929e-03
2.032155850330241448e-03
2.272309000595772264e-03
2.315582827142985672e-03
1.965964219987687087e-03
1.400944059267414865e-03
4.927180375362661497e-04
-4.993473371142187305e-04
-1.116779879276694459e-03
-1.386448801780454290e-03
-1.422562542461572235e-03
-1.626942908515798978e-03
-2.128139704102765921e-03
-1.850195675926221469e-03
-1.232336477424491976e-03
-7.103035555159949860e-04
-1.121497979615743124e-04
6.832408268524820969e-04
1.677118799816816304e-03
2.469566140942801996e-03
3.146982141185298686e-03
3.488030761396621569e-03
3.387946214946602804e-03
2.915260752267872374e-03
2.234195596294393221e-03
1.454621665663820198e-03
5.828466550677135431e-04
-9.339534911385518462e-05
-4.245055489820841730e-04
-7.050122797060694819e-04
-1.115720149708353303e-03
-1.864967384604922923e-03
-2.897309854884147669e-03
-3.753691141620134862e-03
-4.102093363531771758e-03
-3.926915458365135350e-03
-3.592676752510368630e-03
-3.237962228387308676e-03
-2.919582605898758676e-03
-2.583583827456574153e-03
-2.100476154849202463e-03
-9.816781818727977893e-04
1.277324301360500448e-04
2.604806063942569105e-04
4.832892088899482809e-04
4.521257875489417496e-04
3.851379777741730111e-04
2.985092323301685290e-04
2.731429924799737285e-04
3.451852515437430521e-04
5.826909208963660736e-04
8.731480515150874663e-04
1.138158771438009401e-03
1.272228384392738807e-03
1.285571761914111339e-03
1.219269551094860756e-03
1.001886763989075354e-03
5.735431509616517425e-04
1.050192002225977707e-04
-4.126384208246094282e-04
-3.587562405463157818e-04
5.603407635480671042e-04
1.645815309871994508e-03
2.371545763391117757e-03
2.846267749849007954e-03
2.754181857880033148e-03
2.424384801172574377e-03
1.983887472252237900e-03
1.347312528069633192e-03
7.414070790987909105e-04
-4.370545900791871527e-04
-1.552734193612751758e-03
-1.857309686593693054e-03
-2.007699134900874701e-03
-1.769186261706341776e-03
-1.201641180101500374e-03
-8.837296816309660619e-04
-4.304722872038305365e-04
6.237817045327970211e-04
1.537824259338179322e-03
2.333883896036249676e-03
2.856229207791413909e-03
2.135474875723631250e-03
1.433141408065533376e-03
3.009622759048849266e-04
-7.548767026643918689e-04
-1.083753176903352444e-03
-7.414420962497448621e-04
-2.920494894831504725e-04
3.054721163461554122e-04
1.016004204847323171e-03
1.424737291836602549e-03
8.351728728095791877e-04
-2.117652988896052141e-05
-7.720212840722050088e-04
-1.807548472080287589e-03
-2.616813260703859494e-03
-2.393827729445453540e-03
-2.207803722522838803e-03
-2.353253909537578528e-03
-2.075005785050118221e-03
-1.854793980748848867e-03
-1.423087799725880316e-03
-5.834659057372137709e-04
-8.283251767901511577e-05
4.078641087432399140e-04
7.597735747740999969e-04
1.245974736217054938e-03
1.708072118252099668e-03
2.338915307725938052e-03
2.737051099031807388e-03
2.988686188794319968e-03
2.743759647951391888e-03
2.591011149474686370e-03
2.291199832031416694e-03
1.757492376295691260e-03
9.244988603810048826e-04
-9.955560316982031515e-05
-8.977752451793610420e-04
-1.209851780496212434e-03
-9.787754443595158508e-04
-5.543684963024859405e-04
-1.944917069256461460e-04
1.118558381943562274e-04
3.363646155192556481e-04
6.829662186686858262e-04
1.054771876969156068e-03
1.472673928484516783e-03
2.040163719851009749e-03
2.291688229136825891e-03
2.123172797691150106e-03
1.223029287302540308e-03
5.533788010360526878e-04
2.602281143058000033e-04
-2.879220731904552416e-04
-6.490087972831488613e-04
-8.985714246115755277e-04
-1.184842162683363712e-03
-1.154902498617797844e-03
-8.840457574935233886e-04
-6.504703025834869101e-04
-4.929705296247231111e-04
-5.413255290761388554e-04
-6.915933388589544633e-04
-1.100561409361214098e-03
-1.341516268082793874e-03
-1.739320317958573678e-03
-1.853079983360054073e-03
-1.990190559423935749e-03
-1.678943377682308186e-03
-8.843618333560807152e-04
5.602311045753431598e-05
4.875539292745416473e-04
3.018377046787318742e-04
3.541745227951925273e-05
1.907034040948200177e-04
5.221084852342395850e-04
1.248951194048134646e-03
1.386172350588713194e-03
9.162799664505406763e-04
2.736894443356487072e-04
-3.851794454529341755e-05
-6.284030469547364659e-04
-1.156321614735402424e-03
-1.647851833651154275e-03
-2.308782127826153850e-03
-2.578377330012115911e-03
-2.391505539434828336e-03
-1.914654878800531269e-03
-1.211998884752068639e-03
-4.908003877695550762e-04
-1.473014884954330873e-04
-1.293340040402037646e-04
-2.046734043174724298e-04
-3.159984562236856803e-04
-2.368624595798386051e-04
-3.562663368127005534e-04
-5.071478682411814263e-04
-6.499505743430136285e-04
-1.082601296937764400e-03
-1.557765605302440350e-03
-1.961061818854144267e-03
-1.761519348655387349e-03
-1.131791178988238340e-03
-1.898934021030184772e-04
1.270901418672381331e-03
2.736415261290802217e-03
4.044840321722181949e-03
5.081458570433668685e-03
5.651648368439500698e-03
5.689715697542256298e-03
4.941260956062011080e-03
4.155347078100841106e-03
2.927507540062004865e-03
1.618418996770447154e-03
6.915094819974596137e-04
1.378321136743264938e-04
-3.265118950456013603e-04
-3.218011667383322656e-04
-3.978971217769991856e-05
4.043227689770358384e-04
9.340548565755236446e-04
1.425280979180360182e-03
1.839681315600332889e-03
2.437313501906335483e-03
2.505099334121263857e-03
2.330188665106642902e-03
1.993701489559048315e-03
1.564686100135693819e-03
1.178483785273317427e-03
9.485685441419335539e-04
8.928617859981485133e-04
6.967731126882108997e-04
7.556526090092119787e-04
1.156238679377879879e-03
2.120887467839423571e-03
3.081629079457691954e-03
3.145876336418333870e-03
2.571705641251429645e-03
1.485151092271766926e-03
-8.338191834740200958e-05
-2.036975316106261723e-03
-4.043052604015589385e-03
-5.859392223993245552e-03
-7.324777056055519799e-03
-8.342329387576594840e-03
-9.144618391128563756e-03
-9.443296258685694722e-03
-9.182188108086184949e-03
-8.466584983224511446e-03
-7.224434488493210356e-03
-5.529456941689915583e-03
-2.392132162136107864e-03
4.053935565930465407e-04
1.901090340325765644e-03
2.946435231656548397e-03
3.531442813539705742e-03
3.567224812790734372e-03
3.193628672271753895e-03
2.595664744535661986e-03
1.811990121227595322e-03
1.091291079398160882e-03
8.217004847320608834e-04
9.876310975349569896e-04
1.349726868477505934e-03
1.452290260613469785e-03
1.274209617933550354e-03
8.180375064414908233e-04
3.217237604046447371e-04
5.472148609641976904e-05
-1.864690933413181882e-04
-5.337774900376331209e-04
-8.044821830064500818e-04
-1.029273862050897933e-03
-1.057895775435830884e-03
-1.259428694215123908e-03
-1.981970743989499347e-03
-2.758946033417705637e-03
-3.705155527390114993e-03
-4.280183221251416398e-03
-4.280201651330865949e-03
-3.880499303271796926e-03
-3.442720411070247961e-03
-3.118820979786600389e-03
-2.254993940953051862e-03
-7.411905256652603132e-04
1.358048049348914215e-03
3.149543922228766318e-03
4.154619089962589482e-03
4.132484564543848805e-03
3.598906119364268710e-03
2.897816682069006416e-03
1.736270139809696200e-03
5.630932959138363735e-04
-5.601933229124717809e-04
-1.361107442537516253e-03
-1.744324084529088378e-03
-2.009062960780131496e-03
-2.201989032456550151e-03
-2.395366641079479334e-03
-2.239632469731969115e-03
-1.937111930609636485e-03
-1.659951180809691442e-03
-1.510685967348923946e-03
-1.138075836080487072e-03
-3.270979715720925699e-04
7.515906194985621548e-04
2.470819386345361919e-03
3.893381928806934587e-03
4.455987749119334068e-03
4.385391329788369992e-03
4.027617412476708000e-03
2.966754394249522617e-03
1.250923212549221635e-03
-5.211491995988978962e-04
-1.511128289255709699e-03
-1.980597703070518644e-03
-2.255113736469473076e-03
-2.329248731054722743e-03
-2.306183486623786683e-03
-2.372752933595053803e-03
-2.151527474924066954e-03
-1.842851289265631798e-03
-1.642359669975230162e-03
-1.237128298081338574e-03
-6.489166468859017571e-04
-2.910127975141212010e-04
2.451836404512470493e-04
3.337392507016872720e-04
-5.742407294688118028e-04
-2.305225122492417841e-03
-5.079716927925699566e-03
-8.629073778690231344e-03
-1.227240560456730259e-02
-1.472379047213326179e-02
-1.517237860593189172e-02
-1.504281514740254087e-02
-1.417733861645826925e-02
-1.244887361529539889e-02
-9.924229181918035880e-03
-7.063991431846375867e-03
-3.701275995666014011e-03
-5.976754969927084750e-04
1.213832677657284862e-03
2.267305234025257347e-03
2.862430929526140096e-03
3.222628402285399821e-03
3.409408042465440075e-03
3.084310656017581233e-03
2.555864987964662043e-03
1.740361617447465283e-03
1.218357262162114924e-03
9.264063736040187682e-04
1.170282399918330142e-03
1.483538460319943578e-03
2.170418306359711384e-03
2.581694744313009493e-03
2.636063478688767565e-03
2.020904286826376902e-03
1.414840339172269588e-03
1.028536658872921533e-03
1.493739509295191744e-03
2.390233863952818862e-03
3.630089813792669508e-03
5.015184004733592646e-03
5.902094718077527218e-03
6.799390781191203513e-03
7.228802417322720102e-03
6.789152872057056462e-03
5.771600540535982288e-03
3.614599332015441206e-03
9.237063669646801553e-04
-1.567800783562643858e-03
-3.576255551720944944e-03
-4.779573869052341009e-03
-5.595215465165409401e-03
-6.556298033253491440e-03
-7.881135079434569216e-03
-8.986810835842995102e-03
-9.377961627037537107e-03
-9.376118619092595891e-03
-8.999380150027493433e-03
-8.640122611320152565e-03
-7.847518614518846775e-03
-6.585380698624659912e-03
-5.204451705639303628e-03
-3.489302436878630610e-03
-7.784552248079939975e-04
2.961022639540756077e-03
7.059153535990905608e-03
1.085126217822333580e-02
1.404971031627110824e-02
1.618907393875856568e-02
1.720973173866686273e-02
1.765306729982241141e-02
1.759897501663839486e-02
1.725682059166010543e-02
1.654532737451565316e-02
1.511579826202220055e-02
1.266109598015534819e-02
9.437398633261883524e-03
5.800766141264673305e-03
3.613659397963521046e-03
2.495405112330874222e-03
1.537778184139555878e-03
-5.920534012566661092e-05
-1.754654144060482316e-03
-3.124571164574816047e-03
-3.745369960748726364e-03
-4.344200102218940228e-03
-5.541943320516890502e-03
-6.944905473484016233e-03
-8.446947733571165406e-03
-9.793283467429981723e-03
-1.023496032143507949e-02
-1.056983486503085094e-02
-9.774761237583324408e-03
-7.254189851764281799e-03
-3.608065868850625704e-03
3.152197853669481094e-06
2.493396233670888782e-03
4.210324005098430022e-03
5.578821909495159173e-03
5.904490628405950625e-03
5.110743966678781350e-03
3.895722548897009342e-03
1.336318985678060624e-03
-1.609508053356657796e-03
-2.781771686815799269e-03
-2.442308053437125624e-03
-1.463670834673480321e-03
-4.752288136427489985e-04
-3.106214805443204474e-04
-4.208674512987707682e-04
-4.219557474902583920e-04
3.277043211859781012e-04
1.977805546033932927e-03
4.014062089041667801e-03
5.357568805704997564e-03
4.966049412921467142e-03
3.626947485246545793e-03
5.684942306964859034e-04
-4.800667094982190297e-03
-9.695327595156368744e-03
-1.265390824917008057e-02
-1.412656374757514759e-02
-1.488404001294587817e-02
-1.461219634106708694e-02
-1.228466160740115942e-02
-8.284320712509576912e-03
-3.623952597336016750e-03
1.133035209351073488e-03
6.703093616068037976e-03
1.207336074651367899e-02
1.662448456575086470e-02
1.818707885186904988e-02
1.817445424744620550e-02
1.723258503718413243e-02
1.592045553078342071e-02
1.494605723029314090e-02
1.462694040462661320e-02
1.404150893091612139e-02
1.255457012093776255e-02
1.004577555588689192e-02
7.018837737195322141e-03
4.102526470398834037e-03
1.247283271857963080e-03
-1.597860243144630940e-03
-4.439483612972387402e-03
-7.345151508886842671e-03
-1.041317918971087012e-02
-1.346510819613583841e-02
-1.688794255148017356e-02
-2.112123965061229319e-02
-2.494262447405010824e-02
-2.668666289234773031e-02
-2.647831084417215722e-02
-2.460526186972866736e-02
-1.943470308019682943e-02
-1.315723371893345352e-02
-8.334662474525638895e-03
-2.902562427527229354e-03
3.058748135821250103e-03
9.162200686923301779e-03
1.547315750254625241e-02
2.144689915448335857e-02
2.679106929242863755e-02
2.892057282241065549e-02
2.928438259074200162e-02
2.878262367773182923e-02
2.711599159312172436e-02
2.232260437952205204e-02
1.640903693698726740e-02
1.067792728100163888e-02
6.194312842787639585e-03
1.118963843691449331e-03
-3.729962414329019739e-03
-8.935427774338040863e-03
-1.347478398784677893e-02
-1.560548547299301335e-02
-1.619312855623743566e-02
-1.575264965739654743e-02
-1.464186876898063670e-02
-1.138389147431126923e-02
-5.870192250550599136e-03
-1.906683869438661420e-03
-2.766999978137097381e-04
7.190965464213081720e-04
4.253607046685367989e-04
-8.266314524887504421e-04
-3.199867254165378750e-03
-5.724161516033202460e-03
-7.650851236714198769e-03
-9.400077722376828232e-03
-1.118493876665489252e-02
-1.246334122766318622e-02
-1.341433332725271675e-02
-1.321639427396605754e-02
-1.125847478365803699e-02
-7.681924350665902262e-03
-4.523349689506924939e-03
-4.028216390058814503e-03
-5.078389962205343174e-03
-7.294662306235184281e-03
-9.720208202413073428e-03
-1.044920999503446551e-02
-9.953993760228832532e-03
-8.242336991523822529e-03
-6.151020586160975759e-03
-3.348837586354955816e-03
4.669620015057164152e-04
4.295673703028645568e-03
7.992296103633682661e-03
9.520794742770462282e-03
9.651003254080541341e-03
9.545583199629918345e-03
8.918250940291191226e-03
7.523748193791346059e-03
5.554853591171202490e-03
3.342359413428488534e-03
1.731174222841934613e-03
2.835596733847799708e-04
-1.512906791922577704e-03
-3.367055719890697275e-03
-4.354714462544827941e-03
-4.005178790747051902e-03
-2.697675234288143646e-03
-1.605665381791455916e-03
-1.184307690379330855e-03
-1.315916887727564075e-03
-2.262550273527309634e-03
-3.545965716145840427e-03
-4.629092270347912909e-03
-5.511994441411600075e-03
-5.778806701600702062e-03
-5.564087060975355520e-03
-4.680567482250114035e-03
-2.540190205392939098e-03
2.523234532299482337e-03
8.178246390238501362e-03
1.175221661210771977e-02
1.233488357390079976e-02
1.193817611375226108e-02
1.071736765102337431e-02
8.015914250448102213e-03
4.397039140000397715e-03
1.672824591305104112e-03
-8.281998522498951708e-04
-4.070568712633557303e-03
-7.357997274263080797e-03
-1.080371257324385867e-02
-1.313410396922444490e-02
-1.384071321531480520e-02
-1.336558576710902835e-02
-1.203401252688919044e-02
-9.809870538934450934e-03
-6.244083272340769826e-03
-1.919842946165539960e-03
2.048337460086822708e-03
5.195402536629643506e-03
7.478354908107449905e-03
8.856123142467231188e-03
9.434634121344473434e-03
8.762922230691567657e-03
7.190513927266571625e-03
4.337832509769169384e-03
2.266779976760949049e-03
2.475362400929641531e-03
4.118136747692483987e-03
8.403434315991111306e-03
1.405791170162609682e-02
1.722696386295206189e-02
1.792454237011221335e-02
1.840648894771427027e-02
1.835304171731098541e-02
1.754939810291948274e-02
1.497176719112506757e-02
8.689542869363745675e-03
1.171950322108501709e-03
-5.400603041219369412e-03
-9.703068228525121158e-03
-1.241413291553326165e-02
-1.390245398147032727e-02
-1.420203492292047842e-02
-1.329794737552969508e-02
-1.169978303607414893e-02
-9.724170669494694788e-03
-7.769983270275180980e-03
-5.699290123816224719e-03
-3.491302100498891274e-03
-1.252462124183246995e-03
9.716614336920438317e-04
2.334740894730646856e-03
2.395209985404159452e-03
1.914433717847137959e-03
7.478603714180016458e-04
-1.130482643347330361e-04
1.731920641059635571e-04
1.493370907706203544e-03
3.506027733978969718e-03
6.680396973226090766e-03
9.375381415914620792e-03
1.077155208460463774e-02
1.107168592843827369e-02
1.028269422720905039e-02
9.185993919492489029e-03
8.369135938135759817e-03
8.515590564480491828e-03
9.615893952729414815e-03
1.098736831495722259e-02
1.193743891057428425e-02
1.269712678547894359e-02
1.286898727634468859e-02
1.202406028398650926e-02
9.948833337982998168e-03
4.185415752722553180e-03
-1.958739628843518630e-03
-5.975842680994339351e-03
-7.498185673595014929e-03
-8.640334557233821100e-03
-1.055969832133367599e-02
-1.246435488203290198e-02
-1.460657516683501814e-02
-1.624546998187375788e-02
-1.563819886401571560e-02
-1.392761103991877088e-02
-1.183146595374017992e-02
-8.619250546343696154e-03
-5.068493009541009779e-03
-2.760927266958516858e-04
5.124207139716574662e-03
1.027928466251091036e-02
1.190749003146899382e-02
1.166753039703768112e-02
1.078261013227428504e-02
8.127720327427943869e-03
3.412568801091014209e-03
-9.694774692772888504e-04
-4.948540837444528190e-03
-8.106691606776168443e-03
-9.309586032280228740e-03
-9.134859664060102427e-03
-7.985523049436026033e-03
-5.957974718968136324e-03
-4.048590842890136508e-03
-2.734618328544485312e-03
-1.706404196061928318e-03
-5.539344679314524419e-04
7.269836989216830634e-04
3.009134361943439744e-03
5.667277075812600200e-03
8.179296904767117959e-03
9.647409388587904061e-03
1.040654436110908208e-02
1.128989806911928108e-02
1.125313006061770885e-02
1.019515134982435477e-02
8.548571191655210399e-03
4.361478301702761962e-03
-2.696449634004757616e-03
-8.984479430792644689e-03
-1.426239343311729371e-02
-1.823886737512189424e-02
-1.903854852243177034e-02
-1.848260517584033105e-02
-1.604743877818985351e-02
-9.850508864120397640e-03
-2.726472233427846247e-03
3.342368628468213310e-03
7.330481165645112880e-03
9.329766969277331762e-03
1.063028552562491486e-02
1.153640038175513319e-02
1.138177201517458735e-02
1.052993374302287934e-02
9.173599691062760131e-03
7.900836834365987382e-03
6.280372098776657204e-03
2.543350964018512798e-03
-2.167764374918996866e-03
-6.611155164734658710e-03
-1.002752977723197526e-02
-1.171111753493553516e-02
-1.224946015565278774e-02
-1.191320335609831124e-02
-9.727303783001095897e-03
-5.244914945070482636e-03
-5.029614756942480010e-04
1.469550030017841751e-03
1.615368818621569892e-03
7.823430500678469094e-04
-6.635022117621645031e-04
-2.575087560830396222e-03
-3.614332095863424452e-03
-3.400635324647521482e-03
-2.159830225716025901e-03
-4.020835143239325296e-04
2.221810582904389965e-03
4.290144679193822787e-03
5.714412004004464606e-03
6.287578259841376110e-03
5.940244982537804495e-03
5.292013013103448807e-03
4.420860017688759726e-03
2.863997486279339783e-03
5.193891270114792255e-04
-1.562889167389376263e-03
-2.943403483587120686e-03
-3.531525748897227854e-03
-3.124690960091237261e-03
-2.121827401891343296e-03
-6.100605103827117306e-04
1.992669405109881702e-03
5.060300839225747270e-03
9.094894036774058693e-03
1.247347777136035944e-02
1.409163874701851484e-02
1.449359877981013824e-02
1.359328939870648248e-02
1.078104357552108448e-02
5.167785062574703492e-03
1.240703733494523972e-04
-4.092537367337252888e-03
-7.512045093340970550e-03
-1.069746316521801195e-02
-1.250342665046565160e-02
-1.326689269165744027e-02
-1.263280580820050521e-02
-1.148977228074812840e-02
-1.017497041282725175e-02
-8.809826782890314845e-03
-7.154409401625178890e-03
-4.734530754877984589e-03
-1.552780268811375201e-03
2.643619811263025338e-03
7.557235648150922511e-03
1.154478606790461381e-02
1.282724314639177576e-02
1.257309235078441813e-02
1.154589187267157820e-02
9.827379114411389019e-03
7.855038086934206312e-03
5.899026109849199971e-03
4.571839228538322232e-03
3.227761179412060293e-03
1.797513293820084297e-03
3.991531316914764815e-04
-1.115655644430280308e-03
-2.609367508606297726e-03
-3.798817191152013828e-03
-3.942645531175206081e-03
-3.401529183500817764e-03
-2.721081435188893796e-03
-2.111091880612062273e-03
-1.510805762865344943e-03
-5.692120822910404481e-04
1.116291482171284828e-03
3.550812827041035027e-03
5.596957107673378520e-03
7.268224357265006853e-03
8.097799093441828203e-03
8.023249422068966241e-03
7.376934180897349105e-03
6.380788386656764850e-03
4.745985049255792461e-03
3.098225366001885507e-03
1.213298205353251788e-03
-1.364793458427398251e-03
-3.076717463284424359e-03
-4.627581003833061007e-03
-6.101056640773627401e-03
-6.814005834194585519e-03
-7.015317592020484799e-03
-6.817572054568045437e-03
-6.108364167275317537e-03
-4.783600841412037098e-03
-3.347086728807261921e-03
-1.749244915742080532e-03
2.046254861109039714e-04
2.267074858032139695e-03
3.988554859083685324e-03
5.066014163855064693e-03
5.514629942772865910e-03
5.333692637778288635e-03
5.160910642940073900e-03
4.897950269355898570e-03
4.243009751001957514e-03
2.724232978774742721e-03
7.832083422979965607e-04
-1.483713546074713011e-03
-3.202631766082790574e-03
-4.365864660611721258e-03
-4.999840963591959016e-03
-5.202820643608030947e-03
-4.557970593752641401e-03
-4.365256467989891281e-03
-3.502231137612391715e-03
-2.094375798551447940e-03
-4.831601983338024001e-04
1.350998543959515191e-03
2.645610259843561660e-03
3.297408449651379001e-03
3.735408502806320842e-03
3.461233425877179633e-03
2.567789249368429994e-03
1.600053422599110589e-03
9.955744617776525127e-04
3.920566295994813298e-04
4.291204408762163509e-04
8.341748840073936805e-04
6.390316737732109178e-04
1.050643539172488154e-04
-7.761459358529828939e-04
-1.396133808531118932e-03
-1.682021200950359341e-03
-1.284981999371730263e-03
-3.551457879821764323e-04
5.626952061977292391e-04
1.480976679276475730e-03
2.597148365931339561e-03
3.724700626646213278e-03
4.548340877240325195e-03
5.000615026928834951e-03
4.642094691399470917e-03
3.528604581304496581e-03
2.074775409057001002e-03
3.836350047950736353e-04
-1.416148874813177730e-03
-2.707516896714128388e-03
-3.646815110893009484e-03
-4.614044110477469492e-03
-5.510934711843259136e-03
-6.139557076743443545e-03
-6.421905893908397278e-03
-6.861748955008279902e-03
-7.058867869759439737e-03
-6.086819404398958154e-03
-5.239957253698590729e-03
-4.422131693170768332e-03
-2.950148892665604723e-03
-1.600726120499013994e-03
-6.061763711387486856e-04
1.155906937947790699e-04
6.205951437959941449e-04
1.477087932512650189e-03
2.625300312290312649e-03
3.760132454387703910e-03
4.820608440946451759e-03
5.900961268191388075e-03
7.012682090659219832e-03
8.329502052279804530e-03
9.484579636652371373e-03
1.035042476918563055e-02
9.759740722832057486e-03
8.210342373599646693e-03
5.671414628648992727e-03
1.634545316288680411e-03
-1.949155987529825433e-03
-4.761724337105588400e-03
-7.337770262067354332e-03
-9.206322297125186724e-03
-1.029780689235756594e-02
-1.050357872941022445e-02
-9.670723439091408191e-03
-8.058782615247428102e-03
-5.545537186009526047e-03
-2.863020692068521389e-03
6.940334813780562728e-04
5.198876606605857403e-03
9.146608839709101380e-03
1.128510624846243426e-02
1.309208338807979141e-02
1.459238400565897147e-02
1.497784911734337081e-02
1.505405749586668195e-02
1.453405280420159117e-02
1.351063049237588055e-02
1.189873574373052391e-02
9.682150088350041303e-03
6.036053750555559969e-03
1.356988319780573276e-03
-3.329725593965918076e-03
-7.318685914797490484e-03
-1.001978914386322458e-02
-1.154764273021927426e-02
-1.261262487120340219e-02
-1.392383287363164329e-02
-1.432929462151865188e-02
-1.362314612741452428e-02
-1.135449549758946186e-02
-8.137442194337507831e-03
-4.328746480600611027e-03
-9.044801080830561094e-04
1.291156075987282340e-03
2.503827658639254383e-03
3.401234302229627117e-03
3.675510744595739988e-03
2.752108473941974713e-03
1.321768437952751613e-03
7.972852369814556527e-05
-1.650229313900127915e-03
-3.571131989634009248e-03
-5.456934579056489480e-03
-6.766824830804096802e-03
-7.390443429133765861e-03
-7.399400447746179964e-03
-6.748634342387529669e-03
-5.885249625460766895e-03
-4.675047673455015596e-03
-3.393705614774543671e-03
-1.981860163512802909e-03
-4.281003359786914801e-04
9.571293160461843714e-04
2.016775949029709150e-03
3.166066488455161667e-03
3.683223732845317643e-03
3.653274853740027216e-03
2.960838338746261868e-03
1.790168907159494409e-03
4.193165601131029611e-04
-1.606900197114566071e-03
-4.011905769746086821e-03
-4.928083449255683639e-03
-5.049242791556101707e-03
-5.414416385766701589e-03
-6.107912630328807442e-03
-6.759664744938001339e-03
-7.279706296761989485e-03
-7.377394932883584409e-03
-6.443699462857324298e-03
-4.805965742823895860e-03
-2.568406657029985614e-03
9.193126360239410166e-04
4.776007648678881091e-03
8.942689225641108422e-03
1.121580914973265529e-02
1.341249031930777554e-02
1.458832938818010322e-02
1.442181362035468636e-02
1.317428154242415717e-02
1.091926917139165489e-02
6.794976777163069456e-03
3.455971638194373606e-03
1.612217275035720968e-03
-3.943161573399789604e-05
-1.924450466027892133e-03
-4.021987023204913990e-03
-6.329866077138045916e-03
-8.835628894119488402e-03
-1.090931692848897371e-02
-1.176723712685898843e-02
-1.128455334607895121e-02
-1.036811764545706414e-02
-9.091180375765001501e-03
-7.271799792678193715e-03
-5.131625246694962103e-03
-3.145977701855305533e-03
-8.350558418050755367e-04
1.457404607660680923e-03
3.586115644226378803e-03
5.493886888352555488e-03
7.158288933349279438e-03
8.450431018587105381e-03
9.121995468604413015e-03
9.521531945948439116e-03
9.534064399974036610e-03
8.674946246439810618e-03
7.291980729675296737e-03
4.762968367468423114e-03
1.724484104001799013e-03
-1.677284670531861178e-03
-4.323576843315051453e-03
-6.922697227747477353e-03
-9.043160803759563854e-03
-1.050477668457443572e-02
-1.098930347329941069e-02
-9.739375485040458955e-03
-7.965231531962225706e-03
-5.317474167862807841e-03
-2.509743714142515132e-03
6.062113882897024204e-04
3.179916693161392947e-03
3.669097076947344833e-03
3.575693434297737543e-03
2.774685321267501576e-03
1.817758736095260530e-03
5.061554084628307193e-04
-1.268201412033042935e-03
-2.629327284650008738e-03
-3.937549614207444711e-03
-5.288990480073745004e-03
-6.362828274233314936e-03
-6.831440689353726267e-03
-6.902110829002486812e-03
-6.731070476672242064e-03
-6.166437347620407593e-03
-5.494753102086677443e-03
-4.393260973713268396e-03
-3.454036479852185502e-03
-2.601451789482776746e-03
-1.668327651919448160e-03
-1.222338159323187352e-03
-7.394912723400247703e-04
-2.629087693617165986e-04
7.887327586129571711e-04
2.499828331398732621e-03
4.590518114060298561e-03
7.169558926932592668e-03
9.255862350685199746e-03
1.106882926612361324e-02
1.173415513424729863e-02
1.170402195434751269e-02
1.062226844106442178e-02
9.222688207676263059e-03
7.220315365736266512e-03
4.637726762569961171e-03
2.865435032476393914e-03
2.263923314446290771e-03
2.330852147966821098e-03
2.883892757044977367e-03
3.334517414622764457e-03
3.169586633629999008e-03
2.778030380687569485e-03
2.012389590120749853e-03
8.530804595065980120e-04
-4.875926324413854657e-04
-1.499342253447812296e-03
-2.897936477585427630e-03
-4.289564131691165835e-03
-5.491196096752941867e-03
-6.498722465053536658e-03
-7.312502623142214282e-03
-8.145164397626809827e-03
-9.098183805955777081e-03
-1.002743762683472838e-02
-1.074270901026631170e-02
-1.103169265603305346e-02
-1.053868803076134925e-02
-9.412241574813439912e-03
-8.013223458848488592e-03
-6.468257543723663142e-03
-4.371522695002690029e-03
-2.134857468062076064e-03
5.896049652018119639e-05
1.774659995302816339e-03
3.291188297837202830e-03
4.653272534585538127e-03
5.508031974329976981e-03
5.945101308472723438e-03
6.048162312753822129e-03
5.597519225096585054e-03
4.820921752297092390e-03
3.663199451523533635e-03
2.164299519982507310e-03
5.614299812435273032e-04
-4.643163636007536631e-04
-1.352730971427759535e-03
-1.979611693819975041e-03
-2.074498957865259906e-03
-1.649851497271415156e-03
-1.146599747825838896e-03
-6.097407485042644288e-04
3.400782765283117022e-04
1.778244645755726458e-03
3.081822595291910938e-03
3.853324151123642665e-03
4.839379476865675843e-03
5.812607467310919145e-03
6.073264080963917955e-03
6.705351300800591052e-03
7.399096351435263674e-03
7.443826154258981198e-03
7.311267807819103043e-03
6.440087167285240069e-03
4.895738659821968937e-03
3.101902166852042730e-03
1.082223480309051425e-03
-8.710378074181301467e-04
-2.702135313514900713e-03
-4.501463970160751900e-03
-5.916414889809718143e-03
-7.836414491650577768e-03
-9.159178153893596241e-03
-9.432238211016049159e-03
-8.707807078098107542e-03
-6.145233541213861866e-03
-2.578727501521654777e-03
1.617515922877426097e-03
4.546479439215934427e-03
7.424889247624712023e-03
9.442006153124236564e-03
1.040921672262924702e-02
1.089715307605236376e-02
1.041870821354569376e-02
8.682290633100402458e-03
6.236729670640455379e-03
3.064406170212218873e-03
-6.173523713168706370e-04
-3.822748649317072277e-03
-6.679042362386559614e-03
-9.121442566220931691e-03
-1.119415380637959860e-02
-1.299081010150528528e-02
-1.433685095409290879e-02
-1.517680182499974925e-02
-1.456842490237474086e-02
-1.306268741135798231e-02
-1.030665333049328274e-02
-6.544438277127796917e-03
-3.032485272605841675e-03
1.115167247324871111e-03
4.545382849488694386e-03
6.920043296306761967e-03
8.253072512803103986e-03
8.906649205277788681e-03
8.749311617018180540e-03
8.478352588952960817e-03
8.567526528368927391e-03
8.825584500819560335e-03
8.851718353478822340e-03
8.267687565806484257e-03
7.147120305202937438e-03
5.674437161678695662e-03
4.026410242272772388e-03
1.318699829724425017e-03
-1.214643601153058815e-03
-3.519850293566027105e-03
-5.349828172336246017e-03
-6.342029929574656728e-03
-6.793013973701707460e-03
-6.836895992870751712e-03
-6.507412247513932706e-03
-6.480771567669811953e-03
-6.589803917692518311e-03
-6.700725350858789328e-03
-6.604501906053421995e-03
-6.013836289779296747e-03
-4.524943891379299386e-03
-2.971030172681785909e-03
-1.301338694883081171e-03
7.600555549896758929e-04
2.502712638832564791e-03
3.632596304597789788e-03
3.918631137652625086e-03
3.473692159584981093e-03
2.797087082838258573e-03
2.370430743584428599e-03
2.030515573259243992e-03
1.388153584129524741e-03
7.855415903562919071e-04
-3.396101525102966916e-05
-1.033780016476278660e-03
-2.893227592286103361e-03
-5.716678903776742024e-03
-8.494165597120554093e-03
-9.867740988405596797e-03
-1.036940775101852230e-02
-9.829037821561836460e-03
-9.150580521830447081e-03
-8.544829885526980182e-03
-8.195718105556540345e-03
-8.263402572334497057e-03
-8.298677744400666939e-03
-7.810980982010393495e-03
-6.614518654234176169e-03
-4.720542324575882978e-03
-1.877232602478504748e-03
1.055896111815570002e-03
3.589073671978009177e-03
5.432791174977763364e-03
6.799805457978814506e-03
8.032206440681380344e-03
8.471911276185392636e-03
8.559859615317974915e-03
8.915679944207999252e-03
8.920702140857963286e-03
9.025643013242899693e-03
9.254664395520988476e-03
1.017598406719696924e-02
1.092028282576137238e-02
1.137937610484616481e-02
1.096193480531703832e-02
9.955560316982031352e-03
8.516659509088557109e-03
6.275313041967794069e-03
3.525388532440574662e-03
2.184720048012453301e-04
-2.495119446099408785e-03
-4.184816775140446678e-03
-4.794308717572144662e-03
-4.644886848436056634e-03
-3.679012459691127779e-03
-2.544705574858044383e-03
-1.852140049308134131e-03
-1.251457684853254275e-03
-6.472496461997027115e-04
2.339256264195752088e-04
6.081935433344864885e-04
1.484128222862324872e-03
2.778463487554630462e-03
3.308549432678546676e-03
3.248577954150168052e-03
3.384039038103327929e-03
3.557512160920895186e-03
3.051062792690846341e-03
2.156540456534306212e-03
1.102846739212940850e-03
1.659370633307035087e-04
-5.640286224458940364e-04
-1.161233230908670019e-03
-1.971677544617004077e-03
-2.481057295479508970e-03
-2.611210516551238942e-03
-2.326401283779788807e-03
-1.798637528666498231e-03
-1.079919720377875338e-03
-5.166061850146183923e-04
-2.388501436484574464e-04
-6.556620559643855763e-04
-1.839275853852446021e-03
-3.018883873972177598e-03
-4.117196813640563828e-03
-4.888781304829817667e-03
-5.103989342560572538e-03
-4.788318941751085710e-03
-4.479698046330998773e-03
-4.007611561234374412e-03
-3.481672383986575067e-03
-2.689390913575634250e-03
-1.357900608713318892e-03
2.732867470996791308e-04
2.404360519850791238e-03
4.395463368207472819e-03
5.319529121721416724e-03
5.684426264740275944e-03
5.293634860094996279e-03
4.226146228305747640e-03
2.648706513191062800e-03
1.367511895146186198e-03
1.024952008420011197e-03
1.565607604108164210e-03
2.550004222699749946e-03
4.127858614602047081e-03
5.662356244599608263e-03
6.733079355332227504e-03
7.848762644881681488e-03
8.945859199306406898e-03
9.610733530483580450e-03
9.631928121850400967e-03
8.777260832503207266e-03
6.841180986342738912e-03
4.000718711520295269e-03
5.129561077796628661e-04
-2.649038254621152114e-03
-5.558272370909067735e-03
-7.353896581585588239e-03
-8.538010756130700110e-03
-9.125847355209340539e-03
-9.026592162334545061e-03
-8.690298502621169457e-03
-8.070089468989641301e-03
-7.128524355038482786e-03
-5.835046089040575243e-03
-4.103272888616534345e-03
-2.299908044571263160e-03
-7.417719946718892435e-04
2.637491809846097030e-04
6.419546843738872322e-04
5.872247204409208020e-04
2.825616845825944636e-04
-2.071476424835556429e-04
-3.085923287969404689e-04
3.599551172144998439e-04
9.020104774368353654e-04
1.622611839845187684e-03
2.174039816971520388e-03
2.735641197953927583e-03
3.201470671077477539e-03
3.379800119829963739e-03
3.278849359645823452e-03
1.915309146620984906e-03
4.641661584532409939e-04
-1.602661278841201881e-03
-4.546000257150250440e-03
-6.852100808416515011e-03
-8.183314662087088839e-03
-8.412944236987006733e-03
-7.897206108714454470e-03
-6.624139155706768034e-03
-5.018077527207149592e-03
-3.554784509162382897e-03
-2.215442990454618687e-03
-1.743227494801848337e-03
-1.720337336125681927e-03
-2.081668258771080145e-03
-2.712686533999687961e-03
-3.459639224004806054e-03
-4.174164189218688634e-03
-4.695173320213769964e-03
-5.252425202446116964e-03
-5.616299476055533479e-03
-5.354021015410987197e-03
-4.673775997973006122e-03
-3.829871875024269071e-03
-3.012949388389467732e-03
-1.537483302868365232e-03
4.010689384502425675e-04
2.436622373926982527e-03
4.197413734444118902e-03
5.119341598741930510e-03
5.200102206889243434e-03
4.444671680337396527e-03
3.090890194381020611e-03
1.271822922644851939e-03
-1.258986372308338155e-03
-3.874002700265880526e-03
-5.816542289273367479e-03
-6.598742506225481995e-03
-6.545212340464671118e-03
-5.616778658121218334e-03
-3.561760294233984152e-03
-6.064777029377464365e-04
1.032406975557297523e-03
2.863573594452003580e-03
5.357071193559864025e-03
7.404404214316693579e-03
9.412333725210686800e-03
1.080150096370992990e-02
1.154377241353489632e-02
1.180630889529173631e-02
1.149732861332238530e-02
1.043713829299510246e-02
8.874396566241320866e-03
6.833919535039672220e-03
4.417911204976854127e-03
1.596201535994184149e-03
-1.234234775607781194e-03
-3.623427340071708452e-03
-5.448733193701501762e-03
-7.066295191777551520e-03
-8.413653795045808806e-03
-9.154552203951796252e-03
-9.164320146059981922e-03
-8.950079687500321970e-03
-8.123518269313479215e-03
-6.387957687562585522e-03
-4.210342435177879573e-03
-2.114224994118461647e-03
-3.761634505862830168e-04
8.497132839911909026e-04
1.843413406688838548e-03
2.737198539667402494e-03
3.020819032314365701e-03
2.304801230665080771e-03
1.053951738433657123e-03
-2.578681426323031225e-04
-1.852269059864280120e-03
-2.899401668901655221e-03
-2.603930635168722266e-03
-1.736067408935752657e-03
-4.115556536569566046e-04
1.181275942309902927e-03
2.700817562834267795e-03
4.482490203367584490e-03
6.165912090356099294e-03
7.014580388842508833e-03
7.180073287258482116e-03
6.739870839609335418e-03
5.699640295325763585e-03
4.433585987548577072e-03
2.444694748725823822e-03
2.049793436363326227e-04
-2.736277035694931886e-03
-5.728612380220234751e-03
-7.184911183113950640e-03
-7.835290256804164702e-03
-7.623003386666139802e-03
-6.412220887157732419e-03
-4.750859805270161822e-03
-3.122765016788774366e-03
-9.440531746768282681e-04
1.224955230605003420e-03
2.711571514192998369e-03
3.499512700893603334e-03
3.748364848659255406e-03
3.480133472352549273e-03
2.436170836980472432e-03
1.478341177915210329e-03
5.342373205198960124e-04
-7.703266382668319621e-04
-1.441222997904099230e-03
-7.132072145332494454e-04
6.522810578893914121e-04
2.195814955840997857e-03
3.613290796374533497e-03
4.910565658739019478e-03
5.739080665347499888e-03
5.952150813862123330e-03
5.975446434286177042e-03
5.093972594379818364e-03
4.338035240643113577e-03
3.327209888121073888e-03
2.405779635968395818e-03
1.923473671817073523e-03
1.664982592499380468e-03
1.337811822113462541e-03
1.189514187823788880e-03
1.112329015089661734e-03
9.146046722285892678e-04
3.790496010280606089e-04
-1.285617837112734674e-04
-7.699202550149724647e-04
-1.665037882737728471e-03
-2.728259951134438810e-03
-3.440287640582925886e-03
-3.689093713149954514e-03
-3.388508332369810205e-03
-2.649959758593622722e-03
-1.709159492939614933e-03
-9.248582469302684154e-04
-2.179660991203590491e-04
5.646137774684127251e-04
1.229747051261849801e-03
1.555461845371264263e-03
1.481603301977755692e-03
1.181137716714032162e-03
7.590262350524264092e-04
1.387158359839256417e-04
-4.621913754402367678e-04
-1.153529457698816924e-03
-2.048107084093705489e-03
-2.865462677595567807e-03
-3.547513842819590563e-03
-4.442229694810349676e-03
-5.394152513412076022e-03
-6.253501042939418365e-03
-6.555256733764600052e-03
-5.898399487147919576e-03
-5.087605001930047520e-03
-3.658536641422833677e-03
-2.106567296107232645e-03
-7.970861921234019499e-04
5.359282803093793008e-04
1.467845247668771516e-03
1.797540938939258190e-03
2.164686551650945277e-03
2.196957620766861342e-03
1.882862991750299626e-03
1.601057861929103526e-03
1.174115856443807247e-03
2.044605368998317536e-04
-7.930813358590453870e-04
-2.110566623347754408e-03
-3.250789563684097251e-03
-4.367348282007398400e-03
-5.116835107936810664e-03
-5.510298874102254399e-03
-5.762072189460637310e-03
-6.696431142347076919e-03
-7.840165012818532328e-03
-8.837094085435717727e-03
-9.482368027118442608e-03
-9.264524488026422769e-03
-8.180550150169677015e-03
-6.514480182982781281e-03
-4.457600381071157199e-03
-1.702377223702232229e-03
8.590582557760139759e-04
2.862817961194577630e-03
4.287112931124394642e-03
5.183026738279365025e-03
5.641253803630033765e-03
6.386649151921676947e-03
6.921987669688675279e-03
6.878078005400457134e-03
6.513742979804805315e-03
6.138709293088771141e-03
6.058188275974300645e-03
5.862995304525604572e-03
5.619847266349544714e-03
5.448180291318019570e-03
5.445664585473175383e-03
4.992256985898527351e-03
4.424343302704697965e-03
3.827761630927311535e-03
3.261976621909888803e-03
2.647121526358413128e-03
2.048134729212879382e-03
1.499839865592946485e-03
5.044570766415675889e-04
-1.029688538838509576e-03
-3.246163613742295527e-03
-4.577958014915525439e-03
-5.439978905963032720e-03
-5.978505827474779079e-03
-6.275921234589624045e-03
-6.637915640095201110e-03
-6.943983969511545624e-03
-6.990114458373417744e-03
-6.743289619347200663e-03
-6.243124908209400983e-03
-4.888412703240829250e-03
-3.381412751781787303e-03
-2.330640202053152997e-03
-1.272127018955767144e-03
-1.454990267252808127e-04
7.388462195592954748e-04
1.879121685622069625e-03
2.811665275682741910e-03
3.157662372226231057e-03
2.870503304324981391e-03
2.185715272302721571e-03
1.140029424502124510e-03
-1.371188695996343096e-04
-1.325776980232998151e-03
-2.197740899143461185e-03
-2.849861615341642632e-03
-2.949807936195790632e-03
-2.868393060228024288e-03
-2.717063677868922483e-03
-2.414791944819157272e-03
-1.874385155203571246e-03
-1.233866174018792995e-03
-2.664427370961408863e-04
9.919805962850178349e-04
2.181642224744402038e-03
3.381836643609123939e-03
4.112073251553627698e-03
4.376719977407423495e-03
4.131056233386519450e-03
3.762270343603834472e-03
3.248107987124207972e-03
2.053147710823119074e-03
1.076970907665969739e-03
-1.864156461109148889e-06
-1.542726660471722359e-03
-2.601202983410209543e-03
-2.949457764686251766e-03
-2.997974948836822084e-03
-2.077871662404501708e-03
-9.054301786786732396e-04
2.738958612254821165e-04
1.323915542208607818e-03
2.135935627709866554e-03
3.131242853335502747e-03
4.010514298747656567e-03
4.792668440501146772e-03
5.217325116134716514e-03
5.565607542529932630e-03
5.622906659538146751e-03
5.577126342185813497e-03
4.959755540789493634e-03
3.795131175262132263e-03
1.814247805960148181e-03
-1.159897050148587768e-03
-4.526399867655802635e-03
-7.089802758115273766e-03
-8.790419909230086024e-03
-9.478405560036819513e-03
-9.649528847724587674e-03
-9.187118154338902096e-03
-7.815229115323481593e-03
-5.925897165686439677e-03
-3.770508589117721292e-03
-1.292925363614425786e-03
1.102717728656794861e-03
3.549329205645357452e-03
6.755987944087843249e-03
1.015967344688424243e-02
1.197522057344557397e-02
1.263105495065281261e-02
1.295524004816792432e-02
1.290068701299767161e-02
1.285691557430532553e-02
1.325002916896122866e-02
1.356407772277916889e-02
1.329048319335268506e-02
1.243827631961198776e-02
1.164781021202681427e-02
1.059508407387654318e-02
9.351606613424882225e-03
7.865773608213486034e-03
6.458508031694924420e-03
4.678604678788751171e-03
2.462359979878083090e-03
5.115895173884890505e-04
-1.976644451028619891e-03
-4.251155846118596579e-03
-5.947100972092984536e-03
-6.543314042281382116e-03
-7.035351088381993148e-03
-6.893762003011904421e-03
-6.492760334351652465e-03
-5.706717445834336502e-03
-5.191209693554903193e-03
-4.938984841250009319e-03
-4.771142107704236940e-03
-4.633635284932192087e-03
-4.935999168379204619e-03
-5.044893292806040645e-03
-4.931889260661985984e-03
-5.070087211413383359e-03
-4.401158262757340692e-03
-3.247260203469535568e-03
-1.311429163381632899e-03
7.456183522529809911e-04
2.196819395170991011e-03
3.288515936317038760e-03
3.930546184016668262e-03
4.305423215057382555e-03
4.318609936903435205e-03
4.048295961618946295e-03
3.716508456330950769e-03
3.513694647029923929e-03
3.514450280287349879e-03
3.726718720345923927e-03
3.880702034145740251e-03
3.881964494588025383e-03
3.508202483353999816e-03
2.993542514729239344e-03
1.649860712311139715e-03
-3.669253732622665149e-04
-2.158447969757319989e-03
-4.136410171466572798e-03
-5.877932883919350683e-03
-7.390848890881653380e-03
-8.579155908501506431e-03
-9.153953226369689750e-03
-8.820857185440785647e-03
-7.456727209873567977e-03
-5.286115387679637609e-03
-2.568673893182001934e-03
-7.740872959784839266e-04
7.232442358013978874e-04
2.054152150153111794e-03
3.640171067251496678e-03
5.537464811210684318e-03
7.344506456106113593e-03
8.393095041419992158e-03
9.057729781564322416e-03
9.227572178730355026e-03
8.255680369045195061e-03
7.070958001878252346e-03
5.312571766729264587e-03
3.280729227749662903e-03
1.513192458154043575e-03
-3.547311111945646803e-04
-2.388068329617513540e-03
-4.686022785767138613e-03
-6.678083998255189904e-03
-7.813809999205877446e-03
-8.231076212980232773e-03
-8.104019245256003506e-03
-7.164195773812815846e-03
-6.074987293392436656e-03
-5.024242388782977110e-03
-4.305939257281966512e-03
-3.521039033690513600e-03
-2.761295868547505167e-03
-2.130627764828436216e-03
-1.146756403501158995e-03
-8.403351380633588381e-05
6.718768398639761788e-04
1.668945059581003563e-03
2.873737783268352861e-03
3.830977679791233454e-03
4.563361391991593852e-03
4.908556780079034038e-03
5.407210224701982683e-03
5.903845575625220679e-03
6.299216855013678625e-03
6.386381915769660626e-03
6.089132379369859883e-03
5.444374479911717225e-03
4.093274570515229721e-03
2.312606369311905746e-03
5.522720747651156756e-04
-1.341387257526648101e-03
-3.273366411009624114e-03
-5.441821913907973936e-03
-7.319893085001426096e-03
-8.271189280901872914e-03
-8.268977671367944149e-03
-7.535764605592359597e-03
-6.136110651886404407e-03
-4.244216921205893125e-03
-2.115100422892308811e-03
-4.216562586992054660e-04
1.172503224491983900e-03
2.566379348290550623e-03
3.859645668374790065e-03
5.468619249427414571e-03
6.475187253596640519e-03
6.992086476874504949e-03
6.918550459871360483e-03
6.162990922763367588e-03
4.931870830582537300e-03
3.173936132380059637e-03
5.663978091591156385e-04
-2.473657618580571080e-03
-3.868869923139220054e-03
-4.370453750394623881e-03
-4.025792834611217202e-03
-2.887449762378713376e-03
-1.775120747289051643e-03
-6.465539107004873677e-04
1.731579684589821535e-04
7.393401456885396886e-04
8.229048904240799083e-04
6.055737075407529669e-04
2.427075592772188486e-04
-5.982016757609891184e-05
-2.699545887352258647e-04
-2.409493296977451655e-04
-2.101628034814790615e-04
-2.439165724891000986e-04
-6.574774187901524661e-04
-1.183515196963006236e-03
-1.939074734070998481e-03
-2.985553075287920594e-03
-3.756695244570388680e-03
-4.154296563572224509e-03
-4.438543678920467243e-03
-4.281464111773150213e-03
-3.857618359635355074e-03
-2.981185146458410415e-03
-2.097951233964633067e-03
-1.446484785586905908e-03
-1.022399442416268341e-03
-9.537750415863917959e-04
-1.011580985779464772e-03
-9.257336757041153630e-04
-3.674561595504095054e-04
1.118641317301084575e-03
2.987635674265703804e-03
4.839591422779343510e-03
6.253501042939418365e-03
7.131528457988737038e-03
8.194022538247195536e-03
8.649457446561278559e-03
8.817751717053561034e-03
8.706240521344910457e-03
8.404263669566335027e-03
8.571949747436786657e-03
8.189967920768325554e-03
6.716916175655095363e-03
5.349339775230836820e-03
4.147670950010161686e-03
2.619421116945951002e-03
4.042518131711555769e-04
-2.228509916784250557e-03
-4.811292035784775316e-03
-7.170498860984512828e-03
-8.760443385005622571e-03
-9.715969284139707937e-03
-1.050468453417718884e-02
-1.079007431445129506e-02
-1.057849700237207397e-02
-9.745826012847751477e-03
-9.130980132336001878e-03
-7.887862058433604134e-03
-6.078986620632958852e-03
-3.910420537257913026e-03
-1.485906725529192660e-03
2.144348958978521940e-03
5.691733791241966947e-03
8.251579676367701635e-03
1.067589997226220215e-02
1.253337552957094203e-02
1.404261473568308577e-02
1.481824462931148612e-02
1.506705070187851388e-02
1.492145307422817688e-02
1.466767088020981026e-02
1.373768907119260647e-02
1.255171345862310384e-02
1.138969694933783354e-02
9.807106027017037375e-03
7.659375148459548859e-03
5.263354239559616538e-03
2.529887790980719486e-03
3.888451882554217441e-04
-1.188113501785633850e-03
-3.169899944980638772e-03
-5.465191254649824984e-03
-7.578918636623153092e-03
-9.207778273401689972e-03
-1.011783716653408272e-02
-1.047832952056453222e-02
-1.035235992752781865e-02
-9.888382677388934255e-03
-9.566962091791232636e-03
-8.820359573295653843e-03
-7.541588510698374326e-03
-6.403577179895959814e-03
-5.352583469213932632e-03
-3.908623604511596121e-03
-2.754891415938835655e-03
-1.626316285814519234e-03
-2.453015929597232754e-04
9.112273601694850789e-04
2.063284254520294028e-03
3.247370783946231573e-03
4.337169026908990754e-03
5.013073760636635109e-03
5.055674889283945546e-03
4.687045655176581317e-03
4.094877987427328510e-03
3.493900741701258441e-03
2.878759979918316895e-03
2.417823692888584983e-03
2.118906234298612024e-03
2.104862513758161760e-03
2.352019094214468156e-03
2.320042906369742738e-03
2.335514958067521924e-03
2.063017018368277708e-03
1.548080598551775707e-03
5.697797287380822152e-04
-5.363457216089085071e-04
-2.147555792802719084e-03
-3.606038560111190713e-03
-5.140287384036184258e-03
-6.908054529624921454e-03
-8.251570461327975559e-03
-8.992874331981851391e-03
-8.973688619275015446e-03
-8.207089464576825671e-03
-6.766179778023366856e-03
-4.725914692735385877e-03
-2.722952088253008905e-03
-9.095299498521943610e-04
5.842077164350524500e-04
9.480525019173501391e-04
8.482342701153758237e-04
-4.433926944018390620e-05
-1.513819080855323537e-03
-2.731789311349000927e-03
-3.542205979938160658e-03
-4.464465585666062448e-03
-4.726016058172357107e-03
-4.603677190787176451e-03
-4.257606373925889968e-03
-3.622929727926574046e-03
-2.665643756205070009e-03
-1.458224746196179651e-03
2.674849580890050122e-04
2.689225042860589592e-03
5.309171417070848026e-03
7.477350468777456752e-03
8.960078005601626594e-03
9.952980105859113302e-03
1.015008980557055053e-02
9.611931485647791720e-03
8.068753288229557966e-03
6.323129883099286655e-03
4.290384270226664347e-03
2.114160488840389086e-03
2.620010879488332079e-04
-1.654191780981751009e-03
-2.940215079842373094e-03
-4.402512873596872711e-03
-5.606586824185694727e-03
-6.700025007839711597e-03
-7.606932357386255415e-03
-7.942083352173768401e-03
-7.713264700769623811e-03
-6.867185828445856663e-03
-5.693429358551311756e-03
-4.240466400037939433e-03
-2.119376201324572103e-03
1.781092093030660340e-04
2.250312700772901919e-03
4.030308204076322488e-03
5.204553071076275725e-03
5.774042526063029139e-03
6.021042450844015653e-03
5.872938332388560542e-03
5.253254556021339818e-03
4.450532445602308623e-03
3.802908668789782478e-03
3.511280306622051404e-03
3.168093797194596658e-03
2.747814265430262304e-03
2.459908779311311463e-03
2.120352995535390497e-03
1.595510408014831193e-03
6.126305849619318334e-04
-8.482001744683943930e-04
-2.431194715529131842e-03
-3.976022405058086961e-03
-5.107260681662842243e-03
-5.766458548369597474e-03
-6.176841127469598867e-03
-6.316052732590713738e-03
-6.199777361344389372e-03
-5.943497891560624649e-03
-5.350804966547065278e-03
-4.549151800736098497e-03
-3.786966650066043646e-03
-3.298311523544399625e-03
-3.335862810422571701e-03
-3.226028751943815515e-03
-3.051007502452498122e-03
-3.060959745355179302e-03
-2.476864452404768224e-03
-1.822919158341095112e-03
-1.333508398562025573e-03
-8.543447629568275354e-04
-4.644582752125141862e-04
1.225157961478946962e-04
8.825547640660661884e-04
1.416563551600789591e-03
1.670760422406770019e-03
1.019634930498856734e-03
-2.357686343645161540e-04
-1.733293681978616708e-03
-3.004904658709800329e-03
-4.084787518928776999e-03
-4.451739615806244235e-03
-4.519184491551359387e-03
-4.240687560991331442e-03
-3.246670440927154275e-03
-1.724889565749685881e-03
-4.598995950607026942e-04
1.930145360577759789e-03
4.192492903231126097e-03
5.856415766162165193e-03
7.133270100496706158e-03
7.734256561262501002e-03
8.106092629194061941e-03
7.949888490820592943e-03
7.570256499281930070e-03
6.995588191969892740e-03
5.765795065509418844e-03
4.401499219227154348e-03
2.160954460562439835e-03
-9.441545401138000393e-04
-3.325643331367874201e-03
-5.327168389653197042e-03
-6.588080705263998742e-03
-7.076956992739034773e-03
-6.912873995400942162e-03
-6.018932206747058117e-03
-5.065369111074334747e-03
-3.696705335962560506e-03
-2.265895332947377543e-03
-8.485254653706764951e-04
7.189924164724191633e-04
1.982311700459313437e-03
2.844553752460212727e-03
3.110776250106932986e-03
3.923017496561585250e-03
4.725859402497037225e-03
5.056624038375590047e-03
5.018722579987879538e-03
4.577018080863606148e-03
3.506294970130986038e-03
2.101121207629931976e-03
5.141347113604524980e-04
-4.241821010877470585e-04
-1.122548494144359451e-03
-1.645428278203556974e-03
-1.880937048447836515e-03
-1.505737491016757466e-03
-1.379261070795184717e-03
-1.153188501229002834e-03
-5.709094926083310576e-04
-9.808211831784002300e-05
4.309993874760836602e-04
6.034192312531169201e-04
3.386766689861840977e-04
1.067442556590625033e-04
-1.380680186912789189e-04
-1.946317755294616543e-04
-4.938772895336341435e-04
-8.208010968549296930e-04
-1.436265306532208191e-03
-2.006574900054461201e-03
-2.215959032679202644e-03
-2.258154699578625562e-03
-1.937913639065685662e-03
-1.465320326784202336e-03
-3.581001297179167773e-04
2.812826370688054729e-04
7.342276416492734843e-04
1.243385310054412763e-03
1.596782083496840450e-03
1.691669347542125315e-03
1.209068502119612590e-03
4.511296417547011215e-04
-5.490035001747628832e-04
-1.515164476655130347e-03
-2.383866271503047585e-03
-2.899309518504408333e-03
-3.119705623600172329e-03
-3.008857910751698648e-03
-3.136817952368948538e-03
-3.189463474316187475e-03
-3.331375086076640742e-03
-3.172056264276219752e-03
-2.619955589249984076e-03
-1.711030146003730042e-03
-3.802770443193912472e-04
8.213438626947149133e-04
1.311447593461082233e-03
1.778539527026917104e-03
2.061911213601312892e-03
2.656493221758438224e-03
3.508082687837579036e-03
4.515249669588910185e-03
5.459726736093075197e-03
5.989683670660845421e-03
6.550916450054264199e-03
7.239335207728058233e-03
7.224545068969906794e-03
7.082016049547897908e-03
6.933985651410241001e-03
5.658292412081013072e-03
4.174578866006299627e-03
3.128929878364601451e-03
2.263517852698403686e-03
1.292593622184336471e-03
4.363404245005225290e-04
-7.130413438182046796e-04
-2.303547985262521282e-03
-3.800789209653101033e-03
-5.166577892370767013e-03
-6.262227685558713515e-03
-6.638090725849970543e-03
-6.641140903998848238e-03
-6.462341488220402393e-03
-6.249944037605681922e-03
-5.795421418224344298e-03
-5.219103618801583869e-03
-4.532334353238512935e-03
-3.620063850572191426e-03
-2.585906017467199790e-03
-1.391553933787940652e-03
-3.529839396627606520e-04
7.140043154694364520e-04
1.707141399239904718e-03
2.622646380849597697e-03
3.100814792164527465e-03
3.392102197862444882e-03
3.461952198975706916e-03
3.227125341671055556e-03
2.499524235087817198e-03
1.598136694336372036e-03
5.878236980230266539e-04
-3.127206665936082207e-04
-1.450290596993208904e-03
-2.615642950658822116e-03
-3.628375816403875149e-03
-4.329188802507396780e-03
-4.859975090650390725e-03
-4.858915361082049786e-03
-4.746482661400925999e-03
-4.567139558278723172e-03
-4.407636435683807974e-03
-4.591439618032769170e-03
-4.965708456451652618e-03
-5.345174577275270400e-03
-5.521937469274556913e-03
-4.918214141710524137e-03
-3.743315006890117480e-03
-2.492087698029980640e-03
-1.084038843134818315e-03
3.516007622000824899e-04
1.928956620453272860e-03
2.939192210432930823e-03
3.492343399987783096e-03
3.827807706125934979e-03
3.490334521327797656e-03
3.013529935892123816e-03
2.494999650582987571e-03
2.103480257799456282e-03
1.657048443296409504e-03
1.235266860056948024e-03
5.287654299313662752e-04
-5.218744232252320661e-04
-1.465375617022550555e-03
-2.253805200828564934e-03
-2.959105911278017958e-03
-3.773945798935035654e-03
-4.475145816706994385e-03
-5.083366083656683763e-03
-5.495527165423552511e-03
-5.583963901661543987e-03
-5.337553739422938766e-03
-5.209953084354952517e-03
-5.026979255581215042e-03
-4.526390652616078293e-03
-3.750217071643921398e-03
-2.776251878020701263e-03
-1.497913922290482940e-03
-7.785123580542870146e-05
1.151732524952499368e-03
2.383101423205897292e-03
3.247776245694118658e-03
4.013177445228096295e-03
4.521764702674276569e-03
4.866711284689149986e-03
5.134094877341182847e-03
5.070271512207877133e-03
4.854722518007308606e-03
4.225270799531901343e-03
3.404404275894925593e-03
2.266392945092511949e-03
1.073883869358193592e-03
-2.565043167530468154e-04
-1.577587155750280381e-03
-2.467437466766395342e-03
-3.104814119405049228e-03
-3.551909416768274635e-03
-3.684854794876589890e-03
-3.708924478637519104e-03
-3.517703189310170901e-03
-3.519592272453735127e-03
-3.424235041382490616e-03
-3.463583261006979597e-03
-3.397741802173964102e-03
-3.396949308757639483e-03
-3.323026260086058351e-03
-3.068036895863752653e-03
-2.790166588005005537e-03
-2.625687343958750183e-03
-2.462931312341014832e-03
-2.361473724972015364e-03
-2.020185513727850053e-03
-1.390761440371616250e-03
-8.048001018769524503e-04
-4.231094704637914229e-04
2.238867621434818334e-04
8.586186983811455687e-04
1.231322823054774480e-03
1.709693965243647791e-03
2.323148374756968219e-03
2.840637360577213076e-03
3.088438993814248985e-03
3.344294571770676638e-03
3.332655976598374557e-03
2.875092394107884447e-03
2.354230703748397355e-03
1.746360608308247927e-03
1.206036754050184446e-03
6.423334225065727284e-04
2.536992586608467271e-04
-6.113478514322528404e-05
-3.857074672291597658e-04
-6.814346790664398742e-04
-7.730091363306934365e-04
-5.184160188165503735e-04
-3.721272631868623149e-04
-2.057294478699235834e-04
5.221306013295788130e-05
7.616810879971138012e-05
8.201302419629712213e-05
4.748592905497883997e-05
6.016361210663865683e-05
2.331515630827000053e-04
5.370193410127844331e-04
4.878091858749160088e-04
2.464774320285955615e-04
2.290646929647934449e-04
1.299633912534010720e-04
3.245988527987526203e-04
7.215219448768505142e-04
8.702619010733100369e-04
8.705245297054640778e-04
9.140443978133272343e-04
6.432309673757588770e-04
3.638457069862702372e-05
-4.364685135526959431e-04
-6.024092628992892915e-04
-1.013230477890187005e-03
-1.498595835230111337e-03
-1.745310093779631764e-03
-2.009523712766366366e-03
-1.905697860188118251e-03
-1.457699488931871569e-03
-1.122493203906011231e-03
-8.540268440863251669e-04
-4.388653453850916005e-04
-3.170480492483295398e-04
-4.869402076288763687e-05
7.996839118217962707e-04
1.713186465299310806e-03
2.689593644449578009e-03
3.460081545911591807e-03
3.743434802406538694e-03
3.677031226150315798e-03
3.026154540314969499e-03
2.136166003702983773e-03
1.067212180597507326e-03
7.923146445539498901e-05
-9.459053976614939345e-04
-1.650883581720582203e-03
-2.094283648154201052e-03
-2.535462890014165711e-03
-2.731651085753130162e-03
-2.818355394522877293e-03
-3.140817279609470734e-03
-3.145848691299159543e-03
-2.665570035887272673e-03
-2.339348414592999463e-03
-1.864313116784469069e-03
-1.045169805576013538e-03
-4.581920481997148967e-04
4.770782721154973190e-04
1.218246681685418269e-03
1.346179078183494700e-03
1.301863952147389470e-03
1.138942049814609244e-03
8.818903597019150378e-04
7.746964101042868580e-04
8.018743267643586815e-04
6.873774581849019950e-04
4.815383513422543857e-04
-1.506115307645470441e-04
-8.626336911891994280e-04
-1.395626981346260185e-03
-1.826328723039236015e-03
-1.675367942269122409e-03
-1.449120286948171309e-03
-1.082251125428225534e-03
-4.181609941316249426e-04
1.289829110266924863e-04
9.012603732032443233e-04
1.968959107898216130e-03
3.016386598206782527e-03
3.381265311146192196e-03
3.772296306824313855e-03
4.118284188328078660e-03
4.144795857616054291e-03
4.122329590767224300e-03
4.376941138360816372e-03
4.544608786151819318e-03
4.434111244812884503e-03
4.473671410351041586e-03
4.266388306783532904e-03
3.799287158177974341e-03
3.257028145577722539e-03
2.672988142865659680e-03
1.431307615160317152e-03
4.023387709243068911e-04
-6.838324324028081068e-04
-1.636756925822609610e-03
-2.195243623378066115e-03
-2.582026485743098808e-03
-2.712474588086019860e-03
-2.772805453163661692e-03
-2.580846960658337089e-03
-2.254625339364063879e-03
-1.632960329456031390e-03
-1.225397552511789390e-03
-6.388796256177533151e-04
-4.269659645885803584e-04
-3.198595578683369764e-05
4.336477898929638124e-04
1.159860189989689100e-03
1.903348025058318503e-03
2.404203864175471356e-03
2.677918189118376827e-03
3.238229464539324996e-03
3.832995773490944103e-03
4.093431226190549603e-03
4.341435590301529271e-03
4.487954721924334277e-03
4.608155700093383503e-03
4.633745865408888526e-03
4.710064824408893500e-03
4.790069799298780039e-03
4.890430796940539900e-03
4.746482661400925999e-03
4.569793489719437690e-03
4.365099812314571399e-03
3.739444690205741273e-03
2.719146276846706126e-03
1.662291800899766631e-03
1.236068568512997418e-03
6.469344918411177973e-04
-9.694406091183899383e-05
-5.388181167670467054e-04
-7.645322212879375771e-04
-1.381776776640029122e-03
-1.820624613449643584e-03
-1.661038555497206708e-03
-1.133376165820887578e-03
6.747113860832952762e-06
8.273050718926263682e-05
1.038037364829091968e-03
2.755250802488098862e-03
3.903214376193194553e-03
4.346291916236448213e-03
5.071745918563829933e-03
5.601113090589219731e-03
5.166513387092694018e-03
4.167363489901855511e-03
2.976052369331749509e-03
2.135041768856570273e-03
9.551388674656482655e-04
-8.891186368619733891e-05
-8.308224525555461468e-04
-1.311641109295301000e-03
-9.606402461812968288e-04
-4.820110828801318112e-04
-1.921658308991306687e-04
-1.748692013358598449e-04
3.562976679477645163e-05
1.718042791234230344e-04
4.877170354776689723e-05
1.230152513009737103e-04
2.965915825634574555e-04
5.537317370575088995e-04
6.583758851633111355e-04
1.040718941388981246e-03
1.343626512179751410e-03
1.603988244561559574e-03
1.487795808672757319e-03
1.282447863447436307e-03
1.051307022032666946e-03
6.585740085173922903e-04
1.877389258153824847e-04
-3.843123102148394824e-04
-6.144745144108452453e-04
-5.822670290690296546e-04
-3.951980366416331749e-04
-1.428764264196298638e-04
4.459931786121507829e-04
1.340474968593902269e-03
2.113487790940485247e-03
2.996408392083622398e-03
3.950653400695973948e-03
4.317421196778948277e-03
4.733692186263036526e-03
5.253991759199315784e-03
5.152469666552243754e-03
4.623305225400798149e-03
4.010578804025728694e-03
3.287612862424017270e-03
2.621909177671621297e-03
2.394085750557745518e-03
2.010279346023792317e-03
2.005192644095755289e-03
1.866017899133539304e-03
1.404805160912066296e-03
8.959727834092086861e-04
5.826918424003385945e-04
3.937227087817079629e-04
1.572878270450956165e-04
1.970009622426832768e-05
-1.956850545699954078e-04
-2.828547228458400684e-04
-2.253694620351868604e-04
2.230629375920932652e-04
1.802701361185092934e-04
-4.134005046098424832e-04
-7.075860403011795599e-04
-9.548900613930810626e-04
-1.360701980789629168e-03
-1.779663761873331038e-03
-1.953182959889521522e-03
-1.656292810038983553e-03
-1.186998481978944692e-03
-7.932849882369612336e-04
-1.496614601689299682e-04
7.650012668099250273e-04
1.310111412701000198e-03
1.699861517857387825e-03
2.131189882251643183e-03
2.771073025695416914e-03
3.010488972782971329e-03
3.452009171112750512e-03
3.773070370161189357e-03
3.832000549200676159e-03
4.057566291581999295e-03
3.599385301429953565e-03
3.049081559150035228e-03
2.590541182448726290e-03
1.893828889022698301e-03
1.181939425170081557e-03
3.992038144099623129e-04
-3.118986850501645589e-04
-8.840549725332481640e-04
-1.414775833894196594e-03
-1.945949153705628506e-03
-2.388621232000995732e-03
-2.560822679336553515e-03
-2.513374439794048478e-03
-2.078111253437344135e-03
-1.380965853144255169e-03
-6.856984779470608280e-04
-7.623325913056504179e-05
5.450603846765616437e-04
1.123506858275728944e-03
1.326164011901435902e-03
1.544578883456387917e-03
1.651989386487546802e-03
1.310341788694117850e-03
1.393065200302792336e-03
8.528519265214252933e-04
-1.590663297119636484e-04
-6.228122823537581444e-04
-1.178456140154143317e-03
-1.936319437193312083e-03
-2.587371208783427381e-03
-3.041921473283939331e-03
-3.550729891683512482e-03
-3.873956625067256215e-03
-3.639111337683155738e-03
-2.789392524668130469e-03
-1.787330674924285465e-03
-1.117968619401181170e-03
-3.177493137713795755e-04
4.094868772387603951e-04
8.574004701295395974e-04
1.244205448589911708e-03
1.316414499872698264e-03
1.954021528504470018e-03
2.182637449034669982e-03
2.062344320468373869e-03
2.376346799087688914e-03
2.694671131337889828e-03
2.676618868517193460e-03
2.376632465319154786e-03
2.038329926945793309e-03
1.212671582651972044e-03
4.176163852838948532e-06
-1.133237940225017030e-03
-1.981758798075831246e-03
-2.880289676512617913e-03
-3.602619780373325035e-03
-4.008284259134277383e-03
-4.395666099081417012e-03
-4.237204275975393203e-03
-3.901435873526326766e-03
-3.552692695144874912e-03
-3.213348857282622047e-03
-2.640901374544237824e-03
-1.752267448771783901e-03
-1.083965122817020545e-03
-7.542427079313321738e-04
8.407894395217868752e-05
6.420182681479877059e-04
8.783066307529772227e-04
1.160026060704733757e-03
8.361874486832692041e-04
7.291842504079425538e-04
2.105655007174486650e-04
-1.625228911127004077e-04
-7.648833143014487470e-04
-1.677210950214063408e-03
-2.347595875146609758e-03
-2.974117210989561839e-03
-3.033351486339964063e-03
-3.285198522016144745e-03
-3.606333441382381360e-03
-3.575158961993704903e-03
-3.370013747642327650e-03
-3.014128913474229884e-03
-2.396278930012225167e-03
-1.367005067961327451e-03
-7.546242105759349075e-04
-3.021040193267758361e-04
1.469338084104173541e-04
7.098676841370164456e-04
9.303688406856416458e-04
7.617391427473795560e-04
3.380362237253171356e-04
7.052878093938381651e-04
9.844611238696587309e-04
5.277084648749426820e-04
7.531912718987434350e-05
2.537895660501487895e-04
1.792435806931771828e-04
-4.845396897805907496e-04
-1.548357049743517020e-03
-2.307611817781116039e-03
-3.053228327026152097e-03
-3.352624967681809478e-03
-3.382748932541869338e-03
-3.556461646392279023e-03
-3.825190634844119128e-03
-3.800466683262736060e-03
-3.631840671340363404e-03
-3.471720141083893887e-03
-3.466375418043565314e-03
-3.252079669245555842e-03
-2.931958404249037590e-03
-2.881773297908295055e-03
-2.635095899517673947e-03
-2.501864855177892387e-03
-2.474459327036620474e-03
-2.534983707948481289e-03
-2.263453347420330691e-03
-2.412027432901745882e-03
-2.580174262758433684e-03
-2.880704353300229774e-03
-2.837448956832465483e-03
-2.992178688849982983e-03
-3.241749609714161904e-03
-3.572698546387208934e-03
-3.390987178055755724e-03
-3.397953748087632203e-03
-3.285438113048987172e-03
-3.340700706278041526e-03
-3.786072791212746931e-03
-3.964282444448812351e-03
-4.065832182215059140e-03
-4.385971877291026944e-03
-4.336302813174868799e-03
-3.562451422213337108e-03
-3.001679394806153634e-03
-2.572387554191057826e-03
-2.144137013064853839e-03
-1.881480735791594147e-03
-1.543187412457957663e-03
-1.501553862981741278e-03
-1.791477442800402551e-03
-1.933564140315625251e-03
-2.038053475754052213e-03
-2.064887671432392817e-03
-1.960260110398094873e-03
-1.899754159565683392e-03
-1.578941766589812183e-03
-1.196425467617317573e-03
-7.969074203527427586e-04
-3.566248018579915653e-04
-1.032849297464083439e-04
7.365959068585226197e-05
1.878089601172902524e-04
2.661229752176936386e-04
2.927783991253746177e-04
1.513690070299177656e-04
1.192665731409637994e-04
-2.886906075034955737e-06
-4.858712630208105593e-04
-7.563971842189682205e-04
-9.972055238089254110e-04
-1.323086188633384314e-03
-1.464490973208978832e-03
-1.455893341145829238e-03
-1.501461712584494391e-03
-1.507552853842524356e-03
-1.588912439571942481e-03
-1.730492309902306432e-03
-1.900694093617603334e-03
-1.858203545446989770e-03
-1.903366455137767838e-03
-1.928154911997223466e-03
-1.979418177985756058e-03
-1.848242087504584031e-03
-1.707012388683758729e-03
-1.517928988572541738e-03
-1.648764122583900107e-03
-1.208967136682640711e-03
-1.072022431333803259e-03
-9.850508864120398073e-04
-3.913166619095875300e-04
-2.648651222952714228e-05
1.201438449227556940e-04
3.582724509607687559e-04
6.079078771030206173e-04
7.289151712479811918e-04
7.764389741162284987e-04
9.081569089332134411e-04
7.917893872896417540e-04
6.135299728390630238e-04
5.992779924008346344e-04
6.933322168550061287e-04
6.726969783994747988e-04
4.316905154554365079e-04
7.630817740352690203e-05
-3.177585288111042832e-05
6.260052936183682604e-05
1.862276593005309086e-04
2.616794830624409726e-04
4.436193843790667930e-04
7.806631483260332216e-04
8.891214013738908163e-04
9.062927063969056533e-04
8.254141457411168833e-04
7.695064997313331252e-04
7.636319119068338658e-04
7.172019342539089288e-04
8.473735854050883434e-04
9.133339182505526401e-04
8.544138757547628093e-04
8.517230841551489719e-04
8.075037945321808215e-04
8.996200961322469748e-04
8.341868635590359102e-04
6.678793556313992411e-04
4.891020559482920542e-04
2.024313851524517751e-04
-2.210218062930711382e-04
-5.647685901357877821e-04
-8.322378826572608603e-04
-8.829021710636874914e-04
-7.420318587921259385e-04
-4.717353920831135168e-04
-1.050763334688909368e-04
3.436804355566987971e-04
6.424135933521776028e-04
9.651464006066775561e-04
1.182179016202923984e-03
1.109951534840688094e-03
1.096912253630230767e-03
9.625846195632095995e-04
7.724451758995415362e-04
6.020480333420808253e-04
5.514104685508557828e-04
5.291100724170702324e-04
5.937250094627275019e-04
8.257025764845002088e-04
1.036000841049932418e-03
1.309392639602473133e-03
1.443379317199680210e-03
1.656440250674579093e-03
2.015071166680638699e-03
2.244866612295601249e-03
2.245797331307796633e-03
2.232804125295962533e-03
2.038071905833502197e-03
1.671930732451807613e-03
1.435177931844693142e-03
1.217085586680105667e-03
1.062051758351672745e-03
8.737617731607528939e-04
7.540915812798469836e-04
7.974603227362249500e-04
7.529046841633049887e-04
5.637779733653821169e-04
5.155916091409283759e-04
5.092968155049824560e-04
4.547133707036388824e-04
4.325244765505222911e-04
5.077072211524709389e-04
5.719664576647546508e-04
6.937745387617920987e-04
8.222552301234881166e-04
9.577651537871891083e-04
1.033107318576375038e-03
1.068631296715111907e-03
1.121322893860973854e-03
1.054292694903471430e-03
9.076786483715012155e-04
7.382122248262357796e-04
5.650164747043823557e-04
2.905935132066471156e-04
1.100450828884517524e-04
1.127045433530015321e-04
9.703252529319614987e-05
1.029568743322088417e-04
1.779617686674707649e-04
2.849262637759536780e-04
4.016918751356326079e-04
5.472074889324179568e-04
7.181658274091131137e-04
8.369513754764473009e-04
9.481538673543219104e-04
1.024095009725613801e-03
1.059554482586277675e-03
1.118217425473748156e-03
1.204719003369551745e-03
1.218679788552479463e-03
1.204571562733956639e-03
1.163555420919295657e-03
1.138665598622868149e-03
1.125948843802775578e-03
9.666760972009783579e-04
8.570484556120559066e-04
8.038223861621612105e-04
7.161735358206318576e-04
5.946059672604092497e-04
5.011507203883434989e-04
4.505297426686229114e-04
4.064394636018005334e-04
4.055520552763114102e-04
4.531661655338608879e-04
4.831915294688664850e-04
5.490090291985976834e-04
6.291337996049055446e-04
6.762890008841647600e-04
7.139895714058768763e-04
7.504479545726987786e-04
7.602555213517020894e-04
7.425700171120486626e-04
7.072220462320537478e-04
6.390215372295138382e-04
5.673746033699343574e-04
5.081633656188438552e-04
4.461443052636359188e-04
3.935706606262503603e-04
3.708463726651283908e-04
3.535230194866558970e-04
3.633637604086681718e-04
3.608277814764293914e-04
3.459012601303526092e-04
3.382905588217189220e-04
3.392129842981618884e-04
3.479534494770443638e-04
3.441651466462182355e-04
3.418180760283359427e-04
3.284977361062751868e-04
3.154722774554050233e-04
3.066608564706423405e-04
2.957511709405643511e-04
2.829063270682984207e-04
2.601590015078647294e-04
2.409705242891120353e-04
2.202431354363335741e-04
2.002464992337242729e-04
1.764726182479584439e-04
1.665240613611672122e-04
1.644221107999620658e-04
1.625772598470761601e-04
1.639466147501672673e-04
1.660605448630145622e-04
1.698552982216479845e-04
1.727220970800036402e-04
1.704856069388177586e-04
1.682122566387331275e-04
1.645603363958326407e-04
1.554346825564574834e-04
1.492541554130980041e-04
1.404602430038122700e-04
1.296565304305684124e-04
1.201696470339848701e-04
1.118438586427141195e-04
1.031033934638316576e-04
9.444586364247153801e-05
8.641726028232251950e-05
7.887198575573426643e-05
7.092834506184701152e-05
6.462608724372418171e-05
5.968452219135125586e-05
5.557701038446135721e-05
5.199844185776951564e-05
4.815549384137588949e-05
4.459931786121507557e-05
4.090086166770482372e-05
3.644760157034399977e-05
3.071363525204371254e-05
2.498464505519476178e-05
1.951929714486962019e-05
1.347837785333941416e-05
8.086040702753105261e-06
2.793391851908652046e-06
-2.359520136550378092e-06
-7.309000908046825821e-06
-1.221167849278149697e-05
-1.711426392711892501e-05
-2.191640542845706716e-05
-2.661543063527576218e-05
-3.115955102432216983e-05
-3.570404001495757027e-05
-4.018844694658789624e-05
-4.460530763703613626e-05
-4.897683033203882331e-05
-5.333609702420765710e-05
-5.763196424307051867e-05
-6.191944577578390883e-05
-6.616398522338015674e-05
-7.038428911650044357e-05
-7.455409459192934626e-05
-7.867063713774945114e-05
-8.274829221593130385e-05
-8.676881404782000402e-05
-9.074786820094751273e-05
-9.469190520312113757e-05
-9.860000355036843895e-05
-1.024620266989922018e-04
-1.062816606648823336e-04
-1.100607484559837406e-04
-1.137974470643515166e-04
-1.174899134820407280e-04
-1.211409122209687345e-04
-1.247486002731906568e-04
-1.283120561347339875e-04
-1.318312798055987266e-04
-1.353081142937298618e-04
-1.387397950872098845e-04
-1.421272436900113698e-04
-1.454686170941893030e-04
-1.487629937957712716e-04
-1.520112952987296882e-04
-1.552107570911471525e-04
-1.583632221809686794e-04
-1.614659260562767602e-04
-1.645188687170714493e-04
-1.675220501633527465e-04
-1.704745488911481310e-04
-1.733754433964851903e-04
-1.762238121753914306e-04
-1.790205767318393186e-04
