1.77151e-06
1.25212e-05
3.82785e-05
6.81374e-05
8.45146e-05
8.74300e-05
8.50811e-05
7.54052e-05
5.21080e-05
1.34677e-05
-3.44383e-05
-7.91961e-05
-1.08510e-04
-1.12197e-04
-8.87846e-05
-5.16958e-05
-2.07355e-05
-7.79554e-06
-1.59133e-06
2.33317e-05
6.49972e-05
8.77139e-05
7.40182e-05
4.53012e-05
1.73660e-05
-1.72066e-05
-5.25551e-05
-6.34871e-05
-4.99857e-05
-4.49523e-05
-5.78306e-05
-5.97192e-05
-3.26104e-05
1.28471e-05
5.31857e-05
6.71159e-05
5.48255e-05
4.19869e-05
5.28445e-05
7.70774e-05
8.35101e-05
6.26920e-05
2.61475e-05
-1.99617e-05
-6.90052e-05
-8.65805e-05
-4.61765e-05
-7.83728e-06
-7.29204e-05
-2.33066e-04
-3.42333e-04
-2.87615e-04
-1.26926e-04
1.68162e-05
1.15825e-04
1.94229e-04
2.18056e-04
1.34884e-04
-2.23728e-05
-1.54762e-04
-2.11408e-04
-2.34493e-04
-2.78718e-04
-3.07587e-04
-2.37059e-04
-9.11523e-05
1.66345e-05
7.27498e-05
1.65849e-04
2.91966e-04
3.55109e-04
3.53111e-04
3.24551e-04
2.08594e-04
-1.89061e-06
-1.84095e-04
-2.59742e-04
-2.22845e-04
-1.05802e-04
-8.89445e-06
1.67366e-05
4.50665e-05
1.28208e-04
2.25666e-04
3.00699e-04
3.37947e-04
3.04637e-04
2.00915e-04
6.19905e-05
-1.07001e-04
-2.56408e-04
-2.55648e-04
-9.85879e-05
3.95780e-05
5.36661e-05
1.25239e-05
-2.01376e-05
-9.80159e-05
-2.71828e-04
-4.51851e-04
-4.85827e-04
-3.47925e-04
-1.57426e-04
5.37590e-06
1.88725e-04
3.97850e-04
4.94280e-04
4.01987e-04
2.52031e-04
1.87550e-04
1.40141e-04
-4.03789e-05
-2.94114e-04
-4.21061e-04
-4.03129e-04
-3.96656e-04
-4.43702e-04
-4.04631e-04
-1.73373e-04
1.55571e-04
3.78544e-04
4.00069e-04
2.68197e-04
4.51392e-05
-1.99164e-04
-3.11907e-04
-1.65077e-04
1.39526e-04
3.64082e-04
4.41599e-04
4.47126e-04
3.89738e-04
2.87705e-04
2.40828e-04
2.95569e-04
3.85133e-04
3.95124e-04
2.57947e-04
2.86807e-05
-1.68386e-04
-2.67684e-04
-2.86866e-04
-2.85499e-04
-3.10366e-04
-3.12511e-04
-2.09818e-04
-5.26492e-05
1.89742e-05
-5.86645e-05
-2.20779e-04
-3.11734e-04
-2.18635e-04
-1.04306e-07
2.03513e-04
3.06569e-04
2.95269e-04
2.40083e-04
2.16408e-04
1.86703e-04
9.82546e-05
2.09830e-06
-3.84346e-05
-5.45830e-05
-1.08359e-04
-1.64287e-04
-1.22534e-04
2.06112e-05
1.64762e-04
2.28753e-04
1.71639e-04
-1.10123e-05
-2.32105e-04
-3.61541e-04
-3.54582e-04
-2.75634e-04
-2.19514e-04
-2.25550e-04
-2.29897e-04
-1.08583e-04
1.81688e-04
5.12636e-04
6.85075e-04
6.22732e-04
4.39525e-04
2.96364e-04
2.19192e-04
1.33250e-04
9.55162e-06
-1.39282e-04
-3.20865e-04
-5.13362e-04
-6.08816e-04
-5.25363e-04
-3.39807e-04
-1.82297e-04
-9.30833e-05
-6.56455e-05
-8.60780e-05
-8.96538e-05
-7.81780e-06
1.31531e-04
2.58776e-04
3.65103e-04
4.69613e-04
5.67364e-04
6.01521e-04
4.70595e-04
1.67049e-04
-1.62404e-04
-3.97057e-04
-5.24108e-04
-4.92289e-04
-2.58845e-04
-5.10673e-06
6.56706e-06
-2.24355e-04
-4.64483e-04
-5.45576e-04
-4.54644e-04
-2.17724e-04
1.01527e-04
3.53498e-04
4.13234e-04
3.06346e-04
1.51938e-04
3.55529e-05
4.64763e-06
9.35741e-05
2.70185e-04
4.24166e-04
4.57937e-04
3.62185e-04
1.62852e-04
-1.20618e-04
-3.99875e-04
-5.55042e-04
-5.69293e-04
-4.99583e-04
-3.66986e-04
-1.59420e-04
6.71169e-05
1.65031e-04
6.10285e-05
-1.23248e-04
-2.25187e-04
-2.25661e-04
-1.75752e-04
-7.96549e-05
6.11917e-05
2.06222e-04
2.80881e-04
2.26490e-04
9.61197e-05
-1.29662e-05
-1.06217e-04
-2.23517e-04
-3.05731e-04
-2.77703e-04
-1.75209e-04
-5.74152e-05
8.19912e-05
2.48201e-04
4.22703e-04
5.76696e-04
6.64852e-04
6.73558e-04
6.18168e-04
4.64806e-04
1.60828e-04
-2.40404e-04
-6.06543e-04
-8.81856e-04
-1.07058e-03
-1.10634e-03
-9.08208e-04
-5.35559e-04
-1.65225e-04
8.55132e-05
2.48779e-04
4.17531e-04
6.24185e-04
8.15478e-04
8.99732e-04
8.14836e-04
5.82818e-04
2.97139e-04
4.55122e-05
-1.58162e-04
-3.70501e-04
-6.14432e-04
-8.08063e-04
-8.69763e-04
-8.02863e-04
-6.15484e-04
-2.92447e-04
1.11799e-04
4.54842e-04
6.20678e-04
5.97832e-04
4.44646e-04
2.58979e-04
1.55322e-04
2.01906e-04
3.79855e-04
5.74963e-04
6.13082e-04
3.59796e-04
-1.58619e-04
-7.02777e-04
-9.76513e-04
-9.06574e-04
-6.84664e-04
-5.03315e-04
-3.52507e-04
-1.32905e-04
1.28198e-04
3.03401e-04
3.62285e-04
4.08507e-04
5.29903e-04
6.98153e-04
8.01395e-04
7.34962e-04
4.98725e-04
1.96693e-04
-8.27449e-05
-2.96615e-04
-3.93144e-04
-3.75943e-04
-3.42820e-04
-3.53507e-04
-3.56002e-04
-2.93939e-04
-2.18345e-04
-2.24749e-04
-2.71047e-04
-1.94384e-04
2.45658e-05
2.12094e-04
2.54898e-04
2.02009e-04
1.35594e-04
7.70783e-05
2.12117e-05
-6.30957e-07
3.86273e-05
9.02186e-05
9.10600e-05
6.02800e-05
5.89536e-05
1.11381e-04
1.94261e-04
2.27711e-04
1.38088e-04
-8.11092e-06
-7.13003e-05
-4.68453e-05
-3.14840e-05
-3.70774e-05
-6.10939e-06
6.64436e-05
1.37591e-04
1.65906e-04
1.17375e-04
-2.15503e-06
-1.32037e-04
-2.06930e-04
-1.81017e-04
-6.08890e-05
5.65280e-05
7.88767e-05
2.90042e-05
-1.47368e-05
-2.37062e-05
-3.01123e-05
-9.62792e-05
-2.37885e-04
-3.59282e-04
-3.66351e-04
-2.91213e-04
-1.91155e-04
-3.33506e-05
2.21791e-04
5.19441e-04
7.50150e-04
8.48952e-04
8.31950e-04
7.29234e-04
5.31547e-04
2.54522e-04
-1.35766e-05
-1.94854e-04
-2.97892e-04
-3.75262e-04
-4.51312e-04
-4.96652e-04
-4.36781e-04
-2.19709e-04
1.03456e-04
4.25728e-04
6.94877e-04
8.88917e-04
9.16845e-04
6.68058e-04
1.65851e-04
-4.10284e-04
-8.56389e-04
-1.06521e-03
-1.06030e-03
-9.39999e-04
-7.83061e-04
-6.30681e-04
-5.07041e-04
-3.81795e-04
-1.88206e-04
8.64123e-05
3.95000e-04
6.77407e-04
8.67823e-04
8.96512e-04
7.30518e-04
4.36052e-04
1.52225e-04
-4.66707e-05
-1.92307e-04
-3.06073e-04
-3.58979e-04
-3.52809e-04
-3.46306e-04
-3.89754e-04
-4.41585e-04
-3.94492e-04
-2.22199e-04
-1.72633e-06
2.14387e-04
4.24792e-04
5.95665e-04
6.47374e-04
5.48338e-04
3.55917e-04
1.29263e-04
-1.17736e-04
-3.63455e-04
-5.66884e-04
-7.01030e-04
-7.33983e-04
-6.22444e-04
-3.75644e-04
-6.51218e-05
2.30068e-04
4.40982e-04
5.32142e-04
5.28396e-04
4.63570e-04
3.37623e-04
1.50577e-04
-6.94282e-05
-2.56170e-04
-3.27762e-04
-2.74803e-04
-1.63807e-04
-3.37754e-05
9.24993e-05
1.53463e-04
1.51810e-04
1.87503e-04
2.60790e-04
2.19791e-04
-1.50949e-05
-3.51899e-04
-6.42426e-04
-7.62496e-04
-6.62468e-04
-4.15369e-04
-1.43451e-04
8.59843e-05
2.40976e-04
2.82121e-04
2.15905e-04
1.09607e-04
-2.76508e-06
-1.33401e-04
-2.63135e-04
-3.46664e-04
-3.57567e-04
-2.92367e-04
-1.84514e-04
-9.62063e-05
-3.57823e-05
4.19977e-05
1.18610e-04
1.55928e-04
2.15478e-04
3.16015e-04
2.98668e-04
5.33835e-05
-2.66700e-04
-4.34505e-04
-4.06202e-04
-2.75341e-04
-1.16130e-04
4.93326e-05
1.95221e-04
2.79626e-04
3.19486e-04
3.81893e-04
4.61314e-04
4.79205e-04
3.94800e-04
2.37780e-04
7.05939e-05
-6.05129e-05
-1.31596e-04
-1.04065e-04
1.98514e-05
1.27450e-04
1.27491e-04
8.91915e-05
1.10120e-04
1.52896e-04
1.26907e-04
1.82358e-05
-1.24205e-04
-2.49575e-04
-3.28102e-04
-3.33600e-04
-2.15599e-04
6.23670e-05
4.25655e-04
6.95400e-04
7.51491e-04
6.29844e-04
4.37101e-04
2.22080e-04
-4.75490e-05
-3.72005e-04
-6.54172e-04
-8.10233e-04
-8.48504e-04
-7.75234e-04
-5.25104e-04
-9.80356e-05
3.31814e-04
5.72327e-04
5.88301e-04
4.68308e-04
3.12702e-04
1.76232e-04
6.90394e-05
-2.72606e-05
-1.49645e-04
-3.21278e-04
-5.09720e-04
-6.29398e-04
-6.06319e-04
-4.60132e-04
-2.73074e-04
-6.30548e-05
1.81981e-04
3.68454e-04
3.97545e-04
3.25708e-04
2.56669e-04
1.98201e-04
1.32767e-04
1.17231e-04
2.25679e-04
4.42418e-04
6.60752e-04
7.65923e-04
7.12461e-04
5.24644e-04
2.36220e-04
-1.16914e-04
-4.52256e-04
-6.70882e-04
-7.64893e-04
-8.14381e-04
-8.43712e-04
-7.67756e-04
-4.98998e-04
-6.90553e-05
3.67718e-04
6.59525e-04
7.47576e-04
6.49475e-04
4.50919e-04
2.71002e-04
1.38411e-04
-2.47435e-05
-2.62996e-04
-5.13944e-04
-6.57735e-04
-6.11402e-04
-3.96539e-04
-1.02091e-04
1.94794e-04
4.46356e-04
6.08050e-04
6.42757e-04
5.69108e-04
4.49879e-04
3.14093e-04
1.55221e-04
-5.02575e-06
-1.35061e-04
-2.55914e-04
-3.99443e-04
-5.38016e-04
-6.14090e-04
-5.95042e-04
-4.80856e-04
-2.98870e-04
-9.68319e-05
7.41169e-05
1.72107e-04
1.91201e-04
1.92346e-04
2.43050e-04
3.18522e-04
3.23278e-04
1.86807e-04
-9.22511e-05
-4.36007e-04
-6.99570e-04
-7.61504e-04
-6.10643e-04
-3.13208e-04
2.75487e-05
2.52749e-04
2.37488e-04
3.69720e-05
-1.67530e-04
-2.63095e-04
-2.65701e-04
-2.23843e-04
-1.36142e-04
3.21377e-05
2.77827e-04
5.54086e-04
8.20670e-04
1.02581e-03
1.09295e-03
9.85321e-04
7.28646e-04
3.84300e-04
2.21694e-05
-3.21108e-04
-6.32085e-04
-8.48503e-04
-8.76724e-04
-6.95947e-04
-3.65367e-04
5.01601e-05
4.65463e-04
7.34664e-04
7.49622e-04
5.54864e-04
2.78061e-04
-8.32403e-06
-2.86857e-04
-5.07183e-04
-5.74323e-04
-4.28434e-04
-1.17719e-04
2.13176e-04
4.17891e-04
4.43196e-04
3.24172e-04
9.52393e-05
-2.19752e-04
-5.07429e-04
-5.98957e-04
-4.70280e-04
-2.69030e-04
-1.22592e-04
-3.83301e-05
3.49860e-05
1.32283e-04
2.56863e-04
4.18212e-04
6.41939e-04
8.87863e-04
1.01693e-03
9.35248e-04
6.88506e-04
3.52942e-04
-2.16657e-05
-3.54610e-04
-5.87913e-04
-7.73597e-04
-9.88905e-04
-1.21181e-03
-1.34327e-03
-1.31803e-03
-1.16927e-03
-9.70208e-04
-7.38015e-04
-4.49631e-04
-1.22557e-04
1.80954e-04
4.11815e-04
5.51890e-04
6.10622e-04
6.43692e-04
7.05392e-04
7.66800e-04
7.49914e-04
6.15121e-04
3.77547e-04
1.10647e-04
-4.84720e-05
-1.07801e-05
1.47825e-04
2.78073e-04
2.90799e-04
1.51804e-04
-1.01581e-04
-3.31162e-04
-4.11617e-04
-3.38033e-04
-1.89375e-04
-4.09434e-05
9.42236e-05
2.44337e-04
4.10559e-04
5.59603e-04
6.47491e-04
6.10681e-04
3.96636e-04
4.24570e-05
-3.33557e-04
-6.22618e-04
-7.69858e-04
-7.78622e-04
-6.97407e-04
-5.78908e-04
-4.64746e-04
-3.79610e-04
-3.02117e-04
-1.91834e-04
-6.06630e-05
3.55377e-05
7.16942e-05
6.78963e-05
3.84165e-05
-1.55418e-05
-7.07417e-05
-1.07855e-04
-1.54352e-04
-2.37326e-04
-3.22310e-04
-3.45932e-04
-2.91880e-04
-1.83671e-04
-1.70777e-05
2.06926e-04
3.94948e-04
4.17086e-04
2.70449e-04
1.07809e-04
7.40901e-05
1.92337e-04
4.20650e-04
7.03466e-04
9.30108e-04
9.60725e-04
7.50033e-04
3.68083e-04
-8.52489e-05
-5.09571e-04
-8.04679e-04
-9.08740e-04
-8.20163e-04
-5.99363e-04
-3.63261e-04
-2.16385e-04
-1.71167e-04
-1.63998e-04
-1.22438e-04
-5.17190e-06
1.99530e-04
4.81451e-04
7.67912e-04
8.96045e-04
7.17255e-04
2.63298e-04
-2.53194e-04
-6.21215e-04
-7.52386e-04
-6.51948e-04
-3.77208e-04
-3.91772e-05
2.13050e-04
2.77082e-04
1.91023e-04
1.07915e-04
1.57596e-04
3.35831e-04
5.33400e-04
6.61632e-04
7.18249e-04
7.47346e-04
7.69841e-04
7.40159e-04
5.71676e-04
2.38198e-04
-1.76922e-04
-5.53946e-04
-7.99887e-04
-8.61938e-04
-7.61851e-04
-5.83732e-04
-3.80432e-04
-1.55811e-04
5.26764e-05
1.82014e-04
2.30837e-04
2.44328e-04
2.28324e-04
1.37784e-04
-3.35661e-05
-1.94806e-04
-2.53328e-04
-2.25159e-04
-1.89080e-04
-1.82273e-04
-1.81689e-04
-1.50996e-04
-7.64655e-05
2.70229e-05
1.21956e-04
1.61050e-04
1.20496e-04
4.23113e-05
1.67297e-05
9.91168e-05
2.63200e-04
4.21774e-04
4.77193e-04
3.85216e-04
1.60905e-04
-1.74227e-04
-5.49569e-04
-7.83117e-04
-7.27027e-04
-4.19566e-04
1.50976e-05
4.65596e-04
7.69784e-04
7.59442e-04
4.40694e-04
1.72537e-05
-2.63032e-04
-2.68868e-04
-7.09959e-05
1.40683e-04
2.26619e-04
1.28904e-04
-1.63283e-04
-5.56615e-04
-8.53581e-04
-9.19196e-04
-7.70847e-04
-4.73483e-04
-8.25644e-05
3.21127e-04
6.53687e-04
8.70456e-04
9.78489e-04
1.01086e-03
9.66278e-04
8.14774e-04
5.65257e-04
2.64867e-04
-4.92899e-05
-3.40588e-04
-5.47167e-04
-6.20862e-04
-5.75311e-04
-4.77310e-04
-4.12875e-04
-4.38005e-04
-5.43684e-04
-7.03128e-04
-8.93546e-04
-1.02980e-03
-9.97372e-04
-7.72307e-04
-4.36094e-04
-1.10148e-04
1.25440e-04
2.82577e-04
3.98317e-04
4.66152e-04
4.82191e-04
4.51393e-04
3.33269e-04
1.16875e-04
-8.81608e-05
-1.62306e-04
-9.37698e-05
8.05154e-05
3.23109e-04
5.67052e-04
7.43318e-04
8.19391e-04
7.82173e-04
6.28857e-04
3.84388e-04
1.12902e-04
-1.01570e-04
-2.11122e-04
-2.36743e-04
-2.42235e-04
-2.93967e-04
-4.27434e-04
-6.09350e-04
-7.36081e-04
-7.04822e-04
-4.97957e-04
-1.82907e-04
1.67212e-04
5.17949e-04
8.43523e-04
1.09219e-03
1.19368e-03
1.09716e-03
8.05719e-04
3.85850e-04
-6.59512e-05
-4.89859e-04
-8.84546e-04
-1.24522e-03
-1.51732e-03
-1.63576e-03
-1.56506e-03
-1.29664e-03
-8.67309e-04
-3.77221e-04
5.56087e-05
3.37723e-04
3.94784e-04
1.95077e-04
-1.93616e-04
-6.04909e-04
-8.52176e-04
-8.28396e-04
-5.45324e-04
-7.35871e-05
5.09992e-04
1.10727e-03
1.60952e-03
1.95377e-03
2.14285e-03
2.20472e-03
2.15366e-03
1.99613e-03
1.76102e-03
1.49517e-03
1.20677e-03
8.53515e-04
4.03923e-04
-1.23864e-04
-6.72159e-04
-1.19182e-03
-1.67578e-03
-2.11159e-03
-2.42336e-03
-2.48185e-03
-2.15980e-03
-1.40082e-03
-2.78862e-04
9.89711e-04
2.10615e-03
2.81237e-03
2.98813e-03
2.61717e-03
1.72269e-03
4.20049e-04
-1.02255e-03
-2.24995e-03
-2.97855e-03
-3.13981e-03
-2.88664e-03
-2.46047e-03
-2.07951e-03
-1.91019e-03
-2.01396e-03
-2.27338e-03
-2.41670e-03
-2.15576e-03
-1.34198e-03
-2.35268e-05
1.61396e-03
3.29423e-03
4.68914e-03
5.55972e-03
5.86559e-03
5.68896e-03
5.12548e-03
4.26665e-03
3.15897e-03
1.76196e-03
4.33585e-05
-1.89003e-03
-3.80852e-03
-5.45263e-03
-6.59419e-03
-7.05577e-03
-6.69761e-03
-5.47383e-03
-3.54010e-03
-1.21478e-03
1.18124e-03
3.37866e-03
5.11473e-03
6.19396e-03
6.61406e-03
6.50421e-03
5.94330e-03
4.99092e-03
3.79210e-03
2.51019e-03
1.21489e-03
-9.92812e-05
-1.42249e-03
-2.68728e-03
-3.81623e-03
-4.76604e-03
-5.51018e-03
-5.99764e-03
-6.13670e-03
-5.85683e-03
-5.16311e-03
-4.14249e-03
-2.98521e-03
-1.94069e-03
-1.13759e-03
-5.19326e-04
3.71172e-05
6.24654e-04
1.27993e-03
1.99824e-03
2.75518e-03
3.48483e-03
4.07425e-03
4.43843e-03
4.58199e-03
4.54541e-03
4.37276e-03
4.19835e-03
4.20711e-03
4.39280e-03
4.51006e-03
4.30077e-03
3.60951e-03
2.34384e-03
4.78579e-04
-1.91323e-03
-4.65403e-03
-7.50041e-03
-1.01887e-02
-1.23792e-02
-1.35880e-02
-1.33163e-02
-1.13210e-02
-7.77152e-03
-3.16925e-03
1.83196e-03
6.54161e-03
1.03225e-02
1.27478e-02
1.37300e-02
1.34385e-02
1.20560e-02
9.66050e-03
6.33419e-03
2.30744e-03
-2.02547e-03
-6.13261e-03
-9.34206e-03
-1.09921e-02
-1.07730e-02
-8.90853e-03
-5.99822e-03
-2.75658e-03
1.28392e-04
2.09739e-03
2.92713e-03
2.86286e-03
2.44434e-03
2.19368e-03
2.34162e-03
2.68325e-03
2.80116e-03
2.46730e-03
1.78726e-03
1.11709e-03
8.27811e-04
9.50978e-04
1.11779e-03
9.32748e-04
2.53440e-04
-8.63448e-04
-2.23440e-03
-3.61348e-03
-4.84497e-03
-5.86910e-03
-6.58075e-03
-6.79285e-03
-6.31432e-03
-5.06594e-03
-3.16475e-03
-9.08086e-04
1.32515e-03
3.19906e-03
4.55062e-03
5.38304e-03
5.72736e-03
5.60477e-03
5.09575e-03
4.33653e-03
3.45930e-03
2.60034e-03
1.92807e-03
1.58019e-03
1.54765e-03
1.60216e-03
1.38475e-03
6.76424e-04
-4.00767e-04
-1.43721e-03
-1.94764e-03
-1.64066e-03
-6.00988e-04
8.02162e-04
2.15366e-03
3.12152e-03
3.50405e-03
3.26981e-03
2.49880e-03
1.28454e-03
-2.32160e-04
-1.78801e-03
-3.06034e-03
-3.84854e-03
-4.21243e-03
-4.44719e-03
-4.90468e-03
-5.72747e-03
-6.66079e-03
-7.17087e-03
-6.81738e-03
-5.57035e-03
-3.84760e-03
-2.22984e-03
-1.06514e-03
-2.89320e-04
4.39249e-04
1.48332e-03
2.99485e-03
4.75313e-03
6.21032e-03
6.79227e-03
6.28336e-03
5.00244e-03
3.61285e-03
2.69260e-03
2.39883e-03
2.40794e-03
2.15962e-03
1.27064e-03
-2.38797e-04
-2.05818e-03
-3.76270e-03
-4.90620e-03
-5.15732e-03
-4.44614e-03
-3.00238e-03
-1.28863e-03
1.81272e-04
1.11534e-03
1.60946e-03
2.03815e-03
2.75752e-03
3.83359e-03
4.92315e-03
5.38427e-03
4.63189e-03
2.52071e-03
-5.09131e-04
-3.60647e-03
-5.92109e-03
-6.95995e-03
-6.71630e-03
-5.60085e-03
-4.14909e-03
-2.73501e-03
-1.58480e-03
-8.46618e-04
-4.74664e-04
-1.69284e-04
4.13787e-04
1.33842e-03
2.29056e-03
2.85270e-03
2.87992e-03
2.58708e-03
2.35834e-03
2.53689e-03
3.24095e-03
4.18591e-03
4.70206e-03
4.15284e-03
2.48922e-03
3.31649e-04
-1.51737e-03
-2.61851e-03
-3.03849e-03
-3.12502e-03
-3.26665e-03
-3.68920e-03
-4.20646e-03
-4.19957e-03
-2.99379e-03
-3.79899e-04
3.08945e-03
6.33828e-03
8.41189e-03
8.89860e-03
7.90065e-03
5.89423e-03
3.56038e-03
1.47602e-03
-2.03376e-04
-1.74793e-03
-3.49236e-03
-5.49848e-03
-7.54306e-03
-9.27019e-03
-1.02284e-02
-9.90472e-03
-8.02217e-03
-4.83118e-03
-1.08144e-03
2.24949e-03
4.35144e-03
4.95640e-03
4.41214e-03
3.45982e-03
2.88501e-03
3.08384e-03
3.78468e-03
4.30078e-03
4.12012e-03
3.25200e-03
2.14040e-03
1.31382e-03
1.03173e-03
1.15723e-03
1.28665e-03
1.02519e-03
2.20187e-04
-9.97126e-04
-2.32759e-03
-3.47307e-03
-4.25695e-03
-4.59939e-03
-4.39256e-03
-3.50439e-03
-1.98158e-03
-1.85940e-04
1.33614e-03
2.19106e-03
2.43278e-03
2.47251e-03
2.64861e-03
2.96979e-03
3.20379e-03
3.04650e-03
2.26994e-03
8.59191e-04
-9.55409e-04
-2.79431e-03
-4.26267e-03
-5.06372e-03
-5.07330e-03
-4.36071e-03
-3.16580e-03
-1.82634e-03
-6.83250e-04
-1.15193e-05
7.98961e-05
-2.50608e-04
-6.40364e-04
-7.42672e-04
-4.24443e-04
1.66247e-04
7.34098e-04
1.08829e-03
1.24394e-03
1.35747e-03
1.61473e-03
2.06526e-03
2.54917e-03
2.83833e-03
2.81034e-03
2.48227e-03
1.96529e-03
1.43208e-03
1.06042e-03
9.61676e-04
1.17085e-03
1.66053e-03
2.31808e-03
2.91271e-03
3.12533e-03
2.70751e-03
1.66053e-03
2.45569e-04
-1.18421e-03
-2.39420e-03
-3.35581e-03
-4.15101e-03
-4.78841e-03
-5.11368e-03
-4.96831e-03
-4.42785e-03
-3.78859e-03
-3.32706e-03
-3.12069e-03
-3.04515e-03
-2.86314e-03
-2.32993e-03
-1.30761e-03
1.38506e-04
1.74485e-03
3.16196e-03
4.06321e-03
4.22348e-03
3.59187e-03
2.32954e-03
8.27467e-04
-3.56046e-04
-7.29466e-04
-1.36579e-04
1.15122e-03
2.60286e-03
3.72643e-03
4.24416e-03
4.09611e-03
3.38463e-03
2.28075e-03
9.35383e-04
-5.15222e-04
-1.89429e-03
-2.95861e-03
-3.43480e-03
-3.14739e-03
-2.12000e-03
-5.71967e-04
1.09150e-03
2.37978e-03
2.95150e-03
2.71277e-03
1.73082e-03
1.99663e-04
-1.53794e-03
-3.04555e-03
-3.94727e-03
-4.10702e-03
-3.67541e-03
-2.95347e-03
-2.20168e-03
-1.52993e-03
-9.37411e-04
-4.16081e-04
2.69887e-05
4.15625e-04
8.14321e-04
1.24757e-03
1.58914e-03
1.60567e-03
1.20795e-03
6.02461e-04
1.16503e-04
-5.79422e-05
6.86795e-05
3.74457e-04
7.64015e-04
1.23302e-03
1.81420e-03
2.51610e-03
3.26514e-03
3.82378e-03
3.85375e-03
3.15366e-03
1.79650e-03
5.50058e-05
-1.70346e-03
-3.06682e-03
-3.68955e-03
-3.46922e-03
-2.58479e-03
-1.37574e-03
-2.45914e-04
3.92272e-04
2.51051e-04
-6.31890e-04
-1.81558e-03
-2.68213e-03
-2.84585e-03
-2.36574e-03
-1.62067e-03
-1.08097e-03
-1.09996e-03
-1.69411e-03
-2.48353e-03
-2.89831e-03
-2.46192e-03
-1.00238e-03
1.23775e-03
3.65533e-03
5.53432e-03
6.35582e-03
5.97311e-03
4.56575e-03
2.48694e-03
1.70187e-04
-1.90428e-03
-3.32577e-03
-3.94108e-03
-3.87102e-03
-3.28131e-03
-2.22499e-03
-7.61425e-04
8.59370e-04
2.21765e-03
2.92282e-03
2.78592e-03
1.87105e-03
4.54861e-04
-1.04743e-03
-2.16931e-03
-2.53203e-03
-2.01453e-03
-8.31539e-04
5.64483e-04
1.68881e-03
2.23833e-03
2.21473e-03
1.84663e-03
1.43179e-03
1.25978e-03
1.50430e-03
2.04791e-03
2.49541e-03
2.46392e-03
1.83822e-03
7.71611e-04
-4.45072e-04
-1.49750e-03
-2.12753e-03
-2.19946e-03
-1.74459e-03
-9.60840e-04
-1.66750e-04
2.57964e-04
-1.99181e-05
-1.06946e-03
-2.54868e-03
-3.87786e-03
-4.57614e-03
-4.42709e-03
-3.49685e-03
-2.10089e-03
-6.20321e-04
7.22356e-04
1.87789e-03
2.83874e-03
3.54396e-03
3.86333e-03
3.68051e-03
3.02086e-03
2.05644e-03
1.00205e-03
6.08453e-05
-6.24644e-04
-1.07921e-03
-1.49090e-03
-2.03475e-03
-2.71707e-03
-3.35955e-03
-3.68429e-03
-3.45099e-03
-2.60705e-03
-1.34909e-03
-8.44271e-06
1.13112e-03
1.92031e-03
2.33649e-03
2.42910e-03
2.25335e-03
1.83921e-03
1.19545e-03
3.53319e-04
-5.68775e-04
-1.36744e-03
-1.80139e-03
-1.63942e-03
-7.86665e-04
5.78296e-04
2.05738e-03
3.24879e-03
3.89804e-03
3.91960e-03
3.37704e-03
2.44441e-03
1.37161e-03
4.28931e-04
-2.13077e-04
-5.46549e-04
-6.54033e-04
-6.02208e-04
-4.12165e-04
-1.11278e-04
2.37795e-04
5.63666e-04
7.97845e-04
8.74386e-04
7.51921e-04
4.06120e-04
-2.11686e-04
-1.13589e-03
-2.27781e-03
-3.40156e-03
-4.23001e-03
-4.57982e-03
-4.40675e-03
-3.74131e-03
-2.65508e-03
-1.31637e-03
3.41912e-05
1.21327e-03
2.12662e-03
2.69384e-03
2.84598e-03
2.62635e-03
2.24932e-03
1.99358e-03
2.02092e-03
2.31137e-03
2.71925e-03
3.03593e-03
3.04931e-03
2.64049e-03
1.84973e-03
8.11518e-04
-3.85416e-04
-1.72111e-03
-3.10772e-03
-4.31297e-03
-5.07657e-03
-5.28113e-03
-5.00710e-03
-4.43836e-03
-3.71654e-03
-2.88353e-03
-1.93110e-03
-8.54559e-04
3.15896e-04
1.47579e-03
2.46386e-03
3.15694e-03
3.53275e-03
3.63885e-03
3.52381e-03
3.20269e-03
2.66778e-03
1.92825e-03
1.06095e-03
2.22493e-04
-4.21683e-04
-8.07991e-04
-1.01898e-03
-1.19701e-03
-1.40495e-03
-1.58012e-03
-1.61377e-03
-1.43802e-03
-1.02511e-03
-3.72253e-04
4.52495e-04
1.26042e-03
1.77990e-03
1.79872e-03
1.28531e-03
3.90537e-04
-6.07174e-04
-1.40466e-03
-1.83007e-03
-1.89908e-03
-1.71643e-03
-1.38252e-03
-9.81874e-04
-5.95489e-04
-2.99422e-04
-1.58172e-04
-2.03682e-04
-3.88198e-04
-5.69635e-04
-5.61338e-04
-2.23139e-04
4.12658e-04
1.07491e-03
1.40187e-03
1.21835e-03
6.41900e-04
-5.39648e-05
-6.08460e-04
-8.52222e-04
-7.43371e-04
-3.77471e-04
6.42398e-05
3.89082e-04
4.51051e-04
2.21248e-04
-1.75041e-04
-5.34864e-04
-7.00134e-04
-6.10505e-04
-3.01462e-04
1.24561e-04
5.72167e-04
1.00830e-03
1.43635e-03
1.84342e-03
2.18481e-03
2.40175e-03
2.44406e-03
2.29968e-03
2.02285e-03
1.71598e-03
1.45680e-03
1.22764e-03
9.15753e-04
4.07364e-04
-3.14041e-04
-1.16586e-03
-2.02610e-03
-2.75844e-03
-3.21242e-03
-3.26524e-03
-2.89469e-03
-2.20407e-03
-1.37843e-03
-6.14595e-04
-6.33557e-05
2.12057e-04
2.82176e-04
3.48299e-04
6.13972e-04
1.12493e-03
1.73053e-03
2.17879e-03
2.26264e-03
1.94181e-03
1.36769e-03
7.66469e-04
2.59383e-04
-2.16344e-04
-8.08869e-04
-1.57217e-03
-2.36563e-03
-2.91836e-03
-3.00612e-03
-2.57784e-03
-1.75599e-03
-7.63354e-04
1.85109e-04
9.63430e-04
1.52831e-03
1.89185e-03
2.11884e-03
2.28163e-03
2.37476e-03
2.28986e-03
1.87158e-03
1.02583e-03
-1.63513e-04
-1.41395e-03
-2.35704e-03
-2.69884e-03
-2.35231e-03
-1.49972e-03
-5.22285e-04
1.96760e-04
4.65102e-04
3.40767e-04
3.62993e-05
-2.25208e-04
-2.93528e-04
-1.25950e-04
2.02123e-04
5.32341e-04
7.13124e-04
7.01555e-04
5.94515e-04
5.52014e-04
6.77366e-04
9.55250e-04
1.27485e-03
1.50208e-03
1.55057e-03
1.39317e-03
1.04219e-03
5.59218e-04
6.64356e-05
-3.01538e-04
-4.73118e-04
-4.48129e-04
-2.69386e-04
-2.45001e-05
1.87674e-04
3.23788e-04
3.86791e-04
3.71231e-04
2.59686e-04
4.64081e-05
-2.53534e-04
-5.93095e-04
-8.92772e-04
-1.07244e-03
-1.08325e-03
-9.24674e-04
-6.65604e-04
-4.19324e-04
-2.64268e-04
-2.02930e-04
-1.90981e-04
-1.91747e-04
-2.14890e-04
-2.98606e-04
-4.40539e-04
-5.63092e-04
-5.64705e-04
-3.79774e-04
6.96590e-06
5.46258e-04
1.12305e-03
1.60485e-03
1.89232e-03
1.93620e-03
1.73024e-03
1.28998e-03
6.43242e-04
-1.47371e-04
-9.64464e-04
-1.65847e-03
-2.09096e-03
-2.16791e-03
-1.88021e-03
-1.33940e-03
-7.47521e-04
-3.14353e-04
-1.76538e-04
-3.30736e-04
-6.20790e-04
-8.30897e-04
-8.16349e-04
-5.57004e-04
-1.40465e-04
2.85271e-04
5.99772e-04
7.76108e-04
8.36464e-04
7.63721e-04
5.07450e-04
6.65573e-05
-4.76239e-04
-9.96951e-04
-1.39999e-03
-1.64404e-03
-1.71211e-03
-1.61161e-03
-1.40414e-03
-1.16762e-03
-9.22922e-04
-6.39663e-04
-3.04683e-04
4.34972e-05
3.38113e-04
5.28729e-04
6.19813e-04
6.75553e-04
7.60916e-04
8.76312e-04
9.62902e-04
9.46834e-04
7.82009e-04
5.01279e-04
2.18756e-04
3.46422e-05
-4.22591e-05
-6.73078e-05
-9.56455e-05
-1.39712e-04
-1.72584e-04
-1.79420e-04
-1.85187e-04
-2.18561e-04
-2.67307e-04
-2.73074e-04
-1.59630e-04
1.20468e-04
5.34606e-04
9.54254e-04
1.21093e-03
1.18212e-03
8.35762e-04
2.36944e-04
-4.67091e-04
-1.09704e-03
-1.50422e-03
-1.61465e-03
-1.44358e-03
-1.06666e-03
-5.75679e-04
-6.65079e-05
3.66245e-04
6.64216e-04
8.36988e-04
9.53786e-04
1.10138e-03
1.32428e-03
1.58469e-03
1.76506e-03
1.71651e-03
1.36378e-03
7.86916e-04
1.87327e-04
-2.20420e-04
-3.12707e-04
-1.08267e-04
2.54729e-04
5.92993e-04
7.57293e-04
6.90334e-04
4.38807e-04
9.72537e-05
-2.66280e-04
-6.31602e-04
-9.87838e-04
-1.27776e-03
-1.40466e-03
-1.29657e-03
-9.36421e-04
-3.60869e-04
3.21442e-04
9.39529e-04
1.32942e-03
1.40485e-03
1.18352e-03
7.68451e-04
2.93098e-04
-1.31563e-04
-4.41255e-04
-6.22487e-04
-7.01891e-04
-7.22516e-04
-7.19653e-04
-7.04520e-04
-6.66133e-04
-6.00577e-04
-5.25783e-04
-4.56686e-04
-3.92923e-04
-3.28939e-04
-2.57791e-04
-1.79965e-04
-1.08367e-04
-4.65801e-05
2.79578e-05
1.53244e-04
3.60495e-04
6.41604e-04
9.31524e-04
1.13380e-03
1.16600e-03
1.00491e-03
6.98980e-04
3.28230e-04
-2.67481e-05
-2.93170e-04
-4.41396e-04
-4.99415e-04
-5.04925e-04
-4.68150e-04
-3.82687e-04
-2.42495e-04
-5.82744e-05
1.19011e-04
2.07454e-04
1.42820e-04
-8.85724e-05
-4.42822e-04
-8.27980e-04
-1.15348e-03
-1.37796e-03
-1.49318e-03
-1.48798e-03
-1.33899e-03
-1.01384e-03
-5.03634e-04
1.35832e-04
7.92055e-04
1.34262e-03
1.70102e-03
1.84364e-03
1.79976e-03
1.61852e-03
1.34537e-03
1.02401e-03
7.09671e-04
4.59079e-04
2.94674e-04
1.88651e-04
9.20573e-05
-2.91196e-05
-1.79464e-04
-3.32697e-04
-4.50588e-04
-5.09483e-04
-5.02232e-04
-4.30348e-04
-3.09700e-04
-1.68082e-04
-2.66221e-05
1.04204e-04
2.21890e-04
3.35731e-04
4.55713e-04
5.83846e-04
7.11365e-04
8.05376e-04
8.20567e-04
7.35613e-04
5.67176e-04
3.59681e-04
1.60435e-04
-1.04642e-05
-1.57361e-04
-2.85132e-04
-3.88485e-04
-4.41322e-04
-4.08701e-04
-2.89976e-04
-1.40224e-04
-5.47185e-05
-1.17122e-04
-3.36969e-04
-6.37915e-04
-9.01893e-04
-1.03534e-03
-1.01741e-03
-8.90616e-04
-7.10190e-04
-5.06230e-04
-2.81609e-04
-2.56415e-05
2.63256e-04
5.60468e-04
8.23663e-04
1.00719e-03
1.06485e-03
9.62312e-04
7.04411e-04
3.46124e-04
-2.10488e-05
-3.02194e-04
-4.45599e-04
-4.55398e-04
-3.74668e-04
-2.78326e-04
-2.37619e-04
-2.65326e-04
-3.19903e-04
-3.57595e-04
-3.64992e-04
-3.55206e-04
-3.38916e-04
-3.00616e-04
-2.12928e-04
-6.75119e-05
1.03203e-04
2.22753e-04
2.10810e-04
4.39285e-05
-2.28236e-04
-5.12097e-04
-7.07211e-04
-7.55824e-04
-6.78932e-04
-5.46132e-04
-4.14224e-04
-2.96521e-04
-1.66396e-04
1.09145e-05
2.43419e-04
5.15839e-04
8.14021e-04
1.11995e-03
1.38060e-03
1.51013e-03
1.44078e-03
1.15734e-03
6.99677e-04
1.58721e-04
-3.54745e-04
-7.52494e-04
-9.85096e-04
-1.05603e-03
-1.02500e-03
-9.71658e-04
-9.44781e-04
-9.40633e-04
-9.15450e-04
-8.18167e-04
-6.38677e-04
-4.21114e-04
-2.00787e-04
3.07010e-05
2.72316e-04
4.85333e-04
6.26233e-04
6.68535e-04
6.08821e-04
4.69634e-04
2.90283e-04
1.23815e-04
3.00276e-05
3.33077e-05
9.42154e-05
1.43108e-04
1.25807e-04
1.44213e-05
-1.89745e-04
-4.49236e-04
-7.00670e-04
-8.72799e-04
-9.14925e-04
-8.38910e-04
-7.20477e-04
-6.55972e-04
-7.13582e-04
-8.87348e-04
-1.09494e-03
-1.23441e-03
-1.23015e-03
-1.03687e-03
-6.50305e-04
-1.30313e-04
4.12905e-04
8.64910e-04
1.14127e-03
1.21589e-03
1.13759e-03
1.00566e-03
9.17320e-04
9.25032e-04
1.02389e-03
1.17347e-03
1.32672e-03
1.44259e-03
1.48366e-03
1.42033e-03
1.24674e-03
9.81064e-04
6.56964e-04
3.29679e-04
6.24351e-05
-1.10226e-04
-1.93626e-04
-2.13959e-04
-1.96588e-04
-1.52621e-04
-7.83651e-05
2.88714e-05
1.52677e-04
2.53606e-04
2.85349e-04
2.31245e-04
1.27594e-04
3.06854e-05
-3.50515e-05
-8.02585e-05
-1.22648e-04
-1.82169e-04
-2.84833e-04
-4.44844e-04
-6.63453e-04
-9.36136e-04
-1.22249e-03
-1.44884e-03
-1.56839e-03
-1.58393e-03
-1.51907e-03
-1.40210e-03
-1.25714e-03
-1.08250e-03
-8.52468e-04
-5.54099e-04
-2.04582e-04
1.60137e-04
4.93545e-04
7.50097e-04
9.07795e-04
9.75688e-04
9.71540e-04
9.00491e-04
7.72066e-04
6.15011e-04
4.65681e-04
3.56111e-04
3.00715e-04
2.94580e-04
3.27709e-04
3.89292e-04
4.69473e-04
5.62782e-04
6.66778e-04
7.82817e-04
9.14046e-04
1.06076e-03
1.21068e-03
1.33280e-03
1.38445e-03
1.31585e-03
1.08822e-03
7.12702e-04
2.57209e-04
-1.91384e-04
-5.58535e-04
-7.94333e-04
-8.98861e-04
-9.25387e-04
-9.29126e-04
-9.34035e-04
-9.44844e-04
-9.52907e-04
-9.36196e-04
-8.76483e-04
-7.78208e-04
-6.69706e-04
-5.88316e-04
-5.56742e-04
-5.53820e-04
-5.14574e-04
-3.76625e-04
-1.18537e-04
2.29659e-04
5.74812e-04
7.94033e-04
8.18164e-04
6.57837e-04
3.66340e-04
1.48885e-05
-3.25489e-04
-6.08825e-04
-8.20510e-04
-9.67281e-04
-1.06550e-03
-1.12369e-03
-1.12796e-03
-1.05709e-03
-9.07626e-04
-6.89865e-04
-4.17946e-04
-1.24585e-04
1.41134e-04
3.43628e-04
4.72030e-04
5.33741e-04
5.57586e-04
5.85912e-04
6.43171e-04
7.22107e-04
8.02037e-04
8.54856e-04
8.49364e-04
7.84918e-04
6.96866e-04
6.16937e-04
5.50574e-04
4.76224e-04
3.52965e-04
1.59439e-04
-8.03790e-05
-3.19811e-04
-5.05303e-04
-5.87383e-04
-5.55814e-04
-4.41523e-04
-2.82827e-04
-1.25965e-04
-2.63672e-05
-6.81310e-06
-5.03304e-05
-1.34548e-04
-2.25445e-04
-2.70428e-04
-2.43931e-04
-1.62734e-04
-3.88197e-05
1.31019e-04
3.26151e-04
5.02873e-04
6.27686e-04
6.87108e-04
6.88802e-04
6.68761e-04
6.64204e-04
6.65840e-04
6.25758e-04
5.05607e-04
3.01208e-04
5.38404e-05
-1.64137e-04
-2.94840e-04
-3.25205e-04
-2.90330e-04
-2.48939e-04
-2.46240e-04
-3.00169e-04
-4.06029e-04
-5.47752e-04
-7.10083e-04
-8.78531e-04
-1.03757e-03
-1.16909e-03
-1.24587e-03
-1.24043e-03
-1.13713e-03
-9.33337e-04
-6.48208e-04
-3.27029e-04
-1.68396e-05
2.57877e-04
4.85343e-04
6.55907e-04
7.77320e-04
8.69694e-04
9.37471e-04
9.66802e-04
9.42963e-04
8.66189e-04
7.52429e-04
6.21784e-04
4.92600e-04
3.74639e-04
2.66284e-04
1.62919e-04
5.52642e-05
-6.56925e-05
-1.97512e-04
-3.36372e-04
-4.80286e-04
-6.13385e-04
-7.01086e-04
-7.04359e-04
-6.01233e-04
-3.98230e-04
-1.32628e-04
1.33120e-04
3.35013e-04
4.38658e-04
4.55334e-04
4.32278e-04
4.11045e-04
3.91840e-04
3.54913e-04
2.93727e-04
2.11385e-04
1.22141e-04
5.42644e-05
2.62428e-05
3.90567e-05
8.72423e-05
1.53985e-04
2.11343e-04
2.40335e-04
2.38588e-04
2.07954e-04
1.55270e-04
1.00499e-04
5.62430e-05
1.01859e-05
-5.16334e-05
-1.25582e-04
-2.04513e-04
-2.81527e-04
-3.34095e-04
-3.32616e-04
-2.70233e-04
-1.76076e-04
-1.03503e-04
-1.03333e-04
-2.01323e-04
-3.90706e-04
-6.25715e-04
-8.30856e-04
-9.48998e-04
-9.69097e-04
-9.00327e-04
-7.61327e-04
-5.86802e-04
-4.00919e-04
-2.01937e-04
1.02559e-05
2.21503e-04
4.22998e-04
6.07642e-04
7.54355e-04
8.43166e-04
8.71036e-04
8.50703e-04
8.07350e-04
7.72877e-04
7.68086e-04
7.82868e-04
7.82225e-04
7.36242e-04
6.42232e-04
5.14847e-04
3.70950e-04
2.34129e-04
1.23700e-04
3.51970e-05
-5.02669e-05
-1.50789e-04
-2.73412e-04
-4.01995e-04
-5.11197e-04
-5.88790e-04
-6.32202e-04
-6.45582e-04
-6.36526e-04
-6.04858e-04
-5.50999e-04
-4.84560e-04
-4.12676e-04
-3.38245e-04
-2.64532e-04
-1.88388e-04
-1.03767e-04
-1.90686e-05
5.45531e-05
1.26305e-04
1.99702e-04
2.48630e-04
2.46836e-04
1.91534e-04
9.17623e-05
-4.28981e-05
-1.99572e-04
-3.66215e-04
-5.30982e-04
-6.62702e-04
-7.19552e-04
-6.87242e-04
-5.87038e-04
-4.53939e-04
-3.18695e-04
-2.03317e-04
-1.18643e-04
-5.14762e-05
3.30353e-05
1.61396e-04
3.30791e-04
5.05234e-04
6.27389e-04
6.53506e-04
5.75815e-04
4.20238e-04
2.44130e-04
1.18533e-04
9.44201e-05
1.81478e-04
3.41051e-04
5.03101e-04
6.10562e-04
6.37380e-04
5.80530e-04
4.73256e-04
3.77434e-04
3.28477e-04
3.15739e-04
3.18509e-04
3.22879e-04
3.07121e-04
2.50136e-04
1.58188e-04
6.10747e-05
-1.55274e-05
-6.03388e-05
-7.17557e-05
-6.63277e-05
-7.43500e-05
-9.87028e-05
-1.03716e-04
-5.73410e-05
5.06451e-05
2.15500e-04
4.06443e-04
5.70813e-04
6.60751e-04
6.51811e-04
5.53547e-04
4.03954e-04
2.44755e-04
1.06771e-04
5.81735e-06
-6.67138e-05
-1.37681e-04
-2.23780e-04
-3.18346e-04
-3.98743e-04
-4.38065e-04
-4.26052e-04
-3.84866e-04
-3.54817e-04
-3.63225e-04
-4.10119e-04
-4.76973e-04
-5.41384e-04
-5.89435e-04
-6.20811e-04
-6.39040e-04
-6.38515e-04
-6.10002e-04
-5.49646e-04
-4.56984e-04
-3.37540e-04
-2.05884e-04
-7.64017e-05
3.55681e-05
1.11480e-04
1.48891e-04
1.65683e-04
1.78981e-04
1.98946e-04
2.27366e-04
2.48628e-04
2.39998e-04
1.91906e-04
1.17293e-04
4.48019e-05
-5.88859e-06
-4.12265e-05
-8.39041e-05
-1.51079e-04
-2.42577e-04
-3.42443e-04
-4.24411e-04
-4.62577e-04
-4.47777e-04
-3.91949e-04
-3.10436e-04
-2.07842e-04
-8.43834e-05
5.95190e-05
2.22598e-04
3.96520e-04
5.63671e-04
6.96041e-04
7.62648e-04
7.50612e-04
6.71792e-04
5.48264e-04
4.05471e-04
2.76199e-04
1.84701e-04
1.25689e-04
7.61650e-05
2.42971e-05
-2.48251e-05
-6.70540e-05
-1.05739e-04
-1.44623e-04
-1.88964e-04
-2.47147e-04
-3.22753e-04
-4.01905e-04
-4.50786e-04
-4.39808e-04
-3.75297e-04
-2.97763e-04
-2.47165e-04
-2.42473e-04
-2.90483e-04
-3.85511e-04
-4.96997e-04
-5.82869e-04
-6.13859e-04
-5.73561e-04
-4.56647e-04
-2.79546e-04
-7.36392e-05
1.36369e-04
3.36134e-04
5.15129e-04
6.66533e-04
7.80819e-04
8.38954e-04
8.24873e-04
7.36939e-04
5.92505e-04
4.30770e-04
2.97537e-04
2.25419e-04
2.30292e-04
2.98530e-04
3.76315e-04
4.05021e-04
3.59400e-04
2.41212e-04
7.15776e-05
-1.11115e-04
-2.71962e-04
-3.94240e-04
-4.79510e-04
-5.43933e-04
-6.08601e-04
-6.81110e-04
-7.46783e-04
-7.86690e-04
-7.92182e-04
-7.59112e-04
-6.90868e-04
-6.04745e-04
-5.13609e-04
-4.12154e-04
-2.93411e-04
-1.61352e-04
-2.22102e-05
1.13126e-04
2.25039e-04
3.01200e-04
3.45722e-04
3.69005e-04
3.75333e-04
3.57542e-04
3.04886e-04
2.12734e-04
8.54831e-05
-5.47296e-05
-1.65711e-04
-2.08837e-04
-1.75124e-04
-8.46361e-05
2.96790e-05
1.28872e-04
1.74492e-04
1.47014e-04
5.43251e-05
-7.64095e-05
-2.07411e-04
-3.00668e-04
-3.34346e-04
-3.15754e-04
-2.69462e-04
-2.07855e-04
-1.31203e-04
-4.75595e-05
3.22573e-05
1.01627e-04
1.52062e-04
1.76502e-04
1.72155e-04
1.37683e-04
7.98797e-05
2.12325e-05
-1.49608e-05
-2.18326e-05
-7.43831e-07
4.44722e-05
1.03257e-04
1.60458e-04
1.99990e-04
2.20276e-04
2.38816e-04
2.63431e-04
2.85488e-04
2.99814e-04
3.01182e-04
2.81164e-04
2.47410e-04
2.24664e-04
2.28813e-04
2.54953e-04
2.92505e-04
3.35391e-04
3.73843e-04
3.91850e-04
3.81696e-04
3.50875e-04
3.11675e-04
2.74638e-04
2.42123e-04
2.06353e-04
1.65418e-04
1.25512e-04
8.98940e-05
6.02651e-05
4.14752e-05
4.43259e-05
8.04053e-05
1.50513e-04
2.42198e-04
3.31482e-04
3.85534e-04
3.80994e-04
3.27854e-04
2.59043e-04
1.99704e-04
1.63975e-04
1.63239e-04
2.02076e-04
2.71670e-04
3.48105e-04
4.05727e-04
4.31260e-04
4.18026e-04
3.61783e-04
2.66452e-04
1.40738e-04
-2.47259e-06
-1.41575e-04
-2.56625e-04
-3.36561e-04
-3.71729e-04
-3.52938e-04
-2.84659e-04
-1.96293e-04
-1.23924e-04
-8.58928e-05
-8.89719e-05
-1.32372e-04
-2.00622e-04
-2.76982e-04
-3.57390e-04
-4.40165e-04
-5.17442e-04
-5.79394e-04
-6.14503e-04
-6.15555e-04
-5.86633e-04
-5.34059e-04
-4.63186e-04
-3.84524e-04
-3.12366e-04
-2.59336e-04
-2.34072e-04
-2.39699e-04
-2.67785e-04
-3.02445e-04
-3.30847e-04
-3.41673e-04
-3.32179e-04
-3.14276e-04
-2.97087e-04
-2.83023e-04
-2.78185e-04
-2.79436e-04
-2.72424e-04
-2.55124e-04
-2.29415e-04
-1.87295e-04
-1.36199e-04
-1.00295e-04
-8.90244e-05
-9.60182e-05
-1.08831e-04
-1.08738e-04
-8.86095e-05
-5.95767e-05
-3.52004e-05
-3.08902e-05
-5.57548e-05
-9.00118e-05
-9.97108e-05
-7.36519e-05
-2.06015e-05
4.95414e-05
1.15299e-04
1.47370e-04
1.35486e-04
8.95436e-05
3.06791e-05
-1.09667e-05
-1.01452e-05
4.13422e-05
1.38705e-04
2.67673e-04
4.02847e-04
5.18850e-04
6.06761e-04
6.70447e-04
7.06789e-04
7.02349e-04
6.51049e-04
5.59977e-04
4.43723e-04
3.29122e-04
2.47522e-04
2.11956e-04
2.06815e-04
1.97694e-04
1.58156e-04
8.88134e-05
5.14883e-06
-7.93776e-05
-1.49398e-04
-1.89363e-04
-1.99260e-04
-1.94206e-04
-1.91367e-04
-2.03239e-04
-2.26406e-04
-2.37671e-04
-2.16584e-04
-1.58962e-04
-6.83579e-05
4.18509e-05
1.45086e-04
2.18226e-04
2.55632e-04
2.66891e-04
2.70946e-04
2.82906e-04
3.00084e-04
3.07311e-04
2.88591e-04
2.36549e-04
1.59740e-04
7.23838e-05
-1.58104e-05
-9.31955e-05
-1.47978e-04
-1.78056e-04
-1.89327e-04
-1.88462e-04
-1.77081e-04
-1.52103e-04
-1.13400e-04
-6.24447e-05
-1.42232e-06
5.21188e-05
6.87264e-05
3.67855e-05
-2.74211e-05
-9.70223e-05
-1.48801e-04
-1.69263e-04
-1.58617e-04
-1.27726e-04
-8.98472e-05
-5.22897e-05
-1.56780e-05
1.85380e-05
4.87874e-05
7.07190e-05
7.24018e-05
5.17346e-05
1.94923e-05
-1.82978e-05
-5.49258e-05
-7.70571e-05
-7.59996e-05
-5.33768e-05
-1.98297e-05
1.24659e-05
3.64967e-05
4.70804e-05
4.37804e-05
3.42123e-05
1.91215e-05
-1.08153e-05
-5.84534e-05
-1.23612e-04
-2.12067e-04
-3.19487e-04
-4.27573e-04
-5.22261e-04
-5.94519e-04
-6.36588e-04
-6.45994e-04
-6.22915e-04
-5.72281e-04
-5.02734e-04
-4.18791e-04
-3.29641e-04
-2.54964e-04
-2.02227e-04
-1.59148e-04
-1.20632e-04
-8.69133e-05
-4.30087e-05
2.13802e-05
9.63406e-05
1.69878e-04
2.34681e-04
2.81978e-04
3.06337e-04
3.07903e-04
2.82890e-04
2.28873e-04
1.57901e-04
8.38897e-05
8.25464e-06
-6.67261e-05
-1.28864e-04
-1.73159e-04
-2.06498e-04
-2.34181e-04
-2.60514e-04
-2.89185e-04
-3.18574e-04
-3.42354e-04
-3.43932e-04
-3.03289e-04
-2.20269e-04
-1.15665e-04
-1.15930e-05
7.22630e-05
1.20460e-04
1.40834e-04
1.54699e-04
1.66549e-04
1.72304e-04
1.74980e-04
1.74378e-04
1.68027e-04
1.61530e-04
1.57136e-04
1.49090e-04
1.41524e-04
1.47098e-04
1.70224e-04
2.09219e-04
2.63072e-04
3.29213e-04
4.05654e-04
4.94032e-04
5.92449e-04
6.85875e-04
7.49270e-04
7.60897e-04
7.11583e-04
6.08458e-04
4.76183e-04
3.50107e-04
2.62447e-04
2.23727e-04
2.20636e-04
2.36879e-04
2.66041e-04
3.06999e-04
3.54419e-04
4.01851e-04
4.49248e-04
4.85672e-04
4.84866e-04
4.32280e-04
3.32707e-04
2.06707e-04
9.40989e-05
3.24749e-05
2.55132e-05
4.76855e-05
7.05408e-05
6.87413e-05
2.29647e-05
-6.17986e-05
-1.62523e-04
-2.66455e-04
-3.68885e-04
-4.56626e-04
-5.13103e-04
-5.22159e-04
-4.71046e-04
-3.70608e-04
-2.53723e-04
-1.44445e-04
-5.49866e-05
5.08424e-07
2.21765e-05
2.93894e-05
3.29273e-05
3.01397e-05
1.91757e-05
-5.80117e-06
-5.64996e-05
-1.35727e-04
-2.37298e-04
-3.53114e-04
-4.62135e-04
-5.37437e-04
-5.72488e-04
-5.71740e-04
-5.30911e-04
-4.51957e-04
-3.51314e-04
-2.42878e-04
-1.38578e-04
-5.91272e-05
-1.73540e-05
-2.61940e-06
-2.58596e-07
-3.90590e-06
-4.76423e-06
-1.07942e-06
-8.51067e-06
-4.06215e-05
-9.99739e-05
-1.87236e-04
-2.96403e-04
-4.12389e-04
-5.20679e-04
-6.02812e-04
-6.37459e-04
-6.23554e-04
-5.78605e-04
-5.18126e-04
-4.57144e-04
-4.10075e-04
-3.75917e-04
-3.40802e-04
-3.00802e-04
-2.65447e-04
-2.40352e-04
-2.28947e-04
-2.34106e-04
-2.47288e-04
-2.58179e-04
-2.67691e-04
-2.76683e-04
-2.80013e-04
-2.85616e-04
-3.09654e-04
-3.44074e-04
-3.66533e-04
-3.67357e-04
-3.37740e-04
-2.66200e-04
-1.58599e-04
-3.34976e-05
9.28169e-05
2.05285e-04
2.95416e-04
3.70818e-04
4.46839e-04
5.29573e-04
6.14363e-04
6.94060e-04
7.57863e-04
7.95900e-04
8.07235e-04
7.96484e-04
7.76852e-04
7.69257e-04
7.78723e-04
7.81176e-04
7.51261e-04
6.92074e-04
6.19857e-04
5.50736e-04
5.01359e-04
4.74119e-04
4.58198e-04
4.45554e-04
4.29633e-04
4.04748e-04
3.77737e-04
3.63586e-04
3.67898e-04
3.88307e-04
4.19016e-04
4.44631e-04
4.46262e-04
4.16773e-04
3.62026e-04
2.83908e-04
1.75956e-04
4.29726e-05
-9.47002e-05
-2.18784e-04
-3.17597e-04
-3.81068e-04
-4.06402e-04
-3.99992e-04
-3.69832e-04
-3.21056e-04
-2.57328e-04
-1.82827e-04
-9.90117e-05
-6.84017e-06
8.16655e-05
1.44143e-04
1.65592e-04
1.46871e-04
9.36786e-05
1.43287e-05
-6.94233e-05
-1.33881e-04
-1.72952e-04
-1.88990e-04
-1.82785e-04
-1.64158e-04
-1.50825e-04
-1.51964e-04
-1.66670e-04
-1.90743e-04
-2.13670e-04
-2.22820e-04
-2.19606e-04
-2.16784e-04
-2.18794e-04
-2.24631e-04
-2.38618e-04
-2.54721e-04
-2.52746e-04
-2.24344e-04
-1.79518e-04
-1.30076e-04
-8.59746e-05
-5.72233e-05
-4.92560e-05
-5.97811e-05
-7.25943e-05
-6.13527e-05
-1.47721e-05
5.27416e-05
1.22065e-04
1.81790e-04
2.18717e-04
2.24647e-04
2.08223e-04
1.82971e-04
1.61381e-04
1.55702e-04
1.67581e-04
1.88796e-04
2.13073e-04
2.37899e-04
2.57589e-04
2.67125e-04
2.75060e-04
2.92173e-04
3.13581e-04
3.31840e-04
3.45226e-04
3.45010e-04
3.22282e-04
2.82439e-04
2.32250e-04
1.72472e-04
1.15055e-04
7.31154e-05
3.82134e-05
1.22911e-06
-3.17272e-05
-6.04392e-05
-9.14178e-05
-1.21117e-04
-1.46159e-04
-1.72668e-04
-1.99381e-04
-2.17412e-04
-2.25422e-04
-2.19614e-04
-1.89442e-04
-1.35869e-04
-7.10082e-05
-2.23043e-06
7.21466e-05
1.57317e-04
2.52876e-04
3.47892e-04
4.27950e-04
4.80951e-04
4.93781e-04
4.58152e-04
3.84217e-04
3.00122e-04
2.33567e-04
1.95220e-04
1.85363e-04
2.03576e-04
2.37955e-04
2.64481e-04
2.71335e-04
2.62267e-04
2.35349e-04
1.86351e-04
1.17471e-04
2.51450e-05
-9.40623e-05
-2.27921e-04
-3.58759e-04
-4.76158e-04
-5.75258e-04
-6.58541e-04
-7.35374e-04
-8.08526e-04
-8.70635e-04
-9.16326e-04
-9.45423e-04
-9.59680e-04
-9.64237e-04
-9.59621e-04
-9.39638e-04
-9.04990e-04
-8.61052e-04
-8.10044e-04
-7.63302e-04
-7.37652e-04
-7.31517e-04
-7.30816e-04
-7.32510e-04
-7.37943e-04
-7.39171e-04
-7.33036e-04
-7.24564e-04
-7.08905e-04
-6.78522e-04
-6.34701e-04
-5.79060e-04
-5.15952e-04
-4.56337e-04
-4.04541e-04
-3.55555e-04
-3.03787e-04
-2.42350e-04
-1.62006e-04
-5.42793e-05
8.09209e-05
2.28779e-04
3.66827e-04
4.79108e-04
5.65372e-04
6.34299e-04
6.89573e-04
7.30414e-04
7.55889e-04
7.64536e-04
7.58693e-04
7.46423e-04
7.29888e-04
7.04239e-04
6.75025e-04
6.51536e-04
6.25244e-04
5.89603e-04
5.54961e-04
5.20062e-04
4.69516e-04
4.01178e-04
3.23265e-04
2.45421e-04
1.86607e-04
1.58989e-04
1.48699e-04
1.37142e-04
1.19123e-04
9.21297e-05
5.21123e-05
8.92749e-07
-5.12982e-05
-8.94119e-05
-1.03499e-04
-9.69899e-05
-8.24295e-05
-7.36769e-05
-7.97124e-05
-1.01810e-04
-1.40203e-04
-1.90913e-04
-2.37386e-04
-2.63486e-04
-2.63527e-04
-2.36089e-04
-1.86185e-04
-1.25274e-04
-6.39419e-05
-1.28552e-05
2.66702e-05
6.85557e-05
1.18132e-04
1.65371e-04
2.05622e-04
2.40668e-04
2.67100e-04
2.80451e-04
2.81608e-04
2.70192e-04
2.40674e-04
1.89368e-04
1.22129e-04
5.53373e-05
8.64398e-06
-3.18295e-06
2.30817e-05
7.66083e-05
1.40353e-04
1.99126e-04
2.39693e-04
2.57408e-04
2.61388e-04
2.59898e-04
2.53354e-04
2.41090e-04
2.22247e-04
1.99776e-04
1.80816e-04
1.67599e-04
1.62306e-04
1.78105e-04
2.22113e-04
2.78403e-04
3.30667e-04
3.76983e-04
4.13074e-04
4.29375e-04
4.23281e-04
4.00997e-04
3.69878e-04
3.33402e-04
2.96598e-04
2.65602e-04
2.40151e-04
2.16604e-04
1.85766e-04
1.31264e-04
4.91456e-05
-4.55195e-05
-1.33637e-04
-1.99730e-04
-2.32391e-04
-2.25766e-04
-1.83353e-04
-1.19006e-04
-4.89042e-05
1.75005e-05
7.50926e-05
1.14713e-04
1.31341e-04
1.31867e-04
1.20158e-04
9.54786e-05
6.26070e-05
2.01013e-05
-4.43150e-05
-1.29533e-04
-2.14651e-04
-2.89755e-04
-3.59506e-04
-4.16304e-04
-4.52652e-04
-4.84384e-04
-5.29415e-04
-5.87422e-04
-6.54380e-04
-7.25195e-04
-7.84733e-04
-8.20842e-04
-8.31066e-04
-8.14239e-04
-7.71411e-04
-7.06030e-04
-6.18504e-04
-5.13171e-04
-4.07638e-04
-3.19569e-04
-2.57454e-04
-2.23858e-04
-2.06417e-04
-1.86890e-04
-1.60522e-04
-1.25663e-04
-7.66712e-05
-1.43360e-05
5.43737e-05
1.24140e-04
1.89831e-04
2.41528e-04
2.71899e-04
2.83679e-04
2.77322e-04
2.44427e-04
1.84684e-04
1.04912e-04
4.60251e-06
-1.05738e-04
-1.95302e-04
-2.42746e-04
-2.46696e-04
-2.08080e-04
-1.29173e-04
-2.72967e-05
7.45832e-05
1.67221e-04
2.42067e-04
2.84819e-04
3.00700e-04
3.05398e-04
2.97791e-04
2.77563e-04
2.54268e-04
2.26824e-04
1.93783e-04
1.66871e-04
1.50891e-04
1.37973e-04
1.22612e-04
1.00860e-04
7.01090e-05
3.65059e-05
3.82211e-06
-3.06949e-05
-6.48245e-05
-1.00173e-04
-1.42224e-04
-1.81406e-04
-2.02784e-04
-2.04239e-04
-1.88382e-04
-1.52139e-04
-9.30212e-05
-1.56284e-05
7.24356e-05
1.63362e-04
2.45079e-04
3.05044e-04
3.45120e-04
3.74638e-04
3.91827e-04
3.95725e-04
3.90571e-04
3.70402e-04
3.33405e-04
2.93686e-04
2.58951e-04
2.26775e-04
2.01820e-04
1.86927e-04
1.72589e-04
1.52308e-04
1.27015e-04
9.92558e-05
7.78244e-05
6.96388e-05
7.06672e-05
7.64283e-05
8.35273e-05
8.67643e-05
8.76818e-05
9.48568e-05
1.11906e-04
1.28284e-04
1.29429e-04
1.12438e-04
7.90934e-05
2.85912e-05
-3.22791e-05
-8.71576e-05
-1.21607e-04
-1.30867e-04
-1.18866e-04
-9.16037e-05
-5.26963e-05
-5.61417e-06
4.36705e-05
9.10779e-05
1.39036e-04
1.90680e-04
2.41957e-04
2.82343e-04
3.02255e-04
2.97651e-04
2.68682e-04
2.21256e-04
1.65516e-04
1.09472e-04
6.02288e-05
2.59054e-05
1.20533e-05
1.49479e-05
1.99027e-05
1.36580e-05
-1.04534e-05
-5.62247e-05
-1.18958e-04
-1.87733e-04
-2.52477e-04
-3.07405e-04
-3.56298e-04
-4.02888e-04
-4.45021e-04
-4.81129e-04
-5.02286e-04
-4.97425e-04
-4.73457e-04
-4.48491e-04
-4.33761e-04
-4.31845e-04
-4.40621e-04
-4.49683e-04
-4.42034e-04
-4.07083e-04
-3.43238e-04
-2.53878e-04
-1.50525e-04
-5.08224e-05
2.93346e-05
7.91213e-05
9.26416e-05
6.82012e-05
1.24773e-05
-5.78309e-05
-1.27211e-04
-1.84412e-04
-2.14625e-04
-2.08531e-04
-1.74567e-04
-1.28584e-04
-8.01586e-05
-2.94453e-05
3.07100e-05
1.02026e-04
1.77042e-04
2.50001e-04
3.11959e-04
3.49510e-04
3.54115e-04
3.16545e-04
2.37142e-04
1.41168e-04
5.34014e-05
-1.79556e-05
-6.18402e-05
-6.92313e-05
-4.93149e-05
-2.05465e-05
-3.10090e-06
-8.64634e-06
-3.29973e-05
-7.25203e-05
-1.24778e-04
-1.76838e-04
-2.19660e-04
-2.55867e-04
-2.85099e-04
-3.05315e-04
-3.19010e-04
-3.23118e-04
-3.14932e-04
-3.04964e-04
-3.03748e-04
-3.10807e-04
-3.16918e-04
-3.07347e-04
-2.73085e-04
-2.17508e-04
-1.51619e-04
-9.12509e-05
-5.25645e-05
-4.07117e-05
-4.50902e-05
-4.94027e-05
-4.31566e-05
-2.41312e-05
5.84351e-06
4.67211e-05
9.92077e-05
1.55322e-04
2.00440e-04
2.30023e-04
2.50630e-04
2.67960e-04
2.83636e-04
2.95480e-04
2.99640e-04
2.93084e-04
2.72524e-04
2.37035e-04
1.91058e-04
1.40944e-04
9.14904e-05
4.87224e-05
2.29399e-05
2.29727e-05
5.00308e-05
1.03334e-04
1.78753e-04
2.57228e-04
3.16655e-04
3.52367e-04
3.69474e-04
3.69136e-04
3.55919e-04
3.42148e-04
3.34535e-04
3.31894e-04
3.32321e-04
3.26957e-04
3.02750e-04
2.55564e-04
1.89026e-04
1.14887e-04
5.06526e-05
3.98028e-06
-2.41404e-05
-3.23945e-05
-2.89191e-05
-1.95191e-05
5.17344e-06
4.73572e-05
9.52788e-05
1.43038e-04
1.89558e-04
2.27163e-04
2.45369e-04
2.41875e-04
2.22909e-04
1.92907e-04
1.56144e-04
1.19474e-04
8.13502e-05
3.75970e-05
-6.44308e-06
-4.84791e-05
-9.45180e-05
-1.46011e-04
-1.97784e-04
-2.41359e-04
-2.63994e-04
-2.57620e-04
-2.34079e-04
-2.16176e-04
-2.15014e-04
-2.31771e-04
-2.65904e-04
-3.05992e-04
-3.29258e-04
-3.23573e-04
-2.95334e-04
-2.53138e-04
-2.04081e-04
-1.58957e-04
-1.25612e-04
-1.06074e-04
-1.00611e-04
-1.08907e-04
-1.29702e-04
-1.56181e-04
-1.78256e-04
-1.94726e-04
-2.06359e-04
-2.03485e-04
-1.79693e-04
-1.39038e-04
-8.37128e-05
-1.50784e-05
5.56418e-05
1.12828e-04
1.52629e-04
1.80008e-04
1.93242e-04
1.92717e-04
1.92168e-04
1.97964e-04
2.00535e-04
1.96450e-04
1.85764e-04
1.61925e-04
1.29358e-04
1.00973e-04
7.89169e-05
6.17741e-05
5.26851e-05
4.98613e-05
4.77697e-05
4.56973e-05
4.36600e-05
4.06323e-05
3.69210e-05
3.18571e-05
2.86027e-05
3.52209e-05
5.22977e-05
7.07260e-05
8.26687e-05
8.53389e-05
7.85613e-05
6.35045e-05
3.89127e-05
1.38764e-06
-4.89379e-05
-1.03115e-04
-1.39054e-04
-1.36109e-04
-9.57701e-05
-3.38830e-05
3.02161e-05
7.58392e-05
9.45537e-05
9.37124e-05
7.99584e-05
5.58926e-05
2.98331e-05
7.42539e-06
-1.75280e-05
-5.00374e-05
-8.50247e-05
-1.16535e-04
-1.45416e-04
-1.69178e-04
-1.78369e-04
-1.74063e-04
-1.66631e-04
-1.61992e-04
-1.66356e-04
-1.84352e-04
-2.10399e-04
-2.36423e-04
-2.54483e-04
-2.50627e-04
-2.16785e-04
-1.64983e-04
-1.13040e-04
-6.69462e-05
-2.68044e-05
7.80611e-06
3.87099e-05
6.72573e-05
9.80957e-05
1.34140e-04
1.68437e-04
1.95045e-04
2.16489e-04
2.35641e-04
2.52258e-04
2.68945e-04
2.87678e-04
3.00397e-04
2.98621e-04
2.82413e-04
2.52136e-04
2.09045e-04
1.60229e-04
1.15841e-04
8.89464e-05
9.17627e-05
1.25376e-04
1.79504e-04
2.45849e-04
3.17885e-04
3.82069e-04
4.30342e-04
4.61747e-04
4.68542e-04
4.49728e-04
4.17552e-04
3.77207e-04
3.28449e-04
2.76846e-04
2.24880e-04
1.72008e-04
1.22111e-04
7.74249e-05
3.76255e-05
4.04670e-06
-2.09212e-05
-3.79903e-05
-5.55222e-05
-7.58142e-05
-8.80549e-05
-9.10640e-05
-9.36114e-05
-9.28752e-05
-8.39240e-05
-7.21741e-05
-5.91212e-05
-4.29495e-05
-3.31569e-05
-4.00520e-05
-6.45199e-05
-1.06863e-04
-1.63760e-04
-2.22422e-04
-2.70870e-04
-3.04256e-04
-3.22597e-04
-3.28311e-04
-3.21831e-04
-3.03006e-04
-2.76105e-04
-2.45320e-04
-2.11998e-04
-1.78057e-04
-1.47359e-04
-1.27552e-04
-1.20149e-04
-1.15919e-04
-1.15229e-04
-1.21435e-04
-1.19477e-04
-9.99739e-05
-7.55976e-05
-5.55498e-05
-3.94791e-05
-3.27260e-05
-3.86652e-05
-5.00079e-05
-6.16800e-05
-6.98833e-05
-6.32810e-05
-3.93594e-05
-9.99340e-06
1.81391e-05
4.35466e-05
5.84241e-05
5.80414e-05
4.84253e-05
3.63967e-05
2.40883e-05
1.20480e-05
4.04185e-07
-1.44678e-05
-4.05840e-05
-8.20949e-05
-1.32051e-04
-1.76170e-04
-2.06377e-04
-2.24192e-04
-2.31618e-04
-2.32617e-04
-2.36018e-04
-2.44426e-04
-2.48738e-04
-2.45653e-04
-2.45244e-04
-2.49778e-04
-2.53149e-04
-2.55036e-04
-2.52015e-04
-2.39004e-04
-2.22533e-04
-2.12804e-04
-2.11718e-04
-2.14575e-04
-2.17718e-04
-2.21493e-04
-2.23012e-04
-2.14926e-04
-1.94587e-04
-1.63538e-04
-1.24719e-04
-8.97142e-05
-7.30856e-05
-7.22443e-05
-6.99305e-05
-5.66557e-05
-3.38489e-05
-5.44159e-06
2.19148e-05
4.25176e-05
5.16821e-05
4.56762e-05
3.55658e-05
4.03697e-05
6.24029e-05
9.04367e-05
1.19505e-04
1.51249e-04
1.80217e-04
1.99002e-04
2.07182e-04
2.00947e-04
1.78622e-04
1.49788e-04
1.16933e-04
7.65246e-05
3.91586e-05
1.75560e-05
1.29045e-05
2.55723e-05
5.32630e-05
8.31092e-05
1.01514e-04
1.04891e-04
9.72487e-05
8.60480e-05
8.35121e-05
9.76459e-05
1.24441e-04
1.56868e-04
1.85948e-04
1.96944e-04
1.81963e-04
1.50067e-04
1.16109e-04
9.19896e-05
8.96466e-05
1.12451e-04
1.50850e-04
1.93128e-04
2.26257e-04
2.39672e-04
2.35938e-04
2.22360e-04
2.02185e-04
1.80034e-04
1.60356e-04
1.44679e-04
1.36143e-04
1.36464e-04
1.41583e-04
1.47904e-04
1.57843e-04
1.74477e-04
1.92654e-04
2.04784e-04
2.11667e-04
2.13133e-04
2.01120e-04
1.72420e-04
1.31047e-04
7.78134e-05
1.46281e-05
-4.85356e-05
-9.94225e-05
-1.27310e-04
-1.29180e-04
-1.14117e-04
-9.19498e-05
-6.72933e-05
-4.53641e-05
-2.60590e-05
-7.26492e-07
2.78367e-05
4.27989e-05
3.67451e-05
1.11482e-05
-3.61441e-05
-1.00317e-04
-1.64553e-04
-2.19517e-04
-2.70028e-04
-3.16630e-04
-3.52020e-04
-3.74112e-04
-3.82087e-04
-3.71787e-04
-3.45780e-04
-3.15339e-04
-2.91805e-04
-2.77484e-04
-2.66582e-04
-2.53400e-04
-2.33272e-04
-2.08393e-04
-1.89714e-04
-1.82948e-04
-1.88750e-04
-2.07319e-04
-2.26875e-04
-2.30088e-04
-2.17818e-04
-2.01318e-04
-1.80898e-04
-1.52198e-04
-1.12479e-04
-6.26574e-05
-1.17941e-05
3.55337e-05
7.63835e-05
9.95209e-05
1.03208e-04
9.67045e-05
8.80571e-05
8.65320e-05
9.58687e-05
1.11270e-04
1.30668e-04
1.53029e-04
1.76224e-04
1.99146e-04
2.11228e-04
2.02388e-04
1.80986e-04
1.55961e-04
1.29411e-04
1.11269e-04
1.05952e-04
1.00366e-04
8.90834e-05
7.93959e-05
6.79264e-05
5.54741e-05
5.92729e-05
8.44787e-05
1.19763e-04
1.54072e-04
1.79196e-04
1.88504e-04
1.79827e-04
1.59920e-04
1.37022e-04
1.13037e-04
9.11266e-05
7.85001e-05
7.78982e-05
8.64753e-05
1.01333e-04
1.19107e-04
1.36051e-04
1.46621e-04
1.42209e-04
1.22279e-04
9.32461e-05
5.47670e-05
7.04451e-06
-3.98769e-05
-7.75047e-05
-1.04598e-04
-1.16371e-04
-1.05410e-04
-7.30473e-05
-2.47911e-05
3.42187e-05
9.41792e-05
1.47793e-04
1.89487e-04
2.05028e-04
1.87067e-04
1.43135e-04
7.99861e-05
8.70189e-06
-5.11169e-05
-8.84041e-05
-1.04653e-04
-1.07855e-04
-1.08592e-04
-1.12454e-04
-1.18390e-04
-1.20909e-04
-1.10228e-04
-8.36787e-05
-5.23503e-05
-2.84388e-05
-1.86955e-05
-1.93238e-05
-1.32341e-05
8.05870e-06
3.60274e-05
6.24660e-05
8.06193e-05
8.62984e-05
8.95468e-05
1.03406e-04
1.27536e-04
1.54249e-04
1.76002e-04
1.82528e-04
1.62528e-04
1.14033e-04
4.75197e-05
-2.19865e-05
-8.00017e-05
-1.15263e-04
-1.27481e-04
-1.28714e-04
-1.31700e-04
-1.39950e-04
-1.48650e-04
-1.50158e-04
-1.39022e-04
-1.13705e-04
-7.59372e-05
-3.47310e-05
-3.89339e-06
1.43522e-05
2.69409e-05
3.20666e-05
2.52758e-05
1.15514e-05
-4.82944e-06
-2.86563e-05
-6.15544e-05
-1.00065e-04
-1.46445e-04
-1.97663e-04
-2.38727e-04
-2.57839e-04
-2.52452e-04
-2.24979e-04
-1.78558e-04
-1.20820e-04
-6.36952e-05
-1.10301e-05
3.45161e-05
6.15972e-05
6.50852e-05
5.22459e-05
3.20874e-05
9.96102e-06
-1.27707e-05
-3.84956e-05
-7.19418e-05
-1.14162e-04
-1.57312e-04
-1.90388e-04
-2.07549e-04
-2.09979e-04
-1.98943e-04
-1.69846e-04
-1.25978e-04
-8.32500e-05
-4.83769e-05
-1.84707e-05
5.64292e-06
3.14549e-05
7.31665e-05
1.26324e-04
1.73989e-04
2.10489e-04
2.37366e-04
2.52937e-04
2.56939e-04
2.53035e-04
2.42495e-04
2.24528e-04
2.05410e-04
1.91550e-04
1.76435e-04
1.55120e-04
1.33057e-04
1.07886e-04
7.50434e-05
4.47277e-05
2.71867e-05
2.14441e-05
2.62712e-05
4.24730e-05
5.96751e-05
5.97274e-05
3.86807e-05
4.22014e-06
-3.73138e-05
-7.60840e-05
-1.02856e-04
-1.18223e-04
-1.26970e-04
-1.32492e-04
-1.34835e-04
-1.29869e-04
-1.22507e-04
-1.30267e-04
-1.58909e-04
-1.96128e-04
-2.30951e-04
-2.58962e-04
-2.76590e-04
-2.81089e-04
-2.72880e-04
-2.52770e-04
-2.19221e-04
-1.73069e-04
-1.15880e-04
-4.58796e-05
3.29202e-05
1.06508e-04
1.60957e-04
1.86887e-04
1.78426e-04
1.40950e-04
9.14263e-05
4.01623e-05
-1.14475e-05
-5.42558e-05
-7.93545e-05
-9.28167e-05
-9.80521e-05
-8.80438e-05
-6.37089e-05
-3.09153e-05
7.04973e-06
4.19450e-05
6.88221e-05
9.03700e-05
1.05397e-04
1.14255e-04
1.23837e-04
1.36486e-04
1.53541e-04
1.82217e-04
2.23823e-04
2.69169e-04
3.05376e-04
3.21128e-04
3.13888e-04
2.86994e-04
2.42436e-04
1.88319e-04
1.36359e-04
8.77639e-05
4.42317e-05
1.66796e-05
6.47587e-06
3.71493e-06
3.26224e-06
5.23957e-06
1.25824e-05
3.02623e-05
5.56314e-05
7.85342e-05
9.34738e-05
9.73881e-05
8.43056e-05
5.72437e-05
2.87812e-05
5.23907e-06
-9.34569e-06
-6.12439e-06
1.41579e-05
3.73143e-05
5.04649e-05
4.80327e-05
3.17764e-05
1.47810e-05
1.28133e-05
2.69928e-05
4.64927e-05
6.22310e-05
6.77111e-05
5.82874e-05
3.88427e-05
2.18964e-05
1.61542e-05
2.44026e-05
4.14866e-05
5.14417e-05
4.55926e-05
3.31218e-05
2.04910e-05
4.51476e-06
-1.64710e-05
-4.23463e-05
-6.81872e-05
-8.41443e-05
-8.70720e-05
-8.17789e-05
-7.30151e-05
-6.31003e-05
-5.41316e-05
-4.73258e-05
-4.21209e-05
-3.65479e-05
-2.99869e-05
-2.77040e-05
-3.49215e-05
-4.91872e-05
-6.40629e-05
-7.60178e-05
-8.78032e-05
-1.05379e-04
-1.32461e-04
-1.65905e-04
-1.95734e-04
-2.12859e-04
-2.12270e-04
-1.91435e-04
-1.52902e-04
-1.07872e-04
-7.02330e-05
-4.33508e-05
-2.35109e-05
-1.08413e-05
-4.49223e-06
1.63594e-06
1.42158e-05
3.18308e-05
4.20400e-05
3.96065e-05
3.46828e-05
3.14787e-05
2.39275e-05
1.24669e-05
4.36114e-06
4.20355e-06
1.04770e-05
1.65109e-05
1.52261e-05
5.86887e-06
-4.76062e-06
-8.94432e-06
-3.29739e-06
1.33449e-05
4.22820e-05
7.74422e-05
1.02969e-04
1.08525e-04
9.87435e-05
8.42703e-05
6.97796e-05
5.37078e-05
3.42413e-05
9.07460e-06
-2.31304e-05
-5.62041e-05
-8.06236e-05
-9.43606e-05
-9.90004e-05
-9.32341e-05
-8.06142e-05
-6.99283e-05
-6.47347e-05
-6.37654e-05
-6.86271e-05
-8.09268e-05
-9.35479e-05
-9.65517e-05
-8.78523e-05
-7.00850e-05
-4.62136e-05
-1.91819e-05
7.57168e-06
2.94027e-05
4.43918e-05
5.18776e-05
4.94703e-05
4.08592e-05
3.35264e-05
2.69701e-05
1.98495e-05
1.46949e-05
7.18569e-06
-3.32639e-06
-6.70569e-06
-1.97430e-06
4.47757e-06
1.12094e-05
1.33717e-05
4.17584e-06
-1.42795e-05
-3.59388e-05
-5.77875e-05
-7.73686e-05
-9.32091e-05
-1.04457e-04
-1.06351e-04
-9.60915e-05
-8.06439e-05
-7.11149e-05
-7.09345e-05
-7.55159e-05
-8.04362e-05
-7.96773e-05
-6.82845e-05
-5.15467e-05
-3.52916e-05
-1.63382e-05
8.11971e-06
3.52939e-05
6.62245e-05
1.04816e-04
1.44149e-04
1.73362e-04
1.91649e-04
1.98695e-04
1.88388e-04
1.60861e-04
1.22900e-04
7.79388e-05
3.00750e-05
-9.41318e-06
-2.99823e-05
-3.11627e-05
-1.74498e-05
1.02257e-05
4.81658e-05
8.51664e-05
1.13819e-04
1.33315e-04
1.41769e-04
1.40647e-04
1.38069e-04
1.37882e-04
1.34381e-04
1.19697e-04
9.34857e-05
6.57667e-05
4.51344e-05
3.03729e-05
2.20994e-05
2.69370e-05
4.31944e-05
6.19525e-05
7.94685e-05
9.25556e-05
9.98116e-05
1.07512e-04
1.15159e-04
1.16175e-04
1.14380e-04
1.15893e-04
1.17698e-04
1.16452e-04
1.19877e-04
1.26557e-04
1.29037e-04
1.23953e-04
1.12945e-04
9.58783e-05
7.07652e-05
3.92979e-05
6.46886e-06
-2.51123e-05
-5.18033e-05
-6.83638e-05
-7.75784e-05
-8.39873e-05
-8.62129e-05
-8.75399e-05
-9.05770e-05
-8.78678e-05
-7.65804e-05
-6.13698e-05
-4.61129e-05
-4.20271e-05
-6.16838e-05
-9.80822e-05
-1.34192e-04
-1.64746e-04
-1.89215e-04
-2.02913e-04
-2.08930e-04
-2.16892e-04
-2.26705e-04
-2.34909e-04
-2.47770e-04
-2.67280e-04
-2.83742e-04
-2.93978e-04
-3.02027e-04
-3.07781e-04
-3.12831e-04
-3.20276e-04
-3.27359e-04
-3.28557e-04
-3.17186e-04
-2.89109e-04
-2.50864e-04
-2.12724e-04
-1.80318e-04
-1.64502e-04
-1.75360e-04
-2.01537e-04
-2.22853e-04
-2.30168e-04
-2.21309e-04
-1.95744e-04
-1.54040e-04
-1.02376e-04
-5.30333e-05
-1.32043e-05
1.55435e-05
3.17955e-05
3.61427e-05
2.84747e-05
7.53883e-06
-2.25050e-05
-5.48124e-05
-8.61578e-05
-1.10801e-04
-1.19198e-04
-1.11396e-04
-9.48594e-05
-7.10281e-05
-3.95732e-05
-5.80298e-06
2.48046e-05
5.22143e-05
7.73957e-05
9.97390e-05
1.21531e-04
1.42951e-04
1.57238e-04
1.63345e-04
1.69446e-04
1.77338e-04
1.80805e-04
1.77742e-04
1.71228e-04
1.63361e-04
1.54863e-04
1.49533e-04
1.51828e-04
1.58714e-04
1.63086e-04
1.62498e-04
1.59111e-04
1.54942e-04
1.49038e-04
1.41118e-04
1.31947e-04
1.19526e-04
1.03994e-04
9.09158e-05
8.43282e-05
8.19368e-05
8.29086e-05
8.94261e-05
9.59863e-05
9.73895e-05
9.77857e-05
9.85346e-05
9.64536e-05
9.49663e-05
1.02501e-04
1.20712e-04
1.45167e-04
1.71516e-04
1.92641e-04
2.04203e-04
2.07773e-04
2.01159e-04
1.82426e-04
1.59028e-04
1.40368e-04
1.29034e-04
1.23077e-04
1.18057e-04
1.07412e-04
9.16113e-05
7.84406e-05
6.88859e-05
6.15096e-05
6.40933e-05
7.94856e-05
9.81964e-05
1.14138e-04
1.24665e-04
1.22762e-04
1.06799e-04
8.52762e-05
6.43427e-05
4.53503e-05
3.66238e-05
4.51804e-05
6.20659e-05
7.61202e-05
8.47854e-05
8.47480e-05
7.23237e-05
5.15585e-05
3.02473e-05
1.14734e-05
-5.31590e-06
-1.90021e-05
-2.75197e-05
-3.13380e-05
-3.41520e-05
-3.99912e-05
-4.80246e-05
-5.48761e-05
-6.20796e-05
-7.17859e-05
-7.98897e-05
-8.36087e-05
-8.77228e-05
-9.45688e-05
-1.01749e-04
-1.13140e-04
-1.32157e-04
-1.53001e-04
-1.70693e-04
-1.81992e-04
-1.81407e-04
-1.68439e-04
-1.50470e-04
-1.36158e-04
-1.27357e-04
-1.20108e-04
-1.12257e-04
-1.03890e-04
-9.39621e-05
-8.06602e-05
-6.57342e-05
-5.68060e-05
-5.99858e-05
-7.44054e-05
-9.59306e-05
-1.18089e-04
-1.32043e-04
-1.32488e-04
-1.21766e-04
-1.05769e-04
-8.97201e-05
-7.77001e-05
-6.89565e-05
-6.03100e-05
-5.39312e-05
-5.13362e-05
-4.84315e-05
-4.62043e-05
-5.09321e-05
-6.09947e-05
-7.06099e-05
-8.07303e-05
-9.13971e-05
-9.73686e-05
-9.81853e-05
-9.79202e-05
-9.52982e-05
-8.53923e-05
-6.98330e-05
-5.25295e-05
-3.02547e-05
-1.99275e-06
2.63085e-05
5.14854e-05
7.18049e-05
8.38628e-05
8.63514e-05
7.92442e-05
6.52508e-05
5.02081e-05
3.73266e-05
2.65598e-05
1.75125e-05
1.19876e-05
1.44445e-05
2.62643e-05
4.43619e-05
6.66507e-05
8.97885e-05
1.06687e-04
1.13261e-04
1.09383e-04
9.52540e-05
7.44685e-05
5.29772e-05
3.34964e-05
1.92215e-05
1.48102e-05
1.91070e-05
2.80566e-05
3.94728e-05
4.96639e-05
5.55939e-05
5.93258e-05
6.40056e-05
6.91927e-05
7.39599e-05
7.88100e-05
8.19807e-05
8.15598e-05
8.01483e-05
8.04903e-05
8.09182e-05
8.06607e-05
8.23587e-05
8.60014e-05
8.95997e-05
9.25582e-05
9.23288e-05
8.66468e-05
7.79813e-05
6.84979e-05
5.76143e-05
4.68905e-05
3.82714e-05
3.01087e-05
2.22176e-05
1.64744e-05
9.88357e-06
-1.01453e-06
-1.28862e-05
-2.29443e-05
-3.32199e-05
-4.32212e-05
-5.05831e-05
-5.53722e-05
-5.61908e-05
-5.02139e-05
-3.94057e-05
-2.88510e-05
-1.97542e-05
-1.27402e-05
-1.17268e-05
-1.59542e-05
-1.99424e-05
-2.19147e-05
-2.26259e-05
-2.23504e-05
-2.23602e-05
-2.44742e-05
-2.94259e-05
-3.67909e-05
-4.48280e-05
-5.07733e-05
-5.24032e-05
-4.88802e-05
-4.13157e-05
-3.25215e-05
-2.58866e-05
-2.38987e-05
-2.62927e-05
-3.11998e-05
-3.59847e-05
-3.68723e-05
-3.28065e-05
-2.69088e-05
-2.14118e-05
-1.64392e-05
-1.40840e-05
-1.64383e-05
-2.06465e-05
-2.26700e-05
-2.15937e-05
-1.74878e-05
-1.16851e-05
-8.02867e-06
-8.00905e-06
-8.44581e-06
-7.73824e-06
-7.85784e-06
-8.77473e-06
-8.35613e-06
-6.88825e-06
-5.98323e-06
-5.14253e-06
-3.77831e-06
-3.15465e-06
-3.28405e-06
-3.11670e-06
-3.33930e-06
-3.95813e-06
-3.47390e-06
-2.04326e-06
-7.51385e-07
-4.35752e-07
-1.73017e-06
-3.17298e-06
-3.40100e-06
-4.46420e-06
-7.87389e-06
-1.17699e-05
-1.48407e-05
-1.73280e-05
-1.82166e-05
-1.63905e-05
-1.25445e-05
-7.36279e-06
-9.58124e-07
5.37270e-06
9.79558e-06
1.17971e-05
1.16964e-05
9.41740e-06
5.27376e-06
8.19162e-07
-3.29645e-06
-7.75559e-06
-1.13294e-05
-1.21579e-05
-1.12120e-05
-9.79331e-06
-7.48800e-06
-4.67473e-06
-2.50235e-06
-8.51847e-07
5.73016e-07
1.35023e-06
1.84518e-06
2.55584e-06
2.75888e-06
2.21477e-06
1.63688e-06
1.20356e-06
9.61828e-07
1.28072e-06
2.19651e-06
3.83515e-06
6.78409e-06
1.07302e-05
1.42996e-05
1.69905e-05
1.88230e-05
1.89129e-05
1.71826e-05
1.50841e-05
1.30159e-05
1.05044e-05
8.49734e-06
7.85436e-06
7.68832e-06
7.51095e-06
8.01708e-06
8.91346e-06
9.06235e-06
8.37649e-06
7.14699e-06
5.29940e-06
3.28486e-06
1.73019e-06
7.46859e-07
2.52007e-07
2.13833e-08
-1.27965e-07
-3.48635e-08
3.49748e-07
8.64138e-07
1.45978e-06
1.91958e-06
1.86649e-06
1.23019e-06
2.88295e-07
-7.00040e-07
-1.76950e-06
-2.86534e-06
-3.62462e-06
-3.98883e-06
-4.23892e-06
-4.41514e-06
-4.42991e-06
-4.36645e-06
-4.25178e-06
-4.00040e-06
-3.64835e-06
-3.28362e-06
-2.87031e-06
-2.41583e-06
-2.10470e-06
-1.95615e-06
-1.70286e-06
-1.24591e-06
-7.05105e-07
-8.63795e-08
6.42252e-07
1.36716e-06
1.95573e-06
2.39713e-06
2.69699e-06
2.82469e-06
2.78723e-06
2.59939e-06
2.26299e-06
1.83073e-06
1.39062e-06
9.42681e-07
4.73274e-07
1.18558e-07
-1.90849e-08
1.87738e-08
1.87212e-07
4.18068e-07
6.30458e-07
8.02047e-07
8.87003e-07
8.42398e-07
7.25073e-07
5.81909e-07
4.01405e-07
2.07991e-07
1.90197e-08
-1.84931e-07
-3.86668e-07
-5.59548e-07
-7.16341e-07
-8.63720e-07
-9.82929e-07
-1.07226e-06
-1.14240e-06
-1.18449e-06
-1.18812e-06
-1.15856e-06
-1.10498e-06
-1.03718e-06
-9.68065e-07
-9.06838e-07
-8.52323e-07
-7.97083e-07
-7.33843e-07
-6.57618e-07
-5.66857e-07
