-1.39722e-06
-1.37037e-06
-1.30614e-06
-1.21665e-06
-1.13024e-06
-1.07775e-06
-1.14156e-06
-1.46427e-06
-2.08836e-06
-2.92671e-06
-3.81666e-06
-4.55273e-06
-5.11567e-06
-5.52785e-06
-5.41152e-06
-4.31281e-06
-2.53771e-06
-9.44276e-07
2.09072e-07
1.19519e-06
2.16598e-06
3.22412e-06
4.83644e-06
7.67620e-06
1.04438e-05
1.06328e-05
8.83641e-06
7.08150e-06
5.23506e-06
2.65021e-06
-1.48959e-07
-1.88773e-06
-2.43737e-06
-2.85441e-06
-2.55519e-06
1.94648e-07
5.58234e-06
1.12756e-05
1.53293e-05
1.72313e-05
1.51237e-05
9.02057e-06
1.38569e-06
-8.20848e-06
-1.98476e-05
-2.90510e-05
-3.15534e-05
-2.64440e-05
-1.21290e-05
1.17502e-05
3.75160e-05
5.58728e-05
6.49624e-05
6.56779e-05
5.59352e-05
3.39972e-05
2.43315e-06
-3.02644e-05
-5.60790e-05
-7.40147e-05
-8.18532e-05
-7.33195e-05
-4.63329e-05
-5.40057e-06
3.77871e-05
6.78332e-05
7.86073e-05
7.46528e-05
5.47058e-05
1.14237e-05
-4.85084e-05
-9.93876e-05
-1.23205e-04
-1.31883e-04
-1.39033e-04
-1.40863e-04
-1.43905e-04
-1.58130e-04
-1.71383e-04
-1.70293e-04
-1.57710e-04
-1.38897e-04
-1.18875e-04
-1.03781e-04
-8.76460e-05
-5.71159e-05
-1.50299e-05
2.64127e-05
6.50966e-05
9.73409e-05
1.16452e-04
1.28814e-04
1.33745e-04
1.20783e-04
1.05404e-04
1.08032e-04
1.12716e-04
1.05143e-04
1.08831e-04
1.44688e-04
1.94689e-04
2.27159e-04
2.32695e-04
2.13543e-04
1.66512e-04
9.95228e-05
2.31546e-05
-5.25904e-05
-1.00760e-04
-1.21229e-04
-1.53780e-04
-1.96426e-04
-2.06801e-04
-1.78517e-04
-1.28587e-04
-6.78977e-05
-1.65694e-05
1.18767e-05
1.75041e-05
-7.39159e-06
-5.89642e-05
-1.09254e-04
-1.46457e-04
-1.88606e-04
-2.35790e-04
-2.42364e-04
-1.80988e-04
-8.40560e-05
2.44310e-05
1.37909e-04
2.14296e-04
2.12280e-04
1.41868e-04
4.32647e-05
-4.54529e-05
-1.10273e-04
-1.63556e-04
-2.15860e-04
-2.55954e-04
-2.53088e-04
-1.81632e-04
-3.82321e-05
1.61130e-04
3.75872e-04
5.51557e-04
6.45920e-04
6.41486e-04
5.43682e-04
3.77199e-04
1.81915e-04
1.32416e-05
-8.48456e-05
-1.32010e-04
-1.81108e-04
-2.55172e-04
-3.54063e-04
-4.59415e-04
-5.45074e-04
-6.11271e-04
-6.58224e-04
-6.71259e-04
-6.35621e-04
-5.26622e-04
-3.61029e-04
-2.19280e-04
-1.50902e-04
-1.39461e-04
-1.68833e-04
-2.40807e-04
-3.29740e-04
-3.89156e-04
-4.09662e-04
-4.21468e-04
-4.37601e-04
-4.46683e-04
-4.51574e-04
-4.61857e-04
-4.60334e-04
-4.31130e-04
-3.76760e-04
-2.74810e-04
-1.10218e-04
6.40556e-05
1.98104e-04
3.00228e-04
3.67022e-04
3.81411e-04
3.68221e-04
3.59525e-04
3.63642e-04
3.82175e-04
3.89375e-04
3.31452e-04
1.94426e-04
3.80123e-05
-6.72709e-05
-1.21486e-04
-1.71014e-04
-2.11731e-04
-1.86755e-04
-7.51251e-05
8.04314e-05
2.12807e-04
2.67511e-04
2.13917e-04
5.37564e-05
-1.50263e-04
-3.21776e-04
-4.66051e-04
-6.30111e-04
-8.12332e-04
-9.95196e-04
-1.18064e-03
-1.34762e-03
-1.42638e-03
-1.34910e-03
-1.12898e-03
-8.48875e-04
-5.59914e-04
-2.50156e-04
8.70550e-05
4.29138e-04
7.40818e-04
1.00091e-03
1.22700e-03
1.43076e-03
1.59464e-03
1.70062e-03
1.72292e-03
1.64652e-03
1.47995e-03
1.22008e-03
8.68353e-04
4.71872e-04
9.70138e-05
-2.28035e-04
-4.74493e-04
-5.71011e-04
-5.16309e-04
-4.03697e-04
-2.86849e-04
-1.77395e-04
-1.14843e-04
-1.10444e-04
-1.19022e-04
-1.09016e-04
-6.42028e-05
5.39413e-05
2.25179e-04
3.41908e-04
3.66649e-04
3.62304e-04
3.28316e-04
2.25494e-04
1.18619e-04
9.28072e-05
1.34808e-04
1.97045e-04
2.58148e-04
2.97143e-04
3.27509e-04
4.14289e-04
5.52959e-04
6.22239e-04
5.32045e-04
3.13558e-04
6.74145e-05
-1.17466e-04
-2.18034e-04
-2.34084e-04
-1.61487e-04
-5.78582e-05
3.63909e-06
5.68892e-05
1.55147e-04
2.41769e-04
3.00426e-04
4.22338e-04
5.92873e-04
7.26518e-04
8.54730e-04
1.01449e-03
1.13780e-03
1.16205e-03
1.09335e-03
9.48488e-04
7.37104e-04
5.24621e-04
3.96534e-04
3.47738e-04
3.29824e-04
3.29415e-04
3.03670e-04
1.71193e-04
-1.09003e-04
-5.10822e-04
-9.55321e-04
-1.32855e-03
-1.52249e-03
-1.49436e-03
-1.29885e-03
-1.02573e-03
-7.22100e-04
-4.21229e-04
-1.63575e-04
7.37499e-05
3.42757e-04
6.02207e-04
7.86875e-04
9.09895e-04
9.89760e-04
9.85644e-04
8.54320e-04
6.25242e-04
4.22621e-04
3.56937e-04
3.89127e-04
4.04968e-04
3.31584e-04
1.06959e-04
-2.95944e-04
-7.79734e-04
-1.18927e-03
-1.45982e-03
-1.58737e-03
-1.58837e-03
-1.53046e-03
-1.42894e-03
-1.21280e-03
-8.93808e-04
-5.48373e-04
-1.85201e-04
1.71900e-04
4.60192e-04
6.71084e-04
8.06579e-04
8.52989e-04
8.14469e-04
7.16002e-04
5.86564e-04
4.36571e-04
2.83513e-04
1.89939e-04
2.51125e-04
4.84754e-04
7.93585e-04
1.07847e-03
1.25859e-03
1.28610e-03
1.19895e-03
1.06757e-03
9.45671e-04
8.15939e-04
6.24428e-04
4.01265e-04
1.84292e-04
-5.85581e-06
-7.50401e-05
2.47207e-05
2.01062e-04
3.23121e-04
3.34281e-04
2.48612e-04
8.90793e-05
-8.57706e-05
-2.01244e-04
-2.49813e-04
-2.42683e-04
-1.71976e-04
-2.67745e-05
2.02469e-04
4.70467e-04
6.88640e-04
7.90238e-04
7.57168e-04
6.46571e-04
5.47539e-04
5.18714e-04
5.65957e-04
6.15961e-04
6.03524e-04
5.60905e-04
5.10614e-04
4.07233e-04
2.26907e-04
-1.86247e-06
-2.46659e-04
-4.81420e-04
-6.78864e-04
-8.52373e-04
-1.00942e-03
-1.08940e-03
-1.07254e-03
-1.04055e-03
-1.05264e-03
-1.08224e-03
-1.11628e-03
-1.19947e-03
-1.32789e-03
-1.42174e-03
-1.41876e-03
-1.32792e-03
-1.21434e-03
-1.08910e-03
-8.93281e-04
-6.62137e-04
-4.91346e-04
-3.34446e-04
-7.74192e-05
2.47183e-04
5.31908e-04
7.28372e-04
8.02957e-04
7.46842e-04
6.17371e-04
4.58673e-04
2.29713e-04
-1.04838e-04
-4.64533e-04
-7.60303e-04
-9.89967e-04
-1.14910e-03
-1.20726e-03
-1.15286e-03
-9.76868e-04
-7.14286e-04
-4.80301e-04
-3.55529e-04
-3.26492e-04
-3.46542e-04
-3.50722e-04
-2.61602e-04
-3.37791e-05
3.14319e-04
6.91311e-04
1.00687e-03
1.23094e-03
1.34923e-03
1.35106e-03
1.24809e-03
1.06639e-03
8.42223e-04
5.97495e-04
3.31520e-04
6.59411e-05
-1.43535e-04
-2.69471e-04
-3.57419e-04
-4.47543e-04
-5.22006e-04
-5.80602e-04
-6.28144e-04
-6.26827e-04
-5.76359e-04
-5.15536e-04
-4.64781e-04
-4.43285e-04
-4.51066e-04
-4.42541e-04
-3.64091e-04
-2.27183e-04
-1.49217e-04
-2.07348e-04
-2.97657e-04
-3.13279e-04
-2.99771e-04
-3.23497e-04
-3.78954e-04
-4.61560e-04
-5.87329e-04
-6.88778e-04
-6.33984e-04
-4.08278e-04
-1.30728e-04
8.83237e-05
2.22696e-04
3.10869e-04
4.06440e-04
5.05438e-04
5.31273e-04
4.46008e-04
2.89265e-04
1.17851e-04
-2.30795e-05
-1.04898e-04
-7.87485e-05
7.43431e-05
2.87340e-04
5.24313e-04
8.15882e-04
1.11973e-03
1.32571e-03
1.40817e-03
1.38728e-03
1.22131e-03
8.76070e-04
3.82253e-04
-1.73723e-04
-6.54778e-04
-9.55993e-04
-1.11092e-03
-1.21149e-03
-1.27540e-03
-1.29969e-03
-1.27856e-03
-1.17901e-03
-1.01256e-03
-8.15503e-04
-6.00921e-04
-4.20255e-04
-3.38043e-04
-3.12367e-04
-2.54522e-04
-1.45528e-04
-2.26910e-05
5.86346e-05
1.44857e-04
2.89611e-04
3.14384e-04
1.61789e-04
1.07179e-04
1.48623e-04
4.75248e-05
-6.42414e-05
-3.78060e-05
3.25079e-05
1.88805e-04
4.06718e-04
4.76731e-04
4.16660e-04
3.23113e-04
6.97203e-05
-3.18374e-04
-5.70510e-04
-6.77990e-04
-7.80256e-04
-7.47737e-04
-4.97308e-04
-1.86070e-04
1.74234e-04
6.09896e-04
9.37392e-04
1.12330e-03
1.27795e-03
1.30233e-03
1.14828e-03
9.63626e-04
7.61204e-04
5.02477e-04
3.03343e-04
1.63988e-04
-6.81969e-05
-3.73117e-04
-5.74054e-04
-5.82930e-04
-4.51121e-04
-2.55199e-04
-4.21034e-05
1.74827e-04
4.26983e-04
7.13235e-04
9.36308e-04
1.02882e-03
1.04065e-03
1.01086e-03
9.32181e-04
8.61130e-04
8.48694e-04
8.21547e-04
6.75876e-04
4.17790e-04
8.27597e-05
-3.30393e-04
-7.23322e-04
-9.74180e-04
-1.08510e-03
-1.05710e-03
-8.62887e-04
-5.35147e-04
-8.92396e-05
4.31323e-04
8.26157e-04
9.17330e-04
7.21547e-04
3.88848e-04
1.20609e-04
1.79948e-05
1.12526e-05
1.63273e-05
-3.87674e-08
-5.78736e-05
-8.39135e-05
4.67131e-05
3.08766e-04
5.76718e-04
8.14217e-04
1.02673e-03
1.15563e-03
1.12702e-03
9.39617e-04
6.56794e-04
3.48416e-04
6.37318e-05
-1.77075e-04
-3.87239e-04
-5.57653e-04
-6.21474e-04
-5.42930e-04
-3.82224e-04
-2.36450e-04
-1.53989e-04
-1.55929e-04
-2.72201e-04
-4.59046e-04
-5.96204e-04
-6.29486e-04
-5.54624e-04
-3.44733e-04
-3.71213e-05
2.51279e-04
4.13596e-04
3.83949e-04
1.86796e-04
-7.19988e-05
-3.18237e-04
-5.16302e-04
-6.68642e-04
-8.50502e-04
-1.05082e-03
-1.09919e-03
-9.04518e-04
-5.46568e-04
-1.18800e-04
2.86262e-04
5.24978e-04
4.99552e-04
2.94310e-04
9.56906e-05
-2.01702e-05
-8.93464e-05
-1.32435e-04
-1.85139e-04
-3.11742e-04
-4.73080e-04
-5.99426e-04
-7.13084e-04
-8.12813e-04
-8.58290e-04
-8.45049e-04
-7.78932e-04
-6.88905e-04
-5.93246e-04
-4.54970e-04
-2.77405e-04
-1.08438e-04
4.81518e-05
2.00254e-04
3.19790e-04
3.76659e-04
3.50471e-04
2.29634e-04
2.08081e-05
-2.44390e-04
-5.04242e-04
-7.22787e-04
-8.83602e-04
-8.98206e-04
-7.03468e-04
-4.00283e-04
-1.22521e-04
8.29085e-05
1.60308e-04
6.68900e-05
-1.57482e-04
-4.47057e-04
-6.92915e-04
-7.95959e-04
-8.00413e-04
-7.73798e-04
-6.96138e-04
-5.74344e-04
-4.32283e-04
-2.28309e-04
1.67366e-05
2.18189e-04
4.18985e-04
6.54641e-04
8.14904e-04
9.14648e-04
1.10135e-03
1.34118e-03
1.49488e-03
1.54032e-03
1.49008e-03
1.34347e-03
1.14250e-03
8.92364e-04
5.50106e-04
1.46073e-04
-2.51665e-04
-6.24900e-04
-9.20319e-04
-1.04246e-03
-1.00231e-03
-8.73231e-04
-6.96457e-04
-4.86654e-04
-2.29127e-04
6.15814e-05
3.52262e-04
6.45161e-04
8.97055e-04
1.04026e-03
1.07627e-03
1.02358e-03
8.69061e-04
6.13394e-04
3.11786e-04
5.73197e-05
-9.09051e-05
-1.48444e-04
-1.28275e-04
3.42209e-06
2.37591e-04
4.96167e-04
7.14107e-04
8.49499e-04
8.36234e-04
6.45814e-04
3.72336e-04
1.23151e-04
-9.81629e-05
-2.84658e-04
-4.04060e-04
-4.95390e-04
-5.94766e-04
-6.70284e-04
-6.84672e-04
-6.47332e-04
-5.71399e-04
-4.41606e-04
-2.72305e-04
-7.38836e-05
1.55699e-04
3.43855e-04
4.30196e-04
4.22090e-04
3.16922e-04
1.17988e-04
-1.12849e-04
-2.51461e-04
-2.15191e-04
-8.16776e-05
4.91003e-05
1.54820e-04
1.63521e-04
3.52471e-05
-1.22222e-04
-2.61498e-04
-4.04908e-04
-4.69808e-04
-4.05403e-04
-2.79347e-04
-1.30645e-04
4.03716e-05
1.90357e-04
2.68711e-04
2.97271e-04
2.83755e-04
1.33428e-04
-1.62644e-04
-4.61275e-04
-6.84465e-04
-8.27403e-04
-8.65483e-04
-8.39879e-04
-8.25774e-04
-8.28959e-04
-8.35669e-04
-8.06417e-04
-6.43141e-04
-3.50030e-04
-9.30548e-05
1.50084e-05
1.85915e-05
6.45588e-06
2.35540e-05
3.17920e-05
-3.02309e-05
-1.22735e-04
-1.57950e-04
-1.13311e-04
-9.24631e-06
6.81168e-05
-1.32664e-05
-2.86505e-04
-6.99762e-04
-1.17078e-03
-1.54249e-03
-1.69055e-03
-1.59984e-03
-1.29046e-03
-8.38872e-04
-3.79629e-04
-3.95178e-05
1.31119e-04
1.68763e-04
1.13348e-04
3.08434e-05
5.76441e-05
2.65274e-04
5.60008e-04
7.96264e-04
9.24158e-04
9.36026e-04
7.88554e-04
4.68025e-04
3.21363e-05
-4.10194e-04
-7.51299e-04
-9.44502e-04
-9.72990e-04
-8.17938e-04
-5.42186e-04
-2.77088e-04
-8.68897e-05
1.95550e-05
5.34540e-05
8.82933e-05
1.47086e-04
1.61791e-04
1.20824e-04
4.94691e-05
-8.59648e-05
-2.81573e-04
-4.35733e-04
-5.14207e-04
-5.96764e-04
-6.98314e-04
-7.64857e-04
-7.88373e-04
-7.70731e-04
-7.15468e-04
-6.48717e-04
-5.85296e-04
-5.33784e-04
-4.70811e-04
-3.47412e-04
-1.36024e-04
1.86609e-04
6.41318e-04
1.23822e-03
1.91563e-03
2.48967e-03
2.82124e-03
2.88299e-03
2.62300e-03
2.06137e-03
1.42009e-03
9.00466e-04
4.94095e-04
1.35654e-04
-1.33651e-04
-2.26513e-04
-1.55083e-04
-1.63760e-05
1.27247e-04
2.42149e-04
3.04380e-04
3.07256e-04
2.08804e-04
-1.38386e-05
-2.97002e-04
-5.77179e-04
-8.20270e-04
-9.88597e-04
-1.07966e-03
-1.10334e-03
-1.03721e-03
-8.77226e-04
-6.53103e-04
-3.73159e-04
-3.76396e-05
3.13799e-04
6.55879e-04
9.79571e-04
1.19751e-03
1.22332e-03
1.10216e-03
9.22845e-04
7.39991e-04
6.00769e-04
5.27373e-04
4.78479e-04
4.07776e-04
3.17884e-04
2.22080e-04
1.63173e-04
1.77966e-04
1.90455e-04
1.48236e-04
1.56717e-04
2.72423e-04
4.16356e-04
5.49769e-04
7.08261e-04
9.08703e-04
1.12508e-03
1.32259e-03
1.45402e-03
1.43558e-03
1.21501e-03
8.60617e-04
4.82900e-04
1.03087e-04
-3.27045e-04
-8.27775e-04
-1.36477e-03
-1.85152e-03
-2.19492e-03
-2.38653e-03
-2.44002e-03
-2.27995e-03
-1.86960e-03
-1.32740e-03
-7.94016e-04
-3.08866e-04
1.21050e-04
4.35024e-04
5.98088e-04
6.48587e-04
5.87269e-04
4.21141e-04
2.61405e-04
1.89101e-04
2.02783e-04
2.91976e-04
3.79514e-04
3.83730e-04
3.70556e-04
4.27316e-04
5.35939e-04
6.59304e-04
8.22786e-04
1.05940e-03
1.28395e-03
1.37971e-03
1.35833e-03
1.25958e-03
1.10126e-03
9.21253e-04
6.76006e-04
2.64425e-04
-2.98656e-04
-8.87185e-04
-1.37957e-03
-1.69939e-03
-1.76926e-03
-1.53738e-03
-1.16317e-03
-8.93580e-04
-7.33615e-04
-5.98518e-04
-5.29069e-04
-5.20372e-04
-4.67514e-04
-3.16309e-04
-1.04085e-04
9.29647e-05
2.25867e-04
2.89515e-04
2.78183e-04
1.90967e-04
3.61384e-05
-1.91968e-04
-4.59624e-04
-6.32110e-04
-6.06638e-04
-4.58541e-04
-2.97039e-04
-1.42972e-04
-3.31875e-05
8.20661e-06
4.78486e-05
1.08889e-04
1.19893e-04
4.87416e-05
-7.51662e-05
-2.89689e-04
-6.54014e-04
-1.05680e-03
-1.31946e-03
-1.41903e-03
-1.41283e-03
-1.32564e-03
-1.18167e-03
-1.01467e-03
-8.45590e-04
-6.69039e-04
-4.86513e-04
-2.88219e-04
-8.76022e-06
3.37357e-04
6.24666e-04
8.00181e-04
8.97881e-04
9.53428e-04
9.71984e-04
9.31981e-04
8.36186e-04
7.30629e-04
6.35822e-04
5.11387e-04
3.32481e-04
1.34680e-04
1.75886e-05
6.54816e-05
1.84460e-04
2.40358e-04
3.15313e-04
5.11210e-04
7.44566e-04
9.67651e-04
1.19725e-03
1.31579e-03
1.21128e-03
9.61104e-04
6.91019e-04
4.38594e-04
2.05483e-04
5.54445e-06
-1.42945e-04
-2.27517e-04
-2.59358e-04
-2.67003e-04
-2.72532e-04
-3.13559e-04
-4.30786e-04
-5.84380e-04
-6.71869e-04
-6.18400e-04
-3.82070e-04
3.90783e-05
5.42602e-04
9.68286e-04
1.23326e-03
1.33676e-03
1.30670e-03
1.22434e-03
1.15912e-03
1.08765e-03
9.77790e-04
8.54334e-04
7.40036e-04
6.47173e-04
6.13557e-04
6.08889e-04
5.08932e-04
2.49614e-04
-1.02122e-04
-4.31523e-04
-6.36481e-04
-6.69687e-04
-6.23459e-04
-6.20014e-04
-6.21101e-04
-5.58205e-04
-4.30381e-04
-2.25607e-04
1.25701e-05
1.95698e-04
2.87513e-04
2.43063e-04
5.34251e-05
-1.52781e-04
-2.51358e-04
-2.60380e-04
-2.90385e-04
-4.38920e-04
-6.78265e-04
-9.18919e-04
-1.12135e-03
-1.22241e-03
-1.18236e-03
-1.06503e-03
-9.06467e-04
-7.16633e-04
-5.42601e-04
-3.97820e-04
-2.80475e-04
-2.12084e-04
-1.59733e-04
-7.69277e-05
7.92001e-06
7.93920e-05
1.53155e-04
2.08754e-04
2.67377e-04
3.72516e-04
4.61225e-04
4.47360e-04
3.32877e-04
1.71495e-04
5.29737e-05
5.52543e-05
1.37843e-04
2.14393e-04
2.36650e-04
1.22400e-04
-2.02742e-04
-6.64896e-04
-1.11781e-03
-1.52214e-03
-1.84771e-03
-1.98061e-03
-1.90517e-03
-1.67904e-03
-1.26004e-03
-6.39369e-04
1.51048e-06
4.57745e-04
7.76031e-04
1.11973e-03
1.42753e-03
1.57907e-03
1.64710e-03
1.64735e-03
1.48652e-03
1.20202e-03
8.52844e-04
4.83534e-04
2.32125e-04
1.47510e-04
1.20662e-04
7.73374e-05
3.93970e-05
9.53983e-06
-6.06983e-05
-1.72050e-04
-2.80930e-04
-3.85388e-04
-5.11056e-04
-6.17660e-04
-6.29867e-04
-5.49007e-04
-4.14101e-04
-2.50829e-04
-8.22021e-05
6.65636e-05
1.81058e-04
3.19190e-04
5.17071e-04
7.13091e-04
8.85164e-04
1.00791e-03
9.83999e-04
8.39509e-04
6.96622e-04
5.94016e-04
5.31183e-04
4.57913e-04
3.00000e-04
8.90635e-05
-1.12289e-04
-2.49099e-04
-2.74488e-04
-2.30287e-04
-1.47762e-04
1.34755e-05
2.59938e-04
5.25721e-04
7.01439e-04
8.00721e-04
9.52457e-04
1.06571e-03
9.47730e-04
7.05649e-04
4.83370e-04
2.21829e-04
-9.91181e-05
-4.45457e-04
-7.47297e-04
-8.72371e-04
-8.18032e-04
-6.92559e-04
-5.59398e-04
-4.50394e-04
-3.90558e-04
-3.93088e-04
-4.70869e-04
-5.51386e-04
-4.72274e-04
-2.40113e-04
-3.08918e-05
1.36735e-04
3.27282e-04
4.59033e-04
4.63182e-04
3.88872e-04
2.93297e-04
2.23690e-04
2.30457e-04
3.23539e-04
4.77480e-04
6.53288e-04
8.13332e-04
9.16125e-04
9.04652e-04
7.92159e-04
6.32592e-04
4.04223e-04
1.51145e-04
-1.76537e-05
-1.31273e-04
-2.25019e-04
-2.27464e-04
-1.57721e-04
-1.34677e-04
-2.19599e-04
-3.92355e-04
-5.93042e-04
-7.89222e-04
-9.53047e-04
-1.00700e-03
-9.87824e-04
-1.00727e-03
-1.00285e-03
-9.24102e-04
-8.37097e-04
-6.90050e-04
-4.66883e-04
-2.92207e-04
-1.40383e-04
8.19539e-05
3.07852e-04
4.63624e-04
5.23257e-04
4.47358e-04
2.66286e-04
3.06577e-05
-2.41035e-04
-4.89538e-04
-6.76665e-04
-8.16983e-04
-9.06480e-04
-9.21238e-04
-8.14387e-04
-5.50287e-04
-1.95924e-04
1.46175e-04
4.41855e-04
6.46066e-04
6.91761e-04
5.99293e-04
4.80436e-04
4.52451e-04
4.98432e-04
4.78439e-04
3.29953e-04
9.75610e-05
-1.52377e-04
-3.66541e-04
-5.45180e-04
-7.16882e-04
-8.48369e-04
-8.50122e-04
-6.72434e-04
-3.34490e-04
9.05645e-05
4.95535e-04
8.33858e-04
1.12954e-03
1.30969e-03
1.22153e-03
9.05311e-04
5.90650e-04
3.68949e-04
1.34826e-04
-1.69117e-04
-4.87167e-04
-7.69889e-04
-9.12490e-04
-8.08145e-04
-5.78640e-04
-3.55543e-04
-1.23362e-04
3.83056e-05
6.82892e-05
6.50880e-05
6.27310e-05
7.62913e-06
-1.01686e-04
-2.42645e-04
-3.61765e-04
-3.43158e-04
-1.54413e-04
9.90432e-05
2.96354e-04
3.70111e-04
3.25289e-04
2.00471e-04
6.91428e-05
4.98975e-05
1.49718e-04
2.66080e-04
4.21575e-04
6.71084e-04
8.81215e-04
9.27557e-04
8.34235e-04
6.35955e-04
4.06728e-04
2.33377e-04
8.18126e-05
-1.11944e-04
-3.00199e-04
-3.78434e-04
-3.13074e-04
-1.27774e-04
1.64428e-04
5.34775e-04
8.96825e-04
1.14785e-03
1.23212e-03
1.16099e-03
1.01692e-03
8.94726e-04
7.91885e-04
6.68283e-04
5.37848e-04
3.51780e-04
3.95222e-05
-3.51621e-04
-8.28709e-04
-1.39481e-03
-1.86009e-03
-2.06765e-03
-1.96516e-03
-1.52888e-03
-9.49531e-04
-5.26056e-04
-2.93570e-04
-1.44047e-04
-8.22512e-05
-8.10744e-05
-5.03512e-05
-2.48713e-05
-8.02367e-05
-1.90074e-04
-3.25910e-04
-5.38924e-04
-8.70986e-04
-1.26258e-03
-1.58341e-03
-1.75073e-03
-1.76804e-03
-1.67505e-03
-1.47944e-03
-1.14707e-03
-7.01210e-04
-2.49730e-04
9.56348e-05
2.33331e-04
1.24503e-04
-1.02809e-04
-2.68842e-04
-3.38422e-04
-3.15282e-04
-1.46232e-04
1.14132e-04
3.10818e-04
3.81126e-04
3.63473e-04
3.05727e-04
2.56433e-04
2.78656e-04
3.74254e-04
4.76717e-04
6.18889e-04
8.44467e-04
9.70887e-04
8.52268e-04
6.30694e-04
4.27696e-04
2.42350e-04
1.13005e-04
2.06433e-06
-1.76274e-04
-3.87219e-04
-5.88337e-04
-8.13467e-04
-1.08946e-03
-1.38700e-03
-1.64118e-03
-1.78641e-03
-1.77977e-03
-1.64865e-03
-1.41450e-03
-9.95492e-04
-3.74270e-04
3.03540e-04
9.27134e-04
1.43894e-03
1.69817e-03
1.64152e-03
1.38267e-03
1.03015e-03
6.38593e-04
3.06591e-04
1.43049e-04
1.72329e-04
3.51580e-04
6.26079e-04
9.39818e-04
1.22970e-03
1.41434e-03
1.44963e-03
1.39001e-03
1.30448e-03
1.18426e-03
9.85058e-04
6.99821e-04
3.51669e-04
-3.86536e-05
-4.31511e-04
-7.52070e-04
-9.10347e-04
-8.65673e-04
-6.79988e-04
-4.17207e-04
-2.23412e-05
5.47744e-04
1.17185e-03
1.68174e-03
1.97598e-03
1.98928e-03
1.73719e-03
1.38631e-03
1.13538e-03
1.00914e-03
8.94391e-04
7.38528e-04
5.46481e-04
3.13476e-04
7.13241e-05
-1.07940e-04
-1.90444e-04
-1.87445e-04
-1.05142e-04
2.88782e-05
1.54198e-04
2.22820e-04
2.04705e-04
7.06245e-05
-1.59522e-04
-4.15128e-04
-6.23983e-04
-7.20061e-04
-6.84521e-04
-5.69218e-04
-4.62970e-04
-4.47704e-04
-4.68540e-04
-3.33559e-04
2.93274e-05
4.52752e-04
7.19659e-04
7.74788e-04
6.95592e-04
5.53060e-04
4.28612e-04
4.22582e-04
5.13189e-04
6.06166e-04
6.25096e-04
4.62757e-04
1.58357e-04
-2.68682e-05
1.88604e-05
2.00693e-04
4.88619e-04
8.17798e-04
1.03747e-03
1.14218e-03
1.22210e-03
1.23184e-03
1.06946e-03
7.95995e-04
5.70332e-04
4.42139e-04
3.86959e-04
3.67259e-04
2.75542e-04
2.76875e-05
-3.06270e-04
-5.74257e-04
-7.42423e-04
-8.94568e-04
-1.02791e-03
-1.07693e-03
-1.04733e-03
-9.52647e-04
-8.16875e-04
-7.20973e-04
-6.72552e-04
-5.85147e-04
-4.71462e-04
-4.49790e-04
-5.28994e-04
-5.93725e-04
-5.63469e-04
-4.37972e-04
-2.64511e-04
-1.06865e-04
-4.54299e-05
-1.67442e-04
-4.38822e-04
-6.68419e-04
-6.87753e-04
-4.11218e-04
1.92867e-04
1.05014e-03
2.00673e-03
2.86592e-03
3.39952e-03
3.44468e-03
2.94724e-03
1.93557e-03
5.86769e-04
-7.77516e-04
-1.86645e-03
-2.51832e-03
-2.68933e-03
-2.44829e-03
-1.95782e-03
-1.43131e-03
-1.05997e-03
-9.55534e-04
-1.13205e-03
-1.49313e-03
-1.85882e-03
-2.09652e-03
-2.20291e-03
-2.17430e-03
-2.00965e-03
-1.83318e-03
-1.76140e-03
-1.77973e-03
-1.81778e-03
-1.77816e-03
-1.57910e-03
-1.20432e-03
-6.11750e-04
2.58593e-04
1.28411e-03
2.20478e-03
2.85804e-03
3.19038e-03
3.17690e-03
2.81985e-03
2.18804e-03
1.51114e-03
1.08440e-03
9.76437e-04
1.09139e-03
1.41364e-03
1.91463e-03
2.49546e-03
3.11022e-03
3.66874e-03
4.00795e-03
4.05259e-03
3.78425e-03
3.19575e-03
2.37180e-03
1.45300e-03
5.54715e-04
-2.57475e-04
-9.53886e-04
-1.53067e-03
-2.03557e-03
-2.51873e-03
-2.94385e-03
-3.25299e-03
-3.43882e-03
-3.50038e-03
-3.42277e-03
-3.15857e-03
-2.71255e-03
-2.36208e-03
-2.45412e-03
-3.02131e-03
-4.03609e-03
-5.47933e-03
-6.86097e-03
-7.60086e-03
-7.61188e-03
-6.82827e-03
-5.05486e-03
-2.57780e-03
-1.24938e-04
1.80904e-03
3.21960e-03
4.24793e-03
5.01138e-03
5.76238e-03
6.63121e-03
7.42026e-03
7.91793e-03
7.95409e-03
7.38148e-03
6.30534e-03
4.96602e-03
3.43182e-03
1.61795e-03
-4.80566e-04
-2.52424e-03
-3.94608e-03
-4.49260e-03
-4.32355e-03
-3.59309e-03
-2.35167e-03
-8.31155e-04
6.30606e-04
2.00900e-03
3.27842e-03
3.83545e-03
3.19504e-03
1.64515e-03
-3.66916e-04
-2.38816e-03
-3.82118e-03
-4.51217e-03
-4.74382e-03
-4.82756e-03
-5.12827e-03
-5.83329e-03
-6.83895e-03
-7.92728e-03
-8.73858e-03
-8.95803e-03
-8.47418e-03
-7.03962e-03
-4.43711e-03
-1.29071e-03
1.25839e-03
2.89578e-03
4.03397e-03
4.61045e-03
4.53584e-03
4.48586e-03
4.89707e-03
5.62794e-03
6.72835e-03
8.13516e-03
9.45092e-03
1.03909e-02
1.06495e-02
9.93044e-03
8.36949e-03
6.33285e-03
4.09491e-03
1.88230e-03
-1.95048e-04
-2.19347e-03
-4.16174e-03
-6.02794e-03
-7.61432e-03
-8.69166e-03
-9.11421e-03
-8.96778e-03
-8.43407e-03
-7.56317e-03
-6.36059e-03
-4.92346e-03
-3.35324e-03
-1.77309e-03
-4.57730e-04
3.08608e-04
4.99631e-04
3.13871e-04
-4.41133e-05
-3.98574e-04
-5.99962e-04
-6.71584e-04
-7.29623e-04
-7.25246e-04
-5.48661e-04
-2.30731e-04
7.72415e-05
1.22902e-04
-3.40648e-04
-1.24309e-03
-2.09940e-03
-2.37363e-03
-1.85757e-03
-6.57361e-04
9.85583e-04
2.77618e-03
4.52239e-03
6.03959e-03
6.82180e-03
6.44475e-03
5.09199e-03
3.26883e-03
1.55518e-03
4.72691e-04
1.19432e-04
2.16019e-04
4.56138e-04
6.03252e-04
4.74175e-04
4.84425e-05
-5.54472e-04
-1.30815e-03
-2.26125e-03
-3.29719e-03
-4.10807e-03
-4.42348e-03
-4.20816e-03
-3.57099e-03
-2.70221e-03
-1.91635e-03
-1.34553e-03
-7.21650e-04
2.13355e-04
1.35049e-03
2.35400e-03
2.89375e-03
2.73393e-03
1.80451e-03
4.30420e-04
-6.86812e-04
-1.06078e-03
-7.93763e-04
-2.61909e-04
2.08325e-04
2.66790e-04
-2.94062e-04
-1.11878e-03
-1.56089e-03
-1.30275e-03
-3.83887e-04
1.03275e-03
2.68063e-03
4.27411e-03
5.60283e-03
6.21516e-03
5.40727e-03
3.21124e-03
6.80850e-04
-1.37521e-03
-2.78726e-03
-3.37962e-03
-3.27526e-03
-2.95676e-03
-2.58879e-03
-2.05503e-03
-1.33386e-03
-6.60549e-04
-3.13947e-04
-2.37718e-04
-2.47811e-04
-2.64849e-04
-2.38272e-04
-2.53292e-04
-4.63321e-04
-8.54542e-04
-1.21978e-03
-1.25840e-03
-8.09258e-04
5.76165e-05
1.18089e-03
2.24798e-03
2.72886e-03
2.22559e-03
9.72082e-04
-2.85915e-04
-1.02516e-03
-1.20003e-03
-8.96839e-04
-2.65185e-04
4.13338e-04
9.20908e-04
1.28108e-03
1.67428e-03
2.14668e-03
2.51111e-03
2.57341e-03
2.27302e-03
1.77022e-03
1.44097e-03
1.51218e-03
1.84491e-03
2.12127e-03
1.98418e-03
1.16860e-03
-2.42329e-04
-1.86026e-03
-3.31988e-03
-4.37845e-03
-4.83486e-03
-4.53532e-03
-3.51551e-03
-2.24140e-03
-1.29477e-03
-6.64138e-04
-5.89076e-05
4.39799e-04
7.82322e-04
1.12810e-03
1.30674e-03
8.02577e-04
-6.82707e-04
-2.84061e-03
-5.09277e-03
-7.04659e-03
-8.31503e-03
-8.46265e-03
-7.32236e-03
-5.10177e-03
-2.28607e-03
6.20182e-04
3.30580e-03
5.48395e-03
6.85488e-03
7.52573e-03
8.00942e-03
8.55385e-03
8.91557e-03
8.76356e-03
7.91487e-03
6.38963e-03
4.49024e-03
2.54275e-03
6.40196e-04
-1.07590e-03
-2.26263e-03
-2.70081e-03
-2.46125e-03
-1.93097e-03
-1.76532e-03
-2.32592e-03
-3.24598e-03
-3.86333e-03
-3.77802e-03
-3.01675e-03
-1.97298e-03
-1.07047e-03
-5.14565e-04
-3.79446e-04
-6.08749e-04
-9.54949e-04
-1.21723e-03
-1.37496e-03
-1.33578e-03
-1.01251e-03
-5.98862e-04
-2.95705e-04
-1.59644e-04
-2.72760e-04
-5.96522e-04
-9.65995e-04
-1.31678e-03
-1.66679e-03
-1.90437e-03
-1.69729e-03
-8.77154e-04
3.01116e-04
1.57606e-03
2.89962e-03
4.14497e-03
4.99445e-03
5.23975e-03
5.02986e-03
4.69816e-03
4.48745e-03
4.42563e-03
4.32196e-03
3.96383e-03
3.27058e-03
2.27333e-03
1.19003e-03
3.71924e-04
-1.62624e-05
-4.06134e-05
1.77817e-04
3.34427e-04
-2.44143e-05
-1.02399e-03
-2.34826e-03
-3.60530e-03
-4.53245e-03
-5.00638e-03
-5.00440e-03
-4.53604e-03
-3.71577e-03
-2.82693e-03
-2.17274e-03
-1.91955e-03
-2.01642e-03
-2.15344e-03
-1.92366e-03
-1.13465e-03
1.11465e-04
1.62368e-03
3.29312e-03
5.04396e-03
6.61638e-03
7.55451e-03
7.68248e-03
7.40938e-03
7.15166e-03
6.75440e-03
5.99973e-03
5.01520e-03
3.76930e-03
2.26441e-03
8.89491e-04
-3.34627e-04
-1.69942e-03
-3.07824e-03
-4.30547e-03
-5.34679e-03
-5.89942e-03
-5.75505e-03
-5.15505e-03
-4.29078e-03
-3.03955e-03
-1.46493e-03
2.80797e-05
1.14188e-03
1.79712e-03
1.96893e-03
1.79929e-03
1.61842e-03
1.54091e-03
1.39157e-03
1.21166e-03
1.20061e-03
1.29449e-03
1.36874e-03
1.33703e-03
1.00013e-03
3.53528e-04
-3.06732e-04
-7.40134e-04
-9.26065e-04
-1.05446e-03
-1.35639e-03
-1.74171e-03
-1.90679e-03
-1.82352e-03
-1.60670e-03
-1.06733e-03
1.99576e-05
1.48761e-03
2.98763e-03
4.17447e-03
4.63927e-03
4.21844e-03
3.22112e-03
2.11426e-03
1.22253e-03
5.55554e-04
-1.04960e-04
-7.34821e-04
-1.20545e-03
-1.62789e-03
-1.90262e-03
-1.80297e-03
-1.55977e-03
-1.46558e-03
-1.53989e-03
-1.90262e-03
-2.67306e-03
-3.65576e-03
-4.53729e-03
-5.01298e-03
-4.83908e-03
-4.12317e-03
-3.16947e-03
-2.09450e-03
-9.86971e-04
1.28566e-05
8.99238e-04
1.61212e-03
2.01350e-03
2.30204e-03
2.85396e-03
3.68743e-03
4.60307e-03
5.50162e-03
6.20344e-03
6.40984e-03
6.01224e-03
5.15199e-03
4.02125e-03
2.71471e-03
1.26921e-03
-1.59733e-04
-1.38007e-03
-2.40437e-03
-3.26567e-03
-3.82448e-03
-4.06576e-03
-4.14868e-03
-4.09231e-03
-3.78652e-03
-3.09461e-03
-1.87329e-03
-1.83587e-04
1.60907e-03
2.96940e-03
3.38116e-03
2.64051e-03
9.89535e-04
-9.78131e-04
-2.50440e-03
-3.12987e-03
-2.89390e-03
-2.01050e-03
-9.23918e-04
-3.21828e-04
-4.88455e-04
-1.24791e-03
-2.46726e-03
-3.88013e-03
-4.88032e-03
-4.98310e-03
-4.37514e-03
-3.63254e-03
-2.73002e-03
-1.38818e-03
-9.99223e-05
7.21775e-04
1.26103e-03
1.39005e-03
1.01464e-03
5.84043e-04
4.10635e-04
5.68848e-04
1.16414e-03
2.03184e-03
2.82941e-03
3.46117e-03
3.85688e-03
3.78507e-03
3.16551e-03
2.20105e-03
1.32063e-03
9.54684e-04
1.16437e-03
1.73659e-03
2.41346e-03
2.76963e-03
2.38647e-03
1.20076e-03
-5.67985e-04
-2.56308e-03
-4.35591e-03
-5.54767e-03
-5.84182e-03
-5.19617e-03
-3.93385e-03
-2.60999e-03
-1.77633e-03
-1.61440e-03
-1.73805e-03
-1.62693e-03
-1.03496e-03
6.17215e-05
1.45952e-03
2.80101e-03
3.81441e-03
4.26158e-03
3.94715e-03
2.95019e-03
1.56742e-03
1.26719e-04
-1.04143e-03
-1.58239e-03
-1.15734e-03
2.56609e-04
2.18547e-03
4.03331e-03
5.40093e-03
5.96765e-03
5.53361e-03
4.31038e-03
2.80863e-03
1.48467e-03
7.07264e-04
7.18406e-04
1.41611e-03
2.32167e-03
2.82277e-03
2.45071e-03
1.01037e-03
-1.39337e-03
-4.33765e-03
-7.14018e-03
-9.14479e-03
-1.00314e-02
-9.82065e-03
-8.74967e-03
-7.20255e-03
-5.54772e-03
-4.00088e-03
-2.60060e-03
-1.22697e-03
2.30513e-04
1.68495e-03
2.89943e-03
3.54822e-03
3.31770e-03
2.28355e-03
9.52522e-04
-1.78313e-04
-7.55525e-04
-5.41989e-04
3.67298e-04
1.56099e-03
2.62760e-03
3.35875e-03
3.72355e-03
3.74271e-03
3.50031e-03
3.23887e-03
3.20820e-03
3.36785e-03
3.42270e-03
3.11627e-03
2.36570e-03
1.20233e-03
-2.07327e-04
-1.43175e-03
-1.98516e-03
-1.77160e-03
-1.12817e-03
-5.24603e-04
-2.65469e-04
-3.83540e-04
-6.86382e-04
-8.91646e-04
-9.72578e-04
-1.21369e-03
-1.75570e-03
-2.53511e-03
-3.54808e-03
-4.68309e-03
-5.64696e-03
-6.25591e-03
-6.47255e-03
-6.19809e-03
-5.23758e-03
-3.55749e-03
-1.60413e-03
4.76240e-05
1.31779e-03
2.28171e-03
2.74733e-03
2.72888e-03
2.55178e-03
2.41036e-03
2.42113e-03
2.76316e-03
3.50500e-03
4.57887e-03
5.81821e-03
6.85384e-03
7.17055e-03
6.46247e-03
4.85378e-03
2.78900e-03
8.32147e-04
-6.37790e-04
-1.64032e-03
-2.40165e-03
-3.08835e-03
-3.71750e-03
-4.15078e-03
-4.20036e-03
-3.79084e-03
-3.08275e-03
-2.49496e-03
-2.41592e-03
-2.83315e-03
-3.41420e-03
-3.79528e-03
-3.71343e-03
-3.13782e-03
-2.23873e-03
-1.21017e-03
-2.83916e-04
3.83458e-04
8.56637e-04
1.17586e-03
1.23916e-03
1.01381e-03
6.25713e-04
2.64542e-04
-7.48056e-06
-3.24627e-04
-7.94208e-04
-1.31693e-03
-1.67550e-03
-1.68419e-03
-1.31427e-03
-7.54587e-04
-2.57863e-04
1.09017e-04
4.91797e-04
1.02335e-03
1.66580e-03
2.30545e-03
2.85252e-03
3.15076e-03
3.01713e-03
2.50280e-03
1.88575e-03
1.41068e-03
1.16376e-03
1.13329e-03
1.33547e-03
1.72789e-03
2.10884e-03
2.42776e-03
2.86522e-03
3.34616e-03
3.43352e-03
2.83849e-03
1.66737e-03
1.16567e-04
-1.69554e-03
-3.59155e-03
-5.37286e-03
-6.85400e-03
-7.75811e-03
-7.84252e-03
-7.03954e-03
-5.40603e-03
-3.27901e-03
-1.30443e-03
1.67294e-04
1.34530e-03
2.35847e-03
3.05715e-03
3.51106e-03
3.88762e-03
4.12044e-03
4.16342e-03
4.04020e-03
3.61952e-03
2.80470e-03
1.75357e-03
7.51692e-04
5.56220e-05
-2.35645e-04
-2.92251e-04
-4.22621e-04
-8.11127e-04
-1.42205e-03
-2.10553e-03
-2.73506e-03
-3.25110e-03
-3.65161e-03
-3.88913e-03
-3.75985e-03
-3.06471e-03
-1.81250e-03
-1.53442e-04
1.63954e-03
3.16727e-03
4.13281e-03
4.46176e-03
4.24793e-03
3.72849e-03
3.08814e-03
2.29830e-03
1.34460e-03
3.22726e-04
-6.84004e-04
-1.47776e-03
-1.84280e-03
-1.91090e-03
-1.97046e-03
-2.05872e-03
-2.01404e-03
-1.67777e-03
-1.00194e-03
-1.34287e-04
6.12296e-04
9.27938e-04
8.03416e-04
6.55634e-04
7.95154e-04
1.05234e-03
1.27584e-03
1.41344e-03
1.21520e-03
7.51218e-04
3.60030e-04
1.71623e-05
-2.50996e-04
-2.76033e-04
-2.30117e-04
-2.68856e-04
-4.26219e-04
-8.39913e-04
-1.39753e-03
-1.81071e-03
-1.92846e-03
-1.60108e-03
-8.59857e-04
3.88150e-05
9.98573e-04
1.98100e-03
2.84508e-03
3.46430e-03
3.71715e-03
3.62193e-03
3.30717e-03
2.71896e-03
1.82114e-03
8.69434e-04
1.91952e-04
-4.69482e-05
1.00126e-04
3.66648e-04
4.03145e-04
4.36803e-05
-5.22851e-04
-9.10775e-04
-8.19774e-04
-1.95532e-04
7.15751e-04
1.50007e-03
1.83124e-03
1.60340e-03
8.70423e-04
-2.03759e-04
-1.33844e-03
-2.29562e-03
-2.95043e-03
-3.16476e-03
-2.94469e-03
-2.54167e-03
-2.10178e-03
-1.49448e-03
-5.51067e-04
7.21561e-04
2.12574e-03
3.35419e-03
4.08003e-03
4.11395e-03
3.60112e-03
2.91204e-03
2.18514e-03
1.18138e-03
-2.17340e-04
-1.79332e-03
-3.31933e-03
-4.54251e-03
-5.20015e-03
-5.33931e-03
-5.01985e-03
-4.04978e-03
-2.44657e-03
-6.18295e-04
9.29657e-04
1.88160e-03
2.25651e-03
2.24527e-03
2.00656e-03
1.70789e-03
1.47149e-03
1.22649e-03
9.01692e-04
6.46880e-04
6.38847e-04
8.62655e-04
1.17669e-03
1.45573e-03
1.65476e-03
1.77008e-03
1.82827e-03
1.93926e-03
2.19204e-03
2.47501e-03
2.63211e-03
2.72183e-03
2.88341e-03
3.06969e-03
3.02613e-03
2.51978e-03
1.54118e-03
2.36755e-04
-1.15375e-03
-2.26525e-03
-2.76944e-03
-2.53994e-03
-1.72341e-03
-8.05815e-04
-3.30913e-04
-3.86045e-04
-7.02271e-04
-1.16658e-03
-1.72944e-03
-2.10190e-03
-2.00939e-03
-1.45537e-03
-6.68502e-04
-1.57193e-05
1.69712e-04
-2.04141e-04
-8.91694e-04
-1.43248e-03
-1.53631e-03
-1.29307e-03
-9.50894e-04
-6.25249e-04
-3.17719e-04
-8.91315e-05
-3.07498e-05
-1.34775e-04
-3.03504e-04
-4.43596e-04
-5.66448e-04
-7.66937e-04
-9.75691e-04
-1.02884e-03
-1.08211e-03
-1.27569e-03
-1.25203e-03
-8.47740e-04
-4.06804e-04
-3.55816e-05
3.10853e-04
4.69936e-04
5.21443e-04
6.98847e-04
8.53213e-04
7.22695e-04
3.93838e-04
6.56520e-05
-2.85512e-04
-7.05805e-04
-1.07018e-03
-1.22350e-03
-1.02264e-03
-3.45779e-04
6.75962e-04
1.64851e-03
2.21651e-03
2.24493e-03
1.85962e-03
1.35256e-03
9.11062e-04
5.44957e-04
1.97546e-04
-3.10217e-04
-1.16239e-03
-2.20981e-03
-3.09791e-03
-3.67125e-03
-3.95409e-03
-3.91086e-03
-3.42880e-03
-2.59565e-03
-1.81208e-03
-1.31287e-03
-9.78373e-04
-7.53007e-04
-6.67674e-04
-6.68401e-04
-7.51404e-04
-9.41049e-04
-1.14369e-03
-1.17959e-03
-1.01536e-03
-8.59320e-04
-8.54141e-04
-9.59211e-04
-1.12577e-03
-1.27308e-03
-1.33210e-03
-1.43424e-03
-1.73653e-03
-2.15138e-03
-2.44807e-03
-2.41792e-03
-1.97291e-03
-1.23531e-03
-3.83446e-04
5.38020e-04
1.53597e-03
2.56204e-03
3.48780e-03
4.10661e-03
4.28163e-03
4.05427e-03
3.48933e-03
2.64208e-03
1.70917e-03
8.91414e-04
2.08687e-04
-3.50157e-04
-7.27781e-04
-9.19077e-04
-9.59228e-04
-8.59404e-04
-7.03945e-04
-6.03987e-04
-5.28481e-04
-4.24872e-04
-3.19301e-04
-1.15698e-04
3.02848e-04
7.12355e-04
7.44771e-04
3.40576e-04
-3.10130e-04
-9.72291e-04
-1.39887e-03
-1.47189e-03
-1.27274e-03
-9.25708e-04
-5.77037e-04
-4.47017e-04
-6.80592e-04
-1.26125e-03
-2.08796e-03
-2.96379e-03
-3.59846e-03
-3.69744e-03
-3.02527e-03
-1.56660e-03
3.25605e-04
2.10608e-03
3.32398e-03
3.75884e-03
3.50766e-03
2.86965e-03
2.07570e-03
1.27404e-03
6.04686e-04
6.97832e-05
-4.19042e-04
-8.02952e-04
-9.77223e-04
-9.45949e-04
-6.67942e-04
-3.48330e-05
9.02586e-04
1.84604e-03
2.39715e-03
2.33340e-03
1.77922e-03
9.96080e-04
1.24976e-04
-6.61838e-04
-1.11194e-03
-1.17402e-03
-9.09740e-04
-3.30773e-04
3.35874e-04
7.15904e-04
6.45213e-04
1.07363e-04
-8.15022e-04
-1.86504e-03
-2.76295e-03
-3.29462e-03
-3.35057e-03
-3.07338e-03
-2.77751e-03
-2.68051e-03
-2.76019e-03
-2.80391e-03
-2.56656e-03
-1.90653e-03
-8.59966e-04
3.56284e-04
1.48466e-03
2.33065e-03
2.66938e-03
2.29356e-03
1.28659e-03
6.44409e-05
-8.88180e-04
-1.29199e-03
-1.11557e-03
-4.33382e-04
5.96377e-04
1.70920e-03
2.69792e-03
3.56344e-03
4.40582e-03
5.20714e-03
5.87744e-03
6.48943e-03
7.22178e-03
8.03040e-03
8.57175e-03
8.48654e-03
7.60342e-03
5.93692e-03
3.66002e-03
1.04309e-03
-1.59594e-03
-3.97429e-03
-5.98781e-03
-7.67281e-03
-9.00547e-03
-9.82562e-03
-9.97266e-03
-9.37494e-03
-8.01778e-03
-6.05457e-03
-3.83240e-03
-1.67817e-03
1.67087e-04
1.55852e-03
2.50699e-03
3.09453e-03
3.46899e-03
3.80295e-03
4.13884e-03
4.47182e-03
4.75572e-03
4.71814e-03
4.09299e-03
2.96368e-03
1.63415e-03
4.33235e-04
-3.76891e-04
-7.40469e-04
-6.95428e-04
-2.04151e-04
6.34305e-04
1.48914e-03
2.06562e-03
2.26641e-03
2.23976e-03
2.35917e-03
2.92264e-03
3.88879e-03
4.96220e-03
5.73976e-03
5.74382e-03
4.69922e-03
2.82994e-03
5.18475e-04
-1.96993e-03
-4.20441e-03
-5.74888e-03
-6.50173e-03
-6.53984e-03
-6.11619e-03
-5.63973e-03
-5.36277e-03
-5.23319e-03
-4.95010e-03
-4.25923e-03
-3.24581e-03
-2.17133e-03
-1.21753e-03
-4.85192e-04
-2.54905e-05
1.85329e-04
1.15765e-04
-3.67078e-04
-1.15121e-03
-1.83218e-03
-2.19678e-03
-2.32906e-03
-2.31967e-03
-2.14910e-03
-1.70914e-03
-9.07071e-04
2.32365e-04
1.54937e-03
2.80041e-03
3.83511e-03
4.70528e-03
5.48621e-03
6.09204e-03
6.38944e-03
6.34917e-03
5.97671e-03
5.23562e-03
4.10095e-03
2.66121e-03
1.18040e-03
-3.46185e-05
-8.45892e-04
-1.30975e-03
-1.53321e-03
-1.55108e-03
-1.36097e-03
-1.01466e-03
-5.88541e-04
-1.34567e-04
2.82199e-04
5.81408e-04
7.36318e-04
7.25249e-04
4.35308e-04
-2.44818e-04
-1.27503e-03
-2.48217e-03
-3.64460e-03
-4.55054e-03
-5.04384e-03
-5.05226e-03
-4.59870e-03
-3.80479e-03
-2.85026e-03
-1.89948e-03
-1.11763e-03
-6.57570e-04
-4.65698e-04
-2.91745e-04
7.41942e-06
4.43860e-04
1.06769e-03
1.83139e-03
2.45528e-03
2.64975e-03
2.32648e-03
1.59372e-03
6.78602e-04
-2.33913e-04
-1.10916e-03
-1.92374e-03
-2.50736e-03
-2.60903e-03
-2.08183e-03
-9.89431e-04
3.95746e-04
1.70074e-03
2.61911e-03
2.99876e-03
2.88476e-03
2.44816e-03
1.81177e-03
1.10814e-03
5.67771e-04
3.50568e-04
4.63851e-04
8.36327e-04
1.26402e-03
1.40080e-03
1.02249e-03
1.42603e-04
-1.13469e-03
-2.60257e-03
-3.90613e-03
-4.67360e-03
-4.62570e-03
-3.70085e-03
-2.17297e-03
-4.49940e-04
1.20705e-03
2.60471e-03
3.51667e-03
3.86326e-03
3.73876e-03
3.25788e-03
2.61545e-03
2.03357e-03
1.47668e-03
7.61714e-04
-2.22057e-04
-1.57169e-03
-3.08196e-03
-4.10401e-03
-4.23590e-03
-3.52575e-03
-2.06559e-03
-2.13413e-04
1.36472e-03
2.28177e-03
2.46514e-03
1.90156e-03
7.59993e-04
-5.94070e-04
-1.74832e-03
-2.38770e-03
-2.52680e-03
-2.44943e-03
-2.32808e-03
-2.16447e-03
-1.96108e-03
-1.70488e-03
-1.38603e-03
-1.09237e-03
-8.98061e-04
-7.83956e-04
-6.96589e-04
-5.07822e-04
-5.68597e-05
6.47387e-04
1.38677e-03
1.92121e-03
2.12073e-03
1.92326e-03
1.33318e-03
5.23480e-04
-2.55425e-04
-8.62286e-04
-1.21378e-03
-1.20761e-03
-7.84913e-04
5.22235e-05
1.15662e-03
2.13329e-03
2.66706e-03
2.83405e-03
2.73417e-03
2.28744e-03
1.60677e-03
9.55603e-04
4.32118e-04
1.33088e-04
2.52088e-04
8.27767e-04
1.64201e-03
2.31326e-03
2.51880e-03
2.19962e-03
1.48039e-03
5.37301e-04
-4.48270e-04
-1.39954e-03
-2.29961e-03
-3.03237e-03
-3.48200e-03
-3.70504e-03
-3.89156e-03
-4.20161e-03
-4.56674e-03
-4.72631e-03
-4.51537e-03
-3.89099e-03
-2.79997e-03
-1.33544e-03
2.42411e-04
1.75732e-03
3.12388e-03
4.23854e-03
5.01471e-03
5.38904e-03
5.33737e-03
4.95702e-03
4.40180e-03
3.72939e-03
2.90652e-03
1.88324e-03
6.86069e-04
-5.03241e-04
-1.46295e-03
-2.06072e-03
-2.22339e-03
-1.94889e-03
-1.34819e-03
-6.29883e-04
-5.28003e-05
2.27039e-04
2.69084e-04
2.42561e-04
3.02641e-04
5.70022e-04
1.04249e-03
1.47093e-03
1.46434e-03
8.89281e-04
4.28352e-05
-7.15356e-04
-1.25862e-03
-1.61912e-03
-1.87747e-03
-2.04464e-03
-2.05762e-03
-1.97652e-03
-1.95577e-03
-2.03998e-03
-2.18144e-03
-2.27973e-03
-2.14999e-03
-1.62723e-03
-7.01491e-04
4.58895e-04
1.55506e-03
2.28811e-03
2.49317e-03
2.14148e-03
1.36609e-03
4.74488e-04
-2.62451e-04
-7.21955e-04
-7.83034e-04
-4.30373e-04
3.00243e-05
2.01707e-04
-4.12317e-05
-5.20377e-04
-9.55976e-04
-1.17237e-03
-1.11541e-03
-8.27656e-04
-4.83084e-04
-2.59930e-04
-1.81728e-04
-1.99613e-04
-3.31558e-04
-6.34459e-04
-1.09597e-03
-1.55854e-03
-1.78862e-03
-1.69692e-03
-1.37853e-03
-9.16036e-04
-3.10201e-04
3.86005e-04
1.00080e-03
1.38045e-03
1.51912e-03
1.50128e-03
1.38796e-03
1.22035e-03
1.07693e-03
9.98087e-04
9.64727e-04
1.07361e-03
1.46091e-03
2.00016e-03
2.40874e-03
2.56517e-03
2.46896e-03
2.14439e-03
1.73061e-03
1.39928e-03
1.19880e-03
1.15578e-03
1.34984e-03
1.74975e-03
2.14285e-03
2.28775e-03
2.07033e-03
1.52272e-03
7.32168e-04
-2.21327e-04
-1.21764e-03
-2.08711e-03
-2.69165e-03
-2.94884e-03
-2.84487e-03
-2.48176e-03
-2.01905e-03
-1.53237e-03
-1.02464e-03
-5.52682e-04
-2.58579e-04
-2.38709e-04
-4.19634e-04
-6.82917e-04
-1.00439e-03
-1.30747e-03
-1.42120e-03
-1.29725e-03
-1.07295e-03
-9.10050e-04
-8.37773e-04
-7.19722e-04
-3.87995e-04
1.75552e-04
8.15888e-04
1.41402e-03
1.98270e-03
2.47844e-03
2.77868e-03
2.86314e-03
2.79027e-03
2.53541e-03
1.99241e-03
1.17660e-03
3.17143e-04
-4.08090e-04
-1.04678e-03
-1.61772e-03
-1.95934e-03
-1.96624e-03
-1.75411e-03
-1.48506e-03
-1.16906e-03
-7.33683e-04
-1.66394e-04
4.93812e-04
1.18920e-03
1.80888e-03
2.16553e-03
2.11065e-03
1.70492e-03
1.12600e-03
4.86320e-04
-1.03346e-04
-5.39265e-04
-8.41496e-04
-1.04660e-03
-1.12328e-03
-1.10630e-03
-1.11855e-03
-1.22001e-03
-1.34510e-03
-1.37854e-03
-1.25480e-03
-1.00939e-03
-7.26878e-04
-4.25727e-04
-2.45102e-05
4.80309e-04
9.29227e-04
1.23980e-03
1.44956e-03
1.50608e-03
1.36103e-03
1.05735e-03
5.32368e-04
-3.06187e-04
-1.36422e-03
-2.42136e-03
-3.27348e-03
-3.84460e-03
-4.18450e-03
-4.32216e-03
-4.21388e-03
-3.77691e-03
-2.98597e-03
-1.96831e-03
-8.36372e-04
4.05086e-04
1.68022e-03
2.83396e-03
3.73994e-03
4.32233e-03
4.55830e-03
4.44351e-03
4.01044e-03
3.40167e-03
2.81241e-03
2.37501e-03
2.09290e-03
1.84715e-03
1.49166e-03
9.44646e-04
2.27890e-04
-5.59825e-04
-1.28157e-03
-1.75861e-03
-1.93429e-03
-1.97930e-03
-2.04768e-03
-2.15077e-03
-2.27619e-03
-2.40324e-03
-2.48081e-03
-2.48081e-03
-2.41011e-03
-2.25890e-03
-2.00567e-03
-1.69566e-03
-1.41246e-03
-1.10463e-03
-6.23459e-04
-6.05834e-05
3.09524e-04
4.08354e-04
2.24736e-04
-3.15255e-04
-1.07787e-03
-1.80548e-03
-2.38786e-03
-2.76566e-03
-2.81890e-03
-2.44161e-03
-1.67105e-03
-7.41716e-04
9.02897e-05
7.41267e-04
1.27032e-03
1.71688e-03
2.01641e-03
2.10221e-03
1.99684e-03
1.75274e-03
1.33665e-03
6.66125e-04
-1.72865e-04
-9.19134e-04
-1.32988e-03
-1.26680e-03
-7.35403e-04
1.48585e-04
1.21697e-03
2.23979e-03
3.01998e-03
3.39708e-03
3.20537e-03
2.49646e-03
1.59905e-03
8.07063e-04
2.58908e-04
-1.14129e-05
-1.69580e-04
-5.07093e-04
-1.16194e-03
-2.05732e-03
-2.97368e-03
-3.65905e-03
-4.04232e-03
-4.12657e-03
-3.76752e-03
-2.94445e-03
-1.94035e-03
-1.00713e-03
-2.35204e-04
2.97873e-04
5.69670e-04
6.31141e-04
5.13771e-04
2.92673e-04
1.21427e-04
5.87532e-05
-1.01622e-05
-2.47250e-04
-7.41391e-04
-1.43072e-03
-2.10756e-03
-2.55760e-03
-2.63698e-03
-2.23416e-03
-1.30577e-03
3.21994e-05
1.50792e-03
2.83609e-03
3.87010e-03
4.57027e-03
4.92061e-03
4.93948e-03
4.64864e-03
4.05163e-03
3.23918e-03
2.40375e-03
1.70593e-03
1.24297e-03
1.05672e-03
1.06535e-03
1.12863e-03
1.17893e-03
1.19928e-03
1.19557e-03
1.19569e-03
1.18555e-03
1.12417e-03
1.02152e-03
9.21419e-04
8.85632e-04
9.63632e-04
1.08716e-03
1.03066e-03
6.54372e-04
1.76687e-04
-1.55122e-04
-4.44856e-04
-7.49865e-04
-8.96292e-04
-9.35280e-04
-1.08101e-03
-1.33984e-03
-1.63049e-03
-1.90685e-03
-2.06831e-03
-2.01524e-03
-1.65958e-03
-9.53865e-04
-9.09369e-06
1.02279e-03
2.02132e-03
2.82817e-03
3.38042e-03
3.69512e-03
3.69727e-03
3.40929e-03
3.06299e-03
2.66671e-03
2.00364e-03
1.18399e-03
3.69357e-04
-6.38403e-04
-1.81191e-03
-2.70875e-03
-3.05219e-03
-2.87089e-03
-2.29542e-03
-1.39516e-03
-1.54641e-04
1.26392e-03
2.55739e-03
3.58651e-03
4.26040e-03
4.40298e-03
3.96318e-03
3.11451e-03
2.10479e-03
1.14947e-03
4.05260e-04
-1.08313e-04
-4.56474e-04
-6.79731e-04
-8.41013e-04
-9.96567e-04
-1.11841e-03
-1.17872e-03
-1.16288e-03
-9.54549e-04
-4.46627e-04
2.27161e-04
8.25745e-04
1.24053e-03
1.44742e-03
1.41337e-03
1.16709e-03
8.66888e-04
6.72061e-04
6.13482e-04
7.08788e-04
1.00789e-03
1.47588e-03
2.03766e-03
2.61351e-03
3.02061e-03
3.07022e-03
2.75749e-03
2.21576e-03
1.60741e-03
1.05088e-03
5.56641e-04
8.16371e-05
-3.93359e-04
-8.94497e-04
-1.44256e-03
-2.00333e-03
-2.52925e-03
-2.94812e-03
-3.11942e-03
-2.96827e-03
-2.61477e-03
-2.23436e-03
-1.89907e-03
-1.64674e-03
-1.54893e-03
-1.63218e-03
-1.86941e-03
-2.19811e-03
-2.45700e-03
-2.43385e-03
-2.03216e-03
-1.31641e-03
-4.43140e-04
3.71911e-04
9.78927e-04
1.39556e-03
1.63699e-03
1.63715e-03
1.42910e-03
1.15920e-03
9.04406e-04
6.77518e-04
5.52324e-04
6.34784e-04
9.66429e-04
1.50114e-03
2.09613e-03
2.52729e-03
2.60210e-03
2.28663e-03
1.69759e-03
1.01273e-03
4.46400e-04
1.46890e-04
4.29939e-05
1.05893e-05
8.19847e-05
1.69650e-04
2.81372e-05
-2.37998e-04
-3.85708e-04
-5.27490e-04
-6.38221e-04
-4.88014e-04
-2.96448e-04
-3.08866e-04
-3.31067e-04
-3.26539e-04
-4.51271e-04
-6.47930e-04
-8.33891e-04
-9.49264e-04
-8.98716e-04
-7.75281e-04
-8.01247e-04
-1.09908e-03
-1.60183e-03
-2.15126e-03
-2.71545e-03
-3.18342e-03
-3.25074e-03
-2.94334e-03
-2.54365e-03
-2.03698e-03
-1.45504e-03
-1.07405e-03
-8.67032e-04
-6.31939e-04
-3.95287e-04
-2.17518e-04
-1.24825e-04
-1.32988e-04
-1.16697e-04
-3.73724e-05
-3.63454e-05
-8.61542e-05
-5.46113e-06
2.20260e-04
4.75577e-04
7.45710e-04
9.67788e-04
8.71518e-04
3.56647e-04
-3.21018e-04
-8.48493e-04
-1.06437e-03
-1.03751e-03
-8.93998e-04
-6.00454e-04
-1.62425e-04
3.13065e-04
7.82058e-04
1.08744e-03
9.76247e-04
5.46516e-04
2.00051e-04
1.07977e-04
1.31538e-04
2.15346e-04
5.04346e-04
9.74569e-04
1.31244e-03
1.30802e-03
9.92015e-04
4.73846e-04
-7.58678e-05
-5.26787e-04
-8.59581e-04
-1.01324e-03
-9.71140e-04
-8.57385e-04
-6.94153e-04
-4.84281e-04
-4.17226e-04
-5.02202e-04
-4.99856e-04
-4.66285e-04
-7.41039e-04
-1.33232e-03
-1.79353e-03
-1.82119e-03
-1.58483e-03
-1.32808e-03
-1.14861e-03
-1.12058e-03
-1.15181e-03
-9.81444e-04
-4.95956e-04
1.02964e-04
4.41433e-04
4.73470e-04
5.10043e-04
6.18719e-04
7.32855e-04
9.44276e-04
1.26370e-03
1.55700e-03
1.55405e-03
1.24813e-03
1.06509e-03
1.06889e-03
1.04008e-03
9.94783e-04
8.49794e-04
5.25468e-04
1.63987e-04
-8.70012e-05
-6.36500e-05
2.10659e-04
3.66002e-04
2.54836e-04
1.47537e-04
1.75594e-04
2.94455e-04
4.78171e-04
5.53457e-04
3.76086e-04
-2.03614e-05
-4.80766e-04
-7.54170e-04
-8.18841e-04
-8.10994e-04
-7.74208e-04
-7.56542e-04
-6.79977e-04
-4.60899e-04
-2.33419e-04
-8.84447e-05
-8.58900e-05
-2.95904e-04
-5.45631e-04
-5.73764e-04
-3.40287e-04
-3.32139e-05
6.09116e-05
-2.02416e-04
-6.83050e-04
-1.14239e-03
-1.44419e-03
-1.59880e-03
-1.68302e-03
-1.71844e-03
-1.64972e-03
-1.40703e-03
-1.01511e-03
-5.72567e-04
-1.44135e-04
1.98593e-04
3.99911e-04
5.02482e-04
5.68869e-04
6.35744e-04
6.97731e-04
7.23953e-04
7.52266e-04
7.83677e-04
7.69793e-04
8.50913e-04
1.14955e-03
1.48492e-03
1.68869e-03
1.74677e-03
1.66694e-03
1.54911e-03
1.42722e-03
1.21045e-03
9.19295e-04
6.09313e-04
3.33932e-04
1.91832e-04
1.44223e-04
8.09628e-05
-2.22753e-05
-1.53293e-04
-2.75993e-04
-3.66318e-04
-3.61902e-04
-1.39020e-04
2.38834e-04
5.90302e-04
9.27885e-04
1.25016e-03
1.40403e-03
1.39722e-03
1.33110e-03
1.17150e-03
9.20214e-04
6.58042e-04
3.94980e-04
1.29002e-04
-1.11837e-04
-3.27184e-04
-4.94175e-04
-5.32814e-04
-3.98474e-04
-1.38997e-04
1.50023e-04
3.52215e-04
3.07832e-04
-6.97869e-05
-6.24869e-04
-1.09159e-03
-1.38904e-03
-1.56460e-03
-1.55313e-03
-1.31457e-03
-1.00527e-03
-7.47416e-04
-5.09751e-04
-2.92969e-04
-1.32544e-04
-1.67977e-05
5.93662e-05
1.00010e-04
1.34118e-04
1.47886e-04
8.09600e-05
-7.44421e-05
-2.80137e-04
-5.14788e-04
-6.83912e-04
-6.37987e-04
-4.31212e-04
-2.58448e-04
-1.63020e-04
-1.09488e-04
-3.88471e-05
1.85260e-04
5.56679e-04
8.97071e-04
1.08045e-03
1.00255e-03
6.17879e-04
1.39713e-04
-1.61579e-04
-2.53812e-04
-1.68010e-04
1.34933e-04
6.03292e-04
1.15062e-03
1.72419e-03
2.17492e-03
2.36788e-03
2.32025e-03
2.07049e-03
1.68451e-03
1.28200e-03
8.67312e-04
4.06188e-04
-1.92763e-05
-3.48136e-04
-5.96692e-04
-7.80577e-04
-9.34296e-04
-1.06959e-03
-1.11226e-03
-9.52825e-04
-5.04629e-04
2.42938e-04
1.15339e-03
1.98143e-03
2.55031e-03
2.84234e-03
2.86117e-03
2.56730e-03
2.01142e-03
1.34526e-03
7.07868e-04
1.94637e-04
-1.52843e-04
-3.67909e-04
-5.26880e-04
-6.96205e-04
-8.94109e-04
-1.07237e-03
-1.15657e-03
-1.11994e-03
-9.66640e-04
-6.73537e-04
-2.26692e-04
3.16495e-04
8.70720e-04
1.37847e-03
1.75047e-03
1.86812e-03
1.71576e-03
1.39460e-03
9.98313e-04
5.88812e-04
2.39954e-04
-6.74861e-06
-2.09153e-04
-4.60983e-04
-7.62390e-04
-1.02536e-03
-1.19812e-03
-1.30855e-03
-1.36389e-03
-1.31372e-03
-1.16194e-03
-9.97302e-04
-8.50549e-04
-6.77431e-04
-5.04050e-04
-4.14108e-04
-4.46805e-04
-5.98335e-04
-8.53080e-04
-1.19790e-03
-1.58459e-03
-1.89699e-03
-2.03148e-03
-1.96761e-03
-1.75290e-03
-1.44189e-03
-1.08264e-03
-7.71654e-04
-6.09809e-04
-6.13661e-04
-7.59431e-04
-1.02415e-03
-1.34005e-03
-1.57980e-03
-1.59926e-03
-1.32197e-03
-8.22548e-04
-2.37147e-04
3.57764e-04
8.89965e-04
1.24235e-03
1.37335e-03
1.38881e-03
1.37291e-03
1.29749e-03
1.14167e-03
9.24388e-04
6.69840e-04
3.98681e-04
1.19849e-04
-1.35676e-04
-3.04780e-04
-3.62443e-04
-3.66931e-04
-3.94403e-04
-4.61075e-04
-5.51746e-04
-6.77156e-04
-8.31591e-04
-9.50943e-04
-9.95754e-04
-9.93778e-04
-9.92735e-04
-1.04431e-03
-1.17401e-03
-1.31874e-03
-1.35574e-03
-1.21436e-03
-9.20613e-04
-5.37781e-04
-1.13639e-04
3.24403e-04
7.25497e-04
1.00500e-03
1.13941e-03
1.19920e-03
1.22669e-03
1.19963e-03
1.11730e-03
9.97110e-04
8.19052e-04
5.66871e-04
2.83613e-04
4.41633e-05
-1.09053e-04
-1.53369e-04
-5.32860e-05
1.72662e-04
4.03096e-04
4.91695e-04
3.62230e-04
5.02576e-05
-3.20483e-04
-6.22911e-04
-7.86728e-04
-8.19656e-04
-8.00378e-04
-8.05858e-04
-8.51112e-04
-8.78587e-04
-7.82201e-04
-5.22381e-04
-1.70389e-04
2.01705e-04
5.48864e-04
7.85526e-04
8.51875e-04
8.02401e-04
7.20840e-04
6.37935e-04
5.86044e-04
6.44160e-04
8.75408e-04
1.26043e-03
1.70479e-03
2.10382e-03
2.38295e-03
2.47658e-03
2.38686e-03
2.24641e-03
2.16697e-03
2.09121e-03
1.90758e-03
1.58941e-03
1.17211e-03
6.92567e-04
1.74444e-04
-3.71201e-04
-9.45019e-04
-1.52170e-03
-2.02468e-03
-2.36419e-03
-2.50583e-03
-2.51983e-03
-2.49916e-03
-2.44715e-03
-2.34948e-03
-2.22712e-03
-2.05489e-03
-1.80343e-03
-1.51482e-03
-1.24525e-03
-1.03653e-03
-9.01019e-04
-7.78713e-04
-6.06629e-04
-3.70442e-04
-4.18414e-05
3.81622e-04
7.98294e-04
1.06618e-03
1.11266e-03
1.00379e-03
8.67676e-04
7.13073e-04
4.83252e-04
2.39165e-04
6.96666e-05
-2.44107e-05
-3.18249e-05
1.08416e-04
4.39922e-04
9.58544e-04
1.59700e-03
2.25473e-03
2.83601e-03
3.19332e-03
3.15118e-03
2.70394e-03
2.03910e-03
1.30873e-03
5.55235e-04
-1.61170e-04
-7.41599e-04
-1.14462e-03
-1.41739e-03
-1.61229e-03
-1.72833e-03
-1.75584e-03
-1.70269e-03
-1.56058e-03
-1.31454e-03
-9.90476e-04
-6.75667e-04
-4.69562e-04
-3.88389e-04
-3.91435e-04
-4.64816e-04
-5.64156e-04
-6.09154e-04
-6.07794e-04
-6.54805e-04
-8.09243e-04
-1.02675e-03
-1.20901e-03
-1.31248e-03
-1.36107e-03
-1.37132e-03
-1.33332e-03
-1.25507e-03
-1.16888e-03
-1.04612e-03
-8.14842e-04
-5.38657e-04
-3.78053e-04
-3.44799e-04
-3.26943e-04
-2.70881e-04
-1.83775e-04
-7.47829e-05
3.75187e-05
1.21181e-04
1.60264e-04
1.62702e-04
1.49663e-04
1.65285e-04
2.26263e-04
2.59279e-04
2.16935e-04
1.62011e-04
1.36975e-04
1.19569e-04
9.85886e-05
7.73965e-05
7.07647e-05
1.16051e-04
2.25372e-04
3.28462e-04
2.99692e-04
7.96466e-05
-2.47777e-04
-5.73264e-04
-8.66370e-04
-1.07117e-03
-1.07761e-03
-9.02884e-04
-6.85098e-04
-4.70851e-04
-2.36232e-04
-5.11214e-06
2.05811e-04
3.89915e-04
5.07142e-04
5.55512e-04
5.76516e-04
5.95764e-04
6.45714e-04
7.58429e-04
8.79649e-04
9.05112e-04
8.13216e-04
6.23992e-04
3.14362e-04
-1.24654e-04
-6.65920e-04
-1.25824e-03
-1.83465e-03
-2.36540e-03
-2.81309e-03
-3.09253e-03
-3.17694e-03
-3.11832e-03
-2.93074e-03
-2.60075e-03
-2.18338e-03
-1.78564e-03
-1.46667e-03
-1.19443e-03
-9.20964e-04
-6.50200e-04
-3.91804e-04
-1.36387e-04
9.75112e-05
2.96660e-04
5.14406e-04
7.66773e-04
9.60651e-04
1.01790e-03
9.60378e-04
8.42323e-04
6.74658e-04
4.41082e-04
1.30157e-04
-2.55139e-04
-6.59398e-04
-9.80600e-04
-1.13363e-03
-1.09518e-03
-9.34090e-04
-7.79330e-04
-7.11321e-04
-7.10016e-04
-7.22880e-04
-7.43591e-04
-7.84453e-04
-8.11017e-04
-7.56609e-04
-5.86406e-04
-3.22349e-04
-2.45520e-06
3.37747e-04
6.49986e-04
8.96727e-04
1.06739e-03
1.16552e-03
1.18494e-03
1.09956e-03
9.14493e-04
6.51554e-04
2.94397e-04
-1.51314e-04
-6.34544e-04
-1.09342e-03
-1.47986e-03
-1.79750e-03
-2.02058e-03
-2.06547e-03
-1.94038e-03
-1.73900e-03
-1.48038e-03
-1.13627e-03
-7.48352e-04
-3.82971e-04
-2.26470e-05
3.94782e-04
8.29408e-04
1.14484e-03
1.25936e-03
1.20587e-03
1.05122e-03
8.25259e-04
5.60450e-04
2.94181e-04
-1.24535e-05
-4.15963e-04
-8.86612e-04
-1.35519e-03
-1.77177e-03
-2.10049e-03
-2.30030e-03
-2.31729e-03
-2.14534e-03
-1.86177e-03
-1.52153e-03
-1.14659e-03
-8.50962e-04
-7.20929e-04
-6.52915e-04
-5.40842e-04
-4.02438e-04
-2.47466e-04
-5.96551e-05
1.43681e-04
3.24800e-04
4.20806e-04
3.93156e-04
2.78693e-04
9.90445e-05
-1.30040e-04
-3.35500e-04
-4.73853e-04
-5.17192e-04
-4.13686e-04
-1.95401e-04
4.85269e-05
2.96424e-04
5.35456e-04
6.78841e-04
6.51103e-04
4.59044e-04
1.59134e-04
-1.82904e-04
-5.11023e-04
-7.81931e-04
-9.67476e-04
-1.06092e-03
-1.08365e-03
-1.04751e-03
-9.19623e-04
-7.11457e-04
-5.28607e-04
-4.27943e-04
-3.57741e-04
-2.62990e-04
-1.21993e-04
6.46231e-05
2.71533e-04
4.75201e-04
6.56275e-04
7.74355e-04
8.02668e-04
7.67283e-04
7.12777e-04
6.63838e-04
6.36531e-04
6.42669e-04
6.57713e-04
6.43258e-04
5.81517e-04
4.74125e-04
3.68998e-04
3.08316e-04
2.66985e-04
2.33026e-04
1.99807e-04
1.26088e-04
2.31340e-05
-6.50826e-05
-1.59325e-04
-2.94284e-04
-4.36293e-04
-5.15625e-04
-4.69830e-04
-2.51703e-04
9.50755e-05
4.58415e-04
7.84835e-04
1.04418e-03
1.20387e-03
1.29585e-03
1.33982e-03
1.30862e-03
1.20479e-03
1.04060e-03
8.16757e-04
5.80276e-04
3.97903e-04
2.93775e-04
2.85000e-04
4.07034e-04
6.38928e-04
9.03946e-04
1.11867e-03
1.21472e-03
1.21872e-03
1.20919e-03
1.18700e-03
1.14397e-03
1.12553e-03
1.13742e-03
1.14499e-03
1.13900e-03
1.11194e-03
1.04011e-03
9.14201e-04
7.50542e-04
5.86280e-04
4.48852e-04
3.28399e-04
2.44994e-04
2.67847e-04
3.82583e-04
5.06967e-04
6.38005e-04
7.91316e-04
9.28029e-04
1.05227e-03
1.18746e-03
1.29477e-03
1.34690e-03
1.36605e-03
1.35504e-03
1.28510e-03
1.15611e-03
9.99361e-04
8.33892e-04
6.87289e-04
6.14031e-04
6.32395e-04
6.77817e-04
6.73916e-04
6.17223e-04
5.53997e-04
5.49657e-04
6.37612e-04
7.49839e-04
7.87354e-04
7.08146e-04
5.27638e-04
3.21025e-04
1.88643e-04
1.65063e-04
2.14000e-04
3.13305e-04
4.54184e-04
5.68725e-04
5.86881e-04
5.32018e-04
4.46689e-04
3.54763e-04
3.40344e-04
4.97200e-04
8.29910e-04
1.23682e-03
1.58311e-03
1.80359e-03
1.84191e-03
1.66823e-03
1.39276e-03
1.11285e-03
8.33748e-04
6.18210e-04
5.34912e-04
5.66603e-04
6.85928e-04
8.60976e-04
1.00955e-03
1.00320e-03
7.65366e-04
3.61448e-04
-9.00498e-05
-4.83775e-04
-7.34211e-04
-8.20499e-04
-7.54981e-04
-5.58695e-04
-3.00242e-04
-6.98267e-05
9.41814e-05
2.18963e-04
3.38985e-04
4.45597e-04
5.14672e-04
5.02849e-04
3.69909e-04
1.51063e-04
-9.97476e-05
-4.00076e-04
-7.74070e-04
-1.18520e-03
-1.60283e-03
-2.04438e-03
-2.47143e-03
-2.76579e-03
-2.90507e-03
-2.96802e-03
-2.96600e-03
-2.86289e-03
-2.69902e-03
-2.55021e-03
-2.42068e-03
-2.30304e-03
-2.20695e-03
-2.04799e-03
-1.74477e-03
-1.35657e-03
-9.67714e-04
-6.31931e-04
-4.09946e-04
-3.20296e-04
-3.49134e-04
-4.72141e-04
-6.27150e-04
-7.41858e-04
-7.59160e-04
-6.45256e-04
-4.29650e-04
-1.65654e-04
1.13470e-04
3.38819e-04
4.54543e-04
4.96931e-04
5.14865e-04
5.19640e-04
5.05853e-04
4.61598e-04
4.20554e-04
4.08117e-04
3.84997e-04
3.83153e-04
4.86669e-04
6.52015e-04
7.68149e-04
7.95797e-04
7.55105e-04
6.47083e-04
4.42530e-04
1.84507e-04
-2.33680e-05
-1.79012e-04
-3.75098e-04
-6.11499e-04
-8.05274e-04
-9.43734e-04
-1.04407e-03
-1.09547e-03
-1.11315e-03
-1.15918e-03
-1.30461e-03
-1.49049e-03
-1.55917e-03
-1.47705e-03
-1.29774e-03
-1.07564e-03
-8.99428e-04
-8.11023e-04
-8.03024e-04
-8.64923e-04
-9.33806e-04
-9.40725e-04
-8.58413e-04
-6.74441e-04
-4.06376e-04
-9.50361e-05
2.15331e-04
4.92232e-04
7.34242e-04
9.15946e-04
1.02265e-03
1.09881e-03
1.15805e-03
1.19260e-03
1.23642e-03
1.28537e-03
1.28178e-03
1.23167e-03
1.18051e-03
1.12037e-03
1.03301e-03
9.30406e-04
8.10624e-04
6.97042e-04
6.55268e-04
6.86226e-04
7.32924e-04
7.53527e-04
6.90881e-04
5.19986e-04
2.97558e-04
5.72425e-05
-2.19094e-04
-5.04206e-04
-7.14328e-04
-8.23633e-04
-8.97243e-04
-9.36513e-04
-8.62317e-04
-7.05742e-04
-5.51900e-04
-3.84244e-04
-1.97409e-04
-6.71294e-05
-1.00859e-05
4.17600e-05
9.39821e-05
1.11499e-04
1.39497e-04
1.89503e-04
2.18304e-04
2.64192e-04
3.36148e-04
3.98119e-04
4.95037e-04
6.45482e-04
8.28697e-04
1.06360e-03
1.33471e-03
1.61880e-03
1.89903e-03
2.11594e-03
2.25371e-03
2.30914e-03
2.20173e-03
1.91171e-03
1.53906e-03
1.15219e-03
7.38311e-04
3.15416e-04
-1.02273e-05
-1.64281e-04
-1.86249e-04
-1.27211e-04
3.84222e-06
1.79247e-04
3.36491e-04
4.43952e-04
5.39905e-04
6.54927e-04
7.26687e-04
6.93898e-04
6.15194e-04
5.63069e-04
5.10566e-04
4.36486e-04
3.61680e-04
2.88548e-04
2.22759e-04
1.46815e-04
2.95538e-05
-1.12705e-04
-3.15389e-04
-6.10666e-04
-8.45892e-04
-8.88727e-04
-8.02419e-04
-6.06940e-04
-2.71028e-04
1.06320e-04
4.50919e-04
8.18788e-04
1.16736e-03
1.35623e-03
1.39300e-03
1.33758e-03
1.14496e-03
8.31871e-04
4.97433e-04
1.64462e-04
-1.82500e-04
-4.91904e-04
-6.40022e-04
-5.81869e-04
-4.12474e-04
-1.58706e-04
1.97656e-04
5.10424e-04
6.43567e-04
6.50669e-04
6.10037e-04
5.32676e-04
4.65098e-04
4.75431e-04
5.06408e-04
4.53303e-04
3.37823e-04
2.07698e-04
5.25427e-05
-7.68332e-05
-1.06352e-04
-5.37243e-05
4.51152e-05
2.04045e-04
3.81929e-04
4.49517e-04
3.75252e-04
2.64616e-04
1.50330e-04
-3.44653e-05
-2.80391e-04
-4.58756e-04
-4.81299e-04
-4.11168e-04
-3.49573e-04
-2.97462e-04
-1.86157e-04
-5.28906e-05
-5.24622e-05
-1.65148e-04
-2.06735e-04
-1.80003e-04
-1.68885e-04
-1.01964e-04
2.44845e-05
1.12794e-04
1.97863e-04
3.48045e-04
5.25585e-04
6.95954e-04
8.59975e-04
1.02467e-03
1.19639e-03
1.33125e-03
1.38965e-03
1.40041e-03
1.37937e-03
1.30393e-03
1.19568e-03
1.10793e-03
1.02539e-03
9.15390e-04
8.13433e-04
7.65015e-04
7.81621e-04
8.36621e-04
8.77745e-04
8.75977e-04
8.41622e-04
8.02906e-04
7.68591e-04
7.22441e-04
6.68594e-04
6.19551e-04
5.75473e-04
5.45146e-04
5.15169e-04
4.24040e-04
2.47801e-04
5.19854e-05
-1.27954e-04
-3.45178e-04
-5.92036e-04
-8.06655e-04
-1.04488e-03
-1.34786e-03
-1.61296e-03
-1.83344e-03
-2.09029e-03
-2.26581e-03
-2.21246e-03
-2.02842e-03
-1.84791e-03
-1.67249e-03
-1.51552e-03
-1.41740e-03
-1.35473e-03
-1.28110e-03
-1.18457e-03
-1.07044e-03
-9.31653e-04
-7.63208e-04
-5.88605e-04
-4.41697e-04
-3.10915e-04
-1.65882e-04
-2.64632e-06
1.42878e-04
1.79923e-04
1.10948e-04
8.80774e-05
1.42844e-04
2.02649e-04
3.48094e-04
6.21977e-04
8.88042e-04
1.10200e-03
1.29735e-03
1.39542e-03
1.34508e-03
1.20614e-03
1.00793e-03
7.57957e-04
4.95694e-04
2.22541e-04
-5.54250e-05
-2.43450e-04
-2.92662e-04
-3.03264e-04
-3.76744e-04
-5.34457e-04
-7.60487e-04
-1.00079e-03
-1.19506e-03
-1.32164e-03
-1.37887e-03
-1.34706e-03
-1.17548e-03
-8.82257e-04
-5.71975e-04
-2.68885e-04
6.84842e-06
1.28779e-04
5.99050e-05
-1.15277e-04
-3.30838e-04
-5.35182e-04
-6.95716e-04
-7.85376e-04
-7.67249e-04
-6.48111e-04
-4.42654e-04
-1.64498e-04
1.35482e-04
4.12791e-04
6.50411e-04
8.57117e-04
1.06677e-03
1.28050e-03
1.45018e-03
1.52724e-03
1.46264e-03
1.20841e-03
8.07445e-04
4.06498e-04
9.06718e-05
-1.54651e-04
-3.01587e-04
-3.23607e-04
-2.83822e-04
-2.43586e-04
-2.50274e-04
-3.38099e-04
-4.62618e-04
-5.65940e-04
-6.22655e-04
-6.06287e-04
-5.19586e-04
-3.88919e-04
-2.41915e-04
-1.22706e-04
-6.93542e-05
-8.98578e-05
-1.87264e-04
-3.49086e-04
-5.23422e-04
-6.48559e-04
-7.18931e-04
-7.72045e-04
-8.19224e-04
-8.65142e-04
-9.24251e-04
-9.59531e-04
-8.99231e-04
-7.05018e-04
-4.21530e-04
-1.76680e-04
-3.27626e-05
7.07123e-05
1.47319e-04
1.54545e-04
1.28328e-04
1.35072e-04
1.98121e-04
3.11893e-04
4.30181e-04
4.85648e-04
4.83136e-04
4.97022e-04
5.40025e-04
5.41830e-04
4.74226e-04
3.91478e-04
3.29041e-04
2.37832e-04
8.20968e-05
-8.53010e-05
-2.08205e-04
-3.01649e-04
-3.90650e-04
-4.41367e-04
-4.06651e-04
-2.96379e-04
-1.42960e-04
1.80021e-05
1.63228e-04
3.30522e-04
5.42351e-04
7.25642e-04
8.05030e-04
8.09563e-04
8.34873e-04
8.98820e-04
8.80130e-04
7.03563e-04
5.08784e-04
4.14758e-04
3.09556e-04
9.96743e-05
-1.21059e-04
-2.54940e-04
-3.08905e-04
-3.00798e-04
-1.98474e-04
-1.83232e-05
1.54475e-04
3.47128e-04
5.57634e-04
5.61898e-04
3.67030e-04
2.52092e-04
1.74343e-04
-2.53087e-05
-2.07563e-04
-2.49540e-04
-2.07066e-04
-1.68886e-04
-1.53473e-04
-7.54889e-05
5.92753e-05
1.34415e-04
1.46531e-04
1.35296e-04
7.03635e-05
-4.37196e-05
-1.61141e-04
-2.31839e-04
-2.08617e-04
-1.00194e-04
5.08961e-05
2.17200e-04
3.34650e-04
3.18005e-04
1.95142e-04
8.07949e-05
7.74006e-06
-6.96127e-05
-1.62924e-04
-2.49739e-04
-3.24299e-04
-3.66107e-04
-3.32832e-04
-2.61251e-04
-2.49161e-04
-3.11469e-04
-3.75107e-04
-3.87960e-04
-3.46488e-04
-2.35258e-04
-6.44111e-05
8.99551e-05
2.06276e-04
3.25642e-04
4.48248e-04
5.54491e-04
6.10311e-04
5.72356e-04
4.41126e-04
2.09496e-04
-1.03642e-04
-4.13107e-04
-6.99840e-04
-9.95453e-04
-1.23143e-03
-1.28793e-03
-1.14082e-03
-8.51062e-04
-4.67021e-04
-4.27672e-05
3.41582e-04
6.30661e-04
7.72932e-04
7.57181e-04
6.52877e-04
4.99836e-04
3.12072e-04
1.63943e-04
7.66189e-05
-6.86981e-06
-9.49705e-05
-1.84060e-04
-2.88640e-04
-3.87254e-04
-4.65809e-04
-4.91649e-04
-4.16811e-04
-2.80785e-04
-1.38449e-04
5.48885e-06
1.41830e-04
2.54877e-04
3.33694e-04
3.98698e-04
4.81267e-04
5.39620e-04
5.36550e-04
4.92503e-04
3.76949e-04
1.62330e-04
-8.86813e-05
-3.16627e-04
-4.85852e-04
-5.65694e-04
-5.60380e-04
-4.75415e-04
-3.39823e-04
-2.21458e-04
-1.71270e-04
-1.95496e-04
-2.42485e-04
-2.82927e-04
-3.47557e-04
-4.11407e-04
-4.47236e-04
-5.05066e-04
-6.05197e-04
-7.02693e-04
-7.36366e-04
-6.85085e-04
-5.71107e-04
-3.94531e-04
-1.54723e-04
1.12014e-04
3.70145e-04
5.92506e-04
7.54210e-04
8.07734e-04
7.19114e-04
6.03907e-04
6.05188e-04
6.54271e-04
6.46075e-04
6.37153e-04
6.73753e-04
7.38627e-04
8.45092e-04
9.93653e-04
1.16237e-03
1.35872e-03
1.59091e-03
1.78789e-03
1.84270e-03
1.74803e-03
1.56512e-03
1.31079e-03
1.00781e-03
7.15998e-04
4.70404e-04
2.82197e-04
1.35142e-04
-1.80262e-05
-2.01052e-04
-3.69481e-04
-4.68150e-04
-5.21628e-04
-5.60924e-04
-5.65402e-04
-5.56811e-04
-5.59510e-04
-5.50579e-04
-5.27088e-04
-4.80055e-04
-4.22414e-04
-4.45127e-04
-5.92222e-04
-8.14690e-04
-1.06675e-03
-1.31079e-03
-1.49024e-03
-1.56334e-03
-1.51892e-03
-1.36455e-03
-1.14072e-03
-9.14667e-04
-7.35324e-04
-6.19632e-04
-5.66503e-04
-5.55449e-04
-5.32425e-04
-4.58468e-04
-3.40110e-04
-1.49789e-04
1.48588e-04
5.06483e-04
8.52947e-04
1.15491e-03
1.38899e-03
1.53312e-03
1.56148e-03
1.47409e-03
1.33257e-03
1.19105e-03
1.02891e-03
7.97449e-04
5.37189e-04
3.76517e-04
3.38577e-04
2.96939e-04
2.16371e-04
2.32700e-04
4.13308e-04
6.15150e-04
6.84425e-04
6.41429e-04
5.52288e-04
3.43540e-04
-5.03950e-05
-4.57497e-04
-7.47490e-04
-1.03741e-03
-1.27839e-03
-1.32704e-03
-1.35443e-03
-1.39943e-03
-1.21961e-03
-9.50231e-04
-8.85061e-04
-8.91222e-04
-7.82629e-04
-6.94737e-04
-7.38589e-04
-7.21873e-04
-5.01813e-04
-2.50955e-04
-6.59568e-05
1.66062e-04
4.41538e-04
6.58076e-04
7.73678e-04
8.17134e-04
8.45838e-04
7.94462e-04
6.03749e-04
4.11892e-04
3.03031e-04
2.26850e-04
2.08300e-04
2.84544e-04
3.98472e-04
4.81205e-04
5.03760e-04
4.55259e-04
3.23733e-04
1.12479e-04
-1.52611e-04
-4.42671e-04
-7.39705e-04
-1.02139e-03
-1.21690e-03
-1.28232e-03
-1.26114e-03
-1.18173e-03
-1.06159e-03
-9.54151e-04
-8.49611e-04
-7.15095e-04
-6.09096e-04
-5.80353e-04
-5.64103e-04
-4.96281e-04
-4.22109e-04
-3.97160e-04
-3.99797e-04
-3.90642e-04
-3.43381e-04
-2.82787e-04
-2.71568e-04
-2.71827e-04
-2.19333e-04
-1.77146e-04
-1.78887e-04
-1.58486e-04
-9.37285e-05
4.46006e-06
1.49051e-04
3.25114e-04
4.87619e-04
6.21779e-04
7.19956e-04
7.43242e-04
6.82938e-04
5.76859e-04
4.48371e-04
3.13624e-04
1.87140e-04
6.78244e-05
-2.73934e-05
-7.45830e-05
-9.59393e-05
-1.47929e-04
-2.63364e-04
-4.18692e-04
-5.55572e-04
-6.31997e-04
-6.30973e-04
-5.51432e-04
-4.07624e-04
-2.17435e-04
-4.34507e-06
2.03358e-04
3.82113e-04
4.92967e-04
5.08826e-04
4.73971e-04
4.37251e-04
3.84019e-04
2.95144e-04
1.74857e-04
2.23357e-05
-1.45432e-04
-2.65387e-04
-2.90415e-04
-2.50004e-04
-1.86450e-04
-9.64779e-05
4.82929e-05
3.05884e-04
6.26947e-04
7.66698e-04
7.13754e-04
7.45165e-04
8.13452e-04
7.31925e-04
6.58445e-04
6.60954e-04
5.84879e-04
4.93584e-04
4.97505e-04
5.01946e-04
4.42950e-04
3.62669e-04
2.71697e-04
1.51193e-04
-6.67920e-06
-1.99938e-04
-3.91747e-04
-4.94207e-04
-4.74501e-04
-3.92877e-04
-2.50955e-04
-2.70731e-05
1.83713e-04
3.09309e-04
3.92744e-04
4.46706e-04
4.71664e-04
5.15468e-04
5.55163e-04
5.26413e-04
4.50650e-04
3.59304e-04
2.72256e-04
2.38848e-04
2.51923e-04
2.72641e-04
3.28674e-04
4.38395e-04
5.68918e-04
7.05088e-04
8.33480e-04
9.24565e-04
9.59992e-04
9.38843e-04
9.09056e-04
8.79759e-04
7.63728e-04
6.02706e-04
5.02563e-04
3.57785e-04
1.14410e-04
-1.22181e-04
-3.76507e-04
-6.61653e-04
-9.02915e-04
-1.13055e-03
-1.31214e-03
-1.34239e-03
-1.25503e-03
-1.10242e-03
-8.97686e-04
-6.97688e-04
-5.18711e-04
-3.48951e-04
-2.60204e-04
-3.15413e-04
-4.82009e-04
-7.25247e-04
-1.00390e-03
-1.22011e-03
-1.31022e-03
-1.28538e-03
-1.18262e-03
-1.07277e-03
-1.00511e-03
-9.64381e-04
-9.53423e-04
-9.82937e-04
-9.93508e-04
-9.48663e-04
-8.64412e-04
-7.15882e-04
-4.92843e-04
-2.39029e-04
2.13271e-05
2.50236e-04
3.92946e-04
4.59573e-04
4.71572e-04
4.37585e-04
4.02713e-04
3.82638e-04
3.47019e-04
2.93759e-04
2.20234e-04
9.94490e-05
-4.43944e-05
-1.43391e-04
-1.93637e-04
-2.18210e-04
-1.94919e-04
-1.48497e-04
-1.31207e-04
-9.88807e-05
-1.43398e-05
7.75329e-05
1.46791e-04
1.70809e-04
1.24282e-04
1.50795e-05
-1.52035e-04
-3.73604e-04
-6.18034e-04
-8.25555e-04
-9.59070e-04
-1.02353e-03
-1.01343e-03
-9.63031e-04
-9.14837e-04
-8.33249e-04
-7.17465e-04
-5.85879e-04
-4.19699e-04
-2.63481e-04
-1.60578e-04
-8.41718e-05
-2.50990e-05
1.05427e-05
2.88859e-05
3.49215e-05
4.89492e-05
1.00789e-04
2.14138e-04
3.71606e-04
5.04006e-04
5.68570e-04
5.66278e-04
5.03741e-04
3.93500e-04
2.52690e-04
1.05849e-04
-4.55354e-05
-2.36741e-04
-4.48439e-04
-6.08937e-04
-6.72028e-04
-6.39085e-04
-5.96446e-04
-6.27833e-04
-6.70665e-04
-6.35608e-04
-5.23611e-04
-3.46196e-04
-1.27610e-04
7.96495e-05
2.43244e-04
3.45372e-04
3.76991e-04
3.43391e-04
2.64339e-04
1.89334e-04
1.68063e-04
2.18989e-04
3.22654e-04
4.43921e-04
5.67516e-04
6.49082e-04
6.27175e-04
5.15537e-04
3.71984e-04
2.33157e-04
1.04853e-04
-3.22617e-05
-1.99542e-04
-4.23929e-04
-7.23751e-04
-1.04391e-03
-1.31744e-03
-1.54869e-03
-1.72714e-03
-1.76979e-03
-1.63221e-03
-1.35344e-03
-9.93230e-04
-6.14686e-04
-2.88526e-04
-4.28743e-05
1.46476e-04
2.91437e-04
3.78155e-04
3.97077e-04
3.24648e-04
1.49328e-04
-7.83158e-05
-2.74806e-04
-3.70622e-04
-3.50666e-04
-2.67295e-04
-1.64885e-04
-5.52314e-05
2.20527e-05
4.11907e-05
1.21652e-05
-7.57688e-05
-2.03288e-04
-3.05523e-04
-3.69639e-04
-3.99808e-04
-3.68212e-04
-2.80532e-04
-1.66158e-04
-4.76638e-05
3.50920e-05
5.70303e-05
2.59015e-05
-5.26763e-05
-1.66531e-04
-2.82536e-04
-3.83500e-04
-4.95460e-04
-6.60183e-04
-8.97581e-04
-1.18388e-03
-1.44560e-03
-1.61290e-03
-1.66722e-03
-1.59869e-03
-1.40788e-03
-1.15316e-03
-8.88572e-04
-6.28880e-04
-4.19259e-04
-3.08350e-04
-2.84034e-04
-3.20322e-04
-3.80782e-04
-3.98107e-04
-3.45879e-04
-2.46948e-04
-1.04549e-04
7.01052e-05
2.32310e-04
3.39440e-04
3.56619e-04
2.78850e-04
1.42551e-04
-2.81931e-05
-2.25049e-04
-4.14063e-04
-5.53016e-04
-6.20470e-04
-6.33428e-04
-6.79326e-04
-8.21923e-04
-9.91565e-04
-1.07222e-03
-1.02052e-03
-8.68204e-04
-6.56030e-04
-3.94936e-04
-1.32585e-04
4.98045e-05
1.45130e-04
1.98247e-04
2.13510e-04
1.74189e-04
1.00153e-04
2.88780e-05
-1.75306e-05
-1.36304e-05
3.71317e-05
1.04013e-04
1.75864e-04
2.23896e-04
2.20885e-04
2.10015e-04
2.48382e-04
3.38955e-04
4.59596e-04
5.94953e-04
7.16247e-04
7.88523e-04
8.26002e-04
8.71765e-04
9.28567e-04
9.66180e-04
9.80716e-04
9.92977e-04
9.95471e-04
9.49506e-04
8.39260e-04
6.74958e-04
4.74554e-04
3.03048e-04
2.21727e-04
2.25462e-04
3.11854e-04
4.63387e-04
6.12887e-04
7.29584e-04
8.14037e-04
8.61300e-04
8.82672e-04
8.72541e-04
7.87964e-04
6.43801e-04
5.18556e-04
4.40680e-04
3.92787e-04
3.69199e-04
3.68577e-04
3.97009e-04
4.70864e-04
5.98610e-04
7.71357e-04
9.40529e-04
1.05788e-03
1.12824e-03
1.16561e-03
1.15445e-03
1.07466e-03
9.27579e-04
7.40023e-04
5.40605e-04
3.55150e-04
2.18281e-04
1.39865e-04
1.05434e-04
9.80144e-05
9.91294e-05
9.31720e-05
5.73787e-05
-2.62929e-05
-1.50273e-04
-3.03233e-04
-4.80717e-04
-6.67119e-04
-8.31327e-04
-9.44957e-04
-9.99667e-04
-1.00674e-03
-9.78128e-04
-9.05243e-04
-7.83528e-04
-6.46160e-04
-5.34220e-04
-4.57307e-04
-4.18994e-04
-4.31913e-04
-4.81472e-04
-5.27785e-04
-5.41820e-04
-5.16035e-04
-4.68934e-04
-4.21860e-04
-3.68557e-04
-3.01194e-04
-2.15232e-04
-9.23056e-05
7.70958e-05
2.69335e-04
4.43598e-04
5.61967e-04
5.93615e-04
5.29949e-04
3.85624e-04
1.92326e-04
-3.01467e-07
-1.43004e-04
-2.02759e-04
-1.72023e-04
-7.79531e-05
5.23555e-05
2.20932e-04
4.25234e-04
6.44403e-04
8.57162e-04
1.03019e-03
1.12511e-03
1.14590e-03
1.13118e-03
1.09397e-03
1.03991e-03
9.94271e-04
9.40356e-04
8.29295e-04
6.43995e-04
3.92874e-04
1.20967e-04
-1.02954e-04
-2.47897e-04
-2.96991e-04
-2.45460e-04
-1.58381e-04
-1.08034e-04
-9.10333e-05
-7.80764e-05
-7.31629e-05
-7.59541e-05
-3.24898e-05
9.37985e-05
2.60619e-04
4.22731e-04
5.50279e-04
6.03277e-04
5.81726e-04
5.02481e-04
3.68355e-04
2.09656e-04
6.15156e-05
-5.73690e-05
-1.46171e-04
-2.27463e-04
-2.95995e-04
-3.31581e-04
-3.39358e-04
-3.10737e-04
-2.40112e-04
-1.54301e-04
-6.70555e-05
-2.54474e-06
9.99080e-06
-1.10827e-05
-4.05722e-05
-7.03514e-05
-9.00073e-05
-1.01413e-04
-1.03991e-04
-9.81888e-05
-1.11832e-04
-1.51973e-04
-1.95160e-04
-2.29430e-04
-2.36287e-04
-1.93209e-04
-1.05786e-04
1.13341e-05
1.45784e-04
2.67241e-04
3.51839e-04
4.01745e-04
4.24400e-04
4.35959e-04
4.37081e-04
3.97185e-04
3.16180e-04
2.25502e-04
1.33902e-04
3.57567e-05
-7.04533e-05
-1.65479e-04
-2.06017e-04
-1.67771e-04
-5.07005e-05
1.41276e-04
3.72302e-04
5.69985e-04
6.63969e-04
6.33482e-04
5.24600e-04
3.87372e-04
2.24231e-04
4.11908e-05
-1.08634e-04
-1.93156e-04
-2.35812e-04
-2.39435e-04
-2.03718e-04
-1.61338e-04
-1.05176e-04
-1.15815e-05
1.06952e-04
2.50412e-04
4.03760e-04
5.28175e-04
6.25191e-04
7.11521e-04
7.92794e-04
8.80104e-04
9.75174e-04
1.04464e-03
1.03809e-03
9.27298e-04
7.20091e-04
4.59981e-04
1.99117e-04
-4.58267e-05
-2.57683e-04
-3.91302e-04
-4.48799e-04
-4.72727e-04
-4.78379e-04
-4.89885e-04
-5.54690e-04
-6.62940e-04
-7.53300e-04
-7.95861e-04
-7.97842e-04
-7.59737e-04
-6.86232e-04
-5.89990e-04
-4.84823e-04
-3.89904e-04
-3.03824e-04
-2.13163e-04
-1.11997e-04
7.84893e-06
1.44875e-04
2.86776e-04
4.26983e-04
5.48620e-04
6.27278e-04
6.60622e-04
6.66697e-04
6.52883e-04
6.29307e-04
6.06788e-04
5.61820e-04
5.08104e-04
5.13301e-04
5.68250e-04
5.99116e-04
5.99416e-04
6.09567e-04
6.17937e-04
5.77163e-04
4.89424e-04
3.81505e-04
2.64173e-04
1.72421e-04
1.52618e-04
2.05672e-04
2.97128e-04
3.80838e-04
4.01130e-04
3.44114e-04
2.79704e-04
2.64223e-04
2.78490e-04
3.21398e-04
4.29578e-04
6.00714e-04
7.91296e-04
9.75266e-04
1.14285e-03
1.27689e-03
1.37937e-03
1.45314e-03
1.46449e-03
1.41151e-03
1.34377e-03
1.29269e-03
1.27291e-03
1.29585e-03
1.32156e-03
1.27650e-03
1.14970e-03
9.94045e-04
8.33393e-04
6.64840e-04
5.23182e-04
4.33542e-04
3.75048e-04
3.33263e-04
2.91656e-04
2.29640e-04
1.65906e-04
1.07949e-04
2.76817e-05
-3.98862e-05
-2.50796e-05
5.48181e-05
1.55643e-04
2.83116e-04
3.98664e-04
4.48279e-04
4.51985e-04
4.33803e-04
4.04540e-04
4.03411e-04
4.40928e-04
4.94956e-04
5.53855e-04
6.00803e-04
6.29051e-04
6.61925e-04
7.05813e-04
7.50726e-04
8.04900e-04
8.54643e-04
8.89629e-04
9.40557e-04
1.00353e-03
1.03769e-03
1.02511e-03
9.64364e-04
8.65333e-04
7.55012e-04
6.58443e-04
5.91390e-04
5.69086e-04
5.87134e-04
6.05068e-04
5.91530e-04
5.46345e-04
4.53794e-04
2.96580e-04
1.04936e-04
-8.59636e-05
-2.68376e-04
-4.27115e-04
-5.44322e-04
-6.22468e-04
-6.63356e-04
-6.60566e-04
-6.40314e-04
-6.19256e-04
-5.70961e-04
-5.01753e-04
-4.22515e-04
-3.04131e-04
-1.53917e-04
-5.60896e-06
1.34690e-04
2.74520e-04
4.21962e-04
5.35246e-04
5.21428e-04
3.43563e-04
5.01194e-05
-2.64826e-04
-5.22271e-04
-7.04699e-04
-8.19088e-04
-8.36104e-04
-7.19541e-04
-5.47955e-04
-4.51239e-04
-3.93456e-04
-2.86991e-04
-1.97351e-04
-1.88640e-04
-1.92461e-04
-1.53089e-04
-1.02602e-04
-7.75773e-05
-9.19605e-05
-1.64960e-04
-2.88792e-04
-4.27134e-04
-5.67243e-04
-6.86592e-04
-7.50229e-04
-7.52303e-04
-7.05108e-04
-6.50642e-04
-6.29427e-04
-6.17820e-04
-5.87416e-04
-5.73550e-04
-6.01248e-04
-6.26619e-04
-6.24472e-04
-6.19411e-04
-5.97913e-04
-5.31089e-04
-4.39344e-04
-3.44302e-04
-2.66763e-04
-2.52477e-04
-3.03140e-04
-3.73150e-04
-4.42296e-04
-5.29282e-04
-6.35387e-04
-7.43251e-04
-8.53842e-04
-9.37457e-04
-9.64055e-04
-9.73449e-04
-9.78430e-04
-9.25482e-04
-7.90316e-04
-6.11262e-04
-4.46745e-04
-3.19024e-04
-2.35676e-04
-2.34242e-04
-3.29260e-04
-4.63829e-04
-5.69154e-04
-6.30845e-04
-6.74323e-04
-6.92119e-04
-6.48326e-04
-5.45894e-04
-4.12177e-04
-2.70969e-04
-1.48377e-04
-5.42316e-05
8.82771e-06
2.39165e-05
-5.14270e-06
-3.13959e-05
-1.15037e-05
6.76544e-05
1.87013e-04
2.94023e-04
3.49314e-04
3.74546e-04
3.93277e-04
3.60481e-04
2.55667e-04
1.36299e-04
2.27433e-05
-1.09707e-04
-2.30569e-04
-3.15245e-04
-4.08893e-04
-5.13834e-04
-5.90408e-04
-6.53935e-04
-7.02345e-04
-6.93218e-04
-6.39488e-04
-5.88345e-04
-5.48657e-04
-4.98966e-04
-4.28551e-04
-3.58648e-04
-3.10329e-04
-2.62036e-04
-1.91565e-04
-1.33608e-04
-1.28319e-04
-1.47202e-04
-1.36380e-04
-1.00136e-04
-7.26273e-05
-3.57820e-05
6.51811e-05
2.12601e-04
3.15943e-04
3.45651e-04
3.49339e-04
3.15484e-04
1.74365e-04
-5.03023e-05
-2.63559e-04
-4.34408e-04
-5.47401e-04
-5.71357e-04
-5.49174e-04
-5.39100e-04
-5.09524e-04
-4.45739e-04
-4.05764e-04
-3.84352e-04
-3.16434e-04
-2.29792e-04
-2.01455e-04
-2.23732e-04
-2.65962e-04
-3.16309e-04
-3.30814e-04
-3.18817e-04
-3.38878e-04
-3.70347e-04
-3.80293e-04
-3.73038e-04
-3.29012e-04
-2.50517e-04
-1.71305e-04
-1.16386e-04
-1.17839e-04
-1.69936e-04
-2.08957e-04
-2.05324e-04
-1.80625e-04
-1.51444e-04
-1.13826e-04
-8.20255e-05
-6.39028e-05
-2.60876e-05
4.05900e-06
-4.24491e-05
-1.42406e-04
-2.30257e-04
-2.71854e-04
-2.55761e-04
-1.92908e-04
-1.10593e-04
-3.41706e-05
2.30230e-05
4.24256e-05
2.73051e-05
2.62691e-05
2.85123e-05
-4.80306e-05
-2.18892e-04
-4.34005e-04
-6.42854e-04
-8.16719e-04
-9.51456e-04
-1.00495e-03
-9.48515e-04
-8.47925e-04
-7.69428e-04
-7.17231e-04
-6.96966e-04
-7.30832e-04
-8.18868e-04
-9.39241e-04
-1.09245e-03
-1.26340e-03
-1.38408e-03
-1.47786e-03
-1.46774e-03
-1.43012e-03
-1.36879e-03
-1.26461e-03
-1.12758e-03
-9.90934e-04
-8.37835e-04
-6.59045e-04
-4.88836e-04
-3.39265e-04
-2.06835e-04
-1.14586e-04
-8.88739e-05
-1.10168e-04
-1.64215e-04
-2.86303e-04
-4.55774e-04
-6.02365e-04
-7.22803e-04
-8.05217e-04
-7.97296e-04
-7.26514e-04
-6.52150e-04
-5.79433e-04
-5.23310e-04
-5.07206e-04
-4.99831e-04
-4.96311e-04
-5.67565e-04
-7.05674e-04
-8.41753e-04
-9.89630e-04
-1.11895e-03
-1.14294e-03
-1.09271e-03
-1.01962e-03
-8.96756e-04
-7.59172e-04
-7.04693e-04
-7.08758e-04
-6.47743e-04
-5.28297e-04
-4.45964e-04
-3.71088e-04
-2.57860e-04
-1.78328e-04
-1.42150e-04
-8.35665e-05
-3.95078e-05
-3.14248e-05
2.23513e-05
1.07186e-04
1.36008e-04
1.32053e-04
1.33542e-04
1.02054e-04
6.86018e-05
1.15414e-04
1.96978e-04
2.47911e-04
3.06085e-04
3.50949e-04
3.23858e-04
2.77433e-04
2.36224e-04
1.61495e-04
8.80828e-05
5.28636e-05
4.94960e-05
9.88888e-05
2.07168e-04
3.41859e-04
5.22823e-04
7.69434e-04
9.80288e-04
1.09314e-03
1.19148e-03
1.26998e-03
1.20787e-03
1.03450e-03
8.70300e-04
7.20959e-04
5.85262e-04
5.19323e-04
5.02097e-04
4.80072e-04
4.62702e-04
4.42646e-04
4.02295e-04
3.57872e-04
3.01445e-04
2.33587e-04
1.75593e-04
9.25115e-05
-6.81329e-06
-6.29012e-05
-1.01491e-04
-1.68887e-04
-2.67623e-04
-3.68686e-04
-4.51029e-04
-5.33495e-04
-5.90341e-04
-5.97067e-04
-6.12847e-04
-6.53250e-04
-6.86490e-04
-6.93611e-04
-6.40074e-04
-5.43930e-04
-4.43242e-04
-3.01022e-04
-1.11043e-04
1.00945e-04
3.35788e-04
5.63084e-04
7.64772e-04
9.48421e-04
1.07158e-03
1.12420e-03
1.17688e-03
1.22449e-03
1.19357e-03
1.12917e-03
1.08903e-03
9.93193e-04
8.14149e-04
6.43773e-04
4.94285e-04
3.02662e-04
1.12024e-04
1.64064e-05
-1.39236e-05
-5.41490e-05
-7.50673e-05
-4.03646e-05
2.29836e-05
1.10461e-04
1.79620e-04
1.48330e-04
8.21777e-05
8.76098e-05
9.96400e-05
5.70625e-05
4.20136e-05
1.10783e-04
2.10192e-04
3.01616e-04
4.19407e-04
5.63765e-04
6.59242e-04
6.54869e-04
5.64259e-04
4.31284e-04
3.09518e-04
2.12974e-04
1.26060e-04
6.36955e-05
3.61814e-05
2.66484e-05
2.64709e-05
6.42881e-05
1.54367e-04
2.20839e-04
2.35491e-04
2.97295e-04
4.01470e-04
4.21643e-04
3.81800e-04
4.03409e-04
4.59282e-04
4.63605e-04
4.48718e-04
4.41604e-04
3.73544e-04
2.49298e-04
1.59750e-04
1.08146e-04
4.35074e-05
-1.85461e-05
-4.64110e-05
-5.56094e-05
-5.74436e-05
-4.14564e-05
-4.41921e-05
-9.02977e-05
-1.11413e-04
-8.18096e-05
-6.57074e-05
-5.75024e-05
-1.11862e-05
3.67691e-05
5.50512e-05
6.33601e-05
5.45208e-05
3.44635e-05
3.38601e-05
4.28069e-05
5.76934e-05
9.65275e-05
1.56022e-04
2.30644e-04
3.02185e-04
3.43033e-04
3.53113e-04
3.46446e-04
3.38525e-04
3.20974e-04
2.71690e-04
2.48750e-04
3.12877e-04
3.70908e-04
3.25401e-04
2.41909e-04
1.83637e-04
1.05819e-04
1.45539e-05
-1.81236e-05
-1.86013e-05
-5.71633e-05
-1.07543e-04
-1.32261e-04
-1.57847e-04
-1.91561e-04
-2.08792e-04
-2.13347e-04
-2.10753e-04
-1.78893e-04
-1.25509e-04
-7.63312e-05
-1.60708e-05
4.69149e-05
7.60728e-05
8.53317e-05
8.55545e-05
5.51835e-05
5.94382e-06
-4.85233e-05
-1.19531e-04
-1.84581e-04
-2.08318e-04
-1.85038e-04
-1.14512e-04
9.56514e-06
1.65107e-04
2.98107e-04
3.74917e-04
3.94277e-04
3.75075e-04
3.64209e-04
3.64544e-04
3.35924e-04
3.06409e-04
3.17436e-04
3.43847e-04
3.79015e-04
4.31508e-04
4.66982e-04
4.71347e-04
4.74044e-04
4.86210e-04
4.86127e-04
4.79849e-04
5.03857e-04
5.38120e-04
5.45428e-04
5.54117e-04
5.76608e-04
5.76330e-04
5.44210e-04
4.94749e-04
4.40150e-04
3.90999e-04
3.39629e-04
2.77651e-04
2.24254e-04
2.07069e-04
2.23841e-04
2.52815e-04
2.88481e-04
3.21374e-04
3.34541e-04
3.38597e-04
3.31368e-04
2.86276e-04
2.20579e-04
1.64753e-04
1.15234e-04
7.79968e-05
7.11311e-05
7.84366e-05
6.59672e-05
3.52480e-05
-8.61838e-06
-7.90766e-05
-1.17974e-04
-7.23131e-05
-3.70532e-05
-7.15153e-05
-8.45864e-05
-5.14657e-05
-3.93921e-05
-3.81986e-05
-9.80468e-06
2.54222e-05
5.51960e-05
9.31512e-05
1.46758e-04
2.03080e-04
2.37304e-04
2.50003e-04
2.38353e-04
1.87605e-04
1.16033e-04
4.84036e-05
-1.02952e-05
-4.25511e-05
-2.51778e-05
2.71358e-05
7.75416e-05
1.21646e-04
1.70647e-04
2.14835e-04
2.40375e-04
2.45299e-04
2.36448e-04
2.20675e-04
1.93774e-04
1.58074e-04
1.27918e-04
9.59533e-05
5.86085e-05
3.82980e-05
3.31838e-05
2.79503e-05
2.68201e-05
2.60290e-05
1.31120e-05
-7.87904e-06
-1.77958e-05
2.63675e-06
4.80814e-05
9.32640e-05
1.22373e-04
1.38806e-04
1.59090e-04
1.88373e-04
2.06448e-04
2.01934e-04
1.84602e-04
1.55644e-04
1.21536e-04
1.04666e-04
1.00671e-04
8.02469e-05
3.86485e-05
-2.67559e-06
-2.53822e-05
-2.88986e-05
-1.99389e-05
1.85363e-06
3.09282e-05
5.97869e-05
9.78026e-05
1.47808e-04
1.88020e-04
2.04150e-04
2.02503e-04
1.88516e-04
1.72964e-04
1.72182e-04
1.77758e-04
1.73761e-04
1.65463e-04
1.54537e-04
1.31288e-04
9.48461e-05
4.85756e-05
1.16878e-06
-2.10060e-05
3.96148e-07
3.97353e-05
5.75202e-05
5.53096e-05
5.75331e-05
5.95198e-05
4.45048e-05
1.63595e-05
-2.11336e-05
-6.29090e-05
-8.91622e-05
-9.98694e-05
-1.11958e-04
-1.21552e-04
-1.26140e-04
-1.35721e-04
-1.43261e-04
-1.35333e-04
-1.13764e-04
-8.78975e-05
-6.39082e-05
-4.32618e-05
-3.31093e-05
-3.81512e-05
-5.25204e-05
-7.80921e-05
-1.12083e-04
-1.39020e-04
-1.56571e-04
-1.66818e-04
-1.66439e-04
-1.64325e-04
-1.70521e-04
-1.83382e-04
-2.00077e-04
-2.18713e-04
-2.38657e-04
-2.57201e-04
-2.64398e-04
-2.56851e-04
-2.41597e-04
-2.25304e-04
-2.10647e-04
-1.93954e-04
-1.73730e-04
-1.56980e-04
-1.46233e-04
-1.39626e-04
-1.39590e-04
-1.44428e-04
-1.49051e-04
-1.53909e-04
-1.59208e-04
-1.61144e-04
-1.58483e-04
-1.54077e-04
-1.49180e-04
-1.43261e-04
-1.39569e-04
-1.41672e-04
-1.48820e-04
-1.61609e-04
-1.80913e-04
-2.01044e-04
-2.15935e-04
-2.25453e-04
-2.31608e-04
-2.32315e-04
-2.25354e-04
-2.14603e-04
-2.01592e-04
-1.84360e-04
-1.67771e-04
-1.55144e-04
-1.40730e-04
-1.24982e-04
-1.13124e-04
-1.00326e-04
-8.07718e-05
-6.09887e-05
-5.00208e-05
-4.57126e-05
-4.40913e-05
-4.91050e-05
-5.67121e-05
-5.78065e-05
-5.79227e-05
-6.23461e-05
-6.44241e-05
-6.31356e-05
-6.24446e-05
-6.04152e-05
-5.66702e-05
-5.42258e-05
-5.24979e-05
-5.09430e-05
-5.14056e-05
-5.33807e-05
-5.51680e-05
-5.80224e-05
-6.29587e-05
-6.69645e-05
-6.83373e-05
-6.86704e-05
-6.71113e-05
-6.26444e-05
-5.80639e-05
-5.50687e-05
-5.19412e-05
-4.83312e-05
-4.58107e-05
-4.44896e-05
-4.34921e-05
-4.26229e-05
-4.21388e-05
-4.23781e-05
-4.28326e-05
-4.29080e-05
-4.26723e-05
-4.22030e-05
-4.25464e-05
-4.39114e-05
-4.38396e-05
-4.22304e-05
-4.09536e-05
-3.92250e-05
-3.68798e-05
-3.50536e-05
-3.31737e-05
-3.17334e-05
-3.20664e-05
-3.28789e-05
-3.33190e-05
-3.48210e-05
-3.71396e-05
-3.81399e-05
-3.79811e-05
-3.83795e-05
-3.88580e-05
-3.83239e-05
-3.80346e-05
-3.87376e-05
-3.83383e-05
-3.64070e-05
-3.57349e-05
-3.66272e-05
-3.67901e-05
-3.66687e-05
-3.74598e-05
-3.79658e-05
-3.78400e-05
-3.78371e-05
-3.72697e-05
-3.57218e-05
-3.37716e-05
-3.15554e-05
-2.91058e-05
-2.66997e-05
-2.44414e-05
-2.24217e-05
-2.07919e-05
-1.94104e-05
-1.80799e-05
-1.69297e-05
-1.61561e-05
-1.57818e-05
-1.57357e-05
-1.58672e-05
-1.60616e-05
-1.62255e-05
-1.61752e-05
-1.58877e-05
-1.55029e-05
-1.49772e-05
-1.42452e-05
-1.34696e-05
-1.27658e-05
-1.21130e-05
-1.15219e-05
-1.10256e-05
-1.05939e-05
-1.01824e-05
-9.80601e-06
-9.45559e-06
-9.06600e-06
-8.63017e-06
-8.16690e-06
-7.64755e-06
-7.10834e-06
-6.61368e-06
-6.15455e-06
-5.74592e-06
-5.41170e-06
-5.11770e-06
-4.87108e-06
-4.70620e-06
-4.55120e-06
-4.29714e-06
-4.00463e-06
-3.80216e-06
-3.63994e-06
-3.43266e-06
-3.20672e-06
-2.95916e-06
-2.67367e-06
-2.39694e-06
-2.13439e-06
-1.85022e-06
-1.54984e-06
-1.25127e-06
-9.54169e-07
-6.55512e-07
-3.59107e-07
-7.19982e-08
2.02359e-07
4.61225e-07
7.05407e-07
9.44938e-07
1.18410e-06
1.41620e-06
1.64043e-06
1.86409e-06
2.08995e-06
2.31710e-06
2.54668e-06
2.77865e-06
3.01118e-06
3.24431e-06
3.47878e-06
3.71354e-06
3.94737e-06
4.18026e-06
4.41223e-06
4.64293e-06
4.87240e-06
5.10079e-06
5.32794e-06
5.55376e-06
5.77832e-06
6.00136e-06
6.22263e-06
6.44213e-06
6.65990e-06
6.87595e-06
7.09029e-06
7.30294e-06
7.51388e-06
7.72311e-06
7.93064e-06
