1.29943e-08
1.74517e-08
2.38650e-08
3.40159e-08
4.86772e-08
1.10017e-07
1.18723e-07
-2.45211e-07
-7.75529e-07
-1.68101e-07
6.86564e-07
9.44831e-07
2.59275e-06
4.41640e-06
3.21730e-06
2.86784e-06
5.91491e-06
2.83416e-06
-4.60901e-07
8.49141e-06
7.55213e-06
-1.12191e-05
-3.30925e-05
-4.13919e-05
-3.16300e-05
-3.83976e-06
3.68694e-05
3.03033e-05
-9.84504e-06
-2.28151e-05
-4.45680e-05
-4.26626e-05
9.70960e-06
5.06123e-05
1.37844e-05
-4.61819e-05
-7.51598e-06
5.56749e-05
1.13052e-04
1.54420e-04
8.37056e-05
-6.32047e-05
-1.31231e-04
-8.25354e-05
-6.01546e-05
-1.17881e-05
3.00082e-05
-5.06981e-05
-5.46774e-05
3.61816e-05
6.46747e-05
-9.27682e-08
-4.21997e-05
1.24274e-05
-5.21214e-05
-9.55272e-05
1.54098e-05
-1.40545e-06
-5.65911e-05
1.03645e-04
3.10045e-04
2.05412e-04
7.89988e-05
7.13903e-05
-8.02904e-05
-6.97211e-05
2.10470e-04
4.51524e-04
3.90191e-04
6.86556e-05
-2.16126e-04
-4.46282e-04
-2.80147e-04
8.41679e-05
6.61611e-05
-7.92343e-05
-4.64710e-05
-2.76979e-05
-2.40868e-04
-2.11635e-04
-1.79317e-05
-2.84805e-04
-5.80070e-04
-6.08414e-04
-4.73633e-04
-7.55324e-05
5.68116e-04
8.12099e-04
4.34971e-04
2.48818e-04
4.83552e-05
-4.70213e-04
-4.77870e-04
7.53540e-05
1.64895e-04
-2.29575e-04
-3.41171e-04
-5.31169e-04
-9.82921e-04
-5.21604e-04
7.02827e-04
1.46278e-03
1.68631e-03
1.52382e-03
5.61605e-04
-4.86709e-04
-6.03984e-04
-3.90956e-04
-5.21579e-04
-5.81224e-04
-4.95347e-04
-5.60143e-04
-3.53936e-04
4.07692e-04
7.74608e-04
2.09146e-04
-1.89707e-04
-2.95760e-04
-8.26573e-04
-7.00886e-04
3.49487e-05
2.12586e-04
1.66396e-04
3.73963e-04
4.30825e-04
-8.37534e-05
-2.08667e-04
2.50477e-04
3.89887e-04
6.41100e-04
1.14621e-03
7.78280e-04
-5.04350e-04
-1.10029e-03
-8.46419e-04
-5.29562e-04
2.30597e-04
8.68141e-04
8.55912e-04
5.51239e-04
3.10589e-04
4.03000e-05
-5.31381e-04
-6.19708e-04
-6.04430e-04
-8.15380e-04
-6.25741e-04
-1.96067e-05
5.10634e-04
6.22484e-04
7.41071e-04
2.73468e-04
-6.73218e-04
-8.12357e-04
-4.36318e-04
-3.66071e-04
-3.30883e-04
4.38116e-04
6.71797e-04
1.09579e-05
1.57548e-05
7.68216e-05
-4.52212e-04
-8.99371e-04
-5.36525e-04
2.23675e-04
6.72974e-04
6.89323e-04
-2.66002e-04
-1.03567e-03
-3.28166e-04
7.47688e-04
1.31081e-03
1.41491e-03
1.29395e-03
6.68179e-04
-1.06989e-05
3.01445e-04
7.14274e-04
2.46952e-04
-2.41335e-04
-4.85518e-04
-9.54041e-04
-7.37961e-04
4.07182e-05
-1.34307e-04
-9.31356e-04
-1.22650e-03
-1.22378e-03
-8.67286e-04
1.56193e-04
8.60636e-04
6.98767e-04
4.13248e-04
1.66543e-04
1.31886e-05
1.76762e-04
7.62682e-04
1.21444e-03
7.58019e-04
3.21977e-04
1.50239e-04
-4.74763e-04
-1.27840e-03
-1.32361e-03
-9.87523e-04
-1.00180e-03
-4.59015e-04
1.44835e-04
-1.41393e-04
-1.76968e-04
5.96349e-04
1.07007e-03
9.95667e-04
8.80645e-04
4.02804e-04
-1.67786e-04
3.54873e-05
2.88522e-04
1.28613e-04
4.06974e-05
1.09225e-04
-5.26116e-04
-1.14142e-03
-3.67285e-04
3.83774e-04
3.33560e-04
5.27754e-06
-5.25279e-04
-1.24146e-03
-1.63080e-03
-1.19210e-03
-6.28387e-04
-7.23375e-05
3.65512e-04
2.28035e-04
-2.00616e-04
-7.78989e-05
8.61089e-04
8.36392e-04
4.50374e-04
8.64714e-04
7.00143e-04
2.23228e-05
-1.91544e-04
6.20718e-05
9.44267e-05
2.30717e-04
9.09267e-04
9.85489e-04
4.21718e-04
-3.53941e-05
-4.25188e-04
-6.01655e-04
-3.26075e-04
1.29135e-04
-1.62003e-05
-1.64405e-04
-2.87734e-04
-6.39649e-04
-4.54708e-04
1.61974e-04
5.78706e-04
4.71280e-04
8.47049e-04
1.32069e-03
6.19786e-04
-3.92160e-04
-1.37175e-03
-2.42352e-03
-2.80080e-03
-1.78032e-03
-3.64182e-04
-1.00302e-04
3.36554e-04
1.05895e-03
9.72048e-04
5.68018e-04
1.04289e-04
-2.86870e-04
-2.00224e-04
4.64995e-04
1.26426e-03
1.29680e-03
1.13370e-03
1.27299e-03
7.05542e-04
2.48839e-05
3.81290e-04
7.74049e-04
3.87517e-04
-3.61813e-04
-1.20433e-03
-1.82307e-03
-1.65881e-03
-6.08573e-04
3.23746e-04
7.58461e-04
9.55209e-04
7.96317e-04
5.64661e-04
5.50414e-04
3.72893e-04
-1.82793e-04
-4.97984e-04
-3.42940e-04
-5.03016e-04
-6.59074e-04
3.00886e-04
1.25930e-03
9.55165e-04
5.62788e-04
2.18684e-04
-9.28151e-04
-1.70795e-03
-1.36522e-03
-4.54896e-04
3.24951e-04
1.15104e-03
1.91158e-03
1.35649e-03
4.47058e-04
4.07583e-05
-4.61925e-04
-8.70457e-04
-1.01171e-03
-1.36633e-03
-1.90196e-03
-1.64205e-03
-1.27421e-03
-1.38001e-03
-9.91442e-04
-2.80727e-04
3.96397e-04
5.77549e-04
5.39000e-04
7.44103e-04
2.18193e-04
-4.49567e-04
-1.12495e-03
-2.09413e-03
-2.24631e-03
-1.69805e-03
-1.16320e-03
-7.76446e-04
1.06932e-04
8.08863e-04
9.53499e-04
1.67342e-03
2.56484e-03
2.60829e-03
1.78339e-03
1.43789e-03
1.16502e-03
6.44280e-05
-2.57279e-04
-1.83705e-04
-2.22372e-04
2.44256e-05
-2.25535e-04
-8.23225e-04
-1.23139e-03
-8.57336e-04
-4.71900e-04
-3.32744e-04
7.28439e-04
1.87419e-03
2.64366e-03
3.14765e-03
3.27685e-03
2.80762e-03
2.11615e-03
2.25664e-03
2.05502e-03
1.32783e-03
1.04819e-03
8.49131e-04
4.77444e-04
4.03180e-04
8.85080e-04
5.13213e-04
-5.40031e-04
-8.51696e-04
-1.24013e-03
-1.78709e-03
-1.71316e-03
-1.25263e-03
-1.98206e-03
-3.51997e-03
-3.73173e-03
-3.24132e-03
-2.37072e-03
-4.88713e-04
1.50012e-03
2.13755e-03
1.55452e-03
5.22614e-04
-1.81647e-03
-4.51718e-03
-5.50718e-03
-4.91204e-03
-2.65594e-03
1.05250e-03
3.99910e-03
3.79203e-03
1.19000e-03
-1.63294e-03
-3.84708e-03
-4.00331e-03
-1.99510e-03
4.36431e-04
2.25844e-03
3.53459e-03
4.39303e-03
4.68551e-03
4.80657e-03
4.63987e-03
3.24248e-03
1.21692e-03
-3.09377e-04
-1.72041e-03
-3.44268e-03
-4.63345e-03
-4.07556e-03
-2.48440e-03
-3.48102e-04
2.40993e-03
4.37166e-03
4.91709e-03
3.80200e-03
6.66372e-04
-3.58023e-03
-6.65384e-03
-6.59839e-03
-4.74365e-03
-2.46975e-03
1.08718e-04
1.85692e-03
2.38526e-03
2.21404e-03
1.23591e-03
-1.61274e-04
-7.58774e-04
-5.09240e-04
-6.82387e-04
-1.61928e-03
-2.33523e-03
-1.98595e-03
5.70295e-05
3.44764e-03
6.98593e-03
8.55684e-03
7.90692e-03
6.85575e-03
5.22077e-03
3.16718e-03
2.43318e-03
2.43883e-03
2.16139e-03
2.19458e-03
1.84820e-03
-1.50555e-04
-2.74911e-03
-5.04774e-03
-7.37490e-03
-9.44295e-03
-1.04495e-02
-9.83791e-03
-8.65826e-03
-6.93223e-03
-4.52598e-03
-3.66500e-03
-4.34336e-03
-5.20428e-03
-5.82520e-03
-5.63680e-03
-4.12437e-03
-1.58996e-03
6.88111e-04
1.96842e-03
2.03341e-03
1.26122e-03
1.12006e-03
2.45942e-03
4.16000e-03
4.61647e-03
4.24906e-03
3.49126e-03
2.17584e-03
1.37760e-03
1.56389e-03
1.53445e-03
4.94105e-04
-7.69022e-04
-1.69917e-03
-1.67650e-03
7.37496e-04
4.66096e-03
8.34618e-03
1.10347e-02
1.20291e-02
1.09446e-02
7.73110e-03
3.99016e-03
8.88793e-04
-1.66193e-03
-2.42966e-03
-1.68731e-03
-1.14900e-03
-7.79032e-04
-1.01884e-04
2.57544e-04
-5.09913e-04
-1.60323e-03
-2.25489e-03
-2.11812e-03
-8.79959e-04
1.11175e-03
2.88906e-03
3.38165e-03
2.75244e-03
8.74944e-04
-1.92750e-03
-3.83343e-03
-4.21566e-03
-3.60773e-03
-2.07172e-03
1.95861e-05
7.86238e-04
-1.22070e-04
-7.83318e-04
-1.10117e-03
-1.49595e-03
-1.51650e-03
-8.36139e-04
9.73151e-05
1.08770e-03
2.04385e-03
1.35206e-03
-9.28141e-04
-2.74653e-03
-3.49993e-03
-3.58794e-03
-3.31582e-03
-2.91238e-03
-3.11000e-03
-3.58122e-03
-3.55253e-03
-3.69209e-03
-4.26562e-03
-3.99663e-03
-2.44377e-03
-1.07016e-03
4.11191e-04
2.32992e-03
3.24310e-03
2.91736e-03
2.50099e-03
2.42120e-03
1.82969e-03
1.19545e-03
1.23318e-03
1.59582e-03
2.67675e-03
4.19842e-03
4.87498e-03
3.60908e-03
1.23142e-03
-1.48993e-03
-4.02580e-03
-4.09194e-03
-2.12524e-03
-1.68808e-04
1.35447e-03
2.03404e-03
1.67048e-03
3.72752e-04
-6.00280e-04
-1.13011e-03
-2.09971e-03
-2.72208e-03
-2.64167e-03
-2.36559e-03
-1.82717e-03
-3.13949e-04
1.30135e-03
1.78485e-03
1.88715e-03
1.62255e-03
1.21885e-03
1.68918e-03
3.00865e-03
3.63600e-03
3.02568e-03
2.39714e-03
2.00581e-03
1.96253e-03
2.61172e-03
3.11870e-03
2.43792e-03
6.63582e-04
-8.85963e-04
-2.18311e-03
-3.18974e-03
-2.43855e-03
-1.09598e-03
-1.01423e-03
-1.85363e-03
-3.19760e-03
-5.12908e-03
-6.23147e-03
-5.21551e-03
-3.12151e-03
-4.87802e-04
2.20749e-03
4.11875e-03
4.76081e-03
4.16824e-03
3.41571e-03
1.97592e-03
-8.70020e-05
-1.11844e-03
-1.47385e-03
-1.14803e-03
1.53777e-04
9.95890e-04
-2.41582e-04
-2.35905e-03
-3.75410e-03
-4.80092e-03
-5.45127e-03
-5.50767e-03
-5.58069e-03
-5.83583e-03
-4.80134e-03
-1.88081e-03
1.93182e-03
5.71249e-03
8.64686e-03
9.74984e-03
9.07868e-03
8.41164e-03
7.59144e-03
5.10543e-03
2.16824e-03
-3.58394e-04
-2.75016e-03
-3.94126e-03
-3.34486e-03
-2.53844e-03
-2.39369e-03
-2.53435e-03
-3.17337e-03
-3.71740e-03
-3.59147e-03
-2.76953e-03
-1.84742e-03
-1.40346e-03
-9.35363e-04
-9.36119e-04
-1.47149e-03
-8.84959e-04
1.05494e-03
3.23307e-03
5.19974e-03
6.52036e-03
6.55549e-03
5.51566e-03
4.19348e-03
2.37413e-03
-4.91390e-05
-2.30345e-03
-3.41416e-03
-4.12820e-03
-4.11965e-03
-2.33560e-03
-9.63013e-04
-9.34823e-04
-4.77014e-04
5.33625e-04
7.89125e-04
6.67217e-04
6.08955e-04
-2.74576e-04
-1.34867e-03
-1.92324e-03
-2.16265e-03
-2.01798e-03
-1.27361e-03
1.93875e-04
1.07671e-03
1.35090e-03
1.67176e-03
1.27744e-03
6.12701e-04
1.35915e-04
-1.38492e-04
-3.43185e-04
-3.56553e-04
2.62766e-04
5.17112e-04
4.21948e-04
2.86461e-04
-6.68125e-04
-1.73124e-03
-1.69451e-03
-1.08142e-03
-8.99520e-04
-3.16704e-04
5.21809e-04
6.55095e-04
6.46068e-04
9.74720e-04
1.52610e-03
1.49224e-03
1.08836e-03
9.13950e-04
-8.08083e-05
-9.92991e-04
-6.37409e-04
-1.21824e-04
1.93758e-04
8.21097e-04
1.31273e-03
8.83927e-04
4.10289e-04
-4.59496e-04
-2.28320e-03
-3.52080e-03
-3.69681e-03
-3.47153e-03
-3.37327e-03
-3.11928e-03
-2.35352e-03
-1.32384e-03
4.95675e-04
2.55745e-03
3.33258e-03
3.47257e-03
3.61887e-03
2.84778e-03
1.14259e-03
-4.00574e-04
-1.18848e-03
-1.46738e-03
-1.06015e-03
5.93408e-05
7.66336e-04
1.23057e-03
1.99708e-03
2.23404e-03
1.92314e-03
2.06403e-03
2.45665e-03
1.98529e-03
1.68045e-03
2.17574e-03
2.67219e-03
3.28101e-03
4.14476e-03
4.73761e-03
4.04112e-03
2.58152e-03
9.00216e-04
-1.87706e-03
-4.73643e-03
-5.86832e-03
-5.45734e-03
-3.97857e-03
-1.23381e-03
1.54315e-03
3.14622e-03
3.84969e-03
3.07720e-03
7.73254e-04
-1.82032e-03
-3.45802e-03
-4.22157e-03
-4.88705e-03
-4.81034e-03
-4.41820e-03
-4.70262e-03
-4.80806e-03
-4.48916e-03
-4.65281e-03
-4.73232e-03
-3.28026e-03
-1.61275e-03
-3.69672e-04
1.84336e-03
3.64028e-03
4.48685e-03
4.80727e-03
4.70493e-03
4.27295e-03
3.53740e-03
3.80686e-03
4.03759e-03
3.36735e-03
3.20532e-03
3.17844e-03
2.37547e-03
7.71725e-04
-9.50723e-04
-3.14988e-03
-5.44809e-03
-5.99651e-03
-5.76233e-03
-5.03785e-03
-3.20783e-03
-1.41900e-03
-3.60205e-04
-5.45668e-05
4.29886e-04
9.39868e-04
9.75031e-04
1.27212e-03
1.40053e-03
5.60955e-04
-4.54199e-04
-1.24243e-03
-2.37021e-03
-2.91589e-03
-2.30174e-03
-1.64280e-03
-1.52080e-03
-1.53488e-03
-1.60080e-03
-2.70225e-03
-3.32997e-03
-2.51385e-03
-1.57919e-03
1.40188e-04
3.16126e-03
6.03438e-03
7.86965e-03
8.86785e-03
8.76371e-03
7.26184e-03
5.74376e-03
5.05159e-03
4.20623e-03
3.02518e-03
2.48044e-03
2.29611e-03
1.54007e-03
1.01705e-03
8.77596e-04
-1.54427e-04
-1.14023e-03
-1.28309e-03
-1.46037e-03
-1.43631e-03
-9.24934e-04
-7.72539e-04
-1.05879e-03
-1.28442e-03
-9.00604e-04
-3.23033e-04
-4.71321e-04
-2.61167e-04
-1.25625e-04
-1.22820e-03
-1.76043e-03
-1.56231e-03
-2.19083e-03
-3.08495e-03
-3.39407e-03
-4.14188e-03
-5.15675e-03
-5.39225e-03
-5.56670e-03
-5.91240e-03
-5.51605e-03
-4.35208e-03
-3.48377e-03
-2.73402e-03
-1.04455e-03
1.08286e-03
3.21928e-03
5.24851e-03
6.15441e-03
5.49828e-03
3.96349e-03
2.38398e-03
5.18216e-04
-1.54032e-03
-3.45656e-03
-6.05238e-03
-8.84149e-03
-1.09515e-02
-1.20247e-02
-1.23831e-02
-1.22363e-02
-1.12088e-02
-1.04955e-02
-9.84140e-03
-8.39990e-03
-6.18209e-03
-3.21077e-03
2.51202e-04
4.23214e-03
7.53887e-03
1.02188e-02
1.27554e-02
1.41449e-02
1.48824e-02
1.56073e-02
1.57271e-02
1.43755e-02
1.21790e-02
1.00483e-02
7.27828e-03
4.65285e-03
2.84472e-03
1.51789e-03
7.38139e-04
6.30192e-04
1.17659e-03
1.27038e-03
1.37254e-03
2.09416e-03
2.49248e-03
2.85880e-03
3.70155e-03
4.58237e-03
4.78512e-03
4.49140e-03
4.14968e-03
3.15170e-03
2.41753e-03
2.66404e-03
2.64730e-03
1.82089e-03
7.39891e-04
-5.10631e-04
-2.53374e-03
-4.03330e-03
-4.45633e-03
-5.67346e-03
-6.93838e-03
-7.31765e-03
-8.31742e-03
-9.41526e-03
-9.54476e-03
-9.35407e-03
-8.76563e-03
-7.42552e-03
-5.51267e-03
-3.28833e-03
-9.13153e-04
1.99048e-03
4.46388e-03
5.72426e-03
6.99959e-03
7.99211e-03
8.40276e-03
8.76476e-03
8.88827e-03
8.00643e-03
6.27023e-03
5.02553e-03
3.81096e-03
2.07917e-03
5.04706e-04
-8.53753e-04
-2.38446e-03
-4.14283e-03
-5.09150e-03
-5.94125e-03
-7.11589e-03
-7.48171e-03
-7.86129e-03
-8.20177e-03
-7.95379e-03
-7.33099e-03
-6.57076e-03
-5.86330e-03
-4.64005e-03
-3.93902e-03
-3.82914e-03
-3.29641e-03
-3.18069e-03
-3.24540e-03
-2.36114e-03
-1.00224e-03
-3.85664e-04
1.88828e-04
1.24450e-03
1.88004e-03
2.15021e-03
2.71297e-03
3.71310e-03
4.25335e-03
4.75533e-03
5.32836e-03
4.66330e-03
3.46547e-03
2.54470e-03
1.78171e-03
1.07976e-03
9.62519e-04
1.50352e-03
1.38714e-03
1.32557e-03
1.58001e-03
1.13183e-03
3.37052e-04
-3.17928e-04
-1.02476e-03
-2.31856e-03
-3.36453e-03
-3.96323e-03
-4.74777e-03
-4.76209e-03
-4.17790e-03
-3.84193e-03
-3.29389e-03
-1.98851e-03
-1.35258e-04
1.53084e-03
3.12606e-03
4.29796e-03
4.24497e-03
3.44099e-03
2.70849e-03
1.83279e-03
8.55006e-04
8.65878e-04
9.96892e-04
5.24387e-04
5.65755e-04
1.33388e-03
2.09580e-03
2.34160e-03
2.36499e-03
1.80158e-03
1.27426e-04
-1.39424e-03
-2.15192e-03
-3.00386e-03
-3.54195e-03
-3.14254e-03
-2.60745e-03
-1.79633e-03
-2.02468e-04
1.48821e-03
2.87479e-03
3.91772e-03
4.30567e-03
3.58241e-03
2.04829e-03
5.03865e-04
-1.12152e-03
-2.61059e-03
-3.23671e-03
-3.23621e-03
-3.49867e-03
-3.46025e-03
-3.12047e-03
-3.55918e-03
-3.60632e-03
-2.67319e-03
-1.74810e-03
-1.00710e-03
-4.12387e-04
1.51071e-04
3.89351e-04
7.18823e-04
1.32894e-03
1.45168e-03
1.38810e-03
2.04533e-03
3.14406e-03
3.79664e-03
4.69387e-03
5.54015e-03
4.92999e-03
3.67717e-03
2.47162e-03
1.24529e-03
4.61634e-04
6.98079e-04
1.46590e-03
1.58140e-03
1.54466e-03
1.46872e-03
8.50193e-04
2.52761e-04
1.72842e-04
3.34673e-04
9.44829e-05
1.66782e-04
4.73427e-04
4.76223e-04
1.32604e-03
2.84649e-03
3.89804e-03
4.14386e-03
4.03622e-03
3.52244e-03
2.05367e-03
9.73095e-04
2.73143e-04
-9.79054e-04
-1.70261e-03
-1.78863e-03
-2.45287e-03
-3.79264e-03
-4.94333e-03
-6.14990e-03
-7.57662e-03
-7.76596e-03
-6.86564e-03
-5.87594e-03
-4.62052e-03
-2.99881e-03
-1.76695e-03
-1.21645e-03
-1.90902e-04
8.38471e-04
9.19210e-04
7.08293e-04
2.23110e-04
-7.94850e-04
-1.69768e-03
-1.71915e-03
-1.51173e-03
-1.37735e-03
-9.72309e-04
-9.76018e-04
-1.43363e-03
-1.88531e-03
-1.68219e-03
-1.61062e-03
-1.77408e-03
-7.85914e-04
1.47213e-04
4.91079e-04
1.00534e-03
1.46818e-03
1.53742e-03
1.50628e-03
1.70029e-03
1.64643e-03
1.56726e-03
1.88726e-03
2.43365e-03
2.73655e-03
2.77810e-03
2.83948e-03
2.33523e-03
2.00343e-03
2.34588e-03
2.52842e-03
2.84621e-03
3.19780e-03
3.08111e-03
2.47143e-03
2.08077e-03
1.87613e-03
1.05790e-03
5.43280e-05
-5.04560e-04
-1.09203e-03
-2.25375e-03
-2.99687e-03
-3.40638e-03
-4.34344e-03
-4.67548e-03
-4.26885e-03
-4.10294e-03
-3.69569e-03
-2.48869e-03
-1.40407e-03
-1.05400e-03
-6.88434e-04
-3.25075e-04
-3.19393e-04
-3.98462e-04
-3.06085e-04
-1.05817e-04
1.06767e-04
6.87750e-04
1.21008e-03
1.27574e-03
1.46966e-03
1.39952e-03
7.27347e-04
1.45165e-05
1.81366e-05
-5.96225e-05
-5.56611e-04
-2.27334e-04
1.08517e-05
-2.54417e-04
-1.17126e-04
-1.06321e-04
-5.12149e-04
-7.30811e-04
-1.05970e-04
5.56173e-04
5.63291e-04
7.28380e-04
8.85693e-04
4.28907e-04
-2.57216e-04
-5.46182e-04
-1.10505e-03
-2.12576e-03
-2.33273e-03
-2.39594e-03
-2.55761e-03
-1.60593e-03
-1.87654e-04
9.23621e-04
2.00385e-03
3.27945e-03
4.15543e-03
4.81600e-03
6.11573e-03
7.88018e-03
9.74045e-03
1.16142e-02
1.35124e-02
1.42228e-02
1.37286e-02
1.29465e-02
1.12691e-02
9.00807e-03
7.01186e-03
4.74306e-03
1.86795e-03
-9.68203e-04
-3.31632e-03
-5.98508e-03
-8.78750e-03
-1.06235e-02
-1.19752e-02
-1.31298e-02
-1.33815e-02
-1.26898e-02
-1.19249e-02
-1.06275e-02
-8.97165e-03
-8.21014e-03
-7.60423e-03
-6.09307e-03
-4.29604e-03
-2.23464e-03
5.09491e-04
3.09137e-03
4.90510e-03
6.47841e-03
7.63514e-03
8.11864e-03
8.23102e-03
8.42041e-03
8.37567e-03
7.02546e-03
5.51519e-03
4.22318e-03
2.05968e-03
-2.06813e-04
-1.89966e-03
-3.48673e-03
-4.87496e-03
-5.03911e-03
-4.86224e-03
-5.31624e-03
-5.07242e-03
-4.43296e-03
-4.11612e-03
-3.72090e-03
-2.86597e-03
-2.04614e-03
-1.90604e-03
-1.54968e-03
-1.14898e-03
-1.05892e-03
-6.46750e-04
-4.72009e-04
-1.00871e-03
-1.93333e-03
-2.31809e-03
-2.65578e-03
-3.48417e-03
-3.67035e-03
-3.40176e-03
-3.12181e-03
-2.43506e-03
-1.49900e-03
-9.80274e-04
-6.18723e-04
-1.00357e-04
-8.99394e-06
-2.96153e-04
1.94538e-04
1.49824e-03
2.21795e-03
2.44943e-03
2.79991e-03
2.46744e-03
1.73609e-03
1.60366e-03
1.66532e-03
1.33504e-03
1.22294e-03
1.50479e-03
1.12872e-03
7.12378e-04
1.03276e-03
9.23101e-04
2.90170e-04
-5.20405e-05
-5.20365e-04
-1.25081e-03
-1.28837e-03
-7.00212e-04
-1.87706e-04
4.54763e-04
1.32073e-03
1.67567e-03
1.18343e-03
6.57658e-04
3.58830e-04
-1.38495e-04
-3.28011e-04
-4.10679e-05
-2.87087e-05
-3.71627e-04
-1.96843e-04
-1.34812e-04
-9.15814e-04
-7.76207e-04
-9.16219e-05
2.36857e-04
6.46713e-04
9.80544e-04
9.18491e-04
-6.43586e-05
-8.58574e-04
-1.35380e-03
-2.49680e-03
-3.13101e-03
-2.94983e-03
-2.83079e-03
-2.77930e-03
-2.03765e-03
-1.24365e-03
-1.12213e-03
-5.53749e-04
3.22633e-04
1.04203e-03
1.88356e-03
2.98275e-03
3.74536e-03
3.58040e-03
3.58864e-03
3.38233e-03
2.66951e-03
2.45185e-03
2.20691e-03
1.43101e-03
6.74312e-04
5.01701e-04
3.07552e-04
1.90030e-04
1.04547e-03
2.05245e-03
2.57118e-03
2.72033e-03
2.83705e-03
2.39469e-03
1.67798e-03
1.96486e-03
2.21880e-03
2.01574e-03
2.16069e-03
2.25160e-03
1.86870e-03
1.82372e-03
2.07286e-03
1.63733e-03
9.22753e-04
5.57028e-04
1.50719e-04
-5.98413e-04
-1.24708e-03
-1.79544e-03
-2.89628e-03
-3.56182e-03
-3.22765e-03
-3.01167e-03
-2.81938e-03
-2.10905e-03
-1.56897e-03
-1.56052e-03
-1.26359e-03
-8.30601e-04
-9.13039e-04
-1.17710e-03
-6.85113e-04
-3.51386e-04
-8.79583e-04
-9.48400e-04
-8.99008e-04
-1.00560e-03
-8.25643e-04
-6.66851e-04
-7.83258e-04
-1.11337e-03
-6.27499e-04
1.05430e-04
1.96384e-04
8.43716e-04
1.50697e-03
1.34377e-03
1.29887e-03
1.58015e-03
1.32625e-03
9.51505e-04
1.08000e-03
8.88727e-04
3.89902e-04
3.69673e-04
4.14456e-04
-2.06410e-04
-1.11969e-03
-1.44191e-03
-2.16936e-03
-3.25109e-03
-3.35549e-03
-3.63187e-03
-4.20148e-03
-4.09935e-03
-3.72739e-03
-3.72971e-03
-3.69759e-03
-3.01809e-03
-2.56488e-03
-2.29170e-03
-1.34172e-03
-8.80435e-05
9.60011e-04
2.29748e-03
4.02886e-03
4.72626e-03
5.16063e-03
6.06021e-03
6.05910e-03
5.56625e-03
5.42489e-03
5.34588e-03
4.42432e-03
3.27968e-03
2.81933e-03
1.65434e-03
5.48706e-04
6.94281e-04
4.33186e-04
-5.67462e-04
-1.10708e-03
-1.22938e-03
-1.99057e-03
-2.29124e-03
-1.74544e-03
-1.83420e-03
-1.83181e-03
-1.18450e-03
-8.54303e-04
-7.69115e-04
-1.74717e-04
7.98743e-04
8.55659e-04
1.51682e-04
-3.71181e-04
-1.01481e-03
-1.73823e-03
-1.69996e-03
-1.32497e-03
-1.70554e-03
-1.94017e-03
-1.66115e-03
-2.15434e-03
-2.59448e-03
-2.19854e-03
-1.87254e-03
-1.52936e-03
-4.46205e-04
8.28554e-04
1.40254e-03
1.75375e-03
2.00707e-03
1.75509e-03
1.37244e-03
1.24667e-03
9.91360e-04
2.66298e-04
2.02856e-05
2.15438e-04
9.95679e-05
4.52037e-04
1.07071e-03
1.08511e-03
5.42602e-04
1.01638e-04
-2.31301e-04
-9.89544e-04
-1.04722e-03
-6.81659e-04
-1.14420e-03
-1.48755e-03
-1.24481e-03
-1.15457e-03
-1.25262e-03
-7.34843e-04
3.80968e-05
8.01437e-05
3.48259e-04
8.37774e-04
5.29910e-04
-3.41580e-05
-5.05859e-05
8.81720e-05
-1.45964e-04
1.19722e-04
4.44103e-04
1.71799e-04
-1.32688e-04
-2.41124e-04
-6.46565e-04
-1.42279e-03
-1.52009e-03
-1.69034e-03
-2.32816e-03
-2.32502e-03
-2.26176e-03
-2.47486e-03
-2.53464e-03
-2.20779e-03
-1.89472e-03
-1.50256e-03
-2.40134e-04
9.50992e-04
1.57458e-03
2.51987e-03
3.38106e-03
3.45669e-03
3.46008e-03
3.98583e-03
3.97746e-03
3.55095e-03
3.47615e-03
3.22846e-03
2.50860e-03
1.99263e-03
1.97588e-03
1.13308e-03
-1.54566e-04
-7.27884e-04
-1.58234e-03
-2.58813e-03
-2.89119e-03
-3.22347e-03
-4.00491e-03
-4.12621e-03
-3.62800e-03
-3.13729e-03
-2.50967e-03
-1.37928e-03
-2.93692e-04
2.06678e-04
9.23721e-04
1.40799e-03
1.16093e-03
9.48722e-04
8.36740e-04
4.07912e-04
-1.48396e-04
-3.12675e-05
4.45192e-04
7.73802e-04
1.54271e-03
2.28377e-03
2.35491e-03
1.77701e-03
1.32177e-03
1.00660e-03
4.99648e-04
9.40127e-04
1.78838e-03
2.29531e-03
2.86868e-03
3.28972e-03
2.98824e-03
2.34669e-03
2.37345e-03
2.08068e-03
1.18902e-03
6.42059e-04
-1.03991e-04
-1.06749e-03
-1.75760e-03
-1.86885e-03
-1.89661e-03
-2.10865e-03
-1.65122e-03
-1.27519e-03
-1.15379e-03
-4.91491e-04
3.02190e-04
5.11469e-04
3.88938e-04
8.42542e-04
8.66513e-04
6.54615e-04
1.18863e-03
1.29231e-03
1.21436e-03
1.31797e-03
1.68024e-03
1.56424e-03
8.94977e-04
9.89523e-04
6.18457e-04
-2.73031e-04
-3.98790e-04
-3.69083e-04
-1.00472e-03
-1.66810e-03
-1.96982e-03
-2.81973e-03
-3.40713e-03
-2.87059e-03
-2.41379e-03
-2.32151e-03
-1.93698e-03
-1.58619e-03
-1.65397e-03
-1.30921e-03
-5.54216e-04
-2.28703e-04
-2.48161e-04
4.90490e-05
2.62203e-04
-3.25851e-04
-4.22057e-04
-2.13226e-04
-6.75314e-04
-9.60246e-04
-9.35788e-04
-1.26025e-03
-1.65290e-03
-1.33726e-03
-9.08201e-04
-1.09782e-03
-1.14875e-03
-8.09697e-04
-8.16474e-04
-8.75201e-04
1.61848e-05
6.81958e-04
4.44574e-04
6.00860e-04
2.14127e-04
-9.61402e-04
-1.51522e-03
-1.56999e-03
-1.77661e-03
-1.86030e-03
-1.36840e-03
-1.21622e-03
-1.50508e-03
-1.31522e-03
-8.91179e-04
-8.32071e-04
-9.61525e-04
-5.95797e-04
-9.02182e-04
-1.63956e-03
-1.65001e-03
-1.57111e-03
-1.22995e-03
-3.51537e-04
1.00519e-03
1.95859e-03
2.78637e-03
4.13949e-03
4.66522e-03
4.55049e-03
4.78447e-03
4.78904e-03
4.14971e-03
3.68266e-03
3.67121e-03
3.12264e-03
2.47516e-03
2.41838e-03
1.94704e-03
1.01721e-03
5.18509e-04
3.43685e-04
-5.85326e-04
-1.39176e-03
-1.53633e-03
-2.30704e-03
-2.85632e-03
-2.60631e-03
-2.72224e-03
-2.83306e-03
-2.44688e-03
-2.17025e-03
-2.29814e-03
-2.44753e-03
-2.09497e-03
-2.20242e-03
-2.62123e-03
-2.00382e-03
-1.28525e-03
-8.60996e-04
3.05300e-04
1.65774e-03
2.21843e-03
2.73254e-03
3.57347e-03
3.48328e-03
2.86568e-03
2.87391e-03
2.98018e-03
2.72825e-03
2.51541e-03
2.99112e-03
2.95658e-03
2.33005e-03
2.51285e-03
2.41149e-03
1.73857e-03
1.70380e-03
1.55411e-03
8.36808e-04
5.69193e-04
5.06856e-04
-1.95046e-04
-6.15742e-04
-4.47922e-04
-6.54772e-04
-1.15510e-03
-1.30960e-03
-1.20634e-03
-1.89133e-03
-2.36614e-03
-1.97883e-03
-2.27009e-03
-2.99758e-03
-2.96038e-03
-2.85537e-03
-3.29303e-03
-3.02216e-03
-2.06971e-03
-1.93643e-03
-1.90123e-03
-1.19607e-03
-5.10860e-04
-2.56973e-04
2.28656e-04
1.04080e-03
1.03188e-03
1.07106e-03
1.42329e-03
1.12242e-03
7.98290e-04
7.85841e-04
7.35599e-04
4.88583e-04
7.29694e-04
1.10921e-03
6.67930e-04
6.30870e-04
7.42000e-04
7.66960e-05
-3.74836e-04
-3.16320e-04
-3.44920e-04
-6.57552e-04
-2.36782e-04
5.18235e-04
4.15485e-04
6.42449e-04
1.19919e-03
1.13451e-03
9.10694e-04
1.08536e-03
1.48741e-03
1.22649e-03
1.20409e-03
1.88264e-03
1.71095e-03
1.33764e-03
1.64573e-03
1.41142e-03
4.24862e-04
-1.04773e-04
-6.17688e-04
-1.94098e-03
-2.81759e-03
-3.03022e-03
-3.70984e-03
-4.18141e-03
-4.09333e-03
-4.15629e-03
-4.52610e-03
-4.40430e-03
-3.79005e-03
-3.69345e-03
-3.40588e-03
-2.82226e-03
-2.83095e-03
-2.69090e-03
-2.26769e-03
-1.90246e-03
-1.32704e-03
-4.84705e-04
5.52996e-04
1.02575e-03
1.53066e-03
2.44167e-03
3.13095e-03
3.44145e-03
3.97439e-03
4.60935e-03
4.38951e-03
4.80252e-03
5.59318e-03
5.58262e-03
5.92653e-03
6.46732e-03
6.53368e-03
6.04135e-03
5.71812e-03
5.60452e-03
4.43299e-03
3.41687e-03
2.87157e-03
1.92751e-03
1.20964e-03
1.15798e-03
8.96281e-04
-2.85233e-04
-1.06963e-03
-1.49339e-03
-2.47447e-03
-2.78022e-03
-2.37836e-03
-2.34341e-03
-2.62158e-03
-2.41580e-03
-2.34393e-03
-2.79750e-03
-2.49753e-03
-2.09002e-03
-2.29890e-03
-2.58748e-03
-2.54148e-03
-2.67199e-03
-3.40837e-03
-3.19849e-03
-2.68552e-03
-3.27015e-03
-3.03382e-03
-2.47130e-03
-3.14751e-03
-3.50670e-03
-3.20418e-03
-3.56778e-03
-4.32457e-03
-4.39375e-03
-4.38921e-03
-4.69910e-03
-4.32297e-03
-3.22564e-03
-2.38510e-03
-1.98206e-03
-1.09581e-03
-5.96919e-04
-9.32945e-04
-7.49788e-04
-6.55840e-04
-8.62641e-04
-4.78025e-04
1.50217e-04
7.21010e-04
1.09050e-03
1.70650e-03
2.40223e-03
2.52236e-03
2.86759e-03
3.64146e-03
3.80784e-03
3.83748e-03
4.51550e-03
4.34273e-03
3.79443e-03
4.12129e-03
3.99987e-03
3.36361e-03
2.98863e-03
2.57096e-03
1.82347e-03
9.10975e-04
5.53796e-04
3.09912e-04
-2.11128e-04
-1.48840e-04
9.53605e-05
-2.75292e-04
-5.17328e-04
-3.38963e-04
-5.68271e-04
-8.97136e-04
-4.79950e-04
-2.95209e-04
-2.88569e-04
4.08588e-04
9.53689e-04
1.05131e-03
1.25703e-03
1.55898e-03
1.41282e-03
1.02788e-03
1.19699e-03
1.33648e-03
1.03175e-03
9.64852e-04
1.11653e-03
6.99257e-04
1.19224e-04
3.17887e-04
-7.50635e-06
-6.97726e-04
-4.91869e-04
-2.22753e-04
-2.01554e-04
3.80601e-05
5.35868e-04
1.75579e-04
-2.96377e-04
6.04187e-05
1.70876e-04
2.38067e-04
6.31387e-04
9.58580e-04
7.54203e-04
5.78950e-04
1.01885e-03
8.70993e-04
5.54361e-04
8.25013e-04
8.32518e-04
4.48041e-04
5.04557e-04
7.82575e-04
4.76689e-04
4.61280e-04
6.34486e-04
3.53006e-05
-4.70739e-04
-7.29317e-04
-1.00228e-03
-1.31229e-03
-1.34407e-03
-8.10267e-04
-7.32278e-04
-7.20426e-04
-5.01395e-04
-6.36067e-04
-1.05458e-03
-9.82735e-04
-6.26894e-04
-1.16046e-03
-1.40179e-03
-1.34143e-03
-2.06911e-03
-2.78831e-03
-2.79998e-03
-2.60254e-03
-2.64242e-03
-2.08106e-03
-1.43487e-03
-1.81226e-03
-2.15752e-03
-1.99477e-03
-2.21650e-03
-2.49174e-03
-1.91679e-03
-1.40343e-03
-1.22010e-03
-6.03378e-04
-7.36222e-05
-1.06613e-04
-2.59738e-04
-1.00471e-04
-6.11039e-04
-1.56043e-03
-1.78421e-03
-1.84777e-03
-2.07586e-03
-1.87492e-03
-1.40309e-03
-1.37105e-03
-1.09535e-03
-3.56697e-04
-1.99642e-04
-5.78098e-05
3.80269e-04
5.72538e-04
5.01901e-04
7.24323e-04
1.53024e-03
2.00128e-03
2.58756e-03
3.56681e-03
4.08767e-03
4.01101e-03
4.01450e-03
4.35364e-03
4.00489e-03
3.87262e-03
4.18395e-03
3.50176e-03
2.59939e-03
2.16054e-03
1.61957e-03
9.17125e-04
7.03554e-04
8.69115e-04
6.01276e-04
5.18674e-04
7.56796e-04
5.94394e-04
1.76217e-04
2.47125e-04
3.68078e-04
4.53033e-05
1.76469e-04
4.69309e-04
8.12579e-05
-2.54911e-04
-1.17817e-04
-2.56821e-04
-6.65857e-04
-6.46531e-04
-7.34198e-04
-1.44665e-03
-1.91756e-03
-2.13783e-03
-2.72278e-03
-3.38996e-03
-3.52191e-03
-3.62558e-03
-4.09381e-03
-3.62723e-03
-2.85714e-03
-2.68006e-03
-2.15697e-03
-1.60409e-03
-1.37856e-03
-1.12758e-03
-3.64835e-04
2.99262e-04
4.51644e-04
1.21858e-03
1.95541e-03
2.13302e-03
2.28418e-03
2.53666e-03
2.40683e-03
1.79342e-03
1.70031e-03
1.50617e-03
1.15370e-03
1.44771e-03
1.75478e-03
1.80521e-03
1.66409e-03
1.85699e-03
1.68000e-03
1.09798e-03
1.20223e-03
1.04729e-03
8.17067e-04
8.56052e-04
1.08179e-03
9.37694e-04
4.34123e-04
7.76631e-04
6.53713e-04
1.66923e-04
4.97886e-04
5.75769e-04
2.48756e-04
-1.04422e-04
-2.48856e-04
-7.25656e-04
-1.31627e-03
-1.30637e-03
-1.46940e-03
-1.67082e-03
-1.48203e-03
-1.23248e-03
-1.46054e-03
-1.81324e-03
-1.32576e-03
-1.10861e-03
-1.04250e-03
-3.64149e-04
-2.97169e-04
-7.07795e-04
-8.89821e-04
-9.48484e-04
-1.06027e-03
-7.81080e-04
-1.39197e-04
1.19754e-04
4.91002e-05
1.53094e-05
-4.31947e-05
-4.96776e-04
-8.88566e-04
-8.34431e-04
-1.31647e-03
-1.89507e-03
-1.78373e-03
-1.97458e-03
-2.38224e-03
-2.02521e-03
-1.70340e-03
-1.83317e-03
-1.26832e-03
-4.84188e-04
-3.26970e-04
-1.39882e-04
2.74734e-04
3.46538e-04
3.18882e-04
7.81888e-04
1.24272e-03
1.45891e-03
1.87406e-03
2.57480e-03
2.76875e-03
2.39469e-03
2.50409e-03
2.47413e-03
1.91670e-03
1.96971e-03
2.08214e-03
1.68335e-03
1.33322e-03
1.38373e-03
1.09875e-03
6.62434e-04
8.76286e-04
1.13878e-03
9.70492e-04
9.36060e-04
1.35276e-03
1.27205e-03
9.55233e-04
1.03351e-03
6.87422e-04
1.22271e-04
-8.67529e-05
-3.78744e-04
-7.73889e-04
-1.04782e-03
-7.58808e-04
-8.00601e-04
-1.22645e-03
-8.75875e-04
-6.50710e-04
-8.67048e-04
-7.00984e-04
-6.60177e-04
-1.17989e-03
-1.45904e-03
-1.30410e-03
-1.55242e-03
-1.63941e-03
-1.05668e-03
-6.50334e-04
-6.16139e-04
-5.41691e-04
-2.10047e-05
-1.92138e-05
-1.77554e-04
1.88157e-04
1.26841e-04
-2.40812e-04
-2.04434e-04
2.09058e-05
-2.88337e-04
-5.43167e-04
-2.65053e-04
-3.95123e-04
-3.18206e-04
1.48810e-04
3.81909e-04
4.08052e-04
2.38625e-04
2.45017e-04
-2.59968e-05
-1.32998e-04
2.96618e-04
4.07168e-04
6.27670e-04
1.04466e-03
1.18578e-03
9.55610e-04
8.96912e-04
1.03945e-03
6.89542e-04
8.15255e-04
1.32643e-03
1.34361e-03
1.23265e-03
1.33647e-03
1.14489e-03
1.57739e-04
-6.52278e-04
-1.27679e-03
-2.27115e-03
-2.72189e-03
-2.48066e-03
-2.43741e-03
-2.46938e-03
-1.91410e-03
-1.34733e-03
-1.19938e-03
-1.11636e-03
-8.11988e-04
-7.72766e-04
-1.18201e-03
-8.54552e-04
-4.38546e-04
-4.61533e-04
2.18130e-04
8.40157e-04
6.75234e-04
6.81314e-04
8.08672e-04
8.76159e-05
-6.23529e-04
-7.25323e-04
-9.58105e-04
-1.13698e-03
-8.77685e-04
-3.10073e-04
-2.26571e-04
-3.53486e-04
-2.01763e-05
-1.19942e-04
-6.18860e-04
-4.23106e-04
-3.56066e-05
-1.97082e-04
1.39987e-04
7.43560e-04
7.18411e-04
8.92680e-04
1.18550e-03
1.18652e-03
8.52928e-04
6.90396e-04
8.37578e-04
2.51303e-04
-9.59975e-05
6.41661e-05
-2.88920e-04
-7.22133e-04
-5.62068e-04
-3.21444e-04
-4.52377e-04
4.80789e-06
4.24425e-04
2.94543e-04
5.14555e-04
6.76648e-04
4.68277e-04
1.28941e-04
1.15245e-04
2.93338e-04
7.78302e-05
7.60038e-05
3.76184e-04
3.92087e-04
3.68365e-04
9.01249e-04
1.05872e-03
8.62973e-04
1.30198e-03
1.44730e-03
1.20198e-03
1.24790e-03
1.41552e-03
1.29880e-03
8.45373e-04
9.64306e-04
9.05633e-04
3.21349e-04
4.87050e-04
6.00850e-04
4.29393e-04
5.25153e-04
8.08560e-04
7.48716e-04
3.64135e-04
4.95721e-04
4.21613e-04
-2.28405e-04
-4.36215e-04
-5.31419e-04
-1.01124e-03
-1.30599e-03
-1.08942e-03
-1.12039e-03
-1.30291e-03
-8.75471e-04
-6.09757e-04
-9.11298e-04
-8.82614e-04
-7.29944e-04
-1.19706e-03
-1.40442e-03
-9.76914e-04
-9.43962e-04
-1.03424e-03
-6.75844e-04
-5.55731e-04
-7.63062e-04
-5.64463e-04
-2.34889e-04
-4.76310e-04
-7.70048e-04
-5.52866e-04
-5.76235e-04
-8.49136e-04
-5.43904e-04
-1.46886e-05
2.32461e-05
1.16498e-04
5.06199e-04
4.85805e-04
1.68802e-04
2.90495e-04
3.56055e-04
1.57667e-04
3.57403e-04
6.76930e-04
5.11108e-04
3.21381e-04
5.50629e-04
4.85140e-04
3.46152e-04
6.88629e-04
6.50792e-04
3.51696e-04
4.22449e-04
3.11350e-04
3.34853e-05
-5.23206e-05
1.80685e-04
2.37567e-04
6.41420e-05
3.26477e-04
5.77632e-04
3.85140e-04
4.53678e-04
9.40010e-04
7.42107e-04
3.79915e-04
7.17088e-04
5.22605e-04
2.72930e-04
7.76911e-04
1.05165e-03
9.32279e-04
9.20123e-04
1.20383e-03
1.03540e-03
7.63153e-04
8.72098e-04
7.92039e-04
5.77134e-04
4.94548e-04
5.76327e-04
1.10232e-04
-1.48964e-04
2.48279e-04
-3.47123e-05
-9.96176e-05
2.00330e-04
5.61483e-05
-2.00391e-04
-1.83520e-04
1.18293e-04
-1.79077e-04
-2.93975e-05
4.84235e-04
3.17655e-04
1.52162e-04
1.72751e-04
2.96114e-04
-1.07345e-04
-1.90543e-04
2.26215e-04
-3.80878e-04
-6.79187e-04
-6.31217e-04
-1.02012e-03
-1.22047e-03
-9.77628e-04
-4.72021e-04
-5.38518e-04
-2.74675e-04
2.87518e-04
1.13073e-04
1.07810e-04
1.91257e-04
-1.25475e-04
-5.13643e-04
-6.25363e-04
-5.41379e-04
-6.89145e-04
-5.41713e-04
7.38936e-05
1.00410e-04
-1.29337e-04
-3.63986e-05
-3.75008e-04
-1.21705e-03
-1.65332e-03
-1.82817e-03
-2.37853e-03
-2.70104e-03
-2.45803e-03
-2.60885e-03
-2.91552e-03
-2.66358e-03
-2.34817e-03
-2.40034e-03
-2.10917e-03
-1.31072e-03
-1.11828e-03
-9.15688e-04
-3.81988e-05
4.04939e-04
4.68132e-04
9.26803e-04
1.40089e-03
1.38344e-03
1.57363e-03
2.07071e-03
2.06326e-03
2.06983e-03
2.30423e-03
2.20469e-03
1.85563e-03
1.69047e-03
1.78211e-03
1.42275e-03
1.09601e-03
1.33619e-03
9.61758e-04
5.21465e-04
6.64661e-04
4.00418e-04
-6.59301e-05
-1.89747e-04
-1.25520e-04
-4.52767e-04
-7.08762e-04
-4.99693e-04
-7.81945e-04
-1.39214e-03
-1.43938e-03
-1.46691e-03
-2.08934e-03
-2.08226e-03
-1.63838e-03
-1.79803e-03
-1.81176e-03
-1.33767e-03
-1.03700e-03
-1.14784e-03
-7.91384e-04
-2.75504e-04
-2.57020e-04
1.40947e-04
6.82856e-04
9.10699e-04
1.07974e-03
1.48434e-03
1.61388e-03
1.24636e-03
1.23403e-03
1.14131e-03
6.52194e-04
3.46305e-04
5.22487e-04
4.68347e-04
1.21900e-04
2.97529e-04
7.02516e-05
-3.98524e-04
-2.57952e-04
-2.32226e-04
-3.42699e-04
-3.24108e-04
2.36244e-04
3.60656e-04
1.61080e-04
6.81928e-04
8.39143e-04
7.27056e-04
1.11386e-03
1.59259e-03
1.46083e-03
1.38678e-03
1.87225e-03
1.71113e-03
1.54959e-03
1.97194e-03
2.15664e-03
1.91279e-03
1.48239e-03
1.51359e-03
9.73073e-04
1.55954e-04
2.29719e-04
-7.54436e-05
-7.08345e-04
-7.75003e-04
-9.12911e-04
-1.36903e-03
-1.42111e-03
-1.00548e-03
-9.28673e-04
-7.55744e-04
-3.73363e-04
-1.39720e-04
-1.03830e-04
3.48478e-05
7.21737e-04
5.61709e-04
3.60225e-04
8.68172e-04
4.84068e-04
5.01094e-05
4.62278e-04
5.16113e-04
-1.01762e-05
1.01318e-04
3.34814e-04
-2.40833e-04
-5.49434e-04
-3.84168e-04
-6.51824e-04
-1.21221e-03
-1.26215e-03
-1.16008e-03
-1.62003e-03
-1.80888e-03
-1.42298e-03
-1.49126e-03
-1.69261e-03
-1.32323e-03
-1.17768e-03
-1.58495e-03
-1.45051e-03
-9.38578e-04
-8.04265e-04
-7.03602e-04
-3.07570e-04
-2.77750e-04
-5.36371e-04
-2.86745e-04
-2.00002e-04
-4.74346e-04
-4.60330e-04
-2.94437e-04
-6.60610e-04
-1.09273e-03
-7.84283e-04
-1.01225e-03
-1.35141e-03
-1.06266e-03
-9.54907e-04
-8.93298e-04
-6.35012e-04
9.65974e-05
4.25172e-04
4.61456e-04
9.96789e-04
1.03992e-03
7.02606e-04
6.94631e-04
8.99764e-04
7.29795e-04
5.69790e-04
1.01431e-03
8.19076e-04
3.95159e-04
5.58286e-04
5.41833e-04
1.64092e-04
1.87081e-04
5.61202e-04
2.77572e-04
2.80622e-04
7.02760e-04
5.49800e-04
3.86071e-04
7.20752e-04
9.63036e-04
9.05631e-04
1.16261e-03
1.44983e-03
1.32758e-03
1.35087e-03
1.57130e-03
1.76513e-03
1.68537e-03
1.68053e-03
1.70373e-03
1.00374e-03
6.23068e-04
6.21658e-04
3.07285e-04
2.60396e-04
5.19448e-04
5.94817e-04
2.77518e-04
2.47766e-04
3.15388e-04
-2.57614e-04
-4.50571e-04
-2.58898e-04
-3.04050e-04
-2.30037e-04
2.32441e-04
5.60435e-04
4.23563e-04
4.34252e-04
5.83826e-04
3.62292e-04
1.32188e-04
3.43570e-04
4.22907e-04
-1.68519e-05
1.79920e-04
4.38992e-04
-2.51816e-05
9.63776e-05
2.54547e-04
-1.60027e-04
-4.26759e-04
-5.09179e-04
-8.09301e-04
-1.27845e-03
-1.19016e-03
-1.00934e-03
-1.30585e-03
-1.36003e-03
-1.03133e-03
-1.10314e-03
-1.38466e-03
-9.38291e-04
-8.85828e-04
-1.60028e-03
-1.40472e-03
-1.17452e-03
-1.67758e-03
-1.75255e-03
-1.58524e-03
-1.80067e-03
-2.09841e-03
-1.79417e-03
-1.65030e-03
-2.03688e-03
-1.65421e-03
-1.17221e-03
-1.19454e-03
-8.55528e-04
-2.44662e-04
-1.48357e-04
-3.85537e-04
-2.18389e-04
-3.76510e-05
-2.05346e-04
-2.83302e-05
5.50824e-04
6.87297e-04
8.02437e-04
1.47110e-03
1.74249e-03
1.56576e-03
1.81395e-03
1.93167e-03
1.38928e-03
1.29709e-03
1.52414e-03
1.20675e-03
1.13441e-03
1.45372e-03
1.52405e-03
1.21635e-03
1.08254e-03
9.83675e-04
3.44136e-04
-1.61962e-05
-3.61464e-05
-2.99947e-04
-4.92299e-04
-4.00421e-04
-3.85564e-04
-4.88300e-04
-2.65534e-04
-3.49774e-05
-1.93956e-04
-3.28715e-04
-1.98837e-04
-2.84290e-04
-6.75077e-04
-3.32055e-04
6.33184e-05
-1.58974e-04
2.94465e-04
7.43886e-04
4.64827e-04
1.85406e-04
2.41967e-04
-1.64605e-05
-5.31133e-04
-3.71053e-04
-2.71826e-04
-4.72635e-04
-2.56989e-04
9.59560e-05
3.38936e-04
1.90420e-04
4.58532e-04
7.83616e-04
3.45252e-04
4.00348e-04
5.56050e-04
2.86642e-04
5.29854e-05
2.11251e-04
3.43942e-04
1.49020e-04
5.30354e-04
6.72693e-04
3.00888e-04
4.04407e-04
4.24129e-04
2.52954e-04
2.37483e-04
5.16163e-04
4.60725e-04
2.93674e-04
4.90783e-04
4.47753e-04
2.48515e-04
1.32861e-04
2.98783e-04
1.79682e-04
-2.97117e-04
2.52070e-05
3.52981e-05
-4.04496e-04
-9.60116e-05
1.26523e-04
-6.09121e-05
3.28752e-05
5.28538e-04
5.38650e-04
3.59690e-04
5.65069e-04
5.74184e-04
1.67673e-04
-3.24964e-04
-2.86540e-04
-5.71627e-04
-1.06428e-03
-7.27186e-04
-9.23792e-04
-1.16768e-03
-9.54448e-04
-1.08054e-03
-1.08340e-03
-9.92270e-04
-7.34000e-04
-7.43155e-04
-7.94062e-04
-5.90917e-04
-7.10069e-04
-8.48755e-04
-8.61336e-04
-8.02331e-04
-1.00549e-03
-8.79287e-04
-3.45340e-04
-5.69885e-04
-5.85262e-04
-2.49251e-04
-5.53585e-04
-9.37928e-04
-8.85365e-04
-6.79066e-04
-8.38029e-04
-6.35833e-04
5.27617e-05
1.61353e-04
1.43539e-04
5.07264e-04
7.26146e-04
3.37177e-04
2.18885e-04
6.30355e-04
2.20115e-04
5.10835e-06
4.49428e-04
5.12742e-04
4.52961e-04
6.91506e-04
9.15018e-04
3.96257e-04
-3.20619e-07
-6.96850e-05
-5.79987e-04
-8.96401e-04
-7.48174e-04
-7.73900e-04
-7.77627e-04
-3.12854e-04
3.15715e-05
-1.22127e-04
-9.28943e-05
-3.30230e-05
-4.42509e-04
-8.37652e-04
-6.74825e-04
-6.25340e-04
-9.03650e-04
-5.38434e-04
-8.20902e-07
-2.54012e-05
2.85534e-04
9.92706e-04
9.54181e-04
8.10302e-04
1.18646e-03
1.17724e-03
6.80455e-04
6.37660e-04
9.43868e-04
8.16327e-04
7.48758e-04
1.18069e-03
1.16538e-03
8.77271e-04
1.03720e-03
1.17017e-03
1.11069e-03
1.43936e-03
2.00325e-03
2.04117e-03
2.16967e-03
2.54270e-03
2.56412e-03
2.40003e-03
2.26496e-03
2.06806e-03
1.40667e-03
9.47363e-04
9.02059e-04
4.21161e-04
1.95400e-04
3.76075e-04
8.59692e-05
-3.74240e-04
-2.59173e-04
-1.91932e-04
-7.50546e-04
-8.61340e-04
-7.77486e-04
-1.09351e-03
-1.33466e-03
-1.17959e-03
-9.72380e-04
-1.18556e-03
-8.18223e-04
-2.60773e-04
-6.34142e-04
-9.18538e-04
-8.76461e-04
-1.22865e-03
-1.92952e-03
-1.92434e-03
-1.63725e-03
-1.93837e-03
-1.68788e-03
-1.11721e-03
-1.08534e-03
-1.15408e-03
-7.04660e-04
-4.11020e-04
-7.93384e-04
-3.95730e-04
-1.26049e-04
-6.83369e-04
-5.24484e-04
-5.11139e-04
-8.43728e-04
-8.98202e-04
-7.57186e-04
-7.26516e-04
-8.80015e-04
-5.50986e-04
-3.09476e-04
-1.65465e-04
-5.92425e-05
4.95677e-05
1.28586e-04
-3.13227e-04
-2.01681e-05
2.33559e-04
-1.54296e-04
2.13053e-04
6.05025e-04
6.34000e-04
8.39515e-04
1.32701e-03
1.38952e-03
1.13806e-03
1.31244e-03
1.29678e-03
1.04952e-03
1.07728e-03
1.24301e-03
1.12704e-03
8.11794e-04
8.10241e-04
5.52818e-04
2.71523e-05
-1.52771e-04
-2.20349e-04
-5.90859e-04
-5.75706e-04
-1.35350e-04
-2.53979e-04
-2.17706e-04
4.08531e-05
-6.45793e-05
-1.63224e-04
-3.22550e-05
-3.63794e-05
-4.17430e-04
-6.06419e-04
-6.08614e-04
-9.00956e-04
-1.33049e-03
-1.28002e-03
-1.17497e-03
-1.59693e-03
-1.45388e-03
-1.00561e-03
-1.21818e-03
-1.17584e-03
-6.59103e-04
-5.56501e-04
-4.80979e-04
1.97241e-04
5.95474e-04
5.60136e-04
7.89612e-04
1.06481e-03
9.80367e-04
7.39524e-04
9.17004e-04
8.83863e-04
6.04995e-04
8.96614e-04
1.02865e-03
7.06376e-04
5.82429e-04
8.79084e-04
6.72223e-04
2.45874e-04
6.75492e-04
7.15322e-04
4.29917e-04
6.42794e-04
6.99461e-04
4.60697e-04
1.96401e-04
2.96163e-04
2.14571e-04
-7.71496e-05
2.15388e-04
3.95318e-04
2.76322e-05
-1.14697e-04
7.81390e-05
-1.71955e-04
-3.85534e-04
-3.83280e-05
-2.48564e-04
-6.39578e-04
-6.77667e-04
-1.00626e-03
-1.55891e-03
-1.95805e-03
-1.86004e-03
-1.90365e-03
-1.83374e-03
-1.06541e-03
-6.12345e-04
-4.65003e-04
-4.28865e-05
3.18562e-04
1.88807e-04
1.96524e-05
3.15974e-04
2.15143e-04
1.11851e-04
5.88781e-04
8.12811e-04
7.95291e-04
9.89614e-04
1.23445e-03
9.65715e-04
9.69889e-04
1.08426e-03
6.14332e-04
2.44592e-04
2.25428e-04
1.26869e-04
-3.35660e-04
-4.33927e-04
-2.52739e-04
-5.54285e-04
-6.24138e-04
-3.13037e-04
-2.44272e-04
-2.63752e-04
2.71586e-04
7.05041e-04
3.47397e-04
3.38904e-04
3.18054e-04
-6.89147e-05
-2.58362e-04
-1.84280e-04
3.17928e-05
-1.74575e-04
-5.30952e-05
2.83965e-04
1.41112e-05
-8.43396e-06
1.26395e-04
-4.13518e-05
-2.12027e-04
-1.39340e-05
2.85299e-04
3.14115e-04
6.83973e-04
9.49640e-04
7.85945e-04
7.36716e-04
7.66627e-04
6.28764e-04
1.55311e-04
1.82581e-04
2.91341e-04
-2.90703e-04
-2.19923e-04
-1.53602e-04
-6.02228e-04
-7.06475e-04
-6.00456e-04
-6.34148e-04
-6.99278e-04
-3.59417e-04
-1.17028e-05
7.84415e-05
2.31579e-04
5.01882e-04
4.90082e-04
3.46309e-04
7.35616e-04
8.79949e-04
7.38242e-04
1.04689e-03
1.18317e-03
8.98786e-04
8.84201e-04
1.10896e-03
9.42201e-04
6.76654e-04
8.44736e-04
7.76849e-04
5.13090e-04
6.01173e-04
6.51907e-04
4.61088e-04
5.09723e-04
9.35189e-04
1.05960e-03
8.90969e-04
1.14931e-03
1.08474e-03
2.93738e-04
2.14164e-04
1.46682e-06
-5.50294e-04
-5.34034e-04
-3.83599e-04
-4.41031e-04
-7.21477e-04
-7.75320e-04
-9.68808e-04
-1.54955e-03
-1.73037e-03
-1.61533e-03
-1.67206e-03
-2.02644e-03
-1.73037e-03
-1.60643e-03
-2.28791e-03
-2.13137e-03
-2.00978e-03
-2.39289e-03
-2.35524e-03
-2.05808e-03
-2.02539e-03
-2.09685e-03
-1.55456e-03
-1.11478e-03
-1.08463e-03
-5.39070e-04
-1.11305e-04
-1.40208e-04
3.13282e-05
3.76056e-04
3.35188e-04
1.59690e-04
4.01388e-04
5.11033e-04
2.60306e-04
2.17663e-04
3.16570e-04
-4.87606e-05
-3.25978e-04
-1.39748e-04
-3.43127e-04
-6.37853e-04
-5.31998e-04
-3.43941e-04
-4.13869e-04
-4.39258e-04
-7.84638e-05
-2.94684e-04
-6.07402e-04
-2.64753e-04
-1.70428e-04
-1.24249e-04
2.73804e-04
6.50864e-04
5.36814e-04
4.05049e-04
6.22201e-04
3.94201e-04
2.46551e-04
5.76946e-04
5.28499e-04
5.06359e-04
8.07465e-04
9.18338e-04
9.15840e-04
1.00254e-03
1.11101e-03
1.07159e-03
8.80533e-04
1.08814e-03
1.26363e-03
9.91977e-04
1.19272e-03
1.55956e-03
1.49514e-03
1.53551e-03
1.99259e-03
2.13385e-03
1.95258e-03
2.13802e-03
2.14899e-03
1.62009e-03
1.38804e-03
1.34851e-03
9.95846e-04
7.67716e-04
1.00453e-03
9.71120e-04
7.09831e-04
8.95367e-04
9.02978e-04
6.09224e-04
4.33105e-04
4.16678e-04
1.64067e-04
-2.01566e-04
-1.84672e-04
-2.55772e-04
-7.10967e-04
-1.06238e-03
-1.32168e-03
-1.96874e-03
-2.31214e-03
-2.24284e-03
-2.55325e-03
-2.63438e-03
-2.42283e-03
-2.44428e-03
-2.64262e-03
-2.58295e-03
-2.16798e-03
-2.29272e-03
-2.09609e-03
-1.44765e-03
-1.33800e-03
-1.20561e-03
-5.79897e-04
-1.10121e-05
-3.39734e-05
3.25179e-04
9.14420e-04
7.87590e-04
8.19377e-04
1.07594e-03
1.18138e-03
9.96193e-04
9.61314e-04
1.22646e-03
7.38840e-04
4.83029e-04
6.84110e-04
3.34642e-04
-1.46719e-05
-2.85838e-05
9.80617e-05
-2.99493e-05
3.20056e-04
9.69713e-04
9.54034e-04
1.08435e-03
1.39108e-03
1.20264e-03
7.13198e-04
5.90497e-04
3.44151e-04
-4.64112e-04
-6.02360e-04
-7.18735e-04
-1.19205e-03
-1.16170e-03
-8.92176e-04
-6.74854e-04
-7.29048e-04
-3.95461e-04
-1.47118e-05
-2.94445e-04
-2.99671e-04
-1.45749e-04
-4.21182e-04
-7.99129e-04
-6.52619e-04
-6.71153e-04
-1.16761e-03
-9.82893e-04
-7.19796e-04
-9.10972e-04
-6.22584e-04
-1.93039e-04
-3.63771e-04
-3.59754e-04
1.82807e-05
1.25944e-04
-7.70406e-05
-3.20543e-06
3.38187e-04
1.19165e-04
1.44663e-04
6.17477e-04
6.37833e-04
5.63234e-04
9.84873e-04
1.33957e-03
1.15164e-03
1.32385e-03
1.70282e-03
1.48467e-03
1.41862e-03
1.60244e-03
1.69237e-03
1.36851e-03
1.40752e-03
1.74258e-03
1.13104e-03
9.64365e-04
1.19403e-03
8.34023e-04
4.36685e-04
3.19550e-04
1.97271e-04
-3.55757e-04
-4.97725e-04
-4.34085e-04
-8.97207e-04
-1.06463e-03
-8.54005e-04
-8.53955e-04
-1.14335e-03
-8.83680e-04
-5.68555e-04
-8.40030e-04
-7.00542e-04
-5.23307e-04
-7.61281e-04
-8.39717e-04
-5.95451e-04
-5.71364e-04
-8.62809e-04
-6.88080e-04
-5.70276e-04
-8.61500e-04
-8.17547e-04
-5.64805e-04
-6.47249e-04
-7.91326e-04
-3.24834e-04
-1.34545e-04
-3.35707e-04
8.70373e-05
3.28729e-04
2.70216e-04
5.04497e-04
8.47437e-04
7.69346e-04
5.48820e-04
6.90755e-04
5.56170e-04
1.26881e-04
-5.41594e-07
2.15532e-05
-1.92814e-04
-3.60937e-04
-3.48702e-05
-2.71636e-05
-2.78133e-04
-9.43527e-06
2.44828e-05
-3.15816e-04
-3.54619e-04
-3.13309e-04
-6.05153e-04
-6.92343e-04
-3.62374e-04
-2.67785e-04
-2.90930e-04
2.73176e-05
3.10916e-04
1.10928e-04
9.82622e-05
2.53653e-04
-6.08867e-05
-2.28161e-04
-3.71260e-05
-1.04129e-04
-2.80478e-04
-1.08779e-04
-6.15596e-06
-2.76837e-04
-1.99002e-04
-6.64778e-05
-1.79602e-04
-1.91676e-04
3.13865e-05
3.28392e-04
2.12548e-04
3.83003e-04
7.18375e-04
4.86413e-04
3.21720e-04
4.71512e-04
3.33719e-04
-1.91498e-05
6.13946e-05
1.05208e-04
-1.58081e-04
-3.02174e-05
1.55955e-04
3.24470e-05
1.59805e-05
1.97513e-04
1.39928e-04
3.83249e-05
1.90331e-04
2.14804e-04
1.40139e-04
1.34090e-04
2.81760e-04
2.63222e-04
1.29413e-04
2.32293e-04
1.18852e-04
-1.49159e-04
-1.01862e-04
-6.53840e-06
-1.82738e-04
-2.40795e-04
-3.62459e-05
-1.29034e-04
-2.55688e-04
-7.45954e-05
-8.48544e-05
-2.17585e-04
-1.46772e-04
-4.34778e-05
-1.35674e-04
-1.75281e-04
5.35435e-05
1.18175e-04
-9.07129e-06
1.14023e-04
2.09195e-04
2.51250e-05
6.76911e-06
1.34785e-04
2.64090e-05
-9.14269e-06
1.26132e-04
1.17260e-04
3.63329e-05
8.28743e-05
1.70367e-04
9.84331e-05
1.16393e-04
2.68864e-04
2.28337e-04
1.82045e-04
2.37990e-04
2.01274e-04
8.88121e-05
6.99121e-05
1.24924e-04
-1.50926e-06
-8.55906e-05
2.76544e-05
-4.70911e-05
-1.25339e-04
-1.01862e-05
-1.66851e-05
-1.02194e-04
-3.74412e-05
3.13641e-05
-5.09487e-05
-7.67785e-05
-4.22126e-06
-3.44357e-05
-1.05815e-04
-5.47974e-05
8.90482e-06
-4.33350e-05
-3.95330e-05
6.03267e-05
1.89606e-05
-3.76539e-05
3.23010e-05
1.69216e-06
-8.29561e-05
-7.55859e-05
-6.76493e-05
-1.14502e-04
-1.33209e-04
-9.11958e-05
-1.13492e-04
-1.48237e-04
-1.04347e-04
-9.32278e-05
-1.12501e-04
-7.71561e-05
-2.33913e-05
-2.91753e-05
-1.26066e-05
4.55214e-05
3.32003e-05
1.33717e-05
4.72441e-05
4.95016e-05
7.38830e-06
8.43723e-06
3.00012e-05
-3.32808e-06
-2.16098e-05
7.30189e-06
-7.56764e-07
-3.04260e-05
-1.96317e-05
-2.17646e-05
-5.57230e-05
-5.89648e-05
-5.21418e-05
-6.97266e-05
-7.28739e-05
-6.03431e-05
-5.98012e-05
-6.70756e-05
-5.32943e-05
-3.17951e-05
-3.66349e-05
-2.53014e-05
-1.42925e-08
-1.15128e-06
-4.11361e-07
1.38287e-05
1.69468e-05
9.14299e-06
1.44002e-05
2.10239e-05
1.23116e-05
1.04416e-05
1.86570e-05
1.42901e-05
6.12045e-06
9.30469e-06
1.21366e-05
8.75359e-06
1.03766e-05
1.51212e-05
1.36590e-05
1.32625e-05
1.57817e-05
1.45790e-05
1.30686e-05
1.28165e-05
1.32839e-05
1.22287e-05
1.06800e-05
1.18221e-05
1.11364e-05
9.86173e-06
1.06341e-05
1.06306e-05
9.94794e-06
1.01262e-05
1.05693e-05
9.87575e-06
9.79007e-06
1.01430e-05
9.58901e-06
9.19811e-06
9.04846e-06
8.62009e-06
8.02259e-06
7.47974e-06
7.02788e-06
6.35444e-06
5.73314e-06
5.23816e-06
4.68627e-06
4.13088e-06
3.67480e-06
3.23382e-06
2.80246e-06
2.42600e-06
2.07231e-06
1.73315e-06
1.41897e-06
1.12536e-06
8.49843e-07
5.91030e-07
3.50288e-07
1.25371e-07
-8.45734e-08
-2.79807e-07
-4.60895e-07
-6.28283e-07
-7.82296e-07
-9.23287e-07
-1.05160e-06
