1.36082e-03
1.35593e-03
1.35593e-03
1.36014e-03
1.35699e-03
1.34732e-03
1.34638e-03
1.36945e-03
1.40487e-03
1.41632e-03
1.38412e-03
1.33652e-03
1.29533e-03
1.25904e-03
1.27445e-03
1.35504e-03
1.48983e-03
1.60939e-03
1.66855e-03
1.61441e-03
1.49035e-03
1.39885e-03
1.43458e-03
1.59719e-03
1.60918e-03
1.19647e-03
7.19430e-04
5.88272e-04
5.80313e-04
4.41000e-04
5.03119e-04
6.87517e-04
9.52122e-04
1.52030e-03
2.47276e-03
3.74885e-03
4.59755e-03
4.90896e-03
4.69120e-03
3.49170e-03
1.38534e-03
-3.38704e-04
-9.98914e-04
-1.44302e-03
-1.99860e-03
-1.77480e-03
-2.31356e-04
2.18720e-03
4.51710e-03
6.25530e-03
6.83348e-03
6.06058e-03
4.33302e-03
2.25067e-03
2.37811e-04
-4.15461e-04
9.85855e-04
4.19425e-03
7.61997e-03
9.17646e-03
8.50032e-03
5.80951e-03
1.88053e-03
-2.14364e-03
-5.02206e-03
-6.29806e-03
-6.37492e-03
-4.77118e-03
-9.00072e-04
3.51637e-03
8.47403e-03
1.39099e-02
1.69858e-02
1.60611e-02
1.09198e-02
4.64385e-03
4.43671e-04
-6.42292e-04
2.37630e-03
7.40024e-03
9.01460e-03
6.88400e-03
3.96125e-03
3.09056e-03
3.56505e-03
2.94867e-03
2.44495e-03
2.94116e-03
2.95153e-03
2.99057e-03
3.42022e-03
3.11492e-03
1.25891e-03
-1.96847e-03
-3.46661e-03
-1.53635e-03
1.34603e-03
3.22749e-03
3.69091e-03
4.01092e-03
5.60491e-03
7.98916e-03
1.02143e-02
1.03815e-02
5.73262e-03
-1.29881e-03
-5.11052e-03
-6.56373e-03
-8.73952e-03
-1.01291e-02
-7.60159e-03
-2.62003e-03
-7.00374e-05
-1.10053e-03
-2.88936e-03
-2.05475e-03
4.00371e-03
1.48776e-02
2.24701e-02
2.41662e-02
2.36432e-02
2.13458e-02
1.51119e-02
7.34475e-03
2.00155e-03
-2.50914e-03
-6.37070e-03
-6.06310e-03
-3.68579e-03
-3.11520e-03
-2.29068e-03
2.15461e-03
7.99873e-03
1.10141e-02
1.19656e-02
1.36576e-02
1.60034e-02
1.56511e-02
1.08590e-02
5.36006e-03
-7.95169e-04
-8.91181e-03
-1.25459e-02
-1.13338e-02
-1.14374e-02
-1.54727e-02
-2.11183e-02
-2.41983e-02
-2.44963e-02
-2.33461e-02
-2.40104e-02
-2.72534e-02
-2.77671e-02
-2.39183e-02
-2.01025e-02
-1.63009e-02
-1.47844e-02
-1.77184e-02
-1.97019e-02
-1.82462e-02
-1.82153e-02
-2.31608e-02
-3.29951e-02
-4.66375e-02
-6.16561e-02
-7.16914e-02
-7.24103e-02
-6.53194e-02
-5.80981e-02
-5.56826e-02
-5.52887e-02
-5.28857e-02
-4.68344e-02
-3.62942e-02
-2.38302e-02
-1.46128e-02
-9.03851e-03
-3.43000e-03
4.43991e-03
1.21418e-02
1.52332e-02
1.24682e-02
3.78943e-04
-2.02776e-02
-3.89491e-02
-4.65939e-02
-4.17643e-02
-2.22149e-02
6.28429e-03
3.57399e-02
6.10567e-02
7.39617e-02
7.53572e-02
7.14808e-02
6.42460e-02
5.46022e-02
4.45700e-02
3.59571e-02
3.15580e-02
3.09812e-02
3.14798e-02
3.12570e-02
2.75646e-02
1.97377e-02
1.34614e-02
1.45305e-02
2.21424e-02
2.88272e-02
2.84545e-02
2.06252e-02
8.16616e-03
-9.65899e-04
2.21981e-03
2.27503e-02
5.41382e-02
7.48910e-02
7.49217e-02
6.01888e-02
4.06561e-02
2.28199e-02
5.65816e-03
-1.14795e-02
-2.54339e-02
-3.09206e-02
-2.49389e-02
-2.95167e-03
2.63619e-02
4.86968e-02
6.73546e-02
8.02398e-02
8.38001e-02
7.76562e-02
6.21241e-02
4.33880e-02
2.01659e-02
-1.24610e-02
-4.47782e-02
-6.02602e-02
-5.55085e-02
-3.73269e-02
-2.03795e-02
-1.16258e-02
-5.52944e-03
-3.33085e-03
-1.11616e-02
-2.79868e-02
-4.02590e-02
-4.09269e-02
-3.51633e-02
-2.76265e-02
-1.80581e-02
-4.81560e-03
9.33755e-03
2.15106e-02
2.87450e-02
2.46136e-02
1.19631e-03
-3.59305e-02
-6.76431e-02
-8.98183e-02
-1.11294e-01
-1.28426e-01
-1.33704e-01
-1.32173e-01
-1.27824e-01
-1.11314e-01
-6.74201e-02
-1.02098e-02
3.94011e-02
7.14193e-02
8.77717e-02
9.06098e-02
7.75049e-02
5.21646e-02
2.76892e-02
6.81091e-03
-1.64958e-02
-4.32396e-02
-6.24558e-02
-6.67605e-02
-5.82457e-02
-4.48318e-02
-3.29819e-02
-2.84013e-02
-3.25459e-02
-4.30156e-02
-5.50202e-02
-6.49977e-02
-6.82059e-02
-6.13828e-02
-4.53001e-02
-2.25322e-02
-1.60533e-03
7.70828e-03
8.18935e-03
9.36596e-03
1.90809e-02
4.00116e-02
6.69929e-02
9.05983e-02
1.09164e-01
1.21708e-01
1.23494e-01
1.08568e-01
7.17191e-02
3.17178e-02
1.75006e-02
1.82547e-02
9.34382e-03
-2.05157e-02
-5.98203e-02
-9.27951e-02
-1.13653e-01
-1.22890e-01
-1.24193e-01
-1.14983e-01
-8.31907e-02
-2.54808e-02
3.62843e-02
7.97575e-02
1.02757e-01
1.20394e-01
1.38364e-01
1.47709e-01
1.46463e-01
1.39094e-01
1.22584e-01
9.05157e-02
5.34318e-02
2.47681e-02
2.14281e-03
-1.58187e-02
-3.12209e-02
-4.26299e-02
-4.27626e-02
-3.54369e-02
-3.58761e-02
-4.72148e-02
-5.88677e-02
-6.61651e-02
-6.79426e-02
-6.17547e-02
-4.46749e-02
-1.59768e-02
2.54441e-02
6.85494e-02
1.02073e-01
1.32452e-01
1.55239e-01
1.58350e-01
1.43512e-01
1.09363e-01
6.87274e-02
3.15825e-02
-1.08028e-02
-6.08761e-02
-1.12302e-01
-1.57614e-01
-1.89689e-01
-2.06253e-01
-2.11501e-01
-2.11975e-01
-2.11257e-01
-2.08340e-01
-1.96070e-01
-1.64061e-01
-1.04885e-01
-2.98563e-02
3.99115e-02
9.66731e-02
1.45841e-01
1.81951e-01
1.93112e-01
1.89358e-01
1.76526e-01
1.32313e-01
6.30515e-02
-1.33366e-02
-8.51852e-02
-1.46417e-01
-1.96781e-01
-2.18027e-01
-2.12339e-01
-1.90574e-01
-1.44835e-01
-8.64777e-02
-2.95733e-02
1.45115e-02
4.31917e-02
6.10006e-02
7.58916e-02
9.44120e-02
1.14583e-01
1.29394e-01
1.34779e-01
1.27300e-01
1.01006e-01
6.71660e-02
4.94812e-02
4.82810e-02
5.24224e-02
5.13464e-02
3.41322e-02
3.92583e-05
-3.89351e-02
-7.08769e-02
-8.89534e-02
-9.51235e-02
-9.06454e-02
-6.92502e-02
-3.60901e-02
-6.01172e-03
7.81634e-03
1.04536e-02
1.78491e-02
3.58707e-02
5.36129e-02
6.37220e-02
5.68356e-02
3.20292e-02
6.57745e-03
-7.49811e-03
-1.43930e-02
-1.95027e-02
-2.23390e-02
-2.29691e-02
-2.19564e-02
-1.63621e-02
-1.34108e-03
2.50523e-02
5.65236e-02
8.30248e-02
9.56936e-02
9.26048e-02
7.93599e-02
6.15441e-02
3.87739e-02
2.67493e-02
2.66694e-02
2.55368e-02
1.51115e-02
-3.17627e-03
-2.40253e-02
-3.83473e-02
-4.62323e-02
-5.33706e-02
-5.83141e-02
-5.76439e-02
-5.38132e-02
-4.69429e-02
-3.18203e-02
-1.38205e-02
-3.34429e-03
-1.24415e-03
-1.85170e-03
-2.98019e-04
8.72769e-03
3.14482e-02
6.24055e-02
8.87087e-02
1.00858e-01
9.21415e-02
6.10487e-02
3.08660e-02
2.50037e-02
4.22181e-02
7.09815e-02
9.85421e-02
1.10798e-01
9.88914e-02
6.82299e-02
3.87649e-02
2.00056e-02
1.15933e-02
5.37709e-03
-5.64085e-03
-2.04816e-02
-3.66643e-02
-5.46842e-02
-7.32603e-02
-9.01242e-02
-9.79012e-02
-9.50853e-02
-8.32813e-02
-5.99009e-02
-2.33448e-02
9.36304e-03
2.29343e-02
1.43126e-02
-1.13210e-02
-4.42280e-02
-7.53475e-02
-9.16331e-02
-8.82985e-02
-6.51330e-02
-2.98574e-02
7.29927e-04
2.00670e-02
3.65844e-02
5.54843e-02
7.15771e-02
8.08841e-02
8.26847e-02
7.18628e-02
4.21776e-02
8.02235e-04
-3.46427e-02
-5.65352e-02
-6.46254e-02
-6.45574e-02
-6.19317e-02
-6.14015e-02
-6.49367e-02
-7.12541e-02
-7.52392e-02
-6.94913e-02
-4.42188e-02
-3.92941e-03
3.08276e-02
4.98120e-02
5.70601e-02
6.27278e-02
7.28321e-02
8.32993e-02
8.63039e-02
7.62120e-02
4.69043e-02
1.10520e-02
-1.88185e-02
-2.86627e-02
-1.60161e-02
1.40292e-02
4.98188e-02
7.37406e-02
7.99228e-02
7.03394e-02
4.68137e-02
2.60821e-02
2.20011e-02
2.92551e-02
4.19471e-02
5.04320e-02
4.59883e-02
2.68927e-02
4.39531e-03
-8.08362e-03
-1.04334e-02
-9.70087e-03
-8.17819e-03
-4.81045e-03
-1.12032e-04
3.69733e-03
3.64385e-03
-4.54274e-03
-2.19033e-02
-4.04516e-02
-5.40908e-02
-6.40313e-02
-6.77983e-02
-6.29957e-02
-4.81101e-02
-2.17679e-02
1.48516e-02
5.15691e-02
7.61494e-02
8.84622e-02
9.72627e-02
1.02229e-01
9.70417e-02
8.39032e-02
7.25689e-02
6.71371e-02
6.08971e-02
4.49589e-02
2.14772e-02
-1.72809e-03
-1.65789e-02
-2.05438e-02
-1.60796e-02
-5.22712e-03
2.78928e-03
1.75973e-03
-4.39420e-03
-1.32234e-02
-2.12355e-02
-2.43483e-02
-2.14087e-02
-1.51735e-02
-1.15924e-02
-1.30426e-02
-1.68655e-02
-1.64205e-02
-5.56326e-03
1.64097e-02
3.98679e-02
5.44986e-02
5.83017e-02
5.44410e-02
4.34573e-02
2.26112e-02
-5.20795e-03
-3.32065e-02
-5.74646e-02
-7.47366e-02
-8.12155e-02
-8.07648e-02
-7.97233e-02
-8.03002e-02
-8.23939e-02
-8.81381e-02
-9.70206e-02
-9.83623e-02
-8.62843e-02
-6.78665e-02
-6.07332e-02
-6.76371e-02
-7.89303e-02
-8.25127e-02
-7.28601e-02
-5.17316e-02
-2.88727e-02
-1.52870e-02
-1.35736e-02
-1.93059e-02
-3.19493e-02
-4.76951e-02
-5.96861e-02
-6.30846e-02
-5.88145e-02
-5.06021e-02
-4.09914e-02
-2.90405e-02
-1.33508e-02
5.34379e-03
2.27424e-02
3.12230e-02
2.71821e-02
6.59206e-03
-2.50276e-02
-5.69153e-02
-8.60865e-02
-1.06834e-01
-1.14369e-01
-1.12317e-01
-1.01544e-01
-8.61235e-02
-7.35734e-02
-6.59737e-02
-5.80948e-02
-4.25487e-02
-1.99734e-02
2.45701e-03
2.33707e-02
3.98208e-02
4.79871e-02
5.41246e-02
6.41232e-02
7.57610e-02
8.55931e-02
9.62022e-02
1.08897e-01
1.16015e-01
1.08739e-01
8.41381e-02
5.30448e-02
2.95361e-02
2.19076e-02
2.06336e-02
1.60282e-02
7.70612e-03
2.38879e-03
3.46328e-03
7.80383e-03
1.05705e-02
7.41114e-03
-1.38108e-03
-9.19905e-03
-1.10443e-02
-6.14000e-03
4.71663e-03
1.45850e-02
1.95778e-02
2.41782e-02
3.19222e-02
4.40497e-02
5.87470e-02
7.48727e-02
9.37480e-02
1.04396e-01
1.00472e-01
8.07780e-02
5.42403e-02
3.54883e-02
2.70607e-02
2.13210e-02
1.21103e-02
-2.62834e-03
-1.92525e-02
-3.41064e-02
-4.34860e-02
-4.59729e-02
-4.26404e-02
-3.45504e-02
-2.21252e-02
-5.78879e-03
1.31789e-02
3.51332e-02
5.82410e-02
7.60156e-02
8.67872e-02
9.24462e-02
9.41838e-02
9.14688e-02
8.34960e-02
6.49109e-02
2.93828e-02
-9.99057e-03
-3.47583e-02
-4.51654e-02
-4.53772e-02
-3.50121e-02
-2.06497e-02
-1.24193e-02
-1.02511e-02
-8.29390e-03
-4.01909e-03
-2.33747e-04
-1.07482e-03
-1.10135e-02
-3.17591e-02
-5.34157e-02
-6.61343e-02
-6.86293e-02
-6.73127e-02
-6.50495e-02
-6.35864e-02
-6.56404e-02
-7.04731e-02
-7.40402e-02
-7.49457e-02
-7.12932e-02
-6.16903e-02
-5.32516e-02
-5.11420e-02
-5.44176e-02
-6.19605e-02
-7.11969e-02
-7.99169e-02
-8.55335e-02
-8.40804e-02
-7.35027e-02
-5.71715e-02
-4.26964e-02
-3.37370e-02
-2.91206e-02
-2.45509e-02
-1.88644e-02
-1.25950e-02
-6.88356e-03
-3.31699e-03
-1.06676e-03
5.20403e-04
1.53498e-03
4.64760e-03
1.09800e-02
1.83975e-02
2.48564e-02
3.03038e-02
3.67455e-02
4.51063e-02
5.30781e-02
5.73359e-02
5.91768e-02
6.22356e-02
6.73290e-02
7.25024e-02
7.91051e-02
9.06415e-02
1.04285e-01
1.14404e-01
1.19551e-01
1.20466e-01
1.17634e-01
1.09518e-01
8.80431e-02
4.98651e-02
1.04848e-02
-1.71360e-02
-3.14583e-02
-3.49256e-02
-3.19936e-02
-2.47432e-02
-1.41589e-02
-1.97369e-03
7.51780e-03
9.46654e-03
4.40471e-03
-1.75723e-03
-6.12165e-03
-1.19546e-02
-2.00660e-02
-2.64808e-02
-2.69472e-02
-2.04569e-02
-1.23816e-02
-1.04498e-02
-1.38905e-02
-1.58186e-02
-1.10936e-02
-2.36210e-04
1.26700e-02
2.53796e-02
3.91621e-02
4.74129e-02
4.74083e-02
4.11290e-02
3.46058e-02
3.28737e-02
3.44505e-02
3.63076e-02
3.68734e-02
3.54630e-02
3.10375e-02
2.42694e-02
1.70367e-02
1.04038e-02
5.00569e-03
-1.12997e-03
-1.04153e-02
-2.10474e-02
-2.67069e-02
-2.40262e-02
-1.37186e-02
-1.25664e-04
1.10498e-02
2.02312e-02
3.40224e-02
5.48153e-02
7.42860e-02
8.32822e-02
8.14394e-02
6.99846e-02
4.92169e-02
2.61031e-02
8.07052e-03
-6.03972e-03
-2.02095e-02
-3.67141e-02
-5.31607e-02
-6.61594e-02
-7.40317e-02
-7.46721e-02
-6.69277e-02
-5.08240e-02
-3.65798e-02
-3.24938e-02
-3.59518e-02
-4.16452e-02
-4.53698e-02
-4.46233e-02
-3.87926e-02
-3.14797e-02
-2.57069e-02
-1.96489e-02
-1.21883e-02
-4.78057e-03
1.49467e-03
4.14059e-03
-9.19522e-05
-1.44646e-02
-3.45698e-02
-5.44627e-02
-7.18874e-02
-8.02685e-02
-7.91963e-02
-7.45930e-02
-7.10905e-02
-6.96671e-02
-6.95642e-02
-7.10508e-02
-7.40154e-02
-7.59485e-02
-7.52395e-02
-7.32940e-02
-6.88582e-02
-5.89776e-02
-4.67406e-02
-3.69371e-02
-2.69528e-02
-1.53294e-02
-4.68791e-03
5.88490e-03
1.56927e-02
2.04018e-02
1.82763e-02
1.14416e-02
5.03060e-03
2.77641e-03
4.13492e-03
7.06299e-03
9.78437e-03
1.04836e-02
1.17978e-02
1.76626e-02
2.86064e-02
3.93068e-02
4.76097e-02
5.72919e-02
6.98494e-02
8.08678e-02
8.99608e-02
9.78966e-02
1.03609e-01
1.03609e-01
9.57295e-02
8.22660e-02
6.84678e-02
5.87141e-02
5.43252e-02
5.22544e-02
4.95146e-02
4.48277e-02
3.73961e-02
2.87082e-02
2.31404e-02
2.19880e-02
2.44309e-02
3.09444e-02
4.01630e-02
4.73562e-02
4.96409e-02
4.87389e-02
4.72366e-02
4.57688e-02
4.29970e-02
3.68636e-02
2.57504e-02
1.15413e-02
-2.95203e-03
-1.77869e-02
-3.21619e-02
-4.37205e-02
-5.00317e-02
-5.10321e-02
-5.00211e-02
-4.90880e-02
-4.88302e-02
-4.92734e-02
-5.07963e-02
-5.35517e-02
-5.66451e-02
-5.90458e-02
-5.87727e-02
-5.35780e-02
-4.21202e-02
-3.09212e-02
-2.73098e-02
-3.02695e-02
-3.71305e-02
-4.40064e-02
-4.64351e-02
-4.24122e-02
-3.30003e-02
-2.52639e-02
-2.30848e-02
-2.39980e-02
-2.50568e-02
-2.44961e-02
-2.19189e-02
-1.83529e-02
-1.47800e-02
-1.10102e-02
-7.26434e-03
-4.48092e-03
-3.23071e-03
-2.24477e-03
-4.03906e-06
5.42671e-03
1.53545e-02
2.72277e-02
3.70728e-02
4.26944e-02
4.33323e-02
3.98858e-02
3.39600e-02
2.60554e-02
1.64145e-02
3.97050e-03
-8.17560e-03
-1.37787e-02
-1.02330e-02
1.34137e-03
1.79533e-02
3.47672e-02
4.56418e-02
4.90368e-02
4.83269e-02
4.48194e-02
3.83190e-02
2.91605e-02
1.75307e-02
3.21450e-03
-1.39778e-02
-2.98304e-02
-3.86010e-02
-4.16933e-02
-4.19969e-02
-4.19521e-02
-4.38615e-02
-4.86920e-02
-5.43642e-02
-5.76791e-02
-5.87306e-02
-5.73302e-02
-5.20602e-02
-4.20452e-02
-2.94726e-02
-1.50002e-02
1.42523e-04
1.53767e-02
2.97460e-02
4.15041e-02
4.70309e-02
4.57295e-02
3.79094e-02
2.75292e-02
2.08249e-02
1.79409e-02
1.56920e-02
1.32723e-02
1.26629e-02
1.51551e-02
2.24384e-02
3.29534e-02
4.35725e-02
5.07161e-02
5.25713e-02
4.87656e-02
3.97019e-02
2.96524e-02
2.19783e-02
1.62874e-02
1.15645e-02
8.17127e-03
7.73353e-03
1.16579e-02
2.06496e-02
3.07223e-02
3.52797e-02
3.23599e-02
2.52653e-02
1.99066e-02
1.82806e-02
1.79172e-02
1.62887e-02
1.27393e-02
7.00683e-03
-4.15879e-04
-7.59287e-03
-1.22232e-02
-1.32314e-02
-1.22648e-02
-1.11840e-02
-1.10690e-02
-1.30241e-02
-1.69045e-02
-2.26715e-02
-3.01268e-02
-3.92155e-02
-4.81396e-02
-5.48200e-02
-5.90039e-02
-6.08068e-02
-5.98458e-02
-5.61534e-02
-5.04991e-02
-4.45482e-02
-3.94743e-02
-3.61791e-02
-3.40591e-02
-3.19294e-02
-2.98159e-02
-2.63595e-02
-2.16360e-02
-1.65469e-02
-1.01985e-02
-3.06246e-03
2.94588e-03
6.82732e-03
8.12908e-03
7.61283e-03
5.63139e-03
2.41135e-03
-1.96504e-03
-7.54124e-03
-1.32013e-02
-1.70256e-02
-1.74304e-02
-1.38397e-02
-6.05813e-03
4.18631e-03
1.58530e-02
2.31107e-02
2.45234e-02
2.16585e-02
1.51591e-02
6.17870e-03
-3.81139e-03
-1.31542e-02
-2.15420e-02
-2.99800e-02
-3.76937e-02
-4.36185e-02
-4.52242e-02
-4.19884e-02
-3.58327e-02
-2.93002e-02
-2.34110e-02
-2.00343e-02
-2.05917e-02
-2.55677e-02
-3.21010e-02
-3.52113e-02
-3.47501e-02
-3.28845e-02
-3.07581e-02
-2.78416e-02
-2.32888e-02
-1.64870e-02
-8.93500e-03
-3.79808e-03
-2.19720e-03
-3.04442e-03
-4.99806e-03
-7.54308e-03
-9.85409e-03
-1.08474e-02
-1.06184e-02
-6.85030e-03
2.05929e-03
1.42810e-02
2.72749e-02
4.06628e-02
5.23418e-02
6.04172e-02
6.53549e-02
6.89428e-02
7.12964e-02
7.24572e-02
7.21364e-02
7.09587e-02
6.84951e-02
6.33780e-02
5.61723e-02
4.66608e-02
3.43180e-02
2.12092e-02
1.18307e-02
6.89923e-03
5.07920e-03
4.27725e-03
3.67910e-03
4.28806e-03
6.28422e-03
1.02724e-02
1.70756e-02
2.57687e-02
3.42947e-02
4.08958e-02
4.53455e-02
4.84573e-02
5.13525e-02
5.34174e-02
5.29588e-02
4.72995e-02
3.59254e-02
2.29497e-02
1.08721e-02
3.35636e-03
7.74960e-04
9.84116e-04
2.15635e-03
2.31211e-03
-4.04290e-07
-5.03237e-03
-1.00961e-02
-1.23457e-02
-1.16856e-02
-7.42985e-03
1.15051e-03
1.01599e-02
1.55360e-02
1.72120e-02
1.72995e-02
1.80987e-02
1.85806e-02
1.68294e-02
1.20767e-02
4.07319e-03
-5.13103e-03
-1.29321e-02
-1.68762e-02
-1.65895e-02
-1.47071e-02
-1.33444e-02
-1.38736e-02
-1.57667e-02
-1.78608e-02
-1.83450e-02
-1.80584e-02
-1.91339e-02
-2.23956e-02
-2.84166e-02
-3.56978e-02
-4.10301e-02
-4.40863e-02
-4.52842e-02
-4.40036e-02
-4.07444e-02
-3.73122e-02
-3.37003e-02
-2.98540e-02
-2.58227e-02
-2.18975e-02
-1.85765e-02
-1.59723e-02
-1.42528e-02
-1.26094e-02
-1.11066e-02
-1.08791e-02
-1.10683e-02
-1.09656e-02
-9.72316e-03
-6.03581e-03
-9.75012e-04
3.33830e-03
6.23677e-03
7.74249e-03
9.22444e-03
1.19892e-02
1.55483e-02
1.93094e-02
2.16013e-02
2.10865e-02
1.89690e-02
1.77822e-02
1.76132e-02
1.81441e-02
1.79368e-02
1.47953e-02
7.18478e-03
-5.47148e-03
-1.96768e-02
-2.94111e-02
-3.32542e-02
-3.41164e-02
-3.41269e-02
-3.27985e-02
-2.99708e-02
-2.54616e-02
-1.84666e-02
-1.04067e-02
-3.74300e-03
-4.71796e-04
-5.94987e-04
-3.32033e-03
-8.19135e-03
-1.28258e-02
-1.49006e-02
-1.59420e-02
-1.65978e-02
-1.66845e-02
-1.73835e-02
-1.85560e-02
-1.89123e-02
-1.70542e-02
-1.17712e-02
-3.79027e-03
4.58917e-03
1.12043e-02
1.57794e-02
1.93706e-02
2.27362e-02
2.54410e-02
2.60530e-02
2.55896e-02
2.44373e-02
2.31009e-02
2.27180e-02
2.43761e-02
2.85430e-02
3.55981e-02
4.47555e-02
5.36294e-02
6.06679e-02
6.60319e-02
6.86836e-02
6.84720e-02
6.69244e-02
6.41209e-02
6.12477e-02
5.84852e-02
5.49571e-02
5.02596e-02
4.50996e-02
4.06347e-02
3.75654e-02
3.53585e-02
3.30419e-02
2.99355e-02
2.66970e-02
2.46511e-02
2.35963e-02
2.31523e-02
2.27990e-02
2.08706e-02
1.74039e-02
1.30543e-02
7.43331e-03
1.18931e-03
-6.07088e-03
-1.26672e-02
-1.73882e-02
-2.07917e-02
-2.36565e-02
-2.56045e-02
-2.78435e-02
-3.13633e-02
-3.52876e-02
-3.98060e-02
-4.46813e-02
-4.81193e-02
-4.99277e-02
-5.07694e-02
-5.07984e-02
-5.04129e-02
-4.88905e-02
-4.57479e-02
-4.02870e-02
-3.27922e-02
-2.66287e-02
-2.43015e-02
-2.45737e-02
-2.57768e-02
-2.77386e-02
-2.91729e-02
-3.03180e-02
-3.17705e-02
-3.35870e-02
-3.53138e-02
-3.57394e-02
-3.45000e-02
-3.25543e-02
-3.03082e-02
-2.79435e-02
-2.57214e-02
-2.18924e-02
-1.50802e-02
-5.42646e-03
4.49756e-03
1.03504e-02
1.05165e-02
7.55975e-03
4.59121e-03
3.88204e-03
5.76017e-03
1.01357e-02
1.57776e-02
1.99995e-02
2.21348e-02
2.41321e-02
2.81500e-02
3.43223e-02
4.10326e-02
4.55718e-02
4.40686e-02
3.45163e-02
1.77874e-02
8.16351e-04
-1.05985e-02
-1.73908e-02
-2.06988e-02
-2.11570e-02
-2.04875e-02
-1.78887e-02
-1.14140e-02
-2.40630e-03
6.04993e-03
1.11586e-02
1.19468e-02
9.96294e-03
6.23909e-03
2.56163e-03
1.56027e-03
1.98735e-03
2.00224e-03
5.77211e-04
-3.06415e-03
-8.02809e-03
-1.20541e-02
-1.40931e-02
-1.43016e-02
-1.40328e-02
-1.30986e-02
-1.08977e-02
-7.75159e-03
-3.13437e-03
1.61612e-03
3.78021e-03
2.28917e-03
-1.67892e-03
-5.32462e-03
-6.59921e-03
-4.71015e-03
-9.25232e-04
3.08866e-03
6.32007e-03
1.03397e-02
1.47537e-02
1.77430e-02
1.84795e-02
1.72445e-02
1.52166e-02
1.28224e-02
9.48442e-03
5.58531e-03
8.65255e-04
-3.81388e-03
-6.76943e-03
-7.78368e-03
-9.05974e-03
-1.12019e-02
-1.39140e-02
-1.72305e-02
-1.99259e-02
-2.04662e-02
-1.92536e-02
-1.84078e-02
-1.93203e-02
-2.16873e-02
-2.47144e-02
-2.74409e-02
-2.84800e-02
-2.75228e-02
-2.46508e-02
-2.02846e-02
-1.60721e-02
-1.36128e-02
-1.24054e-02
-1.09208e-02
-8.48578e-03
-5.08040e-03
-1.95809e-03
4.66234e-04
2.35776e-03
2.81564e-03
2.53516e-03
1.59745e-03
-4.96810e-04
-3.47576e-03
-6.75829e-03
-9.47343e-03
-1.17693e-02
-1.25390e-02
-1.19402e-02
-1.11032e-02
-1.03375e-02
-1.01831e-02
-1.03855e-02
-1.18697e-02
-1.35372e-02
-1.36421e-02
-1.27817e-02
-9.36263e-03
-4.22572e-03
5.16670e-04
4.23338e-03
7.22835e-03
1.01539e-02
1.28597e-02
1.47770e-02
1.63364e-02
1.80039e-02
1.90458e-02
1.96551e-02
2.05847e-02
2.16642e-02
2.23690e-02
2.23325e-02
2.12313e-02
1.86671e-02
1.57685e-02
1.33511e-02
1.23952e-02
1.26388e-02
1.28668e-02
1.14998e-02
6.62832e-03
-5.42881e-04
-7.04104e-03
-1.01633e-02
-9.87822e-03
-7.49445e-03
-3.99693e-03
-3.17518e-04
3.18975e-03
6.29896e-03
9.04451e-03
1.12139e-02
1.32587e-02
1.55039e-02
1.75583e-02
2.01741e-02
2.28182e-02
2.51687e-02
2.59747e-02
2.49231e-02
2.21085e-02
1.76791e-02
1.15076e-02
5.22424e-03
9.73877e-04
-1.29318e-03
-1.50039e-03
-3.52524e-04
1.23085e-04
-5.44970e-04
-4.86920e-04
9.40560e-04
3.46398e-03
5.99220e-03
8.34647e-03
1.17198e-02
1.57552e-02
2.00582e-02
2.41224e-02
2.73652e-02
2.92896e-02
2.88314e-02
2.54045e-02
1.89553e-02
1.14147e-02
6.22438e-03
3.40932e-03
1.59336e-03
2.46233e-04
4.13882e-05
5.75151e-04
2.57201e-03
5.93551e-03
9.58929e-03
1.30567e-02
1.59045e-02
1.68007e-02
1.62258e-02
1.42331e-02
1.14656e-02
8.85189e-03
5.83950e-03
2.99509e-03
1.66999e-03
1.80922e-03
2.99971e-03
4.41400e-03
5.66687e-03
6.05972e-03
5.38086e-03
5.19309e-03
5.06732e-03
3.89647e-03
1.55385e-03
-2.16327e-03
-6.62139e-03
-1.14231e-02
-1.52952e-02
-1.79140e-02
-1.94968e-02
-2.12490e-02
-2.26078e-02
-2.45753e-02
-2.79465e-02
-3.08882e-02
-3.32007e-02
-3.47860e-02
-3.49607e-02
-3.47243e-02
-3.43179e-02
-3.33861e-02
-3.29116e-02
-3.20691e-02
-3.13625e-02
-3.13985e-02
-3.13846e-02
-3.04208e-02
-2.94971e-02
-2.85427e-02
-2.69651e-02
-2.43631e-02
-2.04786e-02
-1.60472e-02
-1.21824e-02
-8.99473e-03
-7.19693e-03
-7.33713e-03
-9.19293e-03
-1.20973e-02
-1.47788e-02
-1.52813e-02
-1.42411e-02
-1.12302e-02
-6.60191e-03
-2.22708e-03
2.53708e-03
7.33052e-03
1.24125e-02
1.68028e-02
1.94307e-02
2.12224e-02
2.25368e-02
2.32510e-02
2.25914e-02
2.11325e-02
1.87552e-02
1.46899e-02
7.97887e-03
-1.59316e-04
-7.31975e-03
-1.17980e-02
-1.41357e-02
-1.61295e-02
-1.87387e-02
-2.13025e-02
-2.27832e-02
-2.22715e-02
-1.98672e-02
-1.61743e-02
-1.16886e-02
-7.15150e-03
-2.86013e-03
1.20175e-03
5.06772e-03
8.07600e-03
9.59662e-03
9.16843e-03
7.85595e-03
6.17114e-03
4.90099e-03
4.82654e-03
4.63459e-03
3.04808e-03
6.51814e-04
-1.89147e-03
-4.26059e-03
-6.04212e-03
-7.58242e-03
-8.86125e-03
-1.00836e-02
-1.03350e-02
-8.82855e-03
-6.61318e-03
-4.73911e-03
-3.86711e-03
-3.68178e-03
-4.57292e-03
-6.67295e-03
-1.03213e-02
-1.46663e-02
-1.88017e-02
-2.31141e-02
-2.82396e-02
-3.27629e-02
-3.50791e-02
-3.47260e-02
-3.17517e-02
-2.63712e-02
-1.96712e-02
-1.29694e-02
-6.03088e-03
1.54768e-03
7.66699e-03
1.02131e-02
9.66973e-03
6.41570e-03
8.22554e-04
-5.45118e-03
-9.76291e-03
-1.09066e-02
-9.30150e-03
-6.56329e-03
-4.64920e-03
-4.32359e-03
-5.93163e-03
-7.66559e-03
-9.30001e-03
-1.05452e-02
-1.06340e-02
-1.04503e-02
-1.04563e-02
-9.95015e-03
-7.58682e-03
-2.87936e-03
3.43945e-03
1.00437e-02
1.59077e-02
1.99913e-02
2.24722e-02
2.44744e-02
2.63478e-02
2.85813e-02
3.19488e-02
3.64563e-02
4.14629e-02
4.61397e-02
4.97855e-02
5.22029e-02
5.38854e-02
5.48130e-02
5.55964e-02
5.67054e-02
5.64660e-02
5.47467e-02
5.24872e-02
5.07462e-02
4.92158e-02
4.69426e-02
4.37355e-02
4.00398e-02
3.72900e-02
3.55171e-02
3.51116e-02
3.51855e-02
3.56434e-02
3.67317e-02
3.76541e-02
3.71173e-02
3.57679e-02
3.48397e-02
3.36310e-02
3.16622e-02
2.89206e-02
2.51092e-02
2.00555e-02
1.42716e-02
9.03806e-03
4.74366e-03
9.43913e-04
-2.64118e-03
-6.76206e-03
-1.18364e-02
-1.68926e-02
-2.17030e-02
-2.61409e-02
-2.99050e-02
-3.31301e-02
-3.56873e-02
-3.68340e-02
-3.60693e-02
-3.34251e-02
-2.86053e-02
-2.21953e-02
-1.54992e-02
-1.05286e-02
-8.90699e-03
-1.01350e-02
-1.30665e-02
-1.69578e-02
-2.12149e-02
-2.46430e-02
-2.67035e-02
-2.92267e-02
-3.20884e-02
-3.45669e-02
-3.62801e-02
-3.63943e-02
-3.48111e-02
-3.16165e-02
-2.72265e-02
-2.31602e-02
-1.91159e-02
-1.40990e-02
-8.59305e-03
-2.85098e-03
2.61022e-03
6.51347e-03
8.35254e-03
8.66201e-03
7.67853e-03
7.28420e-03
7.08979e-03
5.61925e-03
3.94026e-03
2.10163e-03
5.34028e-04
1.90657e-04
1.40415e-03
3.49672e-03
5.22688e-03
6.09030e-03
5.43642e-03
4.30432e-03
3.38683e-03
2.56662e-03
1.57171e-03
1.28880e-03
2.21385e-03
3.84117e-03
6.15916e-03
9.11952e-03
1.18022e-02
1.30553e-02
1.24565e-02
1.03557e-02
6.51755e-03
1.70903e-03
-3.03767e-03
-7.23404e-03
-9.54224e-03
-9.47830e-03
-6.98845e-03
-2.57181e-03
1.90500e-03
5.75255e-03
9.21975e-03
1.20875e-02
1.44937e-02
1.65554e-02
1.79845e-02
1.83193e-02
1.81096e-02
1.68834e-02
1.40350e-02
1.09097e-02
8.58955e-03
6.31857e-03
3.81460e-03
1.29681e-03
-1.15716e-03
-3.63882e-03
-5.71018e-03
-7.19784e-03
-7.56011e-03
-7.35029e-03
-7.30326e-03
-7.84695e-03
-1.00141e-02
-1.27847e-02
-1.53570e-02
-1.86104e-02
-2.21011e-02
-2.52423e-02
-2.82831e-02
-3.04407e-02
-3.19350e-02
-3.29584e-02
-3.25536e-02
-3.09620e-02
-2.95789e-02
-2.94108e-02
-2.95847e-02
-2.96805e-02
-3.06227e-02
-3.11696e-02
-3.01111e-02
-2.87735e-02
-2.71147e-02
-2.59372e-02
-2.52070e-02
-2.44772e-02
-2.43574e-02
-2.46962e-02
-2.57942e-02
-2.77683e-02
-3.10170e-02
-3.38452e-02
-3.57587e-02
-3.60089e-02
-3.46351e-02
-3.12630e-02
-2.46466e-02
-1.83066e-02
-1.44385e-02
-1.11776e-02
-8.36169e-03
-6.40721e-03
-5.52646e-03
-4.72931e-03
-4.52999e-03
-4.93583e-03
-5.80796e-03
-6.32375e-03
-6.23291e-03
-5.99362e-03
-5.09252e-03
-5.91411e-03
-1.18228e-02
-1.66941e-02
-1.83595e-02
-1.95464e-02
-2.05154e-02
-1.96425e-02
-1.80616e-02
-1.65655e-02
-1.49427e-02
-1.21362e-02
-8.38202e-03
-4.78549e-03
-2.09514e-03
8.40164e-05
9.38418e-04
6.26516e-04
-6.65291e-04
-2.96765e-03
-5.33872e-03
-6.74051e-03
-7.07632e-03
-6.01847e-03
-4.89885e-03
-4.00848e-03
-4.01681e-03
-5.14305e-03
-5.73923e-03
-6.09630e-03
-6.88721e-03
-7.31046e-03
-8.06555e-03
-8.66701e-03
-8.61722e-03
-7.98105e-03
-6.07852e-03
-5.01928e-03
-4.75549e-03
-3.63509e-03
-2.08332e-03
2.21032e-04
3.80237e-03
8.40342e-03
1.29525e-02
1.64958e-02
1.94675e-02
2.24578e-02
2.49484e-02
2.68474e-02
2.82696e-02
2.97221e-02
3.06936e-02
3.10625e-02
3.24533e-02
3.47808e-02
3.72952e-02
3.93146e-02
4.11436e-02
4.29321e-02
4.39640e-02
4.49378e-02
4.58715e-02
4.62015e-02
4.58029e-02
4.53506e-02
4.53694e-02
4.54514e-02
4.49538e-02
4.38940e-02
4.32962e-02
4.22749e-02
4.09786e-02
4.04936e-02
4.01217e-02
3.96345e-02
4.00142e-02
4.07280e-02
4.13952e-02
4.29344e-02
4.51148e-02
5.35470e-02
5.39107e-02
5.40500e-02
5.40951e-02
5.32195e-02
5.13118e-02
4.82960e-02
4.47281e-02
4.24260e-02
4.19343e-02
4.11689e-02
3.96496e-02
3.80834e-02
3.73546e-02
3.71145e-02
3.63385e-02
3.46678e-02
3.30134e-02
3.20222e-02
3.16483e-02
3.19507e-02
3.26686e-02
3.31311e-02
3.26427e-02
3.12259e-02
2.92877e-02
2.76555e-02
2.67248e-02
2.51826e-02
2.31368e-02
2.17306e-02
2.07079e-02
1.88239e-02
1.60852e-02
1.25444e-02
8.18747e-03
3.83812e-03
-2.12139e-04
-4.16036e-03
-7.34338e-03
-9.00690e-03
-9.89558e-03
-1.01231e-02
-1.05182e-02
-1.06284e-02
-1.02961e-02
-1.14710e-02
-1.36051e-02
-1.61027e-02
-1.95345e-02
-2.40708e-02
-2.84812e-02
-3.21287e-02
-3.57997e-02
-3.93169e-02
-4.13825e-02
-4.22103e-02
-4.21916e-02
-4.18592e-02
-4.12538e-02
-3.99997e-02
-3.86560e-02
-3.84692e-02
-3.92908e-02
-4.00646e-02
-4.10475e-02
-4.18035e-02
-4.14064e-02
-4.07272e-02
-3.98236e-02
-3.76761e-02
-3.46209e-02
-3.11411e-02
-2.79334e-02
-2.52238e-02
-2.34624e-02
-2.31175e-02
-2.35222e-02
-2.44986e-02
-2.49833e-02
-2.52045e-02
-2.52425e-02
-2.54385e-02
-2.56920e-02
-2.63035e-02
-2.68000e-02
-2.69843e-02
-2.71123e-02
-2.71235e-02
-2.67569e-02
-2.66586e-02
-2.63102e-02
-2.55258e-02
-2.43107e-02
-2.25666e-02
-2.06411e-02
-1.92681e-02
-1.86665e-02
-1.83249e-02
-1.85257e-02
-1.93524e-02
-1.99279e-02
-1.99936e-02
-1.94240e-02
-1.85107e-02
-1.69609e-02
-1.47672e-02
-1.24652e-02
-1.02371e-02
-8.37367e-03
-6.79259e-03
-5.53352e-03
-4.61069e-03
-4.18054e-03
-3.92028e-03
-3.66112e-03
-3.74608e-03
-3.66656e-03
-3.37640e-03
-2.91997e-03
-2.34885e-03
-1.56735e-03
-5.71992e-04
6.32998e-04
1.81112e-03
2.84127e-03
3.58575e-03
4.18023e-03
4.56913e-03
4.77996e-03
4.53420e-03
4.14164e-03
3.66613e-03
3.17199e-03
2.82509e-03
2.84610e-03
3.03762e-03
3.16844e-03
3.16695e-03
3.08667e-03
3.14396e-03
3.30539e-03
3.45169e-03
3.58494e-03
3.81622e-03
4.10296e-03
4.22909e-03
4.28015e-03
4.36454e-03
4.56505e-03
4.81632e-03
4.97886e-03
4.98970e-03
4.83238e-03
4.57527e-03
4.35320e-03
4.11231e-03
3.86151e-03
3.72146e-03
3.70611e-03
3.72598e-03
3.81547e-03
3.91494e-03
4.03052e-03
4.20195e-03
4.41135e-03
4.60173e-03
4.78979e-03
4.96248e-03
5.11689e-03
5.23859e-03
5.30944e-03
5.35234e-03
5.37851e-03
5.36273e-03
5.34795e-03
5.33238e-03
5.30544e-03
5.26119e-03
5.20894e-03
5.14835e-03
5.05855e-03
4.94002e-03
4.80287e-03
4.65851e-03
4.50361e-03
4.34511e-03
4.19029e-03
4.03526e-03
3.88518e-03
3.73762e-03
3.59018e-03
3.45001e-03
3.31604e-03
3.18511e-03
3.05549e-03
2.92531e-03
2.79417e-03
2.66353e-03
2.53488e-03
2.40809e-03
2.28335e-03
2.16042e-03
2.03897e-03
1.91885e-03
1.79958e-03
1.68111e-03
1.56336e-03
1.44633e-03
1.32993e-03
1.21382e-03
1.09786e-03
9.82013e-04
8.66321e-04
7.50840e-04
6.35626e-04
5.20727e-04
4.06184e-04
2.92035e-04
