-1.61491e-03
-1.83634e-03
-1.41088e-03
3.12915e-03
4.56781e-03
5.38319e-04
-1.95969e-03
-1.52329e-03
-2.02713e-03
-5.21683e-03
1.72884e-03
3.04144e-03
-1.81450e-03
-1.39070e-03
3.85235e-03
-4.12308e-04
-7.81905e-03
3.49632e-03
9.72051e-03
-6.37603e-04
1.23225e-03
7.66431e-03
-2.82862e-03
-6.74384e-03
3.62723e-03
1.80041e-03
7.21136e-04
2.12646e-03
-3.24290e-03
-4.06933e-03
2.61581e-03
-5.17162e-03
-5.35966e-03
9.70671e-03
-3.60235e-03
-3.28053e-03
3.07282e-03
-7.57166e-03
9.35616e-03
5.15662e-03
-4.91374e-03
8.32160e-03
-6.34935e-04
-1.56585e-03
-6.05010e-03
-4.47284e-03
-1.82889e-03
7.20428e-03
7.94606e-04
-1.75945e-02
4.94108e-03
1.18046e-02
-1.08406e-03
2.37827e-03
-6.24164e-03
-3.86089e-03
-5.91593e-03
-7.82530e-03
9.50576e-03
3.33628e-03
2.97984e-03
-2.25360e-03
-1.36363e-02
-5.46805e-03
2.17549e-03
4.67214e-03
9.57627e-03
7.11455e-03
-1.50074e-03
1.97483e-03
3.20654e-04
-4.08152e-03
3.11669e-03
1.86023e-04
6.67373e-04
1.42290e-03
-1.48414e-03
6.59357e-04
-1.31562e-02
-1.14282e-02
2.75269e-03
-4.01391e-03
1.74516e-03
9.55187e-03
9.26448e-03
8.31099e-03
3.76132e-03
-4.82576e-03
-8.43726e-03
7.29642e-04
9.08693e-03
-7.33931e-03
-8.76818e-03
1.14144e-02
7.16901e-03
-7.30165e-03
-6.32514e-03
5.10369e-03
7.01194e-03
1.94200e-03
2.07039e-03
1.00576e-03
-1.64656e-02
-5.93836e-03
9.88355e-03
1.45806e-02
9.17662e-03
-5.32814e-03
-3.43475e-03
-3.97880e-03
-6.16067e-04
5.64677e-03
1.35846e-02
1.09287e-02
2.25415e-03
-7.06506e-03
-6.66446e-03
-5.11153e-03
-1.29935e-02
7.80412e-03
1.87963e-02
1.55734e-04
-1.01744e-02
-1.67519e-02
-2.24791e-02
-2.27901e-03
1.18339e-02
9.62797e-03
9.27046e-03
9.78898e-03
-8.39743e-03
-1.33471e-02
-8.08373e-04
-3.10852e-03
-5.67211e-03
-2.42481e-03
6.13220e-03
2.40774e-03
8.42287e-04
-1.40641e-03
-1.18649e-02
-2.89447e-03
-5.06009e-04
-5.46415e-03
-1.10156e-02
-7.06782e-03
4.98477e-03
1.64162e-03
9.61611e-03
3.70487e-03
-1.86623e-02
-1.16281e-02
8.09240e-03
2.05456e-02
1.45829e-02
-6.20140e-03
-8.33532e-04
8.89090e-03
-3.97280e-03
-6.48699e-03
7.98169e-03
1.58534e-02
2.31533e-02
3.09720e-03
-2.01117e-02
-1.00467e-02
4.41559e-03
-1.21792e-02
-1.50596e-02
1.45692e-02
2.56880e-02
3.43159e-02
-3.77700e-04
-5.80265e-03
1.26392e-02
-2.21850e-03
-1.94773e-02
-5.06153e-02
-2.16333e-02
4.42060e-02
3.83269e-02
-1.44825e-02
4.35133e-03
-3.13960e-02
-1.09062e-01
-8.45692e-02
-3.48774e-02
1.24283e-02
6.78281e-02
1.05547e-01
8.25842e-02
4.06790e-02
6.61291e-02
7.28357e-02
-5.06233e-02
-1.76149e-01
-2.05126e-01
-1.56908e-01
7.65411e-02
2.29227e-01
2.08464e-01
1.32385e-01
4.22172e-02
-8.73204e-02
-1.64528e-01
-7.93261e-02
-1.03983e-01
-6.86909e-02
2.39753e-02
1.45365e-02
-5.11435e-02
-1.12679e-02
1.14972e-01
1.34084e-01
1.37227e-01
2.43722e-02
-1.77061e-01
-2.15424e-01
-2.72670e-02
1.25706e-01
1.20069e-01
-7.92903e-03
-2.57404e-02
1.05019e-01
6.35613e-02
-3.63843e-02
-3.37559e-02
-3.89472e-04
-3.93218e-02
-1.12511e-01
-1.08595e-01
1.10689e-02
1.44398e-01
1.88858e-01
8.26726e-02
-7.02264e-02
-1.39106e-01
-1.20583e-01
-3.93331e-02
2.34646e-02
5.49997e-02
4.86880e-02
2.24483e-02
-3.34408e-04
-1.18466e-02
-1.31614e-02
-2.52904e-02
1.28823e-02
7.20046e-02
1.00792e-02
-9.80526e-02
-8.87309e-02
-4.59376e-03
8.34630e-02
5.34194e-02
9.01874e-03
2.27227e-02
2.05554e-02
1.13093e-02
-1.65925e-02
-2.32963e-02
-1.89501e-02
-1.32460e-02
-1.30958e-02
-3.13978e-02
-6.72010e-02
-7.84455e-02
-4.60238e-02
-5.29593e-03
1.03464e-02
2.01286e-02
3.85939e-02
6.29257e-02
7.63384e-02
2.37750e-02
-2.48258e-02
2.20127e-02
9.58603e-02
1.17260e-01
4.47155e-03
-1.34878e-01
-9.51548e-02
-8.62959e-03
4.71446e-03
-2.35473e-02
-4.30595e-02
-1.73547e-02
1.86018e-03
-7.98579e-03
-2.26467e-03
-2.02669e-02
-5.53848e-02
-6.46546e-02
-2.82555e-02
5.70488e-02
1.13078e-01
7.82558e-02
1.74612e-02
2.19186e-02
1.85496e-02
2.08544e-02
4.58823e-02
4.76088e-02
6.64338e-02
4.37430e-02
-1.95791e-02
-3.06245e-02
-5.02118e-02
-9.21558e-02
-1.16284e-01
-6.62004e-02
2.15970e-02
6.53361e-02
4.77258e-02
-1.71705e-02
-2.89507e-02
-1.17750e-02
1.68036e-03
2.01458e-03
3.76029e-03
-5.49678e-03
-2.41031e-02
-3.21821e-02
-2.28328e-02
1.32577e-02
2.89641e-02
3.22305e-02
3.01851e-02
1.72418e-02
-1.79897e-02
-4.85348e-02
-2.68141e-02
2.77029e-02
8.59275e-02
8.80394e-02
3.83631e-02
-5.63509e-03
-7.80692e-03
3.14662e-03
-3.61866e-02
-6.90193e-02
-4.25693e-02
1.15000e-02
1.24103e-02
-2.20202e-02
-2.79125e-02
-1.95735e-03
4.08914e-03
-3.92858e-02
-5.67549e-02
-1.26946e-02
1.24702e-02
-4.12283e-03
-5.13810e-03
2.98129e-02
5.18248e-02
2.20443e-02
-8.77723e-03
-1.82358e-02
5.92234e-03
3.11192e-02
3.26742e-02
1.03966e-02
-1.19967e-02
-3.88764e-03
1.00259e-02
2.30420e-02
1.31893e-02
-6.13468e-03
-9.84660e-03
7.50247e-03
1.37866e-02
-4.87124e-03
-1.77311e-02
-1.79411e-02
-2.19357e-02
-2.45574e-02
-1.46707e-02
-8.58784e-03
-2.04346e-02
-2.57229e-02
-1.89569e-02
-1.75412e-02
-1.47300e-03
2.11043e-02
4.57164e-02
6.07994e-02
3.92885e-02
1.58499e-02
5.45533e-03
6.82602e-03
1.68584e-02
9.30608e-03
-1.63255e-03
-8.05613e-03
-3.81936e-04
3.05136e-03
-1.25392e-03
3.28672e-03
-8.57935e-03
-2.26580e-02
-2.51363e-02
-3.96175e-02
-4.54928e-02
-3.02771e-02
-2.10843e-02
-2.26245e-02
-2.36270e-02
-1.59678e-02
-2.39069e-03
1.75799e-02
3.62205e-02
4.48863e-02
5.00716e-02
4.87093e-02
2.11004e-02
-1.42020e-02
-3.60844e-03
3.13295e-02
4.90062e-02
2.70926e-02
-6.35708e-03
-2.31280e-02
-3.51077e-02
-4.70445e-02
-5.19088e-02
-2.98349e-02
-2.71277e-02
-2.04602e-02
-8.45953e-03
-6.61769e-03
4.44918e-03
8.90410e-03
5.37842e-03
9.97470e-03
2.05318e-02
3.79022e-02
4.33038e-02
1.90598e-02
-5.83313e-03
-5.43277e-03
3.54379e-04
-4.53782e-03
-1.21802e-02
-1.21461e-02
7.70243e-03
2.06863e-02
1.30482e-02
4.01361e-03
-2.01164e-03
-1.34622e-02
-1.79710e-02
-3.48577e-03
2.22250e-02
3.30006e-02
2.03077e-02
-1.09894e-02
-3.69833e-02
-3.92924e-02
-2.38969e-02
-2.90032e-03
3.41373e-03
3.01945e-03
6.65831e-03
9.63533e-03
1.28437e-02
1.04822e-03
-9.45782e-03
4.05505e-03
2.03866e-02
1.45798e-02
1.34059e-02
2.28835e-02
1.03855e-02
-8.13538e-03
-2.37862e-02
-2.43968e-02
-1.35206e-02
-7.89472e-04
1.70135e-03
1.23853e-03
4.08704e-03
-1.78399e-03
-3.67329e-03
-1.45349e-02
-3.33492e-02
-2.39573e-02
3.50771e-03
2.21653e-02
4.23132e-03
-2.06380e-03
3.01647e-02
5.04930e-02
2.26529e-02
-1.93536e-02
-2.04397e-02
-1.16946e-02
-1.57233e-03
-7.45192e-03
-4.21358e-03
-6.53766e-03
-1.36831e-02
-1.34776e-02
-2.72821e-02
-3.10820e-02
-2.07412e-02
-8.81541e-03
-1.41767e-02
1.50447e-02
4.91709e-02
6.08696e-02
5.13039e-02
2.01696e-02
-3.79808e-03
-2.31736e-02
-5.35411e-02
-3.11502e-02
5.26609e-02
9.00728e-02
1.99865e-02
-6.80573e-02
-6.05908e-02
-1.62243e-02
2.23956e-02
3.26528e-02
1.71134e-02
-3.24388e-02
-5.05227e-02
-1.09947e-02
6.80624e-03
-1.63496e-02
-1.72643e-02
2.03853e-02
4.74177e-02
9.82994e-03
-2.06854e-02
9.49985e-03
1.13953e-02
2.40322e-02
2.75640e-02
7.09193e-03
1.96847e-03
-9.85903e-03
-2.31666e-02
-1.63384e-02
-1.94729e-03
1.49905e-02
-5.08319e-03
-3.26727e-02
-1.46832e-02
-2.61605e-03
-1.73370e-03
-1.17263e-03
1.89872e-03
-1.16166e-02
-1.27668e-02
9.08228e-03
2.60543e-02
4.33370e-02
3.59432e-02
7.26518e-04
-1.02164e-02
-3.18041e-03
8.82642e-04
9.66208e-03
2.13977e-03
-1.43484e-02
-1.72828e-02
-1.24787e-02
-1.34983e-02
-8.14153e-03
-2.40567e-03
5.97968e-03
1.61342e-02
7.57098e-03
-1.54863e-02
-3.65345e-02
-3.90191e-02
-1.54072e-02
1.57441e-02
3.50016e-02
4.72295e-02
2.53781e-02
2.04667e-04
8.42940e-03
1.08732e-02
1.14879e-02
6.88929e-03
-4.16920e-03
-1.25589e-02
-1.79158e-02
-1.79179e-02
-1.25847e-02
-4.95111e-03
1.20031e-03
8.79964e-03
7.86149e-03
-1.50008e-02
-2.36647e-02
-1.37885e-02
-5.36887e-03
-4.83281e-04
-3.20504e-04
5.50109e-03
4.51154e-03
6.82905e-03
6.91472e-03
-6.69898e-03
-1.27476e-02
-2.94786e-04
1.83638e-03
-7.32652e-03
-2.18783e-02
-2.62349e-02
-1.82521e-02
-1.36685e-02
-2.79424e-03
1.73972e-02
3.28315e-02
3.42323e-02
2.72713e-02
1.39424e-02
1.59730e-02
1.83783e-02
1.28288e-02
6.87656e-03
5.28091e-03
7.72316e-04
-4.99911e-04
-3.93328e-03
-1.18110e-02
-1.97338e-03
4.50582e-03
-5.36085e-04
-1.29310e-02
-1.65550e-02
-2.09415e-02
-2.25800e-02
-1.94870e-02
-2.31496e-02
-1.50854e-02
-2.96021e-03
1.15403e-02
1.42113e-02
1.04695e-02
6.60351e-03
7.73112e-05
3.00746e-03
2.09178e-02
3.19207e-02
3.02351e-02
1.48309e-02
-1.44080e-03
1.48718e-02
3.26622e-02
3.12208e-02
1.90808e-02
4.42408e-03
-6.28517e-03
-1.49446e-02
-1.71014e-02
-2.49705e-02
-3.45317e-02
-3.59581e-02
-3.20405e-02
-2.96351e-02
-2.91595e-02
-1.58670e-02
-1.51850e-03
5.27561e-03
5.02298e-03
5.67208e-03
4.88613e-03
6.51621e-03
1.04574e-02
1.55059e-02
1.61378e-02
7.77610e-03
-3.05734e-03
-1.77954e-02
-2.40303e-02
-1.47130e-02
-4.58753e-04
1.66313e-02
1.98057e-02
6.01008e-03
-1.33854e-03
-6.77018e-03
-1.24610e-02
-1.01112e-02
-4.69430e-03
-5.67085e-03
-3.11760e-03
6.64946e-03
9.42332e-03
5.90652e-03
4.95139e-03
7.08698e-03
1.10303e-02
1.15723e-02
1.07993e-02
1.23994e-02
7.35118e-03
1.15472e-02
1.32116e-02
1.67998e-03
-8.48946e-03
-1.10274e-02
3.36689e-06
4.35366e-03
-1.35426e-03
-6.83728e-03
-3.47438e-03
-1.77882e-04
-5.21111e-03
-4.22354e-03
3.94786e-03
1.11704e-02
7.20811e-03
-7.94543e-03
-1.25588e-02
-6.73065e-03
-5.55245e-03
5.02784e-04
1.04819e-02
1.09426e-02
9.03839e-04
-1.09105e-02
-1.50956e-02
-1.06274e-02
-6.25143e-03
-5.19316e-03
-5.79056e-03
-2.26273e-03
2.53524e-03
7.28823e-03
1.17478e-02
1.18101e-02
1.98594e-02
2.39206e-02
1.42952e-02
-7.16956e-04
-1.13297e-02
-2.07559e-02
-1.80270e-02
-6.75626e-03
2.82106e-04
8.75595e-04
1.73682e-03
-1.44152e-03
-4.43994e-03
-5.02992e-04
-6.02667e-03
-1.05887e-02
-5.29162e-03
6.04120e-03
-1.42729e-03
-7.44360e-03
4.66458e-03
5.34161e-03
-7.59936e-03
-1.02015e-02
-1.61029e-03
1.76121e-03
1.45084e-03
1.75091e-03
1.57333e-03
1.74060e-03
1.62729e-03
1.81384e-03
1.19290e-03
-4.30078e-03
-2.02163e-03
6.07484e-03
1.07807e-02
1.39166e-02
1.32100e-02
9.28634e-03
7.18752e-03
2.93827e-03
-6.43219e-03
-4.29440e-03
3.59646e-03
8.22739e-03
5.20114e-03
-3.05340e-03
-4.49467e-03
-1.21902e-02
-1.56876e-02
-9.65377e-03
-3.82768e-03
-8.17973e-03
-9.82019e-03
-4.37962e-03
1.15090e-03
1.43170e-03
-3.25877e-03
1.41073e-03
1.31456e-03
6.07616e-03
7.61638e-03
7.95931e-03
4.90951e-03
-2.94878e-03
-4.03876e-03
-4.01283e-03
-4.43455e-03
-2.25605e-03
6.49371e-03
7.81119e-03
1.52718e-03
-5.09096e-03
-6.13382e-03
-4.35156e-03
-3.84370e-03
-4.34038e-03
1.88626e-03
7.69738e-03
7.35921e-03
8.32542e-03
3.51074e-03
4.13855e-03
8.74809e-03
4.65093e-03
1.22847e-03
2.14329e-03
7.19834e-03
1.15380e-02
8.71099e-03
6.55223e-03
-4.25729e-04
-4.20802e-03
-9.99724e-03
-1.47541e-02
-1.05836e-02
-8.30655e-03
-2.12915e-03
1.89567e-03
-1.28046e-03
-9.50284e-03
-7.13796e-03
9.73555e-04
2.11757e-03
1.95291e-03
2.32158e-03
1.79708e-03
2.71192e-03
-1.21498e-04
-3.65317e-03
-3.83924e-03
-2.46389e-03
2.46482e-03
1.38345e-03
-3.04137e-03
-3.81430e-03
-3.49917e-03
-4.10075e-03
-1.84294e-03
2.54175e-03
1.27619e-03
-3.46990e-03
-2.00457e-03
3.40180e-03
7.59159e-03
1.77029e-03
-8.16982e-03
-7.06003e-03
-3.53850e-03
-3.94728e-03
9.04354e-04
-1.08085e-03
-8.25793e-03
-7.07316e-03
-9.34252e-04
2.78435e-03
-2.47575e-03
6.64552e-04
1.21539e-02
2.84624e-02
3.15920e-02
2.23823e-02
1.55415e-02
5.38510e-03
-9.13785e-04
-4.10053e-03
-4.83699e-03
-3.09957e-03
-5.78726e-03
-9.58871e-03
-1.29682e-02
-1.56880e-02
-1.43468e-02
-1.59614e-02
-9.97453e-03
1.93302e-04
8.20856e-03
3.92521e-03
3.98130e-03
8.37253e-03
8.58712e-03
6.14920e-03
-1.90625e-03
-3.10291e-03
-3.29976e-03
-3.36423e-03
-9.14263e-03
-5.61305e-03
-2.87887e-03
-2.81134e-03
-3.16785e-03
-7.32533e-04
2.88799e-03
5.31503e-03
9.05689e-03
7.38832e-03
2.23302e-03
-2.60808e-03
1.83753e-04
6.88199e-03
5.52184e-03
2.26787e-03
2.39334e-03
2.22828e-03
1.93566e-03
2.20268e-03
1.37106e-03
-1.06540e-03
8.28621e-04
2.92099e-03
5.60935e-03
6.25481e-03
7.15363e-03
3.49022e-03
-1.04283e-03
-4.59814e-03
-8.00524e-03
-7.79732e-03
-1.08282e-02
-1.00296e-02
-6.58315e-03
-6.33255e-03
-8.30467e-03
-8.93092e-03
-5.99382e-03
-1.92141e-03
4.41602e-03
4.24435e-03
1.99205e-03
2.12890e-03
1.77976e-03
1.81573e-03
1.62066e-03
1.47890e-03
1.52506e-03
3.17887e-04
-1.20202e-03
3.71906e-04
1.12809e-03
1.34348e-03
1.04347e-03
-4.57674e-04
1.11456e-03
6.01481e-04
-6.10722e-04
-5.70354e-04
-3.34993e-04
-4.72848e-04
5.33739e-04
9.51969e-04
1.54314e-03
1.87219e-03
7.98920e-04
-4.58820e-05
-1.83288e-05
1.16702e-03
1.28408e-03
1.15532e-03
5.64791e-04
5.64383e-05
-5.53228e-04
-9.01666e-04
-3.67163e-04
1.27130e-05
1.60810e-04
3.21623e-05
-1.72774e-04
-2.47559e-04
-2.64704e-04
-7.59439e-05
-2.94637e-05
-7.32475e-06
1.44882e-05
3.60326e-05
6.76035e-05
2.43805e-05
2.78187e-06
-1.18376e-05
-2.17751e-05
-4.29011e-06
3.37441e-05
