4.06499e-06
-1.18173e-05
-2.57985e-05
-1.93220e-05
9.53761e-05
1.78932e-04
9.57953e-05
-1.70346e-04
-3.49906e-04
-4.22025e-04
-1.01094e-04
9.16183e-04
1.06973e-03
6.51519e-04
-4.39378e-04
-1.70423e-03
-1.47757e-03
5.97863e-05
1.52198e-03
1.65474e-03
9.46178e-05
-8.82943e-04
-1.87946e-03
-1.10587e-03
1.11140e-03
2.42603e-03
1.88912e-03
4.95758e-04
-8.73888e-04
-9.73769e-04
6.77159e-04
1.26065e-03
1.13371e-03
6.43320e-04
-1.27889e-03
-9.78006e-04
-7.88220e-04
-1.19696e-03
3.05355e-03
-1.48302e-03
-1.07868e-03
1.90739e-03
-3.17868e-04
3.14751e-03
6.89404e-05
-3.03318e-03
-1.84578e-03
2.16900e-04
1.74984e-03
2.04387e-03
-5.23455e-03
-8.39021e-03
-2.93126e-03
2.31042e-03
3.67568e-03
1.32135e-02
1.10882e-02
-3.05961e-03
-4.17867e-03
-4.79892e-03
-1.16605e-02
-6.91769e-04
8.47736e-03
3.01057e-03
-6.73245e-04
-2.52924e-03
-2.52454e-03
-2.86774e-03
-1.02131e-03
-2.93499e-03
4.27250e-03
6.82023e-03
1.02759e-02
1.90944e-03
-9.50718e-03
-7.73073e-03
-6.30279e-04
-8.70826e-04
1.06216e-02
1.14457e-02
-1.10725e-02
-3.02836e-03
-3.21908e-03
-3.31339e-03
3.82691e-03
-1.80283e-03
1.94632e-03
6.77682e-03
-1.09186e-03
-9.31675e-03
-1.89500e-03
3.14164e-04
2.09321e-02
1.68122e-02
-1.26802e-02
-2.14636e-02
-3.13029e-02
-9.04248e-04
2.75374e-02
2.63954e-02
1.37694e-02
-5.28694e-03
-3.07403e-02
-2.87561e-02
2.18029e-03
1.28529e-02
1.66056e-02
2.40472e-02
-2.35576e-03
-1.99566e-02
-1.55575e-02
-1.66174e-02
1.13589e-03
2.54318e-02
1.18586e-02
3.21921e-03
-7.88895e-03
-1.64103e-02
4.18741e-04
5.58954e-03
7.64931e-03
-1.67371e-03
-1.36951e-03
-3.75154e-03
-6.83695e-03
-4.53224e-03
5.85950e-04
-6.24374e-03
1.66565e-02
1.16002e-02
-1.61507e-02
1.47065e-03
-2.75180e-03
-1.53388e-03
5.28116e-03
3.00129e-03
-7.44451e-03
-6.67922e-03
3.87957e-04
-5.19427e-03
2.15949e-03
1.72652e-02
7.65464e-03
1.39562e-03
-1.64302e-02
-2.49130e-02
-9.43091e-04
2.65555e-03
2.49922e-02
2.42246e-02
8.82036e-03
-1.07173e-02
-2.00885e-02
-7.45182e-03
-1.30516e-02
1.63986e-02
3.55386e-02
-9.26286e-03
-2.39243e-02
-4.74753e-03
-7.31026e-03
3.36225e-03
1.84546e-02
1.34417e-03
-2.23590e-02
-1.21988e-02
-1.54315e-03
-5.54709e-03
1.19699e-02
8.85905e-03
-5.90740e-03
-1.08926e-02
-9.42254e-03
7.18257e-03
-2.69230e-03
3.93377e-03
1.23620e-02
4.99565e-03
-8.64650e-03
-6.11066e-03
1.17093e-02
-6.90744e-04
6.54497e-03
1.04066e-02
-2.22391e-02
1.83330e-04
1.92340e-02
-3.77367e-03
1.09294e-02
9.42150e-03
-1.76411e-02
-7.06189e-03
6.79627e-03
-4.11256e-03
1.11989e-02
3.12829e-02
1.06954e-02
-2.26191e-02
-1.67182e-02
-1.69506e-02
-5.23589e-03
7.98683e-03
4.09591e-03
8.84615e-03
1.46009e-02
5.32450e-03
-1.14509e-02
-7.03193e-03
-2.88060e-03
5.84234e-03
1.07708e-02
-1.43072e-02
-2.20377e-02
2.31118e-03
1.55264e-03
-7.10427e-03
2.00912e-02
2.25322e-02
3.86953e-04
4.19048e-03
-5.95568e-03
-3.68719e-02
-1.47681e-02
2.67539e-02
1.37673e-02
5.43134e-03
9.92868e-03
-1.89189e-03
-1.54067e-02
5.65527e-03
9.34265e-03
1.77726e-03
1.89152e-04
-1.44164e-02
-1.07593e-02
-3.52387e-03
2.24972e-02
3.14421e-02
1.40504e-03
-1.72475e-02
-1.62752e-02
-1.63643e-02
2.52713e-03
1.70710e-02
1.03440e-02
5.45068e-03
-6.24804e-03
-3.49544e-02
-6.41441e-03
3.96072e-02
2.79369e-02
6.39117e-03
-2.05939e-02
-5.28757e-02
-6.56500e-02
-1.84670e-02
4.23060e-02
5.18918e-02
1.75867e-02
-1.52331e-03
-1.72270e-02
-2.93646e-02
6.21362e-03
8.45056e-03
1.05330e-02
2.03843e-02
1.21511e-02
1.24156e-02
-1.58577e-02
-2.00604e-02
-1.44139e-02
5.09418e-03
1.64623e-02
3.68946e-03
-6.66615e-03
-5.84916e-03
-3.76994e-03
-4.25304e-02
-3.85614e-02
9.22196e-03
8.12929e-03
1.17473e-02
3.05029e-02
2.94752e-02
1.73784e-02
2.38560e-02
2.66843e-02
2.18588e-02
3.88365e-02
-7.11160e-03
-4.41554e-02
-8.20389e-02
-9.56919e-02
-4.19676e-03
6.30557e-02
7.82471e-02
4.91560e-02
-7.99473e-03
-5.38142e-02
-4.95435e-02
-2.25950e-02
-7.30976e-04
2.18824e-02
3.84863e-02
4.24804e-02
1.07260e-02
-3.50303e-02
-5.08262e-02
-5.22267e-02
-3.73848e-02
-3.06703e-02
-1.53465e-02
1.94173e-02
3.58467e-02
5.60332e-02
4.75407e-02
2.59461e-02
2.05862e-03
-1.92501e-02
-5.68778e-02
-2.47134e-02
1.08912e-02
1.84128e-02
5.92620e-02
2.29452e-02
-1.38375e-02
-1.03189e-03
1.11655e-02
1.06864e-02
-4.90040e-03
-2.15263e-02
-1.88203e-02
-2.04916e-02
-1.92705e-02
2.27838e-02
2.26403e-02
1.14277e-02
1.77232e-02
-1.84417e-02
-3.48569e-02
-3.82076e-03
1.38268e-02
1.78168e-02
1.47888e-02
-1.88792e-02
-5.26133e-02
-3.63708e-02
-1.35746e-02
4.77268e-03
7.19048e-02
9.12135e-02
6.38225e-02
-1.09283e-03
-4.27439e-02
-3.56497e-02
-1.26486e-02
2.67263e-02
2.18102e-02
1.16112e-02
-2.42286e-03
-2.39653e-02
-2.44517e-02
-3.47650e-02
-2.33435e-02
-1.52646e-02
1.09450e-03
3.40012e-03
-1.47246e-03
-7.75576e-03
-2.53575e-02
-8.41303e-03
2.27712e-02
2.69823e-02
2.51766e-02
2.40745e-02
-2.43542e-02
-4.05336e-02
-1.54001e-02
-1.44622e-03
1.97846e-02
3.42537e-02
2.90573e-02
2.81412e-03
-4.10056e-03
2.48308e-03
-1.45673e-02
-3.19606e-02
-2.14106e-02
6.25157e-03
1.54537e-02
1.41521e-02
1.43294e-02
-1.43673e-02
-5.62171e-02
-4.85949e-02
-2.14366e-02
3.30702e-03
4.65801e-02
6.43862e-02
5.23061e-02
3.90296e-02
-1.44527e-02
-6.89225e-02
-7.19905e-02
-3.23319e-02
1.19907e-03
7.63210e-03
6.95266e-03
-8.08458e-03
-8.38026e-03
1.30648e-03
2.13033e-02
1.51317e-02
-7.23596e-04
-3.35181e-03
-1.60695e-02
7.90423e-03
3.19106e-02
4.11310e-02
4.28166e-02
1.91360e-02
-7.04667e-03
-3.40465e-02
-4.64192e-02
-4.83885e-02
-4.67471e-02
-1.63282e-02
3.69485e-02
8.97338e-02
1.08281e-01
1.07020e-01
6.53354e-02
-2.16540e-02
-7.68585e-02
-1.00382e-01
-5.98105e-02
3.55568e-03
1.48982e-02
6.09605e-03
5.54830e-03
1.93698e-02
2.12496e-02
6.30067e-03
-1.10819e-02
-3.96439e-02
-5.11984e-02
-4.78304e-02
-2.87541e-02
-1.80773e-03
2.51996e-02
3.42417e-02
1.05443e-02
7.33739e-03
1.03875e-02
3.12808e-05
-1.27526e-02
-1.13314e-02
-1.17124e-02
-1.48186e-02
5.32992e-03
3.61600e-02
1.50225e-02
-1.90354e-02
-6.28449e-03
-1.11177e-02
-1.65580e-02
1.19246e-03
1.05266e-02
2.15301e-02
2.87593e-02
2.08562e-02
8.50326e-03
1.74374e-02
2.58719e-02
3.87909e-02
2.56076e-02
-1.42468e-02
-3.36823e-02
-6.80957e-02
-6.64692e-02
-2.15966e-02
1.67880e-02
3.48247e-02
3.21403e-02
3.10809e-02
1.09775e-02
-2.25151e-02
-2.22848e-02
-1.92935e-02
-1.88878e-02
-1.12333e-02
-7.60966e-04
5.91877e-03
-8.35329e-03
-1.78170e-02
-1.22044e-02
-1.50998e-02
-6.66790e-03
1.39779e-02
2.16261e-02
2.49645e-02
-6.21365e-03
-2.32046e-02
1.88103e-03
1.65140e-02
3.50017e-02
3.50697e-02
6.05666e-03
-3.65753e-02
-6.75317e-02
-6.11318e-02
-2.62886e-02
2.60645e-02
6.81770e-02
5.66526e-02
3.20045e-02
6.01702e-04
-5.60531e-02
-4.72880e-02
-5.54985e-03
-1.87082e-02
-1.57696e-02
9.53686e-03
-1.49878e-03
2.02304e-02
6.33584e-02
6.75247e-02
2.69127e-02
-2.01474e-02
-3.35982e-02
-3.39722e-02
-1.88145e-02
2.76836e-02
5.54074e-02
3.77732e-02
7.35227e-04
-5.78491e-02
-5.77201e-02
-1.20728e-02
2.12935e-02
5.49988e-02
2.61210e-02
-2.04515e-02
-4.57729e-02
-4.78900e-02
4.76915e-03
2.90639e-02
5.39516e-02
4.41604e-02
-5.63955e-04
-2.32963e-02
-2.76404e-02
-2.09526e-02
-4.75892e-02
-4.91293e-02
-3.84732e-02
-1.18663e-02
2.25572e-02
3.26988e-02
3.18583e-02
8.19696e-03
-5.80143e-03
-5.06233e-02
-2.59573e-02
2.07243e-02
-3.16662e-02
-2.35249e-02
3.26640e-02
3.40376e-02
5.20449e-02
9.58013e-02
9.26392e-02
6.00746e-02
3.65299e-02
7.66168e-03
-5.67857e-02
-1.19322e-01
-1.22880e-01
-8.06972e-02
-2.90615e-02
1.38238e-02
4.22565e-02
8.78974e-02
7.63235e-02
2.00523e-02
1.40217e-02
-6.86140e-02
-8.77098e-02
-4.00948e-02
-1.66830e-02
3.51440e-02
2.15783e-02
9.92269e-03
6.75620e-03
-2.97213e-02
-3.81558e-02
-1.23282e-02
2.64687e-02
3.27245e-02
2.43473e-02
4.38464e-02
4.34746e-02
4.62168e-02
2.66607e-02
6.82770e-03
4.70073e-04
-3.89915e-02
-2.07181e-02
1.40181e-02
4.90679e-03
7.32269e-03
6.83635e-03
1.74045e-03
-3.06123e-02
-3.54226e-02
-5.42814e-03
-2.56715e-03
7.07336e-03
-2.48762e-03
-3.16261e-02
-2.89367e-02
-1.48811e-02
6.48444e-03
1.87015e-02
2.21169e-02
2.37576e-02
1.22952e-03
-2.02809e-02
-3.15059e-02
-4.34999e-02
-3.40854e-02
-1.44325e-02
7.42332e-03
1.98921e-02
2.80374e-02
4.63498e-02
1.43734e-02
-1.70752e-02
-2.36567e-02
-3.92618e-02
-3.88465e-02
-2.10082e-02
-2.43959e-02
-1.82535e-02
1.90587e-02
2.83952e-02
2.72333e-02
2.89257e-02
2.53098e-02
1.68412e-02
1.48644e-02
1.54153e-02
2.32604e-02
2.73383e-02
1.72235e-02
5.34788e-03
-3.82450e-03
2.65142e-03
1.49522e-02
2.00911e-02
-8.27770e-04
-2.75786e-02
-4.00713e-02
-4.00570e-02
-2.67714e-02
-2.05742e-02
-4.56322e-03
-3.36212e-03
-1.74918e-02
-1.95819e-02
-2.05599e-02
-1.50838e-02
9.03234e-03
2.59358e-02
1.09332e-02
6.92629e-03
-8.29582e-03
-1.63819e-02
1.08141e-02
3.19396e-02
4.69736e-02
5.12871e-02
4.10524e-02
6.18620e-03
-1.95914e-02
-2.75210e-02
-3.45033e-02
-1.95661e-02
1.65261e-03
-3.75227e-03
-8.66813e-03
6.10207e-03
1.49378e-02
2.59463e-02
3.30886e-02
2.89086e-04
-3.09959e-02
-4.40732e-02
-4.02093e-02
-1.70392e-02
-5.64896e-03
1.38212e-02
1.46222e-02
2.18559e-03
-3.93547e-03
-1.09857e-02
-1.37330e-03
5.75337e-03
5.60905e-03
8.10821e-03
9.60275e-03
5.95623e-03
9.36143e-03
1.69927e-02
1.51142e-02
9.27688e-03
2.87798e-03
-9.25719e-03
-1.13543e-02
-8.69809e-03
4.64666e-03
2.39425e-02
2.14867e-02
2.34516e-02
6.67161e-03
-1.33310e-03
6.38858e-03
1.51407e-03
1.91010e-03
4.32106e-03
3.37107e-04
-1.02105e-02
-9.95892e-03
-3.67548e-03
-4.35999e-04
-2.96472e-03
1.16264e-04
6.68820e-03
5.35048e-03
-3.13223e-03
-6.98023e-03
-8.64075e-03
-1.36418e-02
-1.28153e-02
-1.76472e-02
-1.80647e-02
-1.69195e-02
-1.48797e-02
-8.74207e-03
-4.32949e-03
7.68842e-03
1.99648e-02
2.27991e-02
1.92391e-02
1.11001e-02
-7.73147e-03
-1.51687e-02
-1.44999e-02
-1.63811e-02
-1.44736e-02
2.28069e-03
6.32456e-03
7.58288e-04
-1.54549e-03
-7.04397e-03
-1.02920e-02
-1.86770e-02
-1.15160e-02
7.84157e-03
2.92460e-02
3.58634e-02
1.69442e-02
-1.00303e-02
-2.43347e-02
-2.60015e-02
-2.09058e-02
-9.60035e-03
-3.97741e-03
1.05992e-02
2.19781e-02
1.87812e-02
1.30961e-02
4.81788e-03
-3.09108e-03
-4.98720e-03
1.68603e-03
5.17181e-03
7.34925e-03
7.60434e-03
5.52349e-03
-8.30591e-04
-8.50033e-03
-1.15387e-02
-9.10079e-03
-8.32151e-03
-1.48057e-03
-1.62700e-03
-5.85583e-03
5.96778e-03
1.40939e-02
1.31523e-02
2.62050e-03
-4.85793e-03
-3.74099e-03
-7.72408e-04
4.14958e-03
9.20899e-03
1.50984e-03
-9.13088e-03
-1.16072e-03
6.44262e-03
1.45373e-02
3.22573e-02
3.37707e-02
2.01894e-02
3.41580e-03
-1.17164e-02
-2.12353e-02
-1.91743e-02
-1.46340e-02
-1.00620e-02
-3.09908e-03
-1.94601e-03
2.27068e-03
2.51596e-03
-5.72020e-03
-6.56346e-03
-2.63719e-03
-8.18244e-04
6.39277e-03
1.01315e-02
5.78644e-03
-1.22905e-03
-5.39033e-03
-9.53891e-03
-6.09667e-03
-9.63691e-04
-4.25634e-03
-8.62420e-03
-1.28131e-02
-1.30506e-02
-1.20077e-02
-8.82752e-03
-3.90322e-03
7.04702e-04
5.30731e-03
9.12182e-03
1.25874e-02
7.84048e-03
-4.62780e-03
-1.00245e-02
-7.82589e-03
-2.16279e-03
1.10548e-03
3.04351e-03
7.49407e-03
9.88311e-03
5.40811e-03
3.78426e-03
9.84938e-03
7.26015e-03
-9.59494e-04
-6.09218e-03
-1.39664e-02
-1.72475e-02
-9.21167e-03
-1.66250e-03
3.58920e-03
7.08575e-03
4.31672e-03
-3.82062e-03
-4.81180e-03
7.38641e-04
4.44431e-03
9.73950e-03
1.19524e-02
8.77284e-03
4.35490e-03
2.24389e-03
1.52731e-03
6.33526e-03
1.58559e-02
1.51086e-02
1.15127e-02
2.11249e-03
-8.31130e-03
-1.08046e-02
-7.75183e-03
-2.86682e-03
2.28934e-03
9.60036e-03
1.59750e-02
1.62999e-02
1.26641e-02
6.93956e-03
-6.34797e-03
-1.30887e-02
-8.07704e-03
-7.28699e-04
1.14172e-03
6.16405e-03
7.58071e-03
3.94675e-04
-4.86962e-03
-1.58098e-02
-2.02557e-02
-1.37531e-02
-2.57184e-03
9.94450e-03
1.04240e-02
5.23130e-03
-9.00784e-03
-1.92213e-02
-1.33496e-02
-1.07345e-02
-8.94096e-03
-6.65681e-03
-7.68280e-03
-8.51786e-03
-2.87420e-03
2.66728e-03
3.84240e-03
3.56883e-03
-1.31769e-03
-3.98331e-03
-1.49052e-03
3.01356e-03
5.99950e-03
1.56933e-05
-6.69511e-03
-1.02719e-02
-7.79344e-03
-4.46252e-04
4.10959e-03
6.32838e-03
3.59146e-03
-3.80569e-03
-8.83360e-03
-6.08941e-03
2.06172e-03
9.90050e-03
9.63182e-03
2.77969e-03
-2.75046e-04
6.59960e-04
1.61933e-03
4.68214e-03
8.77361e-03
6.00898e-03
4.63110e-03
9.22148e-03
9.46031e-03
7.15409e-03
5.32833e-03
6.51373e-03
3.64317e-03
-2.09134e-04
-1.03461e-03
-4.19014e-03
-7.04367e-03
-6.69579e-03
-2.73096e-03
-2.66454e-03
-2.22876e-03
-6.31806e-03
-1.16482e-02
-9.05576e-03
-4.39153e-03
-1.98177e-03
1.74500e-03
8.03834e-03
8.96493e-03
4.38411e-03
2.21251e-05
-5.17703e-03
-1.04419e-02
-3.96546e-03
5.48209e-03
1.00351e-02
8.22534e-03
4.81251e-03
5.67899e-03
5.36682e-03
3.47340e-03
1.64468e-03
3.60016e-04
-1.70321e-03
-1.44479e-03
1.52915e-03
8.92233e-04
-2.56636e-03
-9.45173e-03
-1.45991e-02
-1.00064e-02
-7.76268e-03
-7.66060e-04
1.99330e-03
-3.11712e-03
-2.64310e-03
-4.86051e-03
3.63512e-03
1.39118e-02
1.32491e-02
8.13634e-03
1.10470e-03
-4.51450e-03
-2.91709e-03
3.44034e-03
1.13537e-02
1.19372e-02
6.15691e-03
-5.95744e-04
-2.06163e-03
2.58902e-05
2.35713e-03
6.08793e-03
4.99471e-03
3.97993e-03
-1.48351e-03
-3.77106e-03
-6.85055e-03
-1.05806e-02
-5.93845e-03
-1.07868e-03
3.51283e-03
4.84326e-03
-3.99341e-04
-8.50036e-03
-9.87041e-03
-5.67004e-03
4.40398e-04
9.88488e-03
1.20717e-02
5.76015e-03
-1.92899e-03
-6.68598e-03
-3.98786e-03
9.75226e-04
1.41648e-03
2.59375e-03
7.53760e-04
-7.12653e-04
-1.57930e-03
1.73080e-03
3.83854e-03
2.11452e-03
7.95056e-04
-5.42341e-03
-7.21621e-03
-6.63257e-03
-5.61388e-03
-5.70574e-03
-6.14018e-03
-8.14668e-03
-7.71432e-03
-4.00249e-03
-6.81095e-04
4.50181e-03
2.62060e-03
-6.36987e-03
-1.23498e-02
-1.12596e-02
-6.53226e-03
-1.63306e-03
3.83894e-03
9.59940e-03
1.44018e-02
1.64432e-02
9.38002e-03
-2.54207e-03
-1.04884e-02
-1.46540e-02
-1.05024e-02
-3.04176e-03
1.05988e-02
1.93028e-02
1.61383e-02
3.38018e-03
-1.45110e-02
-1.84045e-02
-1.18694e-02
9.26443e-04
7.73721e-03
9.61212e-03
6.85842e-03
7.16591e-05
-2.93552e-03
-3.61845e-03
2.99629e-03
1.05032e-02
1.06557e-02
8.03588e-03
5.33436e-03
1.13338e-03
-4.40700e-03
-7.81923e-03
-7.44894e-03
-3.36259e-03
4.11501e-03
7.11839e-03
4.08192e-03
3.29568e-04
-3.43028e-03
-7.76086e-03
-9.11437e-03
-6.12090e-03
-3.44530e-03
2.41185e-03
7.15126e-03
1.06546e-02
8.96614e-03
2.51339e-03
-3.95716e-03
-8.41066e-03
-3.75929e-03
2.25024e-03
6.80610e-03
7.94045e-03
5.16039e-03
3.93763e-03
1.44136e-03
-1.79987e-03
-1.28734e-03
-1.65567e-04
-1.96407e-03
-3.85753e-03
-1.41199e-03
1.08905e-03
1.77417e-03
3.11830e-03
1.27464e-03
-1.94534e-03
-8.59683e-04
2.80107e-04
-6.71264e-04
3.00086e-03
6.17250e-03
4.23643e-03
1.97273e-03
-3.31177e-03
-7.98926e-03
-6.49107e-03
-1.00760e-03
5.69807e-03
1.03739e-02
6.83572e-03
1.99847e-04
-7.07251e-03
-9.89353e-03
-5.20420e-03
-8.77100e-05
3.65002e-03
1.74634e-03
-4.78926e-04
5.02716e-05
-4.76164e-03
-8.60220e-03
-5.11317e-03
-6.88699e-04
2.51415e-03
6.62765e-04
-5.73939e-03
-9.75437e-03
-7.53506e-03
-5.61559e-03
-1.79904e-03
6.62082e-03
1.06882e-02
6.96137e-03
-5.98945e-04
-6.78994e-03
-9.28865e-03
-6.12308e-03
8.76250e-04
2.65791e-03
1.78209e-03
1.98992e-04
5.60784e-04
2.50161e-03
2.79819e-03
1.50631e-03
-4.54414e-03
-8.92842e-03
-8.46725e-03
-2.63195e-03
4.86822e-03
8.86833e-03
1.00440e-02
4.68643e-03
-6.91301e-05
-4.74993e-04
-9.03424e-04
-9.78092e-04
9.26287e-04
2.63505e-03
5.35797e-05
7.62216e-04
-9.67217e-04
-1.47630e-03
-1.67617e-03
-4.32383e-03
-3.51619e-03
-1.91382e-03
1.40949e-03
4.03031e-03
4.24287e-03
3.71706e-03
3.56560e-03
1.79898e-03
-1.18272e-03
-5.88614e-03
-8.38815e-03
-7.26786e-03
-3.77420e-03
1.13341e-04
3.10032e-03
1.95157e-03
1.80522e-03
2.39013e-03
3.20773e-03
5.90725e-03
7.55030e-03
8.18930e-03
7.35334e-03
5.51952e-03
1.76056e-03
7.18122e-04
7.10160e-04
3.64009e-03
5.88925e-03
4.24556e-03
3.34698e-03
-1.90322e-04
6.33807e-04
3.68604e-03
4.67851e-03
7.48366e-03
8.76408e-03
6.25545e-03
-3.08597e-04
-2.94926e-03
-1.45543e-03
-6.52646e-04
-3.14418e-04
-4.27407e-03
-6.59726e-03
-6.65178e-03
-7.80494e-03
-3.69288e-03
1.98735e-03
4.52440e-03
4.77433e-03
8.02514e-04
-2.87893e-03
-4.46654e-03
-5.47235e-03
-5.93480e-03
-5.63003e-03
-5.35351e-03
-4.44906e-03
-2.57166e-03
-1.50218e-03
-1.24357e-03
-1.75970e-03
-4.88863e-04
6.79922e-05
-5.78630e-04
-2.31863e-03
-4.97851e-03
-7.50325e-03
-7.38885e-03
-5.02521e-03
-7.24866e-04
1.47086e-03
6.23688e-04
-2.94334e-03
-6.49845e-03
-5.86116e-03
-4.12462e-03
-3.50070e-04
5.54085e-04
1.93428e-04
1.69575e-03
4.22857e-03
6.76098e-03
3.69868e-03
1.02868e-03
-1.69590e-03
-3.76674e-03
-2.08117e-03
2.26871e-03
6.72800e-03
6.89225e-03
5.76901e-03
4.03599e-03
1.34811e-03
3.73183e-04
8.60224e-04
2.14285e-04
-5.44065e-04
-2.41635e-03
-4.91236e-03
-4.70091e-03
-3.27540e-03
-1.26157e-03
-5.78516e-04
-2.54842e-03
-2.57476e-03
-1.93211e-03
8.61580e-04
3.72073e-03
4.16014e-03
1.73764e-03
-1.68513e-03
-3.38927e-03
-4.13658e-03
-6.87173e-04
1.25820e-03
1.03902e-03
1.43127e-03
7.36392e-04
3.18191e-05
-1.48480e-03
-7.02965e-04
1.46351e-03
1.19682e-03
2.35693e-04
2.12148e-03
2.58698e-03
2.33215e-05
-1.31103e-03
-3.06729e-03
-4.26130e-03
3.03682e-04
4.59458e-03
5.73474e-03
7.75244e-03
6.73395e-03
4.65194e-03
-6.41900e-04
-1.76246e-03
-6.02305e-04
4.88134e-04
3.23718e-03
2.47643e-03
3.28916e-03
2.60635e-03
1.15547e-03
-6.49689e-04
-3.84004e-03
-1.42556e-03
2.35513e-03
4.50455e-03
5.43546e-03
6.88038e-04
-2.91341e-03
-3.88765e-03
-2.60605e-03
-6.73522e-04
1.56200e-03
1.71248e-03
-7.91865e-04
-3.38241e-03
-3.34038e-03
1.19582e-04
1.41668e-03
2.04633e-04
6.50355e-04
1.73991e-03
4.22263e-03
5.84877e-03
1.55717e-03
-3.38202e-03
-2.78064e-03
9.07868e-05
3.11513e-03
5.91694e-03
3.45278e-03
-2.91630e-04
-2.18771e-03
-3.52705e-03
-2.25659e-03
1.29093e-04
2.23852e-03
3.75767e-03
2.42862e-03
-4.34436e-04
-2.06503e-03
-1.86030e-03
-1.89812e-03
-2.83028e-03
-5.68991e-04
5.97317e-04
1.05947e-03
1.75083e-03
2.84590e-04
1.02485e-03
1.72411e-03
-8.79683e-04
-5.07071e-03
-6.55778e-03
-4.60265e-03
1.88977e-04
3.55815e-03
5.57835e-03
4.28044e-03
1.60676e-03
-7.59211e-04
-3.34488e-03
-4.42075e-03
-5.48351e-03
-4.55026e-03
-1.05967e-03
1.61245e-03
1.21604e-03
-2.22527e-04
-1.75397e-03
-7.14932e-04
6.26462e-05
2.45001e-04
-1.02903e-03
-4.77252e-03
-8.41342e-03
-7.87032e-03
-4.11901e-03
-4.97630e-04
2.90112e-03
3.55892e-03
3.11061e-03
1.66593e-03
-2.01124e-03
-5.56999e-03
-7.54419e-03
-4.74926e-03
-7.35202e-05
3.28872e-03
3.70718e-03
1.45000e-03
-8.58547e-04
-1.90709e-03
-8.84207e-04
-7.99303e-05
-2.52378e-04
-4.26235e-04
9.91669e-05
6.61637e-04
4.09069e-04
-1.30294e-03
-1.92601e-03
-1.69776e-03
4.84313e-04
3.74731e-03
3.98953e-03
3.19824e-03
2.88896e-03
-7.04918e-04
-3.28258e-03
-1.25988e-03
-1.37823e-03
4.59970e-04
1.77270e-03
1.34029e-03
1.24789e-03
-1.08773e-03
-1.71616e-03
-1.44860e-03
4.49134e-05
3.27762e-03
5.50800e-03
4.24587e-03
3.26153e-03
2.76865e-03
1.57694e-03
3.29438e-03
3.34049e-03
2.02891e-03
2.11958e-03
1.54061e-03
2.25043e-03
4.10276e-03
2.47997e-03
-9.39548e-04
-3.54797e-03
-3.44129e-03
-3.07949e-04
-2.22004e-04
-1.26951e-04
3.62207e-04
2.44892e-03
5.59022e-03
7.16820e-03
6.36932e-03
2.81952e-03
7.69737e-04
-1.47028e-03
-3.22630e-03
-2.49381e-03
-1.60994e-03
-9.21723e-04
-6.69793e-04
2.30592e-04
1.34229e-03
2.24320e-03
1.88409e-03
9.75606e-05
-4.63512e-03
-6.20976e-03
-1.43121e-03
1.06167e-03
1.52653e-03
2.26728e-04
-2.13851e-03
-4.37757e-03
-2.87881e-03
-8.45059e-04
-2.90697e-03
-4.95530e-03
-6.05388e-03
-6.73990e-03
-5.55604e-03
-2.88397e-03
5.00386e-04
-2.68697e-04
-7.33948e-04
-1.05384e-03
-1.53576e-03
-1.27031e-03
-3.47289e-03
-4.60520e-03
-5.95880e-03
-4.53751e-03
-2.70003e-03
-2.29639e-04
1.51584e-03
1.48825e-03
3.06851e-04
-1.46006e-03
-1.40600e-03
3.17970e-04
1.42343e-03
1.59354e-03
2.41000e-03
2.67453e-03
4.23455e-03
4.55253e-03
2.55649e-03
6.38757e-04
1.77426e-04
-9.33443e-04
-1.23094e-03
-1.12097e-03
-4.26995e-05
1.48744e-03
3.30177e-03
3.86376e-03
1.81715e-03
1.03189e-03
-8.06157e-04
-3.26389e-04
2.88964e-03
4.16666e-03
4.06092e-03
3.90396e-03
3.40962e-03
8.44170e-04
-5.03610e-05
1.55751e-03
3.89817e-03
5.29263e-03
4.96982e-03
4.29037e-03
2.12391e-03
-5.53041e-04
-7.28008e-04
3.74773e-04
1.97192e-03
3.14021e-03
2.27823e-03
4.43305e-04
-3.84150e-04
2.17494e-04
1.73363e-03
3.03103e-03
2.83706e-03
1.63452e-03
-1.75515e-03
-2.91410e-03
-7.23264e-04
1.40019e-03
3.00103e-03
1.01594e-03
-1.80947e-03
-3.93345e-03
-3.73108e-03
3.80474e-05
1.41699e-03
1.75277e-03
7.77050e-04
-1.16869e-03
-6.33528e-04
5.04710e-04
1.23915e-03
-2.94381e-04
-1.43138e-03
-2.28924e-03
-3.24199e-03
-4.00800e-03
-3.73910e-03
-4.03161e-03
-2.32688e-03
-4.30715e-04
-5.99041e-04
-2.20223e-04
-1.73594e-03
-3.80509e-03
-6.41397e-03
-7.73673e-03
-6.60021e-03
-4.14385e-03
-1.98175e-03
2.78827e-04
6.75127e-04
2.13149e-04
-5.38481e-04
-2.51325e-03
-3.73904e-03
-4.57756e-03
-3.94449e-03
-1.78267e-03
-1.17300e-03
-2.01858e-03
-3.71173e-03
-4.88100e-03
-2.76707e-03
4.67362e-04
1.33526e-03
1.89638e-03
1.95526e-03
1.23559e-03
8.15920e-04
9.87021e-04
1.59443e-03
1.23410e-03
3.17127e-03
4.76017e-03
3.98763e-03
2.35188e-03
7.84812e-06
-1.80679e-03
-1.63615e-03
2.81625e-04
1.37584e-03
1.76885e-03
1.93290e-03
2.18871e-03
1.32343e-03
-6.80767e-05
5.86510e-04
1.89629e-03
4.77513e-03
5.70227e-03
4.46202e-03
3.67742e-03
1.72180e-03
3.80710e-04
8.84553e-04
9.03086e-04
2.13889e-03
2.81382e-03
2.22881e-03
4.94592e-04
-1.62988e-03
-2.17379e-03
-1.01792e-03
2.08641e-03
2.89336e-03
3.06638e-03
1.89302e-03
-9.97516e-04
-1.06271e-03
-1.74220e-03
-1.81506e-03
-3.32171e-04
7.14657e-04
1.88517e-03
9.63776e-04
-1.12821e-03
-2.56923e-03
-2.73365e-03
-1.79132e-03
3.48944e-04
1.88870e-03
2.04694e-03
5.62900e-04
-1.09584e-03
-2.29166e-03
-2.60165e-03
-1.40404e-03
-9.52993e-04
-8.71871e-04
-2.19785e-04
-4.48187e-04
-8.55687e-05
-5.49569e-04
-1.40921e-03
-2.09498e-03
-1.80270e-03
-1.81142e-03
-1.20637e-03
-2.03048e-04
-1.78256e-04
4.85978e-04
4.70933e-04
8.64952e-04
1.63882e-04
-2.24589e-03
-3.03229e-03
-1.86814e-03
-4.23613e-04
9.60030e-04
1.36251e-03
1.03878e-03
-2.29985e-04
3.78073e-04
2.94436e-03
4.44030e-03
5.84764e-03
5.52200e-03
2.71247e-03
2.86311e-05
-1.63214e-03
-1.58158e-03
-1.50800e-03
-1.43199e-03
-1.11872e-03
-3.13464e-03
-3.54146e-03
-2.11081e-03
-1.05510e-03
-4.73777e-04
-1.19254e-03
-1.40064e-03
-3.21633e-03
-3.03618e-03
-4.21977e-04
9.36788e-04
1.15958e-03
9.80631e-04
4.88521e-04
-5.02732e-04
2.39207e-04
-8.15482e-04
-2.47445e-03
-2.56837e-03
-2.02687e-03
-6.26023e-04
1.75501e-04
1.05990e-03
2.34581e-03
2.45720e-03
2.67289e-03
2.84664e-03
2.61117e-03
1.64390e-03
9.58062e-04
6.02289e-04
8.33135e-04
3.79096e-04
-1.13731e-04
-1.17780e-03
-9.10036e-04
-8.07726e-04
-9.02791e-04
1.10069e-03
1.19005e-03
1.29837e-03
1.57697e-03
1.25475e-03
1.87736e-03
1.26473e-03
2.06975e-04
-1.56550e-03
-2.98783e-03
-3.14080e-05
7.11789e-04
3.76681e-04
-8.26028e-05
-1.08023e-03
-7.92989e-04
1.00349e-03
2.32867e-03
1.52543e-03
6.04723e-04
1.11702e-03
2.01683e-03
1.79105e-03
1.56889e-03
1.09299e-03
8.93444e-05
-3.54465e-04
-6.45234e-04
-4.99301e-04
-4.98215e-04
-1.19421e-03
-1.49262e-03
-3.05703e-03
-3.02238e-03
-5.75366e-04
1.51753e-03
2.27811e-03
2.90038e-04
-1.63146e-03
-3.20710e-03
-2.42822e-03
-3.73310e-04
4.28979e-04
1.07582e-03
1.73500e-03
2.47812e-03
1.28433e-03
1.10938e-03
1.37770e-05
-1.79686e-03
-2.38131e-03
-1.29742e-03
3.81022e-05
7.55970e-05
3.50098e-04
-2.15375e-04
-7.09198e-04
-1.82135e-03
-2.59357e-03
-1.72488e-03
-1.80218e-04
6.62016e-04
2.06689e-04
-2.31305e-04
-1.15013e-03
-1.85136e-03
-1.62436e-03
-1.23340e-03
-1.34527e-03
-2.49794e-03
-1.19516e-03
5.26807e-04
1.79401e-03
2.52993e-03
1.03216e-03
-2.84604e-04
-1.30228e-03
-4.07163e-04
4.73380e-05
6.56513e-04
1.84533e-03
1.00540e-03
9.48819e-04
4.07774e-04
1.01476e-03
2.83905e-04
-5.59937e-04
-1.40715e-03
-1.73457e-03
-8.84550e-04
2.15441e-04
9.68546e-04
5.04840e-04
1.03561e-06
-2.77988e-04
1.68330e-04
3.77004e-04
1.04823e-03
1.24069e-03
8.82692e-04
1.43297e-03
1.86248e-03
1.14101e-03
9.05955e-04
6.30747e-04
-3.33444e-04
-1.90683e-04
5.10717e-04
7.38696e-04
6.30549e-04
5.73802e-04
5.17444e-04
3.80333e-05
-4.45752e-04
-3.54163e-04
-1.30138e-04
-5.30963e-04
-6.07181e-04
-8.25789e-04
-7.22755e-04
-2.73752e-04
2.96204e-04
3.84056e-04
2.62005e-04
1.53375e-04
-1.47261e-05
-8.49109e-05
-4.12061e-05
4.30035e-05
4.10457e-05
-3.72641e-05
-1.60309e-04
-1.79035e-04
-1.69927e-04
-6.81472e-05
-1.51447e-04
-2.91096e-04
-4.26692e-04
-4.69166e-04
-4.28327e-04
-2.78924e-04
-1.62628e-04
-1.43024e-05
8.74632e-05
9.62359e-05
-2.82814e-05
7.14722e-06
-5.06498e-05
-6.83693e-05
-5.44038e-05
1.80769e-05
3.85492e-05
-5.22634e-05
-5.76939e-05
-1.03383e-04
-3.36277e-05
3.07261e-05
8.15650e-05
6.20223e-05
3.41497e-05
4.87408e-05
4.93960e-05
-1.96339e-05
-1.80711e-05
3.04798e-05
5.50399e-05
6.28741e-05
6.18364e-05
4.31921e-05
8.37163e-06
4.43704e-05
5.94643e-05
5.79826e-05
3.25480e-05
7.21384e-06
4.31725e-06
-2.42065e-06
4.20034e-07
-7.09123e-06
-9.92401e-06
5.77339e-06
2.06873e-05
1.87031e-05
1.12602e-05
4.02896e-06
-1.11152e-06
-4.19123e-06
-4.32381e-06
-3.32320e-06
-1.97841e-06
-8.10028e-07
-1.48856e-06
-3.01798e-06
-2.50470e-06
-8.37033e-07
-1.57415e-06
-1.71592e-06
-1.19811e-06
-6.91170e-07
-3.44519e-07
-4.19109e-08
2.90530e-07
3.04528e-07
4.06696e-07
5.14416e-07
7.47786e-07
9.63874e-07
1.14565e-06
1.24820e-06
1.27896e-06
1.30345e-06
1.28254e-06
1.25913e-06
1.24192e-06
1.22512e-06
1.19754e-06
1.16352e-06
1.12360e-06
1.07976e-06
1.03418e-06
9.87801e-07
9.41533e-07
8.96238e-07
8.52707e-07
8.11678e-07
7.73925e-07
7.40211e-07
