-1.64351e-03
-1.03544e-03
-2.61633e-03
3.10016e-03
-1.22012e-03
-6.07155e-03
7.50221e-04
4.35280e-03
4.04435e-03
8.78860e-03
-5.76750e-03
-4.57227e-03
7.89992e-03
-8.31604e-03
-8.98611e-04
7.16355e-03
6.93165e-04
-5.46877e-03
2.66416e-03
2.42240e-03
-6.48747e-03
-2.19270e-03
-4.60838e-03
-2.94806e-03
9.56960e-04
4.48075e-03
2.65633e-03
-9.20701e-03
5.22539e-03
-1.70518e-03
-8.35047e-04
1.37131e-02
-3.38487e-03
4.14226e-03
-1.38707e-04
-6.75429e-03
9.90583e-03
-1.66813e-03
-9.06329e-03
4.20203e-03
1.44966e-02
-2.28630e-03
1.36853e-03
-6.35676e-05
-2.99066e-03
4.09549e-03
-9.47665e-03
7.79841e-03
2.82590e-03
2.32564e-03
-4.04332e-03
-2.44843e-02
-4.60039e-03
1.42833e-02
-1.04671e-02
-1.24987e-02
1.37081e-02
9.14491e-03
-5.60076e-03
-7.80577e-03
-2.79909e-03
2.79919e-04
7.92755e-03
-9.92149e-04
8.16784e-04
3.21260e-03
1.19291e-02
8.37055e-03
-7.64079e-03
-1.11538e-03
-4.13413e-03
9.16818e-03
7.37676e-03
-5.23965e-03
-2.64884e-04
4.78700e-03
-6.67489e-03
-3.20718e-04
9.03637e-03
-8.51268e-03
-1.62648e-02
-8.08356e-03
-3.23077e-03
-1.97630e-03
-4.32230e-03
2.94930e-04
6.20800e-03
-5.30516e-03
-1.00307e-02
2.41090e-04
1.39592e-02
-1.06873e-03
1.05846e-02
1.37690e-02
6.98520e-03
-8.06622e-03
3.06456e-03
4.43915e-03
-4.65571e-03
1.40209e-02
8.87139e-03
-8.26829e-03
-1.02842e-02
1.48566e-02
1.15678e-03
-3.05240e-02
-4.17086e-03
1.73181e-02
-4.16949e-03
-4.07776e-03
6.26282e-03
3.99637e-03
-1.24856e-02
-1.44051e-02
9.39502e-03
6.43679e-03
-5.50872e-03
-1.47920e-04
1.00856e-02
2.09468e-02
-1.40175e-03
-1.84084e-02
-1.41528e-02
6.83939e-03
2.42632e-02
4.67991e-03
-4.56675e-03
-6.67028e-03
-2.54889e-02
-2.55384e-02
2.27141e-03
1.37002e-02
2.02687e-03
4.80470e-03
-8.70637e-03
-2.30020e-03
2.55075e-02
6.54970e-03
-1.46357e-02
-2.13527e-02
3.50357e-03
1.71493e-02
6.03073e-03
2.34233e-03
-7.87020e-03
-1.67601e-03
-5.03883e-03
-8.67795e-03
5.94114e-04
1.96484e-03
8.99866e-03
1.36529e-02
-6.04380e-03
-3.19283e-02
-1.66954e-02
-6.46589e-03
-1.31057e-02
8.64920e-03
2.67158e-02
1.42865e-02
-5.35654e-03
-1.49157e-02
-2.73150e-02
-8.82640e-03
1.89451e-02
3.61357e-02
7.63386e-03
-9.50321e-03
1.48006e-02
1.36568e-02
1.43830e-02
2.46447e-02
-1.15186e-02
-7.89231e-02
-7.39754e-02
1.35778e-02
1.23400e-01
7.63582e-02
-1.47780e-01
-1.68442e-01
5.23480e-02
1.67454e-01
6.52336e-02
-4.79084e-02
4.74262e-02
1.54999e-01
1.27851e-01
5.98942e-02
5.68465e-02
-3.40800e-02
-9.55558e-02
1.43713e-02
-4.86316e-02
-2.03962e-01
-1.92629e-01
-1.54598e-01
-1.01261e-01
4.54286e-03
-3.64395e-02
-6.07732e-02
1.01536e-01
3.03197e-01
2.40003e-01
-7.48448e-02
-2.66970e-01
-1.85142e-01
-5.17252e-02
7.53027e-02
2.30672e-01
2.40895e-01
4.07869e-02
2.06984e-02
2.75497e-01
3.09879e-01
1.99637e-01
-2.00057e-01
-6.06061e-01
-4.95583e-01
-1.84884e-01
-6.23472e-02
-3.26115e-02
1.01204e-01
1.54886e-01
1.73428e-01
1.34478e-02
-1.89053e-01
-1.64974e-01
5.90228e-02
2.16842e-01
1.53634e-01
3.48095e-02
-4.94279e-02
1.32561e-02
1.10681e-01
1.38164e-01
1.23798e-01
9.54509e-02
-1.77039e-02
-1.55591e-01
-2.01448e-01
-1.02189e-01
-2.44566e-02
-1.28861e-02
1.62523e-03
4.77312e-02
4.15371e-02
-6.06577e-02
-5.82779e-02
4.39111e-03
6.63662e-02
2.98347e-02
9.57487e-03
7.09159e-02
7.27624e-02
3.41747e-02
-3.72555e-03
2.23326e-02
9.95085e-02
2.22086e-02
-1.40650e-01
-1.40712e-01
1.36052e-02
9.64506e-02
3.83783e-02
2.71634e-03
1.90632e-02
-3.28234e-02
-1.45892e-01
-1.84793e-01
-1.18564e-01
-2.41076e-02
-8.05198e-03
-2.40588e-03
9.17962e-03
4.56836e-02
7.08121e-02
4.39982e-02
6.61367e-02
9.67206e-02
6.20546e-02
2.46492e-02
1.88769e-02
1.16119e-02
5.70901e-03
4.95734e-03
1.34842e-02
1.09099e-02
-1.97851e-02
-1.08962e-02
2.03323e-02
6.72944e-03
-3.35504e-02
-6.82978e-02
-6.29751e-02
-5.54335e-02
-8.49804e-02
-1.00018e-01
-5.28865e-02
2.76372e-02
7.01577e-02
5.03926e-02
4.84287e-02
6.66089e-02
1.90874e-02
-2.77572e-02
-6.30373e-04
6.05415e-02
7.65799e-02
2.20073e-02
-1.72380e-02
2.49998e-02
6.86126e-02
6.43911e-02
2.99092e-02
-2.69615e-02
-9.74546e-02
-1.20563e-01
-6.40348e-02
-1.86978e-02
-5.77367e-03
-6.97944e-03
-3.97563e-02
-3.83276e-02
1.06184e-02
1.60289e-02
9.92037e-03
1.15440e-02
2.73554e-02
4.53685e-02
5.21091e-02
3.44516e-02
7.73834e-03
-7.41315e-03
-1.33525e-02
-1.79446e-02
-2.59208e-02
-1.77602e-02
-1.44381e-02
-1.30950e-02
-9.01899e-03
-1.79291e-02
-5.08208e-03
2.79220e-02
3.32189e-02
4.15745e-02
2.22977e-02
-4.38624e-02
-6.74914e-02
-1.57267e-02
1.87232e-02
2.34589e-02
4.41323e-02
1.81194e-02
-3.47933e-02
-5.31833e-02
-2.17277e-02
2.27761e-02
2.72911e-02
7.29474e-03
-7.30846e-03
7.96739e-03
2.28063e-02
1.60766e-02
1.06128e-02
-1.45670e-02
-2.68463e-02
-2.78143e-02
-2.86710e-02
2.60242e-03
4.51421e-02
3.92520e-02
-3.42895e-03
-1.83470e-02
1.25795e-02
2.65659e-02
1.00093e-02
-1.24931e-02
-1.10195e-02
1.40854e-02
-1.92504e-03
-3.11251e-02
-2.86812e-02
1.43276e-02
2.41609e-02
-5.92803e-03
-1.07022e-02
-1.78988e-03
2.82588e-03
1.69215e-02
1.96374e-02
1.58871e-02
3.84551e-03
-2.52175e-02
-3.60896e-02
-2.23730e-02
3.66355e-03
2.23214e-02
3.56374e-02
1.96676e-02
-3.60316e-02
-3.16193e-02
1.74894e-02
1.25396e-02
-6.80147e-03
8.66711e-03
4.29284e-02
2.20666e-02
-3.96984e-02
-4.81095e-02
-2.49259e-02
-5.35991e-03
-4.68735e-03
-1.83974e-02
-2.15460e-02
-9.57721e-03
2.39537e-02
5.11276e-02
3.76553e-02
9.78744e-03
-1.43021e-02
-2.59218e-02
-2.17216e-02
-2.56048e-02
-8.68615e-03
8.72295e-03
2.43008e-02
3.99728e-02
3.22321e-02
-5.59971e-03
-4.19793e-02
-3.75649e-02
-3.17798e-02
-2.08284e-02
5.26383e-03
1.49408e-02
3.23692e-02
4.55374e-02
3.23927e-02
1.17879e-02
-1.92542e-02
-3.36903e-02
-2.72947e-02
-1.45356e-02
-3.78775e-03
-2.32273e-03
-1.12326e-04
1.56497e-02
2.19232e-02
1.14152e-02
-6.30664e-03
2.66563e-03
1.47093e-02
7.29419e-03
-2.17838e-02
-4.40057e-02
-3.41253e-02
-1.13958e-02
1.48378e-02
2.22337e-02
3.44530e-02
5.14401e-02
4.99108e-02
3.08846e-02
-5.07523e-03
-1.81985e-02
-4.87606e-03
-8.75063e-04
4.77946e-03
-3.91654e-03
-1.94729e-02
-3.61645e-02
-3.75653e-02
-1.78602e-02
2.93094e-03
5.55900e-03
-2.08963e-03
1.18903e-02
2.01215e-02
1.46040e-02
1.30576e-02
-5.36461e-03
-1.79160e-02
6.76475e-03
2.03292e-02
1.24064e-02
-2.45817e-03
-1.89399e-02
-1.79396e-02
-2.11332e-02
-2.76023e-03
3.44247e-02
3.26020e-02
-1.41229e-02
-4.66964e-02
-2.74860e-02
-1.39816e-02
-1.80468e-02
-8.90108e-03
-2.25916e-03
-7.84088e-03
9.08635e-04
2.46063e-02
2.36702e-02
8.85036e-04
1.07098e-02
2.93097e-02
2.25928e-02
2.80888e-02
5.43353e-02
4.00169e-02
-1.80085e-02
-4.56343e-02
-1.59737e-02
-2.51902e-02
-7.51964e-02
-5.89310e-02
5.63610e-04
1.01013e-02
-3.77716e-02
-7.70577e-02
-3.29566e-02
5.60187e-02
8.11899e-02
5.41038e-02
-1.37784e-02
-2.12257e-02
2.68614e-02
2.70691e-02
2.26440e-02
1.14570e-02
1.87437e-02
2.00009e-02
3.83413e-03
-6.91377e-03
9.44174e-05
1.26372e-02
5.03570e-03
5.68254e-03
3.72848e-04
-1.73790e-02
-5.74005e-03
-3.23406e-03
-2.36953e-02
-2.35775e-02
-1.78459e-02
1.29599e-03
-2.37587e-04
-1.21785e-02
-1.36500e-02
-2.05682e-02
-8.77506e-03
1.95233e-02
3.43750e-02
3.17277e-02
1.45006e-02
-7.42567e-03
-4.82757e-03
3.46146e-03
-1.98999e-02
-1.61088e-02
2.11533e-02
2.20036e-02
9.88924e-03
2.54051e-03
-1.24504e-02
-9.02342e-03
-1.10089e-02
-3.75981e-02
-3.91402e-02
-1.51277e-02
-8.06594e-03
-1.76765e-02
-1.03877e-02
2.59363e-02
5.24612e-02
3.35142e-02
1.84457e-03
-1.17520e-02
-3.78209e-03
1.66535e-02
2.03118e-02
1.35202e-03
-1.30584e-02
-1.97282e-02
-6.26225e-03
9.51048e-03
7.77154e-05
-6.42283e-03
2.54305e-03
1.32649e-03
2.42744e-03
2.05862e-02
1.61976e-02
9.79608e-04
2.99299e-03
5.09847e-03
-4.27431e-03
-1.03358e-02
-6.39685e-03
2.72754e-03
1.38460e-02
1.47328e-02
-1.01850e-03
-2.24757e-02
-3.16878e-02
-2.87112e-03
1.65685e-02
5.29589e-03
-3.88597e-04
-5.58902e-03
6.80386e-03
2.05418e-02
1.84193e-02
6.30277e-03
-1.44519e-02
-2.95927e-02
-2.25224e-02
-2.89211e-03
1.69352e-02
2.33908e-02
2.67750e-02
2.97201e-02
8.09373e-03
-2.48096e-02
-4.09721e-02
-3.68211e-02
-2.66151e-02
-1.99817e-02
-2.41861e-02
-1.88571e-02
6.91782e-04
1.17203e-02
1.19452e-02
1.26166e-03
-2.06196e-02
-1.66400e-02
-6.54531e-03
4.35899e-03
3.28544e-02
4.71386e-02
3.50778e-02
1.62573e-02
1.22692e-02
1.17359e-02
1.24642e-02
9.27284e-03
3.30595e-04
1.55580e-03
6.52927e-03
3.05053e-04
-1.47030e-02
-2.34396e-02
-2.21009e-02
-1.71531e-02
-1.52639e-02
-1.01400e-03
5.81433e-03
-8.22556e-03
-1.22436e-02
-1.93692e-03
5.63036e-03
6.83415e-03
2.19686e-02
2.74583e-02
1.59158e-02
4.77819e-03
-8.95558e-04
9.14380e-04
-5.49617e-03
-1.61219e-02
-1.63318e-02
-1.36861e-03
-5.00329e-03
-1.77709e-02
-1.09875e-02
-5.91768e-03
-1.58345e-02
-2.49009e-02
-8.20715e-03
1.41412e-02
1.08963e-02
-9.41283e-03
-6.50197e-03
1.02989e-02
9.09310e-03
9.01606e-03
1.31049e-02
1.77507e-02
1.36106e-02
4.06861e-03
7.15082e-03
1.15032e-02
1.21779e-02
1.16040e-02
1.60334e-02
1.80511e-02
6.71856e-03
-1.53533e-02
-2.88427e-02
-2.22521e-02
-1.33933e-02
-8.28061e-03
-2.10554e-03
8.07470e-04
1.51007e-03
1.02318e-02
1.21553e-02
3.55576e-03
9.34175e-04
7.73039e-03
1.15944e-02
4.15789e-03
-5.82000e-04
-4.49941e-03
-5.47175e-03
-4.02164e-03
-4.11153e-03
-1.16080e-02
-1.47693e-02
-5.89765e-03
-2.84114e-03
-7.08197e-03
-1.17640e-02
-1.68219e-03
1.99122e-02
2.42238e-02
4.99206e-03
-1.36186e-02
-1.38691e-02
-7.08573e-03
-4.44046e-03
-9.13966e-03
-1.09088e-02
-5.38912e-03
4.83408e-03
1.65951e-02
1.88270e-02
9.65990e-03
-5.14249e-03
-1.42175e-02
-1.68777e-02
-1.26260e-02
-1.07698e-03
6.43033e-03
6.72811e-03
-2.11482e-04
-2.25262e-03
5.90795e-03
5.19691e-03
-8.76586e-03
-8.08469e-03
-5.47403e-04
2.97603e-03
7.09061e-03
8.35437e-03
1.37219e-02
1.15844e-02
6.18268e-03
2.99028e-04
-5.39614e-03
-1.30833e-02
-1.03866e-02
4.83572e-03
6.69063e-03
1.48380e-03
4.14619e-03
8.46211e-03
-7.62870e-04
-1.36676e-02
-1.65869e-02
-1.11037e-02
5.24312e-03
1.91867e-02
1.36800e-02
-6.42778e-03
-2.21469e-02
-1.20308e-02
1.19153e-02
1.94312e-02
1.41087e-02
1.05168e-02
4.57530e-03
2.24070e-03
-7.71680e-03
-2.19152e-02
-1.11180e-02
3.68234e-03
1.39419e-02
1.63601e-02
2.67577e-03
-9.33579e-03
-5.51038e-03
7.21877e-03
3.95460e-03
-8.33755e-03
-9.56481e-03
-3.19272e-03
4.97639e-03
9.00741e-03
2.61397e-03
-5.84853e-03
-5.10527e-03
-2.97409e-03
-4.53120e-03
-7.44412e-03
-1.87524e-03
5.71556e-03
9.20897e-03
3.12180e-03
-3.22025e-03
3.09185e-03
1.61337e-02
1.89931e-02
3.92508e-03
-1.23938e-02
-1.27386e-02
-3.17945e-03
-5.60617e-03
-9.37371e-03
-6.30869e-03
5.17602e-03
1.47823e-02
1.20621e-02
1.90541e-03
-2.55610e-03
-3.94831e-03
-9.41221e-03
-3.48566e-03
-5.75818e-03
-1.26207e-02
-4.70224e-03
3.08345e-03
1.82617e-03
-6.90622e-03
-6.83341e-03
-2.37190e-03
-3.58421e-03
-8.03287e-03
-8.72470e-03
-2.83672e-03
6.24051e-03
4.97465e-03
-1.65658e-03
6.47179e-03
1.78687e-02
1.53369e-02
6.44390e-03
-1.47032e-03
-2.93752e-03
-3.41946e-03
-9.60612e-04
3.48374e-03
1.95952e-04
-7.11427e-03
-1.38290e-02
-5.16950e-03
-4.97890e-03
-1.03293e-02
-8.42522e-03
-3.71100e-03
1.22597e-03
3.81760e-03
7.86784e-03
2.34193e-04
-3.10073e-03
6.26348e-03
1.14789e-02
1.75339e-02
1.55377e-02
3.02483e-03
-1.14093e-02
-1.35340e-02
-1.22690e-03
1.01314e-02
1.50555e-02
8.64269e-03
5.75755e-03
6.71920e-03
-3.25450e-04
-3.54687e-03
8.58361e-06
4.67138e-03
7.73420e-03
8.59304e-03
4.59412e-03
1.55047e-03
-5.40209e-03
-1.75829e-02
-2.23786e-02
-1.18600e-02
1.46451e-03
-4.14081e-03
-9.83396e-03
-3.33559e-03
9.49842e-03
1.46281e-02
5.51871e-03
-3.67211e-03
-3.23952e-03
-6.71583e-03
-1.00555e-02
-3.56871e-03
1.41575e-03
-2.74751e-03
-4.22220e-03
1.12262e-04
2.93637e-03
5.14292e-04
-6.81095e-03
-9.37795e-03
9.17909e-04
8.02263e-03
8.33213e-03
6.37918e-03
-1.40060e-03
-8.02305e-03
-6.14133e-03
1.00723e-03
2.79984e-03
6.64405e-03
8.26253e-03
5.59946e-03
-1.52159e-03
-2.16985e-03
4.94312e-03
7.24311e-03
3.71464e-03
-6.41568e-04
-8.62538e-03
-1.08042e-02
6.10267e-04
1.73407e-03
4.83588e-03
6.35381e-03
6.28046e-03
4.30176e-03
-2.08662e-03
-2.90806e-03
-2.35117e-03
1.80183e-05
3.15291e-03
3.29862e-03
1.00677e-03
-1.03391e-03
-2.85025e-03
-4.25293e-03
-7.68587e-03
-7.96987e-03
-4.75673e-03
-1.57284e-03
-3.21747e-03
-3.33725e-03
-1.91932e-03
1.33263e-03
2.49213e-03
2.55630e-03
1.17933e-03
-1.97988e-04
2.36099e-04
1.85567e-04
2.20674e-03
1.88585e-03
2.41183e-03
3.31246e-03
2.91423e-03
2.58312e-03
3.58708e-03
2.30803e-03
1.23626e-03
5.66478e-04
-5.09411e-04
-3.52457e-04
-1.50892e-03
-2.54331e-03
-2.39697e-03
-1.21037e-03
-7.31658e-04
-6.00342e-04
-5.30795e-04
-3.84475e-04
-5.66766e-04
-9.94265e-04
-6.67723e-04
-1.61267e-04
2.99547e-04
8.05401e-04
6.66326e-04
3.14157e-04
3.24411e-04
2.57823e-04
1.19786e-04
-3.56459e-05
-1.09970e-04
-1.06315e-04
-1.00762e-04
-1.17221e-04
-1.41667e-04
-9.93269e-05
-2.80143e-05
5.30372e-05
