1.82687e-04
1.75035e-04
1.58086e-04
1.36608e-04
1.08421e-04
8.57104e-05
7.65370e-05
9.66298e-05
1.27469e-04
1.30104e-04
1.34736e-04
1.32268e-04
9.16057e-05
1.70616e-04
2.58701e-04
2.52966e-04
3.23099e-04
5.67215e-04
9.46482e-04
1.33338e-03
1.70938e-03
2.04298e-03
2.14674e-03
2.41616e-03
2.94024e-03
3.52442e-03
3.83725e-03
3.91282e-03
3.99242e-03
4.13028e-03
4.35455e-03
4.71975e-03
5.17272e-03
5.46603e-03
5.52807e-03
5.91128e-03
5.79806e-03
5.47624e-03
4.73518e-03
3.76852e-03
2.05960e-03
-1.32848e-04
-2.51913e-03
-4.59124e-03
-5.82959e-03
-6.23925e-03
-6.48292e-03
-6.43113e-03
-6.24905e-03
-5.74787e-03
-5.09232e-03
-4.12238e-03
-2.94101e-03
-2.06640e-03
-1.27246e-03
-6.78595e-04
-7.32878e-04
-1.08653e-03
-1.22160e-03
-1.15303e-03
-1.16095e-03
-1.23494e-03
-1.13875e-03
-6.14114e-04
4.59529e-04
1.63769e-03
2.47508e-03
3.23930e-03
3.88217e-03
3.88995e-03
3.52136e-03
3.07416e-03
2.44287e-03
1.51531e-03
7.03791e-04
4.25834e-04
6.97735e-04
1.08683e-03
1.37750e-03
1.14837e-03
5.29094e-04
1.28321e-04
-3.51036e-04
-9.13818e-04
-8.99780e-04
-4.59433e-04
-2.57532e-04
-8.03375e-04
-1.54376e-03
-2.35654e-03
-3.46890e-03
-5.14850e-03
-6.86209e-03
-7.50506e-03
-7.30948e-03
-6.49386e-03
-5.18266e-03
-3.76651e-03
-2.33534e-03
-1.45347e-03
-1.34449e-03
-1.42042e-03
-1.39320e-03
-1.34266e-03
-1.27028e-03
-1.07161e-03
-6.42433e-04
-1.01334e-04
4.24389e-05
-4.94877e-04
-1.25459e-03
-1.95463e-03
-2.63365e-03
-2.72272e-03
-1.92941e-03
-3.14177e-04
1.82273e-03
4.29225e-03
6.59404e-03
8.55051e-03
9.13330e-03
8.18742e-03
6.36242e-03
4.56336e-03
3.99058e-03
3.67870e-03
3.65504e-03
3.67737e-03
3.58226e-03
3.44500e-03
3.21576e-03
2.88224e-03
2.58088e-03
2.67865e-03
2.97636e-03
3.24935e-03
3.30758e-03
3.52379e-03
4.08906e-03
4.63318e-03
4.44202e-03
3.84277e-03
2.69297e-03
1.73503e-03
1.17376e-03
4.23853e-04
-1.82044e-04
-8.32467e-04
-1.22348e-03
-1.82158e-03
-2.61099e-03
-2.82312e-03
-2.63670e-03
-2.00650e-03
-8.32474e-04
4.61385e-04
1.78975e-03
2.07393e-03
1.90719e-03
1.59962e-03
1.55535e-03
1.77450e-03
2.21590e-03
2.97071e-03
3.75717e-03
4.45684e-03
4.93174e-03
5.01455e-03
4.53194e-03
3.04505e-03
5.76368e-04
-1.70971e-03
-4.29729e-03
-6.53837e-03
-8.34458e-03
-9.63436e-03
-1.00370e-02
-9.95296e-03
-9.29793e-03
-7.65617e-03
-5.21662e-03
-1.93332e-03
1.48277e-03
4.47408e-03
6.41517e-03
8.17452e-03
8.99580e-03
9.32806e-03
9.70058e-03
9.35456e-03
8.22675e-03
5.67017e-03
2.47915e-03
-1.80569e-04
-1.90531e-03
-2.63850e-03
-3.17407e-03
-3.87636e-03
-3.87610e-03
-3.80229e-03
-4.05190e-03
-4.99790e-03
-6.86710e-03
-9.11491e-03
-1.15406e-02
-1.34142e-02
-1.42100e-02
-1.53067e-02
-1.54697e-02
-1.40848e-02
-1.18707e-02
-8.15317e-03
-3.58364e-03
1.95822e-03
6.83929e-03
9.20752e-03
1.07688e-02
1.16167e-02
1.22020e-02
1.20107e-02
1.05916e-02
8.46325e-03
6.06744e-03
3.69804e-03
1.16036e-03
-8.17269e-04
-2.23295e-03
-3.57697e-03
-4.66798e-03
-5.33655e-03
-5.64504e-03
-5.56299e-03
-5.21110e-03
-4.63424e-03
-4.21084e-03
-4.35958e-03
-4.44268e-03
-4.28147e-03
-3.90247e-03
-3.42811e-03
-3.27961e-03
-3.62081e-03
-3.53841e-03
-3.05587e-03
-2.19528e-03
-8.23407e-04
1.49736e-03
4.89755e-03
9.20129e-03
1.43529e-02
1.90077e-02
2.22174e-02
2.41088e-02
2.38744e-02
2.13457e-02
1.71645e-02
1.24262e-02
7.38962e-03
2.87326e-03
-6.63110e-04
-3.38397e-03
-4.84356e-03
-5.30356e-03
-5.11546e-03
-4.26336e-03
-2.68838e-03
-9.73384e-04
3.77846e-04
1.21289e-03
1.24596e-03
7.10911e-04
-5.48228e-04
-2.28335e-03
-3.83445e-03
-4.96374e-03
-6.41353e-03
-8.17187e-03
-9.38711e-03
-1.05115e-02
-1.14885e-02
-1.17791e-02
-1.15955e-02
-1.10513e-02
-1.00405e-02
-8.89755e-03
-7.63462e-03
-6.12144e-03
-3.74658e-03
-3.39958e-04
3.60558e-03
7.30856e-03
9.55616e-03
1.08179e-02
1.15887e-02
1.11768e-02
9.46780e-03
6.99776e-03
4.31076e-03
1.45295e-03
-9.87759e-04
-3.82477e-03
-6.87910e-03
-9.50222e-03
-1.11816e-02
-1.15854e-02
-9.97694e-03
-6.49451e-03
-2.59029e-03
5.10717e-04
1.78017e-03
5.05016e-04
-3.10795e-03
-8.60355e-03
-1.46966e-02
-2.11855e-02
-2.65266e-02
-2.99204e-02
-3.24871e-02
-3.43366e-02
-3.49349e-02
-3.50472e-02
-3.58111e-02
-3.75805e-02
-3.99891e-02
-4.16586e-02
-4.32019e-02
-4.45952e-02
-4.52566e-02
-4.60809e-02
-4.71955e-02
-4.83988e-02
-4.94993e-02
-5.05905e-02
-5.10944e-02
-5.01357e-02
-4.73943e-02
-4.22690e-02
-3.45966e-02
-2.55456e-02
-1.52651e-02
-5.21121e-03
3.96411e-03
1.28316e-02
1.98168e-02
2.32167e-02
2.38144e-02
2.14396e-02
1.64957e-02
9.69497e-03
4.52804e-04
-1.06228e-02
-2.13792e-02
-3.25621e-02
-4.30046e-02
-5.02546e-02
-5.54455e-02
-5.90389e-02
-6.09583e-02
-6.07651e-02
-5.67697e-02
-4.75661e-02
-3.40666e-02
-1.96002e-02
-4.41133e-03
1.22264e-02
2.68672e-02
3.86848e-02
4.74849e-02
5.49063e-02
6.41277e-02
7.38988e-02
8.44184e-02
9.47627e-02
1.02626e-01
1.10192e-01
1.14586e-01
1.14525e-01
1.08918e-01
9.65719e-02
7.67802e-02
5.44725e-02
3.23109e-02
9.46053e-03
-9.10694e-03
-2.13522e-02
-2.64399e-02
-2.33163e-02
-9.01893e-03
1.32176e-02
3.64810e-02
5.78147e-02
7.40438e-02
8.35667e-02
9.30361e-02
1.02033e-01
1.11100e-01
1.22843e-01
1.36189e-01
1.48304e-01
1.58123e-01
1.65562e-01
1.70487e-01
1.71387e-01
1.65391e-01
1.50988e-01
1.29689e-01
1.02506e-01
7.12189e-02
4.15397e-02
9.06487e-03
-2.77646e-02
-6.44547e-02
-9.60906e-02
-1.18820e-01
-1.37163e-01
-1.52008e-01
-1.63557e-01
-1.75072e-01
-1.85952e-01
-1.95876e-01
-2.04794e-01
-2.12006e-01
-2.15102e-01
-2.12026e-01
-2.03170e-01
-1.87544e-01
-1.66502e-01
-1.40791e-01
-1.01449e-01
-5.24589e-02
-1.12016e-02
2.55047e-02
5.54198e-02
8.00663e-02
9.41757e-02
9.58922e-02
8.47964e-02
6.49547e-02
4.26605e-02
2.23708e-02
5.48981e-03
-3.05565e-03
-7.40444e-03
-8.92393e-03
-6.56946e-03
-2.31682e-03
1.35242e-03
3.71477e-03
4.53908e-03
4.48443e-03
5.97161e-03
1.11134e-02
2.25741e-02
4.17323e-02
6.73090e-02
9.44048e-02
1.16047e-01
1.29798e-01
1.34486e-01
1.24802e-01
9.90541e-02
6.48990e-02
3.81525e-02
2.34133e-02
2.07706e-02
3.12880e-02
5.40183e-02
8.46316e-02
1.12760e-01
1.33865e-01
1.41615e-01
1.32742e-01
1.02427e-01
5.10034e-02
-7.78005e-03
-6.15063e-02
-9.78191e-02
-1.25583e-01
-1.46938e-01
-1.59281e-01
-1.67898e-01
-1.71207e-01
-1.68949e-01
-1.64041e-01
-1.57739e-01
-1.50598e-01
-1.41919e-01
-1.32146e-01
-1.21276e-01
-1.10469e-01
-1.00571e-01
-9.05975e-02
-7.91163e-02
-6.40363e-02
-4.74513e-02
-3.44257e-02
-2.34297e-02
-1.28502e-02
-3.17376e-03
6.90155e-03
1.57286e-02
2.15310e-02
2.44095e-02
2.36848e-02
1.90210e-02
1.08271e-02
-2.11815e-05
-1.17910e-02
-2.11621e-02
-2.71135e-02
-3.10563e-02
-3.22874e-02
-3.06569e-02
-2.74363e-02
-2.29971e-02
-1.75178e-02
-1.08937e-02
-1.20619e-03
1.32616e-02
3.13010e-02
5.59281e-02
8.28150e-02
1.08950e-01
1.36503e-01
1.63716e-01
1.83491e-01
1.96848e-01
2.07490e-01
2.17802e-01
2.29880e-01
2.41614e-01
2.52934e-01
2.64437e-01
2.70020e-01
2.66711e-01
2.47457e-01
2.09071e-01
1.57748e-01
1.02400e-01
2.52256e-02
-7.00864e-02
-1.64438e-01
-2.49022e-01
-3.03086e-01
-3.16524e-01
-2.84912e-01
-2.53610e-01
-2.32053e-01
-2.16249e-01
-2.10312e-01
-2.00796e-01
-1.82775e-01
-1.57929e-01
-1.29437e-01
-9.89196e-02
-6.75770e-02
-3.33673e-02
-2.27976e-03
2.14022e-02
3.59271e-02
4.64714e-02
5.53197e-02
5.97206e-02
6.04215e-02
6.00315e-02
5.91372e-02
5.57120e-02
4.49440e-02
2.38239e-02
-6.53428e-03
-3.86374e-02
-6.48506e-02
-8.43349e-02
-9.52333e-02
-1.00340e-01
-1.02560e-01
-1.01166e-01
-9.58055e-02
-8.72619e-02
-7.73501e-02
-6.53089e-02
-5.09386e-02
-3.32768e-02
-1.17011e-02
8.58356e-03
2.81095e-02
4.75133e-02
6.39665e-02
8.06949e-02
9.77110e-02
1.14791e-01
1.29475e-01
1.40856e-01
1.45351e-01
1.42702e-01
1.32657e-01
1.14123e-01
8.99670e-02
7.18787e-02
5.91006e-02
5.07479e-02
5.05177e-02
5.39197e-02
6.08244e-02
6.99271e-02
7.72508e-02
7.81798e-02
7.34635e-02
6.20373e-02
4.53955e-02
2.60238e-02
1.16724e-02
4.23092e-03
9.59248e-04
1.70132e-03
5.82330e-03
1.13599e-02
1.68509e-02
2.22917e-02
2.71351e-02
3.14221e-02
3.55724e-02
3.90956e-02
4.15282e-02
4.27018e-02
4.11688e-02
3.62458e-02
2.84731e-02
1.78512e-02
3.65797e-03
-1.15975e-02
-2.65398e-02
-4.43777e-02
-6.50357e-02
-8.80915e-02
-1.12834e-01
-1.36031e-01
-1.55816e-01
-1.69433e-01
-1.76875e-01
-1.78442e-01
-1.73909e-01
-1.62958e-01
-1.45805e-01
-1.20042e-01
-8.33582e-02
-4.52415e-02
-1.75574e-02
3.64681e-03
2.11333e-02
3.29270e-02
4.09523e-02
4.63199e-02
4.92365e-02
4.86120e-02
4.29948e-02
3.17646e-02
1.65426e-02
1.35542e-03
-1.16982e-02
-2.20223e-02
-2.81213e-02
-3.07444e-02
-3.23196e-02
-3.36138e-02
-3.45441e-02
-3.43035e-02
-3.20553e-02
-2.81057e-02
-2.50224e-02
-2.36223e-02
-2.38677e-02
-2.41269e-02
-2.14032e-02
-1.27205e-02
3.62300e-03
2.51764e-02
4.84758e-02
7.38162e-02
9.60472e-02
1.13049e-01
1.27212e-01
1.39709e-01
1.47717e-01
1.50845e-01
1.46543e-01
1.35474e-01
1.20638e-01
1.08182e-01
9.98892e-02
9.58717e-02
9.78589e-02
1.03140e-01
1.09294e-01
1.11850e-01
1.07620e-01
9.18427e-02
5.93690e-02
1.00401e-02
-5.02363e-02
-1.06384e-01
-1.47239e-01
-1.64683e-01
-1.82094e-01
-2.03027e-01
-2.20512e-01
-2.32273e-01
-2.33152e-01
-2.25203e-01
-2.14321e-01
-2.00641e-01
-1.82504e-01
-1.64373e-01
-1.49513e-01
-1.35990e-01
-1.19230e-01
-9.78663e-02
-7.16366e-02
-4.44043e-02
-1.72959e-02
8.44930e-03
3.13849e-02
5.30188e-02
6.90348e-02
8.01645e-02
8.82782e-02
9.34781e-02
9.52804e-02
9.39217e-02
8.93319e-02
8.22666e-02
7.36584e-02
6.48486e-02
5.59866e-02
4.82872e-02
4.45906e-02
4.34252e-02
4.48106e-02
4.94498e-02
5.63254e-02
6.29193e-02
6.68078e-02
6.80404e-02
6.64377e-02
6.21692e-02
5.60378e-02
4.85840e-02
3.98746e-02
3.21219e-02
2.57155e-02
1.89736e-02
1.18128e-02
5.51246e-03
1.13121e-03
-3.64429e-04
3.23299e-04
3.23110e-03
8.45907e-03
1.59046e-02
2.40568e-02
3.05561e-02
3.54085e-02
3.62204e-02
3.18220e-02
2.43795e-02
1.52487e-02
4.57878e-03
-5.78655e-03
-1.55056e-02
-2.44640e-02
-3.16004e-02
-3.66854e-02
-4.20682e-02
-4.64633e-02
-4.93819e-02
-5.15126e-02
-5.27185e-02
-5.23564e-02
-5.03764e-02
-4.64210e-02
-4.02643e-02
-3.29676e-02
-2.52996e-02
-1.67757e-02
-8.12612e-03
-8.45576e-05
7.53270e-03
1.28829e-02
1.58094e-02
1.69899e-02
1.64240e-02
1.44113e-02
1.14048e-02
8.03003e-03
4.59717e-03
2.04805e-03
1.19886e-03
1.54763e-03
2.46962e-03
3.19952e-03
2.97096e-03
2.34701e-03
2.56395e-03
4.54288e-03
8.72146e-03
1.42343e-02
1.88473e-02
1.99073e-02
1.51839e-02
4.11329e-03
-1.09762e-02
-2.55362e-02
-3.48347e-02
-3.90565e-02
-3.87729e-02
-3.66512e-02
-3.34597e-02
-2.79185e-02
-1.91572e-02
-8.04801e-03
2.47121e-03
1.09264e-02
1.80954e-02
2.46420e-02
2.99265e-02
3.18140e-02
2.97840e-02
2.41664e-02
1.53119e-02
3.52189e-03
-1.04860e-02
-2.50580e-02
-3.65947e-02
-4.60789e-02
-5.00526e-02
-4.74787e-02
-4.06274e-02
-3.11485e-02
-2.05512e-02
-1.15879e-02
-5.10243e-03
1.46805e-03
7.90922e-03
1.38805e-02
1.99004e-02
2.57248e-02
3.04456e-02
3.49177e-02
3.87020e-02
4.08676e-02
4.07816e-02
3.80669e-02
3.39451e-02
2.94054e-02
2.48844e-02
1.88592e-02
1.09349e-02
2.14565e-03
-6.23524e-03
-1.13052e-02
-1.26393e-02
-1.02618e-02
-5.08358e-03
-1.98545e-04
2.66536e-03
2.16330e-03
-8.88575e-04
-4.28601e-03
-5.72063e-03
-5.93700e-03
-5.35593e-03
-4.92236e-03
-4.96280e-03
-5.98315e-03
-9.03794e-03
-1.41565e-02
-1.94629e-02
-2.62537e-02
-3.28477e-02
-3.73762e-02
-4.05755e-02
-4.21202e-02
-4.27080e-02
-4.22642e-02
-4.09646e-02
-3.90276e-02
-3.70038e-02
-3.53036e-02
-3.19260e-02
-2.62957e-02
-1.98567e-02
-1.31724e-02
-5.83651e-03
3.65658e-03
1.43572e-02
2.41610e-02
3.41346e-02
4.32836e-02
5.01506e-02
5.60160e-02
6.21003e-02
6.59723e-02
6.72171e-02
6.52319e-02
5.90642e-02
4.94106e-02
3.77685e-02
2.40586e-02
1.19591e-02
4.96384e-03
-2.23691e-03
-9.34442e-03
-1.42636e-02
-1.76700e-02
-1.96999e-02
-2.02186e-02
-2.00769e-02
-2.06384e-02
-2.27043e-02
-2.63782e-02
-3.01537e-02
-3.32153e-02
-3.40877e-02
-3.08231e-02
-2.32635e-02
-1.29160e-02
-3.08540e-03
5.90888e-03
1.10802e-02
1.44577e-02
1.72938e-02
1.88533e-02
2.02316e-02
2.14998e-02
2.33029e-02
2.65670e-02
2.98511e-02
3.09778e-02
3.02976e-02
2.70998e-02
2.17871e-02
1.49458e-02
7.83532e-03
-6.23786e-04
-9.64893e-03
-1.76164e-02
-2.55864e-02
-3.39576e-02
-3.96638e-02
-4.29575e-02
-4.29049e-02
-3.91424e-02
-3.25356e-02
-2.57584e-02
-1.95625e-02
-1.43744e-02
-1.11469e-02
-9.19289e-03
-8.61375e-03
-9.77397e-03
-1.26822e-02
-1.65081e-02
-1.98314e-02
-2.28330e-02
-2.47156e-02
-2.57653e-02
-2.56473e-02
-2.43821e-02
-2.13495e-02
-1.68922e-02
-1.20405e-02
-6.05187e-03
1.44701e-03
9.83915e-03
2.13762e-02
3.50981e-02
5.03643e-02
6.62325e-02
7.66568e-02
8.24146e-02
8.49904e-02
8.24107e-02
7.46377e-02
6.37888e-02
5.20867e-02
4.03795e-02
3.24405e-02
2.60949e-02
2.13899e-02
1.77764e-02
1.33387e-02
7.81210e-03
1.77297e-03
-5.54196e-03
-1.36127e-02
-2.05327e-02
-2.65388e-02
-3.16596e-02
-3.60296e-02
-3.90048e-02
-3.92434e-02
-3.64422e-02
-3.15350e-02
-2.52385e-02
-1.72760e-02
-9.12593e-03
-1.52432e-03
6.62738e-03
1.41922e-02
2.15967e-02
2.70035e-02
2.80679e-02
2.49308e-02
1.75673e-02
8.27064e-03
-2.15345e-03
-1.08139e-02
-1.50086e-02
-1.60671e-02
-1.46426e-02
-1.03769e-02
-3.89976e-03
3.15438e-03
9.04228e-03
1.17695e-02
1.03569e-02
5.03954e-03
-3.39192e-03
-1.37526e-02
-2.43338e-02
-3.24660e-02
-3.73959e-02
-3.97065e-02
-3.93279e-02
-3.66555e-02
-3.26624e-02
-2.77783e-02
-2.24377e-02
-1.91799e-02
-1.97492e-02
-2.37107e-02
-2.98484e-02
-3.67799e-02
-4.29391e-02
-4.64056e-02
-4.73764e-02
-4.61631e-02
-4.27750e-02
-3.74108e-02
-3.13864e-02
-2.49882e-02
-1.87987e-02
-1.37322e-02
-9.30089e-03
-5.44534e-03
-1.65074e-03
2.53405e-03
7.20129e-03
1.35671e-02
2.18412e-02
3.04181e-02
3.80873e-02
4.45700e-02
4.81000e-02
4.96447e-02
4.94622e-02
4.92644e-02
5.07285e-02
5.43264e-02
6.00858e-02
6.75575e-02
7.49313e-02
8.22659e-02
8.79170e-02
8.88878e-02
8.34576e-02
7.03601e-02
5.05035e-02
2.81899e-02
8.73988e-03
-8.18447e-03
-2.50346e-02
-3.88289e-02
-4.95062e-02
-5.90152e-02
-6.51169e-02
-7.10252e-02
-7.51486e-02
-7.59067e-02
-7.44803e-02
-7.07033e-02
-6.50185e-02
-5.93576e-02
-5.51749e-02
-5.10258e-02
-4.68728e-02
-4.27750e-02
-3.65249e-02
-2.82045e-02
-1.87312e-02
-7.97856e-03
2.81510e-03
1.36689e-02
2.32502e-02
2.99394e-02
3.44289e-02
3.66964e-02
3.59404e-02
3.20715e-02
2.60246e-02
2.00150e-02
1.49305e-02
1.19814e-02
9.48432e-03
6.74605e-03
4.28324e-03
2.33886e-03
1.30480e-03
1.03528e-03
9.91712e-04
-7.08469e-05
-2.64288e-03
-6.06516e-03
-9.01655e-03
-1.19153e-02
-1.35344e-02
-1.35020e-02
-1.16023e-02
-7.38833e-03
-1.11649e-03
6.86335e-03
1.46865e-02
2.07084e-02
2.40040e-02
2.39112e-02
2.04301e-02
1.39144e-02
5.43234e-03
-3.29791e-03
-9.33373e-03
-1.24678e-02
-1.47567e-02
-1.62482e-02
-1.60434e-02
-1.41161e-02
-1.11798e-02
-7.76889e-03
-3.74210e-03
5.41143e-04
4.79367e-03
8.50304e-03
1.17218e-02
1.44560e-02
1.57709e-02
1.59445e-02
1.47925e-02
1.21023e-02
8.12649e-03
3.79236e-03
7.71185e-05
-2.27751e-03
-1.66010e-03
2.46173e-03
9.46191e-03
1.80577e-02
2.68243e-02
3.45937e-02
4.07021e-02
4.50376e-02
4.69009e-02
4.69403e-02
4.49919e-02
4.13521e-02
3.48836e-02
2.55343e-02
1.50841e-02
3.63125e-03
-8.81559e-03
-1.91183e-02
-2.81636e-02
-3.55811e-02
-4.19973e-02
-4.75502e-02
-5.08263e-02
-5.24627e-02
-5.23407e-02
-5.01740e-02
-4.61431e-02
-4.06814e-02
-3.45144e-02
-2.76171e-02
-2.12063e-02
-1.45753e-02
-7.92440e-03
-2.37425e-03
4.18696e-03
1.09724e-02
1.69381e-02
2.27241e-02
2.79091e-02
3.10565e-02
3.22287e-02
2.97787e-02
2.33213e-02
1.47039e-02
5.87681e-03
-2.19608e-03
-9.50349e-03
-1.34920e-02
-1.66941e-02
-1.88350e-02
-1.93843e-02
-1.85646e-02
-1.58950e-02
-1.23444e-02
-8.76719e-03
-5.58998e-03
-2.53968e-03
-4.51703e-04
1.38329e-04
4.82568e-04
1.13474e-03
1.76791e-03
2.83085e-03
5.01056e-03
8.44174e-03
1.31454e-02
1.85946e-02
2.49894e-02
3.15924e-02
3.70705e-02
4.22949e-02
4.60123e-02
4.81611e-02
5.02315e-02
5.20944e-02
5.34060e-02
5.44720e-02
5.55659e-02
5.71438e-02
5.86178e-02
5.97910e-02
6.12747e-02
6.27995e-02
6.38345e-02
6.46649e-02
6.46633e-02
6.33290e-02
6.08685e-02
5.71295e-02
5.21612e-02
4.67877e-02
4.09265e-02
3.46198e-02
2.84095e-02
2.18261e-02
1.48469e-02
7.96531e-03
9.73462e-04
-6.14998e-03
-1.44404e-02
-2.35437e-02
-3.24226e-02
-4.15796e-02
-5.09052e-02
-5.82988e-02
-6.33604e-02
-6.67838e-02
-6.76433e-02
-6.58223e-02
-6.16141e-02
-5.61089e-02
-4.98452e-02
-4.52470e-02
-4.22265e-02
-4.10399e-02
-4.20484e-02
-4.43264e-02
-4.69669e-02
-4.92187e-02
-5.22425e-02
-5.56677e-02
-5.84845e-02
-6.06793e-02
-6.06410e-02
-5.77836e-02
-5.24718e-02
-4.60208e-02
-3.69279e-02
-2.71465e-02
-1.99985e-02
-1.45122e-02
-1.18047e-02
-1.21438e-02
-1.36351e-02
-1.51836e-02
-1.70765e-02
-1.87696e-02
-1.87789e-02
-1.69770e-02
-1.38809e-02
-1.03278e-02
-5.92234e-03
-9.03662e-04
3.02956e-03
6.86500e-03
1.01996e-02
1.39619e-02
1.78446e-02
2.08866e-02
2.31437e-02
2.41953e-02
2.43064e-02
2.44491e-02
2.44815e-02
2.43757e-02
2.33882e-02
2.12732e-02
1.85501e-02
1.57157e-02
1.34996e-02
1.14804e-02
9.69371e-03
8.60305e-03
8.11691e-03
8.20294e-03
8.80512e-03
9.96289e-03
1.09078e-02
1.03932e-02
7.94952e-03
3.44291e-03
-3.38877e-03
-1.17113e-02
-2.03239e-02
-2.83556e-02
-3.41885e-02
-3.84616e-02
-4.19747e-02
-4.36214e-02
-4.31886e-02
-4.12894e-02
-3.85701e-02
-3.60253e-02
-3.44649e-02
-3.41043e-02
-3.42736e-02
-3.46006e-02
-3.47177e-02
-3.41708e-02
-3.25499e-02
-2.96971e-02
-2.66933e-02
-2.38225e-02
-2.11872e-02
-1.98404e-02
-2.00645e-02
-2.21324e-02
-2.46661e-02
-2.73457e-02
-3.09207e-02
-3.45166e-02
-3.79510e-02
-4.05043e-02
-4.21345e-02
-4.27843e-02
-4.14862e-02
-3.77163e-02
-3.18004e-02
-2.40272e-02
-1.38659e-02
-2.23329e-03
9.00312e-03
1.90165e-02
2.81093e-02
3.83342e-02
4.82399e-02
5.53163e-02
6.10108e-02
6.67882e-02
7.06769e-02
7.32807e-02
7.48775e-02
7.42786e-02
7.30209e-02
7.18181e-02
7.10620e-02
6.97887e-02
6.81111e-02
6.55381e-02
6.24865e-02
5.94310e-02
5.55592e-02
5.12186e-02
4.70215e-02
4.28464e-02
3.88868e-02
3.60222e-02
3.31896e-02
3.01868e-02
2.68564e-02
2.31061e-02
1.93145e-02
1.51285e-02
1.11243e-02
7.33359e-03
2.92825e-03
-1.17280e-03
-4.31126e-03
-6.99936e-03
-9.60801e-03
-1.25612e-02
-1.53730e-02
-1.79786e-02
-2.06971e-02
-2.32749e-02
-2.52704e-02
-2.69596e-02
-2.80914e-02
-2.86896e-02
-2.92040e-02
-2.92848e-02
-2.88836e-02
-2.81168e-02
-2.72411e-02
-2.60681e-02
-2.46836e-02
-2.27267e-02
-1.98611e-02
-1.65270e-02
-1.29835e-02
-9.19633e-03
-4.44959e-03
1.40376e-03
7.09945e-03
1.22194e-02
1.72218e-02
2.16559e-02
2.51381e-02
2.75193e-02
2.78762e-02
2.60445e-02
2.24053e-02
1.73792e-02
1.12402e-02
5.73396e-03
1.01116e-03
-3.12330e-03
-5.69623e-03
-7.16288e-03
-7.86863e-03
-7.41933e-03
-6.15149e-03
-4.80984e-03
-3.61865e-03
-2.69186e-03
-2.16470e-03
-2.07940e-03
-3.24517e-03
-5.33570e-03
-8.46770e-03
-1.24334e-02
-1.53027e-02
-1.61084e-02
-1.48509e-02
-1.16523e-02
-7.25076e-03
-2.78975e-03
2.01266e-03
7.00689e-03
1.05607e-02
1.36394e-02
1.71667e-02
2.09773e-02
2.63673e-02
3.30740e-02
3.85897e-02
4.27246e-02
4.30585e-02
3.81289e-02
2.68820e-02
1.00385e-02
-1.00268e-02
-2.48031e-02
-2.92256e-02
-2.82757e-02
-2.16873e-02
-1.18210e-02
-3.93980e-03
-8.24559e-04
1.03074e-04
-1.34194e-03
-5.32870e-03
-1.01673e-02
-1.51039e-02
-1.86358e-02
-2.12136e-02
-2.19863e-02
-1.97134e-02
-1.58939e-02
-1.16271e-02
-7.06445e-03
-2.87263e-03
-1.37365e-03
-3.10284e-03
-7.33819e-03
-1.34581e-02
-2.12790e-02
-2.84676e-02
-3.30660e-02
-3.54184e-02
-3.50313e-02
-3.21643e-02
-2.75018e-02
-2.17992e-02
-1.60718e-02
-1.15356e-02
-8.28879e-03
-5.49025e-03
-3.26357e-03
-1.31344e-03
1.47442e-03
4.66415e-03
7.50817e-03
9.88430e-03
1.13242e-02
1.19176e-02
1.18748e-02
1.16432e-02
1.12189e-02
1.04516e-02
9.97906e-03
1.05198e-02
1.16902e-02
1.25024e-02
1.27542e-02
1.32326e-02
1.42844e-02
1.53047e-02
1.61828e-02
1.67845e-02
1.67619e-02
1.66194e-02
1.59599e-02
1.50464e-02
1.41814e-02
1.41541e-02
1.43807e-02
1.43851e-02
1.40774e-02
1.33053e-02
1.22280e-02
1.14560e-02
1.07963e-02
1.11887e-02
1.26552e-02
1.52192e-02
1.82730e-02
2.24909e-02
2.66653e-02
2.96378e-02
3.18968e-02
3.21106e-02
2.84588e-02
2.25693e-02
1.48896e-02
6.11981e-03
-3.83043e-03
-1.35714e-02
-2.06803e-02
-2.63864e-02
-3.05152e-02
-3.44433e-02
-3.89368e-02
-4.40056e-02
-4.97281e-02
-5.45872e-02
-5.77013e-02
-6.02865e-02
-6.13491e-02
-5.96373e-02
-5.55639e-02
-5.04536e-02
-4.46621e-02
-3.89209e-02
-3.35877e-02
-2.77463e-02
-2.15187e-02
-1.52705e-02
-8.31699e-03
-1.35914e-03
4.77068e-03
1.05013e-02
1.61657e-02
2.24776e-02
2.80987e-02
3.25292e-02
3.63378e-02
3.90680e-02
4.06947e-02
4.15887e-02
4.18886e-02
4.19928e-02
4.23564e-02
4.31006e-02
4.40256e-02
4.43444e-02
4.36493e-02
4.16051e-02
3.80628e-02
3.32762e-02
2.73587e-02
2.17339e-02
1.75638e-02
1.52471e-02
1.40481e-02
1.35680e-02
1.39534e-02
1.42718e-02
1.33378e-02
1.11153e-02
7.38905e-03
2.71366e-03
-1.64188e-03
-5.94417e-03
-9.60925e-03
-1.37435e-02
-1.75635e-02
-2.07247e-02
-2.38723e-02
-2.66596e-02
-2.88485e-02
-3.15579e-02
-3.52252e-02
-3.90023e-02
-4.40504e-02
-4.94055e-02
-5.40613e-02
-5.82005e-02
-6.00245e-02
-5.93651e-02
-5.52675e-02
-4.84359e-02
-3.97989e-02
-3.07544e-02
-2.34693e-02
-1.79321e-02
-1.40593e-02
-1.14650e-02
-9.50100e-03
-8.55710e-03
-8.79495e-03
-9.76483e-03
-1.09148e-02
-1.22847e-02
-1.32030e-02
-1.28996e-02
-1.12664e-02
-8.07108e-03
-3.17507e-03
2.77861e-03
9.60851e-03
1.68392e-02
2.37723e-02
3.03636e-02
3.67425e-02
4.23941e-02
4.71900e-02
5.16360e-02
5.55635e-02
5.82902e-02
5.87734e-02
5.80137e-02
5.63448e-02
5.44943e-02
5.24563e-02
5.05046e-02
4.95204e-02
4.77903e-02
4.49588e-02
4.13491e-02
3.64887e-02
3.07333e-02
2.37849e-02
1.69700e-02
1.13448e-02
4.51924e-03
-4.18593e-03
-1.22465e-02
-1.98258e-02
-2.80826e-02
-3.54599e-02
-4.34997e-02
-5.05299e-02
-5.42775e-02
-5.50539e-02
-5.17724e-02
-4.54387e-02
-3.63806e-02
-2.65790e-02
-1.63696e-02
-7.25637e-03
-5.13689e-04
4.34172e-03
8.12169e-03
9.45553e-03
8.77802e-03
6.29774e-03
2.78119e-03
-7.31108e-04
-3.70522e-03
-6.33042e-03
-7.98127e-03
-8.96471e-03
-9.60635e-03
-9.49119e-03
-8.32599e-03
-6.30300e-03
-3.94938e-03
-1.88682e-03
-1.12766e-03
-1.42964e-03
-1.84317e-03
-2.50011e-03
-3.48058e-03
-4.78661e-03
-6.44142e-03
-8.35203e-03
-1.07934e-02
-1.35207e-02
-1.63361e-02
-1.87771e-02
-2.12019e-02
-2.35914e-02
-2.54153e-02
-2.65509e-02
-2.68458e-02
-2.60827e-02
-2.45861e-02
-2.26575e-02
-2.04406e-02
-1.84793e-02
-1.74466e-02
-1.70559e-02
-1.70080e-02
-1.67115e-02
-1.59228e-02
-1.44660e-02
-1.22557e-02
-9.27448e-03
-5.77175e-03
-2.03207e-03
2.00399e-03
5.77158e-03
9.24128e-03
1.30684e-02
1.70959e-02
2.15064e-02
2.54703e-02
2.81773e-02
2.94659e-02
2.88556e-02
2.55979e-02
2.07856e-02
1.62915e-02
1.19608e-02
9.11151e-03
7.99693e-03
7.54216e-03
7.55051e-03
7.80468e-03
7.35966e-03
5.10231e-03
2.10490e-03
-1.34212e-03
-4.45321e-03
-8.21604e-03
-1.19344e-02
-1.49537e-02
-1.78167e-02
-2.00532e-02
-2.14228e-02
-2.31533e-02
-2.46065e-02
-2.50515e-02
-2.51858e-02
-2.51145e-02
-2.42783e-02
-2.22804e-02
-1.94850e-02
-1.57976e-02
-1.24152e-02
-9.17419e-03
-4.93543e-03
1.90657e-04
5.39223e-03
1.03502e-02
1.44745e-02
1.90872e-02
2.33933e-02
2.70377e-02
3.11805e-02
3.50343e-02
3.77428e-02
4.07220e-02
4.39799e-02
4.59766e-02
4.64873e-02
4.44116e-02
4.01898e-02
3.43219e-02
2.72556e-02
1.93627e-02
1.21710e-02
6.71567e-03
1.95898e-03
-1.83069e-03
-4.85504e-03
-7.71400e-03
-1.01613e-02
-1.22219e-02
-1.38964e-02
-1.51932e-02
-1.64424e-02
-1.72967e-02
-1.73998e-02
-1.69575e-02
-1.65575e-02
-1.67782e-02
-1.77126e-02
-1.84870e-02
-1.85119e-02
-1.72357e-02
-1.42466e-02
-9.83242e-03
-4.95729e-03
6.49033e-04
6.65982e-03
1.19637e-02
1.69919e-02
2.17212e-02
2.55950e-02
2.82407e-02
2.94430e-02
3.03758e-02
3.11319e-02
3.11244e-02
3.08564e-02
3.06398e-02
2.98852e-02
2.75415e-02
2.35888e-02
1.86189e-02
1.34539e-02
8.67424e-03
3.85058e-03
-7.56345e-04
-4.22927e-03
-7.62642e-03
-1.10400e-02
-1.37026e-02
-1.65036e-02
-1.90191e-02
-2.01973e-02
-2.06857e-02
-1.94293e-02
-1.62830e-02
-1.18113e-02
-6.86990e-03
-1.03526e-03
5.52028e-03
1.10820e-02
1.59487e-02
2.06436e-02
2.29956e-02
2.33654e-02
2.16720e-02
1.87389e-02
1.56979e-02
1.31731e-02
1.02477e-02
7.03657e-03
4.90473e-03
3.04571e-03
1.84820e-03
2.16999e-03
3.47078e-03
5.80844e-03
8.62292e-03
1.09765e-02
1.23221e-02
1.28205e-02
1.24586e-02
1.15894e-02
1.09656e-02
1.07293e-02
1.05303e-02
9.83087e-03
8.86221e-03
7.69003e-03
6.09842e-03
3.93039e-03
7.26621e-04
-2.79947e-03
-6.25266e-03
-1.02181e-02
-1.43667e-02
-1.85792e-02
-2.25717e-02
-2.56295e-02
-2.77455e-02
-2.90049e-02
-2.98403e-02
-3.08103e-02
-3.14571e-02
-3.13378e-02
-3.01250e-02
-2.78504e-02
-2.41361e-02
-1.96966e-02
-1.51465e-02
-1.01543e-02
-5.34523e-03
-5.56638e-04
3.79440e-03
6.69952e-03
8.78529e-03
1.00921e-02
9.45093e-03
7.40615e-03
4.94448e-03
2.68951e-03
5.44775e-04
-1.03639e-03
-2.28860e-03
-3.43756e-03
-3.52100e-03
-3.06475e-03
-1.94293e-03
-1.00756e-03
-4.62703e-05
1.54433e-03
2.40741e-03
1.72527e-03
-4.64804e-04
-3.32467e-03
-5.84431e-03
-7.19188e-03
-8.24143e-03
-8.60307e-03
-7.66832e-03
-5.48189e-03
-2.41542e-03
7.17892e-04
4.91288e-03
9.21300e-03
1.29449e-02
1.62637e-02
1.84004e-02
1.97364e-02
1.98855e-02
1.86906e-02
1.65104e-02
1.30110e-02
8.56207e-03
3.46952e-03
-1.59378e-03
-6.46137e-03
-1.13833e-02
-1.64184e-02
-2.18307e-02
-2.68321e-02
-3.07010e-02
-3.38289e-02
-3.59621e-02
-3.72221e-02
-3.81887e-02
-3.85552e-02
-3.81269e-02
-3.68468e-02
-3.48215e-02
-3.21379e-02
-2.90556e-02
-2.56463e-02
-2.18675e-02
-1.80771e-02
-1.41774e-02
-9.90649e-03
-5.96359e-03
-1.38658e-03
3.08980e-03
7.11057e-03
1.06243e-02
1.24070e-02
1.36987e-02
1.49904e-02
1.60348e-02
1.69980e-02
1.77558e-02
1.81187e-02
1.82311e-02
1.84009e-02
1.83243e-02
1.74408e-02
1.54159e-02
1.26739e-02
9.57620e-03
7.07596e-03
3.90847e-03
1.00855e-03
-7.78182e-04
-2.75284e-03
-4.23948e-03
-4.09322e-03
-3.24709e-03
-1.67628e-03
1.34217e-04
9.86086e-04
1.40422e-03
1.61314e-03
1.38093e-03
7.00006e-04
-3.51991e-04
-1.22537e-03
-1.49335e-03
-1.29730e-03
-5.57294e-04
1.04115e-03
3.10664e-03
4.78977e-03
6.75797e-03
8.91478e-03
1.08354e-02
1.29277e-02
1.47227e-02
1.58823e-02
1.65432e-02
1.67907e-02
1.70334e-02
1.68316e-02
1.59210e-02
1.45329e-02
1.30656e-02
1.20043e-02
1.09444e-02
9.73592e-03
8.54039e-03
7.43547e-03
6.26787e-03
4.83423e-03
3.79659e-03
3.45525e-03
4.06515e-03
5.89454e-03
8.94732e-03
1.26792e-02
1.62567e-02
2.03006e-02
2.49946e-02
2.94614e-02
3.32129e-02
3.61401e-02
3.84253e-02
4.00147e-02
3.98316e-02
3.75532e-02
3.36981e-02
2.88038e-02
2.27275e-02
1.53964e-02
8.37027e-03
2.29709e-03
-3.04810e-03
-8.26583e-03
-1.36514e-02
-1.82460e-02
-2.15274e-02
-2.42139e-02
-2.56151e-02
-2.63165e-02
-2.61526e-02
-2.51297e-02
-2.37018e-02
-2.28177e-02
-2.18655e-02
-2.11777e-02
-2.10861e-02
-2.09564e-02
-2.07685e-02
-2.08480e-02
-2.16463e-02
-2.32580e-02
-2.50910e-02
-2.66590e-02
-2.76900e-02
-2.89346e-02
-2.99005e-02
-3.05574e-02
-3.13393e-02
-3.13739e-02
-3.10405e-02
-3.02280e-02
-2.90311e-02
-2.82392e-02
-2.75912e-02
-2.62970e-02
-2.49598e-02
-2.35321e-02
-2.24655e-02
-2.09919e-02
-1.92622e-02
-1.81416e-02
-1.63976e-02
-1.49813e-02
-1.44683e-02
-1.31291e-02
-1.10118e-02
-7.87731e-03
-4.78207e-03
-1.90589e-03
8.85625e-04
3.56535e-03
6.18127e-03
8.91449e-03
1.16593e-02
1.36380e-02
1.57541e-02
1.74543e-02
1.77727e-02
1.73385e-02
1.67603e-02
1.57569e-02
1.37769e-02
1.23349e-02
1.11084e-02
9.89334e-03
8.77130e-03
7.56570e-03
6.42007e-03
6.10304e-03
6.03598e-03
6.01757e-03
6.07603e-03
6.14357e-03
6.71645e-03
7.84181e-03
8.89541e-03
9.19654e-03
9.03707e-03
8.86887e-03
8.66062e-03
8.40985e-03
8.02054e-03
7.66130e-03
7.73743e-03
7.84672e-03
7.86201e-03
7.70035e-03
7.18766e-03
6.33674e-03
5.51867e-03
4.79966e-03
4.17431e-03
3.58003e-03
3.12436e-03
2.62016e-03
1.95110e-03
1.71369e-03
1.80914e-03
1.83316e-03
1.68876e-03
1.36956e-03
1.05476e-03
1.21202e-03
2.03717e-03
3.99883e-03
7.22685e-03
1.11925e-02
1.53128e-02
1.87198e-02
2.19141e-02
2.55838e-02
2.92411e-02
3.27931e-02
3.59597e-02
3.78042e-02
3.85903e-02
3.88845e-02
3.90158e-02
3.85341e-02
3.67288e-02
3.35311e-02
2.91399e-02
2.47676e-02
1.94658e-02
1.35856e-02
8.52063e-03
3.53987e-03
-1.45230e-03
-6.90272e-03
-1.25431e-02
-1.72687e-02
-2.20944e-02
-2.62151e-02
-2.95277e-02
-3.23812e-02
-3.40881e-02
-3.41346e-02
-3.38524e-02
-3.29510e-02
-3.10966e-02
-2.91358e-02
-2.73196e-02
-2.44516e-02
-2.06275e-02
-1.72799e-02
-1.39016e-02
-1.08565e-02
-9.06724e-03
-7.70031e-03
-7.32776e-03
-7.08207e-03
-7.31451e-03
-7.87228e-03
-8.27108e-03
-8.51385e-03
-7.89148e-03
-7.18654e-03
-5.98006e-03
-3.70178e-03
-1.24687e-03
1.38925e-03
4.33748e-03
7.81686e-03
1.02369e-02
1.19443e-02
1.33719e-02
1.37438e-02
1.41278e-02
1.42666e-02
1.40035e-02
1.31449e-02
1.17891e-02
1.04199e-02
9.01551e-03
7.50109e-03
4.83310e-03
2.04779e-03
2.43304e-04
-1.14793e-03
-2.23607e-03
-2.94511e-03
-3.95214e-03
-5.18162e-03
-5.77220e-03
-5.95648e-03
-6.44841e-03
-7.08282e-03
-7.36046e-03
-7.37457e-03
-7.44705e-03
-7.51754e-03
-7.34346e-03
-6.72866e-03
-5.72052e-03
-4.77957e-03
-4.29580e-03
-4.55137e-03
-5.24346e-03
-6.48618e-03
-8.43808e-03
-1.12901e-02
-1.35733e-02
-1.50257e-02
-1.65373e-02
-1.78659e-02
-1.88882e-02
-1.97111e-02
-2.01742e-02
-2.01593e-02
-1.97486e-02
-1.95382e-02
-1.95993e-02
-1.98164e-02
-1.97517e-02
-1.94513e-02
-1.91215e-02
-1.84221e-02
-1.74086e-02
-1.59558e-02
-1.39184e-02
-1.19533e-02
-9.87236e-03
-6.87588e-03
-3.28956e-03
4.59329e-04
4.85872e-03
1.00292e-02
1.56443e-02
2.11860e-02
2.61769e-02
3.10127e-02
3.47758e-02
3.74851e-02
3.96383e-02
4.04909e-02
3.99974e-02
3.82215e-02
3.55429e-02
3.22913e-02
2.82648e-02
2.46126e-02
2.16271e-02
1.89158e-02
1.58743e-02
1.27158e-02
1.03344e-02
8.03522e-03
5.32451e-03
2.99490e-03
3.99102e-04
-3.24155e-03
-7.01622e-03
-1.05717e-02
-1.38858e-02
-1.72896e-02
-2.10159e-02
-2.45337e-02
-2.78434e-02
-3.08787e-02
-3.29960e-02
-3.46477e-02
-3.61271e-02
-3.66901e-02
-3.56425e-02
-3.31839e-02
-2.94122e-02
-2.46938e-02
-2.01139e-02
-1.56697e-02
-1.14525e-02
-7.80886e-03
-4.61127e-03
-1.35672e-03
1.70518e-03
4.24283e-03
6.55334e-03
9.24858e-03
1.23365e-02
1.57201e-02
1.96511e-02
2.39778e-02
2.78278e-02
3.15522e-02
3.54090e-02
3.83010e-02
4.05755e-02
4.23812e-02
4.36916e-02
4.40442e-02
4.24291e-02
3.85115e-02
3.28887e-02
2.67404e-02
2.06259e-02
1.48297e-02
1.00125e-02
5.89312e-03
2.24831e-03
-6.67719e-04
-3.15917e-03
-4.75340e-03
-5.92326e-03
-6.84301e-03
-6.98579e-03
-6.83154e-03
-6.93187e-03
-7.04732e-03
-7.27013e-03
-7.56490e-03
-8.00510e-03
-8.78195e-03
-9.59233e-03
-1.05954e-02
-1.16952e-02
-1.28218e-02
-1.44299e-02
-1.59365e-02
-1.63146e-02
-1.61659e-02
-1.62507e-02
-1.65143e-02
-1.66975e-02
-1.64145e-02
-1.52719e-02
-1.33359e-02
-1.15892e-02
-1.01603e-02
-8.58216e-03
-6.86322e-03
-5.20475e-03
-3.53475e-03
-2.17585e-03
-8.07597e-04
5.12242e-04
2.14474e-03
4.08926e-03
5.57489e-03
6.97799e-03
8.40880e-03
8.87111e-03
8.56675e-03
8.10875e-03
7.68638e-03
7.86374e-03
8.76427e-03
9.78691e-03
1.11350e-02
1.26199e-02
1.40191e-02
1.52246e-02
1.61069e-02
1.67382e-02
1.75060e-02
1.79172e-02
1.79970e-02
1.74337e-02
1.55031e-02
1.23819e-02
9.62546e-03
6.83243e-03
4.55812e-03
3.52120e-03
2.12627e-03
6.65445e-04
-1.72864e-04
-3.61510e-04
-5.85750e-04
-1.16242e-03
-1.98495e-03
-2.73802e-03
-4.03921e-03
-5.85921e-03
-7.72891e-03
-1.00790e-02
-1.30165e-02
-1.59362e-02
-2.00572e-02
-2.50365e-02
-2.92637e-02
-3.25722e-02
-3.49604e-02
-3.71491e-02
-3.92533e-02
-3.99024e-02
-3.92854e-02
-3.79710e-02
-3.59574e-02
-3.23992e-02
-2.73412e-02
-2.24977e-02
-1.71530e-02
-1.27924e-02
-7.92323e-03
-2.23098e-03
1.69739e-03
5.07308e-03
8.47481e-03
1.10001e-02
1.32679e-02
1.47811e-02
1.50258e-02
1.52319e-02
1.51236e-02
1.49433e-02
1.49159e-02
1.44865e-02
1.36313e-02
1.28283e-02
1.19994e-02
1.11068e-02
1.03261e-02
9.74279e-03
9.13975e-03
9.20532e-03
1.02769e-02
1.20053e-02
1.38429e-02
1.55961e-02
1.67414e-02
1.68171e-02
1.64069e-02
1.50845e-02
1.29653e-02
1.01862e-02
7.18264e-03
4.63544e-03
1.86511e-03
-7.38819e-04
-4.03404e-03
-7.10081e-03
-9.06239e-03
-1.11959e-02
-1.29401e-02
-1.35612e-02
-1.42121e-02
-1.47873e-02
-1.46111e-02
-1.42630e-02
-1.41127e-02
-1.43341e-02
-1.47979e-02
-1.54808e-02
-1.64866e-02
-1.76849e-02
-1.87171e-02
-1.97985e-02
-2.07263e-02
-2.09656e-02
-2.09052e-02
-2.05154e-02
-1.94514e-02
-1.77904e-02
-1.58344e-02
-1.36947e-02
-1.19172e-02
-1.08371e-02
-1.01953e-02
-9.85486e-03
-9.52941e-03
-9.12579e-03
-8.62978e-03
-7.81359e-03
-6.92180e-03
-5.81998e-03
-4.34581e-03
-2.34936e-03
5.80335e-04
4.42418e-03
8.99462e-03
1.36711e-02
1.77274e-02
2.16545e-02
2.52803e-02
2.79920e-02
3.00815e-02
3.15702e-02
3.21098e-02
3.20715e-02
3.16055e-02
3.09098e-02
2.96458e-02
2.76549e-02
2.50481e-02
2.17064e-02
1.86596e-02
1.56496e-02
1.20775e-02
9.23803e-03
5.89972e-03
2.28260e-03
-5.43279e-04
-3.04563e-03
-5.52496e-03
-7.05925e-03
-8.51616e-03
-9.23849e-03
-9.54187e-03
-9.21983e-03
-7.99078e-03
-6.08733e-03
-3.95372e-03
-2.11450e-03
3.42233e-05
2.38105e-03
4.00776e-03
5.49517e-03
6.63827e-03
8.13751e-03
9.51260e-03
1.01233e-02
1.02734e-02
9.90036e-03
9.44258e-03
9.23462e-03
9.02383e-03
9.06590e-03
9.11060e-03
9.11962e-03
9.16154e-03
9.15546e-03
8.96974e-03
8.45195e-03
7.72558e-03
7.34350e-03
7.45759e-03
7.94356e-03
9.06638e-03
1.06234e-02
1.17688e-02
1.39719e-02
1.63936e-02
1.77952e-02
1.88542e-02
1.93640e-02
1.91594e-02
1.84508e-02
1.70552e-02
1.48894e-02
1.19757e-02
9.26859e-03
5.82677e-03
2.23666e-03
-1.01118e-03
-4.61519e-03
-8.23028e-03
-1.13923e-02
-1.45333e-02
-1.75360e-02
-2.04649e-02
-2.43334e-02
-2.80931e-02
-3.08343e-02
-3.27291e-02
-3.39304e-02
-3.51839e-02
-3.58440e-02
-3.56091e-02
-3.47733e-02
-3.32599e-02
-3.12336e-02
-2.83797e-02
-2.48813e-02
-2.12844e-02
-1.72122e-02
-1.37208e-02
-9.92368e-03
-6.32406e-03
-3.98364e-03
-2.37741e-03
-1.92923e-03
-2.22519e-03
-2.80245e-03
-3.52704e-03
-4.11907e-03
-4.73237e-03
-4.80596e-03
-4.32610e-03
-3.22495e-03
-1.57213e-03
9.59194e-04
4.06652e-03
7.26776e-03
1.16908e-02
1.68284e-02
2.13426e-02
2.51912e-02
2.83618e-02
3.09172e-02
3.23913e-02
3.22415e-02
3.05135e-02
2.74307e-02
2.31419e-02
1.80605e-02
1.33511e-02
9.32548e-03
5.72393e-03
2.60832e-03
-3.43737e-04
-2.97104e-03
-4.69919e-03
-6.32272e-03
-7.78482e-03
-8.89832e-03
-9.92228e-03
-1.02619e-02
-1.01606e-02
-1.02739e-02
-1.07822e-02
-1.17278e-02
-1.27981e-02
-1.38203e-02
-1.50288e-02
-1.61467e-02
-1.67457e-02
-1.69729e-02
-1.68359e-02
-1.61073e-02
-1.51583e-02
-1.44366e-02
-1.38802e-02
-1.34809e-02
-1.33714e-02
-1.32469e-02
-1.32435e-02
-1.33064e-02
-1.31800e-02
-1.28317e-02
-1.21650e-02
-1.19238e-02
-1.21424e-02
-1.22476e-02
-1.19226e-02
-1.08924e-02
-9.20260e-03
-7.59699e-03
-5.72494e-03
-3.18707e-03
-4.93887e-04
2.69280e-03
6.21839e-03
9.14358e-03
1.15691e-02
1.35657e-02
1.55958e-02
1.79151e-02
1.98447e-02
2.12313e-02
2.21179e-02
2.23822e-02
2.24024e-02
2.23656e-02
2.21192e-02
2.16763e-02
2.13864e-02
2.12685e-02
2.15998e-02
2.21206e-02
2.23393e-02
2.23186e-02
2.25401e-02
2.24569e-02
2.19572e-02
2.11988e-02
2.04125e-02
1.89735e-02
1.69328e-02
1.43661e-02
1.14481e-02
7.93459e-03
4.48997e-03
1.92988e-03
-6.83067e-04
-3.53016e-03
-5.09413e-03
-6.47199e-03
-7.63630e-03
-8.10315e-03
-7.87876e-03
-6.10055e-03
-3.99431e-03
-1.93244e-03
-2.32943e-04
1.80953e-03
3.85193e-03
4.85679e-03
5.37922e-03
5.75453e-03
5.96459e-03
6.21902e-03
6.26517e-03
5.67982e-03
4.48169e-03
3.48102e-03
2.56841e-03
1.63270e-03
2.70931e-04
-1.44405e-03
-2.93487e-03
-4.16758e-03
-5.67779e-03
-7.52484e-03
-1.02243e-02
-1.30623e-02
-1.52557e-02
-1.76374e-02
-2.04079e-02
-2.31955e-02
-2.61179e-02
-2.87242e-02
-3.04419e-02
-3.16169e-02
-3.23542e-02
-3.27771e-02
-3.23654e-02
-3.10788e-02
-2.90605e-02
-2.66588e-02
-2.39058e-02
-2.07414e-02
-1.73458e-02
-1.40387e-02
-1.14315e-02
-9.00431e-03
-6.34096e-03
-4.17532e-03
-2.30549e-03
-5.68714e-04
4.32904e-04
1.10885e-03
1.64596e-03
2.09033e-03
2.50019e-03
2.88657e-03
3.24338e-03
3.78404e-03
4.67695e-03
6.07331e-03
8.00194e-03
9.39285e-03
1.04167e-02
1.15845e-02
1.19619e-02
1.24387e-02
1.34164e-02
1.43494e-02
1.54587e-02
1.62320e-02
1.65849e-02
1.65402e-02
1.62375e-02
1.57003e-02
1.51328e-02
1.50938e-02
1.47539e-02
1.40463e-02
1.35038e-02
1.30827e-02
1.25320e-02
1.22865e-02
1.22781e-02
1.18299e-02
1.07594e-02
9.33831e-03
7.72637e-03
6.06468e-03
4.39101e-03
2.60380e-03
4.86026e-04
-1.36910e-03
-3.38208e-03
-5.23017e-03
-6.39876e-03
-7.63879e-03
-8.79088e-03
-8.85958e-03
-8.67500e-03
-8.12861e-03
-6.94757e-03
-5.59762e-03
-4.31414e-03
-2.85233e-03
-1.45914e-03
-3.68999e-04
4.02137e-04
1.03367e-03
1.49571e-03
1.53760e-03
1.44166e-03
1.06409e-03
3.32778e-04
-4.96451e-04
-1.65622e-03
-3.06757e-03
-4.45149e-03
-5.90160e-03
-7.03991e-03
-7.87884e-03
-8.95147e-03
-9.89820e-03
-1.02092e-02
-9.90369e-03
-9.29203e-03
-8.69809e-03
-7.96183e-03
-6.84630e-03
-5.98173e-03
-5.47936e-03
-4.64108e-03
-3.65325e-03
-2.87131e-03
-1.86108e-03
-3.36489e-04
8.64698e-04
1.61569e-03
2.35611e-03
3.85813e-03
5.56007e-03
7.39702e-03
9.49459e-03
1.14513e-02
1.26351e-02
1.38914e-02
1.55684e-02
1.69627e-02
1.84716e-02
1.94527e-02
2.05146e-02
2.10513e-02
2.10550e-02
2.11771e-02
2.12380e-02
2.09032e-02
1.98823e-02
1.83220e-02
1.68215e-02
1.54317e-02
1.40258e-02
1.25511e-02
1.08774e-02
8.93099e-03
6.74557e-03
4.57879e-03
2.07292e-03
-1.21118e-03
-4.27108e-03
-6.27145e-03
-7.90670e-03
-9.54507e-03
-1.15490e-02
-1.41657e-02
-1.67927e-02
-1.93056e-02
-2.13585e-02
-2.33572e-02
-2.56493e-02
-2.75006e-02
-2.88289e-02
-3.02925e-02
-3.15829e-02
-3.24771e-02
-3.31008e-02
-3.32893e-02
-3.28448e-02
-3.23033e-02
-3.17427e-02
-3.06103e-02
-2.89451e-02
-2.70339e-02
-2.48316e-02
-2.25898e-02
-2.01109e-02
-1.74180e-02
-1.46044e-02
-1.13807e-02
-8.50205e-03
-6.01811e-03
-3.18165e-03
-3.45573e-04
2.83743e-03
6.44886e-03
9.71956e-03
1.29650e-02
1.67156e-02
2.07351e-02
2.45438e-02
2.77328e-02
3.04627e-02
3.29190e-02
3.50333e-02
3.70835e-02
3.87975e-02
3.92718e-02
3.92061e-02
3.87364e-02
3.73605e-02
3.53420e-02
3.39080e-02
3.21440e-02
2.98374e-02
2.75623e-02
2.48843e-02
2.21708e-02
1.93200e-02
1.59890e-02
1.32002e-02
1.05881e-02
7.50518e-03
4.90332e-03
2.24266e-03
3.26625e-05
-1.38770e-03
-2.64640e-03
-3.92975e-03
-4.65900e-03
-5.21841e-03
-5.28543e-03
-4.64276e-03
-3.99564e-03
-4.27043e-03
-4.87049e-03
-5.53534e-03
-5.90823e-03
-6.05745e-03
-6.32967e-03
-6.32943e-03
-5.61997e-03
-5.61296e-03
-5.75649e-03
-5.79933e-03
-5.84979e-03
-5.83681e-03
-5.70877e-03
-5.31414e-03
-4.67271e-03
-4.04839e-03
-3.29671e-03
-2.20639e-03
-1.59807e-03
-1.35492e-03
-1.34766e-03
-1.33941e-03
-1.42573e-03
-1.79302e-03
-2.38030e-03
-2.84763e-03
-3.35922e-03
-4.35014e-03
-5.50248e-03
-7.37942e-03
-9.43385e-03
-1.11122e-02
-1.22291e-02
-1.36792e-02
-1.55226e-02
-1.66524e-02
-1.77786e-02
-1.90207e-02
-1.94267e-02
-1.93737e-02
-1.91485e-02
-1.89420e-02
-1.82769e-02
-1.71232e-02
-1.58309e-02
-1.43940e-02
-1.34823e-02
-1.24110e-02
-1.17494e-02
-1.14094e-02
-1.07792e-02
-1.00494e-02
-9.04507e-03
-7.71842e-03
-6.68070e-03
-5.74855e-03
-4.81009e-03
-4.36746e-03
-3.98586e-03
-3.17234e-03
-2.32527e-03
-1.73074e-03
-1.29844e-03
-9.62173e-04
-2.32752e-04
6.88024e-04
1.73192e-03
3.08384e-03
4.45560e-03
6.02961e-03
7.74283e-03
9.28555e-03
1.07640e-02
1.19789e-02
1.25742e-02
1.23913e-02
1.12353e-02
9.16128e-03
7.22125e-03
5.54060e-03
3.65536e-03
2.09649e-03
8.05304e-04
-9.27589e-04
-2.31408e-03
-3.17248e-03
-4.24819e-03
-5.20386e-03
-5.50812e-03
-4.95257e-03
-3.65529e-03
-2.19295e-03
-8.38263e-04
5.21854e-04
1.97979e-03
3.57388e-03
5.20192e-03
6.55310e-03
7.16185e-03
6.79314e-03
5.99807e-03
5.02904e-03
3.67392e-03
2.48989e-03
1.22126e-03
-1.12277e-04
-1.07050e-03
-1.71764e-03
-2.49241e-03
-3.03195e-03
-3.56540e-03
-3.94884e-03
-4.16854e-03
-4.66683e-03
-5.37495e-03
-5.68383e-03
-5.27310e-03
-4.40570e-03
-3.46585e-03
-2.69153e-03
-2.24346e-03
-1.72844e-03
-1.42788e-03
-1.59100e-03
-1.87766e-03
-2.11718e-03
-2.70356e-03
-2.77527e-03
-2.93766e-03
-3.28644e-03
-3.44704e-03
-3.72404e-03
-3.13945e-03
-2.61708e-03
-2.15591e-03
-1.23687e-03
-3.01561e-04
2.88437e-04
2.05530e-04
1.86183e-04
3.39457e-04
4.94524e-04
5.18152e-04
3.13268e-04
5.68623e-04
1.16276e-03
1.88656e-03
2.69789e-03
4.26718e-03
6.18271e-03
7.84936e-03
9.48595e-03
1.08873e-02
1.21373e-02
1.41698e-02
1.60482e-02
1.72207e-02
1.81093e-02
1.81305e-02
1.81993e-02
1.82898e-02
1.79089e-02
1.68037e-02
1.51435e-02
1.33557e-02
1.15388e-02
9.99686e-03
8.56960e-03
7.20409e-03
6.33433e-03
5.48543e-03
4.69788e-03
3.87808e-03
2.79931e-03
1.97255e-03
1.24612e-03
1.35582e-04
-9.52649e-04
-1.66242e-03
-2.41540e-03
-3.12838e-03
-3.81923e-03
-4.36780e-03
-4.96585e-03
-5.74265e-03
-6.62070e-03
-7.60757e-03
-8.61354e-03
-9.37884e-03
-9.95724e-03
-1.00584e-02
-1.00713e-02
-1.01472e-02
-1.01014e-02
-9.70702e-03
-8.88424e-03
-7.79952e-03
-5.88110e-03
-3.61708e-03
-1.80458e-03
1.69198e-05
1.72531e-03
2.67616e-03
3.57533e-03
4.64750e-03
5.56369e-03
6.50270e-03
6.85982e-03
6.88263e-03
6.25934e-03
6.18974e-03
5.89626e-03
5.01115e-03
3.93719e-03
2.81854e-03
1.97578e-03
1.10424e-03
3.61758e-04
7.65581e-05
-3.40699e-04
-6.85336e-04
-1.12594e-03
-1.45804e-03
-1.90378e-03
-2.17391e-03
-1.68324e-03
-7.58622e-04
-9.73657e-05
5.35707e-04
9.21684e-04
1.40383e-03
1.74704e-03
1.95076e-03
2.35031e-03
2.68207e-03
2.64963e-03
2.68564e-03
3.24417e-03
3.45519e-03
3.87682e-03
4.57426e-03
5.19539e-03
5.81690e-03
6.30569e-03
6.19288e-03
5.94265e-03
5.65484e-03
5.38155e-03
5.10766e-03
4.58191e-03
3.67788e-03
2.32339e-03
6.95572e-04
-7.52427e-04
-1.53639e-03
-2.52634e-03
-3.91705e-03
-5.11863e-03
-6.12347e-03
-6.93486e-03
-7.54436e-03
-8.28237e-03
-8.98932e-03
-9.56386e-03
-1.00058e-02
-1.01012e-02
-1.00649e-02
-1.01307e-02
-1.03392e-02
-1.06604e-02
-1.09782e-02
-1.14700e-02
-1.17030e-02
-1.16282e-02
-1.16004e-02
-1.16450e-02
-1.17198e-02
-1.17655e-02
-1.16858e-02
-1.13775e-02
-1.08430e-02
-1.03262e-02
-9.86731e-03
-9.13506e-03
-8.15729e-03
-7.08551e-03
-6.05132e-03
-4.73610e-03
-3.19964e-03
-2.07035e-03
-1.12781e-03
-4.52368e-04
1.68870e-04
1.03188e-03
2.27301e-03
3.21139e-03
3.69222e-03
4.28808e-03
4.72723e-03
4.76344e-03
4.53233e-03
4.00864e-03
3.35086e-03
3.11021e-03
2.89147e-03
2.68507e-03
2.97204e-03
3.34622e-03
3.53673e-03
4.04730e-03
4.73923e-03
5.00995e-03
5.58955e-03
6.26762e-03
6.23222e-03
6.15386e-03
6.16282e-03
6.18641e-03
6.25137e-03
6.35001e-03
6.44878e-03
6.39248e-03
5.96845e-03
5.05646e-03
4.00721e-03
3.46904e-03
3.35831e-03
3.50902e-03
3.60889e-03
3.49239e-03
2.99174e-03
1.95028e-03
6.88873e-04
-1.52371e-04
-7.59081e-04
-1.50979e-03
-2.28159e-03
-3.10847e-03
-3.75328e-03
-4.14851e-03
-4.17672e-03
-4.20010e-03
-4.13434e-03
-3.75867e-03
-3.04159e-03
-2.29315e-03
-1.61797e-03
-8.06434e-04
2.55600e-04
1.50409e-03
2.71171e-03
3.09024e-03
2.98139e-03
3.19479e-03
3.77876e-03
4.45237e-03
4.70022e-03
4.75287e-03
5.10761e-03
5.71144e-03
6.14485e-03
6.18780e-03
6.24928e-03
6.48034e-03
6.72166e-03
6.69039e-03
6.65021e-03
6.15097e-03
5.42443e-03
4.53336e-03
3.89176e-03
3.26249e-03
2.22536e-03
6.74022e-04
-5.63045e-04
-1.57155e-03
-2.42997e-03
-3.55216e-03
-4.85123e-03
-5.81719e-03
-6.67252e-03
-7.94651e-03
-8.76981e-03
-9.15179e-03
-9.82526e-03
-1.03274e-02
-1.05178e-02
-1.06409e-02
-1.06981e-02
-1.11624e-02
-1.15157e-02
-1.17465e-02
-1.17790e-02
-1.18034e-02
-1.17862e-02
-1.14815e-02
-1.07914e-02
-9.90672e-03
-9.18912e-03
-8.35657e-03
-7.81501e-03
-7.42717e-03
-7.08466e-03
-6.32718e-03
-5.32610e-03
-4.16750e-03
-2.74220e-03
-1.54878e-03
-6.03743e-04
3.98204e-04
1.65229e-03
2.82880e-03
3.59604e-03
4.18821e-03
4.69732e-03
5.19721e-03
5.86560e-03
6.16682e-03
6.17916e-03
6.22687e-03
6.21337e-03
5.97690e-03
5.44317e-03
4.86186e-03
4.81113e-03
4.84024e-03
4.48262e-03
3.68961e-03
2.70687e-03
1.64034e-03
6.18457e-04
-1.58515e-04
-1.55602e-03
-2.80722e-03
-3.96921e-03
-5.57535e-03
-6.75516e-03
-7.91657e-03
-8.63065e-03
-8.95781e-03
-9.63968e-03
-1.01460e-02
-9.43341e-03
-8.21727e-03
-7.20404e-03
-5.93448e-03
-4.53489e-03
-3.44427e-03
-2.72837e-03
-2.10446e-03
-1.21243e-03
-3.83451e-04
5.51185e-04
1.19170e-03
1.61767e-03
1.52423e-03
1.44906e-03
1.63578e-03
2.11464e-03
2.87708e-03
3.50889e-03
3.92433e-03
4.40065e-03
4.89775e-03
5.63925e-03
6.71228e-03
8.04480e-03
9.56265e-03
1.07026e-02
1.15038e-02
1.22833e-02
1.32139e-02
1.42282e-02
1.55986e-02
1.69912e-02
1.78375e-02
1.81253e-02
1.83853e-02
1.87763e-02
1.88427e-02
1.85843e-02
1.81356e-02
1.76626e-02
1.69774e-02
1.63405e-02
1.58832e-02
1.48007e-02
1.37211e-02
1.27845e-02
1.13731e-02
1.00163e-02
8.73855e-03
7.38344e-03
6.51306e-03
5.42766e-03
4.12305e-03
3.07635e-03
2.19264e-03
1.80895e-03
1.35995e-03
3.82849e-04
-6.90381e-04
-1.77878e-03
-2.56948e-03
-2.73598e-03
-2.67457e-03
-2.74498e-03
-2.87788e-03
-2.92255e-03
-2.73661e-03
-2.27437e-03
-1.76824e-03
-1.82511e-03
-2.52375e-03
-2.98756e-03
-3.13257e-03
-3.55491e-03
-4.15700e-03
-4.74891e-03
-5.49094e-03
-6.25941e-03
-6.86344e-03
-7.37732e-03
-7.81228e-03
-8.49007e-03
-8.92724e-03
-8.81080e-03
-8.50096e-03
-8.03539e-03
-7.60078e-03
-7.28817e-03
-6.84596e-03
-6.19894e-03
-5.87625e-03
-5.71627e-03
-5.35911e-03
-4.95861e-03
-4.45346e-03
-3.84553e-03
-3.15402e-03
-2.63026e-03
-2.11062e-03
-1.48185e-03
-8.45157e-04
-1.61969e-04
1.43230e-04
1.25080e-04
-1.16947e-06
-4.21787e-04
-1.21099e-03
-2.09301e-03
-3.27276e-03
-4.60554e-03
-5.71716e-03
-6.73835e-03
-7.98028e-03
-8.99310e-03
-9.97817e-03
-1.05234e-02
-1.10901e-02
-1.17041e-02
-1.14811e-02
-1.07502e-02
-9.97233e-03
-9.18825e-03
-8.32498e-03
-7.48400e-03
-6.88473e-03
-6.22784e-03
-5.81249e-03
-5.24419e-03
-4.55747e-03
-4.48968e-03
-4.61895e-03
-4.62729e-03
-4.37049e-03
-3.72737e-03
-2.83023e-03
-2.22396e-03
-1.65549e-03
-1.36074e-03
-8.66412e-04
-1.34561e-04
2.42209e-04
8.06894e-04
1.57928e-03
1.96431e-03
2.66049e-03
3.49418e-03
4.37426e-03
5.34702e-03
6.23524e-03
6.77108e-03
7.38545e-03
7.60948e-03
8.18623e-03
9.09743e-03
9.64792e-03
1.03828e-02
1.07582e-02
1.03729e-02
9.34800e-03
7.83283e-03
6.69380e-03
6.10451e-03
5.70859e-03
4.68653e-03
3.43746e-03
2.43156e-03
1.30161e-03
2.59863e-04
-1.25125e-04
-1.12074e-03
-2.57930e-03
-3.53743e-03
-4.04258e-03
-4.50048e-03
-5.21128e-03
-6.24621e-03
-7.29067e-03
-8.42880e-03
-8.95944e-03
-8.97308e-03
-9.06998e-03
-8.96107e-03
-8.19695e-03
-6.81145e-03
-5.55188e-03
-3.81926e-03
-1.92350e-03
-5.81574e-04
8.62422e-04
2.35929e-03
3.20116e-03
3.77210e-03
4.32281e-03
4.41249e-03
4.48332e-03
4.50541e-03
4.21573e-03
3.53202e-03
2.68017e-03
2.04266e-03
1.32623e-03
8.51733e-04
3.72171e-04
1.36020e-04
1.47987e-04
1.17037e-04
6.36789e-05
3.81187e-05
6.52758e-05
1.25109e-04
1.33063e-04
-4.72185e-05
-5.22742e-04
-1.17130e-03
-1.49376e-03
-1.38499e-03
-1.44752e-03
-1.85601e-03
-2.52035e-03
-3.07946e-03
-3.50139e-03
-4.16200e-03
-4.57757e-03
-4.41090e-03
-3.96261e-03
-3.26758e-03
-2.63458e-03
-2.19739e-03
-1.77510e-03
-1.62578e-03
-1.63854e-03
-1.58201e-03
-1.51361e-03
-1.53228e-03
-1.73355e-03
-2.11493e-03
-2.49348e-03
-2.76453e-03
-2.98081e-03
-3.18326e-03
-3.60201e-03
-4.05133e-03
-4.34972e-03
-4.48305e-03
-4.46720e-03
-4.46616e-03
-4.47592e-03
-4.46125e-03
-4.44365e-03
-4.48085e-03
-4.65138e-03
-4.95591e-03
-5.19555e-03
-4.94949e-03
-4.29571e-03
-3.74197e-03
-3.46015e-03
-3.26112e-03
-3.19511e-03
-3.10504e-03
-2.72458e-03
-2.10909e-03
-1.64262e-03
-1.51772e-03
-1.50382e-03
-1.51443e-03
-1.72230e-03
-2.26159e-03
-2.94194e-03
-3.12627e-03
-2.82025e-03
-2.30952e-03
-1.76027e-03
-1.60636e-03
-1.54660e-03
-1.06283e-03
-2.52832e-04
3.48582e-04
8.13788e-04
1.21721e-03
1.46896e-03
1.92769e-03
2.71909e-03
3.45488e-03
4.35290e-03
5.36627e-03
6.51880e-03
7.25403e-03
7.36888e-03
7.60598e-03
8.11367e-03
8.56061e-03
8.92867e-03
8.94191e-03
8.68182e-03
8.24762e-03
7.67471e-03
6.65680e-03
5.43504e-03
4.54730e-03
3.80790e-03
2.60051e-03
1.33247e-03
1.52735e-04
-1.15148e-03
-1.62636e-03
-2.14166e-03
-2.89548e-03
-3.06406e-03
-2.83730e-03
-2.28579e-03
-1.47535e-03
-8.74259e-04
-1.46887e-04
5.31978e-04
1.55091e-03
2.70564e-03
4.13812e-03
5.67263e-03
6.61889e-03
7.90703e-03
9.34704e-03
1.06351e-02
1.17657e-02
1.23504e-02
1.29440e-02
1.32897e-02
1.33055e-02
1.33272e-02
1.33083e-02
1.31384e-02
1.28242e-02
1.24469e-02
1.14692e-02
1.00782e-02
9.20126e-03
7.90801e-03
5.96258e-03
4.10985e-03
2.77812e-03
9.24419e-04
-2.42929e-04
-1.41125e-03
-3.08631e-03
-3.90881e-03
-4.95224e-03
-5.60990e-03
-5.86699e-03
-5.90772e-03
-5.99579e-03
-6.09824e-03
-5.96071e-03
-5.39399e-03
-4.42100e-03
-3.47215e-03
-1.98948e-03
-7.82065e-04
-1.97736e-04
2.13244e-06
6.08798e-04
1.34189e-03
1.36574e-03
1.35786e-03
1.44692e-03
1.50212e-03
1.42129e-03
1.06830e-03
4.78108e-04
4.16226e-06
-2.70516e-05
-3.27485e-04
-9.77751e-04
-1.52622e-03
-1.60156e-03
-1.86280e-03
-2.36247e-03
-2.67506e-03
-2.62276e-03
-2.92364e-03
-3.37840e-03
-4.22193e-03
-5.14468e-03
-5.14229e-03
-4.73997e-03
-4.14847e-03
-3.53057e-03
-2.50282e-03
-1.65287e-03
-1.39846e-03
-4.27717e-04
4.73378e-04
1.53689e-03
2.80362e-03
3.17345e-03
4.17424e-03
4.97867e-03
5.64212e-03
6.25800e-03
6.73007e-03
7.04396e-03
6.57115e-03
6.30446e-03
6.06453e-03
5.80633e-03
4.99492e-03
3.69360e-03
2.78159e-03
2.04799e-03
8.32367e-04
-1.27163e-04
-8.91609e-04
-2.01553e-03
-2.66594e-03
-2.93087e-03
-2.89264e-03
-2.86019e-03
-2.90021e-03
-2.99373e-03
-3.21307e-03
-3.53087e-03
-3.74018e-03
-3.42557e-03
-3.02487e-03
-2.79605e-03
-2.22169e-03
-1.41593e-03
-1.01566e-03
-4.83456e-04
-1.70520e-04
-8.88225e-05
2.38273e-04
7.16599e-04
9.93402e-04
1.24337e-03
1.27063e-03
1.48189e-03
1.96479e-03
2.35488e-03
2.13300e-03
1.88929e-03
1.43835e-03
1.35276e-03
1.18006e-03
4.07137e-04
-7.63409e-04
-1.58159e-03
-1.90522e-03
-2.41831e-03
-3.04493e-03
-3.68058e-03
-4.30167e-03
-4.32253e-03
-3.95920e-03
-3.40911e-03
-2.79856e-03
-2.03872e-03
-9.56026e-04
-2.75069e-04
-2.13364e-04
-1.51737e-04
8.00274e-05
2.50328e-04
1.02273e-04
3.75215e-05
5.32883e-04
1.16687e-03
1.26978e-03
1.20704e-03
1.17250e-03
1.02611e-03
6.74563e-04
1.84731e-04
-6.42416e-05
-8.77231e-05
-2.91887e-04
-8.30374e-04
-1.43082e-03
-1.52701e-03
-1.50341e-03
-1.58705e-03
-1.61984e-03
-1.38802e-03
-6.78005e-04
3.57282e-04
1.01637e-03
1.21485e-03
1.57873e-03
2.03246e-03
2.00343e-03
1.91974e-03
2.13701e-03
2.16271e-03
2.11822e-03
2.22258e-03
2.56212e-03
3.04273e-03
3.28459e-03
3.21756e-03
3.13988e-03
3.14856e-03
3.20476e-03
3.20559e-03
2.99637e-03
2.42202e-03
1.56336e-03
8.71495e-04
2.09439e-04
-5.87233e-04
-1.36480e-03
-1.85503e-03
-2.26018e-03
-2.78775e-03
-3.08539e-03
-3.47887e-03
-3.93167e-03
-3.94659e-03
-3.89856e-03
-4.07407e-03
-4.47353e-03
-4.88946e-03
-4.88239e-03
-4.87974e-03
-5.17160e-03
-5.64909e-03
-5.90380e-03
-5.75115e-03
-5.35436e-03
-4.81225e-03
-4.34386e-03
-3.93640e-03
-3.44356e-03
-3.14205e-03
-2.71695e-03
-2.19745e-03
-2.07991e-03
-2.08352e-03
-2.03617e-03
-1.97070e-03
-1.91230e-03
-1.88528e-03
-1.88506e-03
-1.87364e-03
-1.76699e-03
-1.47529e-03
-1.00841e-03
-5.87372e-04
-2.14242e-04
1.95078e-04
3.54445e-04
5.93052e-04
1.01094e-03
1.27273e-03
1.28202e-03
1.24375e-03
1.23874e-03
1.24338e-03
1.25200e-03
1.25319e-03
1.24692e-03
1.22182e-03
1.17817e-03
1.12669e-03
1.12114e-03
1.23747e-03
1.54020e-03
1.92562e-03
2.10322e-03
2.35855e-03
2.69036e-03
2.69408e-03
2.60895e-03
2.57701e-03
2.57825e-03
2.58192e-03
2.53428e-03
2.36295e-03
2.01955e-03
1.60224e-03
1.38471e-03
1.08868e-03
7.06399e-04
6.02449e-04
5.82967e-04
5.75934e-04
6.84077e-04
9.54377e-04
1.25583e-03
1.25644e-03
1.17437e-03
1.13986e-03
1.12495e-03
1.11393e-03
1.09299e-03
1.06363e-03
1.02765e-03
9.91108e-04
9.55433e-04
9.22501e-04
8.90418e-04
8.58264e-04
8.22930e-04
7.84291e-04
7.43891e-04
7.09425e-04
6.88241e-04
6.81376e-04
6.67765e-04
6.01374e-04
4.28085e-04
1.37639e-04
-1.27724e-04
-1.10967e-04
-1.79403e-04
-4.63747e-04
-8.60673e-04
-1.16405e-03
-1.57539e-03
-1.88507e-03
-2.18952e-03
-2.47519e-03
-2.62768e-03
-2.84958e-03
-2.92940e-03
-3.06395e-03
-3.10540e-03
-2.74916e-03
-2.41361e-03
-2.44965e-03
-2.59856e-03
-2.75511e-03
-2.76784e-03
-2.65075e-03
-2.55068e-03
-2.45193e-03
-2.30363e-03
-2.09010e-03
-1.88781e-03
-1.82955e-03
-1.64380e-03
-1.45720e-03
-1.22707e-03
-1.03867e-03
-1.01724e-03
-9.60600e-04
-8.17195e-04
-6.07287e-04
-4.23845e-04
-3.45322e-04
-2.07910e-04
-4.26924e-05
2.87941e-05
3.27289e-05
4.37631e-05
6.51212e-05
8.55591e-05
1.04534e-04
1.20589e-04
1.35468e-04
1.46767e-04
1.52677e-04
1.52537e-04
1.56028e-04
1.83855e-04
2.61690e-04
3.92364e-04
5.16437e-04
5.73626e-04
6.56500e-04
7.41973e-04
8.39829e-04
9.57298e-04
1.02050e-03
1.05456e-03
1.01353e-03
9.76934e-04
9.55829e-04
9.25789e-04
8.72057e-04
7.81327e-04
6.72000e-04
5.78026e-04
4.85736e-04
3.87131e-04
3.25253e-04
2.61555e-04
2.31179e-04
2.29163e-04
2.20395e-04
2.11644e-04
2.16186e-04
2.44885e-04
2.93776e-04
3.30034e-04
3.27777e-04
3.47982e-04
3.91204e-04
4.29752e-04
4.69383e-04
5.03452e-04
4.98915e-04
4.90738e-04
4.97212e-04
5.04563e-04
5.10454e-04
4.90464e-04
4.54855e-04
4.22509e-04
3.93677e-04
3.67002e-04
3.42528e-04
3.18907e-04
2.91992e-04
2.54209e-04
1.99859e-04
1.35383e-04
7.92288e-05
2.99138e-05
-1.97388e-05
-6.07164e-05
-8.86835e-05
-1.13989e-04
-1.27120e-04
-1.33654e-04
-1.41300e-04
-1.49895e-04
-1.53952e-04
-1.56472e-04
-1.57194e-04
-1.49490e-04
-1.37669e-04
-1.27017e-04
-1.17283e-04
-1.07866e-04
-9.91891e-05
-9.17438e-05
-8.56615e-05
-7.93534e-05
-6.98027e-05
-5.87701e-05
-5.38247e-05
-5.39164e-05
-5.00404e-05
-4.10376e-05
-3.27152e-05
-2.56000e-05
-1.90785e-05
-1.28973e-05
-6.92290e-06
-1.22495e-06
4.05669e-06
8.85998e-06
1.33188e-05
1.78420e-05
2.29088e-05
2.86038e-05
3.39599e-05
3.81064e-05
4.14209e-05
4.35253e-05
4.44594e-05
4.58939e-05
4.76912e-05
4.88557e-05
4.88491e-05
4.83313e-05
4.80184e-05
4.80001e-05
4.81135e-05
4.78991e-05
4.70373e-05
4.58260e-05
4.45530e-05
4.32503e-05
4.20391e-05
4.09498e-05
3.98949e-05
3.88155e-05
3.75599e-05
3.61822e-05
3.48789e-05
3.37389e-05
3.26156e-05
3.14554e-05
3.02877e-05
2.90993e-05
2.78803e-05
2.65861e-05
2.52336e-05
2.38356e-05
2.23873e-05
2.08901e-05
1.93383e-05
1.77383e-05
1.60949e-05
1.44112e-05
1.26892e-05
1.09348e-05
9.15311e-06
7.34628e-06
5.51677e-06
3.66725e-06
1.79913e-06
-8.65291e-08
-1.98910e-06
-3.90813e-06
