2.70978e-04
3.36298e-04
3.57841e-04
3.30841e-04
2.97329e-04
3.79322e-04
7.15956e-04
1.39977e-03
2.25460e-03
2.87672e-03
3.04964e-03
2.85277e-03
2.63239e-03
2.41790e-03
1.86604e-03
9.04385e-04
1.27547e-04
7.31265e-05
8.69391e-04
1.74865e-03
8.88159e-04
-2.57219e-03
-7.97813e-03
-1.31602e-02
-1.59933e-02
-1.55166e-02
-1.25236e-02
-7.86004e-03
-2.12788e-03
3.84888e-03
8.91927e-03
1.18548e-02
1.20213e-02
1.04710e-02
9.61691e-03
1.07253e-02
1.44156e-02
2.09644e-02
2.89676e-02
3.57745e-02
3.82304e-02
3.35715e-02
2.16018e-02
6.91203e-03
-7.99353e-03
-2.15045e-02
-3.40267e-02
-4.39865e-02
-4.99623e-02
-5.04578e-02
-4.75411e-02
-4.35647e-02
-3.63897e-02
-2.38099e-02
-1.19028e-02
-4.90170e-03
-2.83389e-03
-2.47223e-03
8.87534e-04
1.35475e-02
3.23960e-02
4.57675e-02
4.65076e-02
3.29070e-02
1.15904e-02
-1.06658e-02
-2.74400e-02
-3.33592e-02
-2.70866e-02
-9.84380e-03
1.10474e-02
2.26666e-02
2.61251e-02
2.58427e-02
2.73923e-02
2.88590e-02
2.53732e-02
1.79413e-02
4.33548e-03
-1.48538e-02
-3.24460e-02
-4.20784e-02
-3.93069e-02
-2.39053e-02
-1.45220e-03
1.62662e-02
2.52105e-02
2.72850e-02
2.57312e-02
2.39379e-02
2.04368e-02
1.70685e-02
1.19882e-02
1.35668e-03
-8.68715e-03
-1.47461e-02
-1.65787e-02
-1.81125e-02
-2.14955e-02
-2.24998e-02
-1.94444e-02
-1.53738e-02
-1.32991e-02
-1.27522e-02
-1.03381e-02
-5.47113e-03
-2.48530e-03
-3.28266e-03
-2.72748e-03
1.51139e-03
8.69336e-03
1.65435e-02
2.13318e-02
2.17305e-02
1.99448e-02
1.90129e-02
1.85157e-02
1.58943e-02
1.11909e-02
5.59358e-03
-2.63318e-03
-1.29802e-02
-1.99829e-02
-2.05158e-02
-1.28996e-02
-4.16570e-05
9.96042e-03
1.55651e-02
1.51337e-02
1.03251e-02
1.41746e-04
-1.83757e-02
-3.96698e-02
-5.90858e-02
-7.23710e-02
-7.37053e-02
-5.76807e-02
-2.33887e-02
2.15230e-02
6.44340e-02
8.62275e-02
8.28253e-02
5.83906e-02
2.32098e-02
-7.22578e-03
-2.99537e-02
-4.79143e-02
-5.77743e-02
-5.65393e-02
-4.69178e-02
-2.92734e-02
-5.01672e-03
2.25320e-02
4.92132e-02
6.76605e-02
6.83710e-02
4.57854e-02
2.96010e-03
-4.39079e-02
-8.06473e-02
-9.73799e-02
-9.13164e-02
-6.76259e-02
-3.22879e-02
1.24396e-02
6.75257e-02
1.28960e-01
1.84649e-01
2.24168e-01
2.48388e-01
2.56802e-01
2.52456e-01
2.43747e-01
2.19402e-01
1.49897e-01
3.00697e-02
-1.16920e-01
-2.42753e-01
-3.11170e-01
-3.14511e-01
-2.73272e-01
-2.16798e-01
-1.68892e-01
-1.46657e-01
-1.59332e-01
-2.00312e-01
-2.45473e-01
-2.71047e-01
-2.59907e-01
-2.11621e-01
-1.40936e-01
-6.68096e-02
-5.26881e-03
3.06842e-02
4.92663e-02
5.61205e-02
6.46168e-02
9.59054e-02
1.50988e-01
2.22337e-01
2.90080e-01
3.41598e-01
3.62438e-01
3.55254e-01
3.33139e-01
2.98183e-01
2.51881e-01
1.91538e-01
1.17142e-01
4.08165e-02
-2.13310e-02
-5.77610e-02
-7.40583e-02
-7.47068e-02
-7.30094e-02
-8.49961e-02
-1.15704e-01
-1.55070e-01
-1.86108e-01
-1.96372e-01
-1.86016e-01
-1.64696e-01
-1.43003e-01
-1.29424e-01
-1.25763e-01
-1.25233e-01
-1.19236e-01
-9.86017e-02
-6.19314e-02
-1.09802e-02
4.75846e-02
1.02382e-01
1.38532e-01
1.41131e-01
1.05328e-01
4.25082e-02
-3.25328e-02
-9.63536e-02
-1.30779e-01
-1.45128e-01
-1.41303e-01
-1.20498e-01
-9.06329e-02
-5.20344e-02
-3.35207e-03
5.25337e-02
1.07207e-01
1.48318e-01
1.63834e-01
1.49542e-01
1.15720e-01
7.70500e-02
4.74179e-02
3.21398e-02
2.67269e-02
3.02278e-02
4.37535e-02
6.79137e-02
1.00318e-01
1.33011e-01
1.57244e-01
1.67640e-01
1.62392e-01
1.38748e-01
9.41840e-02
2.81711e-02
-5.07226e-02
-1.19762e-01
-1.73342e-01
-2.03145e-01
-2.06515e-01
-1.86133e-01
-1.48457e-01
-1.11447e-01
-8.27648e-02
-6.50076e-02
-5.68163e-02
-5.51560e-02
-5.41051e-02
-5.29155e-02
-4.33007e-02
-2.31890e-02
5.69827e-03
4.12726e-02
7.64152e-02
1.04831e-01
1.20193e-01
1.16841e-01
9.35062e-02
5.78092e-02
2.04002e-02
-1.55071e-02
-4.52590e-02
-6.31155e-02
-6.54073e-02
-5.22661e-02
-3.11993e-02
-8.32937e-03
1.09153e-02
1.97785e-02
1.34040e-02
-6.72369e-03
-3.12326e-02
-5.54665e-02
-7.55957e-02
-8.69916e-02
-8.82448e-02
-7.87574e-02
-5.80838e-02
-2.61693e-02
1.24144e-02
5.58156e-02
1.02190e-01
1.47262e-01
1.84154e-01
2.07329e-01
2.12725e-01
1.99328e-01
1.69778e-01
1.23708e-01
6.63924e-02
1.00211e-02
-3.79007e-02
-7.70822e-02
-1.06104e-01
-1.23601e-01
-1.29932e-01
-1.25975e-01
-1.15873e-01
-1.05268e-01
-9.64565e-02
-8.98804e-02
-8.41042e-02
-7.75567e-02
-6.83845e-02
-5.47379e-02
-3.59003e-02
-1.32339e-02
8.43873e-03
2.68865e-02
4.10961e-02
4.83778e-02
4.81177e-02
4.20176e-02
3.42226e-02
2.77966e-02
2.25511e-02
1.69589e-02
1.07078e-02
4.60224e-03
6.74304e-04
6.73926e-04
4.07905e-03
9.02312e-03
1.28678e-02
1.38515e-02
1.14706e-02
7.83605e-03
6.85581e-03
9.58215e-03
1.42115e-02
1.98137e-02
2.56022e-02
3.07641e-02
3.53871e-02
4.03416e-02
4.49486e-02
4.69418e-02
4.37745e-02
3.50895e-02
2.25431e-02
8.04102e-03
-8.73486e-03
-2.63679e-02
-4.08059e-02
-4.95115e-02
-5.19124e-02
-4.81145e-02
-4.00933e-02
-3.13774e-02
-2.36158e-02
-1.77339e-02
-1.38068e-02
-1.04042e-02
-5.66116e-03
-1.53917e-03
2.37340e-04
-1.48400e-03
-6.68599e-03
-1.22384e-02
-1.18602e-02
-5.68717e-03
3.41299e-03
1.28546e-02
1.81451e-02
1.61953e-02
8.06900e-03
-3.19015e-03
-1.36777e-02
-2.03271e-02
-2.11292e-02
-1.66122e-02
-1.09377e-02
-5.68488e-03
-1.33747e-03
9.62895e-04
3.01100e-04
-3.30859e-03
-8.06218e-03
-1.19669e-02
-1.29366e-02
-8.93354e-03
3.37674e-04
1.23205e-02
2.57675e-02
3.89704e-02
4.92747e-02
5.59675e-02
5.92894e-02
5.98375e-02
5.64821e-02
4.77792e-02
3.20410e-02
8.93742e-03
-1.88106e-02
-4.48802e-02
-6.06364e-02
-6.70627e-02
-6.55627e-02
-5.61408e-02
-4.18509e-02
-2.68161e-02
-1.41490e-02
-5.76257e-03
-2.88715e-03
-6.50608e-03
-1.53304e-02
-2.47019e-02
-3.28860e-02
-3.77697e-02
-3.58382e-02
-2.45092e-02
-4.79755e-03
1.87901e-02
3.94427e-02
5.27811e-02
5.98736e-02
6.19259e-02
5.93732e-02
5.34771e-02
4.65722e-02
4.10015e-02
3.77864e-02
3.61976e-02
3.38519e-02
2.89464e-02
2.09804e-02
1.03353e-02
-2.03035e-03
-1.43863e-02
-2.37177e-02
-2.84529e-02
-3.17372e-02
-3.78006e-02
-4.58581e-02
-5.48228e-02
-6.27806e-02
-6.64369e-02
-6.21720e-02
-4.75650e-02
-2.59183e-02
-2.40590e-03
1.72489e-02
2.97362e-02
3.26849e-02
2.63265e-02
1.56512e-02
5.33291e-03
-2.29706e-04
6.38716e-04
7.21797e-03
1.70887e-02
2.74115e-02
3.37802e-02
3.30031e-02
2.55960e-02
1.54648e-02
7.25301e-03
-9.40321e-04
-1.09602e-02
-2.38988e-02
-3.98112e-02
-5.58168e-02
-6.64613e-02
-6.80113e-02
-6.15797e-02
-4.77613e-02
-2.70957e-02
-1.16688e-03
2.45388e-02
4.29183e-02
5.69558e-02
6.71074e-02
7.20789e-02
7.10273e-02
6.47268e-02
5.70226e-02
5.01177e-02
4.34662e-02
3.63134e-02
2.76301e-02
1.61216e-02
1.22022e-03
-1.76894e-02
-3.97197e-02
-6.16310e-02
-7.73781e-02
-8.50477e-02
-8.34318e-02
-7.39088e-02
-5.94323e-02
-4.26272e-02
-2.61970e-02
-1.15869e-02
9.18499e-04
1.06033e-02
1.72302e-02
2.22970e-02
2.85076e-02
3.68240e-02
4.63548e-02
5.42001e-02
5.81442e-02
5.67310e-02
4.94338e-02
3.89030e-02
2.83503e-02
1.84956e-02
8.94547e-03
2.31714e-04
-6.78282e-03
-1.25178e-02
-1.74342e-02
-2.05302e-02
-2.17189e-02
-2.27047e-02
-2.41500e-02
-2.61432e-02
-2.88044e-02
-3.19258e-02
-3.47513e-02
-3.58640e-02
-3.45590e-02
-3.12283e-02
-2.67206e-02
-2.09372e-02
-1.36954e-02
-5.35431e-03
3.44966e-03
1.27296e-02
2.12597e-02
2.65169e-02
2.67301e-02
2.39012e-02
2.03720e-02
1.69900e-02
1.33110e-02
9.72015e-03
6.93422e-03
5.78490e-03
6.92395e-03
9.92122e-03
1.30424e-02
1.46074e-02
1.32149e-02
8.21513e-03
9.53669e-04
-5.77374e-03
-1.01081e-02
-1.20964e-02
-1.31776e-02
-1.42011e-02
-1.52471e-02
-1.58738e-02
-1.52230e-02
-1.26085e-02
-8.08200e-03
-3.11090e-03
1.25140e-03
5.54093e-03
1.11861e-02
1.83919e-02
2.63846e-02
3.42386e-02
4.04781e-02
4.34971e-02
4.22969e-02
3.74052e-02
3.01932e-02
2.12936e-02
1.04641e-02
-3.11728e-03
-1.74669e-02
-2.95898e-02
-4.16621e-02
-5.33037e-02
-6.05440e-02
-6.25995e-02
-6.01986e-02
-5.32969e-02
-4.29750e-02
-3.19744e-02
-2.25995e-02
-1.46327e-02
-7.72648e-03
-1.50133e-03
4.52409e-03
1.01351e-02
1.48984e-02
1.85131e-02
2.11153e-02
2.26312e-02
2.33279e-02
2.35598e-02
2.36834e-02
2.37726e-02
2.35943e-02
2.27067e-02
2.06889e-02
1.78809e-02
1.60975e-02
1.66839e-02
2.01135e-02
2.52588e-02
2.99841e-02
3.13350e-02
2.67341e-02
1.75666e-02
7.72042e-03
-1.28906e-03
-9.05186e-03
-1.56201e-02
-2.16863e-02
-2.66517e-02
-2.91775e-02
-2.83725e-02
-2.46183e-02
-1.94391e-02
-1.49000e-02
-1.38405e-02
-1.52503e-02
-1.84603e-02
-2.21980e-02
-2.47806e-02
-2.52071e-02
-2.31637e-02
-1.88809e-02
-1.18219e-02
-2.04434e-03
8.77407e-03
1.83296e-02
2.52599e-02
2.84734e-02
2.74791e-02
2.33231e-02
1.88560e-02
1.54765e-02
1.37474e-02
1.28869e-02
9.75578e-03
3.51510e-03
-3.42628e-03
-9.81425e-03
-1.51272e-02
-1.91988e-02
-2.14370e-02
-2.13975e-02
-1.95345e-02
-1.66443e-02
-1.25404e-02
-6.78275e-03
8.68250e-04
1.00841e-02
1.91083e-02
2.60890e-02
3.03506e-02
3.10049e-02
2.70123e-02
1.98882e-02
1.12684e-02
2.11089e-03
-6.14953e-03
-1.25867e-02
-1.67148e-02
-1.70608e-02
-1.32505e-02
-6.52483e-03
1.43350e-03
8.25515e-03
1.08911e-02
6.86826e-03
-9.50490e-04
-9.08258e-03
-1.47862e-02
-1.65808e-02
-1.41975e-02
-8.93529e-03
-4.19573e-03
-1.88026e-03
-2.81044e-03
-6.45049e-03
-9.67478e-03
-9.03401e-03
-5.64861e-03
-1.02003e-03
3.47376e-03
6.67127e-03
7.94655e-03
7.27646e-03
5.62905e-03
3.61020e-03
1.98148e-03
2.00145e-03
5.06554e-03
9.24987e-03
1.14075e-02
1.02921e-02
7.44816e-03
4.86879e-03
2.29993e-03
-6.97254e-04
-3.99033e-03
-7.02727e-03
-9.25535e-03
-1.02496e-02
-9.72134e-03
-7.98324e-03
-5.63878e-03
-3.28077e-03
-1.29477e-03
4.20538e-04
2.49099e-03
5.66820e-03
9.59582e-03
1.32008e-02
1.56294e-02
1.60376e-02
1.41788e-02
1.10181e-02
6.70849e-03
1.36571e-03
-4.33775e-03
-9.50317e-03
-1.29031e-02
-1.32886e-02
-1.02016e-02
-4.95222e-03
1.19218e-03
6.14234e-03
7.98869e-03
6.61408e-03
2.71151e-03
-3.02439e-03
-9.87229e-03
-1.61543e-02
-1.88797e-02
-1.56562e-02
-7.94129e-03
1.72946e-03
1.20673e-02
2.13821e-02
2.73563e-02
2.74610e-02
1.98768e-02
6.70968e-03
-6.57763e-03
-1.64917e-02
-2.23689e-02
-2.61413e-02
-2.78047e-02
-2.64711e-02
-2.13603e-02
-1.26125e-02
-2.83763e-03
4.81932e-03
7.38473e-03
5.36747e-03
1.41219e-03
-2.44922e-03
-4.51694e-03
-3.99492e-03
-1.50827e-03
2.29068e-03
7.50426e-03
1.41380e-02
2.14792e-02
2.80227e-02
3.25321e-02
3.37509e-02
3.03457e-02
2.25779e-02
1.36080e-02
5.11082e-03
-2.43423e-03
-8.85735e-03
-1.48826e-02
-2.17105e-02
-2.94654e-02
-3.69557e-02
-4.23966e-02
-4.45785e-02
-4.23181e-02
-3.55137e-02
-2.57270e-02
-1.34135e-02
1.56863e-04
1.22221e-02
2.30242e-02
3.18891e-02
3.76406e-02
3.99336e-02
3.89305e-02
3.46831e-02
2.75422e-02
1.83099e-02
9.36408e-03
3.24709e-03
-3.51676e-04
-1.42545e-03
-7.56695e-04
1.05318e-03
3.46175e-03
5.66231e-03
6.94967e-03
6.60560e-03
4.03293e-03
-6.57426e-04
-5.99313e-03
-1.13063e-02
-1.66786e-02
-2.21067e-02
-2.69500e-02
-2.92727e-02
-2.90202e-02
-2.76494e-02
-2.53484e-02
-2.20638e-02
-1.80669e-02
-1.38121e-02
-9.36336e-03
-4.63312e-03
3.78232e-04
5.53433e-03
1.05386e-02
1.51460e-02
1.91016e-02
2.19585e-02
2.33600e-02
2.34686e-02
2.23071e-02
1.96692e-02
1.57421e-02
1.10158e-02
6.61434e-03
4.42489e-03
4.35302e-03
5.33403e-03
6.76417e-03
8.12209e-03
8.72518e-03
7.81377e-03
4.85852e-03
1.30787e-04
-5.38192e-03
-1.10897e-02
-1.64320e-02
-2.06329e-02
-2.29458e-02
-2.32407e-02
-2.22018e-02
-1.99856e-02
-1.67957e-02
-1.29402e-02
-9.14517e-03
-5.91763e-03
-3.40871e-03
-1.35204e-03
6.88924e-04
2.92204e-03
5.42615e-03
8.14555e-03
1.10604e-02
1.40821e-02
1.70239e-02
1.95871e-02
2.13519e-02
2.19215e-02
2.08047e-02
1.73094e-02
1.13972e-02
4.54361e-03
-1.83719e-03
-7.61031e-03
-1.24983e-02
-1.57773e-02
-1.68279e-02
-1.57711e-02
-1.40630e-02
-1.23102e-02
-1.06584e-02
-9.10450e-03
-7.56573e-03
-5.93064e-03
-4.05968e-03
-1.88700e-03
5.03768e-04
2.79467e-03
4.69198e-03
6.02331e-03
6.85667e-03
7.35770e-03
7.61978e-03
7.81039e-03
8.01641e-03
8.28623e-03
8.64669e-03
9.06657e-03
9.42624e-03
9.49825e-03
8.97967e-03
7.56341e-03
5.13710e-03
2.10627e-03
-9.82775e-04
-3.77278e-03
-6.04316e-03
-7.81924e-03
-9.50226e-03
-1.13305e-02
-1.32817e-02
-1.50902e-02
-1.64077e-02
-1.70957e-02
-1.73334e-02
-1.72024e-02
-1.65220e-02
-1.50746e-02
-1.27423e-02
-9.04489e-03
-3.42640e-03
3.96566e-03
1.17443e-02
1.92871e-02
2.63084e-02
3.15977e-02
3.35500e-02
3.11037e-02
2.49469e-02
1.63172e-02
7.13223e-03
-4.52365e-05
-4.31671e-03
-7.06145e-03
-8.97345e-03
-1.06511e-02
-1.26394e-02
-1.51939e-02
-1.78976e-02
-1.96685e-02
-1.92932e-02
-1.58327e-02
-9.50125e-03
-1.42675e-03
6.67271e-03
1.19780e-02
1.37363e-02
1.37899e-02
1.24545e-02
9.84128e-03
6.66463e-03
4.03797e-03
2.73206e-03
3.08679e-03
4.68747e-03
6.73448e-03
8.73983e-03
1.01021e-02
1.00907e-02
8.11423e-03
4.26515e-03
-6.63697e-04
-6.52515e-03
-1.30736e-02
-1.94301e-02
-2.44564e-02
-2.67656e-02
-2.52916e-02
-2.04100e-02
-1.40223e-02
-6.74147e-03
9.42231e-04
8.03961e-03
1.33808e-02
1.57720e-02
1.47810e-02
1.15867e-02
7.17406e-03
3.04336e-03
6.13663e-04
-9.86673e-05
-6.72210e-05
3.57642e-04
9.88335e-04
1.64110e-03
2.47457e-03
3.74270e-03
5.65576e-03
8.08196e-03
1.03070e-02
1.09754e-02
9.06480e-03
4.48040e-03
-1.50487e-03
-7.56818e-03
-1.28627e-02
-1.67477e-02
-1.90221e-02
-1.95425e-02
-1.80055e-02
-1.47031e-02
-9.89447e-03
-3.86816e-03
2.28856e-03
7.31095e-03
1.00137e-02
9.66874e-03
6.92825e-03
3.25733e-03
-6.36502e-04
-4.07430e-03
-6.16782e-03
-6.11104e-03
-3.67904e-03
1.00434e-04
4.50319e-03
9.11143e-03
1.32852e-02
1.61024e-02
1.65305e-02
1.40230e-02
9.38116e-03
3.86742e-03
-1.77224e-03
-6.60495e-03
-9.41633e-03
-9.11244e-03
-5.60169e-03
-6.94789e-04
4.41946e-03
8.77093e-03
1.12007e-02
1.08393e-02
7.83726e-03
3.83626e-03
-5.36756e-04
-4.86440e-03
-8.52130e-03
-1.08236e-02
-1.11566e-02
-9.58612e-03
-7.32073e-03
-4.75856e-03
-1.98222e-03
8.26616e-04
3.43219e-03
5.39100e-03
6.17968e-03
5.41773e-03
3.39268e-03
8.00597e-04
-2.12866e-03
-5.21488e-03
-8.05570e-03
-1.00721e-02
-1.05473e-02
-9.04488e-03
-5.97478e-03
-2.56886e-03
4.16622e-04
2.33214e-03
2.75608e-03
2.00460e-03
1.47215e-03
2.18450e-03
4.73254e-03
8.82458e-03
1.26714e-02
1.43542e-02
1.28084e-02
8.50904e-03
3.26141e-03
-1.81575e-03
-5.61025e-03
-7.01687e-03
-5.66994e-03
-2.64066e-03
7.34713e-04
3.36597e-03
4.05627e-03
1.86904e-03
-3.05575e-03
-8.52752e-03
-1.13959e-02
-1.04735e-02
-6.93359e-03
-2.25684e-03
2.84227e-03
7.61013e-03
1.11012e-02
1.23671e-02
1.08917e-02
7.35868e-03
3.23021e-03
-8.88402e-04
-4.65243e-03
-7.79632e-03
-1.03330e-02
-1.26040e-02
-1.47863e-02
-1.66470e-02
-1.77043e-02
-1.73587e-02
-1.53198e-02
-1.21237e-02
-8.62543e-03
-5.26288e-03
-2.35552e-03
-5.86967e-05
1.84008e-03
3.93555e-03
6.67957e-03
1.03176e-02
1.46292e-02
1.86446e-02
2.13505e-02
2.19598e-02
2.04610e-02
1.81927e-02
1.57028e-02
1.31815e-02
1.07772e-02
8.48035e-03
6.28586e-03
4.18812e-03
2.20948e-03
3.26186e-04
-1.53997e-03
-3.38643e-03
-5.13159e-03
-6.67408e-03
-7.90110e-03
-8.80588e-03
-9.55259e-03
-1.02611e-02
-1.09568e-02
-1.16343e-02
-1.22182e-02
-1.26011e-02
-1.26504e-02
-1.21509e-02
-1.08134e-02
-8.58737e-03
-5.90396e-03
-3.17838e-03
-7.34265e-04
1.08027e-03
2.07162e-03
2.43933e-03
3.00014e-03
4.25384e-03
6.33726e-03
8.94250e-03
1.17630e-02
1.42275e-02
1.54277e-02
1.43636e-02
1.04719e-02
4.63051e-03
-1.68677e-04
-2.59738e-03
-3.43347e-03
-3.65038e-03
-3.62318e-03
-3.56100e-03
-3.60014e-03
-3.74221e-03
-3.92384e-03
-4.03031e-03
-3.94812e-03
-3.59105e-03
-2.98124e-03
-2.27994e-03
-1.53611e-03
-7.45021e-04
1.01357e-04
1.00512e-03
1.92517e-03
2.85280e-03
3.80625e-03
4.80529e-03
5.84669e-03
6.87097e-03
7.72523e-03
8.07413e-03
7.48971e-03
5.67393e-03
2.83438e-03
-3.77907e-04
-3.74768e-03
-7.17462e-03
-1.04898e-02
-1.34699e-02
-1.58143e-02
-1.71909e-02
-1.69122e-02
-1.44763e-02
-1.02790e-02
-5.49318e-03
-7.82258e-04
3.19871e-03
5.76073e-03
6.54641e-03
5.56785e-03
3.44965e-03
1.88048e-03
1.62205e-03
2.49935e-03
3.65125e-03
4.64041e-03
5.28662e-03
5.59440e-03
5.76632e-03
5.85113e-03
5.85152e-03
5.71151e-03
5.37642e-03
4.85369e-03
4.27070e-03
3.65586e-03
3.01674e-03
2.35389e-03
1.67075e-03
9.75339e-04
2.69378e-04
-4.50763e-04
-1.17232e-03
-1.86833e-03
-2.48708e-03
-2.97215e-03
-3.28639e-03
-3.46976e-03
-3.61740e-03
-3.77885e-03
-3.97441e-03
-4.19708e-03
-4.38104e-03
-4.40507e-03
-4.10915e-03
-3.37956e-03
-2.27713e-03
-1.06051e-03
8.21938e-05
9.45023e-04
1.32544e-03
1.18156e-03
7.67051e-04
2.22984e-04
-2.98822e-04
-5.39787e-04
-1.93476e-04
9.84760e-04
2.92116e-03
4.93092e-03
5.96297e-03
5.58584e-03
4.20267e-03
2.55371e-03
1.00062e-03
-2.29605e-04
-1.04933e-03
-1.64124e-03
-2.17319e-03
-2.70804e-03
-3.23978e-03
-3.69935e-03
-3.96807e-03
-3.93516e-03
-3.59552e-03
-3.12441e-03
-2.55633e-03
-1.87380e-03
-1.07197e-03
-1.79249e-04
7.42469e-04
1.70434e-03
2.74920e-03
3.92026e-03
5.22516e-03
6.63573e-03
8.09084e-03
9.43563e-03
1.04034e-02
1.06704e-02
1.00201e-02
8.61906e-03
6.94261e-03
5.13050e-03
3.21450e-03
1.23735e-03
-7.44463e-04
-2.64399e-03
-4.38362e-03
-5.90673e-03
-7.25518e-03
-8.55079e-03
-9.81463e-03
-1.10077e-02
-1.20617e-02
-1.28928e-02
-1.34436e-02
-1.34601e-02
-1.26464e-02
-1.09284e-02
-8.70060e-03
-6.22345e-03
-3.53016e-03
-6.55403e-04
2.32805e-03
5.30014e-03
8.01441e-03
1.00877e-02
1.11171e-02
1.09716e-02
1.01328e-02
9.06206e-03
7.88017e-03
6.60366e-03
5.19038e-03
3.59211e-03
1.83197e-03
-2.53270e-05
-1.96181e-03
-3.93567e-03
-5.84617e-03
-7.52042e-03
-8.73458e-03
-9.31851e-03
-9.29231e-03
-8.52971e-03
-6.92071e-03
-4.70688e-03
-2.26153e-03
2.29657e-04
2.56995e-03
4.50464e-03
5.80039e-03
6.40895e-03
6.65931e-03
6.79522e-03
6.88849e-03
6.97403e-03
7.05975e-03
7.14369e-03
7.21818e-03
7.27794e-03
7.30653e-03
7.20813e-03
6.77408e-03
5.75751e-03
4.02326e-03
1.78158e-03
-5.09531e-04
-2.58159e-03
-4.24735e-03
-5.44703e-03
-6.38571e-03
-7.16134e-03
-7.57145e-03
-7.25577e-03
-5.88537e-03
-3.50649e-03
-8.80103e-04
1.38280e-03
2.84714e-03
3.31796e-03
3.14724e-03
2.76939e-03
2.31095e-03
1.77231e-03
1.08101e-03
1.25305e-04
-1.13155e-03
-2.55755e-03
-4.11263e-03
-5.81192e-03
-7.62946e-03
-9.45238e-03
-1.10224e-02
-1.19461e-02
-1.18343e-02
-1.06221e-02
-8.86915e-03
-6.94726e-03
-5.01969e-03
-3.23751e-03
-1.70225e-03
-4.39638e-04
6.71486e-04
1.73599e-03
2.74530e-03
3.63373e-03
4.32989e-03
4.81655e-03
5.20744e-03
5.57266e-03
5.94506e-03
6.34710e-03
6.78466e-03
7.23817e-03
7.66228e-03
7.98820e-03
8.14909e-03
8.12106e-03
7.98809e-03
7.89758e-03
7.88694e-03
7.88303e-03
7.69336e-03
7.00751e-03
5.51000e-03
3.12219e-03
2.86468e-04
-2.59821e-03
-5.37057e-03
-7.74855e-03
-9.32327e-03
-9.74153e-03
-9.04311e-03
-7.95628e-03
-6.73872e-03
-5.45867e-03
-4.18453e-03
-2.94369e-03
-1.81813e-03
-9.33198e-04
-4.29447e-04
-3.21498e-04
-3.87860e-04
-4.82310e-04
-4.90308e-04
-2.64985e-04
2.99232e-04
1.18551e-03
2.21116e-03
3.27852e-03
4.26451e-03
4.98904e-03
5.25824e-03
4.97628e-03
4.30066e-03
3.48495e-03
2.66383e-03
1.97193e-03
1.54845e-03
1.47009e-03
1.64930e-03
1.85178e-03
1.91865e-03
1.71596e-03
1.16786e-03
3.61281e-04
-5.67651e-04
-1.52424e-03
-2.38293e-03
-2.97368e-03
-3.13619e-03
-2.84044e-03
-2.31906e-03
-1.69877e-03
-1.04068e-03
-4.48581e-04
-7.78004e-05
-1.27313e-04
-7.53203e-04
-1.90440e-03
-3.27766e-03
-4.75044e-03
-6.22222e-03
-7.53986e-03
-8.53805e-03
-9.08719e-03
-9.24207e-03
-9.33296e-03
-9.49251e-03
-9.73207e-03
-9.97003e-03
-9.97275e-03
-9.40529e-03
-7.93790e-03
-5.54056e-03
-2.72977e-03
2.24586e-04
3.19551e-03
6.02303e-03
8.56432e-03
1.06928e-02
1.24202e-02
1.39711e-02
1.54755e-02
1.68221e-02
1.77556e-02
1.79222e-02
1.70812e-02
1.53690e-02
1.30233e-02
9.92052e-03
6.01734e-03
1.64684e-03
-2.75133e-03
-6.72156e-03
-9.69163e-03
-1.11615e-02
-1.11507e-02
-1.06005e-02
-9.89903e-03
-9.15488e-03
-8.41423e-03
-7.59849e-03
-6.57932e-03
-5.23164e-03
-3.55655e-03
-1.68485e-03
2.35860e-04
1.95760e-03
3.11963e-03
3.36345e-03
2.58340e-03
1.23522e-03
-1.64262e-04
-1.38662e-03
-2.33036e-03
-3.05470e-03
-3.68792e-03
-4.13028e-03
-4.11467e-03
-3.31593e-03
-1.49611e-03
9.51884e-04
3.64672e-03
6.23936e-03
8.27999e-03
9.26430e-03
8.89819e-03
7.47843e-03
5.70932e-03
3.81039e-03
1.85242e-03
-9.73932e-05
-1.96895e-03
-3.62945e-03
-4.89437e-03
-5.59003e-03
-5.72648e-03
-5.64820e-03
-5.54598e-03
-5.40584e-03
-5.08683e-03
-4.32485e-03
-2.83294e-03
-5.17680e-04
2.27162e-03
5.16373e-03
7.93020e-03
1.03274e-02
1.21254e-02
1.32183e-02
1.37863e-02
1.40509e-02
1.38122e-02
1.26920e-02
1.04126e-02
7.15858e-03
3.78385e-03
8.81230e-04
-1.02556e-03
-1.58249e-03
-1.08446e-03
-7.31644e-04
-1.09715e-03
-2.08282e-03
-3.43765e-03
-4.94799e-03
-6.46312e-03
-7.90664e-03
-9.28126e-03
-1.06220e-02
-1.19881e-02
-1.34013e-02
-1.48154e-02
-1.60638e-02
-1.68709e-02
-1.69095e-02
-1.59902e-02
-1.43270e-02
-1.24738e-02
-1.06347e-02
-8.89078e-03
-7.27140e-03
-5.71348e-03
-4.08117e-03
-2.19389e-03
9.00961e-05
2.73014e-03
5.43407e-03
8.00501e-03
1.02121e-02
1.17624e-02
1.24246e-02
1.22360e-02
1.16933e-02
1.10483e-02
1.03771e-02
9.72348e-03
9.09514e-03
8.49378e-03
7.92094e-03
7.38450e-03
6.88439e-03
6.39868e-03
5.86825e-03
5.20052e-03
4.29872e-03
3.13471e-03
1.83000e-03
5.21004e-04
-7.50417e-04
-1.95087e-03
-3.02333e-03
-3.88198e-03
-4.42170e-03
-4.56534e-03
-4.35971e-03
-4.04087e-03
-3.69635e-03
-3.35104e-03
-3.02385e-03
-2.71539e-03
-2.42535e-03
-2.15054e-03
-1.89144e-03
-1.64642e-03
-1.41257e-03
-1.18136e-03
-9.42774e-04
-6.88848e-04
-4.26503e-04
-1.78827e-04
4.83582e-05
2.52686e-04
4.24794e-04
5.49587e-04
6.05858e-04
5.76788e-04
4.65922e-04
3.15819e-04
1.69889e-04
4.01557e-05
-7.14441e-05
-1.65182e-04
-2.42421e-04
-3.01033e-04
-3.35080e-04
-3.35460e-04
-2.95691e-04
-2.19979e-04
-1.31137e-04
-4.94570e-05
1.92584e-05
7.29548e-05
1.10075e-04
1.29985e-04
1.32708e-04
1.21010e-04
1.01705e-04
8.21967e-05
6.44948e-05
4.92021e-05
3.64047e-05
2.59582e-05
1.75932e-05
1.11625e-05
6.48000e-06
3.43353e-06
1.81046e-06
1.44492e-06
2.12269e-06
3.74503e-06
6.23801e-06
9.62638e-06
1.38556e-05
1.87521e-05
2.38359e-05
2.83888e-05
3.18286e-05
3.42596e-05
3.59149e-05
3.70416e-05
3.78481e-05
3.84641e-05
3.88458e-05
3.89051e-05
3.85445e-05
3.76830e-05
3.62636e-05
3.42693e-05
3.17283e-05
2.87176e-05
2.53500e-05
0.00000e+00
0.00000e+00
0.00000e+00
0.00000e+00
0.00000e+00
0.00000e+00
0.00000e+00
0.00000e+00
0.00000e+00
0.00000e+00
0.00000e+00
0.00000e+00
