1.26636e-03
1.26715e-03
1.26762e-03
1.26774e-03
1.26751e-03
1.26692e-03
1.26606e-03
1.26509e-03
1.26418e-03
1.26334e-03
1.26179e-03
1.25856e-03
1.25316e-03
1.24471e-03
1.23382e-03
1.22253e-03
1.21397e-03
1.21292e-03
1.22060e-03
1.23324e-03
1.24047e-03
1.23145e-03
1.20364e-03
1.16006e-03
1.10500e-03
1.04039e-03
9.72951e-04
9.14015e-04
8.78500e-04
8.81513e-04
9.38040e-04
1.04474e-03
1.17176e-03
1.28030e-03
1.34260e-03
1.35912e-03
1.32535e-03
1.22434e-03
1.05265e-03
8.31957e-04
6.15263e-04
4.92857e-04
5.08828e-04
6.59847e-04
9.67559e-04
1.31754e-03
1.50624e-03
1.39972e-03
1.03448e-03
5.37250e-04
2.26303e-05
-3.46669e-04
-3.10555e-04
1.24128e-04
5.81179e-04
6.45735e-04
3.46478e-05
-1.15494e-03
-2.46151e-03
-3.40296e-03
-3.88841e-03
-3.86878e-03
-3.44496e-03
-2.75264e-03
-1.84683e-03
-9.07836e-04
-1.14048e-04
5.01631e-04
1.33540e-03
2.51364e-03
3.57500e-03
4.08615e-03
3.84867e-03
2.93934e-03
1.55750e-03
1.97104e-04
-6.43629e-04
-7.82674e-04
-2.37623e-04
6.66015e-04
1.25296e-03
1.10864e-03
7.00053e-04
9.14936e-04
1.63811e-03
2.09352e-03
1.97143e-03
1.22371e-03
6.23994e-05
-8.65112e-04
-9.63197e-04
-4.52044e-04
9.18001e-05
3.29673e-04
3.52121e-04
6.85336e-04
1.68046e-03
3.34813e-03
5.65098e-03
7.85769e-03
8.40712e-03
6.76231e-03
4.04514e-03
1.49707e-03
-4.33034e-04
-1.89816e-03
-2.89359e-03
-3.39782e-03
-3.54550e-03
-3.16056e-03
-1.96907e-03
3.02225e-04
3.55348e-03
6.45529e-03
7.07516e-03
4.77053e-03
5.30731e-04
-3.76549e-03
-6.45581e-03
-7.21069e-03
-6.80058e-03
-5.75300e-03
-4.16602e-03
-1.84042e-03
1.45543e-03
5.57558e-03
9.30641e-03
1.05937e-02
8.14008e-03
3.15484e-03
-2.19378e-03
-6.55295e-03
-8.59356e-03
-7.05680e-03
-2.81425e-03
1.25757e-03
2.75892e-03
7.23929e-04
-4.92933e-03
-1.22769e-02
-1.82639e-02
-2.05392e-02
-1.74074e-02
-8.80001e-03
2.56707e-03
1.33944e-02
2.09577e-02
2.29342e-02
1.85532e-02
8.37372e-03
-4.92522e-03
-1.71177e-02
-2.41818e-02
-2.46736e-02
-1.97840e-02
-1.17831e-02
-2.87701e-03
5.40358e-03
1.19610e-02
1.56999e-02
1.59634e-02
1.28832e-02
6.84015e-03
-1.27959e-03
-1.04039e-02
-1.75070e-02
-1.97068e-02
-1.68909e-02
-1.15294e-02
-6.16775e-03
-3.89433e-03
-6.90407e-03
-1.35290e-02
-1.96631e-02
-2.17806e-02
-1.93103e-02
-1.35013e-02
-6.66637e-03
-1.07237e-03
2.35213e-03
3.93018e-03
4.99737e-03
5.75292e-03
5.24136e-03
2.33810e-03
-2.82776e-03
-8.31770e-03
-1.17528e-02
-1.14493e-02
-6.65166e-03
8.49292e-04
7.71676e-03
1.15408e-02
1.20701e-02
9.91322e-03
5.94012e-03
2.56382e-03
1.92725e-03
3.44034e-03
5.19872e-03
6.03368e-03
6.05244e-03
6.41363e-03
7.13371e-03
6.24870e-03
2.21239e-03
-5.66072e-03
-1.49644e-02
-2.30625e-02
-2.86683e-02
-3.04988e-02
-2.74141e-02
-2.13137e-02
-1.51187e-02
-8.39581e-03
-6.58869e-04
7.14112e-03
1.28773e-02
1.46907e-02
1.28041e-02
8.81110e-03
3.03619e-03
-4.60458e-03
-1.21110e-02
-1.71242e-02
-1.95066e-02
-1.98902e-02
-1.84417e-02
-1.56627e-02
-1.16880e-02
-6.26135e-03
1.26379e-03
9.24558e-03
1.38851e-02
1.31545e-02
8.27617e-03
6.19631e-04
-9.67869e-03
-2.20188e-02
-3.54704e-02
-4.91876e-02
-6.20715e-02
-7.14993e-02
-7.26469e-02
-6.03055e-02
-3.19447e-02
8.75556e-03
4.99585e-02
7.48178e-02
7.08019e-02
4.06013e-02
1.24411e-03
-2.99067e-02
-4.87905e-02
-6.11273e-02
-6.72843e-02
-6.11388e-02
-4.17076e-02
-1.86811e-02
-3.49493e-03
5.04818e-03
2.00044e-02
4.88895e-02
8.32904e-02
1.08165e-01
1.15276e-01
1.05436e-01
8.27732e-02
4.96052e-02
6.48441e-03
-4.11770e-02
-8.14862e-02
-1.01085e-01
-9.22795e-02
-5.81349e-02
-1.15023e-02
3.09081e-02
6.07645e-02
8.36813e-02
1.09953e-01
1.40833e-01
1.63041e-01
1.57321e-01
1.14864e-01
4.68111e-02
-2.60422e-02
-8.45232e-02
-1.18626e-01
-1.25315e-01
-1.04179e-01
-6.03496e-02
-8.94270e-03
3.25175e-02
5.23282e-02
4.78105e-02
2.28985e-02
-1.11946e-02
-3.67360e-02
-3.91266e-02
-1.84185e-02
1.15399e-02
3.22959e-02
2.91631e-02
-1.34708e-03
-4.72371e-02
-8.85015e-02
-1.08076e-01
-9.94312e-02
-6.66701e-02
-1.79684e-02
4.18161e-02
1.03907e-01
1.50652e-01
1.69321e-01
1.55610e-01
1.14114e-01
5.33510e-02
-1.51329e-02
-7.88331e-02
-1.22219e-01
-1.33073e-01
-1.09894e-01
-6.17306e-02
-5.55618e-03
3.70133e-02
5.20057e-02
3.78109e-02
5.39755e-03
-2.93455e-02
-5.68764e-02
-7.30911e-02
-7.64752e-02
-6.79965e-02
-5.18772e-02
-3.48276e-02
-2.25616e-02
-1.24128e-02
6.37282e-03
4.13001e-02
8.54442e-02
1.20724e-01
1.32074e-01
1.18492e-01
9.28171e-02
7.00168e-02
5.64123e-02
4.93628e-02
4.38170e-02
3.86150e-02
3.30557e-02
2.39027e-02
6.77177e-03
-1.74186e-02
-4.09729e-02
-5.42840e-02
-5.02063e-02
-2.96739e-02
-3.57534e-03
1.22119e-02
8.43320e-03
-9.56988e-03
-2.71077e-02
-3.29150e-02
-2.49549e-02
-8.65173e-03
8.55694e-03
2.01749e-02
2.07078e-02
7.54345e-03
-1.43398e-02
-3.27994e-02
-3.73075e-02
-2.66162e-02
-7.18378e-03
1.38341e-02
3.35929e-02
5.04711e-02
6.03339e-02
5.84642e-02
4.42447e-02
2.20471e-02
-1.71485e-03
-2.15078e-02
-3.23114e-02
-3.17613e-02
-2.32404e-02
-1.52930e-02
-1.49538e-02
-2.26397e-02
-3.13075e-02
-3.22928e-02
-2.18112e-02
-4.14381e-03
1.09049e-02
1.51752e-02
7.78586e-03
-3.49583e-03
-9.44881e-03
-8.31914e-03
-4.67585e-03
-2.38959e-03
-1.39604e-03
1.80953e-03
8.28612e-03
1.47878e-02
1.70853e-02
1.45910e-02
1.01084e-02
3.50027e-03
-9.32834e-03
-3.00198e-02
-5.38223e-02
-7.22505e-02
-7.83730e-02
-7.06155e-02
-5.06235e-02
-2.17607e-02
1.17064e-02
4.20448e-02
5.97667e-02
5.84300e-02
3.85112e-02
9.33923e-03
-1.61945e-02
-3.00609e-02
-2.99748e-02
-1.56967e-02
1.18058e-02
4.60306e-02
7.78141e-02
9.71545e-02
9.74501e-02
7.67618e-02
3.65678e-02
-1.32234e-02
-5.73016e-02
-8.57688e-02
-9.74747e-02
-9.46626e-02
-7.97999e-02
-5.53162e-02
-2.43905e-02
7.85703e-03
3.53785e-02
5.43772e-02
6.33585e-02
6.36491e-02
5.91522e-02
5.37567e-02
5.04397e-02
5.09161e-02
5.32814e-02
5.07798e-02
3.58797e-02
7.53704e-03
-2.64508e-02
-5.39047e-02
-6.55621e-02
-6.06930e-02
-4.47078e-02
-2.29507e-02
1.77014e-03
2.65823e-02
4.61234e-02
5.54012e-02
5.43333e-02
4.72088e-02
3.75720e-02
2.53511e-02
8.40525e-03
-1.35292e-02
-3.69788e-02
-5.69665e-02
-6.87925e-02
-6.94667e-02
-5.98066e-02
-4.45554e-02
-2.99224e-02
-1.89672e-02
-9.84415e-03
2.29376e-03
2.12614e-02
4.60336e-02
7.09683e-02
9.01489e-02
1.00468e-01
1.00298e-01
8.97090e-02
6.95992e-02
3.96641e-02
8.40654e-04
-4.23733e-02
-8.22319e-02
-1.12627e-01
-1.32026e-01
-1.42274e-01
-1.43472e-01
-1.31852e-01
-1.04422e-01
-6.66656e-02
-3.06002e-02
-3.89278e-03
1.29660e-02
2.36095e-02
2.84233e-02
2.36961e-02
8.94200e-03
-9.93725e-03
-2.40324e-02
-2.85560e-02
-2.49472e-02
-1.60041e-02
-3.55860e-03
1.18444e-02
3.04984e-02
4.95794e-02
6.37842e-02
6.65440e-02
5.58676e-02
3.70994e-02
2.02210e-02
1.38021e-02
1.86965e-02
2.96201e-02
4.05176e-02
4.69310e-02
4.77025e-02
4.40113e-02
3.78252e-02
3.05778e-02
2.20411e-02
1.14142e-02
-1.66453e-03
-1.75864e-02
-3.49041e-02
-4.93587e-02
-5.59785e-02
-5.15135e-02
-3.81735e-02
-2.12018e-02
-4.52521e-03
1.04267e-02
2.39103e-02
3.40423e-02
3.60690e-02
2.63250e-02
6.49500e-03
-1.82893e-02
-4.25973e-02
-6.21574e-02
-7.43927e-02
-7.77974e-02
-7.17582e-02
-5.68793e-02
-3.49711e-02
-8.49370e-03
1.81033e-02
3.93538e-02
5.12792e-02
5.24404e-02
4.52856e-02
3.59581e-02
2.97162e-02
2.81631e-02
2.95326e-02
3.16527e-02
3.42350e-02
3.84260e-02
4.21826e-02
3.86285e-02
2.32223e-02
-2.44831e-03
-3.11779e-02
-5.53006e-02
-7.09580e-02
-7.78275e-02
-7.69637e-02
-6.62141e-02
-4.18894e-02
-7.87636e-03
2.43982e-02
4.41794e-02
4.71381e-02
3.73379e-02
2.12572e-02
1.34182e-03
-2.12075e-02
-4.23558e-02
-5.83865e-02
-6.78394e-02
-7.06458e-02
-6.68168e-02
-5.40947e-02
-2.97796e-02
5.08813e-03
4.45252e-02
7.90133e-02
1.01315e-01
1.10529e-01
1.08117e-01
9.41671e-02
6.69183e-02
2.79881e-02
-1.31274e-02
-4.49720e-02
-6.27631e-02
-6.87419e-02
-6.61605e-02
-5.71024e-02
-4.43252e-02
-3.13887e-02
-2.21182e-02
-1.98590e-02
-2.38315e-02
-2.85350e-02
-2.74820e-02
-1.59865e-02
5.36939e-03
3.08514e-02
5.43085e-02
7.18746e-02
8.10364e-02
7.96223e-02
6.67952e-02
4.54732e-02
2.27055e-02
5.85153e-03
-2.50583e-03
-5.12899e-03
-5.64576e-03
-4.39110e-03
-7.90831e-05
5.68795e-03
9.86912e-03
1.14021e-02
1.11827e-02
1.10535e-02
1.11912e-02
8.56487e-03
1.99800e-05
-1.44245e-02
-3.13689e-02
-4.49639e-02
-5.01913e-02
-4.62398e-02
-3.57747e-02
-2.30125e-02
-1.20161e-02
-6.20628e-03
-8.16399e-03
-1.75031e-02
-3.04278e-02
-4.23590e-02
-5.10374e-02
-5.70767e-02
-6.10847e-02
-6.19329e-02
-5.77141e-02
-4.74643e-02
-3.24283e-02
-1.58153e-02
-1.49161e-03
7.92179e-03
1.15750e-02
1.05754e-02
8.58970e-03
1.00497e-02
1.63111e-02
2.56731e-02
3.49319e-02
4.08639e-02
4.26870e-02
4.20536e-02
4.16412e-02
4.32350e-02
4.66796e-02
4.96642e-02
4.93167e-02
4.55133e-02
4.15692e-02
4.04905e-02
4.02667e-02
3.56192e-02
2.40172e-02
7.78118e-03
-8.42159e-03
-2.08371e-02
-2.71403e-02
-2.73220e-02
-2.45503e-02
-2.28888e-02
-2.44871e-02
-2.97408e-02
-3.69749e-02
-4.31839e-02
-4.47297e-02
-3.85352e-02
-2.56069e-02
-1.05527e-02
2.03667e-03
9.40899e-03
1.13648e-02
7.98560e-03
-7.33827e-04
-1.34404e-02
-2.61864e-02
-3.37074e-02
-3.30195e-02
-2.38624e-02
-6.94972e-03
1.55220e-02
3.95964e-02
6.26055e-02
8.22168e-02
9.50143e-02
9.82888e-02
9.08470e-02
7.25969e-02
4.81337e-02
2.54304e-02
1.08647e-02
7.70211e-03
1.48201e-02
2.77050e-02
4.01467e-02
4.82900e-02
5.12921e-02
4.91445e-02
4.07522e-02
2.21730e-02
-8.86993e-03
-4.71648e-02
-8.28856e-02
-1.08385e-01
-1.20381e-01
-1.18732e-01
-1.06212e-01
-8.89664e-02
-7.37838e-02
-6.31164e-02
-5.33658e-02
-4.02788e-02
-2.33350e-02
-4.99511e-03
1.19558e-02
2.59216e-02
3.57882e-02
4.10079e-02
4.13064e-02
3.62867e-02
2.83129e-02
2.25042e-02
2.30216e-02
3.08372e-02
4.31182e-02
5.51751e-02
6.29386e-02
6.41217e-02
5.86235e-02
4.57165e-02
2.33796e-02
-7.36539e-03
-4.16106e-02
-7.31471e-02
-9.77902e-02
-1.13594e-01
-1.18910e-01
-1.12883e-01
-9.61282e-02
-6.83632e-02
-3.05695e-02
1.12098e-02
4.88756e-02
7.66624e-02
9.27362e-02
9.90351e-02
9.86258e-02
9.20282e-02
7.88825e-02
6.06547e-02
3.86532e-02
1.23943e-02
-1.87108e-02
-5.14439e-02
-7.87940e-02
-9.42831e-02
-9.42535e-02
-7.86066e-02
-5.00909e-02
-1.39980e-02
2.15328e-02
4.78636e-02
5.96292e-02
5.64156e-02
4.16425e-02
2.14684e-02
6.16749e-04
-1.94327e-02
-3.74592e-02
-5.06127e-02
-5.57462e-02
-5.13328e-02
-3.92484e-02
-2.42305e-02
-1.08685e-02
-2.75391e-04
9.26450e-03
1.95093e-02
2.96865e-02
3.59137e-02
3.62647e-02
3.32936e-02
3.17268e-02
3.49967e-02
4.14687e-02
4.58389e-02
4.37762e-02
3.29669e-02
1.38517e-02
-9.19920e-03
-3.09528e-02
-4.97904e-02
-6.69638e-02
-8.27999e-02
-9.42873e-02
-9.55695e-02
-8.35495e-02
-6.11772e-02
-3.46197e-02
-1.09534e-02
5.20849e-03
1.22919e-02
1.14154e-02
6.48430e-03
2.08208e-03
6.50696e-05
-1.44342e-04
1.16782e-03
6.76125e-03
2.04783e-02
4.13503e-02
6.34950e-02
8.08655e-02
9.06528e-02
9.21202e-02
8.61603e-02
7.36513e-02
5.47053e-02
3.12664e-02
6.29825e-03
-1.82607e-02
-4.12665e-02
-6.07407e-02
-7.42722e-02
-8.11401e-02
-8.30069e-02
-8.20216e-02
-7.84501e-02
-7.12342e-02
-5.97218e-02
-4.51195e-02
-2.99809e-02
-1.82451e-02
-1.45315e-02
-2.14279e-02
-3.69615e-02
-5.59309e-02
-7.35973e-02
-8.63037e-02
-9.24188e-02
-9.29760e-02
-9.02989e-02
-8.55001e-02
-7.78552e-02
-6.65580e-02
-5.28887e-02
-3.84887e-02
-2.51415e-02
-1.53537e-02
-1.02430e-02
-8.78062e-03
-7.79400e-03
-4.91204e-03
-2.88648e-04
6.05123e-03
1.56464e-02
3.03420e-02
4.85812e-02
6.57231e-02
7.73849e-02
8.26820e-02
8.46638e-02
8.76327e-02
9.31908e-02
9.88782e-02
9.98161e-02
9.23965e-02
7.75703e-02
5.97975e-02
4.38507e-02
3.23796e-02
2.62458e-02
2.56401e-02
2.87653e-02
3.03874e-02
2.49446e-02
1.02535e-02
-1.17822e-02
-3.76791e-02
-6.58668e-02
-9.58025e-02
-1.26324e-01
-1.53692e-01
-1.71428e-01
-1.73862e-01
-1.59001e-01
-1.29304e-01
-9.00713e-02
-4.74353e-02
-6.95253e-03
2.67884e-02
5.12132e-02
6.53848e-02
6.84283e-02
6.12564e-02
4.90068e-02
3.78449e-02
3.14297e-02
3.11689e-02
3.67395e-02
4.78741e-02
6.44461e-02
8.26149e-02
9.36671e-02
9.13182e-02
7.72890e-02
5.80852e-02
4.11046e-02
2.95806e-02
2.14965e-02
1.38538e-02
4.98881e-03
-3.38730e-03
-9.31040e-03
-1.19705e-02
-1.22828e-02
-1.30896e-02
-1.77182e-02
-2.69647e-02
-3.89023e-02
-5.08556e-02
-6.25883e-02
-7.42795e-02
-8.46038e-02
-9.05953e-02
-8.93400e-02
-8.01307e-02
-6.45465e-02
-4.43804e-02
-2.19575e-02
-1.27620e-03
1.50326e-02
2.56848e-02
3.00225e-02
2.83692e-02
2.05426e-02
7.87608e-03
-4.41699e-03
-1.01164e-02
-6.32986e-03
2.59975e-03
1.02433e-02
1.20410e-02
7.17128e-03
-2.67142e-03
-1.55245e-02
-2.90132e-02
-3.92304e-02
-4.39866e-02
-4.16666e-02
-3.01462e-02
-7.99730e-03
2.16229e-02
5.25924e-02
7.76603e-02
9.24142e-02
9.67894e-02
9.23991e-02
7.96359e-02
5.99552e-02
3.75087e-02
1.62590e-02
-3.95180e-04
-9.86597e-03
-1.19641e-02
-9.35726e-03
-4.40556e-03
2.98299e-03
1.32726e-02
2.74851e-02
4.40016e-02
5.86959e-02
6.76207e-02
6.86549e-02
6.19424e-02
4.73849e-02
2.39757e-02
-5.08877e-03
-3.47066e-02
-6.00622e-02
-7.64152e-02
-7.95321e-02
-6.74404e-02
-4.35743e-02
-1.68658e-02
4.05489e-03
1.71823e-02
2.65660e-02
3.68774e-02
4.98112e-02
6.32975e-02
7.28416e-02
7.54122e-02
7.04657e-02
5.96752e-02
4.61883e-02
3.34824e-02
2.37028e-02
1.68904e-02
1.23669e-02
9.70060e-03
8.33084e-03
6.74098e-03
2.53407e-03
-4.82500e-03
-1.04425e-02
-7.98828e-03
2.51192e-03
1.59567e-02
2.53195e-02
2.69556e-02
2.13582e-02
1.20939e-02
3.13019e-03
-3.06912e-03
-5.59926e-03
-4.66398e-03
-1.00573e-03
2.79023e-03
3.15652e-03
-8.54554e-04
-7.64044e-03
-1.51656e-02
-2.20437e-02
-2.63494e-02
-2.58481e-02
-1.84210e-02
-3.55423e-03
1.61870e-02
3.68279e-02
5.51147e-02
6.99540e-02
8.02428e-02
8.40715e-02
8.15581e-02
7.52632e-02
6.86023e-02
6.43731e-02
6.38237e-02
6.63055e-02
6.95054e-02
7.06090e-02
6.68039e-02
5.70389e-02
4.21319e-02
2.36138e-02
2.60124e-03
-2.05439e-02
-4.33834e-02
-6.17902e-02
-7.20270e-02
-7.23781e-02
-6.49899e-02
-5.32596e-02
-3.96176e-02
-2.81771e-02
-2.50779e-02
-3.35967e-02
-5.13541e-02
-7.26417e-02
-9.20543e-02
-1.05626e-01
-1.10209e-01
-1.04402e-01
-8.86546e-02
-6.57067e-02
-3.90576e-02
-1.19552e-02
1.05788e-02
2.50915e-02
3.15403e-02
3.12362e-02
2.53734e-02
1.59693e-02
7.28336e-03
4.45185e-03
1.01946e-02
2.20219e-02
3.43289e-02
4.33132e-02
4.81713e-02
4.99718e-02
4.93821e-02
4.75509e-02
4.57958e-02
4.40130e-02
4.19518e-02
4.02377e-02
3.83862e-02
3.30553e-02
2.09984e-02
2.97343e-03
-1.70430e-02
-3.53304e-02
-5.09713e-02
-6.35830e-02
-7.13533e-02
-7.02594e-02
-5.67545e-02
-3.12024e-02
7.43930e-04
2.81848e-02
4.05809e-02
3.39007e-02
1.15448e-02
-1.83030e-02
-4.86529e-02
-7.54108e-02
-9.75401e-02
-1.15415e-01
-1.27713e-01
-1.32473e-01
-1.27850e-01
-1.12835e-01
-9.00653e-02
-6.35203e-02
-3.60986e-02
-9.65764e-03
1.33993e-02
3.12198e-02
4.22610e-02
4.52998e-02
3.95107e-02
2.70916e-02
1.18892e-02
-1.26845e-03
-9.66297e-03
-1.43425e-02
-1.63369e-02
-1.49755e-02
-9.59011e-03
-9.61531e-04
9.11297e-03
1.83572e-02
2.50791e-02
2.93234e-02
3.23244e-02
3.48630e-02
3.58005e-02
3.38299e-02
2.93081e-02
2.23862e-02
1.32065e-02
1.94286e-03
-1.03299e-02
-2.03958e-02
-2.53913e-02
-2.38939e-02
-1.57555e-02
-2.04405e-03
1.51687e-02
3.25230e-02
4.77193e-02
6.01382e-02
7.03962e-02
7.89436e-02
8.48102e-02
8.49478e-02
7.76396e-02
6.37996e-02
4.57816e-02
2.66925e-02
8.60261e-03
-7.67536e-03
-2.06859e-02
-3.00877e-02
-3.72514e-02
-4.36552e-02
-4.89612e-02
-5.08889e-02
-4.82261e-02
-4.20828e-02
-3.52342e-02
-2.91170e-02
-2.36830e-02
-2.03379e-02
-1.94140e-02
-1.81323e-02
-1.33240e-02
-3.75997e-03
9.22953e-03
2.19228e-02
3.09263e-02
3.56868e-02
3.73477e-02
3.75093e-02
3.73289e-02
3.58228e-02
3.09632e-02
2.12288e-02
9.05036e-03
-1.76135e-03
-8.75601e-03
-9.39268e-03
-4.03176e-03
4.03129e-03
1.10971e-02
1.46791e-02
1.42010e-02
1.10774e-02
7.92675e-03
6.53644e-03
6.77322e-03
7.01531e-03
7.22017e-03
8.47511e-03
1.19500e-02
1.92425e-02
3.05155e-02
4.32452e-02
5.27924e-02
5.57113e-02
5.00074e-02
3.72994e-02
2.13574e-02
7.12761e-03
-1.74814e-03
-3.78175e-03
2.76777e-03
1.60412e-02
3.06960e-02
4.20996e-02
4.72481e-02
4.56485e-02
3.84259e-02
2.83540e-02
1.78900e-02
8.95155e-03
4.14356e-03
4.91347e-03
1.13036e-02
2.09702e-02
2.97623e-02
3.48432e-02
3.67280e-02
3.84614e-02
4.19042e-02
4.64429e-02
4.91905e-02
4.67693e-02
3.70650e-02
2.05398e-02
1.86773e-03
-1.38892e-02
-2.53975e-02
-3.38648e-02
-4.20105e-02
-5.13094e-02
-6.03019e-02
-6.78169e-02
-7.41898e-02
-7.96711e-02
-8.41604e-02
-8.74012e-02
-8.96866e-02
-9.14786e-02
-9.31681e-02
-9.47952e-02
-9.54153e-02
-9.38123e-02
-8.93639e-02
-8.28062e-02
-7.54660e-02
-6.86910e-02
-6.26391e-02
-5.56956e-02
-4.69121e-02
-3.61593e-02
-2.36068e-02
-1.08369e-02
2.77061e-04
1.00506e-02
2.08379e-02
3.47201e-02
4.99622e-02
6.25038e-02
6.86854e-02
6.83462e-02
6.43043e-02
5.92257e-02
5.35048e-02
4.68311e-02
4.14592e-02
4.13670e-02
4.85213e-02
6.21793e-02
7.88979e-02
9.36822e-02
1.01492e-01
9.92157e-02
8.65179e-02
6.56575e-02
4.15154e-02
2.08862e-02
9.08186e-03
7.83137e-03
1.51935e-02
2.59863e-02
3.37378e-02
3.41956e-02
2.63577e-02
1.27115e-02
-2.99256e-03
-1.72460e-02
-2.90302e-02
-3.84639e-02
-4.74777e-02
-5.95716e-02
-7.77574e-02
-9.99647e-02
-1.21237e-01
-1.36097e-01
-1.39626e-01
-1.30722e-01
-1.13183e-01
-9.25673e-02
-7.19797e-02
-5.35071e-02
-3.85228e-02
-2.75816e-02
-2.01857e-02
-1.57791e-02
-1.27331e-02
-9.61234e-03
-5.75602e-03
-4.49672e-04
7.62455e-03
1.80775e-02
2.93098e-02
4.01863e-02
5.00569e-02
5.76958e-02
6.25977e-02
6.45716e-02
6.27499e-02
5.67251e-02
4.77988e-02
3.88714e-02
3.32808e-02
3.25585e-02
3.55390e-02
3.98742e-02
4.36374e-02
4.54190e-02
4.47283e-02
4.33058e-02
4.38796e-02
4.66492e-02
5.11041e-02
5.54706e-02
5.62810e-02
5.14546e-02
3.90323e-02
1.86408e-02
-5.50100e-03
-2.63392e-02
-3.81048e-02
-3.84028e-02
-2.77140e-02
-9.67285e-03
1.04347e-02
2.93135e-02
4.32872e-02
4.93855e-02
4.83450e-02
4.16134e-02
3.06504e-02
1.62586e-02
3.71904e-04
-1.39198e-02
-2.32719e-02
-2.68450e-02
-2.67008e-02
-2.48777e-02
-2.25958e-02
-2.14517e-02
-2.12142e-02
-1.86689e-02
-1.14188e-02
6.56135e-05
1.32748e-02
2.50361e-02
3.31467e-02
3.64892e-02
3.54259e-02
3.12358e-02
2.42339e-02
1.52735e-02
5.23367e-03
-5.55830e-03
-1.64410e-02
-2.69227e-02
-3.52386e-02
-3.88069e-02
-3.46214e-02
-2.19799e-02
-3.77105e-03
1.58604e-02
3.10828e-02
3.70205e-02
3.38162e-02
2.46911e-02
1.38435e-02
4.61920e-03
-3.37012e-03
-1.15864e-02
-2.09929e-02
-3.14814e-02
-4.26238e-02
-5.46847e-02
-6.64925e-02
-7.63909e-02
-8.40259e-02
-8.84844e-02
-8.76975e-02
-8.06493e-02
-6.80294e-02
-5.07567e-02
-3.03757e-02
-9.77379e-03
7.85684e-03
2.05407e-02
2.82573e-02
3.20144e-02
3.26724e-02
3.05363e-02
2.60188e-02
2.05878e-02
1.64256e-02
1.52732e-02
1.77750e-02
2.26305e-02
2.69986e-02
2.83880e-02
2.57588e-02
1.98008e-02
1.16979e-02
1.72742e-03
-1.06057e-02
-2.47853e-02
-3.81947e-02
-4.80020e-02
-5.29686e-02
-5.29921e-02
-5.01235e-02
-4.81536e-02
-4.92621e-02
-5.31381e-02
-5.96810e-02
-6.82111e-02
-7.59533e-02
-7.85901e-02
-7.09373e-02
-5.10431e-02
-2.29540e-02
5.34676e-03
2.68226e-02
3.82827e-02
4.05161e-02
3.66698e-02
2.85551e-02
1.66380e-02
2.41088e-03
-1.20975e-02
-2.48010e-02
-3.44600e-02
-4.09660e-02
-4.34337e-02
-4.11068e-02
-3.39336e-02
-2.14331e-02
-3.08393e-03
1.85919e-02
3.71600e-02
4.80386e-02
5.11359e-02
4.95954e-02
4.74988e-02
4.69530e-02
4.73139e-02
4.67668e-02
4.43727e-02
3.99513e-02
3.39430e-02
2.84008e-02
2.59091e-02
2.71551e-02
3.07782e-02
3.44052e-02
3.61616e-02
3.48945e-02
3.08628e-02
2.53299e-02
1.90019e-02
1.13116e-02
2.25590e-03
-7.31945e-03
-1.71857e-02
-2.71633e-02
-3.60309e-02
-4.24396e-02
-4.60581e-02
-4.80146e-02
-5.06281e-02
-5.48546e-02
-5.97065e-02
-6.33724e-02
-6.31493e-02
-5.73926e-02
-4.64007e-02
-3.26256e-02
-1.94585e-02
-9.11387e-03
-3.53115e-03
-4.39127e-03
-1.11592e-02
-2.06424e-02
-2.94237e-02
-3.51462e-02
-3.71372e-02
-3.62515e-02
-3.42785e-02
-3.30519e-02
-3.29829e-02
-3.22810e-02
-2.82744e-02
-1.95017e-02
-5.57916e-03
1.25436e-02
3.16539e-02
4.80005e-02
5.98065e-02
6.83427e-02
7.58520e-02
8.33830e-02
9.10475e-02
9.79968e-02
1.02617e-01
1.02642e-01
9.74722e-02
8.82749e-02
7.63677e-02
6.38266e-02
5.29085e-02
4.45830e-02
3.92142e-02
3.67696e-02
3.61469e-02
3.54523e-02
3.26576e-02
2.60273e-02
1.57463e-02
4.07569e-03
-6.37331e-03
-1.26349e-02
-1.28209e-02
-8.45654e-03
-2.91113e-03
2.03154e-03
5.41019e-03
4.98835e-03
-8.06587e-04
-1.29347e-02
-3.08236e-02
-5.04690e-02
-6.70383e-02
-7.54593e-02
-7.28328e-02
-6.15852e-02
-4.73736e-02
-3.52356e-02
-2.64779e-02
-2.02999e-02
-1.59426e-02
-1.34654e-02
-1.29032e-02
-1.37888e-02
-1.57822e-02
-1.74244e-02
-1.75429e-02
-1.61001e-02
-1.33781e-02
-9.98242e-03
-6.41638e-03
-2.43773e-03
1.97594e-03
5.67324e-03
7.72040e-03
8.80233e-03
9.78764e-03
1.06588e-02
1.11892e-02
1.08191e-02
9.59413e-03
8.34713e-03
7.11544e-03
5.77442e-03
4.17406e-03
1.77688e-03
-2.49960e-03
-7.86016e-03
-1.13067e-02
-1.23096e-02
-1.28715e-02
-1.44970e-02
-1.74149e-02
-2.06939e-02
-2.29227e-02
-2.36416e-02
-2.29189e-02
-2.07565e-02
-1.71698e-02
-1.16342e-02
-3.76352e-03
5.48704e-03
1.43591e-02
2.15696e-02
2.62059e-02
2.85801e-02
3.00152e-02
3.14556e-02
3.33210e-02
3.44846e-02
3.32035e-02
2.82866e-02
1.98801e-02
9.08730e-03
-1.94905e-03
-9.76964e-03
-1.25180e-02
-1.08068e-02
-6.90992e-03
-3.33805e-03
-1.68656e-03
-1.40548e-03
-1.06894e-03
-3.54776e-04
4.25406e-04
5.02890e-04
-1.26922e-03
-5.42108e-03
-1.21140e-02
-2.10024e-02
-2.92908e-02
-3.51020e-02
-3.86888e-02
-4.13692e-02
-4.39659e-02
-4.63983e-02
-4.90310e-02
-5.18091e-02
-5.32238e-02
-5.15847e-02
-4.72704e-02
-4.05840e-02
-3.03336e-02
-1.53216e-02
3.04668e-03
2.12172e-02
3.61117e-02
4.46100e-02
4.48324e-02
3.74004e-02
2.39177e-02
6.62993e-03
-1.16258e-02
-2.82178e-02
-4.00869e-02
-4.49781e-02
-4.22331e-02
-3.29585e-02
-2.01187e-02
-8.87547e-03
-3.24499e-03
-4.68072e-03
-1.19426e-02
-2.21641e-02
-3.21649e-02
-3.84308e-02
-3.87946e-02
-3.25788e-02
-2.16635e-02
-8.41168e-03
4.16104e-03
1.49850e-02
2.27317e-02
2.55861e-02
2.28498e-02
1.50652e-02
5.26015e-03
-3.23251e-03
-7.44686e-03
-5.11053e-03
3.17657e-03
1.48179e-02
2.60493e-02
3.45114e-02
3.96269e-02
4.16193e-02
4.09854e-02
3.86089e-02
3.54552e-02
3.22138e-02
2.91069e-02
2.60359e-02
2.20883e-02
1.65316e-02
9.01794e-03
4.89592e-04
-7.63645e-03
-1.39358e-02
-1.73914e-02
-1.80864e-02
-1.52846e-02
-9.10996e-03
1.21187e-04
1.18509e-02
2.42184e-02
3.49688e-02
4.30778e-02
4.77571e-02
4.77818e-02
4.26162e-02
3.28366e-02
2.00285e-02
5.33764e-03
-1.05192e-02
-2.62297e-02
-3.99902e-02
-4.99158e-02
-5.58085e-02
-5.92108e-02
-6.12348e-02
-6.23190e-02
-6.22913e-02
-6.06594e-02
-5.65860e-02
-5.05449e-02
-4.45464e-02
-3.94187e-02
-3.61541e-02
-3.60057e-02
-3.84989e-02
-4.15641e-02
-4.26963e-02
-4.02701e-02
-3.39823e-02
-2.53532e-02
-1.62204e-02
-8.24674e-03
-3.28354e-03
-2.28553e-03
-5.68995e-03
-1.25074e-02
-2.05216e-02
-2.92210e-02
-3.88777e-02
-4.78730e-02
-5.31848e-02
-5.23208e-02
-4.47371e-02
-3.17185e-02
-1.54809e-02
2.23608e-03
1.97036e-02
3.48505e-02
4.70256e-02
5.65208e-02
6.40218e-02
6.99205e-02
7.35136e-02
7.44601e-02
7.29389e-02
6.94230e-02
6.42066e-02
5.82583e-02
5.30587e-02
4.95729e-02
4.80483e-02
4.69487e-02
4.38582e-02
3.76991e-02
2.86543e-02
1.76400e-02
6.14126e-03
-4.60436e-03
-1.47557e-02
-2.46124e-02
-3.51567e-02
-4.62334e-02
-5.63700e-02
-6.23679e-02
-6.14543e-02
-5.36351e-02
-4.02939e-02
-2.37288e-02
-6.87671e-03
8.88238e-03
2.23161e-02
3.16385e-02
3.60540e-02
3.60257e-02
3.07832e-02
2.00218e-02
5.99442e-03
-7.72826e-03
-1.68667e-02
-1.86508e-02
-1.28223e-02
-1.79268e-03
1.02555e-02
2.00300e-02
2.63893e-02
2.95288e-02
3.08141e-02
3.08068e-02
3.01065e-02
2.89290e-02
2.85563e-02
3.08816e-02
3.62018e-02
4.36498e-02
5.22813e-02
6.00315e-02
6.46298e-02
6.56001e-02
6.27592e-02
5.52214e-02
4.33257e-02
2.79397e-02
1.03961e-02
-6.63621e-03
-2.07027e-02
-3.09109e-02
-3.79193e-02
-4.20398e-02
-4.34038e-02
-4.18112e-02
-3.78218e-02
-3.14415e-02
-2.30415e-02
-1.43384e-02
-7.35814e-03
-2.88633e-03
-1.02876e-03
-1.71094e-03
-4.39767e-03
-8.82465e-03
-1.40376e-02
-1.71628e-02
-1.64586e-02
-1.18342e-02
-3.96415e-03
5.81773e-03
1.59356e-02
2.45440e-02
2.97566e-02
3.10740e-02
2.83639e-02
2.18970e-02
1.28348e-02
2.61413e-03
-7.82743e-03
-1.66555e-02
-2.26644e-02
-2.64736e-02
-2.94617e-02
-3.27835e-02
-3.79989e-02
-4.46170e-02
-5.13687e-02
-5.69909e-02
-5.95548e-02
-5.83618e-02
-5.39786e-02
-4.75550e-02
-3.97467e-02
-3.07752e-02
-2.10121e-02
-1.16126e-02
-3.60239e-03
1.73605e-03
3.89947e-03
3.23082e-03
6.77240e-04
-2.45544e-03
-3.93088e-03
-1.75533e-03
4.54059e-03
1.30983e-02
2.07259e-02
2.49507e-02
2.49145e-02
2.10317e-02
1.46264e-02
6.52176e-03
-1.57113e-03
-7.04766e-03
-8.43993e-03
-5.72824e-03
-3.15846e-05
7.44475e-03
1.49610e-02
2.07013e-02
2.39281e-02
2.49003e-02
2.40810e-02
2.12647e-02
1.63590e-02
9.98132e-03
3.07757e-03
-3.17509e-03
-7.95623e-03
-1.09701e-02
-1.28270e-02
-1.42368e-02
-1.52620e-02
-1.64280e-02
-1.78483e-02
-1.83494e-02
-1.69877e-02
-1.40486e-02
-1.09668e-02
-9.14000e-03
-8.76607e-03
-9.07341e-03
-8.16279e-03
-4.58260e-03
1.29536e-03
8.31157e-03
1.50023e-02
1.97490e-02
2.22460e-02
2.35608e-02
2.42968e-02
2.47671e-02
2.51361e-02
2.58484e-02
2.72098e-02
2.89387e-02
3.07599e-02
3.11550e-02
2.96469e-02
2.73646e-02
2.41463e-02
2.08685e-02
1.88312e-02
1.87186e-02
2.06358e-02
2.34142e-02
2.49185e-02
2.33635e-02
1.84192e-02
1.05618e-02
1.16876e-03
-7.08535e-03
-1.27740e-02
-1.50240e-02
-1.43188e-02
-1.23857e-02
-1.00681e-02
-8.13577e-03
-8.09730e-03
-1.00005e-02
-1.24962e-02
-1.44489e-02
-1.40428e-02
-1.02468e-02
-3.55085e-03
4.94378e-03
1.34775e-02
2.07230e-02
2.56840e-02
2.79937e-02
2.74892e-02
2.30302e-02
1.45652e-02
3.57531e-03
-6.67157e-03
-1.37522e-02
-1.74695e-02
-1.83740e-02
-1.70272e-02
-1.40033e-02
-9.69933e-03
-5.19669e-03
-1.26957e-03
1.77776e-03
3.54667e-03
4.16079e-03
4.17140e-03
4.09201e-03
4.14989e-03
4.31785e-03
4.47718e-03
4.86318e-03
6.57228e-03
1.06249e-02
1.61678e-02
2.08818e-02
2.32402e-02
2.13024e-02
1.48476e-02
5.83816e-03
-4.08426e-03
-1.32064e-02
-2.02061e-02
-2.35341e-02
-2.33282e-02
-1.98820e-02
-1.34575e-02
-5.82747e-03
6.86043e-04
4.99184e-03
6.97193e-03
7.15637e-03
6.04865e-03
4.73184e-03
4.07157e-03
4.12050e-03
4.46327e-03
4.70130e-03
4.69312e-03
4.32373e-03
2.81267e-03
-8.25468e-04
-6.42740e-03
-1.20902e-02
-1.57056e-02
-1.64045e-02
-1.36893e-02
-8.32895e-03
-2.36057e-03
3.17983e-03
7.80768e-03
1.13382e-02
1.34920e-02
1.41708e-02
1.31717e-02
1.04829e-02
6.01040e-03
2.62360e-04
-5.14753e-03
-8.51788e-03
-9.16908e-03
-6.96883e-03
-3.64757e-03
-5.18490e-04
2.06933e-03
3.65967e-03
4.25020e-03
4.47641e-03
5.10539e-03
5.43630e-03
4.96654e-03
3.34397e-03
5.99862e-04
-3.01558e-03
-7.56435e-03
-1.23732e-02
-1.62822e-02
-1.78359e-02
-1.71575e-02
-1.49468e-02
-1.18924e-02
-8.57707e-03
-5.30031e-03
-2.11768e-03
8.94472e-04
3.29979e-03
5.49163e-03
7.92530e-03
1.04181e-02
1.36817e-02
1.77353e-02
2.19183e-02
2.59635e-02
3.05355e-02
3.60140e-02
4.11345e-02
4.33231e-02
4.10308e-02
3.51048e-02
2.77991e-02
2.19152e-02
1.99003e-02
2.20405e-02
2.68031e-02
3.11273e-02
3.28719e-02
3.15745e-02
2.79987e-02
2.30527e-02
1.80879e-02
1.41993e-02
1.20665e-02
1.11013e-02
9.37483e-03
6.93362e-03
5.15128e-03
5.37724e-03
7.99566e-03
1.26644e-02
1.79350e-02
2.22991e-02
2.49282e-02
2.64657e-02
2.74506e-02
2.80529e-02
2.84059e-02
2.87969e-02
2.99946e-02
3.24116e-02
3.53486e-02
3.65215e-02
3.40422e-02
2.81821e-02
2.06628e-02
1.27345e-02
3.97080e-03
-4.99977e-03
-1.32201e-02
-2.05264e-02
-2.68875e-02
-3.14832e-02
-3.42191e-02
-3.50825e-02
-3.53850e-02
-3.61425e-02
-3.79930e-02
-4.11933e-02
-4.55794e-02
-4.96384e-02
-5.23597e-02
-5.29453e-02
-5.14489e-02
-4.72077e-02
-4.04428e-02
-3.18162e-02
-2.20415e-02
-1.20115e-02
-3.11720e-03
3.45607e-03
7.43028e-03
8.38011e-03
6.82580e-03
4.71572e-03
3.57024e-03
3.58991e-03
4.55820e-03
7.31616e-03
1.21039e-02
1.75303e-02
2.24242e-02
2.67902e-02
2.99597e-02
3.16673e-02
3.28957e-02
3.38241e-02
3.35294e-02
3.15821e-02
2.81955e-02
2.31501e-02
1.62839e-02
9.10683e-03
2.72641e-03
-2.34374e-03
-5.82977e-03
-7.04669e-03
-6.61275e-03
-6.09572e-03
-7.01889e-03
-9.74816e-03
-1.35477e-02
-1.76502e-02
-2.21256e-02
-2.64316e-02
-2.91611e-02
-2.91665e-02
-2.66938e-02
-2.29715e-02
-1.91433e-02
-1.55070e-02
-1.14404e-02
-7.07392e-03
-3.10060e-03
-2.60992e-04
1.73267e-03
3.04881e-03
3.91279e-03
5.28499e-03
7.76953e-03
1.09265e-02
1.36720e-02
1.58374e-02
1.70550e-02
1.63016e-02
1.29583e-02
7.98129e-03
2.23257e-03
-3.96989e-03
-1.02810e-02
-1.60582e-02
-2.16124e-02
-2.75745e-02
-3.39723e-02
-3.98750e-02
-4.43996e-02
-4.69407e-02
-4.77126e-02
-4.73844e-02
-4.62266e-02
-4.46154e-02
-4.18566e-02
-3.80140e-02
-3.37223e-02
-2.89701e-02
-2.38116e-02
-1.76782e-02
-1.14032e-02
-6.36852e-03
-3.53343e-03
-2.73442e-03
-3.17133e-03
-4.43897e-03
-5.55481e-03
-5.31080e-03
-4.06317e-03
-2.91531e-03
-2.40418e-03
-2.58715e-03
-3.70525e-03
-5.30402e-03
-7.22935e-03
-9.65234e-03
-1.19381e-02
-1.39691e-02
-1.54824e-02
-1.55370e-02
-1.44367e-02
-1.32273e-02
-1.19212e-02
-1.05971e-02
-8.96185e-03
-6.61286e-03
-4.21184e-03
-2.06515e-03
-5.43117e-04
-5.55691e-04
-1.68831e-03
-2.69354e-03
-2.38204e-03
-8.36095e-04
2.18076e-03
6.34615e-03
1.06338e-02
1.43540e-02
1.67559e-02
1.76831e-02
1.77127e-02
1.74793e-02
1.73822e-02
1.75499e-02
1.78414e-02
1.80517e-02
1.80988e-02
1.80291e-02
1.79367e-02
1.78873e-02
1.78918e-02
1.77571e-02
1.61428e-02
1.25179e-02
6.45143e-03
-2.03647e-03
-1.11829e-02
-1.87250e-02
-2.43070e-02
-2.78503e-02
-2.93189e-02
-2.87550e-02
-2.65005e-02
-2.33051e-02
-1.98482e-02
-1.64604e-02
-1.32460e-02
-1.08964e-02
-1.05316e-02
-1.23376e-02
-1.48021e-02
-1.63164e-02
-1.64421e-02
-1.50443e-02
-1.23162e-02
-8.88252e-03
-5.37266e-03
-2.78043e-03
-1.56608e-03
-6.25236e-04
1.38309e-03
5.25010e-03
9.75790e-03
1.42030e-02
1.77863e-02
2.03566e-02
2.28837e-02
2.65661e-02
3.05761e-02
3.32837e-02
3.41479e-02
3.29786e-02
2.95357e-02
2.48096e-02
2.03268e-02
1.74337e-02
1.64755e-02
1.67457e-02
1.72635e-02
1.74338e-02
1.71355e-02
1.60416e-02
1.45834e-02
1.34898e-02
1.23091e-02
1.04015e-02
8.27289e-03
6.15886e-03
4.38345e-03
2.60890e-03
3.09739e-04
-1.99091e-03
-4.17654e-03
-6.00267e-03
-7.77770e-03
-1.01643e-02
-1.33048e-02
-1.68201e-02
-1.96161e-02
-2.09558e-02
-2.11755e-02
-2.15064e-02
-2.18372e-02
-2.23874e-02
-2.32630e-02
-2.40845e-02
-2.52220e-02
-2.66266e-02
-2.84368e-02
-3.09062e-02
-3.32416e-02
-3.45839e-02
-3.48088e-02
-3.36917e-02
-3.12196e-02
-2.78992e-02
-2.42403e-02
-1.99522e-02
-1.51091e-02
-9.17402e-03
-2.61442e-03
4.43036e-03
1.12224e-02
1.65875e-02
1.98111e-02
2.15681e-02
2.19954e-02
2.12894e-02
1.90696e-02
1.59820e-02
1.22738e-02
8.11571e-03
4.05727e-03
3.47614e-04
-3.09336e-03
-6.55026e-03
-1.07954e-02
-1.56508e-02
-2.02268e-02
-2.40319e-02
-2.65162e-02
-2.75180e-02
-2.75300e-02
-2.72990e-02
-2.72762e-02
-2.73956e-02
-2.67518e-02
-2.47117e-02
-2.22020e-02
-1.97597e-02
-1.72189e-02
-1.51084e-02
-1.39876e-02
-1.37471e-02
-1.37354e-02
-1.23545e-02
-1.03857e-02
-8.64327e-03
-7.28143e-03
-5.77184e-03
-3.48071e-03
-3.70654e-04
3.21607e-03
6.88919e-03
1.02628e-02
1.19745e-02
1.17042e-02
9.96869e-03
7.89330e-03
5.87616e-03
3.54262e-03
7.05471e-04
-2.48104e-03
-5.10975e-03
-6.37785e-03
-5.73350e-03
-3.31008e-03
1.51203e-04
3.77843e-03
6.40499e-03
7.46930e-03
7.19978e-03
5.05020e-03
1.32020e-03
-2.80582e-03
-6.46658e-03
-9.51489e-03
-1.18369e-02
-1.37371e-02
-1.59621e-02
-1.82717e-02
-1.98684e-02
-2.04806e-02
-1.98431e-02
-1.77404e-02
-1.45644e-02
-1.09122e-02
-6.77386e-03
-2.70253e-03
1.06183e-03
4.40633e-03
6.57807e-03
8.04160e-03
9.91096e-03
1.21291e-02
1.43938e-02
1.69406e-02
1.93266e-02
2.07350e-02
2.04914e-02
1.84935e-02
1.58376e-02
1.28954e-02
9.93731e-03
7.94368e-03
7.21285e-03
7.37435e-03
8.36163e-03
1.03639e-02
1.26446e-02
1.41396e-02
1.45838e-02
1.43888e-02
1.40970e-02
1.39568e-02
1.34467e-02
1.23630e-02
1.12370e-02
9.95241e-03
7.92445e-03
5.00327e-03
1.45049e-03
-2.78334e-03
-6.87699e-03
-9.45726e-03
-1.07870e-02
-1.11543e-02
-1.05792e-02
-9.21824e-03
-6.94649e-03
-3.91518e-03
-5.70067e-04
2.24194e-03
4.32235e-03
5.90724e-03
6.85359e-03
7.19808e-03
7.20512e-03
6.61938e-03
5.40244e-03
3.74013e-03
2.03211e-03
9.66045e-04
6.65738e-04
8.58010e-04
1.73709e-03
3.73522e-03
6.74049e-03
1.02178e-02
1.31390e-02
1.46667e-02
1.49367e-02
1.45380e-02
1.30134e-02
9.85925e-03
5.22590e-03
-5.98328e-04
-6.48780e-03
-1.07136e-02
-1.19943e-02
-1.02434e-02
-6.45318e-03
-1.08754e-03
5.01486e-03
1.06835e-02
1.57674e-02
1.96532e-02
2.17127e-02
2.18302e-02
2.04960e-02
1.86691e-02
1.69032e-02
1.58861e-02
1.56773e-02
1.58715e-02
1.60737e-02
1.65463e-02
1.80695e-02
2.11885e-02
2.53903e-02
2.86903e-02
2.96488e-02
2.79545e-02
2.45477e-02
2.02329e-02
1.54470e-02
1.10019e-02
7.24012e-03
4.37769e-03
2.78208e-03
2.26481e-03
2.27606e-03
2.34393e-03
2.25812e-03
1.61764e-03
-1.85678e-04
-2.67412e-03
-4.53696e-03
-5.15694e-03
-4.86100e-03
-4.33097e-03
-3.66738e-03
-3.05351e-03
-3.24829e-03
-3.64298e-03
-3.50130e-03
-3.23915e-03
-2.25061e-03
-3.38068e-04
1.82433e-03
4.25160e-03
6.46789e-03
7.23223e-03
6.42924e-03
4.51610e-03
2.80471e-03
2.07097e-03
2.20958e-03
3.32753e-03
5.87672e-03
9.12528e-03
1.30734e-02
1.69138e-02
1.94002e-02
1.96009e-02
1.66392e-02
1.09564e-02
4.26332e-03
-1.47073e-03
-5.26545e-03
-7.19714e-03
-8.40516e-03
-9.06490e-03
-8.73848e-03
-7.59994e-03
-5.86017e-03
-4.04878e-03
-2.22845e-03
-5.51186e-04
1.20186e-03
2.58460e-03
3.62746e-03
4.59402e-03
4.71791e-03
4.16944e-03
3.26047e-03
1.88484e-03
4.46820e-04
-1.08821e-03
-2.40324e-03
-2.97383e-03
-2.07421e-03
2.17017e-04
2.53685e-03
3.80259e-03
3.79352e-03
2.48594e-03
6.73393e-04
-1.01375e-03
-1.67233e-03
-1.91435e-03
-2.28552e-03
-2.72140e-03
-3.06359e-03
-3.05404e-03
-2.20526e-03
-9.39955e-04
2.31302e-05
1.68265e-04
-1.05637e-03
-3.68162e-03
-6.94781e-03
-9.65922e-03
-1.18399e-02
-1.39579e-02
-1.56825e-02
-1.66390e-02
-1.69159e-02
-1.64752e-02
-1.45569e-02
-1.18440e-02
-8.97031e-03
-6.18477e-03
-4.38324e-03
-4.66543e-03
-6.86722e-03
-9.31715e-03
-1.08626e-02
-1.17244e-02
-1.15896e-02
-1.09849e-02
-1.10362e-02
-1.11687e-02
-1.09493e-02
-1.05731e-02
-1.00752e-02
-8.79677e-03
-6.73854e-03
-5.28985e-03
-4.42307e-03
-3.83823e-03
-3.50849e-03
-3.36431e-03
-3.30792e-03
-3.47170e-03
-4.58506e-03
-6.81247e-03
-8.84228e-03
-8.94518e-03
-6.71423e-03
-3.07162e-03
8.57948e-04
4.45718e-03
7.48914e-03
9.46500e-03
1.02689e-02
1.01420e-02
8.87641e-03
6.61753e-03
4.31316e-03
2.09196e-03
-2.13859e-04
-2.05406e-03
-2.99553e-03
-3.18745e-03
-3.23518e-03
-4.07894e-03
-5.42337e-03
-5.73567e-03
-4.80949e-03
-3.53920e-03
-2.07845e-03
-6.55305e-04
8.99152e-04
2.38594e-03
3.39925e-03
4.59500e-03
6.67559e-03
8.95106e-03
1.05092e-02
1.18488e-02
1.37193e-02
1.51015e-02
1.58798e-02
1.57276e-02
1.40269e-02
1.10008e-02
7.43995e-03
4.58108e-03
2.63744e-03
2.10357e-03
2.78374e-03
3.65157e-03
4.05303e-03
3.94971e-03
3.72909e-03
4.31770e-03
5.62646e-03
6.71285e-03
6.37689e-03
4.16082e-03
6.12179e-04
-4.04635e-03
-9.06640e-03
-1.34225e-02
-1.62290e-02
-1.80389e-02
-1.99568e-02
-2.12298e-02
-2.12677e-02
-2.00057e-02
-1.82541e-02
-1.68930e-02
-1.49542e-02
-1.25103e-02
-1.06060e-02
-9.01079e-03
-6.93671e-03
-4.80070e-03
-3.46326e-03
-3.08584e-03
-3.26074e-03
-3.42417e-03
-2.75810e-03
-1.92642e-03
-1.26127e-03
4.26887e-05
1.84580e-03
3.25394e-03
3.85008e-03
3.82247e-03
3.58886e-03
3.40157e-03
2.75658e-03
9.90802e-04
-1.31005e-03
-2.98184e-03
-3.54031e-03
-2.72162e-03
-4.94149e-04
2.07982e-03
3.71676e-03
4.12414e-03
3.75638e-03
2.68610e-03
7.20729e-04
-1.55306e-03
-4.21174e-03
-7.14545e-03
-9.29391e-03
-1.02344e-02
-1.02900e-02
-9.99386e-03
-9.17698e-03
-7.35736e-03
-5.12418e-03
-3.50278e-03
-2.26684e-03
-4.97992e-04
1.62931e-03
3.22098e-03
3.89841e-03
3.84298e-03
2.97982e-03
1.53001e-03
-1.62799e-04
-1.81559e-03
-3.36953e-03
-4.28325e-03
-4.06082e-03
-3.27798e-03
-2.18306e-03
-1.46423e-03
-1.78169e-03
-3.11133e-03
-5.39227e-03
-7.98128e-03
-9.78163e-03
-1.04109e-02
-1.02077e-02
-9.31340e-03
-7.43237e-03
-5.03893e-03
-2.86336e-03
-6.45730e-04
1.60735e-03
3.65536e-03
5.97345e-03
8.47993e-03
1.11649e-02
1.43563e-02
1.82199e-02
2.34022e-02
2.83196e-02
3.12321e-02
3.19707e-02
3.10804e-02
2.89066e-02
2.64093e-02
2.48528e-02
2.44863e-02
2.43591e-02
2.35065e-02
2.18925e-02
1.98256e-02
1.82503e-02
1.76147e-02
1.76897e-02
1.76783e-02
1.67551e-02
1.51119e-02
1.30463e-02
1.14172e-02
1.00848e-02
7.91837e-03
5.30477e-03
2.45063e-03
-6.22620e-04
-3.88969e-03
-6.97571e-03
-9.02713e-03
-9.80617e-03
-1.00771e-02
-1.06131e-02
-1.10329e-02
-1.14645e-02
-1.15490e-02
-1.16209e-02
-1.11710e-02
-1.04083e-02
-9.81467e-03
-9.19075e-03
-7.33967e-03
-4.66427e-03
-1.97028e-03
1.20434e-04
1.86579e-03
3.20797e-03
3.94103e-03
4.16866e-03
4.16052e-03
4.33612e-03
5.52737e-03
7.85634e-03
1.03077e-02
1.26497e-02
1.50435e-02
1.69294e-02
1.76727e-02
1.67066e-02
1.39517e-02
9.51849e-03
4.52753e-03
3.42917e-04
-2.04100e-03
-2.67171e-03
-2.00545e-03
4.11482e-04
4.13508e-03
7.93765e-03
1.05311e-02
1.15669e-02
1.21610e-02
1.23121e-02
1.18364e-02
1.04978e-02
8.06478e-03
4.76138e-03
1.21128e-03
-1.46073e-03
-2.72615e-03
-3.66461e-03
-5.54460e-03
-8.62991e-03
-1.22939e-02
-1.51979e-02
-1.65257e-02
-1.65711e-02
-1.61391e-02
-1.58188e-02
-1.52409e-02
-1.49526e-02
-1.45845e-02
-1.31521e-02
-1.11817e-02
-9.73717e-03
-9.12013e-03
-8.51765e-03
-8.28597e-03
-8.61688e-03
-8.29637e-03
-6.49347e-03
-4.13250e-03
-2.51236e-03
-2.02157e-03
-2.26739e-03
-2.65471e-03
-2.81751e-03
-2.71861e-03
-2.51284e-03
-2.36130e-03
-2.32711e-03
-2.37769e-03
-2.36378e-03
-1.72825e-03
-1.23322e-03
-1.45393e-03
-2.01188e-03
-2.45515e-03
-2.60202e-03
-2.52339e-03
-2.30341e-03
-1.47338e-03
-1.54956e-04
1.51571e-03
2.55648e-03
2.84971e-03
2.67134e-03
2.52075e-03
3.02735e-03
3.82107e-03
4.40890e-03
4.60991e-03
4.53193e-03
4.38108e-03
4.30117e-03
4.32116e-03
4.39279e-03
4.40227e-03
3.74300e-03
1.87838e-03
-4.66053e-04
-2.10397e-03
-2.64418e-03
-2.45030e-03
-2.04535e-03
-1.24665e-03
4.77029e-04
2.67644e-03
4.79048e-03
5.98251e-03
5.75701e-03
4.84420e-03
3.50372e-03
1.46363e-03
-8.38486e-04
-3.53609e-03
-6.47745e-03
-8.59162e-03
-1.00698e-02
-1.18488e-02
-1.33843e-02
-1.43284e-02
-1.51295e-02
-1.56773e-02
-1.53078e-02
-1.34954e-02
-1.10608e-02
-9.27048e-03
-8.05524e-03
-6.93864e-03
-5.58837e-03
-4.50572e-03
-3.86660e-03
-3.23054e-03
-3.24769e-03
-4.14631e-03
-5.17745e-03
-5.70673e-03
-5.08683e-03
-2.93681e-03
2.96946e-04
3.31857e-03
5.03465e-03
6.00769e-03
7.52360e-03
9.58429e-03
1.12693e-02
1.21350e-02
1.28479e-02
1.39387e-02
1.55047e-02
1.72862e-02
1.85510e-02
1.90775e-02
1.90854e-02
1.82735e-02
1.62042e-02
1.30922e-02
9.50565e-03
6.04919e-03
3.97120e-03
3.84668e-03
4.70313e-03
5.44815e-03
5.62045e-03
5.30486e-03
4.31640e-03
2.38659e-03
6.69635e-04
-2.62841e-04
-8.84747e-04
-1.25628e-03
-1.48444e-03
-2.24506e-03
-4.23916e-03
-7.33553e-03
-1.08882e-02
-1.38580e-02
-1.53324e-02
-1.48505e-02
-1.24809e-02
-8.35190e-03
-4.00444e-03
-6.09839e-04
2.00347e-03
3.78930e-03
4.66668e-03
4.92136e-03
4.94453e-03
4.98990e-03
5.15620e-03
5.45959e-03
6.50139e-03
8.67807e-03
1.12092e-02
1.42689e-02
1.73699e-02
2.01216e-02
2.27179e-02
2.40176e-02
2.30787e-02
2.09166e-02
1.84247e-02
1.56261e-02
1.19816e-02
8.31631e-03
5.24266e-03
2.48115e-03
1.69748e-04
-2.52412e-03
-5.38729e-03
-7.34313e-03
-8.07327e-03
-7.98912e-03
-7.68940e-03
-7.55097e-03
-7.63404e-03
-7.72386e-03
-6.96369e-03
-4.89761e-03
-2.48559e-03
-9.02133e-04
-4.44082e-04
-6.88839e-04
-1.18360e-03
-2.11767e-03
-2.54157e-03
-2.00211e-03
-1.15035e-03
-5.01006e-04
3.29919e-04
7.71590e-04
1.11244e-03
1.73794e-03
2.35814e-03
2.72977e-03
2.83206e-03
2.87141e-03
3.61345e-03
5.01639e-03
6.83220e-03
7.83577e-03
7.53816e-03
6.69769e-03
5.98515e-03
5.03692e-03
3.90893e-03
3.06711e-03
1.99294e-03
7.63915e-04
5.06201e-04
7.60469e-04
1.40113e-03
2.40715e-03
3.76645e-03
4.58220e-03
4.93150e-03
4.64372e-03
3.74953e-03
2.21755e-03
5.52681e-04
-4.87088e-04
-8.43812e-04
-1.55886e-03
-3.42014e-03
-5.65831e-03
-7.16692e-03
-7.63838e-03
-7.44024e-03
-7.01872e-03
-6.15157e-03
-5.62357e-03
-5.31124e-03
-4.82475e-03
-4.34771e-03
-4.05628e-03
-4.01147e-03
-4.11723e-03
-4.22550e-03
-4.26164e-03
-4.31350e-03
-5.01435e-03
-6.13823e-03
-6.44918e-03
-6.45828e-03
-7.46851e-03
-9.18201e-03
-1.05761e-02
-1.12131e-02
-1.12494e-02
-1.09961e-02
-1.02185e-02
-8.96145e-03
-7.86661e-03
-6.77874e-03
-5.51503e-03
-3.95631e-03
-2.22827e-03
-1.02263e-03
-5.66359e-04
-6.17966e-04
-8.49271e-04
-1.46698e-03
-1.98588e-03
-1.71531e-03
-1.06884e-03
-5.58912e-04
-3.57982e-04
-4.02413e-04
-4.72732e-04
1.42215e-04
2.00454e-03
3.85135e-03
4.35509e-03
3.81844e-03
3.07091e-03
2.63046e-03
2.62753e-03
3.37742e-03
4.28314e-03
4.95183e-03
5.66918e-03
6.24013e-03
6.52486e-03
6.58075e-03
6.49038e-03
5.74073e-03
3.77808e-03
1.27930e-03
-1.11466e-03
-3.58409e-03
-5.86213e-03
-7.89919e-03
-1.02263e-02
-1.26583e-02
-1.54685e-02
-1.85631e-02
-2.07918e-02
-2.16379e-02
-2.09604e-02
-1.93653e-02
-1.80485e-02
-1.75702e-02
-1.77454e-02
-1.80795e-02
-1.78054e-02
-1.65493e-02
-1.51380e-02
-1.43174e-02
-1.45996e-02
-1.55614e-02
-1.58628e-02
-1.54717e-02
-1.48892e-02
-1.45114e-02
-1.44406e-02
-1.45586e-02
-1.46462e-02
-1.41696e-02
-1.24342e-02
-9.04798e-03
-4.70765e-03
-1.42516e-03
3.25411e-04
1.38888e-03
2.49843e-03
4.10958e-03
6.04356e-03
8.09052e-03
9.54760e-03
1.05367e-02
1.12147e-02
1.10170e-02
1.03676e-02
9.83653e-03
9.25301e-03
8.61577e-03
8.33110e-03
7.79617e-03
6.67889e-03
4.59625e-03
2.03654e-03
1.72804e-04
-5.44733e-04
-8.18461e-04
-1.60362e-03
-2.67621e-03
-3.18581e-03
-2.43805e-03
-1.15033e-03
-2.35380e-04
3.97698e-05
-1.56742e-04
-4.61472e-04
-5.93869e-04
-4.78425e-04
-2.58668e-04
-4.10435e-04
-1.77494e-03
-4.20060e-03
-6.69955e-03
-8.92495e-03
-1.06377e-02
-1.21476e-02
-1.32738e-02
-1.38532e-02
-1.40065e-02
-1.39722e-02
-1.36437e-02
-1.26485e-02
-1.15091e-02
-1.07959e-02
-1.05919e-02
-1.06616e-02
-1.10947e-02
-1.21865e-02
-1.33569e-02
-1.40393e-02
-1.41676e-02
-1.40039e-02
-1.38350e-02
-1.38165e-02
-1.36486e-02
-1.24739e-02
-1.02805e-02
-7.97458e-03
-5.63659e-03
-3.37793e-03
-2.18754e-03
-1.26900e-03
2.14334e-04
2.04224e-03
4.13763e-03
5.91294e-03
6.62434e-03
5.77335e-03
4.04370e-03
2.20124e-03
1.71158e-03
3.22626e-03
5.51059e-03
7.08588e-03
7.44439e-03
7.01292e-03
6.48135e-03
6.26276e-03
6.37677e-03
6.42227e-03
5.46466e-03
3.30953e-03
1.09190e-03
-1.77603e-04
-4.03839e-04
-8.60095e-05
4.05156e-05
-6.32342e-04
-1.12633e-03
-1.13775e-03
-1.36813e-03
-1.29092e-03
-7.48966e-04
-1.72021e-04
-2.70945e-05
-7.99051e-04
-1.40581e-03
-1.14774e-03
-3.80794e-04
1.02188e-03
3.28163e-03
5.66872e-03
7.95804e-03
1.04517e-02
1.26223e-02
1.38442e-02
1.40756e-02
1.31352e-02
1.15618e-02
9.70117e-03
8.07471e-03
7.30480e-03
7.96366e-03
9.50278e-03
1.14237e-02
1.30949e-02
1.38554e-02
1.31470e-02
1.15115e-02
9.49169e-03
7.82031e-03
6.98143e-03
6.18330e-03
5.21916e-03
5.13519e-03
5.99072e-03
7.03640e-03
8.42537e-03
1.04830e-02
1.26260e-02
1.39964e-02
1.43769e-02
1.40964e-02
1.31015e-02
1.11028e-02
8.79994e-03
7.26890e-03
6.74971e-03
6.35307e-03
5.53586e-03
5.15558e-03
5.21133e-03
5.52354e-03
6.27449e-03
7.01702e-03
7.37446e-03
7.33746e-03
7.14432e-03
7.00864e-03
7.00170e-03
7.07868e-03
7.16081e-03
7.19958e-03
7.19330e-03
7.22131e-03
7.83703e-03
9.16119e-03
1.10023e-02
1.29372e-02
1.42030e-02
1.46069e-02
1.44803e-02
1.42404e-02
1.37151e-02
1.25944e-02
1.10534e-02
9.22238e-03
6.95557e-03
3.56843e-03
3.85301e-04
-8.23161e-04
-3.83724e-04
5.26930e-04
1.05895e-03
1.02748e-03
6.95505e-04
4.20368e-04
8.12026e-04
2.56401e-03
5.16441e-03
7.66271e-03
1.01346e-02
1.24540e-02
1.39706e-02
1.45052e-02
1.43793e-02
1.36780e-02
1.23943e-02
1.09477e-02
9.32650e-03
8.35014e-03
8.51945e-03
9.27156e-03
1.11337e-02
1.32147e-02
1.42197e-02
1.34586e-02
1.15711e-02
9.29113e-03
7.35187e-03
5.70263e-03
4.30564e-03
2.81701e-03
1.24637e-03
-5.52564e-04
-2.03127e-03
-2.52954e-03
-1.59817e-03
-3.21193e-04
-2.60294e-04
-1.52119e-03
-3.64888e-03
-5.58005e-03
-6.52937e-03
-6.55968e-03
-6.19869e-03
-5.92221e-03
-5.70646e-03
-4.71840e-03
-2.63128e-03
-4.58584e-04
8.26351e-04
1.10968e-03
6.51906e-04
-7.85874e-04
-3.11108e-03
-5.22632e-03
-6.30227e-03
-6.41202e-03
-6.15000e-03
-5.90851e-03
-5.08651e-03
-3.09311e-03
-7.75920e-04
7.35022e-04
1.17738e-03
9.69193e-04
7.39796e-04
1.30680e-03
1.91064e-03
1.93029e-03
2.13978e-03
2.18900e-03
1.74048e-03
1.18032e-03
7.68663e-04
1.04923e-05
-1.17097e-03
-2.22701e-03
-3.33670e-03
-4.62826e-03
-5.62023e-03
-6.06663e-03
-6.09247e-03
-5.96638e-03
-5.88689e-03
-5.90852e-03
-5.98476e-03
-6.04819e-03
-6.06473e-03
-6.04174e-03
-6.00684e-03
-5.92970e-03
-5.28985e-03
-4.02778e-03
-2.88486e-03
-2.36832e-03
-2.89470e-03
-4.31651e-03
-5.60583e-03
-5.30624e-03
-2.88798e-03
-5.81730e-04
-2.10082e-04
-1.68188e-03
-4.07182e-03
-5.90106e-03
-6.52740e-03
-6.26399e-03
-5.77165e-03
-5.53425e-03
-6.04059e-03
-7.02786e-03
-7.70698e-03
-8.43620e-03
-9.49003e-03
-1.09980e-02
-1.22573e-02
-1.28115e-02
-1.27909e-02
-1.25283e-02
-1.14960e-02
-9.19255e-03
-6.91698e-03
-5.68191e-03
-5.50733e-03
-5.84103e-03
-6.14000e-03
-6.17355e-03
-6.00410e-03
-5.80630e-03
-5.70448e-03
-5.71523e-03
-5.78187e-03
-5.83883e-03
-5.85434e-03
-5.83467e-03
-5.80423e-03
-5.78326e-03
-5.77771e-03
-5.77925e-03
-5.47054e-03
-4.68950e-03
-4.49282e-03
-4.95562e-03
-5.24424e-03
-4.50266e-03
-3.25241e-03
-2.30115e-03
-1.95858e-03
-1.75195e-03
-8.86766e-04
2.77532e-04
1.12415e-03
1.43885e-03
1.37494e-03
8.93365e-04
-2.91930e-04
-1.86625e-03
-3.69203e-03
-5.11339e-03
-5.75339e-03
-6.09339e-03
-6.99739e-03
-8.17128e-03
-9.02659e-03
-9.03942e-03
-7.88897e-03
-6.43137e-03
-5.51768e-03
-5.32946e-03
-5.56137e-03
-5.82361e-03
-5.90660e-03
-5.81778e-03
-5.67458e-03
-5.58106e-03
-5.56909e-03
-5.60889e-03
-5.65281e-03
-5.66858e-03
-5.34342e-03
-4.22240e-03
-2.59958e-03
-6.78785e-04
8.13777e-04
1.47334e-03
1.77598e-03
2.89345e-03
5.06272e-03
7.15947e-03
8.31045e-03
8.82606e-03
9.38566e-03
9.38335e-03
8.89283e-03
8.03840e-03
6.35942e-03
4.03581e-03
2.42259e-03
2.27809e-03
2.72742e-03
3.60389e-03
4.42609e-03
4.50170e-03
3.38896e-03
1.63554e-03
-3.37395e-04
-2.11864e-03
-3.81678e-03
-5.04704e-03
-5.87082e-03
-7.28170e-03
-9.52079e-03
-1.15648e-02
-1.26475e-02
-1.28051e-02
-1.25227e-02
-1.19523e-02
-1.08186e-02
-9.34818e-03
-7.61240e-03
-5.95623e-03
-3.96161e-03
-1.88098e-03
-1.05514e-03
-1.42117e-03
-1.82415e-03
-1.15909e-03
4.39364e-04
2.58284e-03
4.29475e-03
5.34280e-03
6.39061e-03
7.36205e-03
7.98646e-03
8.23216e-03
8.24737e-03
8.20218e-03
8.18920e-03
7.91080e-03
7.17534e-03
6.69764e-03
6.07900e-03
5.70233e-03
6.01707e-03
6.35758e-03
7.01012e-03
7.76143e-03
8.24427e-03
8.06881e-03
7.21691e-03
6.61386e-03
5.96408e-03
5.33093e-03
4.94203e-03
5.13575e-03
6.26069e-03
7.59742e-03
8.41772e-03
8.58725e-03
8.39084e-03
8.17338e-03
8.11562e-03
8.51366e-03
9.42022e-03
9.71209e-03
9.32330e-03
8.74368e-03
8.32403e-03
8.18912e-03
8.26023e-03
8.37911e-03
8.12610e-03
7.01132e-03
5.37513e-03
3.49574e-03
2.07951e-03
1.17583e-03
1.05625e-04
-1.27520e-03
-3.06971e-03
-4.61710e-03
-5.41561e-03
-5.53256e-03
-5.34085e-03
-5.17520e-03
-5.16410e-03
-4.89585e-03
-3.83926e-03
-2.61225e-03
-1.84199e-03
-1.64823e-03
-1.79086e-03
-1.97200e-03
-2.03041e-03
-1.98675e-03
-2.34471e-03
-3.48073e-03
-4.68860e-03
-4.92861e-03
-3.40537e-03
-7.94870e-04
1.31561e-03
2.16138e-03
2.00858e-03
1.53873e-03
1.28277e-03
1.74145e-03
2.65725e-03
2.88889e-03
2.47092e-03
2.31036e-03
3.06950e-03
4.16778e-03
4.91892e-03
4.72718e-03
3.48883e-03
2.14505e-03
1.39247e-03
8.90289e-04
4.36691e-04
1.08435e-03
2.42211e-03
2.93780e-03
2.55460e-03
1.87101e-03
9.77302e-04
-2.88282e-04
-1.35783e-03
-1.86407e-03
-1.89287e-03
-1.73761e-03
-1.63122e-03
-1.29901e-03
-6.63748e-04
-2.12048e-04
4.80109e-04
1.19283e-03
1.63387e-03
1.76107e-03
1.70871e-03
1.63218e-03
1.61266e-03
1.64898e-03
1.70026e-03
1.73131e-03
1.73295e-03
1.71720e-03
1.70120e-03
1.69754e-03
2.01470e-03
2.80331e-03
3.00061e-03
2.52708e-03
1.59844e-03
1.36530e-04
-1.51073e-03
-3.26863e-03
-4.57290e-03
-5.17586e-03
-5.25215e-03
-4.82228e-03
-3.66070e-03
-2.42209e-03
-1.71365e-03
-1.59368e-03
-1.77295e-03
-1.94510e-03
-1.97140e-03
-1.88029e-03
-1.76894e-03
-1.70719e-03
-1.39629e-03
-3.37754e-04
9.16352e-04
1.72072e-03
1.93392e-03
1.79349e-03
1.60632e-03
1.54290e-03
1.60596e-03
1.71088e-03
1.77703e-03
1.47114e-03
6.55670e-04
1.12488e-04
-5.31232e-04
-1.54302e-03
-3.13841e-03
-4.61781e-03
-5.74573e-03
-6.97542e-03
-7.79337e-03
-7.39090e-03
-6.30653e-03
-5.37281e-03
-5.01375e-03
-5.17052e-03
-5.18158e-03
-4.28922e-03
-3.31651e-03
-3.48053e-03
-4.45436e-03
-5.70061e-03
-7.22489e-03
-8.47163e-03
-9.03188e-03
-8.69508e-03
-7.41048e-03
-6.04209e-03
-5.05085e-03
-3.93970e-03
-2.88661e-03
-2.21807e-03
-1.92812e-03
-2.12703e-03
-3.14593e-03
-4.42920e-03
-5.26913e-03
-5.48804e-03
-5.01808e-03
-3.71980e-03
-2.61268e-03
-2.91044e-03
-4.13094e-03
-5.23470e-03
-5.69090e-03
-5.58101e-03
-5.26992e-03
-5.06307e-03
-5.05587e-03
-5.17416e-03
-5.29637e-03
-5.34778e-03
-5.12845e-03
-4.12874e-03
-2.78233e-03
-1.83519e-03
-1.53002e-03
-1.65261e-03
-1.55388e-03
-5.33329e-04
5.46246e-04
3.92026e-04
-6.42012e-04
-1.63971e-03
-2.07972e-03
-1.96060e-03
-1.61893e-03
-1.63555e-03
-2.60746e-03
-4.00157e-03
-5.00253e-03
-5.51297e-03
-6.06959e-03
-6.15577e-03
-5.87859e-03
-6.23075e-03
-7.17176e-03
-8.04508e-03
-8.46787e-03
-8.46995e-03
-8.29236e-03
-8.15383e-03
-8.13592e-03
-7.96143e-03
-7.10367e-03
-5.94352e-03
-5.11844e-03
-4.82148e-03
-4.83956e-03
-4.94296e-03
-4.78660e-03
-3.75506e-03
-2.36505e-03
-1.41808e-03
-1.13066e-03
-1.31070e-03
-1.59645e-03
-1.73904e-03
-1.70178e-03
-1.58136e-03
-1.48627e-03
-1.46392e-03
-1.49626e-03
-1.29324e-03
-2.75660e-04
1.03477e-03
1.92258e-03
2.18704e-03
2.04918e-03
1.52671e-03
6.59620e-04
5.19557e-04
7.85092e-04
3.76443e-04
-5.56076e-04
-1.16680e-03
-5.13622e-04
1.14655e-03
3.31898e-03
5.29552e-03
7.00281e-03
8.12483e-03
8.56718e-03
8.58011e-03
8.19775e-03
7.16963e-03
6.05747e-03
5.40569e-03
5.27704e-03
5.44429e-03
5.64835e-03
5.70696e-03
5.35756e-03
4.18662e-03
2.50518e-03
5.90261e-04
-1.10305e-03
-2.70299e-03
-3.65169e-03
-3.21670e-03
-2.08605e-03
-1.20724e-03
-1.19014e-03
-2.31194e-03
-3.45495e-03
-3.23582e-03
-2.06379e-03
-9.47200e-04
-4.40564e-04
-5.04134e-04
-7.97952e-04
-1.01497e-03
-1.04308e-03
-9.40411e-04
-8.22475e-04
-7.67515e-04
-1.02997e-03
-2.09547e-03
-3.10124e-03
-2.88029e-03
-1.45462e-03
6.93754e-04
2.47693e-03
3.28744e-03
3.25742e-03
2.95212e-03
2.78547e-03
2.85362e-03
3.04248e-03
3.17825e-03
3.17385e-03
3.09939e-03
3.01019e-03
2.97146e-03
2.70123e-03
1.72135e-03
4.32599e-04
-4.90431e-04
-7.94259e-04
-6.28582e-04
-5.43647e-04
-1.34434e-03
-2.68015e-03
-3.47116e-03
-3.12011e-03
-2.47385e-03
-1.54810e-03
-4.03279e-04
8.17486e-04
1.36417e-03
1.52568e-03
1.00749e-03
2.43787e-04
-2.61189e-04
-8.91412e-05
1.11079e-03
2.50406e-03
3.31883e-03
3.77665e-03
4.70265e-03
5.83562e-03
6.64463e-03
6.95683e-03
6.92088e-03
6.47161e-03
5.30458e-03
4.04162e-03
3.27466e-03
3.04808e-03
3.12546e-03
3.24491e-03
3.26735e-03
3.19183e-03
2.77890e-03
1.62153e-03
7.84716e-05
-1.75208e-03
-2.97357e-03
-2.66779e-03
-1.45665e-03
-4.62129e-04
-1.57610e-04
-3.75768e-04
-7.19241e-04
-9.04419e-04
-8.77221e-04
-7.40844e-04
-6.36639e-04
-6.67152e-04
-7.92578e-04
-9.13040e-04
-9.70606e-04
-9.67306e-04
-9.37616e-04
-9.14396e-04
-9.10845e-04
-9.21908e-04
-9.35707e-04
-9.57819e-04
-1.01205e-03
-1.04874e-03
-1.08867e-03
-1.33893e-03
-2.32972e-03
-3.65710e-03
-4.41171e-03
-3.84240e-03
-2.51633e-03
-1.43874e-03
-1.05082e-03
-1.20001e-03
-1.50300e-03
-1.56930e-03
-6.83280e-04
7.82047e-04
1.92895e-03
2.41070e-03
2.33941e-03
2.05170e-03
1.85405e-03
1.93232e-03
2.76364e-03
3.40081e-03
3.26872e-03
3.48046e-03
4.36684e-03
5.31019e-03
5.85359e-03
6.03965e-03
6.71123e-03
7.90013e-03
8.92324e-03
9.32725e-03
8.68129e-03
8.00670e-03
7.52324e-03
6.89983e-03
6.36131e-03
6.07020e-03
5.46872e-03
4.32260e-03
3.24476e-03
2.67179e-03
2.59679e-03
2.79744e-03
2.97473e-03
2.44225e-03
1.14156e-03
-9.31158e-05
-7.66761e-04
-1.42920e-03
-2.45915e-03
-3.37502e-03
-3.82088e-03
-3.86995e-03
-4.28769e-03
-5.41105e-03
-6.56842e-03
-7.20803e-03
-7.71097e-03
-8.24934e-03
-8.10042e-03
-7.52014e-03
-7.01623e-03
-6.82419e-03
-6.88678e-03
-7.02612e-03
-7.05815e-03
-6.53539e-03
-5.23884e-03
-3.90284e-03
-3.14597e-03
-2.99134e-03
-3.10876e-03
-3.21996e-03
-3.19317e-03
-2.61677e-03
-8.51213e-04
1.63770e-03
3.54005e-03
3.90353e-03
2.65534e-03
1.04885e-03
1.67357e-04
1.59833e-04
5.82483e-04
9.48594e-04
1.05978e-03
1.00392e-03
9.34820e-04
1.27862e-03
2.19067e-03
2.54779e-03
2.17141e-03
1.61113e-03
1.27724e-03
1.24850e-03
1.72302e-03
3.03388e-03
4.46161e-03
5.29887e-03
5.16268e-03
3.93578e-03
2.52200e-03
1.71232e-03
1.61192e-03
1.58957e-03
8.51768e-04
8.36532e-05
3.95304e-05
1.86233e-04
5.75782e-04
4.96500e-04
-1.43181e-04
-8.25188e-04
-1.19503e-03
-1.42697e-03
-2.22935e-03
-3.34952e-03
-4.18156e-03
-4.54812e-03
-4.36169e-03
-3.24638e-03
-1.79714e-03
-8.68854e-04
-8.38461e-04
-1.99326e-03
-3.52842e-03
-4.50120e-03
-4.69467e-03
-4.44780e-03
-4.42228e-03
-5.37083e-03
-6.84104e-03
-7.95571e-03
-8.16498e-03
-7.10109e-03
-5.54285e-03
-4.32571e-03
-3.19418e-03
-2.43300e-03
-2.61898e-03
-2.82278e-03
-2.60822e-03
-2.79202e-03
-2.97534e-03
-3.30218e-03
-3.92589e-03
-3.82197e-03
-2.79469e-03
-9.98450e-04
8.02602e-04
1.80270e-03
1.95677e-03
1.69192e-03
1.44464e-03
1.40773e-03
1.53713e-03
1.69371e-03
1.77536e-03
1.76594e-03
1.70357e-03
1.60211e-03
1.54755e-03
1.57842e-03
1.64445e-03
1.69336e-03
1.70616e-03
1.69328e-03
1.67517e-03
1.66580e-03
1.66133e-03
1.52440e-03
6.28600e-04
-8.48485e-04
-2.64242e-03
-4.30035e-03
-4.70364e-03
-3.72298e-03
-2.44311e-03
-1.70779e-03
-1.65039e-03
-1.90891e-03
-2.10087e-03
-2.09603e-03
-1.95820e-03
-1.81228e-03
-1.74011e-03
-1.74845e-03
-1.79950e-03
-1.88537e-03
-1.98830e-03
-2.05924e-03
-2.08114e-03
-2.12448e-03
-2.74246e-03
-4.00362e-03
-5.10414e-03
-5.04062e-03
-3.75026e-03
-1.81588e-03
-4.19850e-04
-4.15535e-04
-1.16381e-03
-1.28190e-03
-2.90556e-04
9.99952e-04
1.83757e-03
2.09035e-03
2.52855e-03
3.54490e-03
4.58844e-03
5.20211e-03
5.34538e-03
5.26885e-03
5.18075e-03
5.18035e-03
5.28354e-03
5.41016e-03
5.52684e-03
5.62397e-03
5.67660e-03
5.68718e-03
5.67859e-03
5.67194e-03
5.62188e-03
5.00140e-03
3.78484e-03
2.68947e-03
2.16500e-03
2.13465e-03
1.74580e-03
6.60905e-04
-4.30060e-04
-9.97455e-04
-1.04164e-03
-8.43196e-04
-6.70951e-04
-6.33762e-04
-6.61937e-04
-6.63964e-04
-6.30016e-04
-5.83348e-04
-5.46981e-04
-5.30616e-04
-5.30637e-04
-5.37385e-04
-4.89338e-04
1.43801e-04
1.41368e-03
2.56587e-03
3.12911e-03
3.15329e-03
2.95069e-03
2.79691e-03
2.79595e-03
2.99076e-03
3.81283e-03
5.16250e-03
6.25188e-03
6.73572e-03
6.72016e-03
6.48972e-03
6.31889e-03
6.30817e-03
6.35101e-03
5.81912e-03
4.59648e-03
3.43262e-03
2.83148e-03
2.83096e-03
3.66099e-03
5.09372e-03
6.21051e-03
5.99917e-03
4.02302e-03
1.35687e-03
-4.96021e-04
-9.93728e-04
-1.05978e-04
9.95434e-04
1.07440e-03
3.71293e-04
-4.07891e-04
-8.08980e-04
-8.13611e-04
-1.05697e-03
-2.06992e-03
-3.22076e-03
-3.91567e-03
-4.10501e-03
-3.97467e-03
-3.74891e-03
-3.58494e-03
-3.51528e-03
-3.12693e-03
-1.99728e-03
-7.35016e-04
6.68768e-05
7.39347e-04
2.25501e-03
4.51054e-03
6.36092e-03
6.76691e-03
5.64205e-03
4.65310e-03
5.04565e-03
6.24168e-03
7.26605e-03
7.26313e-03
6.04211e-03
4.60480e-03
3.80158e-03
3.75928e-03
3.66983e-03
2.79949e-03
1.68698e-03
9.46203e-04
7.20870e-04
8.66804e-04
1.09663e-03
1.21548e-03
1.19401e-03
1.10633e-03
1.03604e-03
1.02175e-03
1.08024e-03
1.17181e-03
1.24787e-03
1.70434e-03
2.39907e-03
2.39591e-03
1.89354e-03
1.39181e-03
1.16454e-03
1.21053e-03
9.94151e-04
3.91422e-04
-1.22580e-04
-9.02698e-04
-1.31256e-03
-9.81620e-04
-9.09576e-04
-9.12840e-04
-6.42565e-04
-5.18052e-04
2.81877e-05
7.85280e-04
1.32759e-03
1.82919e-03
2.87120e-03
4.04814e-03
4.81602e-03
5.36456e-03
6.36821e-03
7.50996e-03
8.59018e-03
9.94604e-03
1.11475e-02
1.17491e-02
1.18068e-02
1.16584e-02
1.15840e-02
1.16027e-02
1.16628e-02
1.17110e-02
1.14101e-02
1.03197e-02
9.06159e-03
8.24358e-03
8.00500e-03
8.12722e-03
8.30823e-03
8.08139e-03
6.66862e-03
4.21832e-03
2.06783e-03
1.00948e-03
9.34192e-04
1.30178e-03
1.62493e-03
1.66594e-03
1.53649e-03
1.38106e-03
1.27847e-03
1.30403e-03
1.43300e-03
1.60946e-03
1.72091e-03
1.71392e-03
1.68379e-03
1.37404e-03
6.20407e-04
1.47168e-04
-4.54592e-04
-1.12470e-03
-1.58263e-03
-1.74664e-03
-1.42945e-03
-3.18306e-04
9.83200e-04
1.49439e-03
6.06300e-04
-5.46034e-04
-5.16241e-04
4.98874e-04
1.87495e-03
3.45790e-03
4.68816e-03
5.24955e-03
5.23459e-03
4.71462e-03
3.55447e-03
2.38731e-03
1.75577e-03
1.67846e-03
1.86356e-03
2.02371e-03
2.04230e-03
2.24558e-03
3.16270e-03
4.31196e-03
5.08341e-03
5.31644e-03
5.20855e-03
5.03898e-03
4.97110e-03
4.72941e-03
3.80715e-03
2.67926e-03
1.93617e-03
1.72338e-03
1.83951e-03
2.01026e-03
2.07674e-03
2.00754e-03
1.84160e-03
1.69121e-03
1.62809e-03
1.64469e-03
1.69171e-03
1.72586e-03
1.75457e-03
1.81821e-03
1.58059e-03
5.37679e-04
-7.30268e-04
-1.54653e-03
-1.75569e-03
-1.59889e-03
-1.39412e-03
-1.34169e-03
-1.45681e-03
-1.59762e-03
-1.68783e-03
-1.68472e-03
-1.66623e-03
-1.67240e-03
-2.00804e-03
-3.10303e-03
-4.32696e-03
-5.36684e-03
-6.60328e-03
-7.71320e-03
-8.33639e-03
-8.48599e-03
-8.39903e-03
-8.30299e-03
-8.29658e-03
-8.36044e-03
-8.43041e-03
-8.46133e-03
-8.45159e-03
-8.73237e-03
-9.48576e-03
-9.68584e-03
-8.95479e-03
-7.28769e-03
-5.66185e-03
-4.76678e-03
-4.31082e-03
-3.44658e-03
-2.37503e-03
-1.58723e-03
-1.26052e-03
-1.26879e-03
-1.38606e-03
-1.45339e-03
-1.43154e-03
-1.36224e-03
-1.30230e-03
-1.28019e-03
-1.29006e-03
-1.30957e-03
-1.31760e-03
-1.00045e-03
-2.28974e-04
-7.98534e-05
-5.55081e-04
-8.15285e-04
-3.49004e-04
-1.73255e-04
-8.22148e-04
-2.40221e-03
-4.00981e-03
-4.58795e-03
-3.64129e-03
-2.15165e-03
-1.12470e-03
-5.96809e-04
1.90641e-04
1.08790e-03
1.38311e-03
5.33638e-04
-7.64313e-04
-1.64708e-03
-1.88638e-03
-1.67223e-03
-1.39045e-03
-1.29842e-03
-1.37286e-03
-1.53845e-03
-1.67902e-03
-1.72857e-03
-1.78954e-03
-2.04817e-03
-2.37985e-03
-2.62703e-03
-2.46039e-03
-1.42354e-03
-1.41283e-04
3.73654e-04
-1.98173e-04
-5.54489e-04
-6.23996e-04
-9.42518e-04
-1.10731e-03
-1.31558e-03
-1.27824e-03
-1.64887e-03
-2.34156e-03
-2.91678e-03
-2.85201e-03
-2.04501e-03
-1.43685e-03
-7.84520e-04
-1.40837e-04
2.23261e-04
2.92215e-04
2.21836e-04
1.60398e-04
1.88890e-04
3.18706e-04
1.53014e-04
-5.64386e-04
-8.20725e-04
-4.42599e-04
1.42755e-04
4.99811e-04
5.57049e-04
4.71901e-04
3.69876e-04
3.48364e-04
3.82720e-04
4.70780e-04
5.40994e-04
5.37009e-04
5.30490e-04
5.49942e-04
5.82385e-04
6.10763e-04
6.27307e-04
6.33590e-04
6.33041e-04
3.19751e-04
-7.71598e-04
-2.03052e-03
-2.78022e-03
-2.62531e-03
-1.32148e-03
2.18819e-04
1.11596e-03
1.21949e-03
9.70284e-04
1.17719e-03
1.91117e-03
2.53525e-03
3.33031e-03
3.62874e-03
3.26415e-03
2.84051e-03
2.10035e-03
1.37742e-03
9.86612e-04
9.33358e-04
1.04022e-03
1.13460e-03
1.14550e-03
1.09751e-03
1.36020e-03
2.75024e-03
5.14691e-03
6.96606e-03
6.91315e-03
5.36915e-03
3.10332e-03
1.34495e-03
6.87859e-04
8.63738e-04
1.27429e-03
1.49178e-03
1.42814e-03
1.22519e-03
1.03985e-03
1.23364e-03
2.29413e-03
3.60823e-03
4.46431e-03
4.71239e-03
4.63151e-03
4.48971e-03
4.41810e-03
4.48854e-03
4.60974e-03
4.64293e-03
4.27624e-03
3.41499e-03
2.86073e-03
2.54647e-03
2.98825e-03
3.84777e-03
4.51440e-03
4.40806e-03
3.14353e-03
1.90424e-03
2.03889e-03
3.13888e-03
4.21394e-03
5.01984e-03
5.74282e-03
5.65291e-03
4.97388e-03
4.33884e-03
3.77022e-03
2.75483e-03
1.65964e-03
6.57924e-04
-3.46847e-04
-8.45204e-04
-1.43190e-03
-2.12624e-03
-2.64405e-03
-2.86845e-03
-2.87254e-03
-2.80023e-03
-3.06553e-03
-4.16514e-03
-5.48645e-03
-6.35236e-03
-6.61716e-03
-6.45953e-03
-6.22857e-03
-6.18092e-03
-6.28344e-03
-6.36733e-03
-6.37057e-03
-6.62620e-03
-7.34004e-03
-7.48922e-03
-7.00487e-03
-6.39747e-03
-5.78111e-03
-4.94257e-03
-4.79513e-03
-5.68292e-03
-7.40418e-03
-9.07176e-03
-9.66100e-03
-8.90072e-03
-8.08883e-03
-7.33455e-03
-6.84095e-03
-7.38826e-03
-8.60579e-03
-9.43887e-03
-8.87030e-03
-7.40346e-03
-6.14571e-03
-5.43822e-03
-4.80192e-03
-4.56745e-03
-4.18994e-03
-3.48809e-03
-2.83192e-03
-2.27510e-03
-1.46143e-03
-1.18549e-03
-1.63541e-03
-2.06663e-03
-1.49537e-03
-2.28231e-04
8.55233e-04
1.11993e-03
1.12920e-04
-1.43923e-03
-2.53499e-03
-2.64280e-03
-1.45692e-03
2.25800e-04
1.33695e-03
1.57275e-03
1.29251e-03
1.00239e-03
9.06217e-04
9.93370e-04
9.80846e-04
1.48284e-04
-1.17293e-03
-2.39286e-03
-3.72063e-03
-4.89350e-03
-5.58012e-03
-5.79289e-03
-5.74785e-03
-5.65390e-03
-5.59380e-03
-5.62720e-03
-5.72050e-03
-5.79530e-03
-5.81464e-03
-5.97337e-03
-6.61837e-03
-7.05834e-03
-7.56552e-03
-8.23619e-03
-8.77471e-03
-9.05781e-03
-9.08245e-03
-8.78799e-03
-7.80700e-03
-6.56568e-03
-5.72394e-03
-5.46727e-03
-5.58205e-03
-5.76167e-03
-5.82492e-03
-5.75953e-03
-5.64696e-03
-5.56721e-03
-5.54848e-03
-5.57129e-03
-5.59988e-03
-5.61042e-03
-5.59983e-03
-5.57892e-03
-5.55990e-03
-5.54962e-03
-5.71360e-03
-6.51453e-03
-7.01292e-03
-6.65707e-03
-5.94926e-03
-5.42250e-03
-5.17810e-03
-4.47331e-03
-3.21317e-03
-1.42032e-03
3.70016e-04
1.44944e-03
1.72836e-03
1.56469e-03
1.36175e-03
1.31590e-03
1.37428e-03
1.39573e-03
7.81902e-04
3.09820e-04
5.76135e-04
1.26673e-03
2.54170e-03
3.89811e-03
3.95950e-03
2.22841e-03
4.73367e-04
-6.58133e-04
-1.35087e-03
-1.62809e-03
-1.73965e-03
-2.43051e-03
-2.97711e-03
-2.86706e-03
-3.11652e-03
-3.98918e-03
-4.88060e-03
-5.36678e-03
-5.42716e-03
-5.27593e-03
-5.13261e-03
-5.00385e-03
-4.10429e-03
-1.94671e-03
3.49513e-04
1.12603e-03
9.36397e-04
2.70360e-04
6.70022e-05
6.87388e-04
1.56733e-03
2.17888e-03
2.30086e-03
2.08732e-03
1.83306e-03
1.71952e-03
1.84508e-03
2.75699e-03
4.17075e-03
5.25616e-03
5.66133e-03
5.52131e-03
5.25396e-03
5.06779e-03
4.35042e-03
3.18049e-03
2.23621e-03
1.83549e-03
1.86464e-03
2.04043e-03
2.23026e-03
2.96599e-03
4.19304e-03
5.75530e-03
6.83837e-03
7.28703e-03
7.70471e-03
7.56210e-03
6.61890e-03
5.60484e-03
5.09255e-03
5.03587e-03
4.58275e-03
3.40468e-03
2.20538e-03
1.62225e-03
2.17499e-03
3.06636e-03
3.17090e-03
2.63654e-03
2.07534e-03
2.32825e-03
2.96438e-03
3.05096e-03
2.66116e-03
2.20932e-03
1.99610e-03
2.02922e-03
2.16862e-03
2.28047e-03
2.31145e-03
2.28210e-03
2.24469e-03
2.26769e-03
2.32712e-03
2.38933e-03
2.46143e-03
2.52206e-03
2.59150e-03
2.64674e-03
2.68301e-03
2.73496e-03
2.78837e-03
2.82512e-03
2.84208e-03
2.84714e-03
2.79683e-03
2.12000e-03
2.74517e-04
-1.98628e-03
-2.97017e-03
-2.23945e-03
-9.56476e-04
-6.76718e-04
-1.71923e-03
-3.06196e-03
-3.87527e-03
-3.99421e-03
-3.71530e-03
-3.41635e-03
-3.30264e-03
-3.31087e-03
-2.75970e-03
-1.49019e-03
-3.05946e-04
2.93769e-04
3.36223e-04
1.00912e-04
-1.02968e-04
-1.09447e-04
8.64541e-05
7.49954e-04
2.06508e-03
3.30583e-03
3.91654e-03
3.89625e-03
3.59415e-03
2.94870e-03
2.20788e-03
1.91927e-03
1.47692e-03
9.04364e-04
4.72591e-04
7.42306e-04
1.54283e-03
2.13456e-03
2.84985e-03
3.49827e-03
3.84126e-03
3.48882e-03
2.68311e-03
2.14731e-03
1.50226e-03
9.02728e-04
5.58756e-04
4.69049e-04
1.96539e-04
-8.49605e-04
-2.13096e-03
-2.66460e-03
-2.12110e-03
-1.78237e-03
-1.73183e-03
-1.47136e-03
-1.34851e-03
-7.86018e-04
4.88842e-05
6.87401e-04
6.31540e-04
-1.81051e-04
-8.05665e-04
-1.49051e-03
-1.80828e-03
-1.35774e-03
-1.23022e-03
-1.31997e-03
-1.09912e-03
-1.24247e-03
-1.74749e-03
-2.22407e-03
-2.42424e-03
-2.33031e-03
-1.88294e-03
-9.87315e-04
-4.57316e-04
-6.04561e-06
4.02555e-04
1.99016e-04
-1.15724e-05
-2.80124e-04
-2.10880e-04
-3.65161e-04
-7.63877e-04
-4.08137e-04
6.09795e-04
1.73158e-03
3.05583e-03
4.26452e-03
4.94870e-03
5.10964e-03
5.02401e-03
4.97442e-03
5.01896e-03
5.13433e-03
5.22545e-03
5.28472e-03
5.12259e-03
3.98882e-03
1.90068e-03
5.51391e-04
7.56247e-04
2.43662e-03
4.48326e-03
5.76009e-03
5.99734e-03
5.61510e-03
5.20475e-03
5.12150e-03
5.29096e-03
5.48861e-03
5.58535e-03
5.56850e-03
5.49740e-03
5.52489e-03
6.31666e-03
7.58322e-03
7.87144e-03
6.99552e-03
5.88256e-03
5.23203e-03
5.16145e-03
5.41192e-03
5.71216e-03
5.88734e-03
5.89755e-03
5.73263e-03
4.85537e-03
3.51012e-03
2.48272e-03
2.09882e-03
2.10380e-03
1.52289e-03
3.13702e-04
-7.78441e-04
-1.31550e-03
-1.34109e-03
-1.14688e-03
-1.07993e-03
-1.73443e-03
-3.07117e-03
-4.30889e-03
-4.96007e-03
-4.98058e-03
-4.14687e-03
-2.75259e-03
-2.11174e-03
-2.18009e-03
-2.05902e-03
-1.68306e-03
-1.28385e-03
-1.03219e-03
-9.56249e-04
-9.34021e-04
-4.04829e-04
2.61465e-04
7.92995e-04
1.50411e-03
2.14072e-03
2.53902e-03
3.24360e-03
4.45301e-03
5.54904e-03
6.11611e-03
6.18850e-03
5.98398e-03
5.27633e-03
4.58492e-03
4.15352e-03
3.56707e-03
3.00352e-03
2.61261e-03
1.88053e-03
6.47085e-04
-4.49689e-04
-9.96602e-04
-1.04162e-03
-8.87696e-04
-1.20704e-03
-2.39659e-03
-3.72864e-03
-4.96239e-03
-6.30594e-03
-7.33665e-03
-7.80697e-03
-7.84550e-03
-7.72872e-03
-7.63891e-03
-7.20889e-03
-6.08793e-03
-4.91691e-03
-4.24085e-03
-4.10820e-03
-4.23838e-03
-3.95260e-03
-3.23851e-03
-3.12633e-03
-3.56900e-03
-4.09332e-03
-4.38415e-03
-4.38440e-03
-3.80517e-03
-2.49087e-03
-1.22055e-03
-5.60723e-04
-5.02043e-04
-7.15896e-04
-8.90862e-04
-9.02638e-04
-7.95929e-04
-6.76283e-04
-5.95698e-04
-1.61082e-04
5.63483e-04
1.00648e-03
1.19820e-03
6.62580e-04
-1.55185e-04
-7.16098e-04
-8.59212e-04
-7.32930e-04
-5.44766e-04
7.99797e-06
1.61764e-03
3.51981e-03
4.17020e-03
3.26554e-03
1.31961e-03
-3.55723e-04
-1.05285e-03
-9.27156e-04
-5.19318e-04
-2.61946e-04
-2.78067e-04
-4.54409e-04
-6.20605e-04
-6.81057e-04
-6.42464e-04
-5.67076e-04
-5.12276e-04
-4.98673e-04
-5.13693e-04
-5.33298e-04
-5.41074e-04
-5.34734e-04
-5.21256e-04
-5.08936e-04
-5.01787e-04
-4.99044e-04
-4.97674e-04
-4.95157e-04
-4.90755e-04
-4.85171e-04
-4.79516e-04
-4.74497e-04
-4.50204e-04
-5.67307e-06
7.60257e-04
1.25752e-03
1.91926e-03
2.57526e-03
2.97615e-03
3.09482e-03
3.05669e-03
2.99969e-03
2.99261e-03
3.05168e-03
3.54098e-03
4.33191e-03
4.82807e-03
5.47420e-03
6.11531e-03
6.51033e-03
6.63162e-03
6.59784e-03
6.51199e-03
6.41958e-03
6.36866e-03
6.36609e-03
6.38782e-03
6.43720e-03
6.50536e-03
6.14567e-03
5.42569e-03
4.93917e-03
4.25409e-03
3.15790e-03
2.00468e-03
1.40796e-03
8.03402e-04
2.19635e-04
-1.62688e-04
-3.30578e-04
-7.91330e-04
-1.95388e-03
-3.17207e-03
-3.87706e-03
-4.02932e-03
-4.31801e-03
-5.34062e-03
-6.54135e-03
-6.92559e-03
-5.98378e-03
-4.58055e-03
-3.62647e-03
-3.38487e-03
-3.59847e-03
-3.87926e-03
-3.97389e-03
-3.44621e-03
-2.10413e-03
-7.66948e-04
-5.45270e-05
1.72459e-05
-1.95077e-04
4.68006e-05
8.22067e-04
1.02463e-03
5.88921e-04
9.82265e-06
-3.42920e-04
-4.19818e-04
-3.80021e-04
-3.17853e-05
1.07538e-03
2.39638e-03
2.94531e-03
2.09001e-03
6.62974e-04
-3.46368e-04
-6.15556e-04
-3.90216e-04
-7.80651e-05
6.34939e-05
1.03108e-05
1.83291e-04
8.58341e-04
1.03023e-03
9.13920e-04
1.45368e-03
2.41366e-03
3.18969e-03
3.51203e-03
3.47460e-03
3.31590e-03
3.21766e-03
3.20774e-03
3.22797e-03
3.28487e-03
3.34342e-03
3.05872e-03
1.96095e-03
6.57504e-04
-1.68954e-04
-3.75154e-04
-5.23965e-04
-1.10038e-03
-1.53712e-03
-2.22702e-03
-3.01458e-03
-3.53875e-03
-3.39367e-03
-2.55015e-03
-1.93676e-03
-1.26967e-03
-6.22620e-04
-2.24806e-04
-1.01512e-04
-1.29566e-04
-1.75659e-04
-1.75517e-04
-1.34744e-04
-8.87403e-05
-6.44010e-05
-6.56114e-05
-7.97830e-05
-9.20862e-05
-9.51009e-05
-8.75214e-05
2.36184e-04
1.33901e-03
2.63007e-03
3.44611e-03
3.65036e-03
3.49777e-03
3.61817e-03
4.65011e-03
5.69462e-03
5.83809e-03
5.60941e-03
5.15317e-03
5.34032e-03
5.75916e-03
5.68022e-03
5.51573e-03
4.88794e-03
4.25441e-03
4.37556e-03
4.19532e-03
2.89400e-03
1.18401e-03
2.68308e-04
9.09771e-04
2.16683e-03
2.57010e-03
2.40104e-03
1.63209e-03
6.03217e-04
-9.43796e-05
-2.78853e-04
-1.49663e-04
-2.47098e-05
-4.24950e-05
-1.60612e-04
-2.68231e-04
-2.62139e-04
-1.65182e-04
-6.22215e-05
-6.10392e-06
1.97036e-04
9.25563e-04
1.26492e-03
1.09118e-03
1.62975e-03
3.27415e-03
4.27624e-03
3.38251e-03
1.48296e-03
-2.96535e-05
-5.70895e-04
-3.68789e-04
4.31548e-05
2.75417e-04
2.40711e-04
6.36232e-05
-9.29024e-05
-1.45385e-04
-1.07125e-04
-3.94079e-05
5.20910e-06
1.03797e-05
-9.93295e-06
-3.27245e-05
-4.34363e-05
-4.09661e-05
-3.24899e-05
-2.56524e-05
-2.38754e-05
-2.48724e-05
1.71819e-04
9.20481e-04
1.27830e-03
9.07908e-04
2.87738e-04
-1.37910e-04
-2.39541e-04
-3.30500e-04
-1.14110e-03
-2.38903e-03
-3.35404e-03
-3.73547e-03
-3.67569e-03
-3.47909e-03
-3.36493e-03
-3.18722e-03
-2.33140e-03
-1.10488e-03
-1.93581e-04
1.44810e-04
7.25463e-05
-1.12298e-04
-2.07294e-04
-1.73623e-04
-7.84950e-05
-2.60368e-06
1.71869e-05
-7.47284e-06
-4.36525e-05
-6.56302e-05
-6.71612e-05
-5.67443e-05
-4.62804e-05
-4.13624e-05
1.55624e-04
9.01891e-04
1.45669e-03
2.03574e-03
2.72499e-03
3.23849e-03
3.45617e-03
3.45805e-03
3.38938e-03
3.15353e-03
1.90801e-03
1.38259e-03
8.25361e-04
1.32403e-04
-6.04619e-04
-1.80195e-03
-3.13515e-03
-4.01720e-03
-4.10554e-03
-3.27035e-03
-2.55778e-03
-2.12737e-03
-2.45578e-03
-3.35911e-03
-4.15381e-03
-4.48526e-03
-4.42044e-03
-4.01993e-03
-2.94514e-03
-1.65041e-03
-8.09039e-04
-5.86919e-04
-9.37068e-04
-1.88733e-03
-2.51496e-03
-3.03082e-03
-3.62519e-03
-4.13526e-03
-4.24300e-03
-3.40642e-03
-2.10673e-03
-1.15832e-03
-8.38829e-04
-1.10897e-03
-2.00077e-03
-2.40624e-03
-2.17475e-03
-2.39997e-03
-3.20565e-03
-4.02490e-03
-4.47873e-03
-4.54897e-03
-4.42562e-03
-4.30467e-03
-4.27668e-03
-4.32673e-03
-4.39329e-03
-4.23382e-03
-3.29736e-03
-1.98972e-03
-1.05096e-03
-7.37333e-04
-8.54524e-04
-1.07386e-03
-1.18127e-03
-1.14417e-03
-1.04239e-03
-9.66707e-04
-1.14942e-03
-2.11142e-03
-3.42995e-03
-4.36719e-03
-4.85520e-03
-5.59208e-03
-6.55207e-03
-7.28921e-03
-7.60952e-03
-7.60880e-03
-7.49143e-03
-7.40958e-03
-7.40682e-03
-7.44907e-03
-7.48457e-03
-7.48566e-03
-7.45626e-03
-7.41626e-03
-7.38308e-03
-7.36229e-03
-7.34950e-03
-7.33714e-03
-7.31914e-03
-7.10555e-03
-6.17537e-03
-4.90887e-03
-4.00098e-03
-3.49895e-03
-2.87968e-03
-2.53984e-03
-2.08913e-03
-1.45435e-03
-9.40379e-04
-6.69197e-04
-6.45598e-04
-7.51812e-04
-8.47777e-04
-8.70212e-04
-6.49449e-04
9.66898e-05
4.51145e-04
9.72945e-05
-4.87619e-04
-8.49315e-04
-9.22580e-04
-8.39569e-04
-7.43086e-04
-8.95679e-04
-1.97441e-03
-4.03964e-03
-5.86955e-03
-6.13192e-03
-5.14960e-03
-4.20170e-03
-4.44774e-03
-5.60214e-03
-6.75030e-03
-7.32452e-03
-7.30909e-03
-7.01686e-03
-6.76278e-03
-6.68262e-03
-6.75030e-03
-6.89225e-03
-6.97603e-03
-6.70408e-03
-5.68765e-03
-4.40403e-03
-3.53280e-03
-3.26316e-03
-3.37541e-03
-3.55263e-03
-3.43128e-03
-2.51294e-03
-1.23381e-03
-3.21768e-04
-2.34457e-05
-1.55874e-04
-4.17898e-04
-5.40538e-04
-4.67888e-04
-3.17705e-04
-1.68910e-04
5.25386e-04
1.60950e-03
2.50284e-03
3.50061e-03
4.60886e-03
5.40303e-03
5.71570e-03
5.68627e-03
5.55020e-03
5.46526e-03
5.46421e-03
5.50096e-03
5.51987e-03
5.49708e-03
5.44281e-03
5.38131e-03
5.25821e-03
4.54942e-03
3.41832e-03
2.52077e-03
2.14839e-03
2.18041e-03
2.29656e-03
1.86139e-03
7.87976e-04
-2.41592e-04
-7.37082e-04
-7.03069e-04
-4.49125e-04
-2.57076e-04
-2.28937e-04
-3.10862e-04
-3.72158e-04
-3.44654e-04
-2.65991e-04
-1.91594e-04
-1.22434e-04
-5.30822e-05
-6.14836e-06
5.27895e-05
5.06777e-04
1.02754e-03
1.35996e-03
1.87660e-03
2.41891e-03
2.41878e-03
1.60900e-03
9.51375e-04
9.21608e-04
8.59482e-04
6.66465e-04
4.57401e-04
3.18070e-04
2.65006e-04
2.82968e-04
6.48231e-04
1.55681e-03
2.46387e-03
2.94508e-03
2.98708e-03
2.81708e-03
2.68263e-03
2.68100e-03
2.41999e-03
1.58334e-03
4.58845e-04
-6.46009e-04
-8.73146e-04
-3.74235e-04
2.25084e-04
5.25951e-04
4.96338e-04
3.15461e-04
1.68217e-04
1.32559e-04
1.81796e-04
2.48066e-04
2.81719e-04
2.73658e-04
2.43351e-04
2.15039e-04
2.01274e-04
2.00614e-04
2.04505e-04
2.05455e-04
2.00983e-04
1.92923e-04
1.84461e-04
1.77670e-04
1.72648e-04
1.56027e-04
1.14127e-04
-9.04559e-05
-7.71586e-04
-1.44044e-03
-1.44799e-03
-1.19180e-03
-7.16176e-04
-1.70034e-04
1.73897e-04
2.55171e-04
1.84345e-04
9.91223e-05
-4.48948e-05
-4.57649e-04
-7.35023e-04
-1.03907e-03
-1.42914e-03
-1.72725e-03
-1.85017e-03
-1.83793e-03
-1.77685e-03
-1.73047e-03
-1.71567e-03
-1.60574e-03
-1.17372e-03
-8.01676e-04
-3.63663e-04
1.30910e-04
4.74019e-04
5.98433e-04
5.67709e-04
3.69281e-04
-2.35108e-04
-1.01926e-03
-1.55737e-03
-1.66804e-03
-1.11638e-03
-2.20254e-04
4.39859e-04
6.49748e-04
5.45407e-04
3.67733e-04
2.51186e-04
2.26827e-04
2.67862e-04
3.40972e-04
3.77404e-04
3.55230e-04
3.31655e-04
3.15688e-04
3.20213e-04
2.79631e-04
-1.38656e-04
-8.15296e-04
-1.33936e-03
-1.53350e-03
-1.47682e-03
-1.34238e-03
-1.25828e-03
-1.32197e-03
-1.76976e-03
-2.13557e-03
-2.40236e-03
-2.70172e-03
-2.91407e-03
-2.98175e-03
-2.94219e-03
-2.86487e-03
-2.79800e-03
-2.75133e-03
-2.69632e-03
-2.63435e-03
-2.58637e-03
-2.57038e-03
-2.80028e-03
-3.04043e-03
-2.88911e-03
-2.24741e-03
-1.35158e-03
-6.95066e-04
-4.70111e-04
-5.35656e-04
-6.59334e-04
-6.72426e-04
-3.25156e-04
3.37886e-04
9.15472e-04
1.18012e-03
1.17394e-03
1.06260e-03
9.68852e-04
9.38148e-04
9.79755e-04
1.05683e-03
1.10099e-03
1.10204e-03
1.07924e-03
1.06746e-03
1.29646e-03
1.78629e-03
2.20837e-03
2.17176e-03
1.66463e-03
9.13554e-04
3.84441e-04
4.06862e-04
7.38054e-04
1.04123e-03
1.13594e-03
8.53168e-04
2.93383e-04
-1.67145e-04
-3.35016e-04
-2.81522e-04
-3.38577e-04
-6.37346e-04
-9.58048e-04
-1.11992e-03
-1.10142e-03
-9.83464e-04
-8.57382e-04
-7.71104e-04
-7.33981e-04
-7.21351e-04
-6.95169e-04
-6.39690e-04
-5.62994e-04
-4.81683e-04
-4.07312e-04
-3.28587e-04
-1.24103e-04
1.01001e-04
2.66905e-04
3.42945e-04
3.88928e-04
5.43676e-04
7.39784e-04
8.93470e-04
1.07689e-03
1.37384e-03
1.55662e-03
1.54517e-03
1.48287e-03
1.42272e-03
1.43281e-03
1.37671e-03
1.36833e-03
1.44543e-03
1.53948e-03
1.70158e-03
1.85755e-03
1.94436e-03
1.96230e-03
1.94734e-03
1.93364e-03
1.93497e-03
1.94220e-03
1.94163e-03
1.93552e-03
1.93490e-03
1.94629e-03
1.96099e-03
1.97058e-03
1.97313e-03
1.97126e-03
1.96848e-03
1.96671e-03
1.96601e-03
1.96542e-03
1.96410e-03
1.96174e-03
1.95859e-03
1.95253e-03
1.89039e-03
1.69032e-03
1.41311e-03
1.25772e-03
1.31657e-03
1.47342e-03
1.59792e-03
1.63903e-03
1.57693e-03
1.43610e-03
1.36442e-03
1.44173e-03
1.58021e-03
1.68237e-03
1.71535e-03
1.70047e-03
1.67516e-03
1.66362e-03
1.66924e-03
1.68249e-03
1.69070e-03
1.68799e-03
1.68173e-03
1.67931e-03
1.70652e-03
1.78024e-03
1.85115e-03
1.88272e-03
1.87530e-03
1.84934e-03
1.82426e-03
1.80967e-03
1.80437e-03
1.79959e-03
1.78920e-03
1.77274e-03
1.75325e-03
1.73385e-03
1.71594e-03
1.69919e-03
1.68258e-03
1.66531e-03
1.64720e-03
1.62851e-03
1.60962e-03
1.59072e-03
1.57180e-03
1.55276e-03
1.53280e-03
1.51096e-03
1.48870e-03
1.46747e-03
1.44748e-03
1.42866e-03
1.41111e-03
1.39329e-03
1.37404e-03
1.35344e-03
1.33213e-03
1.30430e-03
1.26774e-03
1.23816e-03
1.20752e-03
1.18253e-03
1.17528e-03
1.17484e-03
1.16775e-03
1.15021e-03
1.12605e-03
1.10068e-03
1.07729e-03
1.05609e-03
1.03573e-03
1.01488e-03
9.93107e-04
9.70673e-04
9.48121e-04
9.25795e-04
9.03756e-04
8.81860e-04
8.59961e-04
8.37983e-04
8.15948e-04
7.93911e-04
7.71928e-04
7.50008e-04
7.28151e-04
7.06338e-04
6.84572e-04
6.62850e-04
6.41189e-04
6.19592e-04
5.98071e-04
5.76620e-04
5.54443e-04
5.29552e-04
5.03925e-04
4.81035e-04
4.62595e-04
4.44292e-04
4.23555e-04
4.00184e-04
3.77908e-04
3.58818e-04
3.42838e-04
3.27553e-04
3.10272e-04
2.89639e-04
2.68395e-04
2.48504e-04
2.28786e-04
2.09588e-04
1.90435e-04
1.71724e-04
1.53661e-04
1.35628e-04
1.17309e-04
9.87796e-05
8.02690e-05
6.19177e-05
4.38060e-05
2.59740e-05
8.36800e-06
-9.09326e-06
-2.63884e-05
-4.32034e-05
-5.97213e-05
-7.65665e-05
-9.36844e-05
-1.10620e-04
-1.27121e-04
-1.43206e-04
-1.59004e-04
-1.74633e-04
-1.90137e-04
-2.05587e-04
-2.20842e-04
-2.35821e-04
-2.50507e-04
-2.64899e-04
-2.79100e-04
-2.93173e-04
-3.07109e-04
-3.20870e-04
-3.34426e-04
-3.47766e-04
-3.60899e-04
-3.73858e-04
-3.86638e-04
-3.99199e-04
-4.11524e-04
-4.23625e-04
-4.35518e-04
-4.47214e-04
-4.58714e-04
-4.70017e-04
-4.81118e-04
-4.92017e-04
-5.02714e-04
-5.13205e-04
-5.23496e-04
-5.33591e-04
-5.43489e-04
-5.53189e-04
-5.62687e-04
-5.71983e-04
-5.81078e-04
-5.89974e-04
-5.98670e-04
-6.07167e-04
-6.15466e-04
-6.23568e-04
-6.31473e-04
-6.39182e-04
-6.46696e-04
-6.54015e-04
-6.61140e-04
-6.68070e-04
-6.74808e-04
-6.81354e-04
-6.87708e-04
-6.93871e-04
-6.99844e-04
-7.05629e-04
-7.11224e-04
-7.16633e-04
-7.21854e-04
-7.26891e-04
-7.31742e-04
-7.36409e-04
-7.40894e-04
-7.45196e-04
-7.49317e-04
-7.53258e-04
