-1.63681e-04
-1.61320e-04
-1.58944e-04
-1.56594e-04
-1.54280e-04
-1.52136e-04
-1.50204e-04
-1.48431e-04
-1.46732e-04
-1.45434e-04
-1.45484e-04
-1.46373e-04
-1.47115e-04
-1.48202e-04
-1.49883e-04
-1.48525e-04
-1.47944e-04
-1.52357e-04
-1.56569e-04
-1.41042e-04
-1.18677e-04
-1.00112e-04
-7.38170e-05
-4.49982e-05
1.43830e-05
8.38441e-05
1.10170e-04
7.90223e-05
1.50236e-05
-3.81665e-05
9.76322e-06
1.22344e-04
2.27955e-04
2.86525e-04
2.82895e-04
2.14683e-04
2.50429e-04
3.02939e-04
1.55470e-04
-3.41129e-06
-1.12253e-04
-3.10512e-04
-5.00688e-04
-6.58962e-04
-8.50027e-04
-1.06538e-03
-9.84016e-04
-3.61925e-04
2.49163e-04
8.07702e-04
1.24320e-03
1.24775e-03
1.13845e-03
1.21127e-03
1.41996e-03
2.08021e-03
2.94924e-03
3.14067e-03
3.19186e-03
3.27399e-03
2.82451e-03
2.10030e-03
1.17886e-03
3.11411e-04
2.82315e-04
9.14820e-04
1.89717e-03
2.52491e-03
2.37312e-03
1.46264e-03
2.12858e-04
-5.98851e-04
-1.43895e-03
-1.54844e-03
-5.19814e-04
6.59871e-04
-2.77589e-04
-1.99729e-03
-2.37672e-03
-2.47135e-03
-3.29971e-03
-2.83377e-03
-1.57558e-03
-1.23376e-03
-1.80299e-03
-2.49634e-03
-3.63121e-03
-4.83362e-03
-5.00969e-03
-3.91677e-03
-1.16768e-03
1.85789e-03
2.70617e-03
9.85296e-04
-9.03189e-04
-2.87226e-03
-4.47608e-03
-5.37775e-03
-5.72389e-03
-7.05518e-03
-9.04304e-03
-1.01386e-02
-1.12182e-02
-1.27083e-02
-1.34881e-02
-1.30166e-02
-1.03526e-02
-8.62957e-03
-8.02341e-03
-6.76406e-03
-4.63300e-03
-2.11699e-03
1.10484e-03
2.29074e-03
1.42963e-03
3.29537e-04
-2.25558e-03
-3.68057e-03
-2.87524e-03
-1.92779e-03
-2.30404e-03
-4.26913e-03
-4.01965e-03
-2.27900e-03
-3.48268e-04
1.77899e-03
2.63147e-03
1.85735e-03
9.82096e-05
5.94702e-04
4.02439e-03
6.15910e-03
5.13562e-03
8.89632e-04
-3.89846e-03
-7.59733e-03
-8.77751e-03
-7.48117e-03
-4.86754e-03
-6.67227e-04
3.36499e-03
6.89819e-03
8.56866e-03
7.87915e-03
7.07516e-03
4.98755e-03
2.27793e-03
4.91364e-03
1.14052e-02
1.42101e-02
1.08262e-02
4.01929e-03
-2.54545e-03
-4.85993e-03
-2.69876e-03
-6.08660e-04
1.58340e-03
4.16692e-03
6.77363e-03
9.60835e-03
1.00138e-02
1.18266e-02
1.44470e-02
1.36210e-02
1.12688e-02
6.97754e-03
4.57683e-04
-6.27191e-03
-1.00878e-02
-6.95205e-03
5.17238e-04
6.08625e-03
1.17303e-02
1.83799e-02
2.33159e-02
2.33350e-02
1.43143e-02
4.49525e-03
1.22510e-03
6.75619e-03
1.44071e-02
1.72912e-02
2.00482e-02
2.23527e-02
1.80828e-02
1.10144e-02
4.67109e-03
-9.22413e-04
-7.46389e-03
-1.56718e-02
-2.14570e-02
-2.51077e-02
-2.47521e-02
-2.21285e-02
-2.26811e-02
-2.24297e-02
-1.96824e-02
-1.65064e-02
-1.22533e-02
-1.00957e-02
-8.20625e-03
-4.86815e-03
3.79172e-04
8.74060e-03
1.66952e-02
2.05036e-02
2.19416e-02
2.42060e-02
2.58293e-02
2.59496e-02
2.50121e-02
1.98523e-02
1.19130e-02
7.40363e-03
9.25970e-03
1.71667e-02
2.54152e-02
2.58677e-02
1.84527e-02
6.70388e-03
-4.35259e-03
-1.26668e-02
-1.75584e-02
-1.74033e-02
-1.54187e-02
-1.29903e-02
-1.01621e-02
-5.55717e-03
9.50788e-04
6.06438e-03
8.89664e-03
1.34545e-02
2.12690e-02
2.90665e-02
3.12910e-02
2.72531e-02
2.37826e-02
2.50589e-02
3.01651e-02
3.89109e-02
4.61090e-02
4.97909e-02
5.05188e-02
4.94210e-02
4.86961e-02
4.50642e-02
3.49320e-02
1.69408e-02
-1.26090e-03
-1.13446e-02
-1.30653e-02
-1.21444e-02
-2.18043e-02
-5.25553e-02
-1.02763e-01
-1.45245e-01
-1.50991e-01
-1.18635e-01
-7.06487e-02
-1.83237e-02
3.57149e-02
8.63938e-02
1.28089e-01
1.46260e-01
1.36127e-01
1.13482e-01
8.69461e-02
5.86776e-02
3.25182e-02
6.70697e-03
-2.05473e-02
-5.34143e-02
-9.16677e-02
-1.18016e-01
-1.20482e-01
-1.03718e-01
-7.56878e-02
-4.15906e-02
-9.36024e-03
1.79364e-02
2.51654e-02
-4.90389e-03
-5.95993e-02
-1.00986e-01
-9.88595e-02
-5.93005e-02
-1.33951e-02
1.14181e-02
5.88499e-03
-2.42881e-02
-5.52553e-02
-6.38282e-02
-4.06945e-02
1.41239e-02
8.33669e-02
1.30557e-01
1.27564e-01
8.76819e-02
3.68983e-02
-1.80224e-02
-6.78815e-02
-9.95218e-02
-1.04683e-01
-8.26663e-02
-3.74722e-02
2.03619e-02
6.42727e-02
7.61626e-02
5.35835e-02
1.84288e-02
-1.67160e-02
-5.13102e-02
-7.97546e-02
-9.28928e-02
-8.61393e-02
-6.60093e-02
-4.58523e-02
-3.63331e-02
-3.70291e-02
-3.79565e-02
-2.99301e-02
-9.45670e-03
2.07293e-02
5.32228e-02
7.34511e-02
7.65332e-02
6.95066e-02
6.07809e-02
4.91715e-02
3.50063e-02
2.09020e-02
8.81527e-03
4.68230e-03
7.01413e-03
6.12285e-03
-2.86679e-03
-1.13022e-02
-5.63981e-03
1.71564e-02
4.45914e-02
6.10317e-02
5.83580e-02
4.32952e-02
2.21801e-02
-5.13763e-04
-2.60884e-02
-4.99927e-02
-7.31920e-02
-9.00321e-02
-9.74958e-02
-8.98201e-02
-7.05743e-02
-4.42567e-02
-1.35052e-02
1.17630e-02
2.32357e-02
1.98630e-02
7.29131e-03
-1.46111e-03
3.87247e-03
2.15414e-02
4.38116e-02
6.42204e-02
7.43107e-02
7.14705e-02
5.99051e-02
4.72407e-02
4.13081e-02
3.92572e-02
3.62772e-02
3.29205e-02
2.25571e-02
-4.95195e-03
-4.68128e-02
-8.66796e-02
-1.09572e-01
-1.07807e-01
-8.69554e-02
-5.56621e-02
-2.02813e-02
1.04411e-02
2.54207e-02
2.31380e-02
1.01962e-02
-9.05246e-04
-5.82893e-03
-5.77326e-03
2.91738e-05
9.64810e-03
1.95874e-02
2.65207e-02
2.13021e-02
7.04526e-03
-2.23574e-03
7.10910e-04
1.24983e-02
2.72426e-02
3.59246e-02
2.58184e-02
2.22837e-03
-1.81481e-02
-2.46682e-02
-1.54160e-02
4.31802e-03
2.12018e-02
3.00577e-02
3.29624e-02
3.28158e-02
2.50475e-02
1.01695e-02
-6.23282e-03
-1.65089e-02
-2.04670e-02
-2.36062e-02
-2.31672e-02
-1.92311e-02
-1.48729e-02
-7.60451e-03
6.25265e-04
7.91212e-03
1.85485e-02
2.84859e-02
3.44465e-02
3.59470e-02
2.87862e-02
9.27873e-03
-1.23590e-02
-2.74345e-02
-3.31864e-02
-2.61714e-02
-1.33514e-02
-1.80109e-03
6.99509e-03
1.62442e-02
2.52487e-02
3.11670e-02
2.85955e-02
1.69740e-02
2.65510e-03
-6.82206e-03
-7.54407e-04
2.11926e-02
5.24824e-02
7.69730e-02
8.75723e-02
8.90020e-02
8.73912e-02
8.74756e-02
8.40538e-02
7.31880e-02
5.27543e-02
2.47074e-02
-1.54919e-02
-6.64511e-02
-1.17494e-01
-1.56601e-01
-1.72737e-01
-1.68521e-01
-1.52429e-01
-1.29054e-01
-1.03928e-01
-8.14388e-02
-5.66575e-02
-2.61511e-02
2.67965e-03
2.51164e-02
3.83196e-02
4.28321e-02
3.96561e-02
3.40889e-02
3.25714e-02
3.87914e-02
4.91776e-02
5.67550e-02
5.87866e-02
5.44352e-02
4.17894e-02
1.98762e-02
-3.67346e-03
-2.09394e-02
-3.58988e-02
-5.29880e-02
-7.11290e-02
-8.57233e-02
-9.15592e-02
-8.40580e-02
-6.16183e-02
-2.79491e-02
5.63481e-03
2.52069e-02
3.16960e-02
3.38335e-02
3.59121e-02
3.52896e-02
3.12717e-02
2.79859e-02
2.74950e-02
3.18371e-02
3.71595e-02
4.00461e-02
4.03905e-02
3.93725e-02
4.53554e-02
5.83804e-02
6.75148e-02
6.06298e-02
3.89460e-02
1.24267e-02
-1.39198e-02
-3.38875e-02
-4.52114e-02
-5.02924e-02
-4.91741e-02
-4.18880e-02
-2.81574e-02
-9.19408e-03
9.55581e-03
1.86160e-02
1.47440e-02
8.67120e-03
1.11634e-02
1.93877e-02
2.09285e-02
1.12647e-02
-4.69910e-03
-1.85480e-02
-2.48680e-02
-2.43196e-02
-1.38276e-02
2.34856e-03
1.46888e-02
1.99563e-02
2.13488e-02
2.02017e-02
1.51603e-02
6.33823e-03
-7.19720e-03
-2.46466e-02
-3.89928e-02
-4.55367e-02
-4.57847e-02
-4.26602e-02
-3.94719e-02
-3.91307e-02
-4.40723e-02
-4.82225e-02
-4.09642e-02
-2.22701e-02
3.30975e-03
2.80160e-02
4.29424e-02
4.51608e-02
3.72546e-02
2.52320e-02
1.60112e-02
1.41331e-02
1.63670e-02
1.62663e-02
1.12648e-02
6.67395e-03
6.52938e-03
8.34034e-03
8.99750e-03
8.29679e-03
7.39642e-03
4.11810e-03
-3.34996e-03
-1.15995e-02
-1.80257e-02
-2.18548e-02
-2.40897e-02
-2.70016e-02
-2.72421e-02
-2.29502e-02
-1.63046e-02
-1.15089e-02
-1.15160e-02
-1.36754e-02
-1.35476e-02
-5.51715e-03
1.01867e-02
2.66778e-02
4.14197e-02
5.45619e-02
6.62962e-02
7.27714e-02
6.98625e-02
5.72951e-02
3.96889e-02
2.45837e-02
1.19298e-02
-3.04063e-04
-7.24930e-03
-8.97200e-03
-1.09800e-02
-1.37981e-02
-1.73882e-02
-2.33853e-02
-2.84190e-02
-2.48904e-02
-1.47475e-02
-7.68645e-03
-4.82693e-03
-4.53487e-03
-5.14719e-03
-1.87943e-03
-7.35660e-04
-3.74301e-03
-5.22741e-03
-3.58111e-03
4.13351e-03
1.68449e-02
2.98971e-02
3.73695e-02
3.04090e-02
1.02168e-02
-1.23869e-02
-2.87404e-02
-3.62260e-02
-3.50823e-02
-2.60300e-02
-1.45390e-02
-5.84086e-03
-9.27928e-04
1.77897e-03
6.33948e-03
1.24072e-02
1.63587e-02
1.33710e-02
8.31273e-03
8.08118e-03
1.04284e-02
9.50196e-03
4.50803e-03
-2.64464e-03
-9.91587e-03
-1.36236e-02
-8.71775e-03
3.76731e-03
1.79375e-02
2.79065e-02
2.84367e-02
2.00964e-02
1.06305e-02
5.26367e-03
3.99824e-03
4.61621e-03
1.39632e-03
-4.17104e-03
-1.13486e-02
-1.80341e-02
-2.26344e-02
-2.44119e-02
-2.52645e-02
-2.67622e-02
-2.92693e-02
-3.11212e-02
-2.88849e-02
-2.18787e-02
-1.30014e-02
-2.12721e-03
9.26280e-03
1.64858e-02
1.68416e-02
1.24310e-02
8.58338e-03
1.03547e-02
1.31056e-02
1.39861e-02
1.23629e-02
9.60144e-03
7.00144e-03
3.98177e-03
6.67362e-04
-3.04160e-03
-8.82660e-03
-1.81189e-02
-2.74236e-02
-3.38250e-02
-3.83836e-02
-3.84022e-02
-3.52300e-02
-3.02166e-02
-2.14387e-02
-1.06943e-02
-1.01386e-03
4.30901e-03
7.31162e-03
7.26094e-03
3.80719e-03
4.20794e-03
1.02140e-02
1.82853e-02
2.53027e-02
2.86900e-02
2.78867e-02
2.35117e-02
1.34068e-02
5.47269e-04
-1.16202e-02
-2.38506e-02
-3.68917e-02
-5.09269e-02
-6.67856e-02
-8.25207e-02
-9.57013e-02
-1.04075e-01
-1.08750e-01
-1.10352e-01
-1.08161e-01
-1.03901e-01
-9.62236e-02
-8.27390e-02
-6.09806e-02
-3.20424e-02
3.01717e-03
4.09632e-02
7.47622e-02
1.08952e-01
1.47745e-01
1.86935e-01
2.19927e-01
2.41169e-01
2.46717e-01
2.37069e-01
2.19370e-01
2.00653e-01
1.83070e-01
1.65012e-01
1.41934e-01
1.03696e-01
5.41361e-02
1.11317e-02
-1.72066e-02
-3.46423e-02
-4.75990e-02
-6.17076e-02
-7.83135e-02
-9.43260e-02
-1.04473e-01
-1.08949e-01
-1.09683e-01
-1.09187e-01
-1.11376e-01
-1.12310e-01
-1.06712e-01
-9.80595e-02
-9.42155e-02
-9.29083e-02
-9.12639e-02
-8.87353e-02
-8.44106e-02
-7.74318e-02
-6.61193e-02
-5.74065e-02
-5.51672e-02
-5.17712e-02
-3.74602e-02
-1.16086e-02
1.65603e-02
4.15519e-02
6.19181e-02
7.96765e-02
9.68802e-02
1.10192e-01
1.16926e-01
1.13919e-01
1.04405e-01
9.51362e-02
9.10333e-02
9.06651e-02
8.68867e-02
7.75066e-02
6.14618e-02
3.76508e-02
9.52527e-03
-1.80503e-02
-4.39259e-02
-7.10312e-02
-9.57455e-02
-1.14685e-01
-1.24068e-01
-1.16972e-01
-9.33654e-02
-6.14407e-02
-2.90766e-02
-1.50157e-03
1.23318e-02
1.15170e-02
2.63590e-04
-1.43317e-02
-2.61014e-02
-3.73154e-02
-4.65602e-02
-5.12353e-02
-4.54023e-02
-2.36692e-02
8.01436e-03
4.89133e-02
9.45736e-02
1.31522e-01
1.55084e-01
1.65596e-01
1.63756e-01
1.53933e-01
1.39971e-01
1.23927e-01
1.02345e-01
7.60497e-02
4.72455e-02
1.90793e-02
-7.29801e-04
-9.54993e-03
-1.00382e-02
-8.63491e-03
-9.97840e-03
-9.99467e-03
-7.04711e-03
-4.50738e-03
-1.80692e-03
-3.24429e-03
-1.33516e-02
-3.29474e-02
-5.90253e-02
-8.04897e-02
-9.05355e-02
-8.89959e-02
-7.88356e-02
-6.54525e-02
-4.86220e-02
-3.34409e-02
-2.34385e-02
-1.50763e-02
-1.01210e-02
-1.56814e-02
-3.08453e-02
-4.64072e-02
-5.52610e-02
-5.23703e-02
-3.83958e-02
-2.51807e-02
-1.53312e-02
-7.81365e-03
-3.09308e-03
-2.08121e-03
-6.96721e-03
-1.47564e-02
-1.92715e-02
-2.05001e-02
-2.45676e-02
-3.47183e-02
-4.77189e-02
-6.09020e-02
-7.42347e-02
-8.90530e-02
-1.02451e-01
-1.13440e-01
-1.19517e-01
-1.17096e-01
-1.08635e-01
-9.66983e-02
-8.38482e-02
-7.49881e-02
-6.66767e-02
-5.53386e-02
-4.16836e-02
-2.85890e-02
-1.48452e-02
-1.97480e-03
5.78188e-03
1.09400e-02
1.95010e-02
3.19858e-02
4.56817e-02
5.59600e-02
6.46852e-02
7.13538e-02
7.40533e-02
7.46447e-02
7.87646e-02
8.74007e-02
9.34623e-02
8.89663e-02
7.35002e-02
5.38312e-02
3.35261e-02
1.98030e-02
1.53922e-02
1.31163e-02
1.43685e-02
2.06414e-02
2.37819e-02
2.03324e-02
8.54531e-03
-1.04467e-02
-3.30178e-02
-5.40008e-02
-6.72056e-02
-6.86830e-02
-6.37499e-02
-5.50741e-02
-4.63856e-02
-4.11524e-02
-3.49603e-02
-2.67355e-02
-1.85038e-02
-6.85202e-03
1.24138e-02
3.51567e-02
5.15285e-02
5.74337e-02
5.72516e-02
5.39360e-02
5.59266e-02
6.65923e-02
7.99471e-02
9.23386e-02
1.00085e-01
1.01732e-01
9.80492e-02
8.94510e-02
8.03830e-02
7.09294e-02
6.02891e-02
4.99117e-02
3.78829e-02
2.33048e-02
6.34538e-03
-1.31266e-02
-3.03090e-02
-4.46902e-02
-5.87622e-02
-7.47071e-02
-9.25193e-02
-1.07155e-01
-1.18263e-01
-1.27446e-01
-1.32597e-01
-1.33495e-01
-1.31006e-01
-1.25605e-01
-1.16886e-01
-1.01388e-01
-7.63827e-02
-4.98190e-02
-3.19322e-02
-2.42029e-02
-2.10223e-02
-1.63941e-02
-1.05636e-02
-3.84435e-03
9.63383e-04
3.69779e-03
9.56902e-03
1.94457e-02
3.07647e-02
3.76507e-02
3.57739e-02
2.75091e-02
1.74849e-02
5.05273e-03
-8.37941e-03
-1.98043e-02
-3.18375e-02
-4.26220e-02
-5.06582e-02
-5.50794e-02
-4.95708e-02
-3.48825e-02
-2.02327e-02
-8.75484e-03
1.77701e-03
8.56591e-03
1.16637e-02
1.14797e-02
1.11803e-02
1.45275e-02
2.06648e-02
2.12611e-02
1.67244e-02
1.56786e-02
2.30711e-02
3.74994e-02
5.19450e-02
6.24901e-02
7.11002e-02
7.51008e-02
7.40023e-02
7.28225e-02
7.51542e-02
8.06338e-02
8.68096e-02
9.33262e-02
9.61881e-02
8.82666e-02
7.02270e-02
4.83041e-02
2.65496e-02
1.11620e-02
2.75004e-03
-5.53913e-03
-1.35576e-02
-2.05008e-02
-2.60806e-02
-2.80746e-02
-2.83911e-02
-2.67096e-02
-2.65641e-02
-3.05536e-02
-3.57032e-02
-3.77214e-02
-3.51778e-02
-3.62534e-02
-4.50046e-02
-5.76895e-02
-6.73796e-02
-6.83805e-02
-6.21226e-02
-5.47564e-02
-4.64742e-02
-3.85430e-02
-3.50865e-02
-3.31125e-02
-2.85704e-02
-2.42967e-02
-1.83183e-02
-1.04513e-02
-2.93860e-03
5.67134e-03
2.06471e-02
3.92014e-02
6.29133e-02
8.28270e-02
8.76370e-02
7.20319e-02
4.49556e-02
1.38118e-02
-9.73269e-03
-1.87569e-02
-1.56537e-02
1.22435e-03
2.85148e-02
5.45654e-02
7.77737e-02
9.22540e-02
9.77454e-02
9.43783e-02
8.22976e-02
5.82629e-02
2.79363e-02
-3.81992e-03
-3.20939e-02
-4.77269e-02
-5.76106e-02
-6.71245e-02
-7.17079e-02
-7.11257e-02
-6.69127e-02
-6.41760e-02
-6.57293e-02
-6.74614e-02
-6.32469e-02
-5.37030e-02
-4.48527e-02
-3.84423e-02
-2.93968e-02
-1.88288e-02
-6.64559e-03
1.36017e-02
3.83236e-02
5.93777e-02
7.30737e-02
8.08265e-02
8.30754e-02
8.17885e-02
7.80207e-02
7.40847e-02
7.39265e-02
7.76596e-02
8.22934e-02
8.22623e-02
7.47947e-02
6.32060e-02
5.06643e-02
3.93709e-02
3.04604e-02
2.15552e-02
9.49245e-03
-7.27541e-03
-2.75406e-02
-4.56455e-02
-5.79392e-02
-6.58480e-02
-6.97279e-02
-6.92290e-02
-6.56989e-02
-5.99008e-02
-5.27619e-02
-4.96346e-02
-4.87191e-02
-4.72629e-02
-4.63588e-02
-4.61433e-02
-4.37548e-02
-3.64128e-02
-2.53601e-02
-1.24819e-02
-1.88023e-03
6.73611e-03
1.46445e-02
2.15093e-02
2.59859e-02
2.48971e-02
1.88846e-02
1.00662e-02
4.12174e-05
-8.62782e-03
-1.44809e-02
-2.10565e-02
-3.03981e-02
-3.76277e-02
-3.59437e-02
-2.23522e-02
-5.04941e-03
7.21240e-03
1.28758e-02
1.32408e-02
9.34296e-03
6.20496e-03
7.39390e-03
9.34800e-03
6.17682e-03
-2.35779e-03
-1.04242e-02
-1.29752e-02
-1.01416e-02
-4.49490e-03
1.37245e-03
2.97442e-03
-1.75595e-03
-6.90129e-03
-6.90982e-03
-4.12656e-03
-2.05972e-03
3.13259e-04
4.33147e-03
1.09619e-02
1.85368e-02
2.45307e-02
2.90782e-02
3.67585e-02
4.63515e-02
5.66907e-02
6.64173e-02
7.33729e-02
7.73662e-02
7.67423e-02
7.25241e-02
6.92877e-02
7.00911e-02
7.30736e-02
7.60151e-02
7.46207e-02
6.59131e-02
5.18690e-02
3.53621e-02
2.13068e-02
9.69602e-03
-1.73696e-03
-1.18197e-02
-1.81998e-02
-1.89712e-02
-1.31289e-02
-6.85482e-03
-1.76589e-03
3.57076e-03
8.45116e-03
7.69677e-03
1.35028e-03
-1.34275e-03
-4.11920e-04
-5.00993e-03
-1.60551e-02
-2.56699e-02
-3.06289e-02
-3.16813e-02
-3.00547e-02
-2.68018e-02
-2.35578e-02
-2.09225e-02
-1.97638e-02
-2.13161e-02
-2.15580e-02
-2.29787e-02
-2.58003e-02
-2.73677e-02
-3.10598e-02
-3.95329e-02
-4.57111e-02
-4.61712e-02
-4.22192e-02
-3.94596e-02
-3.70693e-02
-3.22842e-02
-2.71424e-02
-2.08060e-02
-1.23143e-02
-3.55436e-03
8.25946e-03
2.30597e-02
3.66372e-02
4.45768e-02
5.14152e-02
5.84023e-02
5.92504e-02
4.95967e-02
3.58883e-02
2.22155e-02
5.51958e-03
-9.60218e-03
-1.91317e-02
-2.69635e-02
-3.72268e-02
-4.96784e-02
-6.36999e-02
-7.76751e-02
-8.82874e-02
-9.30297e-02
-8.69991e-02
-7.24494e-02
-4.98796e-02
-2.14150e-02
1.08156e-02
4.12114e-02
6.39394e-02
7.77175e-02
8.02038e-02
6.93313e-02
4.93869e-02
3.32033e-02
2.25367e-02
1.60722e-02
6.76337e-03
-3.08197e-03
-6.47641e-03
-8.98540e-03
-1.08513e-02
-8.48695e-03
-3.45882e-03
2.26645e-03
2.91041e-03
-4.40932e-03
-1.13538e-02
-1.32639e-02
-1.18189e-02
-1.00784e-02
-8.16454e-03
-5.19745e-03
-1.81550e-03
1.64879e-03
6.93061e-03
1.39035e-02
1.64296e-02
8.09761e-03
-7.75418e-03
-1.92472e-02
-2.42781e-02
-2.45896e-02
-2.09978e-02
-1.92347e-02
-2.33011e-02
-2.93840e-02
-2.96097e-02
-2.51408e-02
-1.95410e-02
-1.66077e-02
-1.60791e-02
-1.37530e-02
-7.40997e-03
9.91927e-04
8.20702e-03
1.21613e-02
1.40098e-02
1.62266e-02
1.62306e-02
1.40239e-02
9.38604e-03
2.19711e-03
-5.12229e-03
-1.10852e-02
-1.28837e-02
-1.16316e-02
-1.43917e-02
-2.44249e-02
-3.75640e-02
-4.68316e-02
-5.13184e-02
-5.45140e-02
-6.09662e-02
-7.11340e-02
-7.80916e-02
-7.84665e-02
-7.26052e-02
-6.09124e-02
-4.77922e-02
-3.68147e-02
-2.84386e-02
-2.29615e-02
-1.71722e-02
-9.79623e-03
-4.75448e-03
-2.24659e-03
-1.01565e-03
-2.55540e-03
-3.28754e-03
-7.19740e-04
6.10880e-03
1.94466e-02
4.15529e-02
6.91477e-02
9.53269e-02
1.16916e-01
1.33212e-01
1.43137e-01
1.43832e-01
1.36806e-01
1.27568e-01
1.16705e-01
1.02458e-01
8.06082e-02
5.63053e-02
3.25221e-02
8.26681e-03
-1.08032e-02
-2.75774e-02
-4.35457e-02
-5.67420e-02
-6.69663e-02
-7.58386e-02
-8.32547e-02
-9.01321e-02
-9.73785e-02
-1.02459e-01
-9.99871e-02
-8.86351e-02
-7.16669e-02
-4.93679e-02
-2.15243e-02
3.48290e-03
2.36711e-02
3.96820e-02
5.02408e-02
5.52600e-02
5.69396e-02
5.74746e-02
5.73401e-02
5.61895e-02
5.41199e-02
4.85128e-02
4.20610e-02
3.93752e-02
3.54533e-02
2.81247e-02
2.07429e-02
1.52311e-02
7.73084e-03
-1.29194e-03
-1.22116e-02
-2.59829e-02
-4.04087e-02
-5.31718e-02
-6.14369e-02
-6.26115e-02
-5.64537e-02
-4.47924e-02
-3.17751e-02
-2.28693e-02
-1.83594e-02
-1.52004e-02
-1.41605e-02
-1.36024e-02
-1.08003e-02
-8.56993e-03
-8.30045e-03
-6.82200e-03
-5.41522e-03
-5.53850e-03
-6.13250e-03
-5.82330e-03
-3.09718e-03
-1.22057e-03
-1.76884e-03
-2.82509e-03
-2.56036e-03
7.00950e-04
5.27562e-03
8.59716e-03
8.63005e-03
7.12475e-03
6.70302e-03
7.86601e-03
1.13613e-02
1.50621e-02
1.31248e-02
6.76664e-03
-9.67617e-04
-1.05563e-02
-2.31072e-02
-3.55452e-02
-4.53136e-02
-5.21310e-02
-5.74668e-02
-5.95393e-02
-5.51020e-02
-4.87166e-02
-4.53451e-02
-4.15501e-02
-3.09794e-02
-1.62709e-02
9.68848e-04
1.77375e-02
3.19214e-02
4.11367e-02
4.57314e-02
4.71790e-02
4.53063e-02
4.38701e-02
4.53465e-02
4.94654e-02
5.61969e-02
6.55019e-02
7.41784e-02
8.19447e-02
8.90319e-02
9.33961e-02
9.56136e-02
9.60438e-02
9.23182e-02
8.87759e-02
8.95371e-02
9.12425e-02
8.73180e-02
7.76598e-02
6.44855e-02
5.03184e-02
3.88659e-02
2.62839e-02
8.95365e-03
-1.04591e-02
-3.22251e-02
-5.66972e-02
-8.04108e-02
-9.44855e-02
-9.46331e-02
-8.96692e-02
-8.59096e-02
-8.59552e-02
-8.89553e-02
-9.06617e-02
-8.98549e-02
-8.88849e-02
-9.23865e-02
-9.71864e-02
-1.01061e-01
-1.00917e-01
-9.53698e-02
-8.61543e-02
-7.71403e-02
-6.85610e-02
-5.29912e-02
-3.02194e-02
-7.75859e-03
9.14230e-03
1.95355e-02
2.85699e-02
3.41487e-02
3.44472e-02
3.79153e-02
4.92531e-02
6.28312e-02
7.16940e-02
7.77240e-02
8.17228e-02
7.80225e-02
6.65208e-02
5.23090e-02
3.96243e-02
3.24411e-02
3.04379e-02
2.86917e-02
2.40929e-02
1.43246e-02
-5.06782e-04
-1.63548e-02
-3.28519e-02
-4.46167e-02
-5.05111e-02
-5.24984e-02
-5.38213e-02
-5.58243e-02
-5.45765e-02
-4.62636e-02
-3.40713e-02
-2.52025e-02
-2.05691e-02
-1.57821e-02
-8.15569e-03
3.89358e-03
1.51384e-02
2.12242e-02
2.36373e-02
2.55897e-02
2.73371e-02
2.79382e-02
2.82488e-02
3.06428e-02
3.48483e-02
3.72622e-02
4.00935e-02
4.22998e-02
3.82560e-02
3.28186e-02
2.89281e-02
2.53963e-02
2.22303e-02
1.70358e-02
9.50565e-03
3.58897e-03
-8.47209e-04
-4.67751e-03
-5.68741e-03
-2.71006e-03
2.03318e-03
7.25162e-03
1.14279e-02
1.32020e-02
9.46357e-03
2.93479e-03
-5.42598e-04
2.70807e-04
2.53256e-03
4.89349e-03
7.53930e-03
9.16973e-03
1.45469e-02
2.41894e-02
3.41210e-02
3.98341e-02
4.09396e-02
4.04426e-02
3.99722e-02
3.68270e-02
3.11754e-02
2.31085e-02
1.26066e-02
2.23018e-03
-5.38013e-03
-1.09486e-02
-1.70504e-02
-2.46972e-02
-3.43492e-02
-4.32159e-02
-4.74162e-02
-4.66628e-02
-4.27558e-02
-3.68599e-02
-3.04594e-02
-2.65790e-02
-2.72426e-02
-3.28183e-02
-3.68300e-02
-3.51043e-02
-2.96256e-02
-2.05788e-02
-8.92487e-03
7.40953e-03
2.63517e-02
4.09205e-02
4.79839e-02
5.15456e-02
5.38956e-02
5.66530e-02
6.14964e-02
6.86068e-02
7.60676e-02
7.86118e-02
7.59390e-02
6.97961e-02
6.22526e-02
5.63130e-02
5.49876e-02
5.50285e-02
5.22249e-02
4.88639e-02
4.40799e-02
3.70106e-02
3.31553e-02
3.03899e-02
2.19821e-02
9.22898e-03
-4.48676e-03
-1.75707e-02
-2.60103e-02
-2.86364e-02
-2.96830e-02
-2.91824e-02
-2.61583e-02
-2.26154e-02
-2.05022e-02
-2.41131e-02
-3.10090e-02
-3.53325e-02
-3.87806e-02
-4.25222e-02
-4.38428e-02
-4.32161e-02
-4.49219e-02
-4.96080e-02
-5.41962e-02
-5.53002e-02
-5.33249e-02
-4.78228e-02
-3.79892e-02
-2.65170e-02
-1.48919e-02
-6.15178e-03
-6.75351e-04
6.60244e-03
1.41510e-02
2.01725e-02
2.66651e-02
3.39058e-02
4.11310e-02
4.75981e-02
4.99868e-02
4.85316e-02
4.76319e-02
5.03376e-02
5.73996e-02
6.46118e-02
6.89665e-02
7.17121e-02
7.09965e-02
6.33512e-02
5.25862e-02
4.23085e-02
2.87483e-02
1.44808e-02
4.47163e-03
-2.20118e-03
-7.91440e-03
-1.17420e-02
-1.02892e-02
-5.66420e-03
-3.50800e-03
-3.80781e-03
-3.43086e-03
-3.09108e-03
-4.37632e-03
-6.48940e-03
-6.84023e-03
-7.54694e-03
-1.11257e-02
-1.70710e-02
-2.14313e-02
-2.38318e-02
-2.94965e-02
-3.76777e-02
-4.37875e-02
-4.73436e-02
-5.00552e-02
-4.90936e-02
-4.59905e-02
-4.32653e-02
-3.77208e-02
-3.01773e-02
-2.30878e-02
-1.68388e-02
-1.05801e-02
-3.67712e-03
3.51519e-03
1.05022e-02
1.73900e-02
2.42676e-02
3.22624e-02
4.05031e-02
4.57567e-02
4.76285e-02
4.27352e-02
3.16370e-02
1.70904e-02
3.30614e-03
-8.72916e-03
-1.97809e-02
-2.86026e-02
-3.38596e-02
-3.67916e-02
-4.25266e-02
-5.53403e-02
-7.00521e-02
-8.03466e-02
-8.84094e-02
-9.24472e-02
-9.28588e-02
-8.90356e-02
-8.04531e-02
-6.78957e-02
-5.58520e-02
-4.71287e-02
-4.67780e-02
-5.01021e-02
-5.05527e-02
-4.81815e-02
-4.55091e-02
-4.15199e-02
-3.48477e-02
-2.73613e-02
-1.98401e-02
-1.13282e-02
-5.27782e-03
-5.27681e-03
-6.64933e-03
-3.46875e-03
1.64697e-03
2.41827e-03
-2.93075e-03
-1.08016e-02
-1.60086e-02
-1.88693e-02
-1.94483e-02
-2.13999e-02
-2.42654e-02
-2.18315e-02
-1.37947e-02
-5.64134e-03
2.33522e-03
8.98677e-03
1.29052e-02
1.96353e-02
2.67085e-02
3.26314e-02
3.70387e-02
4.18550e-02
4.39518e-02
4.29746e-02
4.14015e-02
3.65046e-02
2.92173e-02
2.50170e-02
2.59684e-02
2.84866e-02
3.12191e-02
3.39927e-02
3.71889e-02
4.23145e-02
4.46410e-02
4.33187e-02
4.16973e-02
3.94561e-02
3.66956e-02
3.57090e-02
3.39525e-02
2.94936e-02
1.95758e-02
4.85948e-03
-8.57970e-03
-2.00061e-02
-3.19660e-02
-4.33294e-02
-5.10114e-02
-5.25936e-02
-5.08784e-02
-5.05760e-02
-5.21825e-02
-5.35902e-02
-5.37094e-02
-5.31529e-02
-5.28192e-02
-5.28874e-02
-5.29544e-02
-5.32232e-02
-5.53946e-02
-5.91138e-02
-5.90766e-02
-5.56040e-02
-5.00842e-02
-4.26195e-02
-3.37557e-02
-2.54842e-02
-1.77480e-02
-1.21579e-02
-9.67871e-03
-9.23292e-03
-9.17632e-03
-6.80479e-03
-3.73263e-03
6.92209e-04
5.49792e-03
8.64434e-03
1.27204e-02
1.81362e-02
2.22858e-02
2.68289e-02
3.38807e-02
4.16192e-02
4.69028e-02
4.92422e-02
4.98990e-02
4.80664e-02
4.43200e-02
4.23721e-02
4.35758e-02
4.50482e-02
4.50690e-02
4.44182e-02
4.38136e-02
4.03396e-02
3.11235e-02
2.05939e-02
1.25423e-02
8.75593e-03
7.42585e-03
4.76102e-03
3.29510e-03
1.56153e-03
-3.97183e-03
-1.24335e-02
-2.15561e-02
-2.81122e-02
-2.85280e-02
-2.60839e-02
-2.44355e-02
-2.25189e-02
-1.72620e-02
-6.57254e-03
5.43501e-03
1.43376e-02
1.84438e-02
1.77243e-02
1.23009e-02
3.65033e-03
-7.54060e-03
-2.08228e-02
-3.31194e-02
-4.13523e-02
-4.55242e-02
-4.68546e-02
-4.67402e-02
-4.81294e-02
-4.92884e-02
-4.59476e-02
-4.36002e-02
-4.19696e-02
-3.60713e-02
-2.64658e-02
-1.41819e-02
-2.96062e-04
1.44593e-02
2.98771e-02
4.25565e-02
4.94396e-02
5.25666e-02
5.72513e-02
6.26055e-02
6.78619e-02
7.24513e-02
7.40857e-02
7.49170e-02
7.46593e-02
7.09650e-02
6.29227e-02
5.21317e-02
4.15766e-02
3.13809e-02
2.12063e-02
1.55516e-02
1.12057e-02
5.97066e-03
3.94014e-03
4.79231e-03
4.59807e-03
7.43591e-04
-5.18471e-03
-1.20637e-02
-1.88947e-02
-2.51759e-02
-3.07291e-02
-3.28306e-02
-2.99530e-02
-2.61735e-02
-2.23813e-02
-2.11476e-02
-1.98644e-02
-1.60118e-02
-9.02491e-03
2.18753e-03
1.93720e-02
4.02996e-02
5.80516e-02
6.73143e-02
7.01408e-02
6.69807e-02
5.91184e-02
4.77853e-02
3.91565e-02
3.26472e-02
2.62640e-02
2.02552e-02
1.81328e-02
1.65766e-02
1.31172e-02
1.11048e-02
1.15185e-02
1.22979e-02
1.25815e-02
1.47907e-02
1.85301e-02
1.97278e-02
1.75771e-02
1.11887e-02
3.35755e-03
-6.56280e-04
-1.84072e-03
-3.66742e-03
-5.06676e-03
-5.66758e-03
-7.61496e-03
-9.59061e-03
-1.17953e-02
-1.54595e-02
-2.09470e-02
-2.42241e-02
-2.50841e-02
-2.55226e-02
-2.54005e-02
-2.33638e-02
-1.95116e-02
-1.59333e-02
-1.50697e-02
-1.58673e-02
-1.25288e-02
-5.95896e-03
-1.01550e-03
3.25431e-03
7.48058e-03
1.09628e-02
1.38845e-02
1.53144e-02
1.68592e-02
1.85033e-02
1.85519e-02
1.61691e-02
1.41035e-02
1.42785e-02
1.35031e-02
1.19295e-02
1.16612e-02
1.21566e-02
1.21507e-02
1.00832e-02
6.03636e-03
3.57623e-03
4.30214e-03
4.08441e-03
-1.34638e-03
-1.01560e-02
-1.65107e-02
-1.84916e-02
-1.83189e-02
-1.76796e-02
-1.63591e-02
-1.32852e-02
-9.59221e-03
-6.36654e-03
-5.04818e-03
-7.48792e-03
-1.36952e-02
-1.98552e-02
-2.25680e-02
-2.24745e-02
-2.15011e-02
-2.29543e-02
-2.44923e-02
-2.29217e-02
-2.01465e-02
-1.65553e-02
-1.14463e-02
-5.93473e-03
-2.72036e-03
-2.13984e-03
-3.00791e-03
-4.37831e-03
-4.91237e-03
-1.26556e-03
3.96952e-03
7.61952e-03
1.11423e-02
1.50802e-02
1.45026e-02
1.06923e-02
8.41206e-03
6.49986e-03
4.75826e-03
4.78736e-03
6.67809e-03
1.03553e-02
1.53030e-02
1.96256e-02
1.95310e-02
1.75514e-02
1.47762e-02
9.78170e-03
5.68668e-03
3.22997e-03
7.87113e-04
-2.68978e-03
-5.54820e-03
-6.86099e-03
-8.36794e-03
-8.92078e-03
-8.64172e-03
-7.31760e-03
-3.89848e-03
1.27707e-03
8.11388e-03
1.29678e-02
1.46910e-02
1.73635e-02
1.86032e-02
1.82408e-02
1.56544e-02
1.11385e-02
9.24152e-03
7.96436e-03
5.67810e-03
4.64343e-03
4.29292e-03
1.46975e-03
-2.32573e-03
-3.04046e-03
-1.61683e-03
-1.64737e-03
-5.36474e-03
-9.66584e-03
-1.02785e-02
-8.55961e-03
-8.46927e-03
-1.22273e-02
-1.80118e-02
-2.34103e-02
-2.55797e-02
-2.88905e-02
-3.32970e-02
-3.64004e-02
-3.72917e-02
-3.79568e-02
-3.67114e-02
-3.54903e-02
-3.58417e-02
-3.66803e-02
-3.61019e-02
-3.26143e-02
-2.89063e-02
-2.85170e-02
-2.85239e-02
-2.35960e-02
-1.74426e-02
-1.22384e-02
-3.83716e-03
6.65947e-03
1.45288e-02
1.99723e-02
2.57607e-02
3.14852e-02
3.29029e-02
3.15378e-02
3.11508e-02
3.06371e-02
2.51917e-02
1.66155e-02
9.87200e-03
5.61759e-03
-8.23401e-04
-7.87085e-03
-1.56387e-02
-2.13637e-02
-2.60659e-02
-2.90931e-02
-2.99122e-02
-3.13593e-02
-3.26239e-02
-3.21151e-02
-2.96642e-02
-2.85130e-02
-2.76187e-02
-2.20510e-02
-1.49922e-02
-1.21760e-02
-8.61371e-03
-2.89274e-03
6.03645e-04
3.77467e-03
6.51300e-03
1.06854e-02
1.41461e-02
1.80759e-02
2.02699e-02
2.23502e-02
2.50195e-02
2.74581e-02
3.32091e-02
3.99986e-02
4.28356e-02
4.66864e-02
5.24380e-02
5.43114e-02
5.27255e-02
4.86625e-02
3.90969e-02
3.08503e-02
2.39759e-02
1.76635e-02
1.12211e-02
4.18223e-03
-3.04155e-03
-8.62316e-03
-9.99734e-03
-1.13347e-02
-1.43764e-02
-1.60415e-02
-1.66081e-02
-1.84740e-02
-1.95500e-02
-1.83913e-02
-1.54595e-02
-1.43819e-02
-1.54468e-02
-1.64001e-02
-1.77720e-02
-2.19921e-02
-2.40594e-02
-2.28542e-02
-2.16737e-02
-2.19952e-02
-2.43576e-02
-2.93864e-02
-3.14413e-02
-2.98308e-02
-2.83026e-02
-2.85837e-02
-2.88277e-02
-2.60818e-02
-2.22618e-02
-2.07007e-02
-1.89315e-02
-1.61394e-02
-1.44430e-02
-1.21534e-02
-9.15054e-03
-8.28341e-03
-8.39428e-03
-5.73456e-03
-9.79099e-04
3.19794e-03
6.82005e-03
1.11748e-02
1.25030e-02
9.67044e-03
4.08907e-03
2.42892e-03
4.74064e-03
7.28272e-03
9.99228e-03
1.31140e-02
1.63014e-02
1.87284e-02
1.88881e-02
1.80471e-02
1.79549e-02
1.85842e-02
1.82984e-02
1.51043e-02
1.12958e-02
9.94443e-03
8.26794e-03
4.70934e-03
6.44200e-04
-2.91168e-03
-5.31408e-03
-4.60987e-03
-5.61832e-04
3.80793e-03
7.41800e-03
1.29172e-02
1.87790e-02
2.12956e-02
2.39429e-02
2.61516e-02
2.75144e-02
2.59378e-02
2.44257e-02
2.40977e-02
2.19371e-02
1.86078e-02
1.77399e-02
1.89290e-02
2.05544e-02
2.26136e-02
2.22972e-02
1.89467e-02
1.64525e-02
1.50470e-02
1.43901e-02
1.27210e-02
1.16844e-02
1.26268e-02
1.52533e-02
1.69959e-02
1.84376e-02
1.95099e-02
2.13849e-02
2.23329e-02
2.11946e-02
1.84250e-02
1.75863e-02
1.79577e-02
1.56323e-02
1.18022e-02
9.96628e-03
8.80719e-03
8.47902e-03
8.75967e-03
8.03984e-03
5.31513e-03
3.86574e-03
3.81007e-03
1.66224e-03
-2.64659e-03
-6.86584e-03
-1.00814e-02
-1.29147e-02
-1.60659e-02
-1.89772e-02
-1.94269e-02
-1.92786e-02
-2.14493e-02
-2.32127e-02
-2.38210e-02
-2.54984e-02
-2.65425e-02
-2.69833e-02
-2.89102e-02
-3.08669e-02
-3.27674e-02
-3.32502e-02
-3.20254e-02
-2.95049e-02
-2.85635e-02
-2.91559e-02
-2.72857e-02
-2.32528e-02
-2.15171e-02
-2.25385e-02
-2.38517e-02
-2.56990e-02
-2.47256e-02
-2.42746e-02
-2.32254e-02
-2.21441e-02
-2.19791e-02
-1.98541e-02
-1.59633e-02
-1.41983e-02
-1.31943e-02
-1.22956e-02
-9.68491e-03
-6.13037e-03
-7.16086e-03
-9.97527e-03
-1.07483e-02
-1.18313e-02
-1.26587e-02
-1.23914e-02
-1.19922e-02
-1.20988e-02
-1.20728e-02
-9.86073e-03
-7.78790e-03
-5.81751e-03
-5.11225e-03
-5.89199e-03
-6.43436e-03
-5.96188e-03
-4.95005e-03
-2.08325e-03
1.70213e-03
3.00857e-03
3.80581e-03
4.45942e-03
4.63152e-03
4.31315e-03
1.70136e-03
-2.49929e-03
-6.13550e-03
-8.61606e-03
-9.20435e-03
-1.06684e-02
-1.21399e-02
-1.22869e-02
-1.15257e-02
-8.95167e-03
-7.47330e-03
-7.49977e-03
-3.51078e-03
2.08843e-03
3.85040e-03
4.75694e-03
8.12001e-03
1.25984e-02
1.64805e-02
1.94338e-02
2.03008e-02
2.17111e-02
2.26742e-02
2.04400e-02
1.79212e-02
1.38381e-02
1.15212e-02
1.00995e-02
7.52965e-03
5.82030e-03
3.88245e-03
2.75588e-03
3.03891e-03
3.49836e-03
3.53369e-03
3.29240e-03
3.25255e-03
3.01037e-03
3.60521e-04
-3.49409e-03
-4.89458e-03
-5.84245e-03
-6.38034e-03
-6.19636e-03
-6.09982e-03
-6.35222e-03
-6.62975e-03
-6.68860e-03
-6.57136e-03
-6.70271e-03
-9.31898e-03
-1.32392e-02
-1.43254e-02
-1.25424e-02
-9.20073e-03
-7.97150e-03
-8.77261e-03
-7.62434e-03
-5.96641e-03
-5.77866e-03
-5.94375e-03
-4.11639e-03
-4.22807e-03
-3.75102e-03
-2.51280e-03
-2.26611e-03
-2.69574e-03
-2.91987e-03
-2.76046e-03
-2.54794e-03
-2.10835e-03
3.63445e-04
2.05661e-03
1.50708e-03
5.41070e-04
4.92837e-04
1.02581e-03
1.35715e-03
1.26027e-03
9.28768e-04
9.17997e-04
1.12417e-03
1.20773e-03
7.73670e-04
-1.67256e-03
-3.31042e-03
-2.79090e-03
-1.64613e-03
6.63532e-04
1.84425e-03
1.23973e-03
4.97627e-04
5.48551e-04
1.02380e-03
1.28954e-03
1.22018e-03
1.03904e-03
8.48329e-04
1.29316e-03
3.69877e-03
5.61783e-03
7.43414e-03
7.78457e-03
4.85208e-03
3.16443e-03
5.56680e-03
3.43316e-03
-2.91086e-03
-7.42097e-03
-7.01627e-03
-4.78832e-03
-3.93555e-03
-2.68778e-03
-1.62276e-03
2.41385e-04
1.37460e-03
1.01391e-03
5.01910e-04
6.23781e-04
1.03591e-03
1.22730e-03
7.68386e-04
-1.74397e-03
-3.40802e-03
-3.22090e-03
-3.89557e-03
-6.95808e-04
2.73737e-03
2.41945e-03
6.47378e-04
1.47554e-04
5.22936e-04
-1.17450e-03
-2.79159e-03
-2.95055e-03
-4.56534e-03
-6.09158e-03
-5.60874e-03
-2.22619e-03
2.21602e-03
5.55870e-03
7.75419e-03
7.95206e-03
7.15438e-03
7.05419e-03
7.71934e-03
8.03685e-03
5.79011e-03
3.86850e-03
4.02824e-03
5.20655e-03
7.64175e-03
9.29264e-03
1.06341e-02
1.16168e-02
1.11364e-02
8.74646e-03
6.80843e-03
5.25501e-03
2.20072e-03
-1.74391e-03
-5.65134e-03
-1.08495e-02
-1.59061e-02
-1.90897e-02
-2.16160e-02
-2.48625e-02
-2.85778e-02
-3.02502e-02
-2.97866e-02
-3.07929e-02
-3.11063e-02
-2.95878e-02
-2.70616e-02
-2.54979e-02
-2.61727e-02
-2.68800e-02
-2.48777e-02
-2.20728e-02
-1.96964e-02
-1.66737e-02
-1.28878e-02
-7.74673e-03
-4.21398e-03
-1.21600e-03
1.36793e-03
3.61037e-03
6.79518e-03
8.59543e-03
8.13340e-03
7.37851e-03
7.52612e-03
8.11898e-03
8.40942e-03
8.51007e-03
9.94221e-03
1.01191e-02
1.02109e-02
1.16833e-02
1.40375e-02
1.53109e-02
1.30474e-02
1.01959e-02
8.33171e-03
7.72909e-03
8.38296e-03
8.86384e-03
8.58697e-03
8.31950e-03
1.01191e-02
1.22122e-02
1.22407e-02
1.11988e-02
8.91296e-03
6.97723e-03
5.60213e-03
4.56725e-03
2.83836e-03
1.21411e-03
9.73686e-04
-2.82565e-04
-2.01281e-03
-2.34671e-03
-3.34889e-03
-3.10616e-03
-1.34901e-03
-8.45345e-04
-1.55393e-03
-1.86418e-03
2.38738e-04
2.78697e-03
4.76390e-03
6.15045e-03
9.85274e-03
1.54759e-02
1.93455e-02
2.02170e-02
2.28055e-02
2.63195e-02
2.66613e-02
2.33491e-02
1.75074e-02
1.24485e-02
9.96562e-03
8.11805e-03
6.65740e-03
6.51028e-03
6.72153e-03
6.59539e-03
7.74978e-03
9.85781e-03
1.01041e-02
7.68197e-03
4.96405e-03
4.93525e-03
4.74243e-03
2.87652e-03
5.58239e-04
-2.63620e-03
-4.72948e-03
-5.79013e-03
-7.09379e-03
-7.30273e-03
-5.51557e-03
-4.74361e-03
-7.06918e-03
-8.63216e-03
-8.16304e-03
-7.11559e-03
-6.89113e-03
-7.23270e-03
-5.90196e-03
-1.99038e-03
8.26652e-04
1.65845e-03
2.45494e-03
2.64483e-03
1.10249e-03
-9.69934e-04
-9.80469e-04
1.44497e-04
1.82516e-03
3.56670e-03
3.58303e-03
3.85674e-03
4.83727e-03
4.62310e-03
4.80639e-03
3.43857e-03
1.33839e-03
-1.82074e-03
-4.33986e-03
-4.16116e-03
-4.09093e-03
-6.17276e-03
-6.22881e-03
-3.30021e-03
-1.97169e-03
-2.91306e-03
-3.91180e-03
-3.84092e-03
-3.25510e-03
-1.79967e-03
5.48449e-04
2.22567e-03
3.76299e-03
5.07712e-03
6.93016e-03
6.31052e-03
3.34791e-03
2.37480e-03
3.60283e-03
3.64837e-03
1.14710e-03
-1.42840e-03
-3.22315e-03
-3.06350e-03
-2.19372e-03
-8.80580e-04
1.07766e-03
1.39183e-03
1.68623e-03
3.71376e-03
5.92628e-03
8.92332e-03
1.14828e-02
1.24180e-02
1.45391e-02
1.76689e-02
1.86727e-02
1.86671e-02
2.11851e-02
2.50585e-02
2.62052e-02
2.49119e-02
2.41258e-02
2.46061e-02
2.37803e-02
1.91124e-02
1.50647e-02
1.15556e-02
9.91285e-03
7.88955e-03
4.89721e-03
3.86073e-03
4.66229e-03
5.12269e-03
4.76338e-03
3.42038e-03
1.84222e-04
-3.13022e-03
-3.46311e-03
-3.53778e-03
-8.38748e-03
-1.44363e-02
-1.81418e-02
-2.03671e-02
-2.30129e-02
-2.67411e-02
-3.01484e-02
-3.06514e-02
-2.94528e-02
-2.83245e-02
-2.57570e-02
-2.28842e-02
-2.17944e-02
-2.05889e-02
-1.98953e-02
-1.92576e-02
-1.69835e-02
-1.49060e-02
-1.23152e-02
-7.95298e-03
-1.08699e-03
5.68482e-03
9.28064e-03
1.19986e-02
1.65862e-02
2.02159e-02
2.40242e-02
2.54212e-02
2.45119e-02
2.54020e-02
3.07157e-02
3.37774e-02
3.25714e-02
2.92555e-02
2.36882e-02
1.93268e-02
1.70200e-02
1.46986e-02
1.12298e-02
7.94279e-03
7.32116e-03
7.50916e-03
5.44066e-03
2.99273e-03
9.54429e-05
-3.47428e-03
-6.27846e-03
-6.37506e-03
-5.25128e-03
-4.24292e-03
-2.56298e-03
-2.15335e-03
-2.93071e-03
-3.23207e-03
-2.82766e-03
-2.42211e-03
-2.37139e-03
-2.51438e-03
-2.60118e-03
-2.57603e-03
-2.52217e-03
-2.87887e-03
-5.64834e-03
-9.67951e-03
-1.07979e-02
-9.34598e-03
-8.36021e-03
-8.81312e-03
-9.64079e-03
-9.89746e-03
-9.65591e-03
-9.41726e-03
-9.40779e-03
-9.51165e-03
-9.56697e-03
-9.54611e-03
-9.50971e-03
-9.50054e-03
-9.51206e-03
-9.52132e-03
-9.52058e-03
-9.14242e-03
-6.75989e-03
-4.77821e-03
-3.05964e-03
-1.92523e-03
3.85058e-04
3.84000e-03
5.41837e-03
6.79459e-03
8.04381e-03
1.02681e-02
1.16494e-02
1.12988e-02
9.94351e-03
5.25395e-03
2.41664e-03
2.95893e-03
1.48081e-04
-3.03847e-03
-3.48870e-03
-4.81501e-03
-6.12655e-03
-6.10501e-03
-5.83236e-03
-5.94531e-03
-6.55902e-03
-8.89156e-03
-1.03675e-02
-9.81623e-03
-8.94003e-03
-9.14424e-03
-1.18243e-02
-1.59245e-02
-1.75557e-02
-1.65485e-02
-1.73437e-02
-1.95838e-02
-2.04324e-02
-2.02190e-02
-2.17524e-02
-2.38289e-02
-2.40218e-02
-2.29765e-02
-2.04430e-02
-1.68294e-02
-1.51259e-02
-1.40385e-02
-1.09103e-02
-6.57813e-03
-2.90611e-03
-1.69086e-03
-5.68356e-04
2.61839e-03
4.85895e-03
4.77039e-03
5.58584e-03
5.78443e-03
6.25087e-03
7.76929e-03
8.27261e-03
8.03625e-03
9.64838e-03
1.17350e-02
1.20888e-02
1.30876e-02
1.49682e-02
1.73239e-02
1.92281e-02
2.26599e-02
2.57463e-02
2.57754e-02
2.66477e-02
2.99396e-02
2.85948e-02
2.39446e-02
2.11338e-02
2.11105e-02
2.21920e-02
2.06844e-02
1.80878e-02
1.72218e-02
1.60786e-02
1.29362e-02
8.97780e-03
5.56248e-03
3.93592e-03
3.07908e-03
1.66914e-03
1.14999e-03
1.34809e-03
1.35320e-03
-4.20724e-04
-2.92795e-03
-3.21434e-03
-2.25254e-03
-3.33882e-03
-6.12541e-03
-7.02562e-03
-6.07125e-03
-3.80895e-03
-1.62002e-03
-2.65890e-04
1.00818e-03
1.12711e-03
7.70394e-04
2.10512e-03
3.21227e-03
3.05532e-03
4.05656e-03
4.66976e-03
4.45750e-03
4.15408e-03
4.18852e-03
4.39221e-03
4.49562e-03
4.45900e-03
4.38309e-03
3.26613e-03
-1.61283e-04
-3.24733e-03
-4.20382e-03
-5.02788e-03
-5.28800e-03
-5.24446e-03
-5.38820e-03
-5.61187e-03
-7.02634e-03
-9.52835e-03
-8.95983e-03
-5.55079e-03
-4.25228e-03
-5.41442e-03
-5.35553e-03
-2.79274e-03
-1.45899e-03
-2.04736e-03
-2.79509e-03
-1.97383e-03
8.99781e-04
3.06870e-03
4.69939e-03
4.94540e-03
4.30952e-03
4.08749e-03
4.46645e-03
4.86076e-03
4.92025e-03
4.73025e-03
5.24276e-03
8.37026e-03
1.21110e-02
1.27661e-02
1.11897e-02
1.11084e-02
1.41060e-02
1.68552e-02
1.87507e-02
1.88665e-02
1.80428e-02
1.77859e-02
1.82273e-02
1.78981e-02
1.55352e-02
1.42053e-02
1.44567e-02
1.30453e-02
1.14922e-02
1.14985e-02
1.21073e-02
1.25918e-02
1.41214e-02
1.30082e-02
1.09016e-02
1.06804e-02
1.16183e-02
1.21201e-02
1.19013e-02
1.16892e-02
1.17219e-02
1.18204e-02
1.18644e-02
1.14845e-02
8.69209e-03
4.50942e-03
3.28592e-03
4.42896e-03
3.26860e-03
1.30194e-03
9.22635e-04
1.50884e-03
1.80840e-03
1.59187e-03
1.31143e-03
1.26592e-03
1.00224e-03
-1.29845e-03
-2.94068e-03
-2.83216e-03
-4.66902e-03
-8.61632e-03
-1.02257e-02
-9.09616e-03
-8.05281e-03
-8.32665e-03
-9.08783e-03
-9.39090e-03
-8.82688e-03
-6.20876e-03
-4.53836e-03
-4.76988e-03
-3.74497e-03
-4.89970e-03
-8.88919e-03
-1.06017e-02
-9.25406e-03
-7.80583e-03
-8.04785e-03
-9.03127e-03
-9.20558e-03
-6.74846e-03
-2.49223e-03
-3.81365e-04
6.13602e-04
3.14970e-03
4.84588e-03
2.57878e-03
-1.94805e-03
-3.99780e-03
-4.67845e-03
-7.13511e-03
-9.19568e-03
-8.86691e-03
-6.03086e-03
-1.83211e-03
1.84182e-03
4.30314e-03
4.81499e-03
4.29769e-03
5.80802e-03
6.60875e-03
6.84559e-03
6.11502e-03
4.51608e-03
4.02397e-03
2.86232e-03
1.40283e-03
1.18472e-03
1.61280e-03
1.77732e-03
1.77963e-03
3.51123e-03
5.44452e-03
5.40966e-03
4.52806e-03
4.27488e-03
4.68060e-03
5.05786e-03
4.63443e-03
6.62844e-04
-3.22034e-03
-2.93916e-03
-1.05029e-03
-5.53283e-04
-1.63552e-03
-4.59645e-03
-8.55353e-03
-1.00533e-02
-9.02721e-03
-9.87152e-03
-1.21207e-02
-1.26911e-02
-1.19490e-02
-1.17410e-02
-1.39600e-02
-1.62880e-02
-1.62292e-02
-1.51444e-02
-1.47904e-02
-1.52301e-02
-1.56446e-02
-1.55436e-02
-1.53392e-02
-1.52545e-02
-1.53244e-02
-1.53588e-02
-1.53654e-02
-1.53190e-02
-1.50871e-02
-1.28494e-02
-8.81168e-03
-7.07775e-03
-8.09700e-03
-7.32755e-03
-4.85826e-03
-2.14714e-03
-7.54579e-04
-1.32424e-03
-1.63905e-03
2.41523e-03
6.90209e-03
6.93320e-03
4.94736e-03
4.28109e-03
5.09380e-03
5.79993e-03
5.85228e-03
5.53810e-03
5.40043e-03
5.56178e-03
5.69698e-03
5.68880e-03
5.84699e-03
7.68637e-03
9.91368e-03
1.19385e-02
1.30071e-02
1.24557e-02
1.18903e-02
1.16309e-02
9.64817e-03
8.22944e-03
8.68933e-03
9.48756e-03
9.15586e-03
6.48070e-03
4.68473e-03
5.26237e-03
5.68787e-03
9.80811e-04
-2.93218e-03
-2.12381e-03
-1.71050e-04
1.84785e-04
-6.81154e-04
-1.74089e-03
-4.45369e-03
-8.12370e-03
-9.07739e-03
-7.70176e-03
-6.82500e-03
-6.92034e-03
-4.94825e-03
-1.15453e-03
2.31358e-04
-9.75168e-05
3.63580e-03
7.11123e-03
6.82810e-03
5.34437e-03
5.21738e-03
5.93829e-03
6.38052e-03
6.34387e-03
6.26556e-03
5.78437e-03
3.10812e-03
-7.50264e-04
-1.83255e-03
-4.36282e-04
5.16484e-04
4.55280e-04
2.03886e-03
3.43003e-03
3.15064e-03
2.48591e-03
2.21617e-03
2.19759e-04
-1.15553e-03
-1.10535e-03
-2.61659e-03
-4.49019e-03
-6.80339e-03
-7.83605e-03
-7.59148e-03
-9.36848e-03
-1.15649e-02
-1.39108e-02
-1.48109e-02
-1.44913e-02
-1.62974e-02
-1.81451e-02
-1.83263e-02
-1.98368e-02
-2.16923e-02
-2.39759e-02
-2.49621e-02
-2.41770e-02
-2.34705e-02
-2.33561e-02
-2.16927e-02
-2.03663e-02
-2.03155e-02
-1.86225e-02
-1.66701e-02
-1.45716e-02
-1.33477e-02
-1.11717e-02
-7.30030e-03
-2.97413e-03
2.82919e-03
7.13228e-03
7.43349e-03
8.06153e-03
9.44265e-03
1.00393e-02
9.98570e-03
9.92159e-03
9.66390e-03
7.41682e-03
5.80841e-03
6.28293e-03
7.15408e-03
7.04768e-03
6.44763e-03
6.17716e-03
6.30666e-03
6.48744e-03
6.51593e-03
6.44929e-03
6.40799e-03
6.05005e-03
3.70137e-03
2.07921e-03
2.59342e-03
3.51816e-03
3.57737e-03
3.07966e-03
2.76708e-03
2.83441e-03
2.99922e-03
2.93894e-03
3.12423e-03
5.18841e-03
7.09453e-03
6.92829e-03
5.95719e-03
5.64794e-03
6.20724e-03
6.76719e-03
6.77159e-03
6.61636e-03
8.33571e-03
1.03975e-02
1.03434e-02
7.59796e-03
5.31289e-03
5.53123e-03
4.87593e-03
2.99165e-03
5.79884e-04
-9.31021e-04
-8.97935e-04
-2.36637e-03
-6.18868e-03
-8.45584e-03
-7.70987e-03
-6.48949e-03
-6.50410e-03
-7.23999e-03
-7.66241e-03
-7.77753e-03
-9.50060e-03
-1.16214e-02
-1.33123e-02
-1.26534e-02
-1.22810e-02
-1.38277e-02
-1.45487e-02
-1.24551e-02
-9.93212e-03
-8.03886e-03
-7.18075e-03
-7.67808e-03
-8.18287e-03
-8.21562e-03
-9.72164e-03
-1.14865e-02
-1.14532e-02
-1.06396e-02
-1.04115e-02
-1.05596e-02
-8.73195e-03
-4.92154e-03
-1.24744e-03
1.85152e-03
6.42148e-03
1.19907e-02
1.57037e-02
1.82213e-02
1.96723e-02
1.95500e-02
1.92281e-02
1.94490e-02
1.85095e-02
1.63930e-02
1.43260e-02
1.13452e-02
9.17119e-03
7.99124e-03
6.66856e-03
6.31956e-03
4.97597e-03
1.13470e-03
-1.71300e-03
-1.21952e-03
3.09354e-04
6.59140e-04
-8.44631e-05
-8.08286e-04
-9.45870e-04
-6.52295e-04
-3.20315e-04
-9.51520e-05
1.38082e-03
3.56862e-03
3.91968e-03
4.59514e-03
6.49984e-03
7.11869e-03
6.58116e-03
6.21488e-03
6.42488e-03
6.76717e-03
6.85122e-03
5.49244e-03
2.85622e-03
2.19913e-03
1.89797e-03
1.99993e-05
-8.40923e-04
-2.47164e-04
2.72399e-04
9.59383e-05
-2.95566e-04
-4.21695e-04
-3.83049e-04
-4.33042e-04
-4.70863e-04
-4.54526e-04
-4.34717e-04
-4.38604e-04
-4.50790e-04
-4.64981e-04
-1.54831e-03
-3.91271e-03
-5.81584e-03
-7.39863e-03
-7.49266e-03
-6.72709e-03
-6.50646e-03
-6.93144e-03
-7.30679e-03
-6.14569e-03
-3.51758e-03
-2.71468e-03
-2.54945e-03
-2.02082e-03
-2.32553e-03
-1.00320e-03
6.46689e-05
-7.89162e-05
5.97720e-04
2.96957e-03
3.90560e-03
3.20117e-03
2.56585e-03
1.96331e-03
7.66917e-04
1.42703e-03
7.67709e-04
-4.59074e-04
-6.39839e-04
-2.07420e-04
-6.77620e-06
-1.67579e-04
-3.62658e-04
-3.95206e-04
-1.08883e-03
-3.44267e-03
-3.84281e-03
-1.52186e-03
-2.00912e-03
-3.96083e-03
-4.52030e-03
-4.65522e-03
-6.51580e-03
-7.60494e-03
-7.12056e-03
-6.50692e-03
-6.57319e-03
-7.02023e-03
-7.38147e-03
-7.38010e-03
-7.19057e-03
-6.32973e-03
-3.96107e-03
-2.85784e-03
-2.79584e-03
-1.12237e-03
1.61970e-04
-4.19867e-05
-5.82840e-04
-5.86653e-04
-2.43144e-04
-3.25453e-05
-7.40303e-05
-1.87468e-04
-2.21780e-04
-1.83311e-04
-1.44728e-04
-1.39487e-04
-1.50909e-04
-1.54674e-04
-4.93755e-04
-2.69409e-03
-4.60744e-03
-6.67575e-03
-7.56532e-03
-6.95719e-03
-6.42894e-03
-6.66323e-03
-7.14382e-03
-7.29153e-03
-6.99471e-03
-6.73156e-03
-6.74944e-03
-6.86945e-03
-6.90513e-03
-6.85649e-03
-6.80928e-03
-6.80384e-03
-6.81921e-03
-6.82639e-03
-6.53138e-03
-4.33892e-03
-6.68760e-04
1.06502e-03
8.27591e-05
-1.02598e-03
-8.49779e-04
-8.04276e-05
2.91989e-04
1.44379e-04
-9.53900e-05
-1.44588e-04
-5.62107e-05
1.34810e-05
1.07868e-05
-1.92926e-05
-2.97229e-05
-1.78185e-05
-3.83794e-06
8.82848e-07
3.83111e-08
6.56093e-07
4.14058e-06
2.39199e-04
2.22141e-03
4.19434e-03
4.06871e-03
3.12320e-03
2.87843e-03
3.40449e-03
5.36862e-03
7.68285e-03
7.77502e-03
6.71935e-03
6.31468e-03
6.73852e-03
7.20379e-03
7.25782e-03
6.96795e-03
6.60828e-03
5.06534e-03
1.48697e-03
-1.00275e-03
-4.04749e-04
1.01501e-03
2.60468e-03
2.57472e-03
1.14167e-04
4.48906e-04
1.97439e-03
8.38178e-04
-3.75040e-04
-2.97503e-04
2.61065e-04
4.30386e-04
2.15744e-04
1.70363e-05
1.57522e-05
1.09087e-04
1.45800e-04
-1.04442e-03
-3.53855e-03
-5.40820e-03
-6.95886e-03
-6.93862e-03
-6.12603e-03
-6.01890e-03
-5.47267e-03
-2.27953e-03
9.36785e-04
9.68928e-04
-4.60305e-04
-8.95714e-04
-2.26773e-04
4.13515e-04
4.59471e-04
1.95725e-04
4.48851e-05
9.24735e-05
1.87493e-04
2.15173e-04
1.87596e-04
1.63447e-04
1.60062e-04
-5.98510e-04
-3.00674e-03
-4.17101e-03
-3.47077e-03
-2.69720e-03
-2.79152e-03
-3.27813e-03
-2.73872e-03
-2.18533e-04
1.10616e-03
4.45748e-04
3.93613e-04
2.86760e-03
4.52824e-03
3.38943e-03
4.54045e-06
-1.49540e-03
-3.58628e-04
1.35815e-03
3.76510e-03
4.67671e-03
3.75272e-03
3.30555e-03
5.72396e-03
7.82413e-03
7.58261e-03
6.95950e-03
8.74226e-03
8.44436e-03
6.65781e-03
6.23604e-03
6.93763e-03
7.41963e-03
6.98552e-03
4.70981e-03
2.92022e-03
3.25584e-03
3.97932e-03
2.17052e-03
-2.59905e-04
-4.83459e-04
4.90144e-04
9.12322e-04
5.54951e-04
1.31427e-04
-1.59492e-04
-1.97339e-03
-4.06223e-03
-5.93033e-03
-7.00999e-03
-6.65311e-03
-5.88975e-03
-4.25864e-03
-4.70637e-03
-7.01810e-03
-7.64681e-03
-6.64170e-03
-5.90502e-03
-5.98146e-03
-4.85119e-03
-2.69577e-03
-2.30125e-03
-3.13935e-03
-3.68492e-03
-3.54412e-03
-3.14518e-03
-2.98673e-03
-3.09812e-03
-3.23553e-03
-3.25692e-03
-3.20511e-03
-3.08064e-03
-1.50896e-03
7.77153e-04
1.03153e-03
1.56175e-04
1.29785e-03
4.05435e-03
6.33857e-03
7.74945e-03
7.39826e-03
6.65098e-03
8.09421e-03
1.10770e-02
1.33430e-02
1.45061e-02
1.40448e-02
1.33874e-02
1.34072e-02
1.23394e-02
1.03056e-02
9.97232e-03
1.08061e-02
9.79261e-03
7.19690e-03
6.46501e-03
7.29188e-03
5.15284e-03
-1.19564e-05
-1.38816e-03
-6.61711e-04
-1.74093e-03
-4.07770e-03
-6.65005e-03
-5.87716e-03
-2.56181e-03
-1.60511e-03
-2.91715e-03
-2.77345e-03
-1.11389e-04
1.22052e-03
5.78026e-04
-2.06312e-04
-1.51567e-04
3.14195e-04
5.35454e-04
-6.34980e-04
-1.97469e-03
-3.72848e-04
1.14596e-03
9.36440e-04
1.28087e-04
-9.79429e-05
1.37756e-03
4.10994e-03
4.80697e-03
3.79463e-03
3.11319e-03
3.37563e-03
2.74309e-03
1.62837e-03
3.23387e-03
4.65956e-03
4.38355e-03
3.59731e-03
4.57171e-03
7.26105e-03
8.13160e-03
7.28011e-03
6.47391e-03
6.59497e-03
7.11074e-03
7.33346e-03
7.19307e-03
5.91811e-03
2.43745e-03
-5.93200e-04
-4.15439e-04
1.03706e-03
1.39615e-03
6.98042e-04
1.23712e-03
2.51355e-03
2.19914e-03
3.20311e-03
2.93716e-03
3.71985e-04
-7.34885e-04
-1.07400e-03
-2.79059e-03
-4.84659e-03
-6.79154e-03
-6.99981e-03
-7.44733e-03
-9.67101e-03
-1.07534e-02
-1.02328e-02
-8.48980e-03
-7.29673e-03
-8.27851e-03
-7.58216e-03
-6.53319e-03
-6.42885e-03
-6.78752e-03
-6.91601e-03
-6.75896e-03
-6.60116e-03
-6.59052e-03
-6.64590e-03
-5.60736e-03
-4.39775e-03
-4.92016e-03
-4.10264e-03
-3.21775e-03
-3.24333e-03
-3.51376e-03
-3.41222e-03
-3.17144e-03
-1.91874e-03
4.82416e-04
1.12165e-03
2.36387e-04
-3.54208e-04
-9.21389e-05
3.73621e-04
-6.70627e-04
-4.44254e-03
-7.72507e-03
-7.53302e-03
-5.96891e-03
-5.57253e-03
-6.32321e-03
-6.98528e-03
-7.00324e-03
-6.71425e-03
-6.56250e-03
-6.62005e-03
-6.71927e-03
-6.74334e-03
-6.71092e-03
-6.68498e-03
-6.68827e-03
-6.70310e-03
-6.71028e-03
-6.70833e-03
-6.70537e-03
-6.70613e-03
-6.70925e-03
-6.71185e-03
-6.71315e-03
-6.71400e-03
-6.70094e-03
-5.43157e-03
-1.71387e-03
1.30232e-03
9.90861e-04
-4.95395e-04
-8.00287e-04
-3.41435e-05
1.76769e-03
5.30064e-03
7.98423e-03
7.59909e-03
6.23117e-03
7.17597e-03
1.03783e-02
1.28004e-02
1.31650e-02
1.05154e-02
9.06823e-03
9.99815e-03
1.11811e-02
9.73034e-03
6.84869e-03
6.23096e-03
7.29043e-03
7.94344e-03
7.64434e-03
7.12865e-03
6.98101e-03
6.94815e-03
5.37530e-03
1.63695e-03
-9.08578e-04
-2.71241e-04
1.09552e-03
1.10020e-03
-1.25961e-03
-4.17067e-03
-5.93088e-03
-6.98745e-03
-6.60069e-03
-6.01861e-03
-6.34528e-03
-8.54102e-03
-1.25229e-02
-1.48059e-02
-1.39315e-02
-1.25749e-02
-1.25086e-02
-1.18711e-02
-1.02195e-02
-9.86566e-03
-1.04030e-02
-9.15270e-03
-6.59757e-03
-5.99752e-03
-6.78730e-03
-7.18335e-03
-6.89473e-03
-6.42143e-03
-4.76305e-03
-2.60584e-03
-1.03359e-03
2.87099e-04
3.09134e-04
1.32857e-03
3.59907e-03
4.24927e-03
3.55393e-03
3.08691e-03
3.31161e-03
3.78234e-03
5.35388e-03
7.36852e-03
7.48308e-03
5.48893e-03
2.84998e-03
2.56837e-03
3.79593e-03
4.42007e-03
4.01474e-03
2.29567e-03
8.78636e-04
1.66494e-03
2.11320e-03
3.58977e-03
4.22384e-03
3.68256e-03
3.17703e-03
4.43189e-03
7.13374e-03
7.78444e-03
5.67961e-03
2.74035e-03
2.35854e-03
2.51256e-03
7.75971e-04
-3.07464e-04
-2.05322e-05
4.48783e-04
3.92603e-04
6.79178e-05
-9.71006e-05
-3.80676e-05
6.44583e-05
8.60528e-05
4.70298e-05
2.81680e-05
1.20180e-03
3.66596e-03
4.35996e-03
3.47910e-03
4.03007e-03
6.72999e-03
7.90463e-03
7.08471e-03
6.14823e-03
6.20471e-03
6.74522e-03
7.00158e-03
6.87228e-03
6.68114e-03
6.63973e-03
6.70315e-03
6.75052e-03
6.74181e-03
6.71253e-03
6.69878e-03
6.70220e-03
6.70700e-03
6.70459e-03
6.69795e-03
6.69256e-03
6.68966e-03
6.67410e-03
5.49722e-03
3.11013e-03
1.34604e-03
9.09222e-04
3.26313e-03
4.46752e-03
2.48152e-03
-8.76488e-04
-1.53542e-03
-3.07460e-04
4.70103e-04
1.61566e-04
-4.29484e-04
-5.34178e-04
-1.93481e-04
2.00549e-05
-5.43739e-05
-1.35115e-03
-3.82896e-03
-4.46053e-03
-2.37859e-03
-4.92217e-04
-2.52804e-03
-4.59079e-03
-3.29698e-03
1.66782e-04
1.23151e-03
1.10324e-05
-9.67603e-04
-7.53138e-04
-1.22405e-04
1.03200e-04
-1.23952e-03
-3.80619e-03
-4.34687e-03
-3.34883e-03
-3.92617e-03
-6.68961e-03
-7.88076e-03
-7.12453e-03
-6.35091e-03
-6.45293e-03
-5.75963e-03
-2.43825e-03
7.19613e-04
7.16703e-04
-8.25101e-04
-1.23685e-03
-3.68098e-04
3.50534e-04
3.22949e-04
-1.34885e-05
-1.63785e-04
-8.34835e-05
2.32965e-05
4.93959e-05
1.16418e-03
2.40906e-03
6.48321e-04
-9.18111e-04
-6.45309e-04
2.13288e-04
4.39870e-04
1.02761e-04
-1.94535e-04
-1.97137e-04
-7.85937e-05
-1.10714e-03
-3.43074e-03
-5.28218e-03
-5.74905e-03
-3.41645e-03
-3.23817e-03
-6.41924e-03
-8.13044e-03
-7.35357e-03
-6.27587e-03
-6.22828e-03
-6.77635e-03
-7.10149e-03
-7.02127e-03
-6.83601e-03
-6.78419e-03
-6.84739e-03
-6.90766e-03
-6.99617e-03
-7.15052e-03
-7.19053e-03
-7.03937e-03
-5.67159e-03
-4.36819e-03
-6.21689e-03
-6.76126e-03
-4.18917e-03
-2.62809e-03
-2.03518e-03
-5.06717e-04
2.21808e-05
-5.08793e-04
-7.19681e-04
-4.21544e-04
-1.19822e-04
-8.50428e-05
-2.01292e-04
-3.58462e-04
-4.38037e-04
-3.58901e-04
-3.29483e-04
-2.26640e-04
9.82797e-04
3.39479e-03
4.04911e-03
3.24697e-03
2.74115e-03
2.95534e-03
3.49355e-03
3.62148e-03
3.38151e-03
3.33703e-03
3.43542e-03
3.48663e-03
3.45113e-03
2.32632e-03
4.20213e-05
-5.90299e-04
2.37618e-04
8.04198e-04
6.45728e-04
3.63264e-04
2.66843e-04
3.31816e-04
4.14469e-04
4.32641e-04
4.05137e-04
3.80654e-04
3.77124e-04
3.95592e-04
1.57000e-03
4.01590e-03
4.68659e-03
2.71636e-03
9.93955e-04
3.05229e-03
5.03548e-03
3.70836e-03
1.51779e-03
3.03884e-03
6.06982e-03
7.48098e-03
4.93894e-03
2.98489e-03
4.63363e-03
7.00598e-03
5.44696e-03
3.45020e-03
2.18273e-03
6.24702e-04
3.01622e-04
9.42621e-04
1.11888e-03
7.41407e-04
4.83830e-04
6.28396e-04
8.03053e-04
8.07774e-04
7.34674e-04
7.02186e-04
7.20756e-04
7.43304e-04
8.25303e-04
9.84121e-04
9.38174e-04
6.96418e-04
6.03130e-04
7.64824e-04
1.01191e-03
9.65449e-04
7.60228e-04
7.32890e-04
6.93556e-04
6.70166e-04
7.64397e-04
9.46629e-04
9.83150e-04
9.01450e-04
8.48141e-04
8.64969e-04
8.98820e-04
8.78538e-04
-1.48741e-03
-6.40900e-03
-7.79569e-03
-6.02023e-03
-4.78980e-03
-5.31187e-03
-7.55016e-03
-1.04772e-02
-9.76317e-03
-6.08119e-03
-4.73550e-03
-7.11223e-03
-1.06830e-02
-1.13946e-02
-9.94380e-03
-8.98416e-03
-8.15399e-03
-6.47787e-03
-6.10238e-03
-6.75215e-03
-7.23579e-03
-7.03811e-03
-5.55081e-03
-3.07440e-03
-2.43553e-03
-2.72089e-03
-1.02854e-03
4.15872e-04
2.57246e-04
-3.58088e-04
-4.29294e-04
6.74065e-04
3.26482e-03
4.27578e-03
3.48095e-03
2.61726e-03
2.67050e-03
3.90008e-03
5.63902e-03
4.95885e-03
4.60143e-03
3.29227e-03
3.11936e-03
5.87360e-03
7.62265e-03
6.95789e-03
5.86514e-03
5.75431e-03
6.28197e-03
6.65160e-03
6.72714e-03
6.47853e-03
6.25345e-03
6.27351e-03
6.38851e-03
6.42743e-03
6.38467e-03
6.36531e-03
6.50010e-03
6.48570e-03
6.50730e-03
6.58793e-03
6.25683e-03
3.98732e-03
2.30434e-03
2.84309e-03
3.86801e-03
3.97353e-03
3.22864e-03
6.19666e-04
-9.86157e-04
-3.46378e-04
6.37356e-04
6.67241e-04
-9.26614e-05
-2.26124e-03
-4.02000e-03
-3.71847e-03
-3.01353e-03
-4.82235e-03
-7.25580e-03
-7.49067e-03
-6.51250e-03
-5.95586e-03
-6.42370e-03
-8.94873e-03
-1.09116e-02
-1.03531e-02
-9.21926e-03
-8.87143e-03
-7.81389e-03
-8.01711e-03
-8.14520e-03
-6.61206e-03
-5.82223e-03
-6.09991e-03
-4.97565e-03
-2.63945e-03
-2.11289e-03
-2.95376e-03
-3.44906e-03
-3.07343e-03
-2.59011e-03
-2.51983e-03
-2.58799e-03
-2.65016e-03
-2.54990e-03
-2.35839e-03
-2.31867e-03
-2.39088e-03
-2.43060e-03
-2.30226e-03
-2.02675e-03
-5.40220e-04
1.51447e-03
1.71138e-03
9.16281e-04
7.13236e-04
1.10277e-03
1.43902e-03
1.45313e-03
1.39844e-03
1.50029e-03
1.65722e-03
1.81173e-03
1.90541e-03
1.91786e-03
6.74600e-04
-1.69034e-03
-2.29840e-03
-2.50406e-03
-4.20841e-03
-5.03603e-03
-4.59517e-03
-4.20761e-03
-4.24011e-03
-4.49193e-03
-4.55455e-03
-4.34015e-03
-4.20104e-03
-4.23650e-03
-4.22703e-03
-4.06535e-03
-3.98726e-03
-4.03256e-03
-4.07840e-03
-3.30373e-03
-8.55002e-04
1.09208e-03
2.79556e-03
3.17351e-03
2.61840e-03
2.51393e-03
2.87477e-03
3.04191e-03
3.03053e-03
3.12603e-03
3.90528e-03
5.39609e-03
4.12757e-03
2.27313e-03
2.32037e-03
3.27322e-03
3.63931e-03
3.26720e-03
2.74422e-03
2.62501e-03
2.81500e-03
2.95302e-03
2.91910e-03
2.82757e-03
2.72957e-03
1.80227e-03
-6.75476e-04
-1.79056e-03
-1.04823e-03
-2.94737e-04
-8.50838e-05
1.61147e-03
2.89822e-03
2.52642e-03
1.82142e-03
1.79553e-03
2.20240e-03
2.42641e-03
1.82740e-03
-8.16581e-04
-2.09516e-03
9.05045e-04
3.51084e-03
3.01030e-03
1.53097e-03
1.14767e-03
1.35545e-03
-1.48193e-04
1.87540e-04
-4.21674e-04
-1.71284e-03
-1.86859e-03
-1.77244e-03
-3.58945e-03
-3.41346e-03
-3.85737e-03
-5.11187e-03
-5.38733e-03
-4.97035e-03
-4.74497e-03
-4.90361e-03
-5.12266e-03
-5.17193e-03
-5.10083e-03
-5.04623e-03
-5.05531e-03
-5.08870e-03
-5.10498e-03
-5.10159e-03
-5.09627e-03
-5.09903e-03
-5.10667e-03
-5.11341e-03
-4.88649e-03
-2.91096e-03
-9.44440e-04
-1.09379e-03
-1.95762e-03
-3.72259e-04
2.03785e-03
2.35800e-03
1.43039e-03
9.76306e-04
1.29062e-03
1.70439e-03
1.77751e-03
1.62211e-03
1.52338e-03
1.67461e-03
1.86936e-03
1.87880e-03
1.79182e-03
1.75233e-03
1.77775e-03
1.80878e-03
1.81005e-03
1.79294e-03
1.78020e-03
1.77808e-03
1.77925e-03
1.79370e-03
1.91380e-03
1.69405e-03
-2.96477e-04
-2.18701e-03
-2.23518e-03
-3.14670e-03
-4.75288e-03
-5.06770e-03
-4.54351e-03
-4.19288e-03
-4.41688e-03
-4.70159e-03
-4.66421e-03
-4.52398e-03
-4.47576e-03
-4.51225e-03
-4.54985e-03
-4.55273e-03
-4.29246e-03
-2.16850e-03
1.65409e-04
1.99729e-03
2.94605e-03
2.55018e-03
2.08183e-03
2.38336e-03
2.96229e-03
3.15053e-03
2.99130e-03
2.83559e-03
2.83593e-03
2.90768e-03
2.94091e-03
2.92132e-03
2.89302e-03
2.88469e-03
2.89031e-03
2.89372e-03
2.88962e-03
2.88281e-03
2.87812e-03
2.87570e-03
2.89001e-03
3.01175e-03
3.00738e-03
2.87001e-03
3.16373e-03
4.95807e-03
4.84573e-03
2.68192e-03
1.88131e-03
2.61466e-03
3.29657e-03
3.22493e-03
2.83357e-03
2.65493e-03
2.74014e-03
2.86177e-03
2.88049e-03
2.83104e-03
2.79486e-03
2.79659e-03
2.81112e-03
2.81458e-03
2.80666e-03
2.79816e-03
2.79465e-03
2.79427e-03
2.56237e-03
5.80604e-04
-1.39335e-03
-1.26823e-03
-3.22365e-04
1.74004e-05
1.17429e-03
1.65425e-03
1.03738e-03
2.29803e-03
3.26815e-03
3.09047e-03
2.75727e-03
2.76865e-03
3.07666e-03
3.35610e-03
3.34939e-03
3.12741e-03
1.41519e-03
-2.22292e-03
-3.08669e-03
-1.62778e-03
-2.26391e-03
-1.88610e-03
1.66153e-04
8.54168e-04
2.27395e-04
-3.01947e-04
-1.61786e-04
3.16655e-04
2.16003e-03
4.53511e-03
4.69503e-03
3.64318e-03
3.31860e-03
3.79308e-03
4.23242e-03
4.37262e-03
4.24452e-03
4.10877e-03
4.10330e-03
4.16686e-03
4.20191e-03
4.19516e-03
4.27669e-03
4.32618e-03
4.29110e-03
4.25909e-03
4.15455e-03
4.23133e-03
4.43586e-03
4.48357e-03
4.40174e-03
4.34475e-03
4.36026e-03
4.39628e-03
4.40626e-03
4.39268e-03
4.37902e-03
4.37618e-03
4.37881e-03
4.37917e-03
4.36349e-03
3.26739e-03
9.03196e-04
8.50858e-05
8.45827e-04
3.88232e-04
-2.08165e-03
-3.27911e-03
-2.80980e-03
-2.16847e-03
-2.19792e-03
-2.50927e-03
-2.63774e-03
-2.70438e-03
-2.69045e-03
-2.63711e-03
-2.61829e-03
-2.64051e-03
-2.66591e-03
-2.67194e-03
-2.66568e-03
-2.64847e-03
-1.47666e-03
9.71024e-04
1.65867e-03
7.69922e-04
1.64937e-04
1.49231e-03
3.16289e-03
1.69071e-03
1.17359e-03
3.64281e-03
5.16075e-03
3.38497e-03
-1.03059e-03
-4.16037e-03
-3.53568e-03
-1.79736e-03
-1.50141e-03
-2.37879e-03
-3.05746e-03
-3.02502e-03
-2.62058e-03
-2.30232e-03
-2.41242e-03
-2.65940e-03
-1.42153e-03
1.21177e-03
3.03423e-03
4.36680e-03
4.34876e-03
3.78231e-03
3.70707e-03
3.00871e-03
9.49466e-04
2.09086e-04
1.01964e-03
1.64908e-03
2.50213e-03
3.14767e-03
2.34665e-03
2.34378e-03
2.30175e-03
3.90559e-03
4.97617e-03
4.68787e-03
3.96781e-03
3.81994e-03
4.14615e-03
4.39562e-03
4.36808e-03
4.23482e-03
4.17783e-03
4.20869e-03
4.24875e-03
4.25308e-03
4.23545e-03
4.22329e-03
4.22398e-03
4.22853e-03
4.22912e-03
4.22599e-03
4.23621e-03
5.40948e-03
7.86179e-03
8.55178e-03
7.67608e-03
8.21984e-03
9.74751e-03
8.45702e-03
5.86956e-03
4.70697e-03
6.01849e-03
5.38541e-03
5.31288e-03
6.36181e-03
6.14273e-03
7.21174e-03
8.04390e-03
7.84726e-03
7.43238e-03
7.39997e-03
6.46261e-03
4.15700e-03
3.43434e-03
4.23758e-03
4.82508e-03
4.58483e-03
3.01685e-03
-6.72672e-04
-3.72929e-03
-3.41906e-03
-2.01466e-03
-1.75939e-03
-2.49321e-03
-3.00165e-03
-2.82347e-03
-2.49730e-03
-1.25790e-03
1.09325e-03
1.71386e-03
8.42812e-04
2.68068e-04
5.18162e-04
-1.83918e-04
-2.48335e-03
-2.15546e-03
-1.12940e-04
-1.01107e-04
-5.92845e-04
-2.54058e-03
-3.47563e-03
-6.74017e-04
4.85222e-03
6.25087e-03
4.20124e-03
1.77004e-03
1.07125e-03
2.69657e-03
3.29673e-03
4.40403e-03
4.74114e-03
4.35653e-03
3.97954e-03
3.99176e-03
4.27753e-03
4.39824e-03
4.45079e-03
4.43031e-03
4.38183e-03
4.28702e-03
4.21674e-03
4.27853e-03
4.20436e-03
3.03588e-03
7.55299e-04
2.24814e-04
1.14851e-03
1.58153e-03
1.20985e-03
-3.98494e-04
-2.92827e-03
-3.53771e-03
-1.46059e-03
1.71646e-03
2.21077e-03
7.96136e-04
-1.99660e-05
3.72051e-04
9.41350e-04
1.02273e-03
9.39503e-04
7.98215e-04
1.76732e-03
2.93611e-03
1.16895e-03
-3.19269e-04
-1.49621e-04
-5.67025e-04
-2.76887e-03
-2.29503e-03
-1.07011e-04
-5.65302e-04
-4.04082e-03
-5.68396e-03
-4.64237e-03
-3.51367e-03
-3.52213e-03
-4.25112e-03
-4.67729e-03
-4.54707e-03
-4.30115e-03
-5.40005e-03
-6.77174e-03
-5.17042e-03
-3.76357e-03
-4.04740e-03
-4.83475e-03
-5.03512e-03
-4.74584e-03
-5.64927e-03
-6.93387e-03
-5.29377e-03
-3.77371e-03
-4.01832e-03
-4.84558e-03
-5.06106e-03
-3.63781e-03
1.69228e-04
2.26377e-03
-4.73157e-04
-1.75191e-03
1.20834e-03
2.24673e-03
-1.83112e-03
-4.82783e-03
-1.26297e-03
2.57712e-03
6.83735e-04
-1.09695e-03
3.35777e-06
-5.16356e-04
-1.50739e-03
-1.42339e-03
-9.25244e-04
-7.93485e-04
1.47313e-04
1.24547e-03
-5.06609e-04
-1.99618e-03
-1.67090e-03
3.51751e-04
3.09458e-03
3.54018e-03
2.32622e-03
1.76705e-03
1.04542e-03
-9.41756e-04
-1.62712e-03
-8.18257e-04
-1.38615e-03
-2.92607e-03
-2.81431e-03
-3.81940e-03
-3.47440e-03
-2.02203e-03
-2.23754e-03
-2.51809e-03
-4.23264e-03
-5.08528e-03
-4.53733e-03
-2.76129e-03
-1.43194e-03
-3.37470e-03
-5.16997e-03
-4.98628e-03
-3.92059e-03
-3.62235e-03
-5.23270e-03
-6.84603e-03
-5.07355e-03
-2.06314e-03
-9.79789e-04
-2.57666e-03
-8.15901e-04
2.85802e-03
3.79775e-03
2.55876e-03
1.73330e-03
8.53014e-04
6.34179e-05
3.12463e-03
5.85773e-03
4.85708e-03
4.83267e-03
4.53120e-03
3.67722e-03
4.11691e-03
2.04202e-03
-1.63080e-04
1.52223e-03
2.25860e-03
-3.54252e-04
-2.07266e-03
-1.56823e-03
5.26310e-04
1.91318e-03
-2.96772e-04
-2.25723e-03
-2.10915e-03
-1.12772e-03
-7.70129e-04
-1.10389e-03
-1.46577e-03
-1.51410e-03
-2.35243e-03
-4.65223e-03
-6.37738e-03
-6.16505e-03
-1.63133e-03
7.25054e-04
-6.66767e-04
-3.33687e-03
-5.00420e-03
-3.56625e-03
-3.62750e-03
-4.13890e-03
-2.97307e-03
-3.15575e-03
-2.33999e-03
-1.31780e-03
-1.33393e-03
-1.77289e-03
-1.88255e-03
-1.72274e-03
-1.65510e-03
-1.56471e-03
-1.56968e-03
-1.77848e-03
-1.85057e-03
-1.62752e-03
-1.46394e-03
-1.50601e-03
-1.60575e-03
-2.39682e-03
-4.76605e-03
-5.13044e-03
-2.78073e-03
-2.56445e-03
-3.06377e-03
-4.90046e-03
-5.18505e-03
-2.31509e-03
-3.51146e-04
-9.73908e-04
-2.24024e-03
-2.31956e-03
-8.78410e-04
1.92237e-03
2.15276e-03
-1.30164e-03
-2.43299e-03
9.86735e-04
2.70999e-03
-1.10708e-03
-6.11020e-03
-6.09700e-03
-2.38204e-03
-2.49392e-03
-4.98656e-03
-6.01868e-03
-5.37562e-03
-3.89216e-03
-2.24215e-03
-3.83904e-03
-5.12111e-03
-3.47877e-03
-3.74152e-03
-5.17976e-03
-5.54880e-03
-5.04980e-03
-4.70568e-03
-4.82173e-03
-5.06296e-03
-5.12988e-03
-4.28174e-03
-1.79890e-03
-1.34519e-03
-3.61028e-03
-4.00097e-03
-3.75092e-03
-1.80741e-03
-6.04046e-04
-1.79295e-03
-4.94272e-03
-5.93565e-03
-2.77644e-03
-2.13183e-03
-2.14535e-03
-1.58117e-03
-1.44850e-03
-1.13322e-03
1.51868e-03
5.52410e-03
6.74062e-03
5.36687e-03
4.02686e-03
2.22568e-03
1.86196e-03
4.47363e-03
4.76479e-03
4.41937e-03
2.72063e-03
1.39028e-03
1.77260e-03
2.41688e-03
2.42526e-03
2.08703e-03
1.88387e-03
1.92119e-03
1.65271e-03
-3.20312e-04
2.05217e-05
-2.36766e-04
-1.46173e-03
-1.80279e-03
-1.42755e-03
-1.18739e-03
-1.68807e-03
-3.90024e-03
-3.58044e-03
-3.73974e-03
-4.53207e-03
-2.88088e-03
-3.28491e-03
-5.20795e-03
-6.10808e-03
-7.43716e-03
-6.18389e-03
-4.15413e-03
-4.06887e-03
-5.05578e-03
-5.52393e-03
-5.23663e-03
-5.21880e-03
-7.15242e-03
-6.54847e-03
-4.49813e-03
-4.09986e-03
-5.06089e-03
-5.57360e-03
-5.01649e-03
-2.55997e-03
-2.72595e-03
-2.61800e-03
-1.92023e-03
-3.95863e-03
-5.89069e-03
-5.56955e-03
-4.52687e-03
-3.91833e-03
-1.99678e-03
-7.37663e-04
-1.24139e-03
-1.98899e-03
-1.95804e-03
-1.49099e-03
-8.55213e-04
1.08044e-03
1.81279e-04
-1.64269e-03
3.76890e-04
2.93242e-03
2.97755e-03
1.87054e-03
1.59513e-03
1.86228e-03
3.97173e-04
3.91331e-04
2.45943e-03
3.26327e-03
2.77635e-03
3.72891e-03
3.78436e-03
2.20083e-03
1.70574e-03
3.65014e-03
2.41487e-03
5.54052e-04
3.52438e-03
6.85352e-03
6.75309e-03
5.16880e-03
4.60642e-03
5.08643e-03
5.70516e-03
5.90494e-03
5.47712e-03
3.52994e-03
3.30241e-03
3.74830e-03
4.40033e-03
3.80532e-03
1.69528e-03
-7.06791e-04
-4.27802e-05
2.67634e-03
3.27589e-03
1.82266e-03
-1.22225e-03
-4.72318e-03
-4.29394e-03
-2.82698e-03
-1.90658e-03
-1.32919e-03
-3.32769e-03
-4.13676e-03
-4.11300e-03
-4.95723e-03
-5.29076e-03
-4.80066e-03
-2.86389e-03
-2.74957e-03
-3.03272e-03
-2.04105e-03
-2.91448e-03
-1.39587e-03
3.55091e-04
-6.15031e-04
1.69486e-04
2.28951e-03
2.80897e-03
2.09103e-03
1.64210e-03
1.86408e-03
2.25079e-03
2.47490e-03
2.37368e-03
2.26166e-03
2.56145e-03
4.29220e-03
4.41467e-03
2.68194e-03
3.64928e-03
4.38681e-03
2.97684e-03
2.09306e-03
2.41839e-03
2.93830e-03
2.98103e-03
2.74391e-03
2.72766e-03
2.90524e-03
2.98833e-03
2.95126e-03
2.90791e-03
2.91348e-03
2.94166e-03
2.77748e-03
1.13216e-03
-8.20582e-04
-8.02009e-04
1.36875e-03
7.86019e-04
-3.77303e-03
-5.44388e-03
-3.86353e-03
-2.60726e-03
-2.92152e-03
-3.73555e-03
-4.05342e-03
-2.30240e-03
3.04316e-04
-7.01775e-04
-2.57261e-03
-2.69681e-03
-3.43763e-03
-3.73319e-03
-2.02853e-03
4.44769e-04
7.29963e-04
1.16817e-03
2.95073e-03
3.51691e-03
1.55985e-03
3.99176e-04
1.23009e-03
1.90140e-03
2.10214e-03
2.63639e-04
-7.41679e-04
8.78916e-04
2.81003e-03
2.23549e-03
1.62205e-03
1.10351e-03
1.73673e-03
1.77095e-03
3.20128e-03
2.90839e-03
1.23268e-03
1.28024e-03
4.08680e-04
-2.32646e-04
1.13776e-03
3.91022e-03
3.40625e-03
-6.96244e-05
-1.32112e-03
-8.21865e-05
2.19337e-03
3.35153e-03
9.57600e-04
-9.00175e-04
-4.79783e-04
6.46299e-04
1.03474e-03
5.86733e-04
-4.88666e-04
-2.04928e-03
-1.39231e-03
-1.89033e-03
-3.03017e-03
-3.17824e-03
-1.91512e-03
-1.22224e-04
-1.48236e-03
-3.45317e-03
-3.54053e-03
-2.62640e-03
-2.12824e-03
-1.49734e-03
-2.39283e-04
-1.51688e-03
-3.22922e-03
-3.30870e-03
-2.38638e-03
-1.92064e-03
-2.94866e-03
-4.96498e-03
-3.77924e-03
-1.77025e-03
-1.96755e-03
-5.22947e-03
-6.94286e-03
-4.17814e-03
-3.64075e-03
-5.29160e-03
-3.95154e-03
-1.85674e-03
-1.73943e-03
-2.62618e-03
-2.98152e-03
-2.62518e-03
-2.11257e-03
-1.72121e-03
5.03794e-04
1.96430e-03
1.75012e-03
3.26872e-03
4.54545e-03
2.15231e-03
2.45048e-04
3.00758e-03
5.53481e-03
3.33762e-03
2.64097e-03
4.29303e-03
5.21351e-03
4.86713e-03
4.34699e-03
4.31440e-03
4.56978e-03
4.72323e-03
4.45423e-03
2.61801e-03
2.38662e-03
2.89127e-03
3.53284e-03
3.15916e-03
3.23589e-03
4.36603e-03
3.03770e-03
7.87956e-04
5.43681e-04
1.51404e-03
1.99511e-03
1.68882e-03
1.26872e-03
1.17047e-03
1.19703e-03
1.31199e-03
1.66532e-03
3.27418e-03
3.05375e-03
7.01932e-04
-2.00587e-03
-3.21081e-03
-2.28261e-03
-1.28009e-03
-1.42560e-03
-1.86089e-03
-4.20823e-04
-2.82620e-04
-1.93281e-03
-7.30475e-04
1.86452e-03
2.13136e-03
-6.07576e-04
-1.19310e-03
1.25693e-03
3.91920e-03
4.01609e-03
1.37024e-03
1.53204e-03
3.16132e-03
3.71552e-03
4.74106e-03
4.99234e-03
4.57833e-03
4.44618e-03
4.76912e-03
5.02544e-03
5.01859e-03
4.91334e-03
4.87510e-03
4.91009e-03
4.94780e-03
4.86384e-03
3.35510e-03
2.42560e-03
2.84566e-03
1.83604e-03
-3.50294e-04
-1.03855e-03
-2.72775e-04
-1.34307e-03
-2.31036e-03
-2.25023e-03
-1.86622e-03
-1.79371e-03
-1.98070e-03
-2.12225e-03
-2.10879e-03
-2.03562e-03
-2.00369e-03
-2.01997e-03
-2.04134e-03
-2.12531e-03
-3.51108e-03
-4.36567e-03
-2.45583e-03
-1.10256e-03
-1.52255e-03
-2.32948e-03
-1.31004e-03
3.23689e-04
-1.16235e-03
-1.60611e-03
-1.89081e-04
-1.13626e-03
-2.44376e-03
-2.46228e-03
-1.88399e-03
-1.66353e-03
-1.87014e-03
-2.09414e-03
-2.10146e-03
-8.46501e-04
5.02364e-04
-1.10539e-04
-4.29345e-04
-7.41794e-04
2.09027e-03
4.48574e-03
2.48408e-03
-8.22467e-04
-1.94432e-03
-2.09704e-04
5.34352e-04
1.66967e-03
8.13348e-04
-2.18900e-03
-3.25442e-03
-2.20624e-03
-1.27949e-03
-1.42655e-03
-1.99747e-03
-2.23946e-03
-2.10213e-03
-1.90800e-03
-7.17689e-04
4.93038e-04
-1.31470e-03
-2.88364e-03
-2.58537e-03
-1.72122e-03
-2.65319e-03
-4.28373e-03
-3.99109e-03
-4.86088e-03
-5.68454e-03
-5.59580e-03
-5.24318e-03
-5.19221e-03
-4.21608e-03
-1.89963e-03
-1.18936e-03
-2.00451e-03
-2.67455e-03
-2.53271e-03
-1.94155e-03
-1.67628e-03
-1.81362e-03
-8.48416e-04
4.20115e-04
-8.37068e-05
8.57687e-04
2.90097e-03
5.12926e-03
5.38141e-03
4.48562e-03
4.11454e-03
4.50304e-03
4.94576e-03
5.01389e-03
4.85009e-03
4.73801e-03
4.75805e-03
4.82045e-03
4.84338e-03
4.82724e-03
4.80983e-03
4.80975e-03
4.81887e-03
4.82460e-03
4.82442e-03
4.82284e-03
4.82329e-03
4.82538e-03
4.82735e-03
4.82852e-03
4.82933e-03
4.83035e-03
4.83164e-03
4.83296e-03
4.83413e-03
4.82280e-03
3.74523e-03
2.55962e-03
4.19730e-03
5.66431e-03
5.41345e-03
4.60917e-03
4.37923e-03
3.59836e-03
1.60860e-03
2.04692e-03
3.93342e-03
2.80749e-03
1.12273e-03
-1.95678e-04
-8.14034e-04
1.10073e-04
-9.52735e-04
-2.18168e-03
-2.21134e-03
-1.73199e-03
-1.56336e-03
-6.00604e-04
4.86752e-04
-1.26907e-03
-1.60200e-03
-7.62637e-05
7.82862e-07
-1.40846e-04
-1.90566e-03
-2.77372e-03
-2.08701e-03
-2.39860e-04
9.81959e-04
-1.05405e-06
6.85214e-04
5.82370e-04
-5.98478e-04
-3.69561e-04
-1.37323e-03
-2.17716e-03
-1.99633e-03
-1.60228e-03
-1.57303e-03
-6.40740e-04
4.95451e-04
-1.23609e-03
-2.73323e-03
-2.43394e-03
-1.58886e-03
-1.37716e-03
-1.79300e-03
-2.16813e-03
-2.03512e-03
-1.78778e-03
-1.74206e-03
-1.83222e-03
-1.89192e-03
-1.87547e-03
-1.83727e-03
-1.82439e-03
-1.83449e-03
-1.84443e-03
-1.84372e-03
-1.83775e-03
-1.83409e-03
-1.83398e-03
-1.83459e-03
-1.83393e-03
-1.83231e-03
-1.83080e-03
-1.82979e-03
-1.82897e-03
-1.82802e-03
-1.82692e-03
-1.82583e-03
-1.83113e-03
-2.59747e-03
-4.24552e-03
-3.76523e-03
-4.30880e-03
-4.62766e-03
-2.37779e-03
-8.39622e-04
-1.37950e-03
-2.30788e-03
-2.38805e-03
-1.91474e-03
-1.60723e-03
-1.66217e-03
-1.82928e-03
-1.88683e-03
-1.83799e-03
-1.77999e-03
-1.00204e-03
1.39396e-03
2.55197e-03
2.56709e-03
3.33506e-03
2.99133e-03
3.99195e-03
4.53043e-03
3.05954e-03
3.71891e-03
5.26993e-03
5.53804e-03
4.94052e-03
4.58970e-03
4.74502e-03
4.99664e-03
3.57871e-03
-4.00273e-04
-1.06806e-03
-1.95566e-04
1.10606e-03
-4.44087e-04
-2.57661e-03
-2.79823e-03
-1.94104e-03
-1.45880e-03
-1.54230e-03
-1.81555e-03
-1.93415e-03
-1.85993e-03
-1.75572e-03
-1.73012e-03
-1.76179e-03
-1.79415e-03
-2.55915e-03
-4.18766e-03
-2.92765e-03
-1.06435e-03
-9.98127e-04
-1.86798e-03
-2.26339e-03
-1.99524e-03
-8.88298e-04
8.18214e-04
2.19325e-04
1.39474e-03
4.02809e-03
3.08077e-03
9.99511e-04
1.52835e-03
4.12294e-03
3.41255e-03
5.63087e-04
-2.30288e-03
-2.69549e-03
-1.47037e-03
-8.49269e-04
-1.28840e-03
-1.89193e-03
-2.02532e-03
-1.82121e-03
-1.65748e-03
-1.66816e-03
-1.74749e-03
-1.78106e-03
-1.76039e-03
-1.73381e-03
-1.72920e-03
-1.73826e-03
-1.74401e-03
-1.74182e-03
-1.73721e-03
-1.73504e-03
-1.73520e-03
-1.73539e-03
-1.73455e-03
-1.73317e-03
-1.73200e-03
-1.73119e-03
-1.73045e-03
-1.72958e-03
-1.72862e-03
-1.72768e-03
-1.72678e-03
-1.72591e-03
-1.72504e-03
-1.72415e-03
-1.72327e-03
-1.72238e-03
-1.72150e-03
-1.72061e-03
-1.71973e-03
-1.71885e-03
-1.71796e-03
-1.71708e-03
-1.71620e-03
-1.71531e-03
-1.71443e-03
-1.71355e-03
-1.71268e-03
-1.71179e-03
-1.71092e-03
-1.71005e-03
-1.70918e-03
-1.62965e-03
-1.62540e-03
-1.62099e-03
-1.61007e-03
-8.31829e-04
1.59449e-03
3.47344e-03
4.29283e-03
1.59455e-03
-1.68254e-03
-7.61437e-04
5.14477e-04
2.82392e-03
5.65552e-03
5.34210e-03
1.85202e-03
8.79149e-04
4.25596e-03
6.68530e-03
6.07568e-03
4.68171e-03
4.37620e-03
4.22710e-03
2.44769e-03
2.05859e-03
4.71934e-03
6.39979e-03
4.93866e-03
1.42668e-03
-6.15104e-04
-1.79688e-03
-2.59629e-03
-3.62730e-03
-2.12238e-03
-5.84679e-04
-8.99885e-04
-1.83236e-03
-2.07688e-03
-1.70209e-03
-1.36939e-03
-1.36279e-03
-1.50652e-03
-1.57667e-03
-1.54101e-03
-1.48618e-03
-1.47023e-03
-1.48225e-03
-1.49023e-03
-1.48321e-03
-1.47049e-03
-1.46171e-03
-1.45737e-03
-1.45332e-03
-1.44727e-03
-1.43996e-03
-1.43281e-03
-1.41999e-03
-6.64158e-04
9.49310e-04
4.89482e-04
1.78154e-03
5.19586e-03
6.47964e-03
5.42024e-03
4.50263e-03
4.74076e-03
5.38451e-03
5.61751e-03
4.68921e-03
2.14495e-03
9.94022e-04
1.75437e-03
3.28246e-03
4.75382e-03
3.76798e-03
3.31294e-03
2.87773e-03
3.70928e-03
3.74381e-03
4.12337e-03
2.81828e-03
2.24762e-03
4.67434e-03
5.68206e-03
2.87198e-03
7.49647e-04
1.25650e-03
1.71720e-03
-3.86610e-04
-2.15678e-03
-1.90973e-03
-9.89930e-04
-9.16592e-04
-1.42736e-03
-1.72945e-03
-1.64703e-03
-1.47313e-03
-2.08515e-03
-3.56222e-03
-3.17780e-03
-2.92001e-03
-1.63402e-03
-8.41080e-04
-1.24818e-03
-1.77892e-03
-1.76553e-03
-1.45689e-03
-1.28303e-03
-1.32664e-03
-1.42093e-03
-1.43539e-03
-6.82103e-04
2.26381e-03
5.46188e-03
5.03631e-03
2.20390e-03
2.68616e-03
4.83464e-03
5.52561e-03
4.85522e-03
4.23852e-03
3.57629e-03
2.44506e-03
3.84751e-03
5.44585e-03
5.22591e-03
4.38454e-03
4.01301e-03
4.20725e-03
4.48124e-03
4.50743e-03
3.72613e-03
2.00716e-04
1.46627e-03
5.14347e-03
5.82118e-03
4.29831e-03
3.31058e-03
3.29612e-03
1.97323e-03
3.84928e-04
-1.44208e-03
-2.30987e-03
-1.89112e-03
-1.40650e-03
-1.40009e-03
-1.36265e-03
1.57410e-04
-4.58146e-04
-2.17974e-03
-2.46793e-03
-1.74038e-03
-1.29443e-03
-1.45489e-03
-1.75963e-03
-1.83985e-03
-1.73535e-03
-1.64014e-03
-1.63365e-03
-1.84540e-03
-3.38209e-03
-4.86947e-03
-4.55048e-03
-2.27924e-03
-5.78105e-04
-1.01014e-03
-2.00540e-03
-2.07066e-03
-1.48586e-03
-1.12933e-03
-1.19951e-03
-1.55275e-03
-2.92112e-03
-2.96044e-03
-2.30369e-03
-2.11280e-03
-1.05535e-03
-5.84133e-04
-8.36669e-04
-1.12695e-03
-1.08312e-03
-8.76931e-04
-7.69159e-04
-7.94264e-04
-7.65222e-04
-6.49205e-04
-6.11188e-04
-6.44678e-04
-6.66828e-04
-6.47153e-04
-5.36797e-04
-4.02465e-04
-3.93434e-04
-4.50999e-04
-4.73452e-04
-4.49361e-04
-4.22151e-04
-4.17092e-04
-4.25344e-04
-4.30290e-04
-4.27491e-04
-4.21630e-04
-3.56718e-04
-2.28148e-04
-2.54078e-04
-3.68169e-04
-3.67367e-04
-3.37217e-04
-2.33816e-04
-1.89305e-04
-2.23223e-04
-2.58070e-04
-2.63986e-04
-1.01401e-03
-1.84151e-03
-6.68502e-04
3.66395e-04
1.81748e-04
-3.85746e-04
-5.35414e-04
-3.16719e-04
-1.25826e-04
-1.27244e-04
-2.14717e-04
-2.57604e-04
-2.38991e-04
-2.10129e-04
-2.04230e-04
-2.14373e-04
-2.21993e-04
-2.21326e-04
-2.54010e-04
-3.30617e-04
-3.07121e-04
-2.96619e-04
-2.33254e-04
-1.85574e-04
-2.00814e-04
-2.29367e-04
-2.31953e-04
-2.16947e-04
-2.06866e-04
-2.08195e-04
-2.13261e-04
-2.18789e-04
-6.73863e-04
-2.08791e-03
-2.74684e-03
-2.30688e-03
-1.83653e-03
-2.35156e-03
-3.70567e-03
-3.29123e-03
-3.40113e-03
-4.17165e-03
-4.34656e-03
-4.04104e-03
-3.58322e-03
-2.30382e-03
-2.33586e-03
-8.02621e-04
6.95183e-04
-7.97233e-04
-2.37277e-03
-8.83372e-04
1.00983e-03
1.07104e-03
2.29490e-04
-1.44426e-04
1.06138e-04
6.36478e-04
1.82404e-03
1.47381e-03
1.48764e-03
2.28492e-03
3.55508e-03
2.94075e-03
1.67921e-03
1.66380e-03
3.44761e-03
4.68331e-03
4.22346e-03
3.44692e-03
3.26525e-03
3.49167e-03
3.66511e-03
3.60375e-03
3.43896e-03
3.32918e-03
3.29553e-03
3.27573e-03
3.22858e-03
3.16169e-03
3.09748e-03
3.04358e-03
2.99378e-03
2.82468e-03
1.89433e-03
1.85812e-03
2.74548e-03
1.99865e-03
-3.86500e-04
-1.62328e-03
-9.88771e-04
-1.96484e-04
-2.32823e-04
-6.93463e-04
-9.35660e-04
-8.52982e-04
-7.01746e-04
-6.70843e-04
-7.84443e-04
-8.88266e-04
-8.78856e-04
-8.25152e-04
-8.05537e-04
-8.21316e-04
-8.36826e-04
-8.34856e-04
-8.23907e-04
-8.16322e-04
-8.17131e-04
-8.64162e-04
-9.29694e-04
-9.28162e-04
-8.48917e-04
-8.07593e-04
-8.66660e-04
-1.48677e-03
-1.87107e-03
-2.24265e-03
-3.44222e-03
-3.80905e-03
-3.36204e-03
-2.42760e-03
-1.66071e-03
-1.78340e-03
-1.64978e-03
-1.40405e-03
-1.37435e-03
-1.34249e-03
-1.37742e-03
-1.37843e-03
-1.88303e-03
-2.07504e-03
-1.87145e-03
-1.67611e-03
-1.66639e-03
-1.72910e-03
-1.73281e-03
-1.64453e-03
-1.11981e-03
-4.30529e-04
-3.60981e-04
-6.35009e-04
-7.43010e-04
-6.22681e-04
-4.87518e-04
-4.88030e-04
-5.39107e-04
-5.48913e-04
-5.52387e-04
-5.38367e-04
-5.16655e-04
-4.79071e-04
-9.05793e-05
9.05626e-05
-4.24380e-04
-7.15989e-04
-5.67084e-04
-3.58013e-04
-3.28608e-04
-3.87330e-04
-9.63014e-05
9.87085e-05
2.08416e-05
2.39511e-04
7.45783e-05
-1.07750e-04
5.21021e-04
8.89380e-04
4.20220e-04
4.50231e-05
9.40377e-05
9.14106e-06
-7.18030e-05
2.43358e-04
6.16795e-04
3.39070e-04
-2.65810e-04
-1.28677e-04
-1.39512e-05
-2.73927e-04
-2.01517e-04
-3.60245e-05
-2.68004e-04
-4.45367e-04
-3.98451e-04
-2.94077e-04
-2.66132e-04
-2.96487e-04
-3.17253e-04
-3.05579e-04
-2.81894e-04
-2.55896e-04
-5.91097e-05
2.21862e-04
4.00174e-04
3.25419e-04
-1.45369e-04
-4.80536e-04
-3.81383e-04
-1.74288e-04
-1.34236e-04
-2.07268e-04
-2.50780e-04
-2.35804e-04
-2.02367e-04
-1.92058e-04
-3.26687e-04
-5.15857e-04
-5.08211e-04
-2.83107e-04
-1.67993e-04
-2.32700e-04
-2.96892e-04
-2.95493e-04
-1.28919e-04
-4.11564e-05
-8.36040e-05
-2.07590e-04
-3.50184e-04
-3.45537e-04
-1.88440e-04
-2.65488e-06
1.62028e-05
-5.60800e-05
-7.98659e-05
-4.63402e-05
-1.08094e-05
-1.66153e-06
-7.55633e-06
-9.84303e-06
-4.05962e-06
3.90475e-06
9.27763e-06
1.23414e-05
1.53314e-05
1.92119e-05
2.34660e-05
2.74226e-05
3.09827e-05
3.43653e-05
3.51716e-05
3.34261e-05
3.57789e-05
4.13768e-05
4.61707e-05
5.12308e-05
5.79203e-05
6.17104e-05
6.31586e-05
6.52444e-05
8.49601e-05
1.21781e-04
1.11445e-04
1.21142e-04
1.40448e-04
1.41332e-04
1.19367e-04
7.59753e-05
7.41746e-05
1.15372e-04
1.08807e-04
7.98452e-05
7.31624e-05
8.42974e-05
9.31889e-05
9.35397e-05
9.11590e-05
9.13537e-05
9.40041e-05
9.66897e-05
9.82819e-05
9.92831e-05
1.00423e-04
1.01842e-04
1.03289e-04
1.04546e-04
1.00438e-04
9.10956e-05
9.73477e-05
9.89654e-05
1.04721e-04
1.03938e-04
1.09466e-04
1.16881e-04
1.18030e-04
1.16352e-04
1.16340e-04
1.18130e-04
1.21195e-04
1.28768e-04
1.25944e-04
1.20280e-04
1.26620e-04
1.33831e-04
1.34374e-04
1.36465e-04
1.36989e-04
1.32300e-04
1.36153e-04
1.37751e-04
1.33450e-04
1.27810e-04
1.29063e-04
1.32597e-04
1.32177e-04
1.27352e-04
1.24881e-04
1.27744e-04
1.28651e-04
1.28705e-04
1.28770e-04
1.28330e-04
1.27699e-04
1.26440e-04
1.26422e-04
1.26715e-04
1.26985e-04
1.26648e-04
1.25784e-04
1.25044e-04
1.25512e-04
1.26104e-04
1.26488e-04
1.26437e-04
1.26178e-04
1.26416e-04
1.26946e-04
1.27370e-04
1.27630e-04
1.27861e-04
1.28149e-04
1.28472e-04
1.28812e-04
1.29322e-04
1.29909e-04
1.30208e-04
1.30140e-04
1.30036e-04
1.30234e-04
1.30643e-04
1.30998e-04
1.31242e-04
1.31461e-04
1.31721e-04
1.32044e-04
1.32328e-04
1.32573e-04
1.32823e-04
1.33062e-04
1.33324e-04
1.33599e-04
1.33868e-04
1.34129e-04
1.34389e-04
1.34652e-04
1.34916e-04
1.35180e-04
1.35442e-04
1.35705e-04
1.35968e-04
1.36230e-04
1.36493e-04
1.36756e-04
1.37019e-04
1.37282e-04
1.37546e-04
1.37810e-04
1.38074e-04
1.38338e-04
1.38603e-04
1.38868e-04
1.39133e-04
1.39399e-04
1.39665e-04
1.39932e-04
1.40199e-04
1.40466e-04
1.40734e-04
1.41002e-04
1.41271e-04
1.41540e-04
1.41810e-04
1.42080e-04
1.42351e-04
1.42622e-04
1.42894e-04
