3.16978e-03
3.16393e-03
3.15777e-03
3.14882e-03
3.13806e-03
3.12567e-03
3.11646e-03
3.11042e-03
3.10733e-03
3.10357e-03
3.09967e-03
3.08849e-03
3.06865e-03
3.03223e-03
2.98540e-03
2.94632e-03
2.93291e-03
2.94532e-03
2.98069e-03
3.01106e-03
3.01346e-03
2.97926e-03
2.91413e-03
2.83249e-03
2.75924e-03
2.70169e-03
2.64935e-03
2.63974e-03
2.70132e-03
2.83171e-03
3.00562e-03
3.15982e-03
3.18927e-03
3.09287e-03
2.84785e-03
2.54097e-03
2.32456e-03
2.25699e-03
2.31449e-03
2.44433e-03
2.63178e-03
2.84068e-03
3.07238e-03
3.24927e-03
3.22787e-03
2.98154e-03
2.69346e-03
2.65908e-03
3.02071e-03
3.69891e-03
4.46191e-03
5.05680e-03
5.27145e-03
5.13090e-03
4.88877e-03
4.71236e-03
4.59073e-03
4.38552e-03
4.00592e-03
3.43994e-03
2.87658e-03
2.76640e-03
3.41028e-03
4.64939e-03
5.88695e-03
6.50374e-03
6.44873e-03
6.01997e-03
5.66756e-03
5.71542e-03
6.09836e-03
6.68178e-03
7.55130e-03
8.59202e-03
9.54405e-03
9.79538e-03
8.85835e-03
6.84662e-03
4.20010e-03
1.72507e-03
7.00891e-05
-5.57696e-04
-3.06996e-05
1.78136e-03
4.31947e-03
6.66403e-03
7.82751e-03
7.12425e-03
5.00946e-03
2.35106e-03
3.36801e-04
-6.76143e-04
-9.77886e-04
-6.60744e-04
-6.10117e-05
7.44791e-04
1.74660e-03
2.91100e-03
3.89227e-03
4.18470e-03
3.58008e-03
1.68903e-03
-1.50689e-03
-5.07939e-03
-7.48030e-03
-7.84465e-03
-6.53056e-03
-4.61088e-03
-3.36121e-03
-3.31464e-03
-3.94219e-03
-4.46448e-03
-3.80931e-03
-1.83353e-03
3.25729e-04
1.18692e-03
3.56316e-04
1.15244e-04
1.81763e-03
5.28445e-03
8.48071e-03
1.03563e-02
1.09312e-02
1.04541e-02
8.88777e-03
6.32443e-03
3.61636e-03
1.68801e-03
4.20111e-04
-4.25439e-04
-1.32475e-03
-2.20349e-03
-1.83121e-03
7.97025e-04
5.85908e-03
1.12519e-02
1.55180e-02
1.84798e-02
2.11042e-02
2.38603e-02
2.64587e-02
2.78146e-02
2.68057e-02
2.29333e-02
1.70079e-02
1.14694e-02
9.06060e-03
1.00429e-02
1.21462e-02
1.26251e-02
1.15080e-02
1.03236e-02
9.44426e-03
8.49571e-03
6.52192e-03
3.62375e-03
1.39097e-03
8.88118e-04
2.14023e-03
4.81382e-03
7.74032e-03
9.09425e-03
7.52134e-03
3.50154e-03
-1.39982e-03
-4.95821e-03
-5.44739e-03
-3.32233e-03
-2.61919e-04
2.51541e-03
4.85497e-03
7.46036e-03
1.05866e-02
1.28977e-02
1.27523e-02
1.08447e-02
9.01402e-03
9.40387e-03
1.30822e-02
1.89479e-02
2.39063e-02
2.60993e-02
2.59329e-02
2.54078e-02
2.48025e-02
2.37009e-02
2.14976e-02
1.83070e-02
1.56384e-02
1.38542e-02
1.13098e-02
6.97302e-03
8.26602e-04
-5.46020e-03
-1.17671e-02
-1.59121e-02
-1.72450e-02
-1.56500e-02
-1.14327e-02
-6.38946e-03
-1.52034e-03
1.74723e-03
3.84574e-03
6.06587e-03
7.62124e-03
8.61163e-03
9.41297e-03
1.14126e-02
1.53390e-02
2.06868e-02
2.66047e-02
3.03758e-02
2.95520e-02
2.56452e-02
2.11460e-02
1.89296e-02
1.89272e-02
1.90082e-02
1.68066e-02
1.12661e-02
4.19718e-03
-4.37968e-04
-7.47170e-04
2.67286e-03
7.71348e-03
1.18014e-02
1.41064e-02
1.49945e-02
1.55678e-02
1.53487e-02
1.28177e-02
7.01089e-03
-2.39307e-03
-1.57922e-02
-3.17553e-02
-4.62948e-02
-5.47587e-02
-5.57078e-02
-4.98288e-02
-3.91204e-02
-2.62281e-02
-1.49425e-02
-8.01788e-03
-4.82417e-03
-4.27923e-03
-4.56484e-03
-3.76485e-03
-1.17791e-03
2.99900e-03
8.56877e-03
1.45850e-02
1.95869e-02
2.34918e-02
2.65660e-02
2.80069e-02
2.67331e-02
2.30083e-02
1.89342e-02
1.62113e-02
1.36525e-02
9.13383e-03
1.31967e-03
-9.13802e-03
-1.91426e-02
-2.55837e-02
-2.76921e-02
-2.73967e-02
-2.78231e-02
-3.01742e-02
-3.37653e-02
-3.66248e-02
-3.67537e-02
-3.39522e-02
-2.90358e-02
-2.40075e-02
-2.16921e-02
-2.32826e-02
-2.64591e-02
-2.77586e-02
-2.47158e-02
-1.78890e-02
-1.06982e-02
-7.11406e-03
-8.76468e-03
-1.29440e-02
-1.52299e-02
-1.26076e-02
-5.81024e-03
2.36169e-03
8.03900e-03
9.82558e-03
8.66622e-03
6.37373e-03
3.46269e-03
8.08432e-05
-3.35546e-03
-7.10567e-03
-1.34040e-02
-2.41053e-02
-3.87724e-02
-5.36543e-02
-6.45459e-02
-7.16953e-02
-7.91216e-02
-8.86980e-02
-1.00144e-01
-1.12038e-01
-1.22848e-01
-1.30366e-01
-1.36790e-01
-1.43216e-01
-1.49740e-01
-1.55064e-01
-1.58149e-01
-1.58659e-01
-1.58210e-01
-1.57752e-01
-1.58963e-01
-1.61334e-01
-1.64291e-01
-1.68760e-01
-1.74473e-01
-1.79247e-01
-1.82952e-01
-1.85706e-01
-1.86903e-01
-1.86302e-01
-1.85497e-01
-1.86620e-01
-1.88948e-01
-1.91497e-01
-1.91967e-01
-1.90060e-01
-1.86574e-01
-1.81310e-01
-1.75633e-01
-1.70391e-01
-1.64671e-01
-1.57827e-01
-1.48620e-01
-1.37469e-01
-1.25217e-01
-1.10613e-01
-9.50184e-02
-8.53132e-02
-8.51675e-02
-8.78281e-02
-9.04116e-02
-9.05873e-02
-8.57157e-02
-7.81136e-02
-6.88057e-02
-6.08466e-02
-5.60540e-02
-5.40766e-02
-5.18901e-02
-5.00368e-02
-4.96908e-02
-5.05360e-02
-5.13666e-02
-5.04945e-02
-4.82457e-02
-4.49100e-02
-4.11252e-02
-3.83906e-02
-3.79020e-02
-3.80902e-02
-3.90153e-02
-4.13722e-02
-4.35512e-02
-4.62519e-02
-4.98220e-02
-5.35908e-02
-5.72479e-02
-6.13347e-02
-6.59524e-02
-7.13878e-02
-7.68401e-02
-8.33941e-02
-9.06422e-02
-9.73756e-02
-1.03919e-01
-1.10153e-01
-1.17868e-01
-1.26082e-01
-1.31040e-01
-1.29622e-01
-1.20559e-01
-1.07165e-01
-9.57986e-02
-8.91893e-02
-8.48301e-02
-7.91107e-02
-7.14772e-02
-6.18422e-02
-4.91424e-02
-3.67284e-02
-2.41286e-02
-1.06606e-02
4.13030e-03
2.07221e-02
3.57495e-02
4.82641e-02
5.77082e-02
6.10891e-02
5.98372e-02
5.55029e-02
4.91231e-02
4.29013e-02
3.79600e-02
3.48109e-02
3.40924e-02
3.61747e-02
4.32107e-02
5.58348e-02
7.24078e-02
9.29590e-02
1.17040e-01
1.38875e-01
1.60422e-01
1.82421e-01
2.09781e-01
2.35742e-01
2.50025e-01
2.61780e-01
2.71618e-01
2.82645e-01
2.95858e-01
3.07466e-01
3.14321e-01
3.15854e-01
3.11492e-01
3.00899e-01
2.86468e-01
2.74769e-01
2.70446e-01
2.66941e-01
2.64484e-01
2.65317e-01
2.67506e-01
2.69822e-01
2.71517e-01
2.72250e-01
2.71444e-01
2.70546e-01
2.68377e-01
2.67861e-01
2.70770e-01
2.74671e-01
2.80848e-01
2.89392e-01
2.99007e-01
3.08773e-01
3.18298e-01
3.26829e-01
3.33254e-01
3.37420e-01
3.40330e-01
3.43079e-01
3.42415e-01
3.35148e-01
3.20394e-01
3.01023e-01
2.82438e-01
2.67657e-01
2.55721e-01
2.40937e-01
2.22309e-01
1.99284e-01
1.76443e-01
1.55689e-01
1.35118e-01
1.17842e-01
1.03316e-01
9.12135e-02
7.90501e-02
6.76068e-02
5.65770e-02
4.38667e-02
2.88915e-02
1.26353e-02
-3.59013e-03
-1.80867e-02
-2.93593e-02
-3.83865e-02
-4.56207e-02
-5.10398e-02
-5.58350e-02
-6.10029e-02
-6.68249e-02
-7.29663e-02
-7.79328e-02
-7.99965e-02
-7.84517e-02
-7.55879e-02
-7.41599e-02
-7.51016e-02
-7.71567e-02
-8.15176e-02
-8.84122e-02
-9.56642e-02
-1.00874e-01
-1.04344e-01
-1.06152e-01
-1.06758e-01
-1.07561e-01
-1.08955e-01
-1.07794e-01
-1.04630e-01
-1.01038e-01
-9.74702e-02
-9.58491e-02
-9.73066e-02
-1.01638e-01
-1.07292e-01
-1.13965e-01
-1.20868e-01
-1.28847e-01
-1.37519e-01
-1.43992e-01
-1.45598e-01
-1.42958e-01
-1.37149e-01
-1.29074e-01
-1.20303e-01
-1.12491e-01
-1.05789e-01
-1.02112e-01
-1.00204e-01
-9.86106e-02
-9.68264e-02
-9.42879e-02
-8.93341e-02
-8.08272e-02
-6.81292e-02
-5.42137e-02
-3.95103e-02
-2.46958e-02
-8.14448e-03
1.31265e-02
3.40578e-02
5.10001e-02
6.43474e-02
7.27242e-02
7.67933e-02
7.76764e-02
7.71696e-02
7.58015e-02
7.45412e-02
7.44563e-02
7.50401e-02
7.57738e-02
7.66900e-02
7.94344e-02
8.44130e-02
9.10164e-02
9.80703e-02
1.02589e-01
1.03442e-01
1.00407e-01
9.45220e-02
8.88829e-02
8.59970e-02
8.65197e-02
9.07844e-02
9.83349e-02
1.08587e-01
1.18510e-01
1.25163e-01
1.28916e-01
1.30686e-01
1.31012e-01
1.30699e-01
1.29526e-01
1.26258e-01
1.20011e-01
1.10076e-01
9.68742e-02
8.04683e-02
6.25702e-02
4.67660e-02
3.42308e-02
2.39927e-02
1.54799e-02
9.17071e-03
4.93101e-03
2.83228e-03
3.12729e-03
5.28215e-03
9.82201e-03
1.73054e-02
2.57285e-02
3.35144e-02
3.93274e-02
4.02549e-02
3.67004e-02
3.13723e-02
2.48487e-02
1.62177e-02
8.41587e-03
3.57085e-03
5.03179e-04
-1.09612e-03
-1.59567e-03
-1.49630e-03
-9.16354e-04
-1.12389e-03
-2.82029e-03
-4.13287e-03
-2.24419e-03
4.50514e-03
7.07628e-03
6.24373e-03
4.45468e-03
-1.88778e-03
4.38031e-03
3.43643e-02
5.60670e-02
5.62856e-02
4.96372e-02
3.86582e-02
1.83983e-02
1.19423e-03
-7.52829e-03
-1.05200e-02
-8.67513e-03
-7.18081e-03
-6.80596e-03
-9.22395e-03
-1.51182e-02
-2.16508e-02
-3.05225e-02
-4.08777e-02
-4.87025e-02
-5.29335e-02
-5.57116e-02
-6.04648e-02
-7.14001e-02
-8.91467e-02
-1.08533e-01
-1.20323e-01
-1.21154e-01
-1.14131e-01
-1.02295e-01
-8.80299e-02
-7.81355e-02
-7.45882e-02
-7.28235e-02
-7.14043e-02
-6.86435e-02
-6.19278e-02
-5.06915e-02
-3.55343e-02
-1.91139e-02
-5.99609e-03
2.10779e-03
4.93760e-03
3.90823e-03
2.30123e-03
3.56148e-03
6.93617e-03
1.14459e-02
1.61796e-02
2.05683e-02
2.25217e-02
1.95870e-02
1.33203e-02
4.69843e-03
-5.00594e-03
-1.31688e-02
-2.06589e-02
-2.85411e-02
-3.74713e-02
-4.76514e-02
-5.92455e-02
-7.25930e-02
-8.75716e-02
-1.02413e-01
-1.12770e-01
-1.22335e-01
-1.32648e-01
-1.43605e-01
-1.54327e-01
-1.64964e-01
-1.75298e-01
-1.83689e-01
-1.88600e-01
-1.91772e-01
-1.94666e-01
-1.97267e-01
-1.99984e-01
-2.02816e-01
-2.04494e-01
-2.04403e-01
-2.02627e-01
-1.98818e-01
-1.93838e-01
-1.88662e-01
-1.84349e-01
-1.80589e-01
-1.77255e-01
-1.74026e-01
-1.68846e-01
-1.61152e-01
-1.52912e-01
-1.47911e-01
-1.45352e-01
-1.43938e-01
-1.42847e-01
-1.41835e-01
-1.40878e-01
-1.39287e-01
-1.37160e-01
-1.33143e-01
-1.27383e-01
-1.21823e-01
-1.18757e-01
-1.19822e-01
-1.23153e-01
-1.25955e-01
-1.26827e-01
-1.25107e-01
-1.21668e-01
-1.17991e-01
-1.14312e-01
-1.08143e-01
-9.87134e-02
-8.72730e-02
-7.53925e-02
-6.45393e-02
-5.29328e-02
-4.05089e-02
-2.87038e-02
-1.78828e-02
-9.95831e-03
-4.97449e-03
2.34576e-04
5.25766e-03
9.66935e-03
1.31990e-02
1.69992e-02
2.11692e-02
2.40814e-02
2.66276e-02
2.91340e-02
3.07496e-02
3.07776e-02
3.12547e-02
3.16193e-02
3.13165e-02
3.12991e-02
3.22507e-02
3.43379e-02
3.85865e-02
4.50687e-02
5.20500e-02
5.86165e-02
6.41750e-02
6.91017e-02
7.42884e-02
7.91154e-02
8.36832e-02
8.91444e-02
9.67967e-02
1.05955e-01
1.15765e-01
1.26333e-01
1.37539e-01
1.50039e-01
1.61819e-01
1.69152e-01
1.70937e-01
1.67906e-01
1.65519e-01
1.66388e-01
1.68023e-01
1.66776e-01
1.62408e-01
1.55721e-01
1.48575e-01
1.42664e-01
1.38139e-01
1.35199e-01
1.33064e-01
1.30306e-01
1.26611e-01
1.22147e-01
1.17260e-01
1.11807e-01
1.06406e-01
1.00539e-01
9.31514e-02
8.49381e-02
7.71197e-02
6.97025e-02
6.31990e-02
5.74287e-02
5.18907e-02
4.59505e-02
3.91223e-02
3.16600e-02
2.33911e-02
1.47382e-02
5.90679e-03
-3.48723e-03
-1.33326e-02
-2.39990e-02
-3.51804e-02
-4.59922e-02
-5.64056e-02
-6.58808e-02
-7.38732e-02
-8.06052e-02
-8.65876e-02
-9.17882e-02
-9.61781e-02
-9.97351e-02
-1.02959e-01
-1.05309e-01
-1.06864e-01
-1.06911e-01
-1.04767e-01
-1.00269e-01
-9.39044e-02
-8.63959e-02
-7.92943e-02
-7.20865e-02
-6.57777e-02
-5.98452e-02
-5.45079e-02
-4.96773e-02
-4.61268e-02
-4.35564e-02
-4.23325e-02
-4.21855e-02
-4.14607e-02
-3.97075e-02
-3.67750e-02
-3.23881e-02
-2.68704e-02
-2.28412e-02
-2.38246e-02
-2.82704e-02
-3.19474e-02
-3.26095e-02
-3.01967e-02
-2.65647e-02
-2.40747e-02
-2.24630e-02
-2.17051e-02
-2.07312e-02
-1.96127e-02
-1.93924e-02
-2.12207e-02
-2.41798e-02
-2.66180e-02
-2.76368e-02
-2.74309e-02
-2.74431e-02
-2.83167e-02
-2.91682e-02
-2.91774e-02
-2.81838e-02
-2.61613e-02
-2.41876e-02
-2.20951e-02
-1.93236e-02
-1.55396e-02
-1.12041e-02
-7.24397e-03
-2.86117e-03
2.40860e-03
7.90158e-03
1.34775e-02
1.84541e-02
2.11654e-02
2.13286e-02
1.93999e-02
1.70524e-02
1.55904e-02
1.46161e-02
1.36929e-02
1.17981e-02
8.30500e-03
5.05028e-03
2.67679e-03
1.22050e-03
5.48881e-04
7.34135e-04
2.08302e-03
4.05513e-03
6.61015e-03
1.16582e-02
1.78588e-02
2.32552e-02
2.88263e-02
3.48414e-02
4.17111e-02
4.87223e-02
5.22762e-02
5.09917e-02
4.74342e-02
4.66970e-02
4.99815e-02
5.24605e-02
5.14775e-02
4.82238e-02
4.30251e-02
3.68759e-02
3.01536e-02
2.40544e-02
1.90991e-02
1.43925e-02
1.07809e-02
7.93765e-03
6.04572e-03
5.84255e-03
6.23041e-03
7.40382e-03
9.34544e-03
1.12795e-02
1.32927e-02
1.54900e-02
1.77964e-02
1.99556e-02
2.14983e-02
2.17752e-02
2.05831e-02
1.93527e-02
1.83522e-02
1.75928e-02
1.62789e-02
1.50625e-02
1.38191e-02
1.37721e-02
1.47649e-02
1.57470e-02
1.67394e-02
1.65534e-02
1.55008e-02
1.32984e-02
9.93827e-03
4.87739e-03
-1.38506e-03
-8.13399e-03
-1.42765e-02
-1.88088e-02
-2.24352e-02
-2.48330e-02
-2.71818e-02
-2.91437e-02
-2.98771e-02
-2.92699e-02
-2.72598e-02
-2.42347e-02
-2.20953e-02
-2.09276e-02
-2.05376e-02
-2.00148e-02
-1.87168e-02
-1.68929e-02
-1.46396e-02
-1.24146e-02
-1.03793e-02
-8.64040e-03
-7.19830e-03
-5.75561e-03
-3.61147e-03
-1.64925e-03
-5.60770e-04
-3.45286e-04
-1.18678e-04
3.26939e-04
5.83035e-04
1.99784e-04
-3.55587e-04
-1.17118e-03
-1.82323e-03
-1.13290e-03
3.30132e-04
1.60483e-03
3.15137e-03
5.11487e-03
6.84793e-03
7.92828e-03
8.26009e-03
7.48601e-03
5.76961e-03
3.67175e-03
8.78978e-04
-3.00803e-03
-7.08681e-03
-1.04536e-02
-1.29473e-02
-1.50789e-02
-1.70236e-02
-1.84430e-02
-1.92158e-02
-1.93036e-02
-1.88614e-02
-1.82442e-02
-1.79693e-02
-1.81964e-02
-1.81856e-02
-1.71415e-02
-1.53958e-02
-1.36432e-02
-1.17635e-02
-9.84571e-03
-8.14765e-03
-6.54097e-03
-4.57193e-03
-2.23428e-03
3.86034e-04
3.24092e-03
5.98823e-03
8.54244e-03
1.14014e-02
1.43822e-02
1.67481e-02
1.83579e-02
1.95093e-02
2.05859e-02
2.17270e-02
2.28179e-02
2.41409e-02
2.58020e-02
2.79873e-02
3.01411e-02
3.21803e-02
3.41645e-02
3.62399e-02
3.86920e-02
4.17731e-02
4.54424e-02
4.94354e-02
5.33610e-02
5.68046e-02
5.98113e-02
6.22450e-02
6.37399e-02
6.50858e-02
6.61296e-02
6.69627e-02
6.70834e-02
6.71302e-02
6.72430e-02
6.72903e-02
6.72672e-02
6.71741e-02
6.72012e-02
6.77052e-02
6.89757e-02
7.07517e-02
7.23509e-02
7.41612e-02
7.64407e-02
7.80079e-02
7.96517e-02
8.25949e-02
8.54470e-02
8.81291e-02
8.99922e-02
9.09814e-02
9.10557e-02
9.07742e-02
8.98344e-02
8.80206e-02
8.59701e-02
8.31795e-02
7.90440e-02
7.37027e-02
6.78964e-02
6.25665e-02
5.72187e-02
5.19583e-02
4.72474e-02
4.34026e-02
4.11431e-02
3.82745e-02
3.46610e-02
3.10431e-02
2.67640e-02
2.23832e-02
1.82993e-02
1.45959e-02
1.11969e-02
7.50150e-03
3.34836e-03
-9.62657e-04
-5.55099e-03
-1.06094e-02
-1.49289e-02
-1.78509e-02
-1.99704e-02
-2.16334e-02
-2.26107e-02
-2.30020e-02
-2.27677e-02
-2.15519e-02
-1.91889e-02
-1.58258e-02
-1.17277e-02
-7.19528e-03
-2.39114e-03
2.47661e-03
7.36311e-03
1.19213e-02
1.57805e-02
1.86377e-02
2.04083e-02
2.15278e-02
2.26451e-02
2.36153e-02
2.46865e-02
2.60750e-02
2.73324e-02
2.79318e-02
2.79345e-02
2.78299e-02
2.73806e-02
2.63332e-02
2.48886e-02
2.29893e-02
2.00810e-02
1.67227e-02
1.35417e-02
1.05699e-02
8.15540e-03
6.18353e-03
4.63027e-03
2.82864e-03
4.84354e-04
-1.82940e-03
-3.96234e-03
-5.91839e-03
-7.76847e-03
-9.71413e-03
-1.22295e-02
-1.54769e-02
-1.85670e-02
-2.10882e-02
-2.25918e-02
-2.42222e-02
-2.71614e-02
-3.22876e-02
-3.88253e-02
-4.47638e-02
-5.02878e-02
-5.56357e-02
-6.11552e-02
-6.72000e-02
-7.35546e-02
-7.94992e-02
-8.48468e-02
-8.88313e-02
-9.19029e-02
-9.41906e-02
-9.64718e-02
-9.87838e-02
-1.00878e-01
-1.02198e-01
-1.02412e-01
-1.02128e-01
-1.01370e-01
-1.00240e-01
-9.94314e-02
-9.86422e-02
-9.82043e-02
-9.74617e-02
-9.62356e-02
-9.52559e-02
-9.40275e-02
-9.27858e-02
-9.11951e-02
-8.99248e-02
-8.90537e-02
-8.79214e-02
-8.66238e-02
-8.50377e-02
-8.34681e-02
-8.21972e-02
-8.06835e-02
-7.93100e-02
-7.85271e-02
-7.76521e-02
-7.64630e-02
-7.52246e-02
-7.39559e-02
-7.27418e-02
-7.17096e-02
-7.03465e-02
-6.85980e-02
-6.64969e-02
-6.42250e-02
-6.19941e-02
-5.97069e-02
-5.76183e-02
-5.53335e-02
-5.26898e-02
-4.98805e-02
-4.74516e-02
-4.53510e-02
-4.32096e-02
-4.19247e-02
-4.20359e-02
-4.28103e-02
-4.25942e-02
-4.01717e-02
-3.54039e-02
-2.93614e-02
-2.35566e-02
-1.84296e-02
-1.35867e-02
-8.59726e-03
-4.25746e-03
-8.06842e-04
2.49347e-03
6.06355e-03
9.25146e-03
1.21921e-02
1.44842e-02
1.67874e-02
1.90809e-02
2.09896e-02
2.22975e-02
2.31256e-02
2.41191e-02
2.53025e-02
2.62271e-02
2.75031e-02
2.87168e-02
2.94858e-02
3.00005e-02
3.12487e-02
3.30182e-02
3.43823e-02
3.54403e-02
3.69640e-02
3.80255e-02
3.88173e-02
3.95921e-02
4.03650e-02
4.03556e-02
3.95080e-02
3.89780e-02
3.85516e-02
3.76670e-02
3.68004e-02
3.59553e-02
3.50723e-02
3.51199e-02
3.52457e-02
3.52978e-02
3.52763e-02
3.50187e-02
3.43134e-02
3.32393e-02
3.22135e-02
3.04303e-02
2.81658e-02
2.55072e-02
2.22854e-02
1.89446e-02
1.58316e-02
1.31930e-02
1.02359e-02
7.06899e-03
4.66959e-03
2.60133e-03
6.03829e-04
-1.28919e-03
-3.41411e-03
-6.18445e-03
-9.11195e-03
-1.22288e-02
-1.50446e-02
-1.70250e-02
-1.81924e-02
-1.84531e-02
-1.83857e-02
-1.80276e-02
-1.73561e-02
-1.68541e-02
-1.68331e-02
-1.69138e-02
-1.67558e-02
-1.63012e-02
-1.57789e-02
-1.57765e-02
-1.71072e-02
-1.88661e-02
-2.01651e-02
-2.14099e-02
-2.28039e-02
-2.39857e-02
-2.49506e-02
-2.51363e-02
-2.44401e-02
-2.33647e-02
-2.24955e-02
-2.16646e-02
-2.07941e-02
-1.95149e-02
-1.76936e-02
-1.54062e-02
-1.28970e-02
-1.10701e-02
-1.01962e-02
-9.57821e-03
-8.93803e-03
-8.60025e-03
-8.12672e-03
-6.80733e-03
-4.71873e-03
-2.53712e-03
-8.74647e-04
-1.08245e-05
1.22926e-04
9.03354e-05
3.52123e-04
1.01573e-03
2.03453e-03
3.01402e-03
3.94214e-03
5.24371e-03
6.42213e-03
6.95581e-03
6.92474e-03
6.91280e-03
6.99218e-03
7.10846e-03
7.19597e-03
7.22087e-03
7.21673e-03
7.18308e-03
7.11614e-03
7.06076e-03
7.12315e-03
7.45928e-03
8.12469e-03
8.85597e-03
9.17956e-03
9.36178e-03
9.91465e-03
1.06601e-02
1.11703e-02
1.14125e-02
1.09845e-02
1.02012e-02
9.47289e-03
8.98324e-03
7.70175e-03
5.89317e-03
4.68025e-03
3.89191e-03
3.15757e-03
2.90268e-03
2.27262e-03
1.27897e-03
6.89330e-04
5.61221e-04
5.07294e-04
7.73731e-04
1.81118e-03
3.57816e-03
5.27777e-03
7.09139e-03
8.52376e-03
9.63724e-03
1.12565e-02
1.33905e-02
1.56727e-02
1.82280e-02
2.13027e-02
2.46060e-02
2.71856e-02
2.98182e-02
3.32586e-02
3.58900e-02
3.78939e-02
3.88244e-02
3.93315e-02
3.95292e-02
3.96815e-02
3.97125e-02
3.93402e-02
3.85631e-02
3.76717e-02
3.65735e-02
3.50082e-02
3.39183e-02
3.36168e-02
3.41701e-02
3.51090e-02
3.57055e-02
3.57787e-02
3.56079e-02
3.52357e-02
3.55246e-02
3.65914e-02
3.80441e-02
3.90148e-02
3.95934e-02
4.01898e-02
4.11862e-02
4.22288e-02
4.30037e-02
4.35068e-02
4.39810e-02
4.41700e-02
4.42536e-02
4.42902e-02
4.40481e-02
4.34007e-02
4.25219e-02
4.20867e-02
4.17581e-02
4.10095e-02
4.00998e-02
3.91203e-02
3.77813e-02
3.65135e-02
3.54813e-02
3.44667e-02
3.34066e-02
3.22440e-02
3.09305e-02
2.95089e-02
2.81210e-02
2.66615e-02
2.49543e-02
2.33642e-02
2.21356e-02
2.07168e-02
1.89467e-02
1.73562e-02
1.55466e-02
1.31290e-02
1.07476e-02
9.00869e-03
7.66243e-03
6.40173e-03
4.96526e-03
3.59910e-03
2.84068e-03
2.73883e-03
2.82708e-03
2.72204e-03
2.09220e-03
1.61303e-03
1.86866e-03
2.63645e-03
3.77716e-03
4.90894e-03
5.88844e-03
6.66062e-03
7.07284e-03
7.12914e-03
7.05353e-03
6.67802e-03
5.90312e-03
5.13944e-03
4.76968e-03
3.99687e-03
3.04119e-03
2.38452e-03
1.26303e-03
2.61438e-04
3.70876e-04
9.04103e-04
8.03811e-04
5.65658e-04
4.42059e-04
6.27383e-04
1.37050e-03
2.59796e-03
3.61008e-03
4.04897e-03
3.77955e-03
3.08130e-03
2.04381e-03
1.19021e-03
6.51789e-04
2.63913e-04
-3.11226e-04
-7.12762e-04
-1.27595e-03
-1.88565e-03
-2.94462e-03
-4.12548e-03
-5.08089e-03
-5.60262e-03
-5.58621e-03
-5.54153e-03
-5.74372e-03
-6.35360e-03
-7.36093e-03
-8.36688e-03
-9.22643e-03
-1.00830e-02
-1.12262e-02
-1.29161e-02
-1.42575e-02
-1.51481e-02
-1.63790e-02
-1.76801e-02
-1.94490e-02
-2.10991e-02
-2.25201e-02
-2.44541e-02
-2.67920e-02
-2.93123e-02
-3.19062e-02
-3.42138e-02
-3.63167e-02
-3.84690e-02
-4.06770e-02
-4.29607e-02
-4.52503e-02
-4.73775e-02
-4.90423e-02
-5.00423e-02
-5.06121e-02
-5.11463e-02
-5.14720e-02
-5.16086e-02
-5.17012e-02
-5.16233e-02
-5.12028e-02
-5.04381e-02
-4.96875e-02
-4.90622e-02
-4.82009e-02
-4.72471e-02
-4.65156e-02
-4.59210e-02
-4.51548e-02
-4.43694e-02
-4.36926e-02
-4.27740e-02
-4.17483e-02
-4.09381e-02
-4.03248e-02
-3.96775e-02
-3.92273e-02
-3.90926e-02
-3.87667e-02
-3.82095e-02
-3.80118e-02
-3.82172e-02
-3.85623e-02
-3.86465e-02
-3.86627e-02
-3.84806e-02
-3.78597e-02
-3.72509e-02
-3.65391e-02
-3.51487e-02
-3.39715e-02
-3.24645e-02
-3.07064e-02
-2.97134e-02
-2.86196e-02
-2.69972e-02
-2.55789e-02
-2.46250e-02
-2.38394e-02
-2.31211e-02
-2.22445e-02
-2.12215e-02
-2.04633e-02
-1.99061e-02
-1.90562e-02
-1.76063e-02
-1.57276e-02
-1.36174e-02
-1.14678e-02
-9.15966e-03
-6.52220e-03
-3.62795e-03
-4.47996e-04
3.03395e-03
6.28771e-03
9.32490e-03
1.22980e-02
1.50986e-02
1.80023e-02
2.02567e-02
2.16001e-02
2.26517e-02
2.33942e-02
2.43068e-02
2.57273e-02
2.70842e-02
2.79053e-02
2.81010e-02
2.84193e-02
2.86363e-02
2.84100e-02
2.80445e-02
2.72199e-02
2.68986e-02
2.72422e-02
2.77968e-02
2.83542e-02
2.86533e-02
2.89322e-02
2.91589e-02
2.98676e-02
3.10285e-02
3.21547e-02
3.31278e-02
3.39180e-02
3.45938e-02
3.54560e-02
3.67482e-02
3.78925e-02
3.88491e-02
4.01936e-02
4.12163e-02
4.15959e-02
4.19089e-02
4.19634e-02
4.20527e-02
4.22277e-02
4.23575e-02
4.22733e-02
4.17654e-02
4.08752e-02
4.00945e-02
3.99161e-02
3.95121e-02
3.89352e-02
3.85470e-02
3.81434e-02
3.77679e-02
3.68915e-02
3.56458e-02
3.46769e-02
3.38751e-02
3.24038e-02
3.05801e-02
2.85588e-02
2.60497e-02
2.35754e-02
2.13890e-02
1.89823e-02
1.63050e-02
1.37426e-02
1.16058e-02
9.60267e-03
7.69919e-03
5.87169e-03
4.23553e-03
3.48718e-03
3.31747e-03
2.70581e-03
1.67147e-03
8.80504e-04
8.70781e-04
8.29273e-04
4.91949e-04
-1.77049e-05
-4.07524e-04
-4.13598e-04
-5.03556e-04
-7.96160e-04
-1.26795e-03
-1.67939e-03
-1.86971e-03
-2.32998e-03
-3.04508e-03
-3.87081e-03
-5.01601e-03
-5.99045e-03
-6.67986e-03
-7.25968e-03
-8.24755e-03
-1.02650e-02
-1.30224e-02
-1.60660e-02
-1.93010e-02
-2.27694e-02
-2.57576e-02
-2.85764e-02
-3.12919e-02
-3.34757e-02
-3.54825e-02
-3.73351e-02
-3.91968e-02
-4.13763e-02
-4.31722e-02
-4.44035e-02
-4.53445e-02
-4.57270e-02
-4.66281e-02
-4.79003e-02
-4.85962e-02
-4.94364e-02
-4.99155e-02
-4.98804e-02
-4.98960e-02
-4.99510e-02
-4.98360e-02
-4.94018e-02
-4.87259e-02
-4.80571e-02
-4.69836e-02
-4.58775e-02
-4.48160e-02
-4.35911e-02
-4.20874e-02
-4.02634e-02
-3.83987e-02
-3.60866e-02
-3.40007e-02
-3.26672e-02
-3.22407e-02
-3.21972e-02
-3.18425e-02
-3.11533e-02
-3.03362e-02
-2.99038e-02
-2.95487e-02
-2.95316e-02
-2.92819e-02
-2.85038e-02
-2.74914e-02
-2.70189e-02
-2.71191e-02
-2.71879e-02
-2.71343e-02
-2.68875e-02
-2.62835e-02
-2.53890e-02
-2.47258e-02
-2.43463e-02
-2.34824e-02
-2.22609e-02
-2.06415e-02
-1.85674e-02
-1.64506e-02
-1.43724e-02
-1.23080e-02
-1.02015e-02
-8.03919e-03
-5.84074e-03
-3.60955e-03
-1.41458e-03
6.38030e-04
2.40162e-03
3.91004e-03
5.44152e-03
6.81998e-03
8.36310e-03
1.00526e-02
1.14231e-02
1.25843e-02
1.35341e-02
1.49193e-02
1.63386e-02
1.70963e-02
1.76325e-02
1.85813e-02
1.97671e-02
2.10674e-02
2.25279e-02
2.39717e-02
2.50208e-02
2.59837e-02
2.70140e-02
2.81125e-02
2.93689e-02
3.08403e-02
3.24473e-02
3.37507e-02
3.47184e-02
3.54580e-02
3.59774e-02
3.65139e-02
3.70496e-02
3.76651e-02
3.83948e-02
3.93538e-02
4.03480e-02
4.09734e-02
4.11921e-02
4.13318e-02
4.15516e-02
4.15891e-02
4.11514e-02
4.07672e-02
4.07941e-02
4.06015e-02
4.02636e-02
3.97969e-02
3.90074e-02
3.82685e-02
3.77335e-02
3.70011e-02
3.60510e-02
3.49236e-02
3.35254e-02
3.19537e-02
3.05303e-02
2.93949e-02
2.83697e-02
2.76346e-02
2.73629e-02
2.73200e-02
2.71385e-02
2.67713e-02
2.63447e-02
2.61436e-02
2.61579e-02
2.58364e-02
2.49040e-02
2.35225e-02
2.21218e-02
2.10609e-02
2.02680e-02
1.91712e-02
1.79644e-02
1.70323e-02
1.63944e-02
1.61204e-02
1.56296e-02
1.50366e-02
1.44252e-02
1.35808e-02
1.25901e-02
1.16625e-02
1.09042e-02
9.97798e-03
9.16034e-03
8.40541e-03
7.39519e-03
6.26394e-03
5.61971e-03
5.20011e-03
4.28208e-03
3.21062e-03
2.47423e-03
1.42113e-03
3.25785e-04
-7.07283e-04
-1.75244e-03
-2.77338e-03
-3.86966e-03
-5.14873e-03
-6.67288e-03
-8.32773e-03
-1.00366e-02
-1.21615e-02
-1.41595e-02
-1.55118e-02
-1.76333e-02
-1.99568e-02
-2.22174e-02
-2.44196e-02
-2.64017e-02
-2.80468e-02
-2.93580e-02
-3.08907e-02
-3.31579e-02
-3.51888e-02
-3.65866e-02
-3.74951e-02
-3.83106e-02
-3.91931e-02
-4.00503e-02
-4.04734e-02
-4.11914e-02
-4.20275e-02
-4.23180e-02
-4.22764e-02
-4.25200e-02
-4.32427e-02
-4.42135e-02
-4.47268e-02
-4.47295e-02
-4.47178e-02
-4.45672e-02
-4.40457e-02
-4.31792e-02
-4.24254e-02
-4.15740e-02
-4.03507e-02
-3.94946e-02
-3.83093e-02
-3.72311e-02
-3.55267e-02
-3.37618e-02
-3.18250e-02
-3.00907e-02
-2.85611e-02
-2.68112e-02
-2.53251e-02
-2.38125e-02
-2.25263e-02
-2.08745e-02
-1.86550e-02
-1.62543e-02
-1.36546e-02
-1.09312e-02
-8.52610e-03
-5.99831e-03
-3.36944e-03
1.69636e-05
3.87353e-03
6.92421e-03
9.38466e-03
1.13880e-02
1.34603e-02
1.57833e-02
1.83243e-02
1.99343e-02
2.09381e-02
2.20780e-02
2.33995e-02
2.48323e-02
2.61422e-02
2.71605e-02
2.86988e-02
3.00827e-02
3.15998e-02
3.31947e-02
3.42641e-02
3.53150e-02
3.64099e-02
3.75559e-02
3.87543e-02
3.99193e-02
4.09130e-02
4.17361e-02
4.23423e-02
4.30347e-02
4.42485e-02
4.54488e-02
4.63419e-02
4.68001e-02
4.68185e-02
4.69061e-02
4.69726e-02
4.68097e-02
4.62486e-02
4.54236e-02
4.47859e-02
4.42004e-02
4.31285e-02
4.20651e-02
4.10753e-02
4.00340e-02
3.87558e-02
3.70703e-02
3.50680e-02
3.34406e-02
3.22351e-02
3.09753e-02
2.98614e-02
2.91941e-02
2.80621e-02
2.68706e-02
2.57761e-02
2.47318e-02
2.37146e-02
2.26392e-02
2.14776e-02
2.01766e-02
1.86525e-02
1.72192e-02
1.63854e-02
1.55499e-02
1.44411e-02
1.39429e-02
1.33316e-02
1.28059e-02
1.20914e-02
1.14439e-02
1.06352e-02
1.01326e-02
9.82674e-03
8.97322e-03
7.93577e-03
7.57844e-03
6.88691e-03
5.95161e-03
5.58240e-03
4.64466e-03
3.24217e-03
2.36060e-03
1.47889e-03
1.29043e-03
9.00501e-04
2.20396e-04
-2.30907e-04
-9.08004e-04
-1.60287e-03
-2.70367e-03
-3.72325e-03
-4.48656e-03
-5.08795e-03
-5.76326e-03
-7.04974e-03
-8.45395e-03
-9.65947e-03
-1.05013e-02
-1.17204e-02
-1.27892e-02
-1.43569e-02
-1.57740e-02
-1.73382e-02
-1.89521e-02
-1.97737e-02
-2.01270e-02
-2.02030e-02
-2.06667e-02
-2.16256e-02
-2.26496e-02
-2.28615e-02
-2.31986e-02
-2.37305e-02
-2.39496e-02
-2.43292e-02
-2.47396e-02
-2.47397e-02
-2.48969e-02
-2.54173e-02
-2.61316e-02
-2.65899e-02
-2.70136e-02
-2.70146e-02
-2.69885e-02
-2.70320e-02
-2.70537e-02
-2.71354e-02
-2.71737e-02
-2.70608e-02
-2.66540e-02
-2.59761e-02
-2.52943e-02
-2.44321e-02
-2.37507e-02
-2.31526e-02
-2.22125e-02
-2.15496e-02
-2.11852e-02
-2.07157e-02
-2.04530e-02
-1.99890e-02
-1.94646e-02
-1.94449e-02
-1.94628e-02
-1.94508e-02
-1.94640e-02
-1.94871e-02
-1.94575e-02
-1.92696e-02
-1.88555e-02
-1.83810e-02
-1.82799e-02
-1.83026e-02
-1.83172e-02
-1.84128e-02
-1.86057e-02
-1.86820e-02
-1.83491e-02
-1.82505e-02
-1.81358e-02
-1.76493e-02
-1.68481e-02
-1.61638e-02
-1.56038e-02
-1.46436e-02
-1.35522e-02
-1.25032e-02
-1.14453e-02
-1.03323e-02
-9.19383e-03
-8.11098e-03
-7.17542e-03
-6.45778e-03
-5.82703e-03
-4.93399e-03
-4.14429e-03
-3.66046e-03
-3.24585e-03
-3.17844e-03
-3.21426e-03
-3.14076e-03
-2.89583e-03
-2.44557e-03
-1.93812e-03
-1.87690e-03
-2.10028e-03
-2.48801e-03
-2.92333e-03
-3.02083e-03
-3.10483e-03
-3.31683e-03
-3.42169e-03
-3.14486e-03
-3.11891e-03
-3.08054e-03
-2.58237e-03
-1.56780e-03
-4.47222e-04
6.03955e-04
1.62283e-03
2.60322e-03
3.60186e-03
4.71192e-03
6.02522e-03
7.56988e-03
9.14828e-03
1.01740e-02
1.07993e-02
1.12788e-02
1.19628e-02
1.26869e-02
1.36041e-02
1.43629e-02
1.48515e-02
1.53912e-02
1.57224e-02
1.59833e-02
1.60819e-02
1.64713e-02
1.66443e-02
1.66662e-02
1.66968e-02
1.65290e-02
1.60969e-02
1.55084e-02
1.51423e-02
1.45546e-02
1.39180e-02
1.28506e-02
1.18989e-02
1.12760e-02
1.07990e-02
1.01405e-02
9.71857e-03
9.35327e-03
9.31625e-03
9.13323e-03
8.58077e-03
7.91124e-03
7.67567e-03
7.69128e-03
7.95534e-03
7.55233e-03
7.02399e-03
7.07463e-03
7.04402e-03
6.60202e-03
5.66924e-03
4.60691e-03
3.28593e-03
2.66622e-03
2.17112e-03
1.19734e-03
2.90833e-04
-5.89977e-04
-1.65302e-03
-2.11737e-03
-2.75795e-03
-3.43944e-03
-4.48155e-03
-5.44818e-03
-6.09997e-03
-6.68001e-03
-7.55975e-03
-8.26076e-03
-8.85409e-03
-9.85602e-03
-1.07348e-02
-1.15179e-02
-1.23871e-02
-1.26169e-02
-1.31986e-02
-1.42267e-02
-1.49751e-02
-1.56172e-02
-1.65022e-02
-1.70019e-02
-1.69584e-02
-1.70099e-02
-1.71800e-02
-1.73295e-02
-1.71929e-02
-1.64761e-02
-1.51324e-02
-1.37588e-02
-1.27423e-02
-1.24343e-02
-1.19935e-02
-1.17276e-02
-1.12775e-02
-1.07371e-02
-1.06018e-02
-1.03204e-02
-9.86596e-03
-9.57502e-03
-9.99641e-03
-1.05260e-02
-1.06680e-02
-1.10181e-02
-1.14961e-02
-1.16448e-02
-1.19395e-02
-1.22708e-02
-1.22382e-02
-1.23246e-02
-1.16366e-02
-1.08090e-02
-1.05400e-02
-1.06594e-02
-1.06541e-02
-1.03482e-02
-9.75862e-03
-9.10454e-03
-8.72831e-03
-8.46316e-03
-8.41778e-03
-8.07553e-03
-7.31342e-03
-6.50107e-03
-6.18967e-03
-6.20188e-03
-5.91348e-03
-5.22547e-03
-4.40252e-03
-3.88512e-03
-3.40836e-03
-2.53645e-03
-1.78900e-03
-1.80066e-03
-1.84010e-03
-1.79042e-03
-1.74433e-03
-1.69851e-03
-1.66817e-03
-1.64109e-03
-1.63486e-03
-1.67440e-03
-1.79785e-03
-1.99060e-03
-2.13716e-03
-1.99891e-03
-1.70042e-03
-2.02753e-03
-2.55842e-03
-2.68363e-03
-2.04543e-03
-1.09719e-03
-2.43922e-04
4.17195e-04
3.61748e-04
2.95649e-04
3.22041e-04
3.42229e-04
3.95501e-04
5.39865e-04
8.41850e-04
1.20880e-03
1.28529e-03
7.97222e-04
4.31173e-04
5.35307e-04
5.93358e-04
4.00075e-04
-1.17118e-04
-8.44900e-04
-1.55715e-03
-2.36329e-03
-2.75787e-03
-2.75639e-03
-2.73087e-03
-2.54763e-03
-2.06718e-03
-1.41435e-03
-8.11182e-04
-3.16813e-05
5.97106e-04
1.24859e-03
2.15632e-03
2.87966e-03
3.51891e-03
4.25753e-03
4.68263e-03
5.10255e-03
6.14535e-03
7.53618e-03
8.92174e-03
1.05406e-02
1.19584e-02
1.30523e-02
1.39149e-02
1.50094e-02
1.61872e-02
1.71292e-02
1.79417e-02
1.85686e-02
1.94084e-02
1.99258e-02
1.99350e-02
2.01894e-02
2.08553e-02
2.17282e-02
2.22032e-02
2.21846e-02
2.25729e-02
2.36316e-02
2.50135e-02
2.62094e-02
2.74458e-02
2.79883e-02
2.80892e-02
2.79436e-02
2.75082e-02
2.76601e-02
2.83058e-02
2.90843e-02
2.90728e-02
2.89977e-02
2.90392e-02
2.90063e-02
2.87827e-02
2.82567e-02
2.76303e-02
2.71803e-02
2.64556e-02
2.52230e-02
2.45967e-02
2.41883e-02
2.36399e-02
2.32030e-02
2.26235e-02
2.19993e-02
2.10788e-02
2.02167e-02
1.93596e-02
1.82486e-02
1.76690e-02
1.68080e-02
1.59654e-02
1.50643e-02
1.37176e-02
1.26383e-02
1.11671e-02
1.00561e-02
8.93019e-03
7.56653e-03
6.14750e-03
5.01101e-03
4.62321e-03
4.14455e-03
3.80729e-03
3.08210e-03
2.06689e-03
1.56829e-03
1.59258e-03
1.48794e-03
1.16246e-03
8.32861e-04
7.60022e-04
4.12023e-04
2.96193e-04
3.09639e-04
1.16013e-04
-3.31764e-04
-8.96161e-04
-1.18940e-03
-1.50314e-03
-1.85877e-03
-1.92755e-03
-2.17380e-03
-2.96147e-03
-4.12341e-03
-4.92873e-03
-4.99112e-03
-5.28539e-03
-5.40673e-03
-5.40012e-03
-5.47967e-03
-5.67125e-03
-6.01857e-03
-6.36021e-03
-6.36916e-03
-6.51460e-03
-7.01607e-03
-6.77006e-03
-6.15481e-03
-5.54345e-03
-5.02604e-03
-4.62726e-03
-4.46958e-03
-4.46961e-03
-4.40218e-03
-4.30054e-03
-4.24942e-03
-4.36006e-03
-4.65658e-03
-5.00475e-03
-5.10277e-03
-5.18136e-03
-5.64299e-03
-6.43131e-03
-7.02653e-03
-7.19408e-03
-7.29388e-03
-7.49117e-03
-7.53341e-03
-7.17232e-03
-7.01778e-03
-7.42714e-03
-8.24386e-03
-9.20193e-03
-9.93228e-03
-1.04239e-02
-1.09039e-02
-1.14469e-02
-1.18770e-02
-1.21587e-02
-1.22613e-02
-1.24904e-02
-1.28086e-02
-1.29499e-02
-1.29959e-02
-1.29798e-02
-1.25540e-02
-1.22448e-02
-1.21754e-02
-1.19079e-02
-1.14860e-02
-1.12624e-02
-1.13237e-02
-1.12997e-02
-1.10250e-02
-1.04657e-02
-9.81581e-03
-9.39090e-03
-9.04957e-03
-8.97963e-03
-8.77637e-03
-8.33119e-03
-7.89532e-03
-7.66341e-03
-7.26986e-03
-6.83682e-03
-6.59148e-03
-6.09005e-03
-5.48725e-03
-5.11408e-03
-4.76056e-03
-4.51132e-03
-3.98003e-03
-3.29586e-03
-2.83254e-03
-2.48419e-03
-2.49826e-03
-2.52645e-03
-2.49067e-03
-2.44512e-03
-2.45700e-03
-2.49046e-03
-2.53791e-03
-2.54682e-03
-2.37363e-03
-1.91301e-03
-1.26223e-03
-8.14306e-04
-2.21130e-04
2.16502e-04
7.87088e-04
1.23673e-03
1.90451e-03
2.59442e-03
3.56635e-03
4.28959e-03
4.61870e-03
4.77605e-03
4.30732e-03
4.03475e-03
4.68666e-03
5.67080e-03
6.34775e-03
6.68600e-03
7.05529e-03
7.35918e-03
7.96829e-03
8.90217e-03
9.47309e-03
9.50423e-03
9.44302e-03
9.50514e-03
9.71873e-03
1.01064e-02
1.05040e-02
1.05930e-02
1.07554e-02
1.13374e-02
1.21997e-02
1.27417e-02
1.28070e-02
1.28068e-02
1.28128e-02
1.27331e-02
1.25153e-02
1.23001e-02
1.23694e-02
1.25004e-02
1.27919e-02
1.30013e-02
1.28736e-02
1.24600e-02
1.17156e-02
1.09012e-02
1.00771e-02
8.98821e-03
7.95354e-03
6.94108e-03
6.09447e-03
5.33812e-03
4.70097e-03
4.38652e-03
3.95057e-03
3.15898e-03
2.37451e-03
1.79435e-03
1.09801e-03
4.02333e-04
4.40636e-05
-3.00612e-04
-1.03131e-03
-1.86286e-03
-2.52161e-03
-3.31921e-03
-4.37994e-03
-5.35127e-03
-6.20639e-03
-7.04988e-03
-8.05636e-03
-9.02830e-03
-9.78781e-03
-1.05965e-02
-1.11761e-02
-1.16578e-02
-1.21788e-02
-1.26380e-02
-1.31345e-02
-1.37289e-02
-1.46186e-02
-1.52307e-02
-1.52625e-02
-1.54723e-02
-1.59426e-02
-1.63313e-02
-1.63680e-02
-1.63861e-02
-1.64614e-02
-1.65289e-02
-1.64682e-02
-1.61849e-02
-1.57265e-02
-1.53712e-02
-1.54411e-02
-1.55044e-02
-1.54332e-02
-1.51703e-02
-1.47051e-02
-1.42449e-02
-1.40129e-02
-1.36244e-02
-1.32767e-02
-1.32488e-02
-1.30736e-02
-1.26352e-02
-1.21511e-02
-1.19785e-02
-1.15562e-02
-1.08727e-02
-1.04143e-02
-9.95912e-03
-9.84381e-03
-9.63044e-03
-9.35259e-03
-9.42454e-03
-1.01387e-02
-1.04333e-02
-1.02559e-02
-9.33551e-03
-8.56583e-03
-8.00182e-03
-7.19284e-03
-6.81162e-03
-6.84316e-03
-6.71904e-03
-6.24262e-03
-5.53093e-03
-5.02119e-03
-4.65790e-03
-4.66265e-03
-4.70445e-03
-4.52683e-03
-4.09957e-03
-3.50194e-03
-3.06907e-03
-2.51768e-03
-1.96686e-03
-1.16431e-03
-3.08941e-04
6.52738e-04
2.02155e-03
3.08697e-03
3.62374e-03
3.84799e-03
4.17262e-03
4.79287e-03
5.37956e-03
5.93832e-03
6.42977e-03
6.87892e-03
7.19918e-03
7.53514e-03
7.99159e-03
8.19690e-03
8.18486e-03
8.16610e-03
8.15238e-03
8.17280e-03
8.29875e-03
8.59473e-03
8.99288e-03
9.20268e-03
9.17569e-03
9.29133e-03
9.63771e-03
1.01226e-02
1.04430e-02
1.04223e-02
1.03999e-02
1.04229e-02
1.04436e-02
1.04560e-02
1.04519e-02
1.04570e-02
1.04925e-02
1.05734e-02
1.06450e-02
1.06090e-02
1.03810e-02
9.92511e-03
9.45923e-03
9.48251e-03
9.54018e-03
9.55555e-03
9.60882e-03
9.77220e-03
1.00129e-02
1.00427e-02
9.57942e-03
9.52580e-03
9.49749e-03
9.43525e-03
9.61741e-03
1.00815e-02
1.00056e-02
1.02285e-02
1.06898e-02
1.07820e-02
1.08298e-02
1.09331e-02
1.10035e-02
1.08878e-02
1.04486e-02
9.66152e-03
8.92261e-03
8.35672e-03
7.63953e-03
6.85981e-03
6.18577e-03
5.38586e-03
4.75207e-03
4.52778e-03
4.30023e-03
3.74206e-03
2.99177e-03
1.90615e-03
7.40301e-04
2.16164e-04
1.88681e-04
-8.79681e-05
-5.75413e-04
-9.17589e-04
-1.05595e-03
-1.36828e-03
-1.79445e-03
-1.96495e-03
-1.76476e-03
-1.58907e-03
-1.71554e-03
-2.12599e-03
-2.17084e-03
-2.18619e-03
-2.24603e-03
-2.19169e-03
-1.86668e-03
-1.18410e-03
-4.23636e-04
-1.00818e-04
-4.77649e-05
1.74228e-04
4.80509e-04
5.26655e-04
7.27830e-05
-1.76052e-04
-7.25322e-04
-1.57555e-03
-2.02085e-03
-2.13253e-03
-2.60613e-03
-3.32618e-03
-3.73522e-03
-4.11791e-03
-4.18133e-03
-4.52123e-03
-5.31323e-03
-6.15697e-03
-6.28358e-03
-6.43024e-03
-7.04873e-03
-7.92875e-03
-8.43789e-03
-8.43831e-03
-8.50771e-03
-8.92304e-03
-9.63624e-03
-1.01559e-02
-9.69715e-03
-9.22583e-03
-9.01606e-03
-9.17664e-03
-9.29308e-03
-9.68277e-03
-1.02369e-02
-1.06772e-02
-1.08655e-02
-1.08339e-02
-1.07297e-02
-1.04381e-02
-9.99782e-03
-9.67998e-03
-9.36041e-03
-8.92702e-03
-8.78086e-03
-8.81782e-03
-8.71573e-03
-8.35860e-03
-7.79401e-03
-7.31931e-03
-7.10709e-03
-7.01478e-03
-6.84230e-03
-6.55459e-03
-6.57263e-03
-6.61968e-03
-6.60086e-03
-6.47764e-03
-6.16915e-03
-5.75068e-03
-5.50856e-03
-5.47116e-03
-5.22062e-03
-4.73742e-03
-4.33942e-03
-4.34121e-03
-4.36600e-03
-4.35375e-03
-4.35643e-03
-4.36095e-03
-4.33968e-03
-4.23249e-03
-4.02250e-03
-3.80670e-03
-3.87728e-03
-4.29141e-03
-4.36671e-03
-4.42960e-03
-4.49349e-03
-4.25711e-03
-3.45278e-03
-2.09256e-03
-1.02253e-03
-5.12748e-04
3.38210e-04
1.10340e-03
1.74451e-03
2.63059e-03
3.11271e-03
3.26928e-03
3.79604e-03
4.66373e-03
5.23587e-03
5.45533e-03
5.87737e-03
6.56646e-03
7.07155e-03
7.52015e-03
7.61331e-03
7.57961e-03
7.59228e-03
7.63627e-03
7.72311e-03
7.82261e-03
7.84624e-03
7.62632e-03
7.02236e-03
6.16300e-03
5.66454e-03
5.72539e-03
5.78392e-03
5.50453e-03
4.85705e-03
4.00315e-03
3.53676e-03
3.52624e-03
3.35750e-03
2.82758e-03
2.16172e-03
1.88923e-03
2.06465e-03
1.91038e-03
1.39570e-03
1.17262e-03
1.19600e-03
1.20977e-03
1.20157e-03
1.18669e-03
1.16978e-03
1.15435e-03
1.14471e-03
1.15083e-03
1.18128e-03
1.22709e-03
1.23685e-03
1.11671e-03
7.75749e-04
2.80423e-04
-5.20152e-05
-3.21038e-04
-6.14469e-04
-5.76185e-04
-4.64140e-04
-7.87358e-04
-1.03062e-03
-9.82502e-04
-8.71576e-04
-7.97901e-04
-9.01860e-04
-1.32421e-03
-2.08047e-03
-2.78723e-03
-3.01114e-03
-2.93695e-03
-2.93095e-03
-2.99831e-03
-3.08590e-03
-3.11271e-03
-2.92582e-03
-2.34731e-03
-1.47044e-03
-8.40990e-04
-5.14849e-04
1.94654e-04
1.03545e-03
1.59920e-03
2.09727e-03
2.66463e-03
3.24594e-03
3.93166e-03
4.64728e-03
5.33103e-03
5.71550e-03
6.14121e-03
6.96209e-03
7.74112e-03
7.99605e-03
7.93870e-03
7.89924e-03
7.91724e-03
8.04369e-03
8.36212e-03
8.84996e-03
9.21320e-03
9.15402e-03
9.11333e-03
9.14038e-03
9.21293e-03
9.24956e-03
9.14028e-03
8.84051e-03
8.44675e-03
8.34361e-03
8.82377e-03
9.22623e-03
9.18979e-03
9.15162e-03
9.15029e-03
9.06503e-03
8.76000e-03
8.26704e-03
7.97541e-03
8.29707e-03
8.84572e-03
9.22430e-03
9.08683e-03
8.66504e-03
7.94937e-03
7.16951e-03
6.91288e-03
7.04220e-03
6.98930e-03
6.57351e-03
5.82225e-03
5.11856e-03
5.12769e-03
4.54627e-03
4.05293e-03
3.45664e-03
2.94048e-03
2.31983e-03
1.80079e-03
1.13994e-03
6.68295e-04
2.59142e-04
2.58218e-04
3.50122e-04
3.40107e-04
9.96044e-05
-5.30057e-04
-1.38748e-03
-1.98987e-03
-2.51803e-03
-3.48280e-03
-4.36040e-03
-5.26803e-03
-6.38046e-03
-6.64965e-03
-6.42690e-03
-6.78772e-03
-7.32085e-03
-7.36022e-03
-7.18704e-03
-7.14165e-03
-7.47900e-03
-8.31520e-03
-8.50903e-03
-8.42353e-03
-8.40796e-03
-8.42794e-03
-8.46256e-03
-8.48716e-03
-8.49330e-03
-8.48315e-03
-8.46241e-03
-8.45134e-03
-8.45841e-03
-8.43244e-03
-8.39175e-03
-8.34037e-03
-8.31205e-03
-8.42797e-03
-8.80472e-03
-9.41023e-03
-9.90420e-03
-1.02593e-02
-1.03775e-02
-1.03883e-02
-1.05422e-02
-1.08299e-02
-1.09860e-02
-1.06944e-02
-1.03309e-02
-9.98224e-03
-9.52650e-03
-9.34621e-03
-9.38946e-03
-9.43275e-03
-9.43417e-03
-9.26483e-03
-8.73128e-03
-7.85605e-03
-7.08570e-03
-6.64126e-03
-6.22915e-03
-5.88002e-03
-5.37837e-03
-4.55603e-03
-3.88041e-03
-3.59926e-03
-3.38241e-03
-2.86898e-03
-2.12870e-03
-1.18841e-03
-5.72504e-05
7.69891e-04
1.08420e-03
9.50680e-04
5.21237e-04
-1.46271e-04
-6.24328e-04
-4.36223e-04
1.25766e-04
3.24858e-04
-3.19567e-05
-5.30314e-04
-7.85334e-04
-7.29062e-04
-6.50327e-04
-5.29546e-04
-2.31416e-04
2.27245e-04
6.25506e-04
9.29628e-04
1.41385e-03
1.74824e-03
1.77456e-03
1.80293e-03
1.85105e-03
1.90873e-03
1.96437e-03
1.98465e-03
2.00705e-03
2.02021e-03
2.01020e-03
1.98706e-03
2.07088e-03
2.35168e-03
2.84086e-03
3.32961e-03
3.52818e-03
3.68610e-03
3.59408e-03
3.21287e-03
3.22753e-03
3.38702e-03
3.65223e-03
4.01112e-03
4.18471e-03
3.99140e-03
4.07172e-03
4.48664e-03
4.52129e-03
4.49338e-03
4.50399e-03
4.50359e-03
4.50642e-03
4.49910e-03
4.50745e-03
4.53459e-03
4.58372e-03
4.58430e-03
4.43059e-03
4.00412e-03
3.41043e-03
2.93874e-03
2.27038e-03
1.96944e-03
3.00600e-03
3.83547e-03
4.23878e-03
4.55385e-03
4.14217e-03
3.44921e-03
3.96714e-03
4.55946e-03
4.40976e-03
3.96946e-03
3.44234e-03
3.24678e-03
2.88326e-03
2.44152e-03
2.43698e-03
2.55397e-03
2.50455e-03
2.10791e-03
1.26227e-03
3.11760e-04
1.35746e-04
2.83454e-04
4.99210e-04
8.33733e-04
1.05160e-03
7.05555e-04
1.65768e-04
-2.86220e-05
-1.45575e-04
-1.86538e-04
3.15906e-05
-2.42375e-04
-7.59755e-04
-9.44289e-04
-1.15227e-03
-1.51543e-03
-1.79627e-03
-1.52770e-03
-1.07092e-03
-9.30596e-04
-8.54199e-04
-5.56606e-04
-1.43446e-04
4.19232e-05
1.78270e-04
5.84216e-04
1.11899e-03
1.28892e-03
9.76504e-04
2.76958e-04
-5.80250e-04
-8.86233e-04
-8.22883e-04
-8.59407e-04
-9.37453e-04
-8.80229e-04
-5.25826e-04
9.60080e-05
6.17656e-04
9.17465e-04
7.90079e-04
3.30510e-04
-3.87688e-05
-5.08975e-04
-1.15874e-03
-1.49868e-03
-1.97167e-03
-2.56235e-03
-2.98441e-03
-3.69883e-03
-4.18897e-03
-4.47130e-03
-5.00115e-03
-5.56850e-03
-6.17676e-03
-6.72397e-03
-7.17489e-03
-7.38508e-03
-7.42750e-03
-7.48306e-03
-7.44165e-03
-7.16019e-03
-6.61738e-03
-6.07828e-03
-5.68668e-03
-5.38014e-03
-5.11017e-03
-4.57508e-03
-3.96712e-03
-3.49977e-03
-3.20761e-03
-3.19042e-03
-3.18358e-03
-3.20409e-03
-3.29573e-03
-3.37814e-03
-3.23270e-03
-2.59693e-03
-1.44932e-03
-4.37592e-04
-5.39640e-04
-1.63231e-03
-2.50499e-03
-2.93764e-03
-3.39334e-03
-3.80005e-03
-4.08209e-03
-4.15255e-03
-4.24194e-03
-4.31872e-03
-4.21770e-03
-3.85261e-03
-3.29107e-03
-2.96392e-03
-3.14042e-03
-3.65379e-03
-3.90757e-03
-3.61631e-03
-3.78962e-03
-4.53697e-03
-5.02103e-03
-5.09498e-03
-4.41792e-03
-3.44401e-03
-2.61357e-03
-1.84282e-03
-1.18581e-03
-1.12345e-03
-8.32207e-04
-2.31442e-04
2.34936e-04
1.83931e-04
-7.10759e-05
-7.77029e-05
8.03799e-04
1.35457e-03
1.43330e-03
1.37893e-03
8.87832e-04
1.05487e-04
-1.31942e-04
-4.87468e-04
-8.68925e-04
-8.52138e-04
-8.36322e-04
-8.52994e-04
-9.06605e-04
-1.02300e-03
-1.21793e-03
-1.38951e-03
-1.29686e-03
-9.17087e-04
-8.97237e-04
-9.48395e-04
-9.80742e-04
-1.03921e-03
-1.07561e-03
-1.01191e-03
-7.31312e-04
-2.26008e-04
1.99143e-04
-5.62141e-05
-5.70689e-04
-1.01631e-03
-9.67820e-04
-8.87177e-04
-8.95264e-04
-9.13830e-04
-9.45262e-04
-9.57705e-04
-9.67631e-04
-9.70032e-04
-9.79152e-04
-9.78514e-04
-9.61688e-04
-9.15552e-04
-8.75258e-04
-9.14719e-04
-1.14349e-03
-1.59815e-03
-2.05406e-03
-2.02482e-03
-1.98701e-03
-2.04379e-03
-2.10740e-03
-2.11049e-03
-1.94043e-03
-1.55643e-03
-1.11945e-03
-1.02900e-03
-9.31604e-04
-5.89911e-04
-1.26595e-04
1.60967e-04
6.77392e-04
1.50531e-03
2.07863e-03
2.27509e-03
2.56749e-03
3.01042e-03
3.30024e-03
3.89762e-03
4.93876e-03
5.88182e-03
6.48240e-03
6.88255e-03
7.50561e-03
8.23218e-03
9.13104e-03
9.72059e-03
9.78564e-03
9.76792e-03
9.79724e-03
9.84553e-03
9.88634e-03
9.91917e-03
9.93659e-03
9.93305e-03
9.88856e-03
9.81261e-03
9.76732e-03
9.90319e-03
1.03868e-02
1.12118e-02
1.19479e-02
1.23752e-02
1.27681e-02
1.31144e-02
1.35143e-02
1.40146e-02
1.42401e-02
1.43047e-02
1.44760e-02
1.46959e-02
1.47650e-02
1.50716e-02
1.54655e-02
1.57985e-02
1.60903e-02
1.59380e-02
1.55593e-02
1.55788e-02
1.57833e-02
1.56965e-02
1.57582e-02
1.59258e-02
1.55688e-02
1.49274e-02
1.40718e-02
1.30104e-02
1.18593e-02
1.05556e-02
9.24091e-03
8.23603e-03
7.27934e-03
6.46895e-03
5.55892e-03
4.41737e-03
3.29758e-03
2.22104e-03
1.23428e-03
3.80771e-04
-4.79976e-04
-1.55345e-03
-2.41649e-03
-3.19579e-03
-3.96484e-03
-4.57696e-03
-5.33139e-03
-6.12371e-03
-6.77317e-03
-7.53465e-03
-8.21935e-03
-8.48068e-03
-8.50735e-03
-8.67203e-03
-8.96447e-03
-9.16475e-03
-8.95640e-03
-8.62829e-03
-8.55006e-03
-8.42614e-03
-8.28967e-03
-8.34829e-03
-8.31009e-03
-7.84501e-03
-7.55064e-03
-7.57725e-03
-7.59464e-03
-7.58292e-03
-7.57561e-03
-7.59247e-03
-7.62278e-03
-7.61515e-03
-7.48307e-03
-7.17121e-03
-6.77414e-03
-6.62431e-03
-6.73968e-03
-6.64678e-03
-6.16099e-03
-5.33067e-03
-4.60555e-03
-4.49222e-03
-4.77816e-03
-4.96465e-03
-4.74826e-03
-4.32446e-03
-4.03380e-03
-3.58571e-03
-3.09092e-03
-2.62490e-03
-1.99141e-03
-1.14444e-03
-1.02333e-04
7.20922e-04
1.25934e-03
1.74495e-03
2.26298e-03
2.75985e-03
3.40242e-03
4.28137e-03
5.44781e-03
6.47885e-03
7.14467e-03
7.38007e-03
7.38157e-03
7.42212e-03
7.46467e-03
7.47302e-03
7.48733e-03
7.60430e-03
7.91639e-03
8.36755e-03
8.63069e-03
8.60253e-03
8.60521e-03
8.66609e-03
8.71725e-03
8.73728e-03
8.73594e-03
8.71989e-03
8.70027e-03
8.70713e-03
8.76341e-03
8.85454e-03
8.88042e-03
8.65904e-03
8.02307e-03
7.09578e-03
6.53623e-03
6.56998e-03
6.60244e-03
6.64715e-03
6.87270e-03
7.27561e-03
7.62860e-03
7.89654e-03
8.34082e-03
8.66806e-03
8.72753e-03
8.76902e-03
8.69318e-03
8.31045e-03
7.60996e-03
6.94584e-03
6.65962e-03
6.42764e-03
5.91144e-03
5.32742e-03
4.77778e-03
4.12586e-03
3.39393e-03
2.58036e-03
1.94287e-03
1.26869e-03
4.88380e-04
-1.39685e-04
-8.66292e-04
-1.74100e-03
-2.46885e-03
-3.21235e-03
-3.90503e-03
-4.13809e-03
-4.19536e-03
-4.57959e-03
-5.34333e-03
-6.17052e-03
-6.74230e-03
-7.25999e-03
-7.81972e-03
-8.25283e-03
-8.52067e-03
-8.53602e-03
-8.54439e-03
-8.57963e-03
-8.61197e-03
-8.65525e-03
-8.70220e-03
-8.73522e-03
-8.70354e-03
-8.61896e-03
-8.57655e-03
-8.73794e-03
-9.26161e-03
-1.00958e-02
-1.07279e-02
-1.08544e-02
-1.08006e-02
-1.08191e-02
-1.08825e-02
-1.09461e-02
-1.09712e-02
-1.09373e-02
-1.08548e-02
-1.08064e-02
-1.09457e-02
-1.14386e-02
-1.22407e-02
-1.28739e-02
-1.30137e-02
-1.29542e-02
-1.29291e-02
-1.29335e-02
-1.29869e-02
-1.31701e-02
-1.35423e-02
-1.39873e-02
-1.41278e-02
-1.40736e-02
-1.41107e-02
-1.42757e-02
-1.45151e-02
-1.46370e-02
-1.43773e-02
-1.41968e-02
-1.42182e-02
-1.41243e-02
-1.38207e-02
-1.33893e-02
-1.30970e-02
-1.27068e-02
-1.19569e-02
-1.11829e-02
-1.05112e-02
-9.67963e-03
-8.98000e-03
-8.78000e-03
-8.79414e-03
-8.78848e-03
-8.78470e-03
-8.76926e-03
-8.64426e-03
-8.28875e-03
-7.71873e-03
-7.22682e-03
-6.84609e-03
-6.68918e-03
-6.58638e-03
-6.23690e-03
-5.72261e-03
-5.38287e-03
-5.09366e-03
-4.71172e-03
-4.53982e-03
-4.43669e-03
-4.10285e-03
-3.60521e-03
-3.26222e-03
-2.93418e-03
-2.48280e-03
-2.25714e-03
-2.14958e-03
-1.84781e-03
-1.39584e-03
-1.08595e-03
-7.70918e-04
-2.99340e-04
2.20439e-05
3.06362e-04
6.93692e-04
8.84080e-04
1.02307e-03
1.39568e-03
1.88234e-03
2.07769e-03
2.05718e-03
2.06195e-03
2.08445e-03
2.08765e-03
2.06005e-03
2.03982e-03
2.12560e-03
2.44927e-03
3.02761e-03
3.64166e-03
4.37797e-03
5.10760e-03
5.67245e-03
6.28642e-03
6.74142e-03
6.87706e-03
6.63757e-03
6.43870e-03
6.49604e-03
6.54490e-03
6.55067e-03
6.54134e-03
6.53239e-03
6.53155e-03
6.53170e-03
6.51680e-03
6.47955e-03
6.44129e-03
6.46612e-03
6.63438e-03
6.96819e-03
7.28880e-03
7.17776e-03
6.67962e-03
6.38651e-03
6.43826e-03
6.56446e-03
6.83738e-03
7.26663e-03
7.54453e-03
7.54173e-03
7.52318e-03
7.44060e-03
7.17253e-03
6.77121e-03
6.53062e-03
6.55775e-03
6.56288e-03
6.53286e-03
6.51920e-03
6.54172e-03
6.58473e-03
6.57733e-03
6.41678e-03
6.05502e-03
5.65431e-03
5.68425e-03
6.28769e-03
6.90544e-03
7.32817e-03
7.55557e-03
7.42443e-03
7.08923e-03
6.59643e-03
6.21422e-03
6.14584e-03
6.28360e-03
6.29170e-03
5.80142e-03
5.34996e-03
5.04616e-03
4.60187e-03
4.32174e-03
4.34858e-03
4.38683e-03
4.39757e-03
4.37323e-03
4.23024e-03
3.90527e-03
3.46495e-03
3.23749e-03
3.28588e-03
3.21712e-03
2.91348e-03
2.44882e-03
2.07841e-03
1.81808e-03
1.33188e-03
8.03439e-04
3.16193e-04
-2.96140e-04
-1.02748e-03
-2.63454e-03
-3.32728e-03
-4.05480e-03
-4.81388e-03
-5.22276e-03
-5.51280e-03
-5.94228e-03
-6.20716e-03
-6.21013e-03
-6.33020e-03
-6.67941e-03
-7.17363e-03
-7.48029e-03
-7.48452e-03
-7.47919e-03
-7.49528e-03
-7.51669e-03
-7.53766e-03
-7.53790e-03
-7.52062e-03
-7.49012e-03
-7.47377e-03
-7.49344e-03
-7.55645e-03
-7.59939e-03
-7.48461e-03
-7.03677e-03
-6.24525e-03
-5.50378e-03
-5.25690e-03
-5.30002e-03
-5.29488e-03
-5.24375e-03
-5.18695e-03
-5.12006e-03
-5.04207e-03
-4.97434e-03
-5.00786e-03
-5.26903e-03
-5.80337e-03
-6.38157e-03
-6.79790e-03
-6.91382e-03
-6.55929e-03
-6.04374e-03
-5.75487e-03
-5.86720e-03
-6.15610e-03
-6.52008e-03
-6.81204e-03
-7.11716e-03
-7.76741e-03
-8.39624e-03
-8.56620e-03
-8.47079e-03
-8.43257e-03
-8.45013e-03
-8.47718e-03
-8.44030e-03
-8.25218e-03
-7.84961e-03
-7.34464e-03
-7.10186e-03
-7.24794e-03
-7.39743e-03
-7.26316e-03
-6.57278e-03
-5.88269e-03
-5.67124e-03
-5.56953e-03
-5.26028e-03
-4.81383e-03
-4.47014e-03
-3.98852e-03
-3.16150e-03
-2.40553e-03
-1.95009e-03
-1.56424e-03
-1.25596e-03
-8.88170e-04
-3.14728e-04
1.96055e-04
7.02213e-04
1.22417e-03
1.89303e-03
2.68208e-03
3.49178e-03
3.92205e-03
4.22436e-03
4.77110e-03
5.26678e-03
5.63355e-03
5.77812e-03
5.85157e-03
6.13664e-03
6.53518e-03
6.78067e-03
7.05841e-03
7.54487e-03
7.91015e-03
8.26279e-03
8.43812e-03
8.68527e-03
9.00682e-03
9.05737e-03
9.13694e-03
9.41917e-03
9.72281e-03
9.68703e-03
9.56006e-03
9.48827e-03
9.44551e-03
9.43937e-03
9.41853e-03
9.31167e-03
9.05734e-03
8.65279e-03
8.23889e-03
8.15017e-03
8.08435e-03
7.86619e-03
7.43877e-03
6.96976e-03
6.81878e-03
6.77376e-03
6.68716e-03
6.58944e-03
6.48182e-03
6.39141e-03
6.30915e-03
6.24368e-03
6.16131e-03
6.04278e-03
5.84472e-03
5.58204e-03
5.36329e-03
5.31716e-03
4.80209e-03
4.36144e-03
3.80783e-03
3.28243e-03
2.61263e-03
2.18016e-03
2.05949e-03
1.84014e-03
1.62885e-03
1.57632e-03
1.10566e-03
7.29188e-04
2.66304e-04
-2.05212e-04
-9.00886e-04
-1.52393e-03
-1.97333e-03
-2.39141e-03
-2.97306e-03
-3.32324e-03
-3.41923e-03
-3.66893e-03
-3.93412e-03
-3.92076e-03
-3.99871e-03
-4.28866e-03
-4.63182e-03
-4.86095e-03
-5.07623e-03
-4.97783e-03
-4.81496e-03
-4.75581e-03
-4.85316e-03
-5.14729e-03
-5.46780e-03
-5.47402e-03
-5.28680e-03
-4.97356e-03
-4.86922e-03
-4.82198e-03
-4.78059e-03
-4.83242e-03
-4.95163e-03
-5.03376e-03
-4.94881e-03
-4.97077e-03
-5.11210e-03
-5.21659e-03
-5.14691e-03
-5.16997e-03
-5.29441e-03
-5.34248e-03
-5.18116e-03
-5.10757e-03
-5.24548e-03
-5.57197e-03
-5.84092e-03
-5.81963e-03
-5.94960e-03
-6.20186e-03
-6.26140e-03
-6.21163e-03
-6.26857e-03
-6.30918e-03
-6.14170e-03
-5.93214e-03
-5.64738e-03
-5.23239e-03
-4.74641e-03
-4.28201e-03
-3.73045e-03
-3.25430e-03
-2.80053e-03
-2.26648e-03
-1.85726e-03
-1.51545e-03
-1.12481e-03
-7.81823e-04
-3.85005e-04
2.84323e-06
4.52800e-04
8.19027e-04
1.15040e-03
1.56442e-03
1.90383e-03
2.25423e-03
2.71995e-03
3.09217e-03
3.32079e-03
3.48230e-03
3.64171e-03
3.73355e-03
3.90708e-03
4.12234e-03
4.27613e-03
4.45518e-03
4.56843e-03
4.66720e-03
4.70151e-03
4.78727e-03
4.86769e-03
4.83944e-03
4.82618e-03
4.81344e-03
4.72855e-03
4.60763e-03
4.69405e-03
4.84799e-03
4.96889e-03
5.10900e-03
5.12536e-03
5.03399e-03
4.91930e-03
4.74198e-03
4.49864e-03
4.27333e-03
4.17093e-03
4.09114e-03
3.89659e-03
3.73796e-03
3.55785e-03
3.40812e-03
3.37783e-03
3.36534e-03
3.33203e-03
3.23068e-03
3.07452e-03
3.03098e-03
3.04581e-03
3.08142e-03
3.07758e-03
2.95924e-03
2.80665e-03
2.66826e-03
2.57282e-03
2.45116e-03
2.34321e-03
2.30841e-03
2.27553e-03
2.22130e-03
2.13590e-03
2.02060e-03
1.91345e-03
1.88122e-03
1.85327e-03
1.81356e-03
1.77279e-03
1.73129e-03
1.69483e-03
1.66271e-03
1.63404e-03
1.59843e-03
1.54342e-03
1.45693e-03
1.35467e-03
1.27001e-03
1.17166e-03
1.11746e-03
1.09973e-03
1.04435e-03
9.48129e-04
8.57672e-04
8.55793e-04
8.59168e-04
8.50863e-04
8.39781e-04
8.32098e-04
8.26258e-04
8.17438e-04
8.07574e-04
7.96702e-04
7.86961e-04
7.83327e-04
7.90758e-04
8.06093e-04
8.15064e-04
8.33062e-04
8.51494e-04
8.63068e-04
8.39397e-04
8.07559e-04
7.85208e-04
7.70836e-04
7.59005e-04
7.36167e-04
7.14960e-04
6.94160e-04
6.60217e-04
6.22697e-04
5.86514e-04
5.50646e-04
5.15823e-04
4.83333e-04
4.54761e-04
4.28161e-04
3.98436e-04
3.75036e-04
3.56751e-04
3.29087e-04
3.00895e-04
2.68428e-04
2.29319e-04
1.90218e-04
1.50226e-04
1.06160e-04
6.58047e-05
3.08968e-05
-3.40783e-06
-4.09590e-05
-8.01339e-05
-1.18169e-04
-1.55271e-04
-1.92247e-04
-2.29775e-04
-2.67138e-04
-3.02560e-04
-3.37313e-04
-3.72499e-04
-4.06166e-04
-4.38200e-04
-4.68504e-04
-4.98061e-04
-5.27979e-04
-5.58054e-04
-5.87385e-04
-6.16341e-04
-6.44766e-04
-6.72431e-04
-6.98511e-04
-7.23728e-04
-7.49078e-04
-7.74584e-04
-7.99891e-04
-8.24539e-04
-8.48784e-04
-8.72965e-04
-8.97072e-04
-9.21085e-04
-9.44990e-04
-9.68803e-04
-9.92519e-04
-1.01613e-03
-1.03962e-03
-1.06302e-03
-1.08633e-03
-1.10956e-03
-1.13271e-03
-1.15572e-03
-1.17858e-03
-1.20131e-03
-1.22389e-03
-1.24635e-03
-1.26870e-03
-1.29093e-03
-1.31305e-03
-1.33504e-03
-1.35692e-03
-1.37868e-03
-1.40033e-03
-1.42185e-03
-1.44325e-03
-1.46450e-03
-1.48562e-03
-1.50660e-03
-1.52744e-03
-1.54813e-03
-1.56868e-03
-1.58907e-03
