8.65861e-04
8.66278e-04
8.66931e-04
8.68020e-04
8.70434e-04
8.73779e-04
8.76524e-04
8.80092e-04
8.82517e-04
8.83431e-04
8.90625e-04
8.96825e-04
9.01352e-04
8.99080e-04
8.93451e-04
8.91964e-04
8.80128e-04
8.79838e-04
8.98701e-04
8.93474e-04
8.74872e-04
8.63720e-04
8.52228e-04
8.75571e-04
9.04766e-04
9.38831e-04
9.78384e-04
9.88184e-04
9.78201e-04
9.61346e-04
9.29807e-04
9.32264e-04
9.79779e-04
1.01435e-03
1.05598e-03
1.11142e-03
1.14584e-03
1.14217e-03
1.07676e-03
1.04066e-03
1.03673e-03
9.87449e-04
9.70377e-04
9.81785e-04
1.02593e-03
1.09345e-03
1.09273e-03
1.00756e-03
1.02722e-03
1.12446e-03
1.14522e-03
1.13964e-03
1.18605e-03
1.08866e-03
5.72816e-04
2.43591e-04
2.37934e-04
4.34497e-04
7.08858e-04
8.47913e-04
1.04373e-03
1.01867e-03
8.93563e-04
7.53845e-04
7.14658e-04
7.21784e-04
7.09146e-04
7.17389e-04
6.96764e-04
4.82724e-04
1.66973e-04
1.12848e-04
4.51667e-04
4.99168e-04
4.46388e-04
6.43117e-04
7.82358e-04
9.10189e-04
9.79305e-04
8.99361e-04
3.88927e-04
-1.26822e-04
-4.51587e-04
-9.99420e-05
6.98117e-04
1.30741e-03
2.05729e-03
2.56124e-03
2.17424e-03
1.33648e-03
5.69773e-04
-3.64610e-05
1.05638e-04
6.13818e-04
1.63179e-03
2.18384e-03
2.22819e-03
2.02388e-03
1.30586e-03
6.79311e-04
2.42701e-04
4.69618e-04
9.30585e-04
1.13302e-03
1.38952e-03
1.48086e-03
1.41769e-03
9.88565e-04
3.40482e-04
-2.51582e-04
-2.87630e-04
-1.49182e-04
-5.95864e-04
-5.36049e-04
3.39722e-04
9.41686e-04
1.56097e-03
1.91279e-03
1.65105e-03
2.20082e-03
2.74024e-03
2.86647e-03
2.66692e-03
1.81203e-03
1.27624e-03
1.99779e-04
-7.63833e-04
-1.45900e-03
-1.80764e-03
-1.72353e-03
-1.04466e-03
-1.56249e-04
1.02834e-03
2.15933e-03
3.11807e-03
3.65014e-03
2.99920e-03
1.90555e-03
7.70080e-04
-3.86764e-05
-1.29770e-03
-1.35300e-03
-3.31606e-04
1.03274e-03
2.36217e-03
3.28828e-03
3.23441e-03
2.31858e-03
2.58711e-04
-2.49828e-03
-3.59865e-03
-3.28062e-03
-1.39486e-03
1.20118e-03
3.08030e-03
3.76354e-03
3.35197e-03
6.76052e-04
-1.40138e-03
-2.83029e-03
-4.41377e-03
-4.08335e-03
-1.91101e-03
3.64916e-04
1.81047e-03
2.39550e-03
2.01840e-03
7.14605e-04
-1.41537e-03
-2.66607e-03
-2.26170e-03
-4.33043e-04
2.49782e-03
5.50278e-03
8.40366e-03
8.96395e-03
6.71067e-03
3.66149e-03
2.69601e-03
1.95427e-03
1.78438e-03
2.50511e-03
2.98370e-03
1.84245e-03
1.08682e-03
2.40642e-03
2.15345e-03
2.30585e-03
2.22976e-03
1.98270e-03
2.89375e-03
3.12394e-03
3.07131e-03
3.54808e-03
5.16985e-03
7.23116e-03
7.14487e-03
5.03801e-03
2.79949e-03
4.05152e-03
5.97605e-03
7.79734e-03
7.07492e-03
3.26748e-03
2.69406e-04
-1.51779e-03
-2.74101e-03
-3.76906e-03
-3.54774e-03
-2.26299e-03
-2.03682e-03
-1.68734e-03
-7.77798e-04
-1.69740e-03
-2.70320e-03
-2.81488e-03
-5.69521e-03
-7.22214e-03
-8.25648e-03
-8.58673e-03
-8.96154e-03
-9.25138e-03
-9.05702e-03
-7.64823e-03
-5.93263e-03
-4.35268e-03
-2.70773e-03
-1.03280e-03
5.23641e-04
2.49771e-03
5.35530e-03
5.92162e-03
2.53994e-03
-1.17127e-03
-2.42587e-03
-3.52361e-03
-3.37370e-03
-2.28120e-03
-1.44900e-03
1.46361e-03
4.34849e-03
2.68068e-03
1.75164e-04
-2.47117e-03
-5.26253e-03
-6.47016e-03
-3.45895e-03
5.99392e-04
4.28495e-03
5.94266e-03
2.96363e-03
-1.29747e-04
-1.63131e-03
-2.25690e-03
-3.75195e-03
-5.18782e-03
-5.36161e-03
-5.18593e-03
-4.32954e-03
-2.42691e-03
7.61111e-04
4.50613e-03
7.03460e-03
7.38939e-03
6.95512e-03
6.42517e-03
6.59771e-03
6.43144e-03
8.04534e-03
6.91860e-03
5.70359e-03
6.80689e-03
7.26559e-03
5.86153e-03
3.60288e-03
1.02285e-04
-4.28510e-03
-9.43075e-03
-1.37051e-02
-1.33166e-02
-9.40975e-03
-4.53519e-03
7.19588e-04
6.77720e-03
1.14010e-02
1.48706e-02
1.70639e-02
1.55339e-02
9.25469e-03
2.54979e-03
-3.28522e-03
-7.95446e-03
-1.11057e-02
-9.59524e-03
-6.36712e-03
-4.24857e-03
-2.86759e-03
-2.85909e-03
-2.32603e-03
-1.71140e-03
-1.38358e-04
1.92379e-03
2.63574e-03
1.00371e-03
-1.96960e-03
-6.11109e-03
-9.22751e-03
-1.34390e-02
-1.78804e-02
-2.16883e-02
-2.06892e-02
-1.61857e-02
-9.46420e-03
-1.99047e-03
5.22859e-03
1.08966e-02
1.34875e-02
1.26581e-02
9.27604e-03
5.90090e-03
4.52098e-03
4.52394e-03
4.59885e-03
4.42652e-03
4.77283e-03
5.80751e-03
3.97622e-03
1.84233e-04
-5.18667e-03
-1.23121e-02
-1.87111e-02
-1.84573e-02
-9.17433e-03
-8.83636e-04
6.57086e-03
1.40500e-02
1.93464e-02
1.88988e-02
1.40657e-02
9.53512e-03
7.16743e-03
9.46081e-03
1.20832e-02
1.27776e-02
1.23470e-02
9.03944e-03
4.13873e-03
-1.50982e-03
-7.18782e-03
-1.20606e-02
-1.40311e-02
-1.03809e-02
-3.14487e-03
5.01515e-03
1.30543e-02
1.70542e-02
1.45204e-02
7.99319e-03
2.18848e-03
-3.11464e-03
-5.39784e-03
-1.58721e-03
5.42179e-03
7.48282e-03
2.02524e-03
-4.36683e-03
-1.01744e-02
-6.26538e-03
4.21504e-03
8.93829e-03
3.37284e-03
-4.59076e-03
-9.67959e-03
-9.27283e-03
-7.75590e-03
-1.03148e-02
-1.38234e-02
-1.39511e-02
-1.08787e-02
-5.64101e-03
-1.04687e-03
2.88242e-03
6.44491e-03
5.91759e-03
3.62378e-03
5.08089e-03
7.92681e-03
8.06678e-03
4.38598e-03
-1.64782e-04
-4.98338e-03
-8.36387e-03
-4.99304e-03
1.08938e-03
6.27224e-03
6.19168e-03
1.24998e-03
-1.81484e-03
-5.43017e-03
-6.18525e-03
-4.18090e-03
-5.49020e-04
1.82063e-03
1.91500e-04
-2.55619e-03
-3.61447e-03
-2.91248e-03
-3.08094e-04
2.85193e-03
5.98029e-03
4.16157e-03
1.10565e-03
-2.19931e-03
-7.34272e-03
-1.00128e-02
-9.11229e-03
-6.63235e-03
-2.10798e-03
2.39581e-03
8.04339e-03
1.46106e-02
2.09553e-02
2.64641e-02
2.74825e-02
2.39342e-02
2.00391e-02
1.71544e-02
1.54581e-02
1.47680e-02
1.36222e-02
1.20998e-02
8.26502e-03
3.36840e-03
-2.06665e-03
-7.40033e-03
-1.12962e-02
-1.42243e-02
-1.48754e-02
-1.20636e-02
-8.64261e-03
-5.32667e-03
-8.77346e-04
-1.38614e-03
-6.10546e-03
-9.11138e-03
-1.18631e-02
-1.42628e-02
-1.56098e-02
-1.39639e-02
-1.13230e-02
-8.18013e-03
-6.34209e-03
-5.04526e-03
-3.03747e-03
-3.53300e-03
-3.41764e-03
-2.25819e-03
-1.98230e-03
-2.33963e-03
-3.53227e-03
-4.12025e-03
-5.93200e-03
-8.58401e-03
-1.01731e-02
-1.13860e-02
-1.20058e-02
-1.24645e-02
-1.16195e-02
-1.03674e-02
-1.00026e-02
-9.66817e-03
-8.54756e-03
-6.44764e-03
-3.21795e-03
-3.24368e-04
4.68300e-03
1.00200e-02
1.38914e-02
1.51764e-02
1.25842e-02
8.87951e-03
3.64490e-03
-1.57712e-03
1.73352e-03
8.08942e-03
1.15672e-02
1.44372e-02
1.18896e-02
8.01153e-03
6.11027e-03
4.28231e-03
2.79823e-03
3.41781e-03
6.45565e-03
9.99150e-03
1.24326e-02
1.67677e-02
2.30939e-02
2.67597e-02
2.43325e-02
1.86561e-02
1.29253e-02
7.50996e-03
2.06425e-03
8.55002e-04
6.63111e-03
5.22560e-03
-7.76540e-04
-3.73009e-03
-6.42399e-03
-7.74145e-03
-5.33181e-03
-6.62230e-03
-1.05520e-02
-9.00599e-03
-2.64716e-03
3.85672e-03
9.93771e-03
1.08689e-02
4.65137e-03
-4.42082e-03
-5.18938e-03
2.60298e-03
3.28768e-03
-9.28599e-04
-4.66768e-03
-8.54511e-03
-1.02665e-02
-7.86956e-03
-4.19964e-03
1.44819e-03
8.31362e-03
1.59059e-02
1.73834e-02
1.25153e-02
5.53259e-03
-2.01523e-03
-9.21839e-03
-1.48524e-02
-1.87051e-02
-2.17546e-02
-2.39968e-02
-2.62515e-02
-2.86699e-02
-2.97529e-02
-2.90719e-02
-2.57333e-02
-2.01117e-02
-1.38292e-02
-9.05978e-03
-6.90323e-03
-6.75022e-03
-1.06845e-02
-1.81018e-02
-2.67538e-02
-3.59093e-02
-4.26535e-02
-4.63133e-02
-4.71511e-02
-4.63483e-02
-4.36599e-02
-3.62916e-02
-2.58732e-02
-1.47250e-02
-8.42807e-03
-6.00161e-03
-6.42258e-03
-8.24845e-03
-1.08097e-02
-1.41830e-02
-1.63073e-02
-1.87052e-02
-2.09752e-02
-2.23857e-02
-2.38996e-02
-2.65126e-02
-2.84961e-02
-2.96082e-02
-3.02814e-02
-2.98205e-02
-2.76909e-02
-2.36595e-02
-1.93221e-02
-1.39454e-02
-8.31617e-03
-4.23819e-03
-2.57639e-03
-1.68241e-03
1.03868e-03
3.73201e-03
6.43412e-03
7.66859e-03
7.53570e-03
5.97746e-03
4.78413e-03
5.78049e-03
6.09472e-03
5.94596e-03
5.97562e-03
5.97996e-03
6.00647e-03
5.33259e-03
3.56973e-03
1.61517e-03
-1.40684e-04
-2.37365e-03
-5.24691e-03
-9.20054e-03
-1.59544e-02
-2.24459e-02
-2.65861e-02
-2.38751e-02
-2.02236e-02
-1.57456e-02
-8.59042e-03
-3.80809e-03
-1.73140e-03
7.83239e-05
4.22906e-04
-1.16793e-03
-1.91227e-03
-3.67396e-03
-6.09061e-03
-4.80023e-03
-2.52309e-03
-8.80247e-04
-2.95622e-04
-2.69635e-04
-7.91806e-04
-1.74933e-03
-1.03793e-03
1.00615e-03
4.27516e-03
8.09276e-03
1.17732e-02
1.46616e-02
1.78775e-02
2.11412e-02
2.21214e-02
2.40570e-02
2.72952e-02
2.89772e-02
2.88237e-02
2.79468e-02
2.51073e-02
2.23361e-02
2.06022e-02
1.99563e-02
2.07893e-02
2.63596e-02
3.32734e-02
4.08277e-02
4.87745e-02
5.63323e-02
5.99064e-02
6.15741e-02
6.30264e-02
6.29900e-02
6.12260e-02
5.57429e-02
4.39842e-02
3.01652e-02
1.65796e-02
7.13947e-03
6.04365e-03
9.31553e-03
1.62985e-02
2.52088e-02
3.34245e-02
4.06937e-02
4.66422e-02
4.68295e-02
3.92271e-02
3.27854e-02
2.75244e-02
2.22568e-02
1.31935e-02
-5.73377e-03
-2.38085e-02
-3.77244e-02
-5.67665e-02
-7.23752e-02
-8.01451e-02
-8.05267e-02
-7.62761e-02
-6.92844e-02
-6.35909e-02
-6.04119e-02
-5.90392e-02
-5.66625e-02
-5.39627e-02
-4.67711e-02
-3.52682e-02
-1.94739e-02
-1.36171e-03
1.44180e-02
3.11569e-02
4.95821e-02
6.43947e-02
6.70990e-02
6.54709e-02
6.18086e-02
5.45681e-02
4.44415e-02
3.38304e-02
2.31355e-02
1.29421e-02
5.31138e-03
8.18486e-04
1.07391e-03
1.24178e-03
1.88601e-03
1.77756e-03
-1.22986e-03
-5.06865e-03
-1.16534e-02
-2.32380e-02
-3.55686e-02
-4.58968e-02
-5.57282e-02
-6.56576e-02
-7.35010e-02
-7.52753e-02
-6.92089e-02
-5.81200e-02
-4.00585e-02
-1.34742e-02
1.29621e-02
3.72724e-02
5.84159e-02
7.92199e-02
1.00124e-01
1.09816e-01
1.02117e-01
8.94633e-02
7.76320e-02
6.53652e-02
5.51546e-02
5.26520e-02
5.63769e-02
6.15736e-02
6.60137e-02
6.89771e-02
6.37696e-02
4.38522e-02
2.16413e-02
-2.14057e-04
-3.10075e-02
-6.68490e-02
-9.69590e-02
-1.22426e-01
-1.40046e-01
-1.49737e-01
-1.52188e-01
-1.49292e-01
-1.45541e-01
-1.40975e-01
-1.32750e-01
-1.22308e-01
-1.09661e-01
-8.85388e-02
-6.02984e-02
-3.10495e-02
-1.22642e-03
2.59054e-02
4.71977e-02
6.71895e-02
8.24912e-02
8.98315e-02
9.22054e-02
9.01576e-02
8.45330e-02
7.62099e-02
6.61289e-02
5.82398e-02
5.40203e-02
5.04710e-02
4.65352e-02
4.17944e-02
3.60085e-02
2.86936e-02
2.20748e-02
1.90099e-02
2.04817e-02
2.53452e-02
3.17032e-02
3.63841e-02
3.37201e-02
2.87824e-02
2.50361e-02
2.12846e-02
1.83847e-02
1.67669e-02
1.53132e-02
1.36909e-02
1.04451e-02
6.18686e-03
1.33318e-03
-5.37599e-03
-1.33548e-02
-2.33621e-02
-4.06678e-02
-5.92012e-02
-7.82961e-02
-9.97859e-02
-1.21198e-01
-1.32767e-01
-1.29769e-01
-1.12054e-01
-9.02875e-02
-6.47162e-02
-2.95960e-02
7.72108e-03
4.35061e-02
7.70688e-02
1.01317e-01
1.18502e-01
1.29683e-01
1.34897e-01
1.29292e-01
1.12841e-01
8.82806e-02
5.99458e-02
3.15214e-02
7.07973e-03
-1.15301e-02
-2.26220e-02
-2.79376e-02
-3.47392e-02
-4.28440e-02
-5.33927e-02
-6.59354e-02
-7.79819e-02
-8.66947e-02
-9.25563e-02
-9.64238e-02
-9.85785e-02
-9.77667e-02
-9.35599e-02
-8.78255e-02
-7.82222e-02
-6.31027e-02
-4.67441e-02
-3.04193e-02
-1.43425e-02
-2.44015e-03
3.98631e-03
7.81509e-03
1.09242e-02
1.38667e-02
1.74266e-02
2.14133e-02
2.69659e-02
3.48131e-02
4.36698e-02
4.85050e-02
4.67925e-02
3.76979e-02
2.39895e-02
8.74995e-03
-6.08940e-03
-1.86841e-02
-2.94930e-02
-3.62662e-02
-3.78384e-02
-3.46747e-02
-2.85530e-02
-2.21461e-02
-1.52464e-02
-1.25246e-02
-1.61761e-02
-2.19764e-02
-3.11601e-02
-4.62391e-02
-6.24437e-02
-7.65804e-02
-9.42607e-02
-1.08875e-01
-1.04281e-01
-8.83095e-02
-6.84615e-02
-4.25209e-02
-1.25258e-02
1.37418e-02
3.17977e-02
4.48553e-02
5.18895e-02
5.55743e-02
5.82499e-02
6.07471e-02
5.96881e-02
5.69008e-02
5.49293e-02
5.15687e-02
4.60056e-02
4.10538e-02
3.78413e-02
3.52494e-02
3.39399e-02
3.25483e-02
2.99899e-02
2.47486e-02
1.34663e-02
-3.90840e-03
-1.84876e-02
-3.11262e-02
-3.95925e-02
-4.36991e-02
-4.19943e-02
-3.53927e-02
-2.43259e-02
-1.31973e-02
-1.33088e-04
1.22655e-02
2.13765e-02
2.77610e-02
3.33117e-02
3.77231e-02
3.97108e-02
4.04865e-02
3.87667e-02
3.40542e-02
3.00354e-02
2.48088e-02
1.77098e-02
1.24330e-02
7.23104e-03
2.36505e-03
-9.57744e-04
-5.37770e-03
-1.17220e-02
-1.88287e-02
-2.31596e-02
-2.23991e-02
-1.47506e-02
-2.90702e-03
1.10730e-02
2.30588e-02
3.20624e-02
3.95442e-02
4.60595e-02
5.29921e-02
6.17122e-02
6.90125e-02
6.99953e-02
6.06046e-02
4.36711e-02
2.67335e-02
1.05249e-02
-2.29055e-03
-1.09627e-02
-1.39602e-02
-9.87177e-03
-2.77745e-03
2.74680e-03
6.56957e-03
1.09906e-02
1.45101e-02
1.38164e-02
8.59612e-03
1.70195e-03
-4.88702e-03
-1.20132e-02
-1.61660e-02
-1.49614e-02
-9.79078e-03
-3.43185e-03
2.19023e-03
4.19494e-03
2.56046e-03
-2.28769e-03
-8.06796e-03
-1.35678e-02
-1.83284e-02
-2.32031e-02
-3.03481e-02
-4.14656e-02
-5.51104e-02
-6.83761e-02
-7.95971e-02
-9.00501e-02
-9.25318e-02
-7.99715e-02
-6.59181e-02
-5.15691e-02
-3.63238e-02
-2.12099e-02
-6.14218e-03
5.65037e-03
1.26862e-02
1.60066e-02
1.37784e-02
9.69545e-03
8.42351e-03
1.10074e-02
1.43265e-02
1.79331e-02
2.17505e-02
2.55654e-02
2.91315e-02
3.33191e-02
3.91899e-02
4.45716e-02
4.74499e-02
4.09954e-02
2.97219e-02
1.52156e-02
8.79086e-04
-6.98004e-03
-8.52622e-03
-2.45167e-03
8.68737e-03
2.38716e-02
3.87245e-02
5.01028e-02
5.98490e-02
6.14165e-02
5.50637e-02
4.58596e-02
3.02281e-02
8.20386e-03
-1.49860e-02
-3.66278e-02
-6.21853e-02
-8.36668e-02
-9.81423e-02
-1.09645e-01
-1.12547e-01
-1.04948e-01
-9.49831e-02
-8.20678e-02
-6.59783e-02
-4.87267e-02
-3.16305e-02
-1.10813e-02
1.49440e-02
4.05595e-02
6.25584e-02
7.93940e-02
9.38463e-02
1.10000e-01
1.18602e-01
1.23251e-01
1.26975e-01
1.24987e-01
1.11323e-01
8.35270e-02
4.26844e-02
-1.09793e-02
-5.58876e-02
-8.49433e-02
-1.05581e-01
-1.09776e-01
-9.37937e-02
-7.69863e-02
-6.05356e-02
-4.62070e-02
-4.00821e-02
-4.18693e-02
-4.81708e-02
-5.10534e-02
-4.76641e-02
-3.90526e-02
-2.77344e-02
-1.65756e-02
-6.84687e-03
-4.42255e-04
-8.82542e-04
-5.04585e-03
-9.99519e-03
-1.44673e-02
-1.86266e-02
-1.88648e-02
-1.48314e-02
-7.24507e-03
5.14442e-03
1.88045e-02
3.15096e-02
4.18718e-02
5.02619e-02
5.49298e-02
5.89375e-02
6.39358e-02
6.85915e-02
7.32282e-02
7.81179e-02
7.71761e-02
6.75328e-02
5.00258e-02
2.56578e-02
5.35904e-04
-2.43253e-02
-4.90144e-02
-6.89429e-02
-7.85665e-02
-7.49981e-02
-6.27537e-02
-4.85989e-02
-3.69033e-02
-2.79247e-02
-2.27535e-02
-1.99828e-02
-1.90972e-02
-1.72476e-02
-1.32420e-02
-5.36441e-03
8.49640e-03
2.17051e-02
3.36723e-02
4.45323e-02
5.10926e-02
4.99310e-02
4.15232e-02
3.01495e-02
1.41149e-02
-4.31374e-03
-1.93591e-02
-3.01015e-02
-3.98092e-02
-4.77607e-02
-4.70483e-02
-3.78477e-02
-2.41777e-02
-6.05533e-03
1.33586e-02
2.95289e-02
4.91319e-02
6.75528e-02
6.89079e-02
4.78739e-02
1.90358e-02
-5.20162e-03
-2.79400e-02
-4.33969e-02
-4.19593e-02
-2.90473e-02
-1.30199e-02
5.44456e-03
2.19005e-02
3.31731e-02
4.09289e-02
4.46299e-02
4.10745e-02
3.31534e-02
2.50504e-02
1.89403e-02
1.03853e-02
-1.46252e-04
-9.86622e-03
-1.99536e-02
-2.79092e-02
-3.22805e-02
-2.98243e-02
-1.94585e-02
-4.67804e-03
1.17424e-02
2.83471e-02
4.46627e-02
5.92219e-02
7.11672e-02
7.77932e-02
7.57726e-02
6.90433e-02
5.81357e-02
4.58530e-02
3.48714e-02
2.53394e-02
1.59113e-02
5.85447e-03
-7.02766e-03
-2.51409e-02
-4.31219e-02
-5.84282e-02
-7.28467e-02
-8.63407e-02
-1.00297e-01
-1.14445e-01
-1.25450e-01
-1.29884e-01
-1.30638e-01
-1.26031e-01
-1.17092e-01
-1.06734e-01
-9.52773e-02
-8.76480e-02
-8.24921e-02
-7.88157e-02
-7.57047e-02
-7.18956e-02
-6.59101e-02
-5.66564e-02
-4.45491e-02
-2.86727e-02
-1.13127e-02
2.33304e-03
1.22146e-02
1.41987e-02
1.01610e-02
2.96697e-03
-3.99230e-03
-2.89207e-03
5.53752e-03
1.70541e-02
3.33523e-02
5.27237e-02
7.19413e-02
9.12836e-02
1.07396e-01
1.18390e-01
1.25690e-01
1.30095e-01
1.33758e-01
1.38169e-01
1.41897e-01
1.41445e-01
1.35945e-01
1.17212e-01
7.35643e-02
1.80910e-02
-3.22601e-02
-7.23652e-02
-1.05992e-01
-1.26859e-01
-1.29380e-01
-1.18586e-01
-1.03355e-01
-8.43385e-02
-6.03037e-02
-3.73300e-02
-1.74068e-02
-2.14041e-03
8.06176e-03
1.32957e-02
1.60496e-02
1.81332e-02
2.24826e-02
2.63831e-02
3.01708e-02
3.71702e-02
4.60606e-02
5.43074e-02
6.17539e-02
6.59256e-02
6.57230e-02
6.24402e-02
5.42729e-02
4.39251e-02
3.25612e-02
2.06923e-02
6.96449e-03
-4.31923e-03
-1.16047e-02
-1.55734e-02
-1.54539e-02
-9.71493e-03
4.78418e-04
1.44136e-02
2.84627e-02
4.27580e-02
5.73093e-02
7.21106e-02
8.50901e-02
9.24885e-02
9.77150e-02
1.01403e-01
9.98008e-02
9.22733e-02
8.50103e-02
7.53347e-02
6.32553e-02
5.15325e-02
4.34323e-02
3.93424e-02
3.71014e-02
3.66219e-02
3.60438e-02
3.49836e-02
3.23346e-02
2.99900e-02
2.63477e-02
2.28039e-02
2.11928e-02
1.97627e-02
1.91514e-02
1.73366e-02
1.56565e-02
1.68723e-02
1.93735e-02
2.29650e-02
2.96491e-02
3.83916e-02
4.68896e-02
5.21906e-02
4.56504e-02
3.02620e-02
3.93407e-03
-2.59094e-02
-5.23791e-02
-7.43442e-02
-9.16824e-02
-1.03214e-01
-1.13713e-01
-1.18320e-01
-1.09881e-01
-9.19275e-02
-6.74744e-02
-3.11520e-02
1.08444e-02
3.88897e-02
6.04055e-02
7.49126e-02
7.37846e-02
5.87969e-02
3.48763e-02
6.69907e-03
-1.73791e-02
-3.58214e-02
-5.01444e-02
-5.64005e-02
-5.64690e-02
-5.16256e-02
-4.41525e-02
-3.65029e-02
-2.93512e-02
-2.25781e-02
-1.57972e-02
-1.63046e-02
-2.51339e-02
-3.42916e-02
-4.34029e-02
-5.39068e-02
-6.20923e-02
-6.07317e-02
-5.40338e-02
-4.26426e-02
-2.70394e-02
-1.24866e-02
3.74187e-03
2.11697e-02
3.40729e-02
4.39155e-02
4.75674e-02
4.10364e-02
2.61019e-02
2.94904e-03
-2.51511e-02
-4.92583e-02
-6.61470e-02
-7.88075e-02
-8.53592e-02
-8.75492e-02
-8.47612e-02
-8.01017e-02
-7.51199e-02
-7.11185e-02
-6.83953e-02
-6.61549e-02
-6.34409e-02
-6.07002e-02
-5.55825e-02
-4.83256e-02
-3.85297e-02
-2.76767e-02
-1.68587e-02
-6.41255e-03
2.54969e-03
1.01629e-02
1.28085e-02
7.91827e-03
1.43707e-03
-5.27865e-03
-1.24333e-02
-2.09232e-02
-2.67415e-02
-2.36052e-02
-1.19347e-02
6.06071e-03
2.55642e-02
4.56643e-02
6.22093e-02
7.97603e-02
9.51826e-02
1.04051e-01
1.11880e-01
1.18376e-01
1.20223e-01
1.15955e-01
1.08960e-01
1.01441e-01
9.32449e-02
8.42518e-02
7.47340e-02
6.42413e-02
5.35924e-02
4.51957e-02
3.98608e-02
3.47728e-02
3.31050e-02
3.74563e-02
4.43538e-02
5.19372e-02
5.88227e-02
6.44202e-02
6.97084e-02
6.86531e-02
6.18197e-02
5.68946e-02
5.33210e-02
4.95972e-02
4.65908e-02
4.62144e-02
5.06912e-02
5.58519e-02
5.59389e-02
5.04028e-02
4.53847e-02
4.58320e-02
4.98507e-02
5.53114e-02
6.20798e-02
6.78953e-02
6.73589e-02
5.83103e-02
3.76369e-02
9.94353e-03
-2.53069e-02
-6.66831e-02
-1.10255e-01
-1.52043e-01
-1.84342e-01
-2.08554e-01
-2.23952e-01
-2.30085e-01
-2.24152e-01
-2.08424e-01
-1.85295e-01
-1.57874e-01
-1.28061e-01
-9.59682e-02
-6.26478e-02
-2.80303e-02
1.12879e-02
5.09958e-02
7.69456e-02
9.96122e-02
1.17477e-01
1.28954e-01
1.35492e-01
1.38792e-01
1.38669e-01
1.36692e-01
1.33279e-01
1.21746e-01
1.02464e-01
8.88384e-02
7.76716e-02
6.84947e-02
6.37325e-02
6.16929e-02
6.32786e-02
6.71507e-02
6.99957e-02
6.87414e-02
6.37102e-02
5.41048e-02
3.91639e-02
2.34839e-02
8.27355e-03
-7.08689e-03
-2.26565e-02
-3.60187e-02
-4.46721e-02
-5.29333e-02
-6.02145e-02
-6.68815e-02
-7.70164e-02
-8.66712e-02
-9.48694e-02
-1.01849e-01
-1.07184e-01
-1.11851e-01
-1.18505e-01
-1.24319e-01
-1.28945e-01
-1.33956e-01
-1.37913e-01
-1.39473e-01
-1.39812e-01
-1.36181e-01
-1.26062e-01
-1.12312e-01
-8.84010e-02
-5.96237e-02
-2.76391e-02
3.12907e-03
2.84274e-02
5.10599e-02
6.48648e-02
5.83349e-02
3.52845e-02
2.16977e-03
-3.47372e-02
-6.80319e-02
-9.45629e-02
-1.14410e-01
-1.30352e-01
-1.39380e-01
-1.41304e-01
-1.32968e-01
-1.10206e-01
-8.11779e-02
-4.81553e-02
-1.18984e-02
2.03627e-02
4.89515e-02
7.02393e-02
8.10859e-02
8.11595e-02
7.15807e-02
5.75665e-02
4.29061e-02
3.25972e-02
2.51418e-02
2.16283e-02
2.53274e-02
3.11538e-02
3.49259e-02
3.39461e-02
2.79018e-02
2.18721e-02
1.69789e-02
1.39814e-02
1.45774e-02
1.73965e-02
2.03415e-02
2.45391e-02
2.52018e-02
2.22877e-02
2.12438e-02
2.25298e-02
2.31927e-02
2.47579e-02
2.86429e-02
3.52761e-02
4.28363e-02
5.03003e-02
5.77828e-02
6.45197e-02
6.88665e-02
7.03471e-02
6.76789e-02
5.60159e-02
4.00488e-02
2.37437e-02
8.42690e-03
-1.10221e-03
-5.98741e-03
-6.90247e-03
-4.01735e-03
-7.60691e-04
9.22241e-04
3.10556e-03
1.86183e-03
-1.09342e-03
-3.59492e-03
-5.72398e-03
-7.37843e-03
-4.91251e-03
2.30384e-03
1.19416e-02
2.52563e-02
4.21403e-02
5.83843e-02
7.15073e-02
8.05109e-02
8.02405e-02
6.93092e-02
4.68227e-02
1.60754e-02
-1.95162e-02
-5.36521e-02
-8.35792e-02
-1.00803e-01
-1.09438e-01
-1.11310e-01
-1.05639e-01
-9.72204e-02
-8.46129e-02
-7.05704e-02
-5.74924e-02
-4.76240e-02
-3.97799e-02
-3.31863e-02
-2.63635e-02
-2.01628e-02
-1.17983e-02
3.24114e-04
1.15710e-02
2.11603e-02
2.88148e-02
3.17645e-02
3.24851e-02
3.18306e-02
3.04909e-02
2.99233e-02
2.88026e-02
2.70081e-02
2.32401e-02
1.66035e-02
9.26730e-03
4.08170e-03
1.78731e-03
2.98725e-03
8.83089e-03
1.82161e-02
2.97138e-02
4.31694e-02
5.78703e-02
7.01152e-02
7.89596e-02
8.32315e-02
8.35920e-02
7.69504e-02
6.52384e-02
5.22039e-02
3.50901e-02
2.00418e-02
7.81075e-03
-3.38674e-03
-1.18518e-02
-1.76980e-02
-2.32751e-02
-3.04118e-02
-4.10240e-02
-5.47717e-02
-6.83486e-02
-8.14732e-02
-9.39351e-02
-1.03147e-01
-1.08647e-01
-1.08275e-01
-9.86276e-02
-8.50018e-02
-6.62703e-02
-4.62591e-02
-2.57513e-02
-4.17531e-03
1.34122e-02
2.00860e-02
1.58177e-02
3.25977e-03
-1.27979e-02
-2.90795e-02
-3.95308e-02
-4.46148e-02
-4.44584e-02
-3.93852e-02
-3.09322e-02
-1.98230e-02
-1.04958e-02
-5.31965e-03
-3.32060e-03
-5.55859e-03
-1.25992e-02
-2.24642e-02
-3.30541e-02
-4.66571e-02
-5.93032e-02
-6.85379e-02
-7.76640e-02
-8.41151e-02
-8.63072e-02
-8.40312e-02
-7.85526e-02
-6.62066e-02
-4.78962e-02
-2.47365e-02
-4.81959e-03
1.19757e-02
3.16393e-02
4.84291e-02
6.16753e-02
7.16764e-02
7.94284e-02
8.53010e-02
9.09595e-02
9.49565e-02
9.66612e-02
9.61519e-02
8.33881e-02
6.16007e-02
3.96110e-02
1.89835e-02
3.39267e-03
-6.45767e-03
-8.68087e-03
-4.52896e-03
2.98638e-03
1.69128e-02
3.14910e-02
4.74434e-02
6.12942e-02
7.12209e-02
7.70873e-02
7.82793e-02
7.57586e-02
7.10441e-02
6.53067e-02
5.98219e-02
5.58075e-02
5.22280e-02
4.92162e-02
4.62242e-02
4.23280e-02
3.69716e-02
2.99567e-02
2.07889e-02
1.24946e-02
4.64164e-03
-3.87843e-03
-8.87793e-03
-1.14714e-02
-1.42727e-02
-1.44068e-02
-1.00400e-02
-5.41177e-03
8.16372e-04
8.20991e-03
1.32658e-02
1.69541e-02
2.07297e-02
2.38316e-02
2.47083e-02
2.36083e-02
2.14160e-02
1.82972e-02
1.61996e-02
1.32809e-02
1.00005e-02
8.62300e-03
5.40460e-03
2.63607e-03
2.51596e-03
2.54599e-03
2.67417e-03
4.23843e-03
5.68419e-03
7.43743e-03
9.71312e-03
1.06727e-02
1.18391e-02
1.25810e-02
1.26681e-02
1.23060e-02
1.16152e-02
9.16779e-03
8.67518e-03
8.12018e-03
6.41078e-03
5.52834e-03
4.17784e-03
1.77011e-03
-1.10357e-03
-3.39851e-03
-5.99875e-03
-8.77473e-03
-1.36426e-02
-1.81931e-02
-2.12455e-02
-2.34538e-02
-2.60760e-02
-2.88672e-02
-2.93970e-02
-3.06256e-02
-3.23254e-02
-3.37722e-02
-3.55987e-02
-3.74515e-02
-4.02149e-02
-4.48747e-02
-4.91897e-02
-5.32025e-02
-5.89689e-02
-6.60365e-02
-7.45469e-02
-8.32704e-02
-9.07476e-02
-9.89108e-02
-1.06622e-01
-1.07204e-01
-1.01326e-01
-9.28851e-02
-8.25364e-02
-7.05276e-02
-6.10895e-02
-5.50498e-02
-5.25483e-02
-5.02119e-02
-4.85149e-02
-4.53247e-02
-4.11241e-02
-3.62924e-02
-3.21285e-02
-2.84629e-02
-2.54469e-02
-2.35125e-02
-2.16690e-02
-1.97702e-02
-1.79498e-02
-1.52660e-02
-1.06786e-02
-6.18084e-03
-4.12393e-03
-6.57178e-03
-1.28981e-02
-2.04147e-02
-2.65659e-02
-3.26984e-02
-3.85183e-02
-3.73546e-02
-3.14252e-02
-2.61065e-02
-2.13087e-02
-1.54304e-02
-1.22620e-02
-8.97702e-03
-5.14598e-03
3.14255e-04
8.81598e-03
1.71185e-02
2.64294e-02
3.68705e-02
4.54038e-02
5.14914e-02
5.61314e-02
5.67745e-02
5.29146e-02
4.59138e-02
3.68090e-02
2.76859e-02
2.08771e-02
1.59439e-02
1.11402e-02
8.44920e-03
8.76821e-03
9.28293e-03
7.78943e-03
5.43021e-03
2.49118e-03
2.19966e-03
4.71737e-03
8.48940e-03
1.21047e-02
1.60808e-02
2.33290e-02
3.17261e-02
3.84070e-02
4.35148e-02
4.48954e-02
4.08473e-02
3.27742e-02
2.66818e-02
2.20768e-02
1.99944e-02
2.22387e-02
2.54475e-02
3.05900e-02
3.56338e-02
3.91331e-02
4.16038e-02
4.51528e-02
4.89610e-02
5.19186e-02
5.37050e-02
5.26612e-02
4.87645e-02
4.36270e-02
3.82665e-02
3.16726e-02
2.35103e-02
1.52454e-02
6.56560e-03
4.56556e-04
-3.44796e-03
-8.52354e-03
-1.42669e-02
-1.94277e-02
-2.49728e-02
-3.11645e-02
-3.57005e-02
-3.93900e-02
-4.22114e-02
-4.38230e-02
-4.65986e-02
-5.11464e-02
-5.52346e-02
-5.94770e-02
-6.43899e-02
-6.69878e-02
-6.47947e-02
-5.90623e-02
-5.04556e-02
-4.01010e-02
-3.03651e-02
-2.10595e-02
-1.34562e-02
-7.64470e-03
-2.16595e-03
2.68890e-03
6.12623e-03
6.84413e-03
6.05986e-03
1.98930e-03
-5.62674e-03
-1.47447e-02
-2.17327e-02
-2.45828e-02
-2.54560e-02
-2.41681e-02
-2.16793e-02
-1.70310e-02
-1.23055e-02
-7.85851e-03
-3.57793e-03
1.10572e-03
3.77069e-03
5.32871e-03
6.68835e-03
8.68702e-03
1.11286e-02
1.50248e-02
1.99244e-02
2.33080e-02
2.59964e-02
2.70929e-02
2.70774e-02
2.70683e-02
2.61899e-02
2.45046e-02
2.36992e-02
2.43712e-02
2.73272e-02
3.02509e-02
3.28267e-02
3.47503e-02
3.47005e-02
3.24906e-02
2.84481e-02
2.26922e-02
1.78351e-02
1.39610e-02
1.03020e-02
8.82274e-03
9.41551e-03
1.12731e-02
1.39850e-02
1.45316e-02
1.57991e-02
1.73497e-02
1.76643e-02
1.68123e-02
1.46704e-02
1.38151e-02
1.25725e-02
1.05570e-02
4.94956e-03
-5.94227e-04
-6.86059e-03
-1.28965e-02
-1.68839e-02
-1.73703e-02
-1.38935e-02
-4.59860e-03
7.22688e-03
1.71873e-02
2.88149e-02
3.82116e-02
4.51852e-02
4.91076e-02
4.66943e-02
4.14923e-02
3.28732e-02
2.43039e-02
1.80157e-02
1.28788e-02
1.11573e-02
1.43049e-02
1.99373e-02
2.33138e-02
2.17860e-02
1.63977e-02
1.02615e-02
2.68241e-03
-4.13632e-03
-8.44526e-03
-1.16193e-02
-1.20017e-02
-9.27707e-03
-3.39193e-03
6.50636e-03
1.64425e-02
2.87255e-02
4.11318e-02
5.05589e-02
5.80564e-02
6.00837e-02
5.74631e-02
5.03385e-02
3.97951e-02
2.65471e-02
1.46074e-02
3.00476e-03
-6.18122e-03
-1.34078e-02
-1.87319e-02
-2.18618e-02
-2.22948e-02
-1.96597e-02
-1.74774e-02
-1.42795e-02
-8.82975e-03
-4.07236e-03
-4.84676e-04
1.57036e-03
1.91617e-03
1.21332e-03
1.05269e-03
1.10853e-03
1.55149e-03
3.52344e-03
6.35043e-03
9.07469e-03
1.18864e-02
1.28254e-02
1.36228e-02
1.48478e-02
1.69472e-02
2.04436e-02
2.39845e-02
2.84570e-02
3.39314e-02
4.04368e-02
4.41622e-02
4.52517e-02
4.39021e-02
3.96812e-02
3.23101e-02
1.87004e-02
3.83305e-03
-1.03872e-02
-2.23372e-02
-3.03796e-02
-3.58488e-02
-3.91012e-02
-4.11994e-02
-4.20770e-02
-4.26708e-02
-4.12070e-02
-4.01147e-02
-4.02009e-02
-4.01878e-02
-3.96782e-02
-3.95817e-02
-3.99687e-02
-4.04801e-02
-4.37201e-02
-4.71206e-02
-5.00996e-02
-5.36500e-02
-5.61496e-02
-5.79799e-02
-5.77803e-02
-5.41008e-02
-4.88525e-02
-4.30597e-02
-3.78999e-02
-3.54775e-02
-3.56897e-02
-3.67955e-02
-3.78683e-02
-4.00178e-02
-4.05847e-02
-4.01287e-02
-3.89334e-02
-3.87053e-02
-3.87600e-02
-3.78666e-02
-3.58136e-02
-3.23862e-02
-2.89410e-02
-2.47359e-02
-1.82094e-02
-1.11664e-02
-4.81231e-03
1.48347e-03
5.67806e-03
6.80043e-03
4.07781e-03
6.99136e-05
-4.33156e-03
-9.04189e-03
-1.31753e-02
-1.47271e-02
-1.24326e-02
-1.03381e-02
-6.67034e-03
-6.16698e-03
-1.15960e-02
-1.43566e-02
-1.76164e-02
-2.30608e-02
-2.79519e-02
-3.22491e-02
-3.27563e-02
-3.16218e-02
-2.97537e-02
-2.62737e-02
-2.24585e-02
-1.99960e-02
-1.78818e-02
-1.41516e-02
-1.04716e-02
-7.50806e-03
-3.51533e-03
7.51937e-04
4.97661e-03
8.82097e-03
1.22082e-02
1.47284e-02
1.66206e-02
1.90823e-02
2.03279e-02
2.25246e-02
2.45251e-02
2.59964e-02
2.70284e-02
2.61353e-02
2.55270e-02
2.37752e-02
2.27652e-02
2.20421e-02
1.97097e-02
2.02596e-02
2.19812e-02
2.29009e-02
2.60607e-02
2.89822e-02
3.08004e-02
3.19855e-02
3.21777e-02
3.19732e-02
3.07975e-02
2.88573e-02
2.61778e-02
2.42984e-02
2.31280e-02
1.95360e-02
1.44949e-02
8.75444e-03
1.02635e-03
-8.65143e-03
-1.70399e-02
-2.27269e-02
-2.92830e-02
-3.49301e-02
-3.74507e-02
-3.73837e-02
-3.62745e-02
-3.39406e-02
-2.79180e-02
-2.12584e-02
-1.49505e-02
-5.46576e-03
2.30188e-03
6.38670e-03
9.85650e-03
1.15939e-02
1.15121e-02
9.28758e-03
5.74896e-03
2.45663e-03
-1.49848e-03
-4.48953e-03
-5.09909e-03
-2.32824e-03
-1.00055e-04
-9.43260e-04
-3.89921e-03
-6.45919e-03
-1.10696e-02
-1.78887e-02
-2.32808e-02
-2.66032e-02
-2.90923e-02
-2.72919e-02
-2.32476e-02
-1.84787e-02
-1.28638e-02
-7.14942e-03
-1.97191e-03
1.83314e-03
4.65297e-03
6.32368e-03
6.94839e-03
8.20029e-03
8.28989e-03
7.51756e-03
6.52212e-03
3.77877e-03
1.62625e-03
4.62159e-04
-5.57449e-04
-1.03993e-03
1.64163e-04
2.84425e-03
7.60090e-03
1.33315e-02
2.07420e-02
2.81493e-02
3.44323e-02
4.06433e-02
4.47428e-02
4.71500e-02
4.93499e-02
5.24410e-02
5.51093e-02
5.78367e-02
5.99672e-02
6.17015e-02
6.19730e-02
5.97626e-02
5.52247e-02
4.98172e-02
4.50916e-02
4.01054e-02
3.60308e-02
3.30681e-02
3.19733e-02
3.19826e-02
3.20290e-02
3.17521e-02
2.99094e-02
2.54176e-02
1.92099e-02
1.33217e-02
8.05847e-03
4.62403e-03
2.82136e-03
1.92260e-03
2.13588e-03
3.33028e-03
4.68093e-03
7.23175e-03
8.35388e-03
9.75844e-03
1.28896e-02
1.55326e-02
1.83167e-02
2.03606e-02
2.22608e-02
2.40136e-02
2.38446e-02
2.19647e-02
1.81076e-02
1.26709e-02
8.46150e-03
4.06388e-03
-2.67887e-03
-9.30630e-03
-1.57813e-02
-2.26094e-02
-2.89300e-02
-3.56188e-02
-4.15822e-02
-4.69531e-02
-5.14984e-02
-5.47249e-02
-5.49888e-02
-5.33227e-02
-5.08129e-02
-4.72893e-02
-4.23331e-02
-3.82377e-02
-3.54576e-02
-3.42171e-02
-3.31827e-02
-3.28385e-02
-3.22112e-02
-2.88115e-02
-2.32149e-02
-1.48891e-02
-5.47190e-03
3.87208e-03
1.31607e-02
2.20014e-02
2.91525e-02
3.47102e-02
4.08846e-02
4.52200e-02
4.86791e-02
5.25932e-02
5.72779e-02
6.15745e-02
6.53203e-02
6.90259e-02
7.21369e-02
7.39629e-02
7.47162e-02
7.45078e-02
7.32413e-02
7.18035e-02
7.02008e-02
6.95391e-02
6.89122e-02
6.94742e-02
6.85710e-02
6.74772e-02
6.69234e-02
6.65438e-02
6.53653e-02
6.51137e-02
6.46313e-02
6.19261e-02
5.83478e-02
5.43733e-02
4.73366e-02
3.80635e-02
2.78439e-02
1.59117e-02
3.86488e-03
-7.04970e-03
-1.71243e-02
-2.72463e-02
-3.46031e-02
-4.03329e-02
-4.35007e-02
-4.41579e-02
-4.48232e-02
-4.38841e-02
-4.28740e-02
-4.35397e-02
-4.36348e-02
-4.28123e-02
-4.29737e-02
-4.16044e-02
-4.06058e-02
-4.06577e-02
-4.06728e-02
-4.07147e-02
-4.05436e-02
-4.08249e-02
-4.31148e-02
-4.53518e-02
-4.76344e-02
-5.11896e-02
-5.32300e-02
-5.34992e-02
-5.30881e-02
-5.00148e-02
-4.61464e-02
-4.23269e-02
-3.87783e-02
-3.74668e-02
-3.74885e-02
-3.75592e-02
-3.74874e-02
-3.66091e-02
-3.60446e-02
-3.72275e-02
-3.94794e-02
-4.34896e-02
-4.84067e-02
-5.32386e-02
-5.73563e-02
-5.97597e-02
-6.11166e-02
-6.05829e-02
-5.98390e-02
-5.92684e-02
-5.71355e-02
-5.58083e-02
-5.35829e-02
-5.15985e-02
-5.04863e-02
-4.97339e-02
-4.73744e-02
-4.67802e-02
-4.58778e-02
-4.39200e-02
-4.26238e-02
-4.08082e-02
-3.92329e-02
-3.80631e-02
-3.54864e-02
-3.21595e-02
-2.76256e-02
-2.32434e-02
-1.75991e-02
-1.06585e-02
-4.19097e-03
9.44399e-04
4.83774e-03
8.32151e-03
9.87797e-03
9.24354e-03
7.29245e-03
4.36872e-03
3.35341e-04
-4.30868e-03
-7.17194e-03
-9.68287e-03
-1.17884e-02
-1.50655e-02
-1.83100e-02
-1.91322e-02
-2.06709e-02
-2.16741e-02
-2.06233e-02
-1.85542e-02
-1.51101e-02
-1.07977e-02
-5.91089e-03
-2.51381e-03
-8.42616e-04
1.71674e-03
1.71103e-03
5.09076e-04
3.25983e-04
-2.09010e-03
-5.26101e-03
-6.87008e-03
-1.07201e-02
-1.38494e-02
-1.74287e-02
-2.23495e-02
-2.64797e-02
-3.02326e-02
-3.32219e-02
-3.44388e-02
-3.54873e-02
-3.58522e-02
-3.43267e-02
-3.18939e-02
-2.82490e-02
-2.35562e-02
-1.78740e-02
-1.09023e-02
-2.98233e-03
5.60781e-03
1.23182e-02
1.69191e-02
2.03494e-02
2.29292e-02
2.54774e-02
2.50812e-02
2.31357e-02
2.25645e-02
2.23770e-02
2.11011e-02
2.02375e-02
2.03542e-02
2.17872e-02
2.26453e-02
2.41258e-02
2.56137e-02
2.57293e-02
2.56405e-02
2.56713e-02
2.56710e-02
2.56666e-02
2.56689e-02
2.56702e-02
2.56637e-02
2.56789e-02
2.56640e-02
2.56468e-02
2.63065e-02
2.81184e-02
2.99013e-02
3.20656e-02
3.48816e-02
3.62295e-02
3.81926e-02
4.03423e-02
4.14079e-02
4.15842e-02
4.07427e-02
3.85893e-02
3.63377e-02
3.32759e-02
3.17132e-02
3.05993e-02
3.03280e-02
2.97199e-02
2.89614e-02
2.87045e-02
2.59266e-02
2.01712e-02
1.28439e-02
4.39708e-03
-4.38858e-03
-1.18951e-02
-1.79883e-02
-1.95959e-02
-2.15156e-02
-2.16292e-02
-1.96761e-02
-1.98106e-02
-2.01773e-02
-2.01190e-02
-2.09274e-02
-2.14419e-02
-2.08499e-02
-2.13594e-02
-2.00277e-02
-1.86175e-02
-1.85322e-02
-1.62921e-02
-1.30942e-02
-1.18058e-02
-9.01077e-03
-6.85550e-03
-5.86365e-03
-4.88803e-03
-4.23251e-03
-2.73089e-03
-7.25830e-04
1.81649e-03
3.39770e-03
3.76860e-03
4.85606e-03
5.55734e-03
6.52883e-03
7.68625e-03
9.15629e-03
1.00800e-02
1.12240e-02
1.19831e-02
1.34771e-02
1.55754e-02
1.97751e-02
2.51273e-02
2.95439e-02
3.37204e-02
3.68388e-02
4.00855e-02
4.15864e-02
4.13413e-02
3.97374e-02
3.69975e-02
3.36872e-02
3.18756e-02
2.90830e-02
2.59084e-02
2.50545e-02
2.34638e-02
2.26459e-02
2.34622e-02
2.27787e-02
2.23402e-02
2.30764e-02
2.48110e-02
2.53875e-02
2.74883e-02
3.29774e-02
3.38919e-02
3.34175e-02
3.44513e-02
3.50292e-02
3.38277e-02
3.15997e-02
2.85471e-02
2.50415e-02
2.07217e-02
1.67023e-02
1.32649e-02
1.10964e-02
9.40665e-03
8.25654e-03
7.17386e-03
5.38509e-03
3.43558e-03
1.59577e-03
4.27291e-04
-7.27240e-04
-2.26263e-03
-2.96895e-03
-4.51768e-03
-6.56454e-03
-8.34977e-03
-9.15732e-03
-9.02164e-03
-9.41873e-03
-1.10725e-02
-1.06640e-02
-9.43646e-03
-1.01042e-02
-9.37350e-03
-9.00812e-03
-9.15152e-03
-9.13036e-03
-9.10362e-03
-9.14695e-03
-9.14136e-03
-7.95983e-03
-6.05335e-03
-5.93725e-03
-7.35479e-03
-9.56008e-03
-1.21121e-02
-1.39542e-02
-1.63648e-02
-1.84272e-02
-2.02043e-02
-2.21914e-02
-2.38465e-02
-2.51230e-02
-2.72324e-02
-2.81852e-02
-2.80835e-02
-2.69264e-02
-2.50391e-02
-2.36878e-02
-2.20228e-02
-1.97478e-02
-1.72411e-02
-1.53236e-02
-1.29907e-02
-1.22954e-02
-1.21257e-02
-1.08716e-02
-1.06352e-02
-1.07188e-02
-1.08173e-02
-1.05598e-02
-9.35805e-03
-8.35472e-03
-7.00839e-03
-5.66842e-03
-3.44502e-03
-2.38849e-03
-1.93020e-03
-3.40872e-03
-6.63059e-03
-1.14386e-02
-1.74371e-02
-2.38773e-02
-2.86462e-02
-3.20434e-02
-3.42239e-02
-3.58799e-02
-3.57884e-02
-3.38193e-02
-3.21873e-02
-3.09558e-02
-2.87984e-02
-2.74187e-02
-2.52369e-02
-2.48281e-02
-2.49963e-02
-2.35547e-02
-2.19231e-02
-2.13115e-02
-1.97211e-02
-1.65530e-02
-1.32671e-02
-1.21205e-02
-1.05257e-02
-9.88327e-03
-1.12950e-02
-1.26478e-02
-1.49467e-02
-1.56414e-02
-1.53929e-02
-1.55914e-02
-1.64112e-02
-1.71626e-02
-1.86862e-02
-2.01849e-02
-2.08988e-02
-2.19234e-02
-2.15501e-02
-1.89995e-02
-1.85075e-02
-1.80624e-02
-1.62356e-02
-1.54879e-02
-1.54357e-02
-1.34954e-02
-9.81633e-03
-5.96965e-03
-1.08228e-03
4.40041e-03
8.51881e-03
1.22196e-02
1.59662e-02
1.87426e-02
2.06504e-02
2.24643e-02
2.47956e-02
2.77646e-02
3.07534e-02
3.43623e-02
3.82553e-02
4.16486e-02
4.36679e-02
4.45164e-02
4.48137e-02
4.44540e-02
4.12582e-02
3.73940e-02
3.43371e-02
3.15849e-02
2.89244e-02
2.57781e-02
2.36371e-02
2.19213e-02
2.09846e-02
2.09696e-02
2.10436e-02
2.05906e-02
2.01474e-02
2.09697e-02
2.09238e-02
1.96465e-02
1.93879e-02
1.82487e-02
1.66054e-02
1.58878e-02
1.38147e-02
1.27353e-02
1.12221e-02
9.98464e-03
1.00208e-02
9.87130e-03
1.03866e-02
1.28898e-02
1.48189e-02
1.59791e-02
1.67418e-02
1.91499e-02
1.97188e-02
1.94998e-02
1.95079e-02
1.96131e-02
2.10982e-02
2.27057e-02
2.27864e-02
2.28389e-02
2.38874e-02
2.43373e-02
2.46968e-02
2.59035e-02
2.52356e-02
2.36786e-02
2.25291e-02
2.00915e-02
1.96035e-02
1.90898e-02
1.83726e-02
1.93799e-02
1.98327e-02
2.01683e-02
2.20747e-02
2.28378e-02
2.09349e-02
1.97549e-02
1.81802e-02
1.58259e-02
1.35471e-02
1.15806e-02
1.03579e-02
9.09787e-03
8.41285e-03
7.46459e-03
6.41913e-03
4.40334e-03
1.22153e-03
-8.07458e-04
-3.44140e-03
-6.72046e-03
-8.66704e-03
-1.09815e-02
-1.19718e-02
-1.32850e-02
-1.47623e-02
-1.66279e-02
-1.77837e-02
-1.93813e-02
-2.07353e-02
-2.01799e-02
-1.79180e-02
-1.52617e-02
-1.39664e-02
-1.11601e-02
-8.85204e-03
-7.25115e-03
-5.06616e-03
-1.94241e-03
1.57290e-04
2.67946e-03
6.21118e-03
7.83719e-03
9.39881e-03
1.25562e-02
1.52697e-02
1.72100e-02
1.74692e-02
1.73443e-02
1.74404e-02
1.70346e-02
1.58497e-02
1.50111e-02
1.42012e-02
1.12739e-02
7.89126e-03
4.57002e-03
3.11424e-04
-2.75749e-03
-5.76248e-03
-7.69243e-03
-7.71783e-03
-6.97865e-03
-4.83588e-03
-2.16082e-03
-7.93266e-04
1.50808e-03
2.10269e-03
1.81882e-03
6.08304e-04
-1.04686e-03
-1.61884e-03
-2.70841e-03
-3.59578e-03
-4.44470e-03
-5.57878e-03
-6.26703e-03
-7.18825e-03
-7.69261e-03
-9.30549e-03
-1.06585e-02
-1.21951e-02
-1.36239e-02
-1.37352e-02
-1.36763e-02
-1.35655e-02
-1.37328e-02
-1.54203e-02
-1.67115e-02
-1.67927e-02
-1.79378e-02
-1.95602e-02
-2.02115e-02
-2.17583e-02
-2.29818e-02
-2.41498e-02
-2.56812e-02
-2.63600e-02
-2.75142e-02
-2.84840e-02
-2.90527e-02
-2.95505e-02
-3.04547e-02
-2.95813e-02
-2.84691e-02
-2.61428e-02
-2.33159e-02
-2.01083e-02
-1.62516e-02
-1.31480e-02
-1.17132e-02
-1.10391e-02
-1.14454e-02
-1.21272e-02
-1.33352e-02
-1.35221e-02
-1.34381e-02
-1.47781e-02
-1.64763e-02
-1.66692e-02
-1.67110e-02
-1.64604e-02
-1.44280e-02
-1.35222e-02
-1.28776e-02
-1.06402e-02
-8.33402e-03
-5.38391e-03
-3.58324e-03
-1.15580e-03
-2.14940e-04
-2.28197e-05
-9.19870e-04
-3.35217e-03
-5.85873e-03
-9.38221e-03
-1.25010e-02
-1.56635e-02
-1.87903e-02
-2.02347e-02
-2.26240e-02
-2.24238e-02
-2.05769e-02
-1.83110e-02
-1.38951e-02
-9.39128e-03
-3.89861e-03
6.82272e-04
3.77727e-03
8.07483e-03
1.03340e-02
9.68729e-03
7.09838e-03
3.18397e-03
-3.81504e-04
-7.68899e-04
1.64067e-03
5.37366e-03
9.14477e-03
1.15517e-02
1.16877e-02
9.84673e-03
7.22021e-03
4.44366e-03
2.62806e-03
2.16249e-03
2.69128e-03
4.97311e-03
8.02006e-03
1.08861e-02
1.33523e-02
1.69259e-02
1.95845e-02
1.87022e-02
1.56955e-02
1.33880e-02
1.11869e-02
8.07721e-03
6.07370e-03
5.41600e-03
3.70869e-03
8.75782e-04
-1.74480e-04
-7.28173e-04
-2.47264e-04
8.48179e-04
3.51432e-03
6.20160e-03
9.88016e-03
1.13046e-02
8.01706e-03
4.96231e-03
1.61481e-03
-3.12258e-03
-9.41211e-03
-1.47414e-02
-1.82905e-02
-2.03931e-02
-2.28020e-02
-2.46966e-02
-2.49933e-02
-2.46263e-02
-2.34233e-02
-2.26273e-02
-2.09907e-02
-1.76092e-02
-1.46050e-02
-1.26055e-02
-7.10543e-03
-3.30707e-03
-7.59144e-04
1.83127e-03
3.35991e-03
4.56267e-03
7.14291e-03
8.38082e-03
8.25187e-03
6.50645e-03
3.27974e-03
1.22641e-03
-5.83461e-04
-3.79335e-03
-7.40022e-03
-9.48289e-03
-1.13107e-02
-1.31230e-02
-1.39846e-02
-1.38523e-02
-1.21810e-02
-9.76431e-03
-7.69675e-03
-5.28936e-03
-1.83062e-03
4.37430e-04
2.67168e-03
6.40728e-03
1.01872e-02
1.25138e-02
1.47408e-02
1.74144e-02
1.64497e-02
1.35695e-02
1.16209e-02
9.70846e-03
8.23123e-03
8.61459e-03
8.82624e-03
8.16106e-03
8.11692e-03
7.88202e-03
6.11566e-03
4.14749e-03
3.29122e-03
4.92659e-03
7.76245e-03
9.17126e-03
1.24013e-02
1.64935e-02
2.00269e-02
2.23774e-02
2.37847e-02
2.38785e-02
2.29482e-02
2.10313e-02
1.76338e-02
1.42247e-02
1.20703e-02
1.13930e-02
1.32690e-02
1.58664e-02
1.93627e-02
2.31090e-02
2.53912e-02
2.64263e-02
2.70001e-02
2.67647e-02
2.55092e-02
2.45635e-02
2.28749e-02
2.08998e-02
1.89991e-02
1.75513e-02
1.60684e-02
1.36439e-02
1.11536e-02
8.53059e-03
7.11426e-03
4.06808e-03
1.36923e-03
-3.50886e-04
-1.88025e-03
-4.35681e-03
-5.48577e-03
-6.73470e-03
-8.16593e-03
-1.03700e-02
-1.10691e-02
-1.19432e-02
-1.39799e-02
-1.34620e-02
-1.13159e-02
-7.90520e-03
-4.93714e-03
-3.41868e-03
-8.47526e-04
1.15505e-03
1.55451e-03
1.52320e-03
1.52911e-03
1.49249e-03
1.58713e-03
1.43471e-03
-1.49136e-04
-1.67316e-03
-1.61813e-03
-7.02073e-04
-8.86436e-05
1.66826e-03
4.48598e-03
6.04870e-03
7.70080e-03
1.03043e-02
1.39843e-02
1.73593e-02
2.06214e-02
2.40650e-02
2.43432e-02
2.19174e-02
1.71941e-02
1.40619e-02
1.26872e-02
9.91591e-03
6.93086e-03
6.05262e-03
6.45425e-03
8.14628e-03
1.19456e-02
1.60056e-02
1.59276e-02
1.39204e-02
1.19695e-02
9.55918e-03
7.70912e-03
6.26073e-03
6.40482e-03
8.92016e-03
9.48540e-03
9.14495e-03
8.10824e-03
6.33036e-03
4.18053e-03
5.39232e-04
-3.13194e-03
-6.13682e-03
-8.93880e-03
-9.91486e-03
-9.33760e-03
-7.21466e-03
-4.88978e-03
-2.87316e-03
-1.85615e-03
2.63231e-05
3.15767e-03
4.54077e-03
3.29708e-03
4.58704e-04
-2.07222e-03
-5.18330e-03
-8.46521e-03
-1.21700e-02
-1.52847e-02
-1.75768e-02
-1.94384e-02
-2.08567e-02
-2.24066e-02
-2.39513e-02
-2.41414e-02
-2.40331e-02
-2.40752e-02
-2.41134e-02
-2.39607e-02
-2.43175e-02
-2.52464e-02
-2.43268e-02
-2.39836e-02
-2.41414e-02
-2.40730e-02
-2.42187e-02
-2.39402e-02
-2.27038e-02
-2.30505e-02
-2.41607e-02
-2.41525e-02
-2.26231e-02
-2.10874e-02
-2.09334e-02
-1.95241e-02
-1.57550e-02
-1.21731e-02
-9.77564e-03
-6.21750e-03
-2.49364e-03
4.32450e-04
3.56658e-03
3.96339e-03
-5.81585e-04
-4.66675e-03
-8.43085e-03
-1.28997e-02
-1.62575e-02
-1.93475e-02
-2.14833e-02
-2.31830e-02
-2.42992e-02
-2.40975e-02
-2.29317e-02
-2.22782e-02
-2.12659e-02
-2.01633e-02
-1.85436e-02
-1.79531e-02
-1.78063e-02
-1.61519e-02
-1.41340e-02
-1.23115e-02
-1.18275e-02
-1.12995e-02
-8.85077e-03
-8.21081e-03
-7.99329e-03
-7.74031e-03
-7.41134e-03
-6.76527e-03
-5.50378e-03
-5.23346e-03
-5.43295e-03
-5.34093e-03
-4.01296e-03
-2.29930e-03
-2.16661e-03
-2.18972e-03
-1.48122e-03
-5.34754e-04
6.32827e-04
9.53059e-04
1.34344e-03
1.73550e-03
1.03643e-03
8.46861e-04
9.22658e-04
8.70910e-04
1.42403e-03
2.31828e-03
2.63919e-03
3.61471e-03
4.10013e-03
4.04435e-03
4.01397e-03
4.12214e-03
3.92433e-03
2.81897e-03
2.38691e-03
2.46962e-03
3.08422e-03
3.97212e-03
4.10032e-03
3.94475e-03
4.25196e-03
5.52907e-03
6.24032e-03
7.36490e-03
9.33247e-03
1.06404e-02
1.34567e-02
1.61720e-02
1.88254e-02
2.20479e-02
2.53998e-02
2.61343e-02
2.68346e-02
2.90529e-02
2.94338e-02
2.91962e-02
2.93557e-02
2.90445e-02
2.79219e-02
2.67818e-02
2.45755e-02
2.27204e-02
2.01777e-02
1.79622e-02
1.62856e-02
1.42000e-02
1.16348e-02
1.02304e-02
8.74607e-03
7.17448e-03
7.66144e-03
9.45498e-03
1.03197e-02
1.03075e-02
1.02334e-02
1.06740e-02
1.18242e-02
1.18486e-02
1.07419e-02
1.03240e-02
1.00566e-02
8.80355e-03
7.97900e-03
7.13097e-03
5.85101e-03
5.61336e-03
7.28829e-03
8.59373e-03
9.66775e-03
1.21123e-02
1.35597e-02
1.50469e-02
1.64948e-02
1.67441e-02
1.73213e-02
1.82662e-02
1.95745e-02
1.96034e-02
1.83503e-02
1.81256e-02
1.72916e-02
1.55641e-02
1.50000e-02
1.50264e-02
1.55287e-02
1.65316e-02
1.67383e-02
1.65229e-02
1.68022e-02
1.80396e-02
1.88368e-02
1.96845e-02
1.99080e-02
1.96755e-02
2.00465e-02
2.08638e-02
2.00985e-02
1.96569e-02
1.77978e-02
1.39614e-02
1.05249e-02
7.64635e-03
3.76654e-03
1.42407e-03
-8.30154e-05
-8.09474e-04
-4.77968e-04
6.86113e-04
1.70683e-03
3.24125e-03
2.83314e-03
1.28429e-03
3.63686e-04
-2.01633e-03
-3.73343e-03
-5.30241e-03
-7.96014e-03
-1.13992e-02
-1.35566e-02
-1.52985e-02
-1.72353e-02
-1.78945e-02
-1.69788e-02
-1.62389e-02
-1.49935e-02
-1.49119e-02
-1.46501e-02
-1.30747e-02
-1.27198e-02
-1.19574e-02
-1.12122e-02
-9.67822e-03
-8.52869e-03
-7.31502e-03
-5.77086e-03
-5.10467e-03
-3.91298e-03
-3.73605e-03
-4.70920e-03
-5.27476e-03
-5.46986e-03
-6.97851e-03
-8.93230e-03
-1.07906e-02
-1.25427e-02
-1.44909e-02
-1.78887e-02
-2.09147e-02
-2.22443e-02
-2.57240e-02
-2.92178e-02
-3.09729e-02
-3.33202e-02
-3.42394e-02
-3.57554e-02
-3.69337e-02
-3.57645e-02
-3.42575e-02
-3.33618e-02
-3.09324e-02
-2.92061e-02
-2.67713e-02
-2.34579e-02
-2.01115e-02
-1.76380e-02
-1.41732e-02
-1.03866e-02
-7.49868e-03
-5.82907e-03
-5.20950e-03
-3.55588e-03
-2.65710e-03
-4.28727e-03
-5.27211e-03
-5.34425e-03
-6.79049e-03
-8.37707e-03
-8.47975e-03
-8.47935e-03
-8.29449e-03
-7.26492e-03
-6.58252e-03
-5.47030e-03
-4.46989e-03
-2.81665e-03
-2.25776e-03
-1.75481e-03
6.81496e-04
1.30421e-03
2.59215e-03
3.96548e-03
4.62690e-03
7.05162e-03
7.55198e-03
8.01284e-03
9.79132e-03
1.05926e-02
1.05618e-02
1.06106e-02
1.00277e-02
8.38042e-03
7.38345e-03
6.05719e-03
4.38918e-03
4.14865e-03
4.36495e-03
4.17991e-03
3.20925e-03
2.65306e-03
2.72194e-03
2.69170e-03
1.99419e-03
1.13805e-03
1.19299e-03
9.42636e-04
7.35655e-05
3.32433e-04
-2.24872e-04
-6.20826e-04
-2.58897e-04
9.81645e-04
1.26959e-03
1.07653e-03
1.16766e-03
2.43872e-03
4.15222e-03
4.39620e-03
4.28966e-03
4.32297e-03
4.35933e-03
4.23624e-03
4.55247e-03
5.71955e-03
6.08449e-03
6.71284e-03
7.56808e-03
8.95518e-03
1.08464e-02
1.31967e-02
1.61823e-02
1.89800e-02
2.16130e-02
2.47612e-02
2.69146e-02
2.80020e-02
2.70851e-02
2.55374e-02
2.46209e-02
2.17984e-02
1.91634e-02
1.70637e-02
1.49660e-02
1.25022e-02
1.08245e-02
1.02478e-02
8.64675e-03
7.45186e-03
7.68553e-03
7.24173e-03
4.70814e-03
3.31017e-03
1.28243e-03
-6.09214e-04
-2.20252e-03
-4.75845e-03
-5.27213e-03
-5.07233e-03
-4.20937e-03
-2.50634e-03
-1.91264e-03
-1.90661e-03
-1.95902e-03
-3.30793e-03
-4.99765e-03
-5.16522e-03
-5.07226e-03
-5.13678e-03
-3.95025e-03
-2.16614e-03
-1.67641e-03
-7.98756e-04
-1.18485e-04
1.07580e-03
2.63890e-03
4.24564e-03
4.46876e-03
4.40447e-03
4.12132e-03
2.91552e-03
1.96999e-03
1.29794e-03
1.19751e-03
1.24972e-03
1.23441e-03
1.24384e-03
1.20398e-03
1.30968e-03
1.15414e-03
-4.36748e-04
-2.81942e-03
-5.72938e-03
-9.88666e-03
-1.36050e-02
-1.49860e-02
-1.73488e-02
-1.85167e-02
-1.91695e-02
-1.93521e-02
-1.92661e-02
-1.93304e-02
-1.92881e-02
-1.85302e-02
-1.79522e-02
-1.73633e-02
-1.50187e-02
-1.40398e-02
-1.25780e-02
-1.14023e-02
-1.13791e-02
-1.14290e-02
-1.14099e-02
-1.14360e-02
-1.13137e-02
-1.16396e-02
-1.23181e-02
-1.18091e-02
-1.27875e-02
-1.30651e-02
-1.22338e-02
-1.13935e-02
-1.00639e-02
-8.24323e-03
-5.96970e-03
-2.85311e-03
-3.00323e-04
1.47636e-03
3.92152e-03
4.48929e-03
4.82428e-03
5.94333e-03
5.85857e-03
4.78319e-03
4.14207e-03
2.94845e-03
2.05116e-03
1.29186e-03
1.13962e-03
1.22062e-03
1.19805e-03
7.35799e-04
-3.64753e-04
-1.40798e-03
-1.96268e-03
-1.97416e-03
-1.93174e-03
-2.64021e-03
-3.40457e-03
-2.54152e-03
-1.90237e-03
-2.02020e-03
-1.95781e-03
-5.60021e-04
1.10102e-03
1.28494e-03
1.02984e-03
1.89038e-03
4.16753e-03
4.32925e-03
4.55745e-03
6.79761e-03
7.88098e-03
8.85799e-03
9.21362e-03
9.96559e-03
1.06646e-02
1.06522e-02
1.06646e-02
1.11997e-02
1.13340e-02
1.08220e-02
1.04414e-02
9.32096e-03
8.08417e-03
6.06984e-03
5.88635e-03
7.12477e-03
7.49910e-03
7.56023e-03
7.42574e-03
5.84689e-03
4.45394e-03
4.20425e-03
2.70824e-03
1.22072e-03
1.05644e-03
1.39406e-03
8.58788e-04
-1.57333e-03
-2.48233e-03
-3.98247e-03
-6.78935e-03
-1.06931e-02
-1.39704e-02
-1.51823e-02
-1.79252e-02
-2.01900e-02
-2.08939e-02
-1.96223e-02
-1.78902e-02
-1.77470e-02
-1.71820e-02
-1.53712e-02
-1.47665e-02
-1.43115e-02
-1.18095e-02
-1.03901e-02
-8.36198e-03
-6.46245e-03
-4.85404e-03
-2.34737e-03
-1.44645e-03
2.72645e-05
1.17760e-03
1.19200e-03
1.12245e-03
1.15631e-03
1.18266e-03
3.48491e-04
-1.42660e-03
-1.89048e-03
-2.34573e-03
-4.83863e-03
-6.05774e-03
-7.54485e-03
-8.31102e-03
-8.55791e-03
-9.76479e-03
-1.01462e-02
-1.05304e-02
-1.17428e-02
-1.40308e-02
-1.47761e-02
-1.47188e-02
-1.60156e-02
-1.68374e-02
-1.53404e-02
-1.46671e-02
-1.48387e-02
-1.36833e-02
-1.19304e-02
-1.12672e-02
-9.25179e-03
-8.36874e-03
-8.45906e-03
-8.53183e-03
-9.35199e-03
-1.00345e-02
-1.01715e-02
-9.76551e-03
-8.66455e-03
-8.38608e-03
-8.56538e-03
-9.89478e-03
-1.15873e-02
-1.17730e-02
-1.16602e-02
-1.17353e-02
-1.16248e-02
-1.18597e-02
-1.31211e-02
-1.39302e-02
-1.48078e-02
-1.48655e-02
-1.50266e-02
-1.62911e-02
-1.70829e-02
-1.71819e-02
-1.56302e-02
-1.49461e-02
-1.48110e-02
-1.30406e-02
-1.19313e-02
-1.14992e-02
-9.57751e-03
-8.39286e-03
-6.92244e-03
-5.37367e-03
-3.73601e-03
-2.29757e-03
-7.82998e-04
7.40392e-04
2.05981e-03
3.88584e-03
5.13018e-03
7.17630e-03
1.00788e-02
1.09916e-02
1.08264e-02
1.05268e-02
9.97335e-03
7.16957e-03
4.90270e-03
3.21885e-03
1.20335e-03
-6.25972e-04
-5.96957e-04
6.35465e-04
8.31779e-04
1.85179e-03
3.61702e-03
3.96012e-03
3.86208e-03
4.73887e-03
5.24547e-03
4.36787e-03
5.45468e-03
6.57691e-03
6.31444e-03
6.88937e-03
7.11146e-03
7.01755e-03
6.98231e-03
7.74021e-03
9.46286e-03
1.02310e-02
1.00633e-02
1.09767e-02
1.29739e-02
1.36589e-02
1.55124e-02
1.65491e-02
1.64866e-02
1.63853e-02
1.65818e-02
1.74728e-02
1.81952e-02
1.94464e-02
2.07752e-02
2.26633e-02
2.39227e-02
2.44055e-02
2.40824e-02
2.28459e-02
2.28759e-02
2.25484e-02
2.03031e-02
1.92768e-02
1.82557e-02
1.71620e-02
1.66981e-02
1.77198e-02
1.81424e-02
1.85542e-02
1.96264e-02
1.96706e-02
1.98414e-02
2.10743e-02
2.18557e-02
2.27632e-02
2.18735e-02
2.01952e-02
1.95413e-02
1.79749e-02
1.65163e-02
1.57443e-02
1.49021e-02
1.36050e-02
1.33724e-02
1.34911e-02
1.34625e-02
1.34716e-02
1.34779e-02
1.34855e-02
1.34889e-02
1.34987e-02
1.35023e-02
1.34952e-02
1.35533e-02
1.34574e-02
1.27505e-02
1.19264e-02
1.04735e-02
8.85997e-03
8.23981e-03
8.15867e-03
7.52478e-03
6.02859e-03
5.28629e-03
4.26737e-03
4.02169e-03
4.10248e-03
4.26686e-03
3.54859e-03
1.26157e-03
8.23732e-04
-1.28839e-04
-1.88293e-03
-2.20887e-03
-3.09365e-03
-5.24553e-03
-6.33812e-03
-6.96289e-03
-8.37408e-03
-8.40343e-03
-7.00785e-03
-6.30354e-03
-5.36359e-03
-3.83373e-03
-3.04383e-03
-2.27221e-03
-1.84385e-03
-9.22670e-04
-1.59353e-04
8.90872e-04
1.36720e-03
1.95804e-03
1.52393e-03
1.13792e-03
7.47140e-04
-3.22028e-04
-1.46422e-03
-3.21531e-03
-5.18920e-03
-7.03190e-03
-8.23815e-03
-9.24044e-03
-1.11577e-02
-1.28702e-02
-1.30547e-02
-1.35978e-02
-1.44462e-02
-1.46591e-02
-1.43949e-02
-1.26602e-02
-1.13941e-02
-1.12533e-02
-1.01298e-02
-8.14562e-03
-6.64175e-03
-5.83117e-03
-5.16283e-03
-4.75049e-03
-3.60560e-03
-3.28544e-03
-2.77895e-03
-1.76649e-03
-1.91363e-03
-1.46805e-03
1.09299e-03
1.64210e-03
1.26594e-03
1.59215e-03
2.75530e-03
3.41113e-03
4.53689e-03
5.45261e-03
6.29956e-03
7.57783e-03
7.85674e-03
7.77125e-03
7.83090e-03
7.67914e-03
8.05435e-03
8.86110e-03
7.63303e-03
6.80002e-03
5.72942e-03
4.58114e-03
2.90252e-03
1.58542e-03
1.46520e-03
3.48020e-04
-1.31969e-03
-1.95929e-03
-3.10485e-03
-3.98555e-03
-4.87058e-03
-6.01657e-03
-6.64900e-03
-7.74996e-03
-8.82604e-03
-1.04266e-02
-1.11341e-02
-1.10760e-02
-1.10726e-02
-1.10758e-02
-1.10695e-02
-1.10758e-02
-1.10658e-02
-1.10204e-02
-1.17924e-02
-1.35106e-02
-1.42287e-02
-1.42380e-02
-1.41987e-02
-1.29197e-02
-1.11157e-02
-1.10339e-02
-1.09757e-02
-9.19075e-03
-8.53567e-03
-1.01985e-02
-1.10801e-02
-1.10097e-02
-1.09960e-02
-1.10742e-02
-1.08362e-02
-1.12694e-02
-1.36467e-02
-1.43120e-02
-1.41128e-02
-1.40849e-02
-1.43324e-02
-1.38413e-02
-1.13043e-02
-9.87666e-03
-7.89361e-03
-5.76689e-03
-4.63301e-03
-2.99346e-03
-1.66054e-03
-1.38894e-03
-7.04584e-04
1.85427e-04
1.44530e-03
1.66784e-03
1.54480e-03
1.57905e-03
1.53948e-03
1.59667e-03
1.53768e-03
2.08029e-04
-1.51646e-03
-1.71878e-03
-1.58044e-03
-1.66066e-03
-1.66719e-03
-6.68662e-04
1.04418e-03
1.55422e-03
1.47203e-03
1.47735e-03
1.48398e-03
1.45973e-03
1.45855e-03
1.50354e-03
8.39075e-04
-8.88790e-04
-1.71430e-03
-1.84378e-03
-1.19642e-03
1.21228e-03
3.22489e-03
4.24806e-03
4.96974e-03
7.31459e-03
7.95276e-03
9.14720e-03
1.07893e-02
1.09163e-02
1.08106e-02
1.08324e-02
1.08353e-02
1.08146e-02
1.08164e-02
1.08116e-02
1.08078e-02
1.07291e-02
1.09823e-02
1.04713e-02
7.93414e-03
7.42266e-03
7.60605e-03
7.77955e-03
7.27799e-03
4.75890e-03
4.21582e-03
4.48330e-03
4.31952e-03
4.42486e-03
5.87415e-03
7.45301e-03
8.13273e-03
9.00252e-03
1.02468e-02
1.21485e-02
1.36898e-02
1.38068e-02
1.46234e-02
1.63362e-02
1.70231e-02
1.65986e-02
1.48769e-02
1.36980e-02
1.36664e-02
1.36811e-02
1.36708e-02
1.36877e-02
1.28267e-02
1.10408e-02
1.05751e-02
1.00164e-02
7.58572e-03
6.34733e-03
4.80607e-03
2.67289e-03
1.02454e-03
8.35904e-04
9.38023e-04
8.86472e-04
8.77738e-04
8.67728e-04
8.82769e-04
8.08088e-04
8.52394e-04
2.15141e-03
3.73174e-03
4.80811e-03
6.85273e-03
7.25799e-03
7.03697e-03
7.08672e-03
7.07741e-03
7.06604e-03
6.97819e-03
7.23846e-03
6.71959e-03
4.12506e-03
3.76994e-03
3.74078e-03
1.70795e-03
6.06404e-04
6.39078e-04
6.97230e-04
5.86592e-04
6.69977e-04
2.08449e-03
3.65792e-03
3.88806e-03
4.58548e-03
4.03078e-03
1.47928e-03
1.02612e-04
-3.17993e-03
-6.33050e-03
-8.51725e-03
-1.13037e-02
-1.21432e-02
-1.20447e-02
-1.20685e-02
-1.09962e-02
-9.39698e-03
-8.70089e-03
-7.51144e-03
-6.59390e-03
-5.85090e-03
-5.69623e-03
-5.87892e-03
-5.33600e-03
-3.83668e-03
-3.32718e-03
-3.10664e-03
-4.16765e-03
-5.69687e-03
-5.88257e-03
-6.64294e-03
-8.50158e-03
-1.05109e-02
-1.20497e-02
-1.27104e-02
-1.37045e-02
-1.48286e-02
-1.53293e-02
-1.53548e-02
-1.43013e-02
-1.23448e-02
-1.09173e-02
-9.37760e-03
-8.97967e-03
-8.54553e-03
-7.65352e-03
-7.18441e-03
-6.42225e-03
-7.27499e-03
-7.56907e-03
-6.77645e-03
-5.95516e-03
-5.85059e-03
-5.94218e-03
-5.91170e-03
-5.29079e-03
-4.40036e-03
-4.27474e-03
-4.36607e-03
-4.34431e-03
-3.75804e-03
-2.82303e-03
-2.73508e-03
-2.69633e-03
-3.01559e-03
-4.72616e-03
-5.95523e-03
-5.82042e-03
-6.14032e-03
-7.06464e-03
-6.26033e-03
-5.62752e-03
-4.11372e-03
-2.56943e-03
-1.35686e-03
-6.84085e-04
9.55737e-04
3.00258e-03
4.68809e-03
6.92866e-03
9.62421e-03
1.00191e-02
1.07806e-02
1.26048e-02
1.29764e-02
1.36768e-02
1.59801e-02
1.63603e-02
1.49027e-02
1.33611e-02
1.26734e-02
1.11124e-02
9.84086e-03
8.77907e-03
6.92480e-03
5.02956e-03
3.58925e-03
2.01152e-03
5.72944e-04
2.58188e-04
-1.22807e-03
-2.62172e-03
-2.93915e-03
-4.58202e-03
-5.92155e-03
-5.97562e-03
-5.85571e-03
-5.96812e-03
-6.83900e-03
-7.39451e-03
-7.66647e-03
-8.92327e-03
-9.20891e-03
-8.12891e-03
-6.42509e-03
-5.94821e-03
-5.64195e-03
-3.96045e-03
-2.76890e-03
-1.57215e-03
7.95213e-05
4.42200e-04
8.57706e-04
1.92088e-03
1.91232e-03
2.17967e-03
3.21615e-03
2.20845e-03
1.15429e-03
4.76468e-04
3.47228e-04
4.02780e-04
4.07023e-04
3.53544e-04
4.24718e-04
1.57930e-03
3.52462e-03
5.04665e-03
5.78164e-03
6.60807e-03
6.76889e-03
6.67298e-03
6.71300e-03
6.74299e-03
5.90892e-03
4.13253e-03
3.68843e-03
3.20963e-03
7.00969e-04
1.92964e-04
4.18055e-04
4.98234e-04
1.62150e-04
-7.47967e-04
1.92473e-04
5.06397e-04
-8.06563e-04
-2.39542e-03
-3.01551e-03
-4.58466e-03
-7.33678e-03
-1.10005e-02
-1.33776e-02
-1.40027e-02
-1.52831e-02
-1.60051e-02
-1.61528e-02
-1.65243e-02
-1.70461e-02
-1.67550e-02
-1.55393e-02
-1.53295e-02
-1.54445e-02
-1.54128e-02
-1.54152e-02
-1.54140e-02
-1.54143e-02
-1.54516e-02
-1.53363e-02
-1.55197e-02
-1.71381e-02
-1.85226e-02
-1.94718e-02
-2.11111e-02
-2.17897e-02
-2.17379e-02
-2.17361e-02
-2.17524e-02
-2.16815e-02
-2.19220e-02
-2.14388e-02
-1.89358e-02
-1.72554e-02
-1.47043e-02
-1.27822e-02
-1.21806e-02
-1.05982e-02
-9.15754e-03
-9.05906e-03
-9.13956e-03
-9.09397e-03
-9.18597e-03
-8.68487e-03
-7.08754e-03
-5.94155e-03
-3.42901e-03
-2.26129e-04
1.08164e-03
3.73017e-03
5.94468e-03
7.76073e-03
9.51655e-03
9.89291e-03
9.81639e-03
9.76455e-03
1.00220e-02
9.51534e-03
7.09754e-03
6.52502e-03
5.54465e-03
3.69857e-03
3.36355e-03
2.11703e-03
4.29876e-04
2.60912e-04
3.78047e-04
4.01579e-04
1.48418e-04
6.93625e-04
2.79822e-03
2.84397e-03
3.32723e-03
3.49282e-03
3.63289e-03
4.90442e-03
5.66607e-03
6.62066e-03
6.62609e-03
5.31310e-03
5.20339e-03
6.57087e-03
6.61052e-03
6.80779e-03
8.91303e-03
9.81170e-03
1.00928e-02
1.18267e-02
1.28603e-02
1.32087e-02
1.40100e-02
1.32289e-02
1.24289e-02
1.08682e-02
8.75761e-03
7.15423e-03
6.49649e-03
4.96020e-03
2.89465e-03
1.18928e-03
2.92050e-04
-1.10395e-03
-2.72275e-03
-2.94340e-03
-2.82828e-03
-1.84314e-03
-1.11802e-04
3.01780e-04
6.07849e-04
2.35653e-03
3.43042e-03
3.51957e-03
4.86143e-03
6.53988e-03
6.70321e-03
6.58228e-03
6.66371e-03
6.54255e-03
6.71480e-03
8.38714e-03
9.75700e-03
9.81887e-03
9.75400e-03
9.79703e-03
9.71646e-03
1.02469e-02
1.19583e-02
1.29402e-02
1.29148e-02
1.30648e-02
1.21642e-02
1.00430e-02
1.13220e-02
1.28121e-02
1.16993e-02
1.12484e-02
1.17430e-02
1.29835e-02
1.47930e-02
1.61103e-02
1.76737e-02
1.91530e-02
1.93114e-02
1.92090e-02
1.92374e-02
1.92372e-02
1.92698e-02
1.87543e-02
1.77520e-02
1.75604e-02
1.77695e-02
1.74921e-02
1.62791e-02
1.53100e-02
1.38138e-02
1.28285e-02
1.15055e-02
9.62549e-03
8.22876e-03
6.62751e-03
4.18784e-03
2.02896e-03
-1.27144e-03
-4.66165e-03
-6.74717e-03
-8.33327e-03
-9.34386e-03
-1.05291e-02
-1.08826e-02
-1.02128e-02
-9.44249e-03
-8.92371e-03
-6.85652e-03
-5.92849e-03
-6.06544e-03
-6.67645e-03
-7.59992e-03
-7.58202e-03
-7.77300e-03
-9.05555e-03
-9.30893e-03
-9.21080e-03
-9.15134e-03
-9.28918e-03
-1.08343e-02
-1.23765e-02
-1.23818e-02
-1.13727e-02
-1.08915e-02
-1.06785e-02
-8.99394e-03
-7.65513e-03
-7.61069e-03
-7.66944e-03
-7.68059e-03
-7.64256e-03
-7.13529e-03
-7.01202e-03
-7.50375e-03
-7.90850e-03
-9.06936e-03
-9.39419e-03
-1.00292e-02
-1.07334e-02
-1.10778e-02
-1.22659e-02
-1.25675e-02
-1.31219e-02
-1.40059e-02
-1.40952e-02
-1.40579e-02
-1.40752e-02
-1.34610e-02
-1.25599e-02
-1.24224e-02
-1.26511e-02
-1.19214e-02
-9.52270e-03
-8.54028e-03
-7.72661e-03
-5.03547e-03
-3.12629e-03
-2.96331e-03
-2.45587e-03
-1.42051e-03
-2.54144e-04
1.05882e-04
5.52523e-05
2.44497e-05
1.13857e-04
-1.58020e-05
-1.49541e-03
-3.07678e-03
-3.73942e-03
-4.70977e-03
-5.86769e-03
-6.28735e-03
-6.37574e-03
-6.25749e-03
-4.72291e-03
-3.31918e-03
-2.95151e-03
-1.81842e-03
-1.02139e-03
-1.52113e-04
3.01803e-05
-6.43610e-05
-3.88191e-05
-4.97759e-05
-8.89483e-05
2.47521e-05
-2.12299e-04
-1.50820e-03
-1.44593e-03
-1.93153e-04
8.80698e-04
1.28393e-03
6.70578e-05
8.18079e-05
1.29039e-03
6.83582e-04
-8.64266e-05
-3.85899e-04
-1.58835e-03
-1.94459e-03
-1.71652e-03
-8.67077e-04
-2.23591e-04
-3.24556e-04
1.43005e-04
1.85669e-03
1.90429e-03
1.69261e-04
-3.79459e-04
-2.93255e-04
-8.83262e-04
-1.94351e-03
-1.82982e-03
-6.85764e-04
-6.87212e-05
1.58352e-03
3.47187e-03
5.50535e-03
8.53417e-03
1.07758e-02
1.21426e-02
1.36748e-02
1.52215e-02
1.54086e-02
1.52592e-02
1.53538e-02
1.52036e-02
1.44601e-02
1.35402e-02
1.22585e-02
1.20058e-02
1.21074e-02
1.20627e-02
1.20551e-02
1.20445e-02
1.20361e-02
1.20211e-02
1.20163e-02
1.20064e-02
1.19625e-02
1.20401e-02
1.19195e-02
1.04167e-02
8.85709e-03
8.71596e-03
8.80834e-03
8.76420e-03
8.75952e-03
8.75754e-03
8.74615e-03
8.73585e-03
8.75702e-03
8.68975e-03
8.72744e-03
1.00309e-02
1.17378e-02
1.19441e-02
1.18160e-02
1.18479e-02
1.18122e-02
1.19018e-02
1.14992e-02
9.74695e-03
8.69152e-03
8.58156e-03
7.18201e-03
5.54666e-03
5.38315e-03
5.48905e-03
5.44205e-03
5.44952e-03
5.39394e-03
5.90253e-03
7.62563e-03
9.74037e-03
1.12044e-02
1.21610e-02
1.45551e-02
1.50155e-02
1.48858e-02
1.46780e-02
1.34748e-02
1.28108e-02
1.11247e-02
9.15302e-03
8.58030e-03
8.30862e-03
7.09641e-03
6.75139e-03
6.12123e-03
5.21142e-03
5.42387e-03
6.74483e-03
6.38388e-03
5.39468e-03
5.06230e-03
4.07573e-03
3.36172e-03
2.24213e-03
1.23232e-03
-4.52029e-04
-2.51532e-03
-4.15975e-03
-4.72917e-03
-5.11686e-03
-5.19508e-03
-6.03613e-03
-7.13587e-03
-6.13656e-03
-5.67970e-03
-4.97519e-03
-4.38490e-03
-4.10453e-03
-2.86544e-03
-2.60802e-03
-2.76886e-03
-2.63047e-03
-2.80110e-03
-4.44005e-03
-5.75138e-03
-6.91581e-03
-9.22485e-03
-1.10047e-02
-1.34708e-02
-1.39399e-02
-1.37576e-02
-1.37839e-02
-1.24201e-02
-1.08114e-02
-1.00843e-02
-8.69877e-03
-7.19829e-03
-5.38881e-03
-3.93943e-03
-1.55741e-03
2.25135e-04
3.42575e-03
6.43553e-03
7.99849e-03
8.62057e-03
9.74808e-03
9.94514e-03
8.82141e-03
6.87997e-03
5.24223e-03
5.03068e-03
4.50591e-03
3.54800e-03
2.25743e-03
3.96903e-04
-1.48497e-03
-2.77234e-03
-3.69717e-03
-4.33151e-03
-4.38391e-03
-4.33794e-03
-4.94018e-03
-5.83858e-03
-6.12466e-03
-5.71338e-03
-4.75166e-03
-5.79509e-03
-6.75333e-03
-6.47311e-03
-5.98686e-03
-5.90660e-03
-6.01257e-03
-5.89178e-03
-5.06247e-03
-4.27758e-03
-4.53033e-03
-5.76864e-03
-6.08869e-03
-6.81181e-03
-7.43225e-03
-7.70721e-03
-8.92891e-03
-9.76949e-03
-1.05484e-02
-1.08563e-02
-1.05022e-02
-9.26930e-03
-9.46509e-03
-9.98162e-03
-9.06884e-03
-7.91295e-03
-7.33068e-03
-6.08254e-03
-5.25667e-03
-4.36191e-03
-3.17709e-03
-2.72289e-03
-3.16819e-03
-3.68568e-03
-2.84806e-03
-2.84931e-03
-4.14804e-03
-4.44769e-03
-4.37972e-03
-4.25446e-03
-4.62214e-03
-5.41350e-03
-4.81097e-03
-5.71196e-03
-6.79733e-03
-7.45268e-03
-7.57486e-03
-7.51250e-03
-7.54275e-03
-7.49601e-03
-7.62418e-03
-7.37036e-03
-6.21655e-03
-5.45948e-03
-4.64236e-03
-4.11840e-03
-2.24795e-03
-1.15023e-03
-1.20535e-03
-1.25042e-03
-1.16499e-03
-1.23243e-03
-2.62434e-03
-4.27454e-03
-4.45123e-03
-4.33104e-03
-4.37351e-03
-4.36795e-03
-4.36622e-03
-4.36568e-03
-4.36133e-03
-4.36580e-03
-4.38801e-03
-4.28805e-03
-4.68698e-03
-6.46435e-03
-7.35229e-03
-7.81943e-03
-1.01140e-02
-1.07710e-02
-1.16407e-02
-1.45003e-02
-1.64981e-02
-1.69800e-02
-1.70457e-02
-1.65253e-02
-1.48103e-02
-1.38131e-02
-1.38160e-02
-1.38523e-02
-1.37728e-02
-1.39602e-02
-1.36422e-02
-1.15883e-02
-1.06020e-02
-1.07108e-02
-1.00454e-02
-9.23850e-03
-1.01054e-02
-1.06330e-02
-1.09182e-02
-1.25797e-02
-1.38104e-02
-1.50150e-02
-1.64478e-02
-1.74356e-02
-1.98523e-02
-2.09352e-02
-2.17071e-02
-2.29236e-02
-2.33151e-02
-2.33365e-02
-2.26236e-02
-2.09185e-02
-2.00628e-02
-2.02481e-02
-1.95260e-02
-1.72210e-02
-1.59482e-02
-1.44829e-02
-1.22322e-02
-9.08891e-03
-7.05543e-03
-5.09182e-03
-2.44633e-03
-1.06552e-03
3.83142e-04
2.36587e-03
4.15670e-03
5.13446e-03
6.47560e-03
8.08064e-03
8.74932e-03
9.75593e-03
9.86846e-03
9.98399e-03
1.12089e-02
1.15310e-02
1.14295e-02
1.14458e-02
1.14904e-02
1.13688e-02
1.16595e-02
1.33660e-02
1.46422e-02
1.45485e-02
1.47413e-02
1.60090e-02
1.67046e-02
1.69388e-02
1.64103e-02
1.59454e-02
1.48996e-02
1.41709e-02
1.25794e-02
1.14344e-02
1.14240e-02
1.14621e-02
1.14450e-02
1.14416e-02
1.14498e-02
1.14422e-02
1.14416e-02
1.14611e-02
1.14232e-02
1.14321e-02
1.25007e-02
1.42169e-02
1.46674e-02
1.45752e-02
1.45951e-02
1.46725e-02
1.44018e-02
1.49047e-02
1.74977e-02
1.78333e-02
1.78246e-02
1.99892e-02
2.08219e-02
1.94823e-02
1.92864e-02
1.93144e-02
1.83485e-02
1.77589e-02
1.77732e-02
1.77327e-02
1.79248e-02
1.75703e-02
1.54236e-02
1.45330e-02
1.46985e-02
1.38998e-02
1.24210e-02
1.11605e-02
8.77371e-03
8.14550e-03
8.43774e-03
8.24871e-03
7.28047e-03
6.73057e-03
6.75852e-03
6.79806e-03
6.65107e-03
6.98509e-03
7.84823e-03
6.94582e-03
7.10653e-03
8.28972e-03
8.42528e-03
8.33672e-03
8.36328e-03
8.37194e-03
8.37164e-03
8.36911e-03
8.33957e-03
8.50830e-03
7.74848e-03
5.47169e-03
5.06372e-03
5.28712e-03
5.22473e-03
5.23012e-03
5.23525e-03
5.24158e-03
5.23682e-03
5.24308e-03
5.26256e-03
5.20579e-03
5.30574e-03
6.16162e-03
6.81907e-03
6.91618e-03
6.44337e-03
5.41534e-03
5.15550e-03
4.15181e-03
2.22941e-03
3.23646e-04
-9.41672e-04
-1.93210e-03
-3.56584e-03
-4.21841e-03
-4.15162e-03
-4.14323e-03
-4.14191e-03
-4.13783e-03
-4.14305e-03
-4.05751e-03
-4.53075e-03
-6.23472e-03
-7.26936e-03
-7.29001e-03
-7.15242e-03
-7.58064e-03
-9.28346e-03
-1.03817e-02
-1.03900e-02
-1.03603e-02
-1.02987e-02
-1.04386e-02
-1.10619e-02
-1.08256e-02
-1.03279e-02
-1.03000e-02
-1.02879e-02
-1.03436e-02
-1.02635e-02
-8.85962e-03
-7.16061e-03
-7.13697e-03
-6.99860e-03
-5.06844e-03
-3.98300e-03
-3.71279e-03
-2.02582e-03
-7.41022e-04
-6.99042e-04
-7.61623e-04
-6.92104e-04
-7.44648e-04
-1.31696e-03
-2.33110e-03
-3.48881e-03
-3.86826e-03
-3.82895e-03
-3.81961e-03
-3.81730e-03
-3.81610e-03
-3.80434e-03
-3.74556e-03
-4.47970e-03
-6.07288e-03
-7.12032e-03
-8.22253e-03
-8.93411e-03
-9.86504e-03
-1.01966e-02
-1.12086e-02
-1.15098e-02
-1.02049e-02
-9.94083e-03
-1.00722e-02
-1.00334e-02
-1.00243e-02
-1.00253e-02
-1.00198e-02
-1.00135e-02
-1.00061e-02
-1.00201e-02
-9.97285e-03
-1.00125e-02
-1.07282e-02
-1.15535e-02
-1.15113e-02
-1.17514e-02
-1.29883e-02
-1.32198e-02
-1.30824e-02
-1.31175e-02
-1.31401e-02
-1.26989e-02
-1.16070e-02
-1.05129e-02
-8.61794e-03
-6.93268e-03
-6.26612e-03
-4.71131e-03
-3.57559e-03
-2.26922e-03
-6.15447e-04
-3.16852e-04
9.04248e-05
1.26192e-03
2.14590e-03
3.08475e-03
5.55663e-03
6.76014e-03
8.14605e-03
9.17522e-03
1.05767e-02
1.21778e-02
1.28365e-02
1.37881e-02
1.50550e-02
1.52883e-02
1.40304e-02
1.37369e-02
1.39913e-02
1.37535e-02
1.26241e-02
1.22434e-02
1.23350e-02
1.23231e-02
1.23085e-02
1.23250e-02
1.23514e-02
1.14662e-02
9.97131e-03
9.60237e-03
9.23122e-03
9.06082e-03
9.49187e-03
1.06370e-02
1.16607e-02
1.22459e-02
1.22002e-02
1.29239e-02
1.46258e-02
1.48905e-02
1.52480e-02
1.55229e-02
1.50910e-02
1.33826e-02
1.22180e-02
1.21962e-02
1.22166e-02
1.22137e-02
1.22353e-02
1.13515e-02
9.73034e-03
8.91810e-03
7.35372e-03
6.01016e-03
5.67222e-03
3.99497e-03
2.66742e-03
2.66738e-03
2.66961e-03
2.08213e-03
1.04227e-03
-9.68018e-05
-5.61645e-04
-4.30513e-04
-5.91622e-04
-2.21622e-03
-3.66496e-03
-3.68705e-03
-3.94699e-03
-5.19030e-03
-6.16798e-03
-6.78968e-03
-6.96702e-03
-6.62626e-03
-5.42114e-03
-4.47236e-03
-3.76729e-03
-3.78397e-03
-3.58389e-03
-1.82454e-03
-6.39449e-04
-5.52840e-04
7.20605e-04
2.44823e-03
2.62855e-03
2.49292e-03
2.52732e-03
2.52400e-03
2.51018e-03
2.45326e-03
2.62053e-03
2.30540e-03
2.55786e-04
-6.73545e-04
-1.04418e-03
-2.59190e-03
-4.07951e-03
-5.88946e-03
-7.30071e-03
-8.22480e-03
-7.28201e-03
-6.92216e-03
-7.18741e-03
-7.00088e-03
-5.44885e-03
-4.02216e-03
-3.12198e-03
-1.49422e-03
-7.60325e-04
-8.34549e-04
-7.58046e-04
-9.78838e-04
-1.58422e-03
-1.32115e-03
-2.38079e-03
-3.95454e-03
-4.10258e-03
-3.97225e-03
-4.14455e-03
-3.90337e-03
-2.60616e-03
-2.48077e-03
-2.36540e-03
-1.58840e-03
-2.13389e-03
-2.91276e-03
-3.39794e-03
-2.76934e-03
-3.43463e-03
-4.16807e-03
-4.14791e-03
-4.13317e-03
-4.15023e-03
-4.20187e-03
-4.07448e-03
-4.29396e-03
-5.91551e-03
-6.79990e-03
-6.69236e-03
-7.25796e-03
-7.43196e-03
-7.36626e-03
-7.38929e-03
-7.39574e-03
-7.35627e-03
-7.48406e-03
-7.28247e-03
-5.62333e-03
-4.28196e-03
-3.28076e-03
-1.64868e-03
-1.04319e-03
-1.05013e-03
-1.65667e-03
-3.25417e-03
-4.40367e-03
-5.50196e-03
-5.80387e-03
-6.33533e-03
-7.22916e-03
-5.74476e-03
-4.27678e-03
-4.24062e-03
-4.28570e-03
-4.33480e-03
-4.24148e-03
-3.17844e-03
-2.85161e-03
-4.12903e-03
-4.39795e-03
-4.33262e-03
-4.11633e-03
-4.60466e-03
-7.11079e-03
-7.64043e-03
-7.38615e-03
-8.39169e-03
-1.01357e-02
-1.06137e-02
-1.13625e-02
-1.31107e-02
-1.42227e-02
-1.43986e-02
-1.55575e-02
-1.57434e-02
-1.44090e-02
-1.41275e-02
-1.43648e-02
-1.40649e-02
-1.29491e-02
-1.22363e-02
-1.06365e-02
-9.52310e-03
-8.11123e-03
-5.40339e-03
-4.39559e-03
-2.76840e-03
-2.04517e-04
1.71362e-03
2.90291e-03
3.21197e-03
3.62897e-03
4.69976e-03
4.98489e-03
4.80083e-03
3.43361e-03
1.80304e-03
1.72120e-03
1.68893e-03
9.03229e-04
4.80407e-05
-1.24043e-03
-1.34223e-03
-1.37847e-03
-3.02883e-03
-4.38949e-03
-4.44425e-03
-4.34882e-03
-4.36269e-03
-4.33678e-03
-4.31420e-03
-4.29300e-03
-4.27235e-03
-4.24929e-03
-4.22702e-03
-4.20475e-03
-4.18056e-03
-4.15680e-03
-4.13526e-03
-4.11533e-03
-4.04927e-03
-4.13344e-03
-3.95697e-03
-2.35117e-03
-8.82669e-04
-9.87039e-04
-6.62567e-04
1.55046e-03
2.32857e-03
2.60014e-03
3.73487e-03
4.74851e-03
5.29167e-03
5.34567e-03
5.31241e-03
5.32615e-03
5.29076e-03
5.41787e-03
5.09888e-03
4.26022e-03
4.09895e-03
2.55386e-03
2.13501e-03
2.35359e-03
2.25070e-03
2.34524e-03
2.92593e-03
2.84282e-03
2.38247e-03
3.81615e-03
4.93364e-03
3.42250e-03
2.27523e-03
2.30815e-03
2.32607e-03
2.35074e-03
2.30684e-03
1.63082e-03
8.57325e-04
9.18120e-04
6.99286e-04
-4.60649e-04
-6.74885e-04
-4.68613e-04
-7.33419e-04
-2.45992e-04
2.11468e-03
2.62216e-03
2.30229e-03
2.45321e-03
3.76340e-03
5.28541e-03
5.27587e-03
5.39214e-03
7.09387e-03
8.16561e-03
8.14955e-03
8.02532e-03
8.10697e-03
8.85005e-03
9.39841e-03
9.42038e-03
9.30052e-03
8.76372e-03
8.71583e-03
9.02300e-03
8.03451e-03
7.62850e-03
7.69169e-03
7.63487e-03
7.59155e-03
7.55332e-03
7.51444e-03
7.47170e-03
7.43060e-03
7.38860e-03
7.34508e-03
7.30284e-03
7.25713e-03
7.21506e-03
7.16650e-03
7.12421e-03
7.07602e-03
7.03319e-03
6.95915e-03
7.00231e-03
6.75989e-03
5.86398e-03
5.20364e-03
4.20427e-03
3.95501e-03
3.15127e-03
1.62026e-03
1.26765e-03
9.68205e-04
-4.97091e-04
-1.46353e-03
-1.34847e-03
-1.59047e-03
-2.36883e-03
-1.95387e-03
-2.68617e-03
-3.41236e-03
-3.07873e-03
-3.79024e-03
-4.01382e-03
-3.88313e-03
-3.87856e-03
-3.85507e-03
-3.81500e-03
-3.82742e-03
-3.71571e-03
-3.14116e-03
-2.36991e-03
-1.30510e-03
-1.33503e-03
-1.92442e-03
-1.27093e-03
-1.77361e-04
1.08453e-03
1.45564e-03
9.93753e-04
1.54291e-04
1.21306e-04
-6.08299e-06
-9.94585e-04
-1.16423e-03
-1.58825e-03
-2.91856e-03
-3.54675e-03
-3.49442e-03
-3.45013e-03
-3.43222e-03
-3.39756e-03
-3.36786e-03
-3.33678e-03
-3.28984e-03
-3.30711e-03
-3.20227e-03
-2.50407e-03
-2.08195e-03
-1.85849e-03
-9.26576e-04
-6.97116e-04
-8.40322e-04
-7.44667e-04
3.07342e-04
1.47864e-03
1.57879e-03
1.43526e-03
1.63760e-03
1.24884e-03
-5.53687e-04
-9.22018e-04
-1.19937e-03
-1.84563e-03
-1.88026e-03
-1.79401e-03
-2.07197e-03
-1.97863e-03
-8.13504e-04
-5.66129e-04
-6.78242e-04
-6.35292e-04
-6.25650e-04
-6.17712e-04
-6.09062e-04
-5.97127e-04
-5.88548e-04
-5.77948e-04
-5.68206e-04
-5.58150e-04
-5.47953e-04
-5.38221e-04
-5.27488e-04
-5.18488e-04
-5.06834e-04
-4.97711e-04
-4.88269e-04
-4.79256e-04
-4.48172e-04
-5.07011e-04
-3.73023e-04
3.49206e-04
5.88051e-04
5.55623e-04
9.79035e-04
1.50431e-03
1.54821e-03
1.49432e-03
1.49651e-03
1.45772e-03
1.49183e-03
1.42733e-03
5.32816e-04
-4.17148e-04
-2.33254e-04
1.47454e-06
2.54495e-04
1.15514e-03
1.47414e-03
1.36885e-03
6.08535e-04
-4.04146e-04
-5.11636e-04
-4.26183e-04
-4.54357e-04
-4.20226e-04
-3.97766e-04
-1.09836e-03
-1.95506e-03
-1.25120e-03
-3.46786e-04
-3.49698e-04
-2.71572e-04
2.67508e-04
6.53152e-04
1.30511e-03
1.43111e-03
1.34410e-03
1.32642e-03
1.40965e-03
1.01618e-03
-1.91818e-04
-4.70730e-04
-8.30325e-04
-1.09706e-03
-1.21661e-03
-1.81654e-03
-1.91215e-03
-1.81371e-03
-1.80059e-03
-1.72403e-03
-1.88888e-03
-2.37528e-03
-2.49215e-03
-2.85077e-03
-3.08668e-03
-3.02098e-03
-2.94858e-03
-2.89127e-03
-2.81177e-03
-2.81269e-03
-2.60662e-03
-2.13655e-03
-2.47033e-03
-2.98926e-03
-3.62628e-03
-3.82169e-03
-3.73030e-03
-3.37556e-03
-2.56308e-03
-2.04307e-03
-1.38923e-03
-6.66407e-04
-1.48857e-04
7.49815e-04
8.95171e-04
8.58870e-04
1.50039e-03
2.14006e-03
2.21391e-03
2.08133e-03
1.75428e-03
1.40538e-03
9.02920e-04
8.17120e-04
8.64511e-04
9.10555e-04
8.36049e-04
3.49337e-04
4.22777e-04
9.01031e-04
9.86337e-04
9.07560e-04
1.02891e-03
1.47758e-03
1.57993e-03
1.77805e-03
2.06410e-03
2.07258e-03
2.03557e-03
2.02274e-03
2.00571e-03
1.98549e-03
1.96725e-03
1.94777e-03
1.93683e-03
1.89379e-03
1.91568e-03
2.18248e-03
2.33957e-03
2.30840e-03
2.14270e-03
1.98019e-03
2.20430e-03
2.52864e-03
2.59723e-03
2.54499e-03
2.50051e-03
2.45752e-03
2.41222e-03
2.36780e-03
2.32362e-03
2.27942e-03
2.23539e-03
2.19150e-03
2.14792e-03
2.10419e-03
2.06070e-03
2.01853e-03
1.97483e-03
1.92562e-03
1.90645e-03
1.78741e-03
1.36023e-03
1.06833e-03
1.04255e-03
1.03218e-03
1.00910e-03
1.00531e-03
8.06367e-04
5.02418e-04
5.00244e-04
3.61905e-04
2.98143e-04
3.22578e-04
3.23534e-04
3.35732e-04
3.18327e-04
3.72589e-04
6.75677e-04
8.93045e-04
8.61585e-04
8.78662e-04
1.05981e-03
1.14755e-03
1.27428e-03
1.27548e-03
1.22242e-03
1.19182e-03
1.15921e-03
1.11429e-03
1.09560e-03
1.18853e-03
1.23268e-03
1.19498e-03
1.14698e-03
1.02414e-03
8.71474e-04
8.24595e-04
8.00672e-04
7.65701e-04
7.33635e-04
7.02403e-04
6.70763e-04
6.39871e-04
6.08872e-04
5.78835e-04
5.48216e-04
5.18890e-04
4.89525e-04
4.60638e-04
4.26992e-04
4.16700e-04
3.52634e-04
1.72304e-04
1.54677e-04
1.68289e-04
1.85364e-04
2.47212e-04
2.35016e-04
2.01640e-04
1.78593e-04
1.57733e-04
8.21894e-05
-6.08995e-05
-1.34167e-04
-1.43613e-04
-1.54500e-04
-1.66534e-04
-1.77605e-04
-1.89089e-04
-2.00649e-04
-2.05037e-04
-2.68404e-04
-3.95151e-04
-4.11412e-04
-4.07513e-04
-4.83992e-04
-5.57149e-04
-6.13560e-04
-6.75979e-04
-6.92750e-04
-7.67591e-04
-7.82224e-04
-7.47310e-04
-7.35094e-04
-7.36115e-04
-7.01677e-04
-7.17594e-04
-7.49856e-04
-7.26286e-04
-6.98757e-04
-6.71064e-04
-6.01632e-04
-5.30903e-04
-5.08245e-04
-4.96726e-04
-4.77759e-04
-4.25899e-04
-3.70938e-04
-3.55948e-04
-3.37093e-04
-3.04105e-04
-2.76325e-04
-2.59388e-04
-2.25297e-04
-1.95456e-04
-1.67180e-04
-1.45787e-04
-1.50108e-04
-1.58639e-04
-1.64597e-04
-1.70943e-04
-1.77335e-04
-1.83424e-04
-1.87595e-04
-2.04945e-04
-2.37015e-04
-2.43943e-04
-2.41623e-04
-2.45924e-04
-2.64843e-04
-2.78990e-04
-2.78148e-04
-2.76247e-04
-2.74080e-04
-2.74948e-04
-2.87231e-04
-2.94320e-04
-2.90975e-04
-2.87105e-04
-2.84016e-04
-2.80877e-04
-2.77863e-04
-2.75060e-04
-2.72354e-04
-2.69831e-04
-2.67398e-04
-2.65130e-04
-2.62977e-04
-2.61057e-04
-2.58696e-04
-2.58087e-04
-2.58931e-04
-2.54429e-04
-2.51975e-04
-2.51047e-04
-2.49695e-04
-2.48678e-04
-2.46161e-04
-2.41792e-04
-2.39755e-04
-2.40285e-04
-2.39284e-04
-2.35707e-04
-2.37021e-04
-2.40402e-04
-2.41501e-04
-2.41520e-04
-2.42194e-04
-2.44023e-04
-2.44742e-04
-2.44687e-04
-2.45372e-04
-2.45029e-04
-2.44382e-04
-2.44626e-04
-2.44161e-04
-2.43824e-04
-2.43974e-04
-2.43934e-04
-2.43594e-04
-2.43661e-04
-2.44150e-04
-2.44559e-04
-2.44783e-04
-2.45280e-04
-2.45879e-04
-2.46395e-04
-2.46822e-04
-2.47375e-04
-2.48032e-04
-2.48724e-04
-2.49313e-04
-2.49829e-04
-2.50352e-04
-2.50882e-04
-2.51418e-04
-2.51962e-04
-2.52506e-04
-2.53067e-04
-2.53651e-04
-2.54206e-04
-2.54762e-04
-2.55332e-04
-2.55909e-04
-2.56496e-04
-2.57091e-04
-2.57690e-04
-2.58296e-04
-2.58910e-04
-2.59532e-04
-2.60160e-04
-2.60795e-04
-2.61435e-04
-2.62082e-04
-2.62734e-04
