1.495642065074801460e-05
-8.232358960388377675e-06
-2.270519417902522894e-05
-3.277676920520281457e-05
-9.044609376675391782e-06
9.298253120781484887e-05
2.289957220160371938e-04
2.613670167615117544e-04
1.971407934927634929e-04
2.643022624590225106e-04
5.318159418942328999e-04
5.850069534184462999e-04
1.906682275476757817e-04
-6.198849522221051107e-04
-1.244908171606110697e-03
-1.070793290738989529e-03
-2.248192927557361742e-04
3.880312278163863598e-04
1.509990274035957183e-04
-3.406186505943021160e-04
4.019572439032425876e-05
1.342456946246888038e-03
2.201169741256937557e-03
1.251341586833531637e-03
-1.427921904786161105e-03
-4.108296430285589274e-03
-4.230965151883434375e-03
-5.233085967579724626e-05
7.257379115182769139e-03
1.312131011967631287e-02
1.245648860859267792e-02
4.073949611489194669e-03
-7.667012016003726949e-03
-1.561182482704151150e-02
-1.464776485768244652e-02
-5.398111533183104147e-03
5.597684961808737161e-03
1.020678255870386547e-02
5.366960259450330624e-03
-3.778446343304685436e-03
-8.408357308213527601e-03
-4.216119622995158876e-03
4.829103467632849499e-03
1.049804273559529037e-02
7.644833663509198289e-03
-2.002262932959146449e-03
-1.195641754996124885e-02
-1.627040338584853987e-02
-1.353863560745505873e-02
-6.739478608100347122e-03
2.292708351672097819e-04
5.532250356929837957e-03
9.015796564727585408e-03
1.003719646355604768e-02
7.232301493325881889e-03
6.243015764259298404e-04
-7.046071052532121119e-03
-1.172394693722040096e-02
-1.052223153034838841e-02
-3.308658893852334075e-03
6.861745241246478347e-03
1.452004886788808846e-02
1.465263224420319116e-02
6.479041685415300525e-03
-5.470889542943302777e-03
-1.449624099903661263e-02
-1.602777474906439542e-02
-9.656598581458843492e-03
1.094400115364607771e-03
1.011716974034691276e-02
1.168733572556435348e-02
4.633593248624535976e-03
-6.046468580296565296e-03
-1.291804382605994152e-02
-1.194774090442426648e-02
-4.633423948223813933e-03
4.719968196817687749e-03
1.249331144574962471e-02
1.669756945941922727e-02
1.615612561536145658e-02
1.045809842230003596e-02
1.153390723741040420e-03
-7.735197752394351763e-03
-1.153507117766536597e-02
-8.116197722943269827e-03
4.772165626615165876e-04
9.476018541539166923e-03
1.439159218884057505e-02
1.328468500637265855e-02
7.540936123841359730e-03
1.097362872377235501e-03
-2.132327965813516236e-03
-1.301666130948027529e-03
7.253622762541759054e-04
-3.817999149423269203e-05
-5.627915664612587014e-03
-1.482246170867704792e-02
-2.317415628902406294e-02
-2.439819818624123712e-02
-1.438587830031621932e-02
4.212902915381448732e-03
2.244944476118516247e-02
3.162129397027788058e-02
2.921426552301852400e-02
1.859944783602551083e-02
5.004445776405202877e-03
-7.074418288377943773e-03
-1.465749963072393754e-02
-1.705701537270127438e-02
-1.572303402776551243e-02
-1.242485059620782907e-02
-8.224867417656447910e-03
-4.531833126515808982e-03
-3.324075811593044192e-03
-5.139060757528964886e-03
-8.121678823416631984e-03
-1.015075470734006120e-02
-1.064952426914094266e-02
-9.439534305183662488e-03
-5.567210889678849209e-03
1.229861598491978477e-03
8.934151446479594166e-03
1.457454243437035502e-02
1.652985624995439301e-02
1.481780594765720431e-02
1.004013805801858526e-02
3.161103013348413697e-03
-4.060775924058045334e-03
-9.332737496153466206e-03
-1.092463742031354358e-02
-8.924035747536477464e-03
-5.616318587163157856e-03
-3.824369077000419701e-03
-4.035613652000797497e-03
-3.625430524877493697e-03
1.755497017632368453e-04
6.883415692538842612e-03
1.296290843225116410e-02
1.501451185074561406e-02
1.223470508364737919e-02
6.467751464942178390e-03
8.633960673450105346e-04
-1.732292281458464034e-03
-5.162582931954222621e-05
5.221584121605700804e-03
1.189472871644831585e-02
1.706103625721841488e-02
1.835660757374046534e-02
1.557775312139629033e-02
1.088834364690884939e-02
6.584896760966480606e-03
2.975994187709433102e-03
-8.005993743348552511e-04
-4.661083401191705618e-03
-7.773279761281667172e-03
-1.052122630921910502e-02
-1.461348152653632257e-02
-2.074649435542676168e-02
-2.698658968777361070e-02
-2.983263523665417166e-02
-2.669147792676576994e-02
-1.772776239781016783e-02
-6.057229737017431372e-03
4.035148075898812962e-03
9.670936209144956330e-03
1.056280013887130227e-02
8.201514543631912083e-03
4.731522949166937046e-03
2.363211387297599417e-03
2.298252939795730147e-03
3.513565285100695833e-03
3.511269148415909359e-03
8.379396358415087866e-04
-3.801206665926695847e-03
-8.900947405388067932e-03
-1.332933798706298009e-02
-1.567044509079136561e-02
-1.389416644897041933e-02
-6.997016261423037731e-03
3.371247135744100815e-03
1.350033139179179602e-02
1.972635362832866543e-02
1.999067387895526321e-02
1.437720165477923695e-02
4.944598084750117216e-03
-5.071986055018075715e-03
-1.266208278271897109e-02
-1.641684823247272287e-02
-1.700421481022622652e-02
-1.620236578730854457e-02
-1.478817837753092397e-02
-1.122419331684032517e-02
-3.080452534954660881e-03
9.887894672669686816e-03
2.425058939936209149e-02
3.472827376177060887e-02
3.751749786365898148e-02
3.254874272798090329e-02
2.351614309848169479e-02
1.564050008241373371e-02
1.223216557763655635e-02
1.255013289274181307e-02
1.310014756958611214e-02
1.148618568695700289e-02
9.052661726984713789e-03
9.872234385602939033e-03
1.684094573628033484e-02
2.831295251467690066e-02
3.816538933467045897e-02
3.923483880347872210e-02
2.731672546918073249e-02
3.499883696467381670e-03
-2.515930930023528231e-02
-4.693388033904396378e-02
-5.065542058515609680e-02
-3.339037734506815347e-02
-3.573180188704789661e-03
2.481763992902900548e-02
4.144198696513614472e-02
4.323434914502563564e-02
3.191206740851722928e-02
1.161919231427391112e-02
-1.117160437986617835e-02
-2.891354568623678151e-02
-3.635302854494571606e-02
-3.248134000594361109e-02
-1.977354611502981155e-02
-3.025006653718337064e-03
1.166299879296062506e-02
1.928405633144348111e-02
1.843639038758052018e-02
1.071978393544040578e-02
-2.362259072543540419e-03
-2.053857230079054325e-02
-4.281437833848561469e-02
-6.571553773134609922e-02
-8.422620866974321607e-02
-9.397209205003261012e-02
-9.259980648943359760e-02
-8.027738263566233656e-02
-5.987012395818147592e-02
-3.645566691288319033e-02
-1.576102080517742185e-02
-1.811768238322210550e-03
4.888020007083966958e-03
7.261664531576035066e-03
9.438497340229242902e-03
1.417943762418631681e-02
2.198397447195121063e-02
3.178107122345889823e-02
4.182450005801650189e-02
5.031279889919575837e-02
5.625831153428702963e-02
6.006841705252665559e-02
6.243915172638132144e-02
6.227313152092370241e-02
5.631788411279094186e-02
4.180048056366413023e-02
1.971312703452228823e-02
-4.808332424719318106e-03
-2.556404307071035928e-02
-3.890142282680762037e-02
-4.500565458757538329e-02
-4.685547309095977608e-02
-4.842478199289856206e-02
-5.269030558907929207e-02
-5.987710759971124480e-02
-6.730876031488682021e-02
-7.130520208667065485e-02
-6.884188125617135556e-02
-5.724776656375433342e-02
-3.401573070023356654e-02
8.575012390173852991e-04
4.234277090972550506e-02
8.169030029243454227e-02
1.109086925127206608e-01
1.257637445485366157e-01
1.256103160603826430e-01
1.124408611392511415e-01
9.050841747676956206e-02
6.546878239729436721e-02
4.281765853374959463e-02
2.676776891984094381e-02
1.958424710447297101e-02
2.052121900971657850e-02
2.543071900514210296e-02
2.848161803889579652e-02
2.491541091044572817e-02
1.257880814811403354e-02
-7.816260900514864288e-03
-3.257657148134951441e-02
-5.563412211937657226e-02
-7.108341856172535611e-02
-7.635575047844735119e-02
-7.345224860607189876e-02
-6.741012892981887439e-02
-6.344976930593883291e-02
-6.446726471427564886e-02
-6.982382358035663095e-02
-7.618761401798071486e-02
-7.997496979487336843e-02
-7.921650399964060008e-02
-7.326421934852046791e-02
-6.135922679527840845e-02
-4.263555479022342054e-02
-1.791759047211926095e-02
8.883647020689330182e-03
3.192137893055692344e-02
4.645804040026581261e-02
5.130500506017478951e-02
4.892040891601105029e-02
4.361125416213210149e-02
3.938921960638672864e-02
3.863985370769274647e-02
4.158102491922874983e-02
4.613996727241010537e-02
4.838478477322807891e-02
4.412328206156448940e-02
3.151981954259537588e-02
1.291169506103288095e-02
-6.096666149110519656e-03
-1.953440929901054807e-02
-2.332694990067530824e-02
-1.590122269952499653e-02
1.266102465521446114e-03
2.288295959978291216e-02
4.107703878883063597e-02
4.941169751635503954e-02
4.642978839589539941e-02
3.563963898140507652e-02
2.299268742200059890e-02
1.449147942526631851e-02
1.416420058812137284e-02
2.202164381111176850e-02
3.366072892247046894e-02
4.280220987218374962e-02
4.458727097229212705e-02
3.694282881595959550e-02
2.058735197874845407e-02
-8.126313421886385011e-04
-2.151966812297222142e-02
-3.676866102871725189e-02
-4.538277123018275017e-02
-4.885840264424675533e-02
-4.850583455974402658e-02
-4.461785085717246552e-02
-3.786794969315269294e-02
-2.973772119949962336e-02
-2.112900744830712926e-02
-1.174352229605383525e-02
-1.510064342961272860e-03
8.179008171610983868e-03
1.525407191776667788e-02
1.848305381052940677e-02
1.758417449544815922e-02
1.232856099329741710e-02
2.593131912752578202e-03
-1.024738291105191552e-02
-2.252002186573598061e-02
-2.976681970587364764e-02
-2.969285659330839558e-02
-2.374819046022074234e-02
-1.572525609552498371e-02
-8.943103205167748232e-03
-4.812416796886726661e-03
-3.633123111835281742e-03
-5.658781243919144312e-03
-1.072697920247107396e-02
-1.728609997742769355e-02
-2.265239361655018227e-02
-2.458887276255394133e-02
-2.249018267010879923e-02
-1.728821623243671085e-02
-1.064349294236523538e-02
-4.271925267583016710e-03
4.606431115583764155e-04
2.797054245421746500e-03
2.646323982404296272e-03
5.476148436640717416e-04
-2.506323132282577658e-03
-5.415644705932835465e-03
-7.391147594302924402e-03
-7.952526560545661663e-03
-6.694465864058492428e-03
-3.452680628491190586e-03
1.131931897949577407e-03
5.736119783223781431e-03
9.353053544240059330e-03
1.188435906690411825e-02
1.355334357976774838e-02
1.436884244749360787e-02
1.459708055021641769e-02
1.510921426239925959e-02
1.634616531517145421e-02
1.728155002915830046e-02
1.623495611444745329e-02
1.281561708362337348e-02
8.558791295529713170e-03
5.669722282315777830e-03
5.642824681151134038e-03
8.836994179015483786e-03
1.444883688683456548e-02
2.051592837219403179e-02
2.461744220517570955e-02
2.540140887326717070e-02
2.347508775130670994e-02
2.058819848075206516e-02
1.798171299889256974e-02
1.570017847366809646e-02
1.307051999945983353e-02
9.171521189566322896e-03
2.772749056643151674e-03
-7.203954257480059235e-03
-2.031255626582720644e-02
-3.389774948348070471e-02
-4.450875791145748883e-02
-5.003779156077361318e-02
-5.013513929118853379e-02
-4.513516939412740708e-02
-3.566048409324392571e-02
-2.326832963692545414e-02
-1.027070404125131516e-02
1.712695760074938725e-03
1.234295152735875520e-02
2.138581499365170557e-02
2.770770358209717968e-02
3.012129241988450307e-02
2.872636293068896174e-02
2.469436807475358653e-02
1.910544440868219493e-02
1.266663273098836417e-02
6.367081214163096241e-03
1.515619512359950207e-03
-1.095024410592268516e-03
-1.457665868937937361e-03
1.866536917955648471e-04
3.452257377489386346e-03
7.021480169327309201e-03
8.433921668722487580e-03
5.561232469278367188e-03
-1.621612144486717652e-03
-1.099172270409947728e-02
-1.968328783889510686e-02
-2.516819757127316745e-02
-2.542690974612586349e-02
-1.948986213107067877e-02
-8.369534610073054229e-03
5.040083510757099698e-03
1.750873000437659643e-02
2.681718347430155774e-02
3.185111926425745338e-02
3.233214402780770075e-02
2.900306327311832910e-02
2.349910724565908854e-02
1.737572337705968820e-02
1.115583828004898005e-02
4.505760864804682006e-03
-2.767521906770872148e-03
-9.954979956455620518e-03
-1.559806916948287998e-02
-1.845755293767071745e-02
-1.846728771071221020e-02
-1.664148870168019601e-02
-1.407648181799749446e-02
-1.137571717548615732e-02
-9.185467310075764655e-03
-8.578980368315764979e-03
-1.024006066872070603e-02
-1.351874281037027115e-02
-1.676359661570065232e-02
-1.844961698138689390e-02
-1.784669592931709473e-02
-1.497430300557423336e-02
-1.030742106565781316e-02
-4.392541221822111701e-03
2.308093525587673420e-03
8.996200043344058581e-03
1.424535896771729135e-02
1.674656076287803913e-02
1.630542740624782092e-02
1.370550231491628711e-02
9.861060559155313682e-03
5.707793709928047840e-03
2.497233817018836444e-03
1.245384328983140197e-03
1.800467436574043666e-03
3.039428931604807888e-03
3.844547568511425678e-03
3.483757833298649353e-03
1.524931034399638289e-03
-1.869383280942780176e-03
-5.763694585991311660e-03
-9.190175977470833521e-03
-1.185250942901836663e-02
-1.372380792074430998e-02
-1.445423333710756791e-02
-1.370095236664689402e-02
-1.164945476090289631e-02
-8.708897263319503521e-03
-5.198686242408104112e-03
-1.865256583675191111e-03
-2.086839064394631284e-05
-3.012615980640524793e-04
-1.606523246272404705e-03
-2.049444838385247603e-03
-8.943007973692341161e-04
1.062486989828585922e-03
2.906845555289704324e-03
4.640449914853760939e-03
6.645506304424814159e-03
8.775506389728408158e-03
1.045213058317460107e-02
1.140375755435567295e-02
1.188203118639419471e-02
1.212656445268645890e-02
1.196213143848560458e-02
1.120144357549335973e-02
1.038883339585481257e-02
1.082072929937066136e-02
1.353281590618025422e-02
1.798922570417458774e-02
2.182070539800531894e-02
2.210449519471490223e-02
1.730673346376563476e-02
8.189875141082301330e-03
-2.939382976053387352e-03
-1.357037943259035984e-02
-2.166272696158197397e-02
-2.577672669911687184e-02
-2.550203679894607472e-02
-2.189212900455974123e-02
-1.696273621204943613e-02
-1.249394632225233129e-02
-9.398161519757320878e-03
-8.012956222328228642e-03
-8.291836307416885696e-03
-9.402806699502119087e-03
-9.728117419488676101e-03
-7.919862164481438621e-03
-3.913600969455748903e-03
1.344224019179419754e-03
6.993143514756531079e-03
1.258304065813207334e-02
1.756248288160570589e-02
2.116699422571903522e-02
2.307691437135959631e-02
2.355328337388999660e-02
2.271186038230364052e-02
2.025806269934494336e-02
1.613305843576313958e-02
1.074581387205135290e-02
4.338851832243274635e-03
-3.062549017578351882e-03
-1.058190992160275290e-02
-1.636394185724722103e-02
-1.914819275986439848e-02
-1.927918894492273647e-02
-1.765856085901521336e-02
-1.456681810358743077e-02
-1.029118938973862946e-02
-6.019126565580026900e-03
-3.095097019617079441e-03
-1.851246975515478911e-03
-1.900100722398705578e-03
-3.034540382533972014e-03
-4.961771494148314518e-03
-6.821155470173475427e-03
-7.911026799818778737e-03
-8.579509432068019303e-03
-9.647932517196906518e-03
-1.111457130737308896e-02
-1.198657418383978525e-02
-1.122493400609348227e-02
-8.463538657573724255e-03
-4.175551014472245019e-03
5.249740894500711484e-04
4.268454609368223067e-03
6.035400566599390462e-03
5.559751090772052998e-03
3.311103168387751795e-03
2.357698542999102310e-04
-2.618177790784330123e-03
-4.409767537595535129e-03
-4.515855401197707911e-03
-2.600771593335140554e-03
1.071290610666109176e-03
5.398608853110224877e-03
8.936807346515912923e-03
1.071629211467552481e-02
1.046028874623437278e-02
8.318829140056936342e-03
4.915034002274106667e-03
1.559404828496574425e-03
-2.017764500900218400e-04
3.260556417497308926e-04
2.559070788382401557e-03
5.340231958686408008e-03
7.907164634427317484e-03
1.009558393925490821e-02
1.182520973940200983e-02
1.267456868727218945e-02
1.214190730150185339e-02
1.021305725480561172e-02
7.468221601731433491e-03
4.594865781959470326e-03
2.126783377689883854e-03
4.461520553841119086e-04
-5.185131629075331264e-04
-1.556336258733495310e-03
-3.433338057708747691e-03
-5.713835617978799651e-03
-7.028400323206804821e-03
-6.735986787335465284e-03
-5.527584014634948952e-03
-4.404868407249653423e-03
-3.842769914303848997e-03
-4.141246520776030275e-03
-5.446732492015339197e-03
-6.980752841678718700e-03
-7.254215313944284253e-03
-5.601113294923349209e-03
-2.746306450305446584e-03
3.798857622866683571e-04
3.397245328529911301e-03
5.739696254189024724e-03
6.525228950987161519e-03
5.727041049235085182e-03
4.441426712530473914e-03
3.332604319279395318e-03
1.850622680287817732e-03
-4.865788748214211847e-04
-3.057692212332650903e-03
-5.069922706384281941e-03
-6.462556058895034192e-03
-7.173131003273682665e-03
-6.410654904798818339e-03
-3.573423558030826893e-03
7.994206202948310296e-04
5.713264229126364599e-03
1.063090122506156476e-02
1.495917178225973990e-02
1.745550619089974304e-02
1.714155976031162334e-02
1.437265170650984560e-02
1.019493153065335368e-02
5.302996451802700212e-03
3.432893644156853846e-04
-3.525532707176703973e-03
-5.496305765601633246e-03
-6.194024460800485674e-03
-6.966669164593690226e-03
-8.337483927961446967e-03
-9.865356556823624140e-03
-1.100399698315179461e-02
-1.137127303996721649e-02
-1.064582082287515719e-02
-9.070491175435707598e-03
-7.623597044493681495e-03
-6.855227175818696603e-03
-6.085037327835954302e-03
-4.602431393616717055e-03
-3.067987792951533312e-03
-2.535210013155700902e-03
-2.489858668312401688e-03
-1.292851928835458877e-03
1.396865862528792702e-03
3.931261117506020669e-03
4.715926149750459921e-03
3.918637656377216456e-03
2.674978075226427249e-03
1.440259671488747792e-03
-1.569076113887795765e-04
-2.239717326246237067e-03
-4.210024808569180939e-03
-5.337586639925132916e-03
-5.331343687648522865e-03
-4.182386518151380052e-03
-1.840676281745423724e-03
1.649091715778842329e-03
5.733506208287640800e-03
9.425101446022144530e-03
1.193292711936112631e-02
1.307126068871299063e-02
1.298491748434497418e-02
1.166289298021017280e-02
9.026705859299082729e-03
5.478190622724422344e-03
2.054629663157346835e-03
-2.101335411206418544e-04
-1.109012856201890785e-03
-1.304374937359573062e-03
-1.453327546169446392e-03
-1.443359985076962020e-03
-6.691936939322713470e-04
1.088781458315659549e-03
3.312796172394967889e-03
5.226144651150139292e-03
6.380646408770914921e-03
6.696000148940031878e-03
6.159667060729044803e-03
4.678817618167293441e-03
2.278402467811122423e-03
-5.165926614868474650e-04
-2.602813779418844831e-03
-2.907078343340696591e-03
-1.345493772184831825e-03
9.392225424457019368e-04
2.366904252288339495e-03
1.969841906220960205e-03
-2.556065706269592774e-04
-3.652317544767092958e-03
-7.429420066141050917e-03
-1.098685531757873091e-02
-1.386760744860721963e-02
-1.545575102012628627e-02
-1.528158323288393745e-02
-1.385035997028370713e-02
-1.262811688982420043e-02
-1.257002568982660065e-02
-1.307612807523373701e-02
-1.294661326868171147e-02
-1.192075865305926297e-02
-1.050570357872794222e-02
-8.826391741420294354e-03
-6.525768596014461242e-03
-3.548398842549165336e-03
-1.764935514972597850e-04
3.438300675704899188e-03
7.019109963717206670e-03
9.746497094242013298e-03
1.085977420428708116e-02
1.036788247126551286e-02
8.710040041024375360e-03
6.223704937301991272e-03
3.537362572677125831e-03
1.634828157018047498e-03
8.464120627701204273e-04
5.043649400447297593e-04
1.712304252898270084e-04
3.755167538205465123e-04
1.488594935894764883e-03
2.853431278862039386e-03
3.762955356638659262e-03
4.356448492643275744e-03
4.890982764096595339e-03
5.048770737569126602e-03
4.708381700643303122e-03
4.473329256791450798e-03
4.657845531027905543e-03
4.537039113837997711e-03
3.362782115708020346e-03
1.376084238340216127e-03
-6.659939163586331033e-04
-2.249240473786826618e-03
-2.857621463779898893e-03
-1.898354812016264225e-03
4.303669092718316624e-04
2.876953453287297256e-03
4.312917127107733506e-03
4.757944392954551772e-03
4.874401906100922152e-03
5.019397118043928893e-03
5.132235835124876119e-03
5.087942617786086856e-03
4.927562231927504893e-03
4.956427950250538207e-03
5.586976711463094609e-03
6.817494349007869811e-03
8.042604955004598044e-03
8.756957414574346316e-03
9.073221144397344146e-03
9.107314012592656119e-03
8.286196487817846026e-03
5.891971383363059367e-03
2.090817623811589213e-03
-2.206798979580930527e-03
-6.266908283311133955e-03
-9.753956893148809509e-03
-1.233215862681275206e-02
-1.368560951783149952e-02
-1.394802513894998104e-02
-1.359101291892830451e-02
-1.282683323517117870e-02
-1.150925286655531989e-02
-9.657815428089029652e-03
-7.783099184523519648e-03
-6.433394064870737519e-03
-5.571125961445535721e-03
-4.614261259117138046e-03
-3.123528905663263550e-03
-1.186478370807068352e-03
8.987967811358971680e-04
2.991178317399151819e-03
4.881798217357447706e-03
6.074276171115088226e-03
6.179379976138066680e-03
5.309588586155798012e-03
3.807692987529342262e-03
1.793356819743736289e-03
-5.817003049668525430e-04
-2.696087718941401860e-03
-3.780255741337397880e-03
-3.569984643641169880e-03
-2.291967662418940670e-03
-1.730165445174398843e-04
2.476240567329358183e-03
4.763033986251245452e-03
5.494676249244687810e-03
4.269385761572193003e-03
2.035244767274723646e-03
2.742539516389391101e-04
-3.904638629492548246e-04
-5.320370905426755320e-04
-8.575266340774935839e-04
-1.165167682866236586e-03
-8.639843862375180296e-04
-2.646144100728529372e-04
-4.830076944936998861e-04
-1.761993920510059779e-03
-2.798186441851572073e-03
-2.379220856440835818e-03
-1.040705435148247572e-03
-3.342571880371879474e-04
-9.098044815653148114e-04
-2.140634266723919626e-03
-3.301844552723288972e-03
-4.213103959607305236e-03
-4.840478338306332222e-03
-5.005419253709351805e-03
-4.631138392814072857e-03
-3.842642939003307247e-03
-2.755956573146577885e-03
-1.376454582966794458e-03
2.798313417152113280e-04
2.134264339146769562e-03
4.003023324861888776e-03
5.634275010914692981e-03
6.972732235194532835e-03
8.223682314851396211e-03
9.390754627225749926e-03
9.981094543266927355e-03
9.569747475888661786e-03
8.404950137649004616e-03
6.968743094502530266e-03
5.302224018724407788e-03
3.366062310972001582e-03
1.653112600295980226e-03
7.293260218860704060e-04
4.590559203016113818e-04
3.566080153149527683e-04
3.256080538153231460e-04
4.499390937227532483e-04
4.814501308070611124e-04
2.522660620952212312e-04
1.463072900485983463e-04
4.902854954697196408e-04
8.164480080974059924e-04
3.355470454651856573e-04
-1.168394971754992346e-03
-3.279443993452812577e-03
-5.449388392051659688e-03
-7.303323011428593768e-03
-8.771548992861541785e-03
-9.959519323449968209e-03
-1.063672092633637101e-02
-1.013554941510025342e-02
-8.461274264714073109e-03
-7.008369969546429656e-03
-7.115970955480051957e-03
-8.182373017075325258e-03
-8.393532941875342032e-03
-7.294127883414401603e-03
-6.412517209206755608e-03
-7.062821210928514615e-03
-8.639812118550044967e-03
-9.543675214177536545e-03
-9.003077872123375208e-03
-7.442900610548508142e-03
-5.484581712851662773e-03
-3.174456582455330040e-03
-3.001283435067222363e-04
2.856383454599622368e-03
5.518293655145350800e-03
7.258966306439534714e-03
8.338975887742804821e-03
8.965514345713269592e-03
8.777866014063466157e-03
7.590403584677202393e-03
6.086867888418757110e-03
5.135061035561917786e-03
4.883184364388355909e-03
5.029512816987044728e-03
5.313344938796808747e-03
5.388292109941251670e-03
5.074007078551690496e-03
5.256153147178042710e-03
7.191627072052517514e-03
1.021447514566165352e-02
1.168405553030037354e-02
1.029498806747982005e-02
7.968588936064124190e-03
7.222333932233398167e-03
8.052720653947714746e-03
8.895646186590474083e-03
9.192218163554538232e-03
9.228109848507517685e-03
8.567711310392732774e-03
6.632470173569250671e-03
4.365146300730348046e-03
3.606553530197035336e-03
4.845970020054739778e-03
6.685355386244660851e-03
7.485617217905577228e-03
6.869956310681476185e-03
5.736564196775674300e-03
5.240556347761565585e-03
5.632010618055040968e-03
6.030586086453870211e-03
5.566851126327315193e-03
4.442453096209848101e-03
3.205639600013239325e-03
1.459898517972453395e-03
-1.644488861134223764e-03
-5.827404443037858574e-03
-9.865610507424705036e-03
-1.334319945737206213e-02
-1.694040972170427276e-02
-2.076987897327643370e-02
-2.359571428682084859e-02
-2.414498827441199577e-02
-2.233029960417733453e-02
-1.893720213546510461e-02
-1.497811226459046935e-02
-1.158141716236290447e-02
-9.577365993921135509e-03
-8.691025489768329851e-03
-7.752910806819849655e-03
-6.084465938983519250e-03
-4.137511330685110338e-03
-2.574392474647706121e-03
-1.466575302525911567e-03
-7.408024727999859430e-04
-6.953167457636142421e-04
-1.533618261211665409e-03
-2.839739108953679824e-03
-3.915495017688821501e-03
-4.393133773224637550e-03
-4.388647312605515119e-03
-4.319900768637499784e-03
-4.529653383856518424e-03
-4.605521125929885884e-03
-3.281539085911742547e-03
3.082293676812508220e-04
5.358622214714791471e-03
1.000190791128063861e-02
1.300798466394329118e-02
1.418568057646292686e-02
1.358328858814538201e-02
1.148999494597323888e-02
9.080712687129274818e-03
7.714088108679378018e-03
7.422298868035698792e-03
7.177003749940189317e-03
6.804934375529336256e-03
7.304190675982291311e-03
8.955102371068892134e-03
1.031681723789786183e-02
9.832353559957957012e-03
7.694523331120987387e-03
5.479862464181547640e-03
4.352628652351994351e-03
3.966348625555572369e-03
2.921288995726265946e-03
2.317457954002586761e-04
-3.455855011004720437e-03
-6.188289409726040885e-03
-6.628100106975624156e-03
-5.414523090778055291e-03
-4.320546226415251760e-03
-4.435353060654585906e-03
-5.598214025560991486e-03
-7.136054215515651514e-03
-8.407838825736316940e-03
-8.826190697194436982e-03
-8.092866011468824797e-03
-6.464979170880361982e-03
-4.508564902691633743e-03
-2.736032032236654539e-03
-1.718748249400735935e-03
-1.960212945929918835e-03
-3.144437505152380789e-03
-4.023371116773616363e-03
-3.811354108694946577e-03
-3.183260203292853294e-03
-3.146193996809867541e-03
-3.332297462303087428e-03
-2.450707950645531364e-03
-2.281640337974923040e-04
2.165775376231077534e-03
3.688452599046109642e-03
4.405841884553803219e-03
4.750071924320997153e-03
4.751500396452086085e-03
4.474397965571005713e-03
4.397260470492226833e-03
4.748654033464954488e-03
4.935794463912593528e-03
4.183783246457333654e-03
2.522946315378429838e-03
8.406389191055138078e-04
2.117778712626503933e-04
1.255923278928060055e-03
3.810613419441789915e-03
6.981324230531153752e-03
9.777108722947487965e-03
1.173018988949700928e-02
1.270832295466605907e-02
1.232422267052892678e-02
1.016350514376940586e-02
6.601149599435754238e-03
2.854891494818263212e-03
3.702271744255010384e-05
-1.484531726277446475e-03
-1.924141379301172808e-03
-1.861955225861119945e-03
-2.265779006682318211e-03
-3.926584193936086264e-03
-6.506944507709228574e-03
-8.598068988497124809e-03
-9.101896399769562884e-03
-8.202318720535338101e-03
-6.793898105657296752e-03
-5.524716489097727425e-03
-4.825103745665801531e-03
-5.203934554830473569e-03
-6.716570147627705899e-03
-8.327410554118511860e-03
-8.690200150314811300e-03
-7.667445848280577021e-03
-6.325105296059185117e-03
-5.279135676575999123e-03
-3.924256313426163593e-03
-1.717743028271451460e-03
5.138076698949770775e-04
1.270525438490297887e-03
-9.750062983932212060e-05
-3.011780059911962036e-03
-6.192130412567412208e-03
-8.003020405060878514e-03
-7.123155641235675607e-03
-3.831119930479193712e-03
-2.747830153911940852e-04
1.415689950834025587e-03
1.056426035482752653e-03
-4.028471291345354086e-05
-8.316786953973231413e-04
-9.874625753763129326e-04
-2.076331858274846755e-04
1.686306060112459110e-03
4.069505475970252098e-03
5.886670164565464651e-03
6.737880835568537882e-03
6.985577903099284350e-03
6.963685245030972783e-03
6.809621880374316059e-03
6.789453970138354180e-03
6.951400384703610921e-03
6.640194504352174044e-03
5.159472037090963130e-03
2.859176911211529139e-03
8.981111145129746717e-04
-1.846654702145904985e-05
-1.672910165905362582e-04
-2.072067604431671571e-04
-4.346258724774844178e-04
-4.710074704650519107e-04
7.263473929608746859e-04
4.105587623874043524e-03
9.086394831828492613e-03
1.312808213570517725e-02
1.338626524680561897e-02
8.993247867606477333e-03
1.804086232639467904e-03
-4.622758022978353844e-03
-6.660912640890480178e-03
-2.573016908891842883e-03
5.823246001945133962e-03
1.367333523877918219e-02
1.647218830095859704e-02
1.336446782021271339e-02
7.060747281019675442e-03
1.097966005054806316e-03
-2.140115784246710267e-03
-1.657302785213840167e-03
2.064417342574064416e-03
6.728876170505156823e-03
9.122212447856156009e-03
7.312412326692334548e-03
1.860251640578858886e-03
-5.118638896691922111e-03
-1.155655116600691826e-02
-1.603221888458333799e-02
-1.754396565027677851e-02
-1.545458707987132363e-02
-9.761903430707680185e-03
-1.594524080371261454e-03
6.301434983783296001e-03
9.951519879515872274e-03
6.254305984732420540e-03
-4.579660489719660811e-03
-1.881678722545186352e-02
-3.166139700269881424e-02
-3.989056041802357261e-02
-4.268814372719757083e-02
-4.122210806969896224e-02
-3.781165730991276758e-02
-3.430131931370082599e-02
-3.009272297726272791e-02
-2.224914122458141949e-02
-8.629241424779989997e-03
9.011500567059274949e-03
2.563641899201884317e-02
3.673511838682428504e-02
4.142410461030992391e-02
4.227938907220535336e-02
4.273470133739601384e-02
4.428454069325181430e-02
4.539874895550084777e-02
4.287056490897509647e-02
3.454278401023000433e-02
2.105694896524999693e-02
5.326529207503002614e-03
-9.275429310509205119e-03
-2.026017895435396066e-02
-2.647942917486196396e-02
-2.812439419337321722e-02
-2.634822136430272493e-02
-2.257938281873899181e-02
-1.794287971947704924e-02
-1.300459865592885900e-02
-7.782496051845949267e-03
-2.219327209234329187e-03
3.056337809126878028e-03
6.712602169485793260e-03
7.831635493155393243e-03
6.722326361252239750e-03
4.141775584528286334e-03
3.362993741208922249e-04
-4.451214391947191928e-03
-9.085262635398667908e-03
-1.219449623847600021e-02
-1.332912636156207732e-02
-1.256208973354277711e-02
-9.438169320702842480e-03
-3.507565702150124316e-03
4.205041028022938644e-03
1.121943174307003105e-02
1.509683417059649348e-02
1.444248812180750664e-02
9.203095714300901092e-03
1.097870773579400546e-03
-6.559258331532203702e-03
-1.062402339628225161e-02
-9.884011344728134765e-03
-5.071330015965280075e-03
1.925072531505141659e-03
8.110843597770448984e-03
1.002935573874762752e-02
6.293118101597847645e-03
-5.017429000885540455e-04
-5.703963288361721048e-03
-6.479994000169358656e-03
-3.147601306390865675e-03
2.573810504520225237e-03
8.984391340393728387e-03
1.424345433820917335e-02
1.661344832281068384e-02
1.575350809989540038e-02
1.307591644973283423e-02
1.026800581611481480e-02
7.920708666485046234e-03
5.823330652145495417e-03
3.890248095431212642e-03
2.171383452004980574e-03
2.864784986985431854e-04
-2.487647181827975802e-03
-6.475867302901769373e-03
-1.122302937658536427e-02
-1.589159373923395777e-02
-1.971735954454032977e-02
-2.188810812004260420e-02
-2.121640878017965262e-02
-1.653980264849678680e-02
-7.768920275963085188e-03
3.431909585577659193e-03
1.417044354039798289e-02
2.160040325156633439e-02
2.400076549554727712e-02
2.116053964794152586e-02
1.427096565332643466e-02
5.558195643340422751e-03
-2.333308704020146517e-03
-7.142995531945237932e-03
-7.758624695344203646e-03
-4.722867466180045472e-03
-9.977846091828081610e-05
3.507396401749403141e-03
4.357792314574004088e-03
2.396023921212455006e-03
-1.090590856348371560e-03
-4.486143180871066984e-03
-6.564051649127634024e-03
-6.683260293785730881e-03
-4.918758611089982941e-03
-2.243632398012923579e-03
-1.487621458590615738e-04
3.373860710680240361e-04
-6.405808680828163192e-04
-2.029202859223971402e-03
-2.826851115948748015e-03
-2.774590198500999014e-03
-2.354492416660436752e-03
-2.296856211489776978e-03
-3.044465618526275875e-03
-4.608039469390619661e-03
-6.698338610724998213e-03
-8.765422434610427652e-03
-9.986205299113710965e-03
-9.673242927104785602e-03
-7.921131917486850041e-03
-5.503046037805361425e-03
-2.936727076017066861e-03
4.560635357188571476e-05
3.836812656453457340e-03
8.142238240829260607e-03
1.210667165560166958e-02
1.492668726787128343e-02
1.600936333048591856e-02
1.501726298225733967e-02
1.215947221807671917e-02
8.128514327095765282e-03
3.481535765539178501e-03
-1.526052649554418897e-03
-6.355166698462313794e-03
-1.013971843746802083e-02
-1.253521329492822238e-02
-1.388792349669381102e-02
-1.420324549303779264e-02
-1.272779250074904285e-02
-9.022039517004193723e-03
-3.786212999187789103e-03
1.767517346083602014e-03
6.685598755570697216e-03
1.016820322988943107e-02
1.142788286145850207e-02
1.012185724519189256e-02
6.437520762138327669e-03
8.319728548435769431e-04
-5.548471451573976261e-03
-1.041308567825818300e-02
-1.154417107420415041e-02
-8.745444987325278613e-03
-3.764785917221461636e-03
1.698061856687565346e-03
6.780608024200651500e-03
1.041338195395944549e-02
1.122503981884393452e-02
9.174674409529763250e-03
6.093999667799153766e-03
3.841785855724654235e-03
2.691241494970745846e-03
2.070998895652116385e-03
1.922141518317648824e-03
2.571419136360032776e-03
3.854568035979135526e-03
5.157387525907078558e-03
5.983520575053264540e-03
5.972262098405278601e-03
4.730835166289005210e-03
2.200259751603058853e-03
-9.730836807175266383e-04
-3.837553345706614435e-03
-5.796739907957158648e-03
-6.681059388576350393e-03
-6.477983557910790141e-03
-5.446415053763986776e-03
-4.302346433337679403e-03
-3.858176250769514148e-03
-4.412074255555367003e-03
-5.673023640129848562e-03
-7.144646210852273298e-03
-8.309168435940759642e-03
-8.679142717892683601e-03
-8.104547739118613675e-03
-6.942533276215817443e-03
-5.489470261922498213e-03
-3.415053614430814746e-03
-2.692722873477059928e-04
3.587105146664141490e-03
7.107876280070550903e-03
9.482335562741091295e-03
1.038024140051818991e-02
9.590846538328591867e-03
7.340939444213924643e-03
4.748199038638014485e-03
2.941065398785558047e-03
1.787452468268570542e-03
5.034898685985000682e-04
-6.894028711409078743e-04
-7.199404309210665929e-04
5.333026110380694644e-04
1.925855545858479265e-03
2.657772922003094618e-03
2.996871043373415880e-03
3.289570273670973377e-03
3.468002314756495584e-03
3.558948373769130376e-03
3.598120253986090630e-03
3.080240909453759411e-03
1.699945323645592980e-03
3.500148228343508941e-04
3.518676040947479396e-06
-4.298822868747661179e-05
-1.184012933721559835e-03
-3.028519637033309699e-03
-3.749972132158321467e-03
-2.823401620284045604e-03
-1.573657805982324291e-03
-7.916952313844036367e-04
2.616632924627745166e-04
1.975651026220720183e-03
3.291496065729181738e-03
3.184297168247272880e-03
2.000432372376344508e-03
5.041173382086744977e-04
-1.333261818232696089e-03
-3.900892858126583235e-03
-6.907773787692663564e-03
-9.434381224236697283e-03
-1.077544144217763324e-02
-1.084876967824017525e-02
-9.918707345601017120e-03
-8.165517045928480377e-03
-5.617778803119382117e-03
-2.489752855561951170e-03
6.097734857890075221e-04
2.955762789823202299e-03
4.196565426711813644e-03
4.462441124770043406e-03
4.181952685874530846e-03
3.890734834083287540e-03
3.904850254993450474e-03
4.054628203256842138e-03
4.049062452583119393e-03
4.080975578119140808e-03
4.521780915222963805e-03
5.026856916950724237e-03
4.732009687819011511e-03
3.465854315922339921e-03
1.910428046842723316e-03
4.817506390183420124e-04
-1.000516694399452991e-03
-2.364936135129950406e-03
-2.959847161990610421e-03
-2.744137288921200991e-03
-2.449872029916968716e-03
-2.396669378990205681e-03
-2.068501714741472972e-03
-1.067237982323835949e-03
4.304124087545255868e-04
2.190503816011476600e-03
3.922044826941738574e-03
4.775117802352749075e-03
3.951587746867657458e-03
1.819291524879276551e-03
-4.434051563824038941e-04
-2.179393477214121473e-03
-3.390452149950956996e-03
-3.912331216450336616e-03
-3.561128116428420934e-03
-2.858171690082244448e-03
-2.558753350131048269e-03
-2.596803615193227915e-03
-2.442031305108549859e-03
-2.219422440709734740e-03
-2.536035352609218585e-03
-3.327620538733153024e-03
-3.833553623739566901e-03
-3.609230592783445758e-03
-2.729619779559323747e-03
-1.191208200752227799e-03
1.059651208116499073e-03
3.464044917889627911e-03
5.086397751629502008e-03
5.691001226431474484e-03
5.876014820595048226e-03
5.957448313342138431e-03
5.440732909064767246e-03
4.040184762820280516e-03
2.537834169366885630e-03
1.906788088227208931e-03
1.989935747531605160e-03
1.915962053691310733e-03
1.629495194395317020e-03
2.001860844507433006e-03
3.313409886347583669e-03
4.633889524325798467e-03
5.017016331158780963e-03
4.446653862402754308e-03
3.294151965765501795e-03
1.720324859382455895e-03
5.183015374066311418e-05
-1.097077177951017975e-03
-1.515735906385446341e-03
-1.564780116219485198e-03
-1.444227649630660214e-03
-1.120102032449155766e-03
-1.062031995001646570e-03
-1.973471283561429191e-03
-3.543785406629502022e-03
-4.601648379263379232e-03
-4.848911614517277362e-03
-5.287198608160366582e-03
-6.509357038419511833e-03
-7.783268484924241691e-03
-8.348329734882673631e-03
-8.508096406788638946e-03
-8.749994935594671702e-03
-8.752640254355946794e-03
-7.973223534533876999e-03
-6.454620102611208915e-03
-4.553895084984842592e-03
-2.479975757420278554e-03
-6.184913982986654096e-04
3.645217509211830654e-04
2.262678693094103929e-04
-4.262232819641704790e-04
-8.215883915143156998e-04
-8.205768216200041813e-04
-7.820482829257859123e-04
-9.059983969315922852e-04
-1.024566874449460950e-03
-8.913867142218136154e-04
-4.100074779575546579e-04
4.213178028532621076e-04
1.629421125470001397e-03
3.187471550760802731e-03
4.874147955499840389e-03
6.328692348299473809e-03
7.290456180973751456e-03
7.638040484930243984e-03
7.205393310886192698e-03
5.808590936007670437e-03
3.633302993511048316e-03
1.434831477390611327e-03
3.267772847078067200e-05
-3.659988969174790639e-04
-2.718583509687284567e-04
-3.080304397104029527e-04
-4.959560007663888848e-04
-1.999987958824450229e-04
1.029803547469280772e-03
2.600655199309644637e-03
3.321673862157806766e-03
2.857124143852779463e-03
2.047984622429023776e-03
1.497768901358866468e-03
7.440265873062278015e-04
-5.792644954514704477e-04
-1.652583536543725251e-03
-1.534962083142393319e-03
-6.709607668648029551e-04
-1.658128124667357795e-04
-1.177262080242786067e-04
2.285523665916474765e-04
9.998130396089537075e-04
1.587191256765006992e-03
1.849628040433578440e-03
2.285290877865482715e-03
3.033450511204326735e-03
3.674495897261622485e-03
4.012027989925268968e-03
4.138918640266108472e-03
3.780181672412081823e-03
2.484081292137777040e-03
5.184242801971542924e-04
-1.225798388874660069e-03
-2.309405603693266001e-03
-2.982290046361267977e-03
-3.317705884015894561e-03
-2.894264419261080839e-03
-1.617316146818406977e-03
-1.903634868263769065e-04
6.188501035226943222e-04
7.692385913561877557e-04
6.375419258898635177e-04
3.362401189806397050e-04
-1.793007637667247997e-04
-5.841255332071894563e-04
-3.515110151257280790e-04
4.453521109907023477e-04
9.244309780601565841e-04
3.340254581137002418e-04
-1.000932538508725409e-03
-1.880578269940496108e-03
-1.483568830248342294e-03
-1.937865293034667698e-04
8.728451459602847885e-04
1.116377423633280576e-03
1.038534157508992856e-03
1.499916900193021914e-03
2.545198736798274988e-03
3.329821443942533512e-03
3.257413778808913862e-03
2.702954966445671788e-03
2.202058568360725464e-03
1.419097121398547705e-03
-3.173292642200368379e-04
-2.710795691254090645e-03
-4.606145421157547062e-03
-5.398037464257788957e-03
-5.538175870955094719e-03
-5.605113016890397176e-03
-5.677404287998520475e-03
-5.662188414483666429e-03
-5.486264135583833468e-03
-4.817559296558645600e-03
-3.306077062741329207e-03
-1.285709568180016388e-03
4.097376554439046336e-04
1.462385117608051843e-03
2.315098329667529195e-03
3.392769449185833834e-03
4.502607644841242519e-03
5.189279488893010044e-03
5.270723562915144780e-03
4.984309609994377194e-03
4.762123996597366314e-03
4.756029182171389244e-03
4.569597697151771103e-03
3.829680877073060249e-03
2.925468599369080488e-03
2.608707549618965397e-03
2.779383516096429335e-03
2.576900236833394500e-03
1.674476194612037252e-03
5.613874312627739702e-04
-5.642274454848788482e-04
-2.064777105925597565e-03
-3.702843133107445572e-03
-4.371378671731912698e-03
-3.559763131947602660e-03
-2.169616379072448857e-03
-1.263340752734675105e-03
-7.552469713640519097e-04
-7.931998886958168261e-05
5.109062842776106650e-04
1.369502685262163671e-04
-1.404717168612256741e-03
-3.207110397244508550e-03
-4.168535629117344279e-03
-4.015826667666460431e-03
-3.188201658738914861e-03
-2.023129207348083828e-03
-5.223933164665712755e-04
9.319235789195919268e-04
1.277456173644838473e-03
-1.625421403502953538e-04
-2.586370477998759226e-03
-4.408508365865168241e-03
-4.852255297431528822e-03
-4.242572810607908931e-03
-3.029408464137098474e-03
-1.491282579756220052e-03
-2.549219621315413427e-04
-1.452131862089350107e-04
-1.210381471133949302e-03
-2.577323487835198740e-03
-3.413995486926304796e-03
-3.623980890196314836e-03
-3.575063655662817294e-03
-3.552959372093603390e-03
-3.586226900835398114e-03
-3.565942596573941185e-03
-3.474266429583194697e-03
-3.473642134355533952e-03
-3.596257949578153361e-03
-3.499259401239720492e-03
-2.829168415183624854e-03
-1.675195721315104200e-03
-2.873578026547909600e-04
1.311178697213572332e-03
2.972174347418152143e-03
3.993965753423283326e-03
3.758733427895663993e-03
2.580762402224856186e-03
1.408092595351643529e-03
9.424572382269889772e-04
1.421319189158018774e-03
2.710816853804181442e-03
4.055633424386126396e-03
4.307689977235453979e-03
3.154563785370541589e-03
1.721076129910657955e-03
1.390993254878762067e-03
2.328600036625077217e-03
3.644720189284711333e-03
4.516246908374376388e-03
4.744971749749258942e-03
4.625487991939989524e-03
4.713100949313418254e-03
5.345289808157965492e-03
6.180998911219966717e-03
6.534603960677120259e-03
6.240063588521715422e-03
5.716967675392150075e-03
5.156350560952658972e-03
4.226087184087642598e-03
2.753036141234130232e-03
1.179960305379286608e-03
1.550146212832111603e-04
-3.792180838313225535e-05
3.440702625140137048e-04
7.188981753291243072e-04
6.419892357913190148e-04
2.133047492516583184e-04
-1.278979877251332903e-04
-3.102228798997477073e-04
-7.175226095732612852e-04
-1.439106312508831855e-03
-2.001786775582116949e-03
-2.084214908183446447e-03
-1.955948692086743705e-03
-1.840189543093349043e-03
-1.437000638774856920e-03
-4.838880565774522223e-04
6.656203973495409794e-04
1.436587969048098079e-03
1.584408381428145836e-03
1.128715190335867046e-03
1.016562139877842696e-04
-1.332542291529629358e-03
-2.856013109973044254e-03
-4.229536679752346311e-03
-5.263835152860784489e-03
-5.546461009315406879e-03
-4.773869211897427585e-03
-3.378167289623596001e-03
-2.232405665190072535e-03
-1.677650577125567319e-03
-1.447888770796264962e-03
-1.596650916655326536e-03
-2.598898707652157886e-03
-4.206448337603936778e-03
-5.140901899386813093e-03
-4.527357247171731949e-03
-3.042476338817796857e-03
-1.989671215655477565e-03
-1.690379851004822701e-03
-1.444650900632464237e-03
-7.882764214173317756e-04
-2.476663818331161949e-05
4.101937083983484391e-04
5.505500893615824978e-04
6.444610216418544682e-04
6.848021327512983239e-04
4.162440814691366342e-04
-2.719144317264674546e-04
-1.026151949451216752e-03
-1.187610567236893925e-03
-3.920626936085694933e-04
1.007000899747090283e-03
2.248933616810518728e-03
2.923077231208888026e-03
3.102630887449190408e-03
2.875091148879359553e-03
2.136899076632999689e-03
1.002311278647102007e-03
-3.050719152077929874e-05
-5.794708303148499769e-04
-7.499044855937809194e-04
-8.203524985890480814e-04
-8.443815160889657848e-04
-7.577092340670467429e-04
-6.460418641335923494e-04
-6.218615344005298242e-04
-6.476798455105738442e-04
-6.431425947712349515e-04
-6.350352218316793760e-04
-6.537090560312718924e-04
-6.384582643087691580e-04
-5.464297408590204760e-04
-4.615425199372099382e-04
-4.516405627500052924e-04
-4.881607754406635732e-04
-4.943254262819388872e-04
-4.558497939629461483e-04
-4.334301883973881329e-04
-4.645825202576671386e-04
-4.171646523980603039e-04
2.484049548312642077e-05
9.614474525504301122e-04
1.962339782213984134e-03
2.543643289366645174e-03
2.841072349609362335e-03
3.304542777859789757e-03
3.726968440210273823e-03
3.335217894215534648e-03
2.022155730043934466e-03
7.144339353875965842e-04
1.387755384714961233e-04
-1.192668416708451816e-05
-2.554626652863459528e-04
-3.043746091823208494e-04
4.305510234576164288e-04
1.826127028558411150e-03
3.102101823696935649e-03
3.712101748771908395e-03
3.770383411720319277e-03
3.703689635111053619e-03
3.779853652885684003e-03
3.920288335284251822e-03
3.839352162464281480e-03
3.383468508421191151e-03
2.586582103499661563e-03
1.437931790978825989e-03
-1.142026434342603014e-04
-1.769929876793884839e-03
-2.904263724178699890e-03
-3.256535532980170920e-03
-3.298109362632369035e-03
-3.602151719778273926e-03
-4.204353245145007675e-03
-4.788682996960567755e-03
-5.208749034975993820e-03
-5.450256056605358099e-03
-5.373922738430006105e-03
-4.851197169927018438e-03
-4.040988939723708269e-03
-3.352190259387875446e-03
-3.115095629452318843e-03
-3.256514370430080556e-03
-3.290808282851249902e-03
-2.728730952455535406e-03
-1.663122486488644892e-03
-5.724840144025704477e-04
4.556519241196027321e-04
1.769506625792080816e-03
3.269053181358524181e-03
4.240128536072490344e-03
4.395239446958612919e-03
4.339687752971836850e-03
4.535875173583036810e-03
4.676743688258453401e-03
4.537293064439080342e-03
4.551419066624289543e-03
4.851239495027199165e-03
4.676129974305837621e-03
3.510105208160948457e-03
2.063740140971177979e-03
1.306586423843998949e-03
1.204709907709775605e-03
1.122514563159438374e-03
9.438962916331226569e-04
1.020630640132683641e-03
1.411616159941661780e-03
1.675862341642945456e-03
1.279487778453497569e-03
6.537598461514884348e-05
-1.413002306972569984e-03
-2.237876184388389294e-03
-2.191413805665355305e-03
-2.157426750220493850e-03
-2.853695810738166982e-03
-3.742787446402698250e-03
-3.946265365519971945e-03
-3.581930903167087222e-03
-3.212199990541201363e-03
-2.630007656284751982e-03
-1.365735751346108242e-03
1.485198346605287676e-04
1.091447939627024572e-03
1.486235311559707534e-03
1.818550835626119456e-03
1.895550774129312489e-03
1.245860486360169696e-03
1.444502762781832883e-04
-8.248421335906838724e-04
-1.803028105134957737e-03
-3.166901552073128276e-03
-4.528976182253631987e-03
-5.228673575885917600e-03
-5.389096286844679423e-03
-5.486962499736809835e-03
-5.331333106373478334e-03
-4.440051146774611109e-03
-3.113116931018884790e-03
-2.145025495867636505e-03
-1.642965157527729279e-03
-9.891079636458260330e-04
-2.457913798951244849e-05
5.150319234176951692e-04
2.440338301101333684e-05
-9.965053330298556059e-04
-1.390718141727589289e-03
-6.046955318948640194e-04
7.883928154428278007e-04
1.851204650415298183e-03
2.248013045881595059e-03
2.318082249230247940e-03
2.516713944376866054e-03
3.017102441259646682e-03
3.690674666805580928e-03
4.298209154795044722e-03
4.770049371606146192e-03
5.165133019240091862e-03
5.170984464340032567e-03
4.068034678738983306e-03
1.902724878609890523e-03
1.766237011803144870e-04
2.878043324616942535e-04
1.504223479136377554e-03
1.836845860179097583e-03
8.071248466551684923e-04
-2.065274425852717320e-04
-3.970718692149198558e-04
-5.590330975652392119e-04
-1.306639330219224425e-03
-1.961398048734970100e-03
-1.862685333839232075e-03
-1.378295724824642014e-03
-9.099695494560183914e-04
-1.416875053639076907e-04
1.126546028951621670e-03
2.378712955238670990e-03
3.145252263330853941e-03
3.545742942512845278e-03
3.789122849825191791e-03
3.841447254923211450e-03
3.734883233944008736e-03
3.583676813549529008e-03
3.212824285768862542e-03
2.354555904310707409e-03
1.110610628733700892e-03
-1.868991773766111482e-04
-1.432651734731320986e-03
-2.615892235374588613e-03
-3.502782965829739394e-03
-3.846854286471257552e-03
-3.758839240646115378e-03
-3.585126448230707870e-03
-3.572111479925234746e-03
-3.709075504109009790e-03
-3.663925203491567514e-03
-2.970650643811657658e-03
-1.616734176690926526e-03
-3.003061089274799045e-04
2.805106595731067802e-04
1.953229304400153153e-04
-4.341994470931669401e-05
-2.661053117267075311e-04
-5.673520960056969075e-04
-7.632686359757422274e-04
-5.431696500176252593e-04
-2.489287279459966325e-05
3.773272099807631385e-04
5.206431735741117849e-04
5.514727765455151821e-04
5.126596015525837317e-04
3.881391568218464346e-04
4.421544496720731187e-04
1.022895032992335003e-03
1.980370274890834881e-03
2.673581346920474080e-03
2.645466899125643260e-03
2.085262454412911432e-03
1.523259192942512559e-03
1.207640920897268440e-03
9.616643686888546065e-04
5.281960877013041006e-04
-6.775550174729093637e-05
-5.530218752121179512e-04
-7.365445677218376407e-04
-7.254553914745727689e-04
-7.179405699375427177e-04
-7.229328155038208543e-04
-6.225863517411190382e-04
-4.758230087380769407e-04
-4.754727685340841411e-04
-5.911885342997938398e-04
-5.569295400862732913e-04
-3.673416607207022496e-04
-4.241504101828353799e-04
-9.469860239462919195e-04
-1.603740370935543549e-03
-2.115884664393431064e-03
-2.822650349755843543e-03
-4.063283686243733712e-03
-5.278945213625188017e-03
-5.548312732448299617e-03
-4.876729786610845691e-03
-4.221198635016807157e-03
-4.149542240411389568e-03
-4.185031836912655144e-03
-3.656317266734140925e-03
-2.566932675740910344e-03
-1.440079789812981001e-03
-7.238787814928528087e-04
-5.237043364446590781e-04
-5.770741715171348162e-04
-4.126390410612710462e-04
2.106753024029509448e-04
1.023234691921282892e-03
1.650107518183171768e-03
2.143057378709247850e-03
2.721715567100634232e-03
3.152172417210349128e-03
2.893417917257472792e-03
1.940097942069183732e-03
1.059958065092806963e-03
1.093966283087758565e-03
2.190355678160844921e-03
3.808095075981055705e-03
5.227657773481587944e-03
6.025856256508709680e-03
6.183062259853762226e-03
5.874247747662516075e-03
5.226176394975274621e-03
4.356691861969312109e-03
3.508613248379589301e-03
2.864086622832455378e-03
2.233823556046115634e-03
1.278609532624754410e-03
1.251733094010200114e-04
-6.425934265963942826e-04
-7.908148693006512462e-04
-8.158290035072677301e-04
-1.164024905161366048e-03
-1.547945307622730898e-03
-1.467654592580511881e-03
-1.053470685362656095e-03
-8.035589569649697304e-04
-7.982672613149152012e-04
-7.644177624456401348e-04
-6.859385616911420347e-04
-7.413759779074303351e-04
-8.128958740647659886e-04
-6.898007270826036130e-04
-5.256470585429395565e-04
-5.632592588182521853e-04
-6.240931253075412966e-04
-4.921001841399543506e-04
-4.458155708376777587e-04
-6.709290230396676262e-04
-5.461091282251539364e-04
5.785883519760886802e-04
2.099663569749292327e-03
2.645868987577357136e-03
1.826169353658591444e-03
6.029125870497645300e-04
-7.935099200546382109e-05
-2.259758261181656330e-04
-2.726138540069485464e-04
-3.049819743699096392e-04
-1.141656089716024358e-04
3.819660409605350076e-04
8.388189397977566155e-04
5.975425899643762402e-04
-6.793273810429636440e-04
-2.315108910942574594e-03
-3.033164816778108775e-03
-2.410329805073429914e-03
-1.403595553457476133e-03
-1.044992967796521972e-03
-1.159570188367378945e-03
-9.349043240997966615e-04
-2.656577237922998387e-04
2.071908885305994927e-04
1.908036678682530746e-04
9.941933244325011144e-05
2.776336108883440909e-04
4.612060353907757341e-04
2.394669518006681751e-04
-3.340275743687092565e-04
-9.003903211576893542e-04
-1.304279705884167076e-03
-1.574260938659894672e-03
-1.585360696182204618e-03
-1.146523476236770492e-03
-4.273491296289691705e-04
1.275488056486449981e-04
3.610595577264263489e-04
4.910018477902730128e-04
6.370107458825995279e-04
6.598197423698171690e-04
5.915609951813811853e-04
6.393555564325936660e-04
7.228576884510006699e-04
6.153074926375947220e-04
5.381075680360494209e-04
8.322871187124164386e-04
1.019336550194668064e-03
1.833068344987996755e-04
-1.424080901944789783e-03
-2.363708707224718847e-03
-1.966011484654633847e-03
-1.252251576487410124e-03
-1.363397289561141040e-03
-2.103049577763724514e-03
-2.573090977817158939e-03
-2.377157507807041176e-03
-1.615221054359477007e-03
-5.158255190460777403e-04
4.675357541227546281e-04
8.973884134273944725e-04
9.933605780864517443e-04
1.266081302971355750e-03
1.453115920668544489e-03
8.188192718350129767e-04
-3.797069387384061816e-04
-9.711758768268950650e-04
-6.091851668964999187e-04
-2.453998727184557565e-04
-4.886813741728824895e-04
-6.926936476799339668e-04
-1.878557246406882032e-04
6.419479688186431740e-04
1.112885602868397437e-03
1.264208417288373298e-03
1.451253616260606569e-03
1.620448204231756534e-03
1.584323731227785031e-03
1.526761594982440663e-03
1.645970239640537737e-03
1.645557569913779113e-03
1.145211398131178128e-03
3.556112592057042985e-04
-1.411743135242202987e-04
-1.540834690792423629e-04
-2.592676917925639243e-05
-9.595110792171768134e-05
-3.802328281081476346e-04
-8.073470534311155775e-04
-1.314808074554041752e-03
-1.638362302883110714e-03
-1.376274701291027884e-03
-5.678081489601406046e-04
6.034310695269744587e-05
-1.221100302754635680e-04
-8.491367410942336248e-04
-1.361894748504736703e-03
-1.456851110759464643e-03
-1.564293377567410517e-03
-1.803853444588475637e-03
-1.630955410351540846e-03
-6.492225954121495692e-04
7.199711166186974686e-04
1.719584170129299016e-03
2.097854171716580316e-03
2.177954423807987577e-03
2.291988824969031033e-03
2.420318528716004433e-03
2.380818628972645925e-03
2.237770371637938776e-03
2.283999962309980498e-03
2.537336849439765767e-03
2.446105096000913449e-03
1.510339456112445421e-03
8.356392666467041199e-05
-9.254023391092968233e-04
-1.168373809204901982e-03
-1.111372480536948135e-03
-1.145423023632080031e-03
-1.133032350554268085e-03
-9.867292930156876599e-04
-9.653942681422523868e-04
-1.108314492048914201e-03
-1.106600325491608177e-03
-9.334652706936629818e-04
-9.156622754302822355e-04
-1.010332943258792325e-03
-8.389480313533068372e-04
-5.889929197279355089e-04
-9.300263563040054270e-04
-1.774564475263638733e-03
-2.153077846176957265e-03
-1.715616191987386378e-03
-1.329907554043399231e-03
-1.694104459820697890e-03
-2.290412214987311290e-03
-2.290348727337040632e-03
-1.711775189146015055e-03
-1.108198098023418067e-03
-7.313650335872611073e-04
-5.259306367141482847e-04
-4.508247464440281213e-04
-4.364204567251334338e-04
-4.023614486099653703e-04
-4.093662526898215787e-04
-4.984902161396903260e-04
-4.679854583121713352e-04
-2.589142772060575417e-04
-2.676723985608868710e-04
-6.602990741293601360e-04
-7.386883340459749489e-04
2.453141643905904445e-04
1.895307404803275256e-03
3.072177977869392819e-03
3.325938116000981895e-03
3.220834310978003441e-03
3.317473095964902294e-03
3.578417919852114586e-03
3.751866180391394065e-03
3.769949579443470072e-03
3.720217586731500246e-03
3.734756258643467421e-03
3.874291532663201934e-03
3.881698425194772019e-03
3.305272885837901888e-03
2.107483132007621253e-03
9.025520756494032331e-04
2.921818059478521030e-04
2.317616673128263134e-04
2.963243751280087790e-04
2.966174764467580734e-04
3.326149741501884232e-04
4.329000665176285963e-04
4.653337907858692531e-04
3.870715061697958099e-04
3.373712572829608790e-04
4.215897416219212008e-04
5.397296775004631429e-04
5.632433869056845208e-04
5.528261216237836040e-04
6.299033034348058358e-04
6.926947058074385283e-04
5.947914584526503047e-04
5.111623511337020937e-04
7.132139143748965219e-04
9.616908218764673444e-04
7.227317712779640245e-04
2.488197408130321181e-05
-5.408364788701806479e-04
-7.726838545108723547e-04
-9.920241630482556569e-04
-1.111383061811993100e-03
-5.754732246028111328e-04
4.389493814609123383e-04
8.623813230681853315e-04
2.002178282758785590e-04
-8.797504860547170893e-04
-1.890111998756131059e-03
-3.248631320521481406e-03
-5.044622877751447389e-03
-6.217483147575472019e-03
-5.908404103508099574e-03
-4.736919399439937749e-03
-3.874312695213291864e-03
-3.561667761455721091e-03
-3.268672255456900669e-03
-2.763194165277425927e-03
-2.323774975204511567e-03
-2.236130274005947507e-03
-2.452020028751123945e-03
-2.473309554141865565e-03
-1.657196972463388998e-03
-6.620195894516933666e-05
1.183790726945612749e-03
1.157125913831960574e-03
4.019741739433147052e-04
2.002993040937258687e-04
8.074570986915845586e-04
1.412822425296803410e-03
1.566451957676610928e-03
1.618300205397601088e-03
1.787981532020825517e-03
1.857669809467854451e-03
1.818413279050533392e-03
1.932712212087704011e-03
2.048788799332451529e-03
1.627431845761522378e-03
5.739865554589745683e-04
-6.062319330314124835e-04
-1.420451524604320580e-03
-1.661524713956835002e-03
-1.240188922935995999e-03
-3.724831022651163559e-04
2.202524144462710215e-04
-3.512845758397629102e-05
-8.083173563527511468e-04
-1.310120569709062165e-03
-1.347715839944302677e-03
-1.351376961109907425e-03
-1.494319405694163839e-03
-1.494435799719659973e-03
-1.274937830184104696e-03
-1.176859991791072381e-03
-1.314480055027643498e-03
-1.278916389601062300e-03
-7.184251923346082758e-04
1.313136233096916022e-04
6.828795150756036478e-04
6.148630790857005516e-04
1.843903570634179104e-04
8.421404020344135566e-05
8.375068616921641429e-04
2.040736449023130335e-03
2.510164135123948981e-03
1.642213886999527219e-03
3.671575465349175373e-04
6.519515062462807420e-05
7.291810584179525198e-04
1.103923262905197539e-03
6.305455868300433682e-04
2.142962147233841701e-04
6.657939302602806182e-04
1.365481800745025611e-03
1.199197063411278552e-03
1.740894858070130187e-04
-5.992800353267817509e-04
-2.442221768059361507e-04
1.094654065965689968e-03
2.496027551663695249e-03
2.958249389458800747e-03
2.200968697031080185e-03
9.901481029827594125e-04
3.917579528872706181e-04
5.789809172802618279e-04
7.769290620589664603e-04
4.552921607680693664e-04
-4.310695059348262898e-05
-2.290507446462716843e-04
-1.650160424558397678e-04
-1.313369021147908181e-04
-1.262197975029804079e-04
-5.325492242548582946e-05
-7.066609307394660828e-06
-5.550989795034710119e-05
-7.716659358515336024e-05
-9.546193557638268546e-06
5.093603599935215534e-05
9.356651177755393421e-05
1.933389413690590503e-04
2.466897301464534664e-04
1.018576814646429728e-04
-1.018943984890494672e-04
-8.602650680591654854e-05
1.333939019835582527e-04
3.010404494156099014e-04
3.490667405903099792e-04
3.970983224025325937e-04
4.469234303348997169e-04
4.199771553050478824e-04
3.823215718020503439e-04
4.446611537302573147e-04
5.480761872560381380e-04
5.907896202305934312e-04
6.245777477046069630e-04
6.833757768752188409e-04
6.814732636221098585e-04
6.170862049726760735e-04
6.419807707712829560e-04
7.686597956112207726e-04
8.096453063709112838e-04
7.845719170240421717e-04
9.219835291422249623e-04
1.071914905893770137e-03
6.201357284406739485e-04
-6.493866051753484792e-04
-1.977841350155055706e-03
-2.429608888205602151e-03
-2.061835511463059982e-03
-1.763665761967185726e-03
-2.058269621772861220e-03
-2.538564277344997327e-03
-2.613543192314576446e-03
-2.354619391960978067e-03
-2.297448762892302827e-03
-2.609871489873926732e-03
-2.913363620717486068e-03
-2.886529507203112500e-03
-2.686479921200451287e-03
-2.570350427580477860e-03
-2.382786746131034146e-03
-1.695278981350704190e-03
-4.346078843099077387e-04
8.528507686350637407e-04
1.536845550100421169e-03
1.570917255745643212e-03
1.474648815385322907e-03
1.619432401827426878e-03
1.805303079269654281e-03
1.684062829802897895e-03
1.275371662460953685e-03
8.291942120167335997e-04
3.383838853047769590e-04
-3.756024621484118785e-04
-1.162797477256134271e-03
-1.575033371738187096e-03
-1.376623883367516284e-03
-6.907625649842032318e-04
2.450908994871388519e-04
1.109520757404055613e-03
1.565118717020928417e-03
1.695733976177643326e-03
1.969185867168163698e-03
2.324790777608841223e-03
1.905507753946751679e-03
4.184989511812474308e-04
-9.203222689601441974e-04
-7.950304492786191462e-04
4.515686100796986301e-04
1.524983940774863982e-03
2.030610168804969536e-03
2.423768024380707278e-03
2.593756207980239380e-03
1.917422269647534342e-03
5.215193031478459291e-04
-6.886822863103365814e-04
-1.129339485563528008e-03
-7.808039249804820184e-04
2.730127680761488466e-04
1.678571148054490989e-03
2.552076565577589880e-03
2.382860815056350202e-03
1.747613967723768815e-03
1.365915633021874817e-03
1.028856523352744473e-03
3.061385077323390438e-04
-4.487296539850983137e-04
-6.911498396508538970e-04
-6.532519449493236338e-04
-7.742541157275650539e-04
-8.559807097934043910e-04
-6.127436496941670750e-04
-4.712772929787019892e-04
-8.743847214793469373e-04
-1.382835091818989705e-03
-1.311009396812850723e-03
-8.249405394486034352e-04
-5.566978101627855858e-04
-5.794951672474535917e-04
-5.040898268935571983e-04
-2.912125611537209327e-04
-2.390183057387559212e-04
-3.903792127488940741e-04
-5.096037293195588127e-04
-5.234853040512256776e-04
-5.552217222939942031e-04
-6.673102269742434969e-04
-8.776024872205617517e-04
-1.286101075356685299e-03
-1.871351398101168831e-03
-2.295925059285808343e-03
-2.086659182718864601e-03
-1.111414805637128429e-03
1.816498068267370213e-04
1.030131566995679026e-03
1.014426838573741609e-03
4.809221251823106447e-04
1.384475189450980323e-04
1.869933507245125190e-04
2.069655073721388854e-04
3.745993572741363663e-06
4.155372522961239368e-05
6.846423554981173349e-04
1.466998553527715590e-03
1.626225580406381183e-03
1.123011883086558020e-03
5.715655597286557928e-04
3.790085745854295972e-04
4.131977323836523355e-04
4.616652627277330616e-04
5.011937319137133766e-04
5.478571548626046291e-04
5.605896031243733698e-04
5.411708471616058372e-04
5.306699898068484604e-04
5.558703544542587796e-04
6.257035953694054919e-04
7.276637035764851880e-04
7.760497581027186315e-04
7.280107693979643571e-04
7.138837090852513537e-04
8.390189258961089922e-04
8.570092097277881354e-04
4.321932373446159530e-04
-2.979602402499812591e-04
-8.049366389758417671e-04
-8.655546474542109457e-04
-7.779766082884314454e-04
-8.189684678131490007e-04
-8.742577461788056219e-04
-8.009972302765509897e-04
-7.473893165155607188e-04
-8.437730927738724875e-04
-8.669683058002363406e-04
-5.045024966203161482e-04
1.971947579954935032e-04
8.560452555711795019e-04
1.097077177951017975e-03
7.006719290639394290e-04
-3.456585118982832459e-04
-1.611634002119188315e-03
-2.199138136448278245e-03
-1.518942032724111737e-03
-1.549077504052556742e-04
5.699244039691607217e-04
6.989852738217505420e-05
-9.533030451482166169e-04
-1.621199474759958594e-03
-1.908798530485777880e-03
-2.176769321002936745e-03
-2.325118797135239043e-03
-2.027107766765041431e-03
-1.427361097208770802e-03
-9.954429730153274095e-04
-9.849040230704077682e-04
-1.356477135681645636e-03
-1.913761148481929811e-03
-2.146104785922236385e-03
-1.496414498153093593e-03
-1.593169677165488525e-04
9.010442439554765216e-04
1.065079402214635538e-03
6.827313772249722938e-04
3.396546964376934825e-04
1.644086772682510050e-04
1.623410961244384427e-04
4.977325968464611132e-04
1.047375870936678591e-03
1.330997425373044727e-03
1.187853936562931374e-03
9.322219708758637579e-04
6.730167086060659908e-04
1.602597593230672848e-04
-5.524758814197907502e-04
-1.049179978331868119e-03
-1.258420459838703468e-03
-1.430175716370767503e-03
-1.366254233823318035e-03
-5.470593267242040286e-04
8.577678871485216929e-04
1.971566654053311194e-03
2.387241462925021682e-03
2.458305306127913856e-03
2.291904174768670012e-03
1.472003496624047815e-03
9.501910921574527270e-05
-9.070300712484894974e-04
-1.002043572388460835e-03
-8.042372166953606211e-04
-1.015310375040007250e-03
-1.237099190622826736e-03
-5.715137114809347701e-04
1.006481359142375820e-03
2.548764626488473749e-03
3.257233897133147288e-03
3.231859999574997547e-03
3.049364748872157149e-03
2.973994326725909118e-03
2.739714315952349651e-03
2.076924409677372713e-03
1.317707343916399041e-03
1.165548608767860315e-03
1.716885944992798448e-03
2.018261820827337884e-03
1.066232761194551475e-03
-8.428355918048765919e-04
-2.294835187956163064e-03
-2.359507941031814375e-03
-1.495705552725072043e-03
-7.443852925302567140e-04
-4.912092407811569951e-04
-4.308663454539603775e-04
-3.205290417936751358e-04
-2.566086173737302839e-04
-3.105286787485510899e-04
-3.644434494858493591e-04
-3.255128223399172678e-04
-2.544331072244577011e-04
-2.137026051933540571e-04
-1.783272864625756000e-04
-1.215206532554514979e-04
-8.256558336416522186e-05
-1.060984448772181666e-04
-1.564124077166688907e-04
-1.335145285190723885e-04
-2.133682369019289287e-05
5.513881263451544452e-05
8.419256021509980364e-06
5.097867853778390853e-05
4.988510376187281449e-04
1.232411685777847583e-03
1.617824048020571805e-03
1.264039116887651689e-03
5.924381828826201079e-04
2.779267122070933310e-04
3.598109672711045340e-04
3.774213833286645635e-04
2.075654656671960697e-04
1.787642931219382461e-04
3.642349983674608694e-04
4.425819331838951173e-04
3.352465372539047573e-04
3.761093052230721451e-04
6.294620642654251332e-04
6.399925491903086074e-04
1.845215648739771739e-04
-2.763109515077065447e-04
-3.960994500382751635e-04
-6.301551377808791267e-04
-1.528401692614431064e-03
-2.683760533513860139e-03
-3.099932662312690056e-03
-2.493001307000796644e-03
-1.646795579094055637e-03
-1.443349403801917055e-03
-1.979089940610377629e-03
-2.677327118286439416e-03
-2.923817920462045122e-03
-2.536448022335977426e-03
-1.813397754679155986e-03
-1.206392330441946516e-03
-9.528988404414937257e-04
-9.975772161919240974e-04
-1.176161627638095796e-03
-1.283328781294869108e-03
-1.076232066112170959e-03
-4.870275208833333845e-04
2.182387978051884695e-04
7.306931226218972607e-04
1.007462243339056571e-03
1.153898624943205248e-03
1.182499811390110532e-03
1.168267996454451247e-03
1.282588092041712013e-03
1.473696500631263909e-03
1.489832945075041624e-03
1.363143338960058626e-03
1.423943345369203502e-03
1.677576508200251480e-03
1.716970595193159036e-03
1.477833779173897940e-03
1.367259454952602510e-03
1.487007744637999958e-03
1.483589992798432441e-03
1.306967349745622679e-03
1.373184968977858621e-03
1.723308778945173989e-03
1.780638127139526090e-03
1.125551389097382161e-03
-6.874654396801499598e-05
-1.329124539690062059e-03
-2.084193745633356083e-03
-1.846527726845363995e-03
-9.232109570474566302e-04
-5.033829977205445550e-04
-1.158406248112417826e-03
-1.849183626881684269e-03
-1.468617488609616061e-03
-6.755784352944846230e-04
-8.038636976862686056e-04
-1.485642760157181901e-03
-1.140767262612235990e-03
3.772044671902400150e-04
1.363101013859878332e-03
7.349330395324688838e-04
-5.931545352031733715e-04
-1.308819072878515200e-03
-1.378126424423920405e-03
-1.467062041177986248e-03
-1.686337803937594439e-03
-1.669915665067599198e-03
-1.449952119430059604e-03
-1.435297053492595861e-03
-1.650975182736870179e-03
-1.548823553451474273e-03
-7.021247381276316500e-04
5.606149981844817630e-04
1.409129560306063549e-03
1.413108119723021153e-03
9.903502053361208039e-04
8.818487528961604189e-04
1.271498915794447250e-03
1.768289779161894221e-03
2.102605164211830344e-03
2.381591062050938349e-03
2.601639257888838964e-03
2.418191692431939134e-03
1.668730562262547932e-03
7.085824902876563126e-04
-5.873295432908457429e-05
-5.850069534184462999e-04
-9.452210672687692177e-04
-1.051898307890954381e-03
-9.353804814768260523e-04
-8.813535492240497874e-04
-9.701653650600879997e-04
-9.197064387525195114e-04
-6.764111816405340202e-04
-6.473698141517524865e-04
-9.593629413665454323e-04
-9.856775142762046454e-04
-1.835258668922332657e-04
1.095363011393711734e-03
2.161786235539074966e-03
2.840765492633054445e-03
3.230484433819134742e-03
3.107762805846064381e-03
2.244066230289772784e-03
1.016118784453453033e-03
5.599134596489915074e-05
-3.934985726321895425e-04
-4.591014197843053604e-04
-3.104493191857128219e-04
-2.349974212216179425e-04
-5.969987124270581622e-04
-1.300036614591081876e-03
-1.688834984848238069e-03
-1.352731364315680083e-03
-6.541619346032022300e-04
-2.109239623665108221e-04
-1.622839572391949104e-04
-2.475658597201877732e-04
-2.364343583727424990e-04
-1.092537810956669932e-04
-5.171143183465708344e-05
-3.066368857869632516e-04
-8.061852294311635820e-04
-1.087913793761961356e-03
-8.768565073298822824e-04
-5.086789258806171136e-04
-3.636932370851517519e-04
-3.062072860201321841e-04
-6.661039616191020301e-05
2.140454385048153052e-04
2.661508112094015097e-04
1.932595818062207824e-04
2.167764655939556553e-04
2.724191585461187607e-04
2.369909334401147736e-04
2.229781508978887807e-04
3.410821104412774187e-04
4.502470088265655914e-04
4.433427268596378521e-04
4.328556251624391792e-04
4.652099898678416223e-04
4.457679550999747655e-04
4.156028562014035550e-04
5.264755723789708158e-04
6.462704196745665871e-04
4.643000002139630262e-04
9.483615897021548872e-05
4.674161857147449725e-05
5.128627620334496847e-04
1.100389117040134323e-03
1.364719948941778586e-03
1.263012733208276851e-03
1.029168670966574845e-03
8.827936607576879202e-04
8.935230736534193179e-04
9.292391094406500084e-04
8.488817323656467576e-04
8.042139378902614594e-04
1.116631374234362773e-03
1.668296729985698943e-03
1.782500431547463793e-03
1.157496258458539339e-03
4.539060137371612167e-04
3.787937747020140634e-04
6.054182329804443270e-04
3.285210788352391936e-04
-3.197872944130136417e-04
-3.860419481079075581e-04
4.225812070936470796e-04
1.211566573939000351e-03
1.089924236020530304e-03
1.576620562994952130e-04
-9.210481444282380813e-04
-1.730154863899353770e-03
-2.169701029272809879e-03
-2.261070339287248477e-03
-2.191773569016888454e-03
-2.193900405300953753e-03
-2.222840192549302256e-03
-2.085728030514895966e-03
-1.907581683855591502e-03
-1.990126210482416700e-03
-2.178007330183213269e-03
-1.957038563416388984e-03
-1.243289236524210443e-03
-5.349088485899156304e-04
-1.907772146806403096e-04
-4.842351223989315541e-05
8.320712607014963162e-05
3.984834113059362360e-05
-3.909781129164466968e-04
-1.082496180938870289e-03
-1.643705846780886591e-03
-1.771040910673620482e-03
-1.559140296620446830e-03
-1.466871578227174492e-03
-1.735297363571272275e-03
-1.839470016390282528e-03
-1.090178186621612718e-03
1.911793031323541048e-04
7.976292104296955898e-04
2.613447960839170459e-04
-4.552911026405648048e-04
-3.416894756288662086e-04
3.896988367634941146e-04
1.035375646908030453e-03
1.557849381064944612e-03
2.212449380455013860e-03
2.627785588525281130e-03
2.182525534627471030e-03
9.837591291105281070e-04
-2.507190796836275852e-04
-1.029916767112263546e-03
-1.234178758710379300e-03
-8.153062885200397991e-04
7.672493116477089269e-05
8.794912448161121927e-04
1.125181044470803613e-03
9.709134612057765922e-04
8.666413444013427569e-04
8.962837283126858737e-04
7.866606607179449893e-04
4.163498942195876401e-04
-4.322969338400579306e-05
-4.010387892293278784e-04
-6.177898597631753573e-04
-7.309756426656014274e-04
-7.709527579134939964e-04
-7.573600519905584506e-04
-7.294741597367017600e-04
-6.926502644522490029e-04
-6.290419876461345776e-04
-5.422120446260436698e-04
-4.946576783183550619e-04
-5.256523491804620390e-04
-5.602150259877769012e-04
-5.251317504482432312e-04
-4.632556283670116715e-04
-4.406455598506418456e-04
-3.948159413753045519e-04
-2.793403705531186717e-04
-2.227696997795003181e-04
-3.215236816479145367e-04
-3.809883311463677785e-04
-2.351032339720689212e-04
-9.277365683842458066e-05
-2.003966518241407616e-04
-2.580180432097375952e-04
1.718198023098390650e-04
8.427170815243714436e-04
1.044056524955030638e-03
6.240529164623700173e-04
1.737127924154074541e-04
1.126249753250358745e-04
2.086828483119586210e-04
1.565647780773183283e-04
7.232650675402369747e-05
2.952101668657597226e-04
8.787886481531174705e-04
1.367767356154767338e-03
1.071153054090522895e-03
-2.431862699790208549e-04
-1.821767543239829817e-03
-2.471881082010776633e-03
-1.822137887866408582e-03
-6.545576742898888455e-04
1.148893681846872915e-04
3.862038416160976160e-04
5.218462645467395128e-04
6.503621987345067478e-04
6.771317664711053131e-04
6.253575876754307759e-04
6.111035520621765655e-04
6.504362676598224790e-04
6.933666167728023749e-04
7.523879108468658995e-04
8.167971901738945014e-04
8.687279718402363430e-04
8.938965926625114418e-04
8.869542181054212212e-04
8.568219211594898469e-04
8.713510699239167268e-04
9.716033603387171178e-04
1.066529036895813966e-03
1.070412364837365800e-03
1.077893326294251724e-03
1.144322571027389787e-03
1.157199982757276414e-03
1.068338434928526193e-03
1.086633459481504320e-03
1.306702817869495083e-03
1.432175577354291487e-03
1.197006739476942812e-03
7.154518540469351467e-04
6.964595234684851867e-05
-8.868103127648077882e-04
-1.930754676204360322e-03
-2.181922401949900215e-03
-1.204635838784459982e-03
9.049116999844605011e-05
3.679289214857052914e-04
-5.276934771366618634e-04
-1.542940364526398456e-03
-1.776141085245358693e-03
-1.259393937142852613e-03
-4.391059843315798053e-04
4.204988121647713602e-04
1.240834380713747324e-03
1.830888602328706359e-03
1.879932812162745000e-03
1.236199782243993430e-03
1.086379508880421852e-04
-1.086781597332135783e-03
-1.998284373542188845e-03
-2.374141844419187537e-03
-1.966149041230220128e-03
-8.296523812261864198e-04
4.532669047244371522e-04
1.213058533720359506e-03
1.410420475861565550e-03
1.491737574583159405e-03
1.637346500478781275e-03
1.675830597817810127e-03
1.603613395635002450e-03
1.615337448384973141e-03
1.689554511551304801e-03
1.645927914540357443e-03
1.595158956873967381e-03
1.697956043937114395e-03
1.741836591549144383e-03
1.512529780046780944e-03
1.324299478269496408e-03
1.498520171887068745e-03
1.712029139747097469e-03
1.611295401317745096e-03
1.562335841684067261e-03
1.866907262582226910e-03
1.864388919121493134e-03
8.316236727670886508e-04
-6.778692813417488321e-04
-1.533903955637883369e-03
-1.665016534721717924e-03
-1.778267921529423775e-03
-1.962953496166599913e-03
-1.824465768376330385e-03
-1.619919140479501559e-03
-1.895677749429854021e-03
-2.157162218344366254e-03
-1.433074985733125009e-03
-8.941325550960170954e-05
3.668612708336547209e-04
-5.320667181128017377e-04
-1.575647085690802876e-03
-1.755063185355519410e-03
-1.552389443141673035e-03
-1.756809095737960763e-03
-2.084468858784529078e-03
-1.774702031839225013e-03
-9.507201559097076208e-04
-5.195617672645024563e-04
-8.901032055588431122e-04
-1.490996885330002526e-03
-1.693744696469164524e-03
-1.628691017491889484e-03
-1.710061022588708814e-03
-1.723605054646436914e-03
-1.044379253843906192e-03
2.972375391644008972e-04
1.433529980560064362e-03
1.805609936245962171e-03
1.847342485023836713e-03
2.089039969604012097e-03
2.280730348321044227e-03
1.995670798606049515e-03
1.503451046058085130e-03
1.268345695831007329e-03
1.054630393107598967e-03
3.427550100259077644e-04
-6.816203433452367594e-04
-1.348911524024398907e-03
-1.478807256478047302e-03
-1.460512231925069392e-03
-1.526158462304869848e-03
-1.556114051957548008e-03
-1.503958947260250175e-03
-1.491113279355498660e-03
-1.524698246348646022e-03
-1.519037264199517723e-03
-1.508043319427658730e-03
-1.532771759208057362e-03
-1.503958947260250175e-03
-1.400177801617908833e-03
-1.344626107631133414e-03
-1.348022696920610566e-03
-1.263943885412245702e-03
-1.190605068074657418e-03
-1.370825344642801489e-03
-1.533216172759951750e-03
-9.814344229831196628e-04
2.059666350078814281e-04
8.095119823053429243e-04
5.605314061116253843e-05
-1.118821698168698513e-03
-1.365270175244123708e-03
-9.564488582191248232e-04
-1.136862772120594226e-03
-1.772585776830204896e-03
-1.372772299251099780e-03
3.072400184645340121e-04
1.467665173855556846e-03
8.033081807464008926e-04
-6.056446722664093332e-04
-9.397600712179929707e-04
2.237706883987667969e-05
1.263055058308457362e-03
2.171605658780927442e-03
2.674851099925885933e-03
2.485308720043008599e-03
1.449412474402759447e-03
1.474543002634872118e-04
-7.349446789350184105e-04
-1.135275580863829301e-03
-1.107097645418727606e-03
-3.558197103240927882e-04
1.023957393006863200e-03
2.148400922607023294e-03
2.474716863722863699e-03
2.508185436690514927e-03
2.736275401562691771e-03
2.841146418534678392e-03
2.629965331184571688e-03
2.634811555155227268e-03
2.977126384139259108e-03
2.753427648410799143e-03
1.465548918846536729e-03
-2.231262887485201685e-05
-7.638770592908355247e-04
-9.715726746410863505e-04
-1.118567747567616099e-03
-9.745396641637323271e-04
-4.359231367980136791e-04
-2.329816883255263486e-04
-7.549602188103297137e-04
-1.212677607818735993e-03
-9.615617303209171227e-04
-6.818774683288327497e-04
-1.043192034783845803e-03
-1.220624145377606235e-03
-9.106721461190130323e-05
1.691977623536632808e-03
2.323404630577933019e-03
1.340721617139491650e-03
1.294809464718802675e-04
-1.711722282770789417e-04
-5.758604992694618387e-05
-4.367992663717479860e-04
-9.053010909061202623e-04
-2.703790887174234436e-04
1.503704996659167761e-03
2.888571693286816778e-03
2.625425964190223563e-03
1.230263686943692137e-03
7.433134093681880599e-05
-3.513279590674478199e-04
-4.966670624494195574e-04
-6.348606307934351756e-04
-6.498574719148553875e-04
-7.344822772155475609e-04
-1.070867359664305152e-03
-1.032306019017447101e-03
1.507715299901260693e-04
1.849860828484570707e-03
2.452686649078965418e-03
1.478902487953453072e-03
1.515735906385446449e-04
-4.526288538392176492e-04
-5.408258975951355744e-04
-6.736515851087720259e-04
-7.814800684558640027e-04
-6.911159795707095535e-04
-6.293171007973072471e-04
-7.371371191243632735e-04
-7.771036530972105522e-04
-6.635168398705751673e-04
-6.499156689276034543e-04
-8.184288227858488437e-04
-8.440989960452615097e-04
-3.876926270149431411e-04
6.454419058385352194e-04
2.030324474378752009e-03
3.086695487231270064e-03
3.050359388726396441e-03
1.957006819591253655e-03
6.833027660774076712e-04
-1.851003606189441570e-04
-7.856702533737236179e-04
-1.029147508416484698e-03
-3.191693479503797783e-04
1.180023793029557266e-03
2.088246373975629309e-03
1.475230785512803575e-03
1.551437128387613820e-04
-5.061108504271713288e-04
-3.960137417104098514e-04
-3.787588564943651583e-04
-7.471639353570999490e-04
-8.441783556080998318e-04
-1.073629072451076324e-04
1.065142889864905979e-03
1.614512108931455458e-03
9.122582792482734773e-04
-4.988341075786560273e-04
-1.511778509518579101e-03
-1.840866744696235697e-03
-2.271715101982619504e-03
-3.252493485912942659e-03
-3.947630350000790218e-03
-3.382177592865688934e-03
-1.941812108626490190e-03
-8.728229252826900800e-04
-6.430008056856305332e-04
-6.863671033304687575e-04
-5.690281699728407753e-04
-4.891808103550112589e-04
-5.968050750937329381e-04
-6.258707795151180866e-04
-4.353073065903888847e-04
-2.911649454160179936e-04
-3.648476541925721960e-04
-4.403143659417302325e-04
-3.425793608601591109e-04
-2.573418997343557193e-04
-3.559985338723550179e-04
-4.475149236099207881e-04
-3.408292179676995662e-04
-2.162886688143765481e-04
-3.381352253412170817e-04
-5.474783452159900227e-04
-3.711488034819292289e-04
4.550995815622484869e-04
1.759888246776085061e-03
3.030752286067825950e-03
3.599940233293847606e-03
3.012139823263495185e-03
1.499451324091037596e-03
-4.182439424526605636e-05
-8.581953706603438542e-04
-9.139364694704264682e-04
-6.268527218393035077e-04
-3.683214867898784934e-04
-3.169017807082148393e-04
-4.368870909546223127e-04
-4.425988632239673433e-04
-1.876229365896959903e-04
-4.155055084709886485e-05
-3.204242871707286373e-04
-4.761023543992675853e-04
3.431010177198825345e-04
1.808678506009041287e-03
2.488662984232305458e-03
1.715267009910897977e-03
4.508406183565957315e-04
-1.226105245850967905e-04
-4.791127271495985665e-05
-6.426484492266287460e-05
-3.145114706755267227e-04
-3.504878058288669255e-04
6.705396321180080276e-05
6.113786652133491265e-04
7.486178025482967315e-04
2.502281085215349288e-04
-5.570501666217874542e-04
-1.039366903855042145e-03
-9.038969557076353793e-04
-4.898728257429607992e-04
-2.347551100230851364e-04
-2.046005923995589993e-04
-2.172917736886520077e-04
-1.871213841525582605e-04
-1.319506160674065978e-04
-4.819834270693341711e-05
2.127270116341958427e-05
2.469172275599231425e-05
2.454337327986001000e-05
6.368604917769590508e-05
5.819807087555476814e-05
-2.584317710640010186e-05
1.510603987988572902e-05
1.756967814863637191e-04
5.061595242923787617e-05
-4.779773563372593224e-04
-8.333769900420616092e-04
-5.674145255284628953e-04
-9.075295074306183481e-05
1.811038130344098474e-05
-6.049844007035951623e-05
5.016508429956616623e-05
1.626225580406381291e-04
1.619538214577877978e-05
-7.130604858867424685e-05
1.500943283872396589e-04
2.161669841513578778e-04
-1.534126162413830508e-04
-1.730377070675300855e-04
8.697279023319983348e-04
2.333880092872582003e-03
3.180265702455089584e-03
3.790974572958084095e-03
5.160540745870518045e-03
6.664034117028784336e-03
6.212435879378959067e-03
2.888000304434381726e-03
-1.938087499810614784e-03
-6.316005399520398939e-03
-9.317309997137710256e-03
-1.056526557595681079e-02
-9.768823584587174938e-03
-7.336844490771470689e-03
-4.563788577152011125e-03
-2.356746228245043366e-03
-5.531795362102898172e-04
1.023617734077915311e-03
1.788055600946141356e-03
1.432969172982673841e-03
9.261335052149131898e-04
1.642340862300068318e-03
3.856631384612929734e-03
6.820816869372031341e-03
9.570847928493353765e-03
1.106748463342239509e-02
1.022317295374872495e-02
6.600768673534131159e-03
9.267863698851959041e-04
-5.479206425128751133e-03
-1.144248502102073947e-02
-1.588979492247628855e-02
-1.783569140327018882e-02
-1.678380685103679146e-02
-1.294989346394569141e-02
-6.902144549368671028e-03
5.705666873643982541e-04
8.123615196749884443e-03
1.401976618375575835e-02
1.690390432279868099e-02
1.618670550024179852e-02
1.199482757837496208e-02
5.290743335300474547e-03
-1.904312069866655448e-03
-7.312168957366297316e-03
-9.607882391151205057e-03
-8.686126359422447277e-03
-5.186105106379479759e-03
-4.058268161872356089e-04
3.638858162909725663e-03
5.032105229373093694e-03
3.361459456327382800e-03
-5.437569107826282435e-06
-2.897407057949474927e-03
-3.689648283126205873e-03
-2.175033991895540357e-03
4.627117508296934851e-04
2.721937773876581101e-03
3.999161159470427523e-03
4.530034309758141503e-03
4.359231367980136683e-03
3.254620322197007525e-03
1.587551020116540357e-03
4.240043885872129864e-04
3.067490473024413558e-04
6.876622513959888957e-04
8.614586358842526471e-04
8.192213602867268532e-04
8.626871219169887682e-04
9.882995542323804675e-04
9.282180163987978697e-04
4.521294176570889341e-04
-5.417697473291585141e-04
-1.748132450200978825e-03
-2.518861943211020849e-03
-2.621796586849754144e-03
-2.601544026413432544e-03
-2.786621108227277811e-03
-2.482483519605967366e-03
-9.142168732591215118e-04
1.430768267773293136e-03
3.318668780044998091e-03
4.060289185405970870e-03
3.634191820614836657e-03
2.106435585778156701e-03
-5.517933891793817624e-05
-1.736535372751549016e-03
-2.284095193785386484e-03
-2.333520329521048854e-03
-2.659677551511212615e-03
-2.871567584289341085e-03
-2.210364869271129289e-03
-9.081696745708467845e-04
3.029577764537819866e-04
1.196276631498830898e-03
1.548569602850391859e-03
5.635354300969293078e-04
-1.946330313070747950e-03
-4.429448709179420809e-03
-5.039596772105024367e-03
-3.764267434744251409e-03
-1.964001042396064899e-03
-2.762167781598051197e-04
1.722218907615528710e-03
3.909939848290144154e-03
5.069203179681214776e-03
4.271533760406347364e-03
2.006199167275923758e-03
-3.806031727347261280e-04
-1.787187936392442946e-03
-1.781452885317998808e-03
-6.205251193623336284e-04
8.278779014011232061e-04
1.638849041535185395e-03
1.662392378510532979e-03
1.544866156584606817e-03
1.732652044809997400e-03
1.902566159484214096e-03
1.701077520075418986e-03
1.501366534874200558e-03
1.774786682039585601e-03
2.107123368656088104e-03
1.650245074758758266e-03
3.988167214698568638e-04
-8.294418138527889697e-04
-1.597053005107040196e-03
-2.086151281516699773e-03
-2.218173850254413250e-03
-1.544950806784967838e-03
-1.968265296239240245e-04
1.008453708810782504e-03
1.599507860917503532e-03
1.831650454131953385e-03
1.928088194892995082e-03
1.697744418436212275e-03
9.246098016084188138e-04
-4.824162012186787606e-04
-2.480451914797307620e-03
-4.419608123387478403e-03
-5.121432353303828448e-03
-4.244911272392876134e-03
-2.936303825015263054e-03
-2.218702914006668008e-03
-1.583276184998320046e-03
-1.925855545858478940e-04
1.390919185953446444e-03
2.045963598895409862e-03
1.908216560358297429e-03
1.965080332450665213e-03
2.336165648282323513e-03
2.214438660163492879e-03
1.246368387562334524e-03
-5.740923682094256148e-05
-1.093384312960277898e-03
-1.584810469879859495e-03
-1.547744263396874176e-03
-1.342859034698601914e-03
-1.416525871562588235e-03
-1.631262267327848953e-03
-1.310385101585189761e-03
-1.985332892886986595e-04
1.111488874562444268e-03
1.959059586950002898e-03
2.247759095280512862e-03
2.257906538048763592e-03
2.296602260888694780e-03
2.524544087910239945e-03
2.722117655552348109e-03
2.319764671962418635e-03
1.119266111720592684e-03
-2.401695484636628161e-04
-1.022901381757362156e-03
-1.232506917253253353e-03
-1.279646497579174213e-03
-1.166098835070205654e-03
-7.186675035331410548e-04
-2.676776891984094077e-04
-3.612669507173103312e-04
-9.101748261918933590e-04
-1.275191780785187110e-03
-1.163495841409110856e-03
-8.982454967060474844e-04
-7.758413069843301960e-04
-7.605735852217553441e-04
-7.720987100008782191e-04
-8.514730866241917041e-04
-9.558488999240675847e-04
-9.388225702489971835e-04
-8.414515610289775112e-04
-8.494277261579739587e-04
-9.306146751965130304e-04
-9.028927927058554665e-04
-7.894646986048965091e-04
-8.135201692924268419e-04
-9.286338605080702874e-04
-8.741275964957509470e-04
-7.231973473799484502e-04
-7.883071071149625429e-04
-9.623373377817230146e-04
-8.381851214225551419e-04
-5.819013491927093728e-04
-7.898382176139885245e-04
-1.179896817729016167e-03
-6.218678831655568683e-04
1.037838967738529848e-03
2.267260385188631967e-03
1.811196849469775064e-03
3.927451858489784133e-04
-4.847155122859790285e-04
-5.497596681157135030e-04
-5.076578328387649748e-04
-6.083862806305948652e-04
-5.501913841375535852e-04
-4.044914592765440288e-04
-4.533949381524828666e-04
-5.504982411138614751e-04
-4.601087571685988495e-04
-3.839817738566266014e-04
-4.935254818885293805e-04
-5.137843910898779159e-04
-3.465420483645491041e-04
-4.006832583878124879e-04
-5.994313475599266812e-04
-1.286069331531549753e-04
1.240358223336717825e-03
2.391516298043241777e-03
2.235717604279189100e-03
1.117551945163286660e-03
1.243945275577006517e-04
-3.009536829602400278e-04
-3.977511870728152538e-04
-4.159605032979279602e-04
-4.109301651414873965e-04
-4.344417582916997055e-04
-4.489984183712438306e-04
-3.903263063736685441e-04
-3.423423402991488686e-04
-3.621790566261978879e-04
-2.802143838718439638e-04
-8.752301653554503684e-05
-1.340509991638589693e-04
-4.412402275081764931e-04
-2.752401264731424522e-04
8.049567433984274609e-04
2.160177881732219460e-03
3.017261160385323326e-03
3.449442758327390078e-03
3.672749986879181566e-03
3.258683531814326149e-03
1.998305536092279209e-03
7.111547982511201267e-04
1.346784687740333988e-04
-4.539303506697649399e-05
-3.039852182606612237e-04
-3.322234669735197286e-04
2.881757352157772475e-05
-3.505703397742186884e-05
-1.027351866041331229e-03
-1.983915002030942846e-03
-1.783463327576567756e-03
-8.241215487601125794e-04
-2.700478948085118305e-04
-2.855156026694390592e-04
-2.509603327546558568e-04
-1.639515661863026719e-05
6.465159052556128611e-05
-3.103636108578475234e-05
-3.563530065863658469e-05
4.907023977064966743e-05
4.810554492478789093e-05
-1.036225323294152080e-06
1.629262406344324834e-06
3.289496204745657131e-05
3.383902340698040709e-05
2.766982261743572302e-05
1.617559516144444358e-05
1.135222674488603791e-06
3.076315256412026931e-05
6.398856783123531755e-05
8.256018691389221761e-07
-4.088699908902063585e-05
7.990841357483969339e-05
1.471654314547559469e-04
-9.265842675318345669e-05
-1.699818348345051935e-04
5.686874529163885418e-04
1.630563903174871935e-03
1.765803179526295773e-03
8.654657647438321116e-04
1.597571487584250206e-04
2.486134059496526499e-04
3.232103368901034779e-04
-3.383627227546867629e-07
2.439047385545831603e-04
1.684454336979566589e-03
3.255382174000254984e-03
3.535426199343872505e-03
2.533495846598394444e-03
1.302999371603710040e-03
5.438955254857190348e-04
2.936621263266616234e-04
3.184191355496821712e-04
3.449664965103337055e-04
2.215486206392957755e-04
1.838369563785591850e-04
4.336005469256142496e-04
5.316064326483399029e-04
-7.386301370332267737e-05
-9.864520636095059757e-04
-1.209841826106649145e-03
-5.476180180465852095e-04
1.592545381937827834e-04
3.269127250283840130e-04
2.356714484419908037e-04
2.908316352520973658e-04
3.959894047778061282e-04
3.654423218501067893e-04
3.313187679571636150e-04
4.418126744881164321e-04
5.862290906861553769e-04
6.270791611252686222e-04
5.661521794155825391e-04
3.695087058499387737e-04
-1.985153011211219804e-04
-1.207588014522042747e-03
-2.234521920199092435e-03
-2.765119957335634288e-03
-2.827919824728303364e-03
-2.878254950117844005e-03
-2.960735989094399195e-03
-2.530787040186849128e-03
-1.425953787627772451e-03
-3.496857451804483499e-04
2.843051048042796240e-05
1.215005488328658117e-06
1.525174403725675575e-04
3.430851458073149243e-04
2.104530956270038596e-04
5.279315558251766131e-05
1.825724940106697328e-04
-9.054449962467335869e-06
-1.122027824507363910e-03
-2.288623979504689210e-03
-2.116138614994513261e-03
-7.402374327125775012e-04
4.142442204856127048e-04
7.098776383531764508e-04
7.537116283550078987e-04
9.367856748028154969e-04
9.591259208055351359e-04
8.046668164621916886e-04
8.394337118778769568e-04
9.937965266183098560e-04
8.856537794023783836e-04
7.488982063369918835e-04
1.012061923601161560e-03
1.103785706329611475e-03
5.097180070900459044e-05
-1.732165306157922718e-03
-2.577979526887994813e-03
-1.729393012096106744e-03
-2.594846079309884117e-04
5.836927590578448125e-04
7.644018905330725788e-04
8.700770844084866271e-04
1.007850576133211907e-03
9.616749499638997884e-04
8.404600955572516865e-04
8.888271037884039978e-04
1.006782925481161228e-03
9.729281359743635702e-04
8.890355549067924332e-04
1.040785852838590131e-03
1.306766305519765740e-03
1.263816910111704604e-03
7.887367068817936104e-04
1.689787299602297068e-04
-4.168969461394192943e-04
-1.124239310991789796e-03
-1.911962331724262765e-03
-2.239093031018575888e-03
-1.750291030310179019e-03
-9.240585171785690218e-04
-5.853064035022226925e-04
-7.768941438513175552e-04
-8.078337920831901503e-04
-4.120814078663943185e-04
-1.984846154234911860e-04
-6.669906724678815188e-04
-1.426578082855433412e-03
-1.894122301998223991e-03
-2.124825841806540598e-03
-2.439005060445651255e-03
-2.481340741901096394e-03
-1.627389520661342084e-03
-1.457306105586404050e-04
9.227612528580397605e-04
1.164448156163170071e-03
1.225576182098712984e-03
1.523354424417918546e-03
1.448132140122302411e-03
5.393667397664163093e-04
-3.165219129340957256e-04
-4.840107993679753729e-05
7.970948560399181322e-04
6.882315239934153669e-04
-6.159000440401203548e-04
-1.785706557886128972e-03
-2.028261125744957368e-03
-2.021647828841770071e-03
-2.328208529448408306e-03
-2.352048142125018598e-03
-1.524581852323150105e-03
-4.129988044128044661e-04
3.049131960821164990e-04
8.368973802495665009e-04
1.428599106389047543e-03
1.489568413198914029e-03
4.837769531894786797e-04
-9.647720891696005482e-04
-1.698104181787745857e-03
-1.295042252769794833e-03
-1.785516094935317270e-04
9.313987476773549811e-04
1.361482078777978078e-03
8.185483911938584451e-04
-2.713060084113742116e-04
-1.172955501299430400e-03
-1.650700069585697618e-03
-1.910258746442001707e-03
-1.899169570194736943e-03
-1.373280200453264391e-03
-5.213235495595116903e-04
9.104351255580026816e-05
2.480219126746315787e-04
2.111641573100345864e-04
2.776590059484523214e-04
5.994514519825123750e-04
1.143603044324322839e-03
1.465030436369326935e-03
9.488684327768150996e-04
-2.988712880313643626e-04
-1.226517915577726801e-03
-9.700616685646460628e-04
2.056132204213750793e-04
1.384581002201431491e-03
1.943007792706586421e-03
1.805514704770556401e-03
1.244643639729983318e-03
7.097178610999954618e-04
4.906283287811808889e-04
4.739173211024544363e-04
5.290298921748580593e-04
8.034034122218067708e-04
1.281339501586390090e-03
1.376867252693553517e-03
6.093946761423929158e-04
-6.233884123895376680e-04
-1.480934092762112384e-03
-1.610692268640174282e-03
-1.150491454378683130e-03
-2.447565311957137168e-04
8.725372308564723371e-04
1.681068328965134836e-03
1.892238835040196358e-03
1.815990167065205385e-03
1.846633539595815164e-03
1.915168458062928162e-03
1.844443215661479207e-03
1.761210906156722390e-03
1.799800816246202410e-03
1.816826087793768467e-03
1.745889219891417392e-03
1.760787655154918366e-03
1.771876831402183347e-03
1.292873091385549240e-03
2.038884725890237923e-04
-8.488531629230250050e-04
-1.263309008909539776e-03
-1.275837238562938219e-03
-1.418081318994218265e-03
-1.584418962703190801e-03
-1.246040368035936487e-03
-3.956846640565071988e-04
3.153801933567294239e-04
3.795937190954235701e-04
-1.043930607781993965e-04
-7.409929357507975909e-04
-1.211799361989992618e-03
-1.361376266027526909e-03
-1.282059028289457038e-03
-1.291571594555001841e-03
-1.434503457864213507e-03
-1.162585851755232368e-03
-3.993669477722020401e-05
1.310935327887534883e-03
1.669132650714261808e-03
7.384333253173879733e-04
-3.867530097909382849e-04
-5.347786989068609555e-04
2.759448393911460807e-04
1.166204647820656606e-03
1.562155960008300469e-03
1.644488861134223764e-03
1.774754938214450489e-03
1.828708859669415585e-03
1.301697874773162641e-03
1.173918397328534445e-04
-9.383432384894541079e-04
-9.905025756967702957e-04
-1.584694075854363525e-04
6.180649729143479184e-04
7.915735467213849122e-04
6.266326313183653287e-04
4.030629871454554768e-04
-2.954746987418872508e-05
-6.406665764106815771e-04
-9.074035902575816213e-04
-5.030983614218313736e-04
2.466294168786963849e-04
8.803853625574231245e-04
1.267298149601542344e-03
1.352540901364868327e-03
9.800133577445625539e-04
2.387992733453223851e-04
-4.532626722144191770e-04
-8.113880423708392771e-04
-9.253938740892606561e-04
-9.591121651479764861e-04
-9.449046871449205990e-04
-9.217856592988816003e-04
-9.300993671018167050e-04
-9.278836481073726803e-04
-8.757094971149933897e-04
-8.637304356364356155e-04
-9.264668153788338176e-04
-9.081453376382430612e-04
-7.211287081086314348e-04
-5.245688266158439125e-04
-4.712751767236929203e-04
-5.501860935000311027e-04
-7.326601816527813539e-04
-9.354407947445831338e-04
-7.614031571852911649e-04
1.097426360027506349e-04
1.175166987783856287e-03
1.453666146970889611e-03
7.995624093804354479e-04
1.639346361462305204e-04
2.233220423368545090e-04
5.015418558626971073e-04
4.006345845226050415e-04
2.531040990787931108e-04
6.607741733788851822e-04
1.303528435355965015e-03
1.304099824208400284e-03
5.386704918684486311e-04
-2.506174994431946087e-04
-5.580522133685583523e-04
-6.025602305907627699e-04
-6.951453291078837264e-04
-7.409516687781217501e-04
-6.166777677559352614e-04
-4.716391725852443696e-04
-4.738485428146612961e-04
-5.470307572815822760e-04
-5.713740386503393665e-04
-5.706058380820650802e-04
-5.904573681941773650e-04
-5.826579103584340240e-04
-5.432627652380221227e-04
-5.339120924806671064e-04
-5.564343364141625514e-04
-5.298732197959525299e-04
-4.731935618893696213e-04
-4.879131736046082575e-04
-5.356685841381537494e-04
-4.566582033763917680e-04
-2.427545539571807727e-04
-8.564526346604158338e-05
-8.900280785060227652e-05
-1.391479993530836585e-04
-1.463612545513283565e-04
-1.683174002699109608e-04
-2.485065350716971367e-04
-3.014097359146838333e-04
-2.768558871725291842e-04
-2.519719026489674295e-04
-2.737132484841345000e-04
-2.665476090235927411e-04
-2.140454385048153052e-04
-2.270858018703966058e-04
-3.078442092696092257e-04
-1.657144066088163522e-04
4.140061417970979552e-04
1.128344845709288499e-03
1.405563670615864787e-03
1.126239171975313780e-03
7.651774979938783623e-04
6.950141212973244900e-04
7.003851765102172330e-04
4.716328238202173256e-04
1.996019980682537374e-04
3.109572203878775958e-04
7.265685416093173180e-04
8.954996558318440315e-04
5.602393629203806244e-04
6.713797853565889220e-05
-1.799102452093225772e-04
-1.964688825273996193e-04
-2.045550929168650750e-04
-2.410774218625324247e-04
-2.309067002891822620e-04
-1.878345620905980020e-04
-1.850580355187637547e-04
-2.073263288511767856e-04
-1.970656664399432815e-04
-1.669460670240659954e-04
-1.647843125323520622e-04
-1.777241537850048937e-04
-1.711097987543128455e-04
-1.484552888827536568e-04
-1.449677006278886826e-04
-1.541628286420806309e-04
-1.453729634621159998e-04
-1.261034034774843285e-04
-1.221396578455898280e-04
-1.303221578379656963e-04
-1.230559962644954953e-04
-1.046109292313780043e-04
-1.041478926354044260e-04
-1.046218279446744625e-04
-7.325046369096183943e-05
-2.434878363178062148e-05
-1.386221099833421919e-05
-3.690833385931257084e-05
-2.811053272306413803e-05
8.542400900484854395e-06
-6.269923946698987508e-08
-3.963724469344387234e-05
-1.794690060399418949e-05
4.166694487259496452e-05
7.925226870929303785e-07
-8.859320669360646835e-05
2.317468535277631970e-05
3.578005250125355311e-04
5.559687603121782340e-04
3.735518110446714880e-04
6.630491475135816455e-05
-1.550950389735539423e-05
4.778503810367181289e-05
-1.278609532624754247e-05
-1.266948967525054269e-04
-2.231622650836735302e-06
3.199587110687442657e-04
4.716994858530014511e-04
3.064559459836920614e-04
6.963261994029168813e-05
-1.221470647381214133e-05
6.630756007011944308e-06
6.773973564747374114e-07
-1.472924067552971810e-05
2.371242575056830637e-06
1.877710744403274256e-05
5.007630740193777679e-06
-4.480757311873110752e-06
8.122578231795464179e-06
1.397595970506904372e-05
2.898253559953083638e-06
1.158279272811876606e-06
9.566964600551802541e-06
8.482828321980941282e-06
5.157313456981763119e-07
4.092435098992984383e-06
1.063576861158231275e-05
5.550513637657681135e-06
1.107669034271163101e-06
8.300311908728010804e-06
1.091289220501348280e-05
2.178102561658619178e-06
6.061187133884299541e-07
1.116250448332739403e-05
9.154622893319298724e-06
-3.495048053771771241e-06
1.917909008299609054e-06
2.128042549420250688e-05
2.247378169378889457e-05
1.380708255534924846e-05
3.274894045183419136e-05
5.695191411349333232e-05
1.487536808390254777e-05
-8.929813123711102005e-05
-1.535385334144197234e-04
-1.042411136685517510e-04
7.969721132493949071e-06
8.340700635575157382e-05
8.861278205243989495e-05
6.004027086090668933e-05
3.713921728079665153e-05
2.989675776342747549e-05
2.804947876605391022e-05
2.103843173392106855e-05
1.206466399367262295e-05
2.217221535500354143e-05
5.528853767640360697e-05
7.730309203323514696e-05
5.606488582646260117e-05
1.051355488481140573e-05
-1.487483902015029240e-05
-1.021531106639021745e-05
-1.545934865364161956e-06
9.969000145890378132e-08
4.899712316008802435e-06
1.434122531962589812e-05
1.656953603137351725e-05
1.145719299333342908e-05
1.018852985925106898e-05
1.231046701297029689e-05
9.122572211207690581e-06
3.658877935295054958e-06
3.488360687943267895e-06
5.268205219454411363e-06
1.283709707196492633e-06
-3.650772678610508784e-06
-2.381971987952561760e-06
-8.077819438354692055e-08
-3.847362187673421634e-06
-1.043192034783845952e-05
-1.418324688320255260e-05
-1.546040678114612860e-05
-1.474394864784240683e-05
-1.016071168715750039e-05
-7.735917279097418548e-06
-1.615739536836687180e-05
-3.106598865591103263e-05
-3.945006193789605896e-05
-3.749485393506246975e-05
-2.903914542102211841e-05
-1.380824649560420892e-05
4.194417427877658090e-06
6.152217843097295048e-06
-1.813990306081681361e-05
-4.607616218388814960e-05
-4.638492378970417168e-05
-2.119651598309486547e-05
1.216497448110017061e-06
7.004878148781546693e-06
5.706862557724078453e-06
5.688355907670199433e-06
4.776207673682394618e-06
2.040969237074122718e-06
7.012232134937890635e-07
3.864461528146303773e-07
-1.249447538600458610e-06
-2.690151623641100652e-06
-2.281851963475825035e-06
-3.146119927884552070e-06
-7.693369972141072305e-06
-1.213397134521802704e-05
-1.166532667347054588e-05
-7.197764211578675779e-06
-3.122566009634159396e-06
-1.554484535600602707e-06
-1.570536329844019632e-06
-1.929897592925707581e-06
-2.289301181107575502e-06
-2.655878873770021742e-06
-3.010139962279971178e-06
-3.333218033232011003e-06
-3.619960005679177423e-06
-3.872979454557609651e-06
-4.107619228682702775e-06
-4.320736689366062636e-06
-4.512374161707869628e-06
-4.694615461809627958e-06
-4.875396545955162217e-06
-5.054802064344834044e-06
-5.235572567215322145e-06
-5.420512092453582175e-06
