8.350064820444387699e-04
8.692672671254924720e-04
6.927601252020674106e-04
-1.889350894770319830e-03
-1.998695360158799905e-04
2.214235439547347466e-03
-2.579069534000271325e-04
-3.921081151301708013e-03
-4.392607625113684536e-03
-1.792024946131508126e-03
1.724809388122864251e-03
-1.839065420689708951e-03
2.269608752385317892e-03
3.426815643799358165e-03
-6.503091215733397198e-03
-3.306646500991676854e-03
3.486804067069201787e-03
4.569327895400804480e-03
2.125835242681288657e-03
4.015747001566593276e-03
-9.806468680169165119e-05
6.320682180851435383e-04
2.521228419056368523e-03
-6.134266973719583894e-04
-6.816518107875741035e-03
-4.762577632390967326e-03
4.886296243812050452e-03
-2.044862489166525150e-04
5.586591177781709619e-03
2.956210589604855304e-03
-9.804545717489218659e-03
-1.592806012489010039e-03
1.392809881430033536e-02
2.376709761313860331e-02
2.695953615563043311e-03
-6.552791788665525766e-03
-6.201931223020215080e-03
-1.458631291495715576e-02
5.902846427532475355e-03
1.848031234184960986e-02
1.283529514797551643e-03
1.233123855549443648e-02
1.217700092387369639e-05
-4.255564484789470248e-02
-3.210522404027831857e-05
2.953911046733418561e-02
1.421598235217738301e-02
-3.238846041834549799e-02
-5.542507258343927316e-03
1.987109510012120134e-02
-6.529195434113677088e-03
7.227895911527879892e-03
8.123475717990645897e-03
1.055658437223844920e-02
-2.391356327059455597e-02
-8.698762053074758638e-03
2.695552998338054257e-02
-1.500760198875552079e-02
-3.328408028653076153e-03
2.044574044764533097e-02
2.626526650472460738e-03
9.102423968973609794e-03
-1.931359616982659608e-02
-1.074255088807831229e-02
1.210136439179578492e-02
3.041574107905497919e-03
-1.320370274807534071e-02
2.268871616691338182e-03
-4.876344911943325013e-03
-1.528755330557778763e-02
1.121207427576534441e-03
5.342278769294456914e-03
1.733887374441113460e-02
-1.401615448035290271e-02
-2.206767934473553502e-02
-4.706403085103018358e-02
-3.285309627588766518e-02
4.198051875970058161e-02
5.555030552797081411e-02
5.014565866909007769e-02
4.340976077157111118e-02
5.069778932856983111e-02
-3.440741098539974036e-02
-9.374362941296099372e-02
-4.115700999201332699e-02
-3.275999283280023322e-02
-5.333104634842210368e-02
-7.015937350130733996e-02
-6.655077378549700828e-02
-4.209325244681246664e-02
2.995935793634758306e-04
5.140856440914520070e-02
7.917358155733839054e-02
7.734123849368398917e-02
7.832315131213186954e-02
6.128802554770735461e-02
1.159634631797473205e-02
-3.615906973994136020e-02
-6.718639307466445221e-02
-1.089318296467415154e-01
-7.912839193435963758e-02
-3.201925158379569786e-02
-6.378082616847849905e-03
2.003590902648164779e-02
3.225201019151426735e-02
2.502431458859888033e-02
2.536548021739945535e-02
3.976390365383680042e-02
1.936175036027026550e-02
8.346138771639496565e-03
-1.802513105081718229e-03
-1.077628285842238166e-02
2.185583295616138483e-02
6.861884002433489560e-02
1.068870793303979827e-01
9.172131366121684393e-02
9.267798759449042550e-03
-9.187274697226266136e-04
5.947675495008737483e-03
6.782890298010170113e-04
1.988607818433578422e-02
3.180155618373670459e-03
-5.006337189107734620e-02
-5.758536090746960850e-02
-2.240051213525634174e-02
-8.297423717080842573e-03
-6.030394939624452583e-03
-1.728326807358267214e-02
-2.945241689984658476e-02
-3.151399313963964416e-02
-4.109916086472492625e-02
-4.384082490565920087e-02
-1.359077911085965033e-02
1.528867503380775678e-02
4.059951106171872520e-02
5.081933659463147568e-02
2.998123163683198006e-02
-7.394079948797790134e-04
-2.129585019907185087e-02
-1.522465640125452574e-02
-4.936405446313666193e-03
1.607556738713102756e-02
3.837792830226507967e-02
2.060518610319092905e-02
2.201704132749693343e-02
-1.473181709107313506e-03
-3.551351514359418760e-02
-3.013018112108286489e-02
-3.575204263935260335e-02
-1.046332068226102363e-02
1.460914809678152612e-02
1.385751005925728394e-03
-1.135397289685642630e-02
-4.016396001471075200e-03
8.992734972771639773e-03
8.998263490476485216e-03
1.195241490754489879e-03
-1.544747970179337175e-02
-2.347568864368164768e-02
-1.761017172917364246e-02
-5.351084335899714169e-03
-9.083354589064136092e-03
-2.234210214385295643e-02
-1.837206556765760140e-02
-2.052081611560825636e-02
-1.868967490362882788e-02
1.187661812857699131e-02
2.923047495720271574e-02
9.019816697180891088e-03
-6.620608272511651314e-03
-9.625710188254156183e-03
4.218699687745987997e-03
2.095756901429119204e-02
3.504992089083699275e-02
4.360862716205561596e-02
4.279649592355804638e-02
2.976618031045791951e-02
-3.745947325225544317e-03
-1.006262333382709068e-02
-6.663466303240967760e-03
3.969788193515862325e-03
3.880450552343330060e-03
-1.829338434466977470e-02
-1.986356349629140802e-02
-1.905944460229361606e-02
-1.739463966212959761e-02
-1.496577755046667700e-02
-1.841749556097134477e-02
-5.813388601192446582e-03
1.329792791939273661e-02
2.580487718976732375e-02
3.046758094796854499e-02
1.603246097372221582e-02
-6.604415324277599329e-03
-1.482275720114562510e-02
-1.437030010724311968e-02
-4.580889708513984776e-03
1.563392695830322088e-02
3.662955460896836612e-03
-2.072777497403753902e-02
-2.600053864245192164e-02
-2.315535511058049514e-02
-7.095572042114034993e-03
-9.987387418974168207e-03
-1.688569553950364927e-02
-1.372819081903085608e-03
1.250358408568467625e-02
8.213614593613156184e-03
1.078838149861704662e-02
1.165243272947318401e-02
4.108674173075027060e-03
7.359562768692744054e-03
6.415732623652310729e-03
1.597853789523870360e-02
1.848864518012938163e-02
1.654869632984295666e-02
8.242779527592350441e-03
7.894787381277961142e-04
2.368577231646584909e-03
6.645342379982469364e-03
1.208101303676634673e-03
-2.124056502202337909e-03
-2.043732748592056350e-06
-5.409494327303100356e-03
-1.071578965744905167e-02
-3.936328642884786427e-03
-1.286478057573470050e-03
-1.717205673192574245e-03
9.001708798611391185e-03
7.463082259629884654e-03
1.055281857032355254e-02
9.892601383541786003e-03
6.216505677665312528e-03
3.501194237790804416e-03
-1.375855760468501802e-03
1.783427700483245382e-03
-2.043252007922069643e-04
-1.691093442467795542e-03
1.416318100192384298e-03
-1.025419849081679949e-02
-1.812023758002955648e-02
-1.638917055085236524e-02
-1.247113409046057136e-02
-9.919843354841034397e-03
-1.275581269053770866e-02
-5.215323170695463847e-03
-3.560838130247156574e-03
-3.629632120122256583e-03
-1.928427098895740691e-03
2.799633353390179689e-03
3.417945978438103032e-03
-1.872557020698783787e-03
3.594473952457228044e-03
4.216095675783559753e-03
-1.017399492237401441e-03
1.600794319955289261e-03
6.616866507630255433e-03
5.528814161593805128e-03
2.487584584501797806e-03
-2.215132822131322520e-03
-4.031859826355647589e-03
-5.534094296619159609e-03
5.506652016707417469e-03
6.799555974569710184e-03
2.451424873774296631e-03
2.203482873228644438e-03
6.269467274808850727e-04
-2.244345830177515728e-03
-5.689830236661358800e-03
-6.277271298351634263e-03
-5.279750432818183792e-03
-4.178493743046097879e-03
-4.944329655023947320e-03
-6.704425408323836516e-03
-2.156602645560438958e-03
6.911023711250631604e-04
-3.502916891858256099e-03
2.942533517543733344e-03
2.042426736438592363e-03
9.691411413152342669e-03
1.769390072919633031e-02
1.142384054089449520e-02
9.135194457977705365e-03
8.264092363961762430e-03
8.543963557339032469e-03
2.839679051200073596e-03
-1.022455281616761746e-02
-1.056996498755307864e-02
-2.931660766057533375e-03
7.992025194127276144e-04
1.358268664291487418e-03
1.996788422167852534e-03
2.015881839110825711e-03
2.225877376105525867e-03
6.855706484824159591e-03
3.021431073833054023e-03
-1.178848233907942630e-03
-5.177921546570496587e-03
-2.220613265769171181e-03
1.022134787836770711e-03
-5.116971641960679600e-03
-6.875593123872610242e-03
-6.510013881381206992e-03
-5.880323727143597738e-03
-3.826038720845332999e-03
-5.021152014087825605e-03
-7.798302728811626512e-03
-4.400339537555971597e-03
-1.532777527496667798e-03
2.805834908033008265e-04
3.366266356414530838e-03
5.080675721376682122e-03
1.740008805638944582e-03
4.543936775681005694e-03
6.292190283810222308e-03
3.433746321791666771e-03
6.087595067008373141e-03
7.197288755538724936e-03
5.540912801788470954e-03
3.826791881228311636e-03
3.005382347799997154e-03
-5.813612946838440237e-04
-1.866235280888458269e-03
-4.812214106567096715e-03
-5.255497066017353509e-03
-4.526870481896477262e-03
-4.931894496360291445e-03
-3.683523149227768776e-03
-4.904396130037050675e-03
-3.337854582818315218e-03
-1.605417442731661487e-03
1.655342361309782842e-03
-4.549401194629854885e-04
-3.185379666987526309e-03
-1.121167365854035605e-03
-2.423333593958072133e-03
-9.733956962446168107e-04
-1.319929595860046267e-03
1.042558253966706594e-04
3.405847338243437640e-03
2.128695649667709713e-03
1.198037798984912623e-03
-4.524546901991540978e-04
-1.468358277718446938e-04
2.195454504039866164e-03
8.138378678760235232e-04
2.985087079182057596e-03
1.097707221158683447e-03
1.528386762710789125e-03
5.378774998490949005e-03
6.648475206681881723e-03
8.727045629158977635e-03
5.765586953906765705e-03
2.818494412342658663e-03
-2.426057791087997319e-03
-2.629523267315377662e-03
-2.516276790155505712e-03
-1.925590728942818894e-03
-4.387527798700825536e-03
-1.026181021809158961e-02
-1.090295802496388244e-02
-3.692104370187031508e-03
-2.286723120236845274e-04
-5.988754785259102232e-05
-9.493506504007809309e-04
-6.650654564385823000e-04
1.480432880879613451e-03
2.341199050490840971e-05
4.212201676356668208e-03
6.304000479602897035e-03
5.674590757422779200e-03
3.092011816531604895e-03
3.528572418946548245e-03
6.348300732342173312e-03
5.628784183917544780e-03
2.995070460428782191e-03
3.064176931739373642e-03
2.309710536606710430e-03
2.948206257449576505e-03
-3.825357671562850943e-04
-1.760472333491379165e-03
-2.640371981768078156e-03
-4.727483563481936664e-03
-4.142686575476586981e-03
-4.758114756504590662e-03
-4.323388980980096691e-03
-4.585705127558351718e-03
-5.449788407792487827e-03
-7.057248998371593203e-03
-1.920198421094467802e-03
9.484532678168056596e-04
2.817340634734690798e-03
1.818265374368283234e-03
-2.195903195331853474e-03
-2.232367375150346844e-03
-2.279872565689534340e-03
-2.991304658513886400e-03
-1.968785278141126256e-03
-2.066311535392432574e-03
-9.562572913595901707e-04
1.933731270954594430e-03
3.063279549155398587e-03
5.491636883114832390e-03
7.074723921725610543e-03
5.508831374411357444e-03
3.130022378838555244e-03
3.868576257794657889e-03
4.460360010203813508e-03
4.005803682042368384e-04
-1.946951639379228965e-03
-2.389136907633016959e-03
-3.271608518494144822e-03
-2.589333347304487772e-03
-3.827865535391281829e-03
-2.349980580062598426e-03
1.297366833748669381e-03
2.116837379808037337e-03
1.391431758176071452e-03
8.536111459729249333e-04
-1.005813642090721454e-03
-1.053679388132399558e-03
8.102323128511230500e-05
3.465467193666290757e-04
-8.842583636845786172e-04
-1.601579529716267705e-03
-1.898460930466568412e-03
-2.008125889635039608e-03
-5.309732625936356516e-04
-1.172518481753117431e-03
-9.452483300168942242e-04
-3.395038685513235548e-03
-2.271740036022258918e-03
6.149386267790666770e-04
5.049083047014054759e-04
5.935064064766086035e-04
1.094077629100283743e-03
2.201928478395686912e-03
2.711433465136615711e-04
9.754869181590590001e-04
2.138150216177448458e-03
2.283389984924937433e-03
8.605818856877325927e-04
3.326981831332115900e-04
-5.071028858598948226e-04
-4.479301192601290371e-04
3.638605945962009296e-03
3.639295007588990057e-03
8.908284861743970490e-04
-6.029753952064470556e-04
-1.489126274661873445e-03
-3.313969783864475008e-03
-1.512386110744730989e-03
9.568021307855751646e-04
1.798346685941833428e-03
1.068526262490489612e-03
9.397438493455460883e-04
4.074461462060971441e-04
-2.722827019015301199e-03
-1.725690746017839944e-03
-9.411540219775073064e-04
-2.724854142173745294e-04
-1.548529796783232803e-03
-3.806680896533866897e-03
-1.207276032193157394e-03
-4.885815503142062902e-04
1.606531158617130733e-03
3.686559827793184970e-03
7.692595867826046039e-04
6.864544100807415785e-04
1.060121313110221584e-03
1.211626735256537231e-03
-2.837091063926645187e-05
-2.032251058923873201e-05
6.259099301026135398e-04
-1.821670620780689066e-03
-2.644914981099452493e-03
-7.819030664032554237e-04
1.160195495912457733e-03
7.581120118800624939e-04
1.189536701470647346e-03
2.017107727819291568e-03
9.481487987258141155e-04
-2.443925319322503772e-04
-6.784733137245119389e-04
-1.172141901561627678e-03
-8.102403251956228659e-04
-1.918916445974503315e-03
-1.589384741387604195e-03
1.184008183765800169e-03
8.212893482608175401e-04
2.349251456713118233e-04
6.030811581538440738e-04
2.310135190865198699e-03
2.214091217346351049e-03
2.788968922860974014e-03
3.864465925066271502e-03
2.525891603555239801e-03
1.367923539413720777e-03
1.434466060484382820e-03
5.737038970454054650e-04
-3.552272933976893202e-03
-3.728873019096515772e-03
-2.118920589377979845e-03
-1.908933064727779154e-03
-3.667193991137219621e-03
-3.908525807470554329e-03
-2.414808459410308032e-03
-2.895605215808529347e-03
-6.886642146937805133e-04
4.283960233696685552e-04
2.690889813839183130e-04
6.133401640513607995e-04
1.148946164234768391e-04
1.155932928638575574e-04
-4.358186593142635923e-04
-7.433604844215198088e-04
-1.693865713664718812e-03
2.525330739440255541e-06
1.160051273711461750e-03
1.143457708252420104e-03
7.009271079506918488e-04
1.072027657036892694e-03
1.873494465005257894e-03
6.552110739383044252e-04
5.819790464447768905e-04
1.132216388919230496e-03
1.333021766772684615e-03
3.155685918271346202e-04
5.983955390903735166e-04
1.359766972712946097e-03
1.711380698741234987e-03
2.245435509029485716e-03
2.188756184038050893e-03
2.354611715183470549e-03
1.699482367159063775e-03
-1.395734387172452676e-06
-9.279897399643708593e-04
3.090954187057634144e-05
-6.753541080107481036e-04
-3.392538834029304885e-03
-2.744452336820203762e-03
-2.697315714128005362e-04
5.111387037844333575e-04
-1.844473753227059403e-03
-2.619515849035154026e-03
-7.770900510622383425e-04
2.548366229877119119e-05
-1.240246829809746928e-03
-1.062981720096642640e-03
5.238038167352335748e-04
-9.320920603482575660e-04
-3.124381688310710805e-03
-2.610926615731391613e-03
1.064399905073103430e-03
3.075658621407556265e-03
3.702784825405236544e-03
2.547404748537145970e-03
2.416426952999263002e-03
3.376434021584749385e-03
1.912081916116192392e-03
1.530926675917218842e-04
-1.798194451396337656e-04
6.091481054090765439e-04
-2.373969539494935783e-03
-3.060371068101978582e-03
-2.039301922083678817e-03
-1.939644381195431040e-03
-4.061890093540819046e-04
-9.355213437941627651e-04
-1.852910751985326369e-03
-3.157777140185788500e-04
1.958481403114410810e-04
-3.665871954294755864e-04
-2.673663273164658704e-05
-1.267817307233485473e-03
-2.207272712177039704e-03
-2.600510567881679502e-03
-2.090348568891768882e-03
-1.564378214203795059e-03
-5.054218959838413039e-04
4.295778441833859526e-04
4.372801109510232316e-04
2.029590960549946827e-03
2.202817848635162720e-03
7.715711481707907167e-04
-1.652441892600862950e-03
7.711609161324021544e-04
4.229836846600680024e-03
3.646810586729782276e-03
1.048070746982554275e-03
-6.160050698319871794e-04
1.157279002514538264e-03
2.072416941901264117e-03
2.507911902497736521e-03
1.413233347559969370e-03
2.299038093733005291e-04
-2.869877577619739996e-05
2.964431255061628296e-04
1.217467734396876066e-03
-3.737782746180270065e-04
-8.902275603369137497e-04
-1.430956653593479840e-03
-2.606191320132022343e-03
-5.176703670206530411e-04
5.644656638371605860e-04
-1.592132975551028423e-03
-1.557944301570472713e-03
5.029885469592584868e-04
1.748686174732204835e-04
-6.152446983389582005e-04
-2.641261352007553530e-03
-2.854622073692161116e-03
-9.036722744075422658e-04
6.664852438839429611e-05
4.190135679604277473e-04
1.076306248999774539e-03
2.057297647830181458e-03
1.384893685064252176e-03
-5.947811704865234002e-04
-5.072519154675907442e-04
8.467125173586154824e-04
6.620504112033155034e-04
-8.519445783169710129e-04
-1.745417138176295034e-03
7.635315616997128026e-04
1.620192205989253549e-03
1.949387392107161752e-03
2.886270834466286893e-04
4.511198336054909929e-05
4.986338377236287011e-04
-1.180514801563896550e-03
-1.243427730576159105e-03
8.793067347837153725e-04
2.873659404223635229e-03
1.610889874025010467e-03
5.916283129258604299e-04
-1.643315832215615007e-03
-6.608509632316985488e-04
7.784553545650006777e-04
8.174354105564241805e-04
1.034690131667923989e-04
-5.203785394615782160e-04
-1.139812091505020605e-03
-9.746616466755818288e-04
-4.232977685644593582e-04
4.057803797845931592e-04
2.038340440743705234e-04
-6.947808384849115879e-04
-2.784057355682609930e-04
6.918499228668923849e-05
-4.229780760189182261e-04
-9.622264880119253032e-04
7.934192091527872805e-04
3.420854459491522821e-04
7.672893512701090208e-04
1.466523450827997505e-03
1.306148363320426727e-03
1.762988209664309623e-03
9.324205664727483684e-04
-2.508921457904708511e-04
-2.528495615517668046e-03
-1.519180578880543293e-03
1.535637934483088636e-03
1.525959022327356236e-04
-2.233881708260804667e-03
-3.164130929374113065e-03
-5.010495595903119610e-04
2.125610897035295002e-03
1.252016963879921951e-03
9.702869065787025709e-05
6.024233446704122625e-04
2.860863690057488746e-04
-8.004836932982422205e-04
-1.169417704431702926e-03
-1.283080823505563899e-03
-2.426666729269980408e-03
-2.545473773512699125e-03
-1.242626496126181300e-03
-7.067024058661322853e-04
1.709361587927290789e-04
4.835898596908442095e-04
-1.172382271896621345e-03
-1.617451984170329218e-03
-1.104701997906990365e-03
-1.283833983888542970e-03
-2.132052822013117029e-03
-2.082392310803488598e-03
1.609968454407535937e-04
6.395429342689870405e-04
1.384028351858275843e-03
2.952821367881449267e-03
3.164323225642107999e-03
1.413457693205963242e-03
8.771594264577745525e-04
1.122873995232488362e-03
1.903404547022931759e-03
7.719661567546299077e-04
-3.396120352020705747e-04
-1.788691810819599852e-04
-6.533666322344553867e-04
-1.201427020708318878e-03
-1.308095363033872933e-03
1.574209360905023556e-03
1.875465501752203576e-03
8.238452861562470513e-04
6.317853823243013917e-05
-4.653890179251469073e-04
8.231161628067672383e-05
1.907851398220308846e-03
2.225661042804031892e-03
5.216012232322444797e-05
-1.459616809869188373e-03
-1.233764843109425849e-03
-3.458191984860491878e-04
1.904934904822389377e-03
2.022644257868638426e-03
7.275192781110074612e-04
8.422897031947376538e-04
5.197063037580468064e-04
8.191260152458773591e-04
-3.369583467037438884e-04
-3.715284082824891814e-04
6.966533233945098333e-04
1.963833649240263012e-03
6.977678405144290691e-04
-1.776593170624934080e-04
-1.515374715243148287e-04
-1.644052967909594664e-04
-7.562363220326642895e-04
-1.152014892178183578e-03
-5.443530766738160836e-04
-7.415024217320211617e-04
-1.029506144776567165e-03
-2.127469760959243856e-03
-7.208834543962906304e-04
1.931800295930147693e-04
1.013449406399010615e-03
4.322844141554111480e-04
1.806975980968095002e-04
1.880617439265561271e-04
-1.565860497936254214e-04
4.378345651904078854e-04
-2.305031327418839574e-04
-5.277002198654759564e-04
-1.397977843632390626e-03
-1.059560448995237013e-03
-8.134773123735333485e-04
-1.205937970661694492e-03
-1.630039377379481624e-03
-1.223581153250207290e-03
5.831536561484445023e-05
1.267376628285997626e-03
1.004387444769760766e-03
4.559681032623071344e-04
9.881624471577089212e-05
-5.467143145979009092e-04
-1.585082112391223309e-03
-1.973504549051495732e-03
-9.126701372807939118e-04
-4.293350701450426420e-04
-7.489675231024650040e-04
-9.442708239879210640e-04
-9.861994227552631914e-04
-9.766246710780275044e-04
1.090960827089869876e-03
1.348453542279258498e-03
1.791327872160027035e-04
-6.948184965040605631e-04
-5.441591779369214012e-05
8.489880231965525994e-04
1.117513736762136426e-03
7.482231762984356029e-04
4.006364546157351980e-04
-1.121047180686539043e-04
-4.257287138856922332e-05
1.035547452529400180e-03
1.607164133832613296e-03
1.637707191065769724e-03
1.330586014044751828e-03
1.013160961997018432e-03
-4.176082027351664540e-05
1.203718551235255681e-03
2.706682144848246863e-03
2.079547928506067338e-03
-7.258703376129529896e-04
-1.451219872833420244e-03
-9.513216871477263954e-04
-9.571947356660641696e-04
5.876413703027705368e-05
2.960280860610742747e-04
2.824319386793998138e-04
-3.377139107900729831e-04
-4.966019071584848845e-04
-1.173760395150583082e-03
-7.430191585458292792e-04
-1.912610730853177429e-04
-8.412000243427677744e-04
-1.367178391375241386e-03
-1.062605139905152887e-03
5.634689281813880923e-05
1.527329133236818076e-04
3.705028281865174506e-04
1.041436525736737749e-03
1.066098522107056506e-03
1.057653511004289859e-03
8.108172139996068799e-05
-7.994861564080197507e-04
-1.350112097590712738e-03
-1.962167081584309091e-03
-6.394339663837900634e-04
5.630154294827006403e-04
3.143787586689174881e-04
-7.975535789146731428e-04
-7.916524871905861616e-04
-4.002654830653954820e-04
1.095343579531248869e-03
9.960465941454912670e-04
-3.027432319863388420e-04
-7.382365901139113741e-04
-1.205729649704700198e-03
-7.948502138804477979e-04
-1.371224625347629462e-03
-1.046412191671100252e-03
-2.735863103516441024e-04
6.152262699466087348e-05
2.123495638087353446e-04
7.251203821677736604e-04
1.915431076117099811e-03
1.847766826816468408e-03
7.167098241463559219e-04
6.816734441177235071e-06
-5.787500716113660884e-04
-4.764765002439406549e-04
6.204222753547151612e-05
-5.345595879917365610e-04
7.715751543430406382e-05
7.149911762511533195e-04
8.124837816555607189e-04
1.331138865815236503e-03
1.614014688379924014e-03
1.529804947687249915e-03
1.223781461862701470e-03
1.979273437091336413e-04
-2.397718128592279583e-04
5.260665028219710729e-04
1.308824486383352746e-03
9.332858996787245925e-04
1.814627769965383632e-04
-4.004249287209411074e-04
-5.611918198745509688e-05
7.685721276245236063e-04
-4.375220837549165524e-04
-6.788002173801028702e-04
-2.373873391360938371e-04
3.574106572738790493e-04
-3.995644029216648759e-04
-1.303303981023005466e-03
-8.063463257687304535e-04
-4.093683076515940786e-06
3.751563978719889064e-04
1.065569707370070988e-05
-6.031716976466916530e-05
-4.021107260036945036e-06
2.038204230887208878e-04
-1.261038863786672639e-04
-8.547569112363932265e-04
-9.775941647625007672e-04
-6.582982302740691049e-04
2.072224645633269509e-04
3.757068459391237200e-04
-4.647648562886141227e-04
-2.333819681206544783e-04
2.308372475075247420e-04
2.080501397501540914e-04
3.518861457412816309e-05
-2.943679282807201637e-04
-5.455765616789322965e-04
-4.988437611495228664e-04
-5.451719382816934455e-04
-5.179347743891456407e-04
-1.956975082348452071e-04
1.861275639643095398e-04
2.273430640711712422e-04
2.200053589782738968e-04
3.868367936837663405e-05
-3.835653534245067196e-04
-8.628253421476704457e-04
-4.490021709541994676e-04
4.758563447796577782e-05
-4.298382453796287662e-04
3.879473046314356683e-05
6.258682659112148328e-04
5.545279529540849718e-04
3.831382954626684815e-04
3.342357520427190610e-04
-1.509125086533321086e-04
-1.219070203296831675e-03
-1.247746384261539786e-03
-9.622905867679233975e-04
-5.826705117751078368e-04
-4.856386161794376343e-05
1.703127983906463111e-04
-4.358515099267126834e-04
-4.623162838094817717e-04
3.215458008239695416e-04
4.863517148399178831e-04
2.605229838792048978e-04
1.917578384443040305e-04
-6.092290300885243006e-05
9.542301682011460756e-05
-1.969826882926097619e-04
-6.527048125787736268e-04
-6.162718809038297482e-04
-1.485280349301979535e-05
2.305071389141338518e-04
3.851886544201618722e-05
4.387351527121830072e-04
1.466972142119985032e-04
2.191776837914467563e-04
6.936951658051915487e-04
1.365367601518291266e-03
1.617347823691832071e-03
1.041716957794229818e-03
3.016615654788686973e-04
1.946414812297743815e-04
4.683239397154158150e-04
2.965657143770094695e-04
2.414087348405327736e-04
-3.224552019246944420e-04
-5.887454713748400958e-04
-1.918403655926517531e-04
-5.239720759697289246e-04
-1.219174363775328958e-04
-3.690806370378067660e-04
-7.527092879838616444e-04
-1.089622765558406975e-03
-7.530418002806025038e-04
-8.210409655813245995e-05
-8.894743999539344616e-04
-8.294939890285910620e-04
5.127283529331894563e-04
1.417976655503838321e-03
9.204741608235782942e-06
-5.439933224057760070e-04
2.170624248435052003e-04
5.106074853440980806e-04
-4.626880565942715045e-05
-3.283771257444808851e-04
3.414572781403696030e-04
1.021589948410785717e-03
1.044048550043665457e-03
4.606849704693268574e-04
4.213435577409632986e-04
9.131508779507804862e-04
1.335802050314107998e-03
2.003430655758169174e-03
1.182085221085853221e-03
2.378800983228302303e-04
6.612043076241388160e-05
-7.239754181387552500e-08
1.102931269772539161e-04
5.881293220828070052e-05
-3.520359765834275151e-04
-6.532720865693578995e-04
-1.073317644501357079e-03
-1.063734880479621928e-03
-5.384607985286788811e-04
-2.611022763865388538e-04
4.068916919667124902e-04
8.365288274993967071e-04
6.813241058975332259e-04
-1.841621358585138137e-04
-8.241657799362382816e-04
-5.140736255747023736e-04
-4.467458947430617789e-04
-3.393243920345285439e-04
-5.853866965605328005e-04
-9.417950095374895501e-04
-2.351823419297547322e-04
7.789376977038873400e-04
9.231422715420046533e-04
1.992686101783966099e-04
7.201487224056610248e-05
-7.473410171690099467e-05
2.423493840848067857e-04
6.730922231584605953e-04
1.386512178653207525e-04
-3.380408144456640228e-04
-2.431265815012853321e-04
-2.618714614585176113e-04
-4.211272244394692697e-04
3.425950310593382428e-05
5.131874602730267416e-04
-1.183615578885310947e-04
-8.216338790743081370e-04
-6.825836464528984345e-04
-2.978204475256747939e-04
-4.265467742591196325e-04
-4.199117517788528999e-04
-2.639386463394605424e-04
-7.207696791043938234e-04
-5.839228412204232463e-04
-2.282188133249970347e-04
-1.417656161723847307e-04
-2.425376741805516077e-04
-7.700167533378336510e-05
-3.469753797973672391e-04
-2.035087428876795174e-04
-1.347123493092295115e-04
-8.872069064604971335e-05
8.319698034790227927e-04
3.824941029648862788e-04
-1.331900038542715742e-04
-8.728808344948928155e-04
-1.185153949029268353e-03
-1.189929306351136459e-03
-4.770614013924244848e-04
-2.055919524576219721e-04
-2.699495071831945446e-04
-2.349235432024118845e-05
-3.022953419288012503e-04
2.030272009832427839e-05
1.887796499937362737e-04
2.669937532972261936e-06
4.926301879899445523e-04
9.244723207289678741e-04
4.724214526926026375e-04
4.249827646127628798e-04
8.023882275858396215e-04
9.366590967131313778e-04
7.899017899173845121e-04
3.407930547813379824e-04
6.236648711737755989e-04
7.134255641358965873e-04
3.331004028271004717e-04
-2.589076952280495205e-05
-1.391720202578063527e-04
-9.318196406352651030e-06
-4.830722622361585412e-04
-1.729825115779725752e-04
9.186473462776287790e-05
3.015365729046721966e-04
2.320262794312918844e-04
-3.741468424650168075e-04
-9.229419629295101480e-04
-4.046578503201741887e-04
5.737768093803534463e-04
9.184390253206345389e-04
5.657035710623763971e-04
2.041353082275622170e-04
3.321493375349767016e-04
1.658987978057182070e-04
6.843255301471503325e-05
2.446312997983437934e-04
6.190890212299520086e-04
7.456311828527572043e-04
6.805332874954050709e-04
2.534913503461990489e-04
4.898635254341709538e-05
1.073990681439338478e-05
7.180711214768683355e-05
5.426360312475134607e-04
5.360226420973961256e-04
1.799708784506795750e-04
-1.867477194285924028e-04
-1.146454325095337326e-04
2.366502034421142080e-05
-2.448436269275879279e-04
-8.135013494070327152e-04
-1.074287138185830342e-03
-6.501713092479436112e-04
-1.892748128838226090e-04
-2.429719432524395908e-04
-4.103281865226675968e-04
-4.809449847714672476e-04
-4.621800739529855775e-04
-3.926537557906056874e-04
-1.623877884459151667e-04
-4.371503109701267925e-04
-2.716216834802983389e-04
-2.855936098190124542e-04
-1.881138241658046736e-04
6.571628810584504614e-04
5.721991787483470850e-04
7.307386381310184949e-04
1.778964824596868718e-04
2.393279289739402339e-04
4.879854318834228209e-04
6.899277614213955622e-04
3.434371284662649545e-04
-4.411380548276665941e-04
-3.351996370860424500e-04
-4.352449754480794560e-04
1.885969685391413256e-04
3.489744597500620189e-04
-2.586761384720058900e-04
-2.914089694569518894e-04
9.959664707004934323e-05
-1.553048759081107882e-05
-3.789430318825843754e-04
-4.079981967421318829e-04
-3.723160217468173775e-04
-4.392575575735685597e-04
-5.856511039290255086e-04
-1.074495459142824636e-03
-7.743426181332642129e-04
-3.174963619137813981e-04
-3.597951309970131976e-04
-3.046181205992870566e-04
1.235367312009381675e-04
8.363926176429006213e-04
-1.521712479742473326e-06
-1.519621257828030977e-04
-5.742287056101409324e-04
-9.435256759494417816e-04
-3.160100720090724567e-04
-2.935715012374421349e-04
1.353180825534127762e-04
-5.558419774520487639e-05
-1.946230528374249158e-04
-1.056075079137833319e-04
1.239181187991276415e-04
6.929508190011620392e-04
6.046716085370501623e-04
3.185003086796036774e-04
6.123963098692868827e-04
7.543782593431656424e-04
2.541299342028314860e-04
3.218102081924622496e-04
1.011854949843554469e-03
8.334600995559814660e-04
5.384599972942287829e-04
6.175218066457952969e-05
1.382594142192815746e-04
4.321538129400647734e-04
5.288916554925931221e-04
1.039441451956292593e-03
7.293565087048067006e-04
3.541688626892685742e-04
-4.603123964500871213e-05
6.725834392827247056e-05
-1.109124812070868268e-05
-2.490789522301709784e-04
-5.507012572209907210e-04
-4.374123146352695856e-04
1.538330082235014518e-05
-3.940126494177681590e-04
-5.367333370545265001e-04
-5.102525384827578340e-04
-6.329607932624188644e-06
7.569325947696950115e-05
-4.028558740421739012e-04
-4.981266563167926825e-04
-4.249322868424142315e-04
1.760969098850365534e-04
2.908561176864671066e-04
4.611576987948137513e-04
5.512717361493750610e-04
1.815989868530345846e-04
1.087651728811461186e-04
7.308123517004164388e-05
-2.421530816445622018e-04
-4.882346157973659409e-04
-1.373307834917571917e-04
-2.373849354327439221e-04
-5.916090832990610017e-04
-5.710157554657297081e-04
-1.890921314292276677e-05
-1.995185953267896925e-04
-3.459201540267463760e-04
-4.687806433519031853e-04
-2.984806647124565743e-04
-9.397358370010463807e-05
1.178904320319440989e-04
2.050599327828366784e-04
4.334758497825282595e-04
7.891606480511550699e-04
1.044425130235155210e-03
9.502560453292558827e-04
1.347732431274278365e-04
6.598237806668270282e-05
-1.230888411434005215e-04
4.161419436917069984e-04
3.499263262766357245e-04
1.292214896235311739e-04
2.355172579298455066e-04
5.380193183467410175e-05
2.031329639306398631e-04
1.141110091313984832e-04
8.909086096193949379e-05
2.544864835330715969e-05
-5.689710051493861642e-04
-9.162115935496960469e-04
-8.713424643509351921e-04
-3.751499879963891512e-04
1.776897639715925841e-04
-5.936570385532043961e-04
-9.614973646624453817e-04
-3.891611748231521670e-04
-5.627846739611070672e-04
-5.506555868573419568e-04
-6.154025415256037922e-04
-6.599191275663743696e-04
2.754451742755927731e-05
-1.534363971707623829e-04
-3.498670349273374060e-04
-1.957559983496936172e-04
-1.865698453806973118e-04
5.177360682455511690e-05
4.302596947003170763e-04
5.306671910337440196e-04
1.815877695707348910e-04
6.571108008192018879e-05
1.113114959631758072e-04
1.065193127178581473e-04
1.252681988473403345e-04
1.109124812070868166e-04
8.110736090235997990e-05
1.943882911435813941e-04
1.553874030564585107e-04
3.591533422025809099e-04
1.147031213899321394e-03
1.095159295607753833e-03
8.266335820421700066e-04
3.752934089629351446e-04
1.582622322629791372e-04
2.656773250959125086e-05
-4.766343434305863550e-04
-2.504314359817335863e-04
1.108347614654389714e-05
-8.824235367941291844e-05
-8.478182208995849395e-04
-3.556783883930268926e-04
8.717510939204239917e-05
2.273062072864722566e-04
-8.977511518222060021e-05
-5.922428597489934462e-04
-1.438712603069265726e-04
1.010901480848080838e-04
1.867813712754914836e-04
1.286510106951469152e-04
8.928075352658425463e-05
1.646721078628020894e-04
3.077445374231006911e-04
5.871101518624351922e-05
-1.954723613544014538e-04
1.771248936843581722e-04
8.405109627157867974e-05
-4.158430832418652198e-04
-5.221588824094289434e-04
-2.411515385820898647e-04
-5.835454597944836260e-05
-1.113363342311251230e-04
-3.353582815071380857e-04
-2.890260982027177206e-04
-7.680272881985386125e-05
9.679793513627664339e-05
1.839594235426694204e-04
-6.176508053922417734e-05
2.539576687960862350e-05
7.246324303877371784e-05
6.013865472921408380e-04
7.095139375511046176e-04
2.574366287778900994e-04
3.891042871772037092e-04
2.769018185056525486e-04
2.540810589013827630e-04
1.889599277449813069e-04
1.532649329984671284e-04
1.995963150684375580e-04
4.803488663406837783e-05
1.785735255699181519e-05
5.008011769108189392e-04
1.163616767013863360e-03
8.902996714374116329e-04
7.917069711331847044e-04
3.149844919131007800e-04
1.645262831929061268e-04
2.255699322333702325e-04
1.589761321579093894e-04
2.369402503130061809e-04
-2.898081030258960970e-04
-6.300659331946487996e-04
-6.878317321002534344e-04
-1.909109336306774346e-04
-9.234948146999949579e-05
-1.295163439011230038e-04
2.449165392625358550e-04
-1.247682285505541692e-04
-7.751069957985430321e-04
-5.235289933188912170e-04
7.601575634308559734e-05
1.594961333159450269e-04
-6.008240807082563953e-04
-4.746761264348404552e-04
-4.580408967843998446e-05
-3.555333649575809197e-04
-4.489797363896000804e-04
-4.581923300954456133e-04
-5.115449296505721879e-04
-5.946922334625758411e-04
-5.362245531787906104e-04
-2.423469803814568707e-04
-1.573960978225530318e-04
-9.782511770114827242e-05
6.620904729258143395e-05
-1.305972091741431859e-04
-5.594595509936987985e-05
-2.214868414762829812e-04
-1.133626561551191606e-04
-4.609798247469186331e-04
-6.232105712406382520e-04
-6.842886733624513199e-04
-6.489942958409260438e-04
-6.512193239085146751e-04
-4.724727316974012756e-04
1.635399635849833845e-05
1.814908202022875972e-04
5.735781032367589204e-04
3.789790874328333712e-04
5.268276755494500415e-04
2.012805098822910627e-04
1.817672460875299615e-04
-1.687936578734882447e-05
1.988503657955081367e-05
4.259498545938861193e-04
-1.092603357712324539e-04
8.493485786990427470e-05
2.228521449790452893e-04
3.265615284808310432e-04
3.890738402681045332e-04
-2.726696981408694028e-04
-1.159931088543965106e-04
7.268422350007760048e-05
4.176771088978646493e-05
-2.311801758521152782e-04
-5.464122492102592394e-05
7.085853068235803973e-04
5.437793928076318931e-04
3.035677022353660778e-04
7.108063287189189986e-05
7.179725696395210081e-05
8.354872227144255882e-05
5.447128309418562008e-05
-8.569042195623341007e-05
-4.524859383427032907e-05
3.124085231564218914e-05
-7.728787627931546045e-05
-1.269636109434935057e-04
3.228718438386829221e-04
1.029818626212058389e-03
7.789417038761371802e-04
1.052765980859424689e-05
-1.629863105800486526e-06
6.823849403093038815e-05
2.466167587653889104e-04
3.414973398628685475e-04
9.319318134582618696e-05
-3.787507356145896589e-04
-5.259014485252756820e-04
-6.178078473444374160e-06
-1.559033980422442809e-04
-6.966316900643604359e-04
-2.640836697749065153e-04
4.123352788198621113e-04
2.541491638296309143e-04
2.857634715224077835e-04
4.457499603217393428e-04
4.928128694445395004e-04
2.294278761100136492e-04
6.829946797257370136e-05
-3.035949442066652950e-04
-3.889504501628079577e-04
1.223132461958219546e-04
-6.419562524323204396e-05
-3.589185805087374018e-05
1.744872298750310094e-04
2.678967445223512118e-04
1.943121738708334810e-04
4.216111700472559656e-04
4.714231145679302458e-05
-1.220784845019784329e-04
1.289618896617383263e-05
8.055771406967515604e-05
2.887304426906758467e-04
1.088428926227939840e-04
1.989417065228056244e-04
2.838917878472594736e-04
-1.332452890313200254e-04
-2.182330283749228227e-04
-4.249715473304631862e-04
-6.795277382606828122e-04
-3.106145592229214605e-04
2.445952442480947705e-05
2.620589503198124436e-04
1.410244743061551801e-04
3.856117062097501888e-04
3.767652766475444877e-04
1.685556912418448251e-04
-4.075759461869936102e-05
-4.292036676952462777e-04
-6.782425582029182574e-04
-8.562872690358511694e-04
1.250414494979965983e-05
-4.263344471298755522e-04
-4.697565469119762576e-04
-3.450804603231695522e-04
-1.181484295248369704e-04
6.832326463573804942e-05
-5.160703018240472113e-05
-3.470490933667651966e-05
-3.852639704584597956e-04
1.267360603596998103e-04
-4.338532312084678391e-04
-2.628305390951411703e-04
7.886518641754190989e-05
-2.183588221835693944e-04
-2.533198861739037943e-04
-4.188605321804818771e-04
8.394453208973161763e-05
4.299063503078768464e-07
4.712684763190845181e-05
3.340162138034251816e-04
2.711000798533627762e-04
3.836390669939046365e-04
7.279102805225965951e-04
1.893909918790694124e-04
-4.848566113562592173e-04
-7.673662697773068423e-04
-1.078653865938209729e-04
9.773377697385079836e-05
-6.353660990812524815e-04
-3.161070213775197505e-04
-3.598952853032604503e-04
2.925170767012712344e-05
8.073158194532035266e-05
3.047230823122341935e-04
2.594637519363341403e-04
2.645972610573423434e-04
-3.446373776723318176e-05
3.774535370400754801e-06
5.021672816480311557e-04
4.043093133344338058e-04
2.990944103011396009e-04
-7.868218446916695503e-05
1.136767400595104730e-04
4.303622527099142982e-04
3.751732237954384739e-04
-1.143089140405430228e-05
9.448877745144041850e-05
2.566866733327108244e-04
4.848013261792107661e-05
3.670054398123640460e-04
7.989357083408849642e-06
1.963032414790284990e-04
3.007521643781438511e-04
-6.194183285888928549e-05
-1.840756025379161967e-04
-3.190828061247375923e-04
-1.072276039716385933e-04
-2.194292714087398184e-04
-2.359955948964822744e-04
-6.428287967483463546e-04
-5.854604101299307715e-04
-2.566353943279122405e-04
-2.147164103739699628e-04
1.564105794490802453e-04
-1.724424795586874926e-04
-4.299359959825260497e-04
-5.299981602680125690e-04
-1.253988000626867362e-04
-3.419027644945573746e-05
2.435079690994748061e-04
4.633915404413520663e-05
7.097134449291491603e-05
3.074729189445582381e-04
-8.464481099901228827e-05
1.529612651419255199e-04
4.885334762472077195e-05
1.341779259310942757e-04
7.494586798203014448e-05
-7.827211267766828772e-06
2.739188226483849076e-04
3.364383455457082509e-04
8.372900002268757842e-05
5.723393947770931737e-05
6.936150423601936869e-05
2.264136321091969237e-04
2.492087522110673632e-04
1.086874531394982666e-04
6.674491289272663230e-05
1.116103564130175452e-04
1.042438068799209896e-04
1.255678605316320757e-04
1.365928465633275729e-04
1.501930001172519825e-04
1.685749208686443076e-04
7.734444343148389790e-05
7.807108295416883496e-05
2.211479193039423666e-04
5.257011399127811766e-04
2.582811298881668074e-04
1.413033038947474865e-04
1.954331008663525194e-05
6.955997000927890311e-05
8.058655850987436623e-05
-6.655253650128695479e-05
1.690548603041810217e-08
2.747777459787612139e-04
2.806556019037988723e-04
2.578436558784788653e-04
2.596752778311282850e-04
-9.859670647647695847e-05
8.862133757425246395e-05
-4.583469683442913545e-04
-7.974918838620249093e-04
-7.390129862959399307e-04
-1.847005654088989439e-04
-3.734057005987872670e-06
6.504445301953859894e-05
2.607240937261493387e-04
-1.516175949693126363e-04
-1.946583071532239219e-04
2.669625051536770634e-04
1.121015131308539725e-04
1.437302430437304671e-04
2.183956789682683257e-04
1.911721360613702109e-04
1.190738553145614215e-04
-1.016277764007432515e-04
9.883547434257036106e-05
-2.969519093818988277e-04
-5.058826057925784603e-04
-6.335216573774034429e-04
-3.506642632050653704e-04
-2.355356863221949723e-04
-3.727831414311544924e-05
-3.848785766880204271e-04
-3.455235429740073140e-04
1.492050780404292540e-04
1.929757148082703966e-04
8.924630044523519765e-05
9.659602405488222124e-07
3.301718909124313193e-04
2.418926804483194153e-04
-1.491105323753318752e-04
-6.386912220486606418e-04
-6.754742931782447201e-04
-5.213544430216511798e-04
-3.311862537261033024e-04
1.163128013999376698e-05
-3.241962843844963232e-04
1.959154440052391884e-04
-6.021637447086194996e-06
-3.348599136792518457e-04
1.109509404606857545e-04
-9.760638069630430140e-05
-3.168305360858497980e-04
-1.476266461739728488e-04
-1.770503788805102114e-04
-2.767295530989073043e-04
-1.461475673793137065e-04
-1.424658950816653743e-04
-7.469011394559720659e-06
2.422908939699584027e-04
2.080861953004030872e-04
2.040447687347147056e-04
6.574497229915426109e-05
-5.352839039345165442e-04
-2.612456973530849014e-04
5.031055271889551850e-05
-8.467766161146137935e-05
-2.958061441184304261e-04
-1.725770869462837616e-04
2.158565669962884904e-04
4.623082714649819286e-04
4.667278806910599067e-04
1.283321193840557186e-04
9.192402597706125062e-05
3.821487709169458548e-04
3.622933800120441529e-04
-3.127618675488621721e-05
-3.706061874305646283e-07
8.607741819557271736e-05
-2.646982165980395722e-05
4.804386045990812763e-06
2.626614786261958307e-04
3.215233662593701544e-04
2.285569342628877138e-05
1.343173407253904288e-04
1.699009638833576746e-05
2.516757530825492069e-04
6.596090498342328974e-04
2.619956527982641764e-04
1.391519893965568805e-04
8.472493444401006874e-05
1.281398231160610292e-04
7.959831593927165806e-05
-1.168103679933739337e-04
1.958569538903908325e-04
4.331193004522881419e-04
1.053959820189891871e-04
1.771361109666578658e-04
1.456908637428263022e-05
1.528867503380775862e-04
3.349760926744986219e-04
-5.987384674349640527e-06
2.426794926781976759e-04
8.305676431915614178e-05
2.651469078900271672e-04
3.516025087459894675e-04
1.349663406298724885e-04
-9.012926080911081643e-05
-7.760660734351666724e-05
1.548778179462725771e-04
1.225255733250660891e-04
2.299486785024992765e-04
8.761658957398020856e-05
1.545789574964308527e-04
2.781877997978670389e-04
1.358557108693479439e-04
2.006122803510094934e-04
6.784861334757115916e-06
8.441565794631861338e-05
-1.436188714551835479e-04
-5.062792168453176308e-04
-8.737221306673695646e-04
-7.111196113888602942e-04
-2.733819955668997568e-04
-1.703696860365947418e-04
-3.189514036749412280e-04
-6.187108385695623851e-04
-1.397753497986397025e-04
6.917377500438955844e-05
-7.278606039866979366e-05
-1.639854499391710544e-04
-1.462349019343612725e-05
-3.630225033615240744e-05
-6.827983772854925111e-05
-3.264725914568834841e-04
1.219358647698823750e-04
-6.673617943722188247e-05
-2.329701336133658282e-04
-1.097226480488696845e-04
-2.616102590278248621e-04
4.723469378887547649e-06
1.463639006808077354e-04
1.176444530558008870e-05
9.970241001744642917e-05
1.103964862213010600e-04
3.119934837113333501e-04
1.494406409687227383e-04
-4.662775869301723458e-04
-2.712995872314072918e-04
-4.459903306567326300e-04
-3.830701905344203742e-06
-2.550289192557066284e-04
4.331000708254886594e-05
-3.031550664936274921e-04
-6.750007636183078365e-04
-4.347778557637422734e-04
-5.153019179865184164e-04
1.902258781759463520e-04
2.454317330138716625e-04
1.152375447680673719e-05
5.275263519898308547e-05
4.478331698916817433e-04
4.129225836716959646e-04
-1.218685610760842405e-04
-4.098450421493308907e-04
-1.839642309493692775e-04
-2.196103503944348142e-04
-1.526311565485346296e-04
-4.776479050098083484e-05
1.111720811688796540e-04
2.197169145762818492e-04
-8.223469777347883452e-05
-1.862950219643549270e-04
-1.152671904427165480e-04
1.871251008545319824e-04
2.165880940491182998e-04
1.390133758367107441e-04
1.656391978439253763e-05
3.211644132257801217e-04
7.549279061758504663e-05
-7.527854052566095304e-05
-3.367492245122996722e-05
1.510142654284792865e-04
4.931357669278805915e-04
5.950479815583659419e-05
7.241909502057993148e-05
8.974787321092134239e-05
9.898450395026624194e-05
1.203598366067759118e-04
1.262865678332622120e-04
1.631121043886951769e-04
2.694567479964581785e-04
1.562078671332358521e-04
1.897235041758102176e-04
1.824106373508622015e-04
1.964314389910249315e-04
4.309078933703491869e-05
-7.971978308188830149e-05
2.241517472569093882e-04
1.292968056618290973e-04
2.492552238091660629e-04
2.749964829836051646e-05
-7.654985922744085352e-05
1.386768573677200174e-04
2.781309121519185811e-04
2.277853454875590413e-04
1.630952784652456365e-04
1.738101867647997157e-04
5.872760073935806135e-05
2.750597805051534250e-04
2.331760508670101262e-04
2.475710289953125852e-04
-1.385999388605221416e-04
-2.669224434311781189e-04
-5.279566148894688214e-05
1.569177608559162369e-04
2.985832227220537420e-04
3.567512413215472586e-04
1.868663021271891483e-04
1.550973561855665243e-05
1.141406548060476696e-04
1.524476738594896918e-04
-5.752991548353113700e-05
1.334271692514650109e-04
8.345577907524511885e-05
-3.122739157688256360e-04
-8.006968216619363447e-04
-5.034356357823461430e-04
-2.223585845578589064e-04
-6.247080784276468329e-04
-6.971148344376970878e-04
-5.907557686098345150e-04
-3.707367886459109825e-04
-1.584425100142241433e-04
-2.008149926668539070e-05
-2.226975067301995481e-04
9.406171948960220742e-05
2.956907663576336396e-04
2.711048872600626061e-04
-2.184165110639677877e-04
-6.005316301340144804e-04
-5.548612664852758209e-04
-6.169641474686106842e-04
-4.624148356468290449e-04
-5.550471528776707280e-04
-1.102803072260542973e-04
1.994937570588403632e-04
-1.027999824010608805e-04
-1.980050634507815068e-04
-1.195946577070470488e-04
2.997930867415203463e-04
1.251375976319939599e-04
1.402825312054756940e-04
-5.316735415029162596e-07
1.056772153109314051e-05
3.012753704739794136e-05
-5.882190603412046218e-05
3.020838160340070513e-04
2.774947319986361606e-05
1.164626322420835269e-04
2.604332456208073422e-05
1.945757800048761993e-04
2.564390918876676838e-04
3.286006701560247132e-04
2.322978979098344187e-04
4.008319558215298192e-04
3.505080224873196497e-04
1.626169414986088416e-04
4.808584514508696577e-04
-7.302258480830327108e-05
1.094910912928260811e-04
1.798170414362838235e-04
1.809908499055014048e-04
1.829017940686986153e-04
1.965700525508711491e-05
2.014367506000367292e-04
3.341091569996226080e-05
1.305907992985433494e-04
1.442734800008154544e-04
1.917962976979029684e-04
1.197757366927420310e-04
2.739701016531835456e-04
1.714201044005157206e-04
-1.018024455108384243e-04
1.138209622605065104e-04
1.712774846684196627e-04
1.838592692364221948e-04
1.320714805621024440e-04
-3.043224650872452438e-05
-2.212584896580392960e-04
-4.131317058631401131e-05
4.888251255869996176e-05
3.387939748286431619e-05
1.004868185439747578e-05
-3.033401516515723417e-05
6.341754646885853326e-05
2.605910888074529949e-04
1.825059842504095700e-04
6.547143085793180833e-05
1.468478462885943703e-05
1.833168335137871701e-04
-1.132697129589217206e-04
-4.215598910424573817e-04
-5.334683066708667022e-04
-5.824141167511149176e-04
-1.242754693638177489e-04
6.792120518873915745e-05
2.683766839578879590e-04
6.274042323518223955e-06
7.472977505087110704e-05
1.122681698964493699e-04
-2.194100417819403630e-04
-2.632431748368797560e-04
-1.891418079651262924e-04
-4.452379715082033858e-04
-5.238887475869312936e-04
-2.467569747941350533e-04
-1.406791422582147290e-04
-1.085824914265511569e-04
-2.369049959972071749e-04
-6.918611401491922140e-05
4.983742377618358908e-05
1.159153891127486451e-04
-2.881904106713907912e-04
-2.870702849103217357e-04
-1.045330525163629999e-04
-3.684027926931254826e-04
-2.875325971879589258e-04
-3.344737186743625417e-04
-1.102763010538043757e-04
8.816703764111499505e-05
4.169808361608338325e-05
7.099273745272932201e-05
1.259780925700207464e-04
2.860463072832499843e-04
3.468255489552213820e-04
2.449285577792855383e-04
2.771926666109944841e-04
1.560035523484915065e-04
2.813759116743289610e-04
2.378728872127804312e-04
-2.393479598351896722e-05
-6.232057638339382594e-05
5.668084733688959052e-05
2.156939164029429874e-04
1.718071006398550144e-04
2.218217574763737014e-04
3.606973209876882989e-04
4.862587716437204838e-04
2.511709753790631575e-04
1.746386631860768460e-04
9.299447520223168815e-05
1.884920068261942429e-04
2.122173601244889906e-04
1.790101983451560907e-04
1.101048368815091348e-04
-1.716140031374103556e-05
-3.858448654346937446e-05
9.389426148955683379e-05
1.456620193026271124e-04
1.596371505791411595e-04
1.548593895539231114e-04
9.597747105949928849e-05
-2.944240146922185775e-04
-3.982255401557517681e-04
-6.512922362434626022e-05
-1.430083308043003990e-04
-1.793699526131961673e-04
-2.252221964820798393e-04
-1.375342970420515747e-04
2.093697728892676083e-04
2.094739333677647284e-04
1.388218808031660207e-05
5.345499731783368469e-05
-1.044929907938641097e-04
-3.279340430936431234e-04
-3.649310438213713157e-04
-7.251804747515219957e-05
-2.569102177442546524e-04
-2.243456459938040029e-04
-1.327549335479335776e-05
1.529516503285257786e-04
4.043085120999838160e-04
1.179585369601922232e-04
3.761547359966614201e-05
-7.570543824060917430e-05
-4.592828101818654960e-05
-8.831766971771084183e-05
-6.711940987464630037e-05
8.934164734478255261e-06
-2.104594517412375419e-05
-5.972401590135054144e-05
-1.962599748187297108e-05
-8.615914410947046373e-05
2.301137327991947012e-06
-1.631673895657436281e-04
-1.150115966531736051e-04
-9.902616814166509808e-05
-1.363044021613355524e-04
-8.977030777552072959e-05
-5.057928675341810063e-05
2.092680161141204439e-05
-1.401415139422795613e-04
-2.540674379157331544e-05
-6.293504308308186764e-05
2.636566118130683381e-05
1.585915396219200377e-04
1.649637572025940417e-04
1.552912549224611525e-04
1.132520858010222040e-04
9.926573724220847685e-05
9.678751908842692596e-05
9.351768129806723037e-05
9.409376886760132232e-05
8.416086539122564656e-05
7.795850951394694473e-05
5.418251819841358606e-05
-3.118420504002875678e-05
1.428993629191034083e-05
-1.632595315274911122e-05
2.270033406643806158e-06
4.939810692726073028e-05
2.380507612606755019e-05
4.295169503651876546e-05
-5.207262752128685143e-05
-4.119947541786215172e-05
-1.722325561327932731e-04
-1.401519299901292923e-04
-5.948709087449208271e-05
-9.712163385406769706e-05
-1.305539425138443638e-04
-4.549641564964848145e-05
-1.372915230037083014e-05
1.303424166190502083e-07
3.227228142309870920e-06
-4.810523501877642723e-05
-3.664742213720287555e-05
-4.404449870284358174e-05
-6.075568537914205469e-05
-2.624948218606004401e-05
1.093188258860808267e-05
-1.340144741032987863e-05
-4.181193903142523942e-05
3.304939871613224121e-06
-3.799389663039068929e-05
-1.106232355706448097e-05
-3.728047747613038627e-05
-9.130707545057827870e-05
-9.704471534686982131e-06
3.648765598787728407e-06
1.932104765021139318e-05
-1.153745558590135931e-05
-2.096037333486611674e-05
-1.856860837823717439e-05
-1.143922424233407122e-06
1.221770363393257129e-05
-3.465611415867286604e-05
-1.755584803346514367e-05
-1.131559376670248610e-06
-1.526343614863345411e-05
-8.035019434713089217e-06
-8.420653575487439037e-06
-2.926837334668666641e-06
1.457894155801735789e-05
2.403126461129630510e-05
4.721241947116608926e-06
6.461098518210057167e-06
8.742829947823540346e-06
1.610961985125508567e-05
1.183319122138819083e-05
1.915054495925610126e-05
1.641545104081163804e-05
1.055714523635343327e-05
1.323919743420935862e-05
1.017407504581901196e-05
1.164738495243832273e-05
3.701887442821261178e-06
7.704101594527728761e-06
9.661365121278173612e-06
8.076443255776945390e-06
7.853115177534613031e-06
7.016906843815207426e-06
7.043419691764974664e-06
6.843022943481009115e-06
6.964938777389642316e-06
7.183771930367598930e-06
7.603226177275514287e-06
8.194304843368690929e-06
8.914694737343794825e-06
9.820730653378770232e-06
1.081922902494119415e-05
1.202652909416785127e-05
1.334119457969154330e-05
1.484935818488489067e-05
1.645062523316566613e-05
