-9.75802e-05
-9.70120e-05
-9.66075e-05
-9.66952e-05
-9.73526e-05
-9.88613e-05
-1.01180e-04
-1.04447e-04
-1.08415e-04
-1.12950e-04
-1.17632e-04
-1.22121e-04
-1.26060e-04
-1.29498e-04
-1.32434e-04
-1.35079e-04
-1.37214e-04
-1.39041e-04
-1.40611e-04
-1.42002e-04
-1.42587e-04
-1.42273e-04
-1.40483e-04
-1.37568e-04
-1.33953e-04
-1.29889e-04
-1.25551e-04
-1.21496e-04
-1.18368e-04
-1.16867e-04
-1.16827e-04
-1.18458e-04
-1.19545e-04
-1.18988e-04
-1.16241e-04
-1.10125e-04
-9.66050e-05
-7.38399e-05
-3.88813e-05
9.84454e-06
7.43196e-05
1.56629e-04
2.56593e-04
3.71978e-04
4.99062e-04
6.32507e-04
7.63630e-04
8.83142e-04
9.83696e-04
1.05688e-03
1.10232e-03
1.11901e-03
1.10617e-03
1.06542e-03
9.96962e-04
9.04583e-04
7.97979e-04
6.85706e-04
5.80996e-04
4.98488e-04
4.50749e-04
4.35959e-04
4.54127e-04
5.06022e-04
5.70516e-04
6.31093e-04
6.70118e-04
6.72455e-04
6.35487e-04
5.54584e-04
4.25281e-04
2.47078e-04
2.65094e-05
-2.24786e-04
-4.91218e-04
-7.56453e-04
-1.00005e-03
-1.21243e-03
-1.39919e-03
-1.57458e-03
-1.76795e-03
-1.97787e-03
-2.19529e-03
-2.41721e-03
-2.63905e-03
-2.83393e-03
-2.96475e-03
-3.00891e-03
-2.96168e-03
-2.81188e-03
-2.55909e-03
-2.19759e-03
-1.72074e-03
-1.12516e-03
-4.26486e-04
3.51543e-04
1.14726e-03
1.86817e-03
2.44321e-03
2.86838e-03
3.14603e-03
3.26248e-03
3.22477e-03
3.05034e-03
2.76563e-03
2.44485e-03
2.16960e-03
1.92556e-03
1.71020e-03
1.52054e-03
1.35685e-03
1.22106e-03
1.13187e-03
1.10091e-03
1.12970e-03
1.22818e-03
1.37210e-03
1.54108e-03
1.72202e-03
1.89165e-03
2.01693e-03
2.07262e-03
2.03577e-03
1.89924e-03
1.65556e-03
1.30040e-03
8.31689e-04
2.44012e-04
-4.56705e-04
-1.25234e-03
-2.13085e-03
-3.07399e-03
-4.03378e-03
-4.94067e-03
-5.70325e-03
-6.29731e-03
-6.68824e-03
-6.83236e-03
-6.69977e-03
-6.29306e-03
-5.62631e-03
-4.75452e-03
-3.76197e-03
-2.64614e-03
-1.42674e-03
-1.38713e-04
1.13485e-03
2.25602e-03
3.04604e-03
3.31814e-03
3.09355e-03
2.44544e-03
1.49164e-03
4.16573e-04
-5.60608e-04
-1.39105e-03
-2.04812e-03
-2.51242e-03
-2.78578e-03
-2.84474e-03
-2.67501e-03
-2.28654e-03
-1.73126e-03
-1.05848e-03
-3.49735e-04
3.56585e-04
1.01076e-03
1.56859e-03
1.98825e-03
2.25848e-03
2.38195e-03
2.35435e-03
2.21354e-03
1.99224e-03
1.74219e-03
1.48338e-03
1.22272e-03
9.39823e-04
6.10239e-04
2.25286e-04
-2.21043e-04
-7.42134e-04
-1.32652e-03
-1.99424e-03
-2.73890e-03
-3.49360e-03
-4.17256e-03
-4.71750e-03
-5.04467e-03
-5.09424e-03
-4.80242e-03
-4.13595e-03
-3.12334e-03
-1.77334e-03
-1.68889e-04
1.62646e-03
3.54934e-03
5.47294e-03
7.21448e-03
8.57187e-03
9.31397e-03
9.32336e-03
8.78016e-03
7.83801e-03
6.67513e-03
5.54654e-03
4.56369e-03
3.86239e-03
3.50074e-03
3.52147e-03
3.95721e-03
4.76241e-03
5.83683e-03
7.09253e-03
8.46998e-03
9.84683e-03
1.10872e-02
1.21138e-02
1.28230e-02
1.31145e-02
1.28666e-02
1.20884e-02
1.08078e-02
9.07705e-03
7.02019e-03
4.74347e-03
2.38051e-03
9.10634e-05
-1.93888e-03
-3.48810e-03
-4.46832e-03
-4.89075e-03
-4.80277e-03
-4.23922e-03
-3.22965e-03
-1.88371e-03
-4.61426e-04
7.72765e-04
1.78206e-03
2.50056e-03
2.87107e-03
2.82963e-03
2.33231e-03
1.37393e-03
6.32127e-05
-1.52858e-03
-3.28303e-03
-5.11023e-03
-6.94706e-03
-8.71009e-03
-1.02863e-02
-1.15635e-02
-1.24266e-02
-1.27814e-02
-1.25349e-02
-1.16672e-02
-1.02232e-02
-8.31522e-03
-6.08169e-03
-3.59819e-03
-1.00397e-03
1.48375e-03
3.56721e-03
4.81288e-03
4.85458e-03
3.78738e-03
1.80842e-03
-7.84565e-04
-3.57308e-03
-6.06299e-03
-8.16452e-03
-9.87546e-03
-1.11674e-02
-1.20442e-02
-1.25886e-02
-1.28382e-02
-1.28781e-02
-1.28164e-02
-1.27436e-02
-1.26716e-02
-1.25849e-02
-1.24615e-02
-1.23061e-02
-1.21025e-02
-1.18623e-02
-1.16507e-02
-1.15204e-02
-1.15618e-02
-1.18706e-02
-1.25473e-02
-1.36303e-02
-1.50972e-02
-1.68583e-02
-1.88596e-02
-2.09663e-02
-2.30548e-02
-2.50242e-02
-2.67179e-02
-2.79717e-02
-2.86823e-02
-2.87421e-02
-2.80561e-02
-2.66005e-02
-2.43499e-02
-2.13776e-02
-1.78273e-02
-1.38729e-02
-9.74761e-03
-5.92207e-03
-2.87408e-03
-4.07683e-04
1.72302e-03
3.70339e-03
5.65557e-03
7.68018e-03
9.84924e-03
1.21905e-02
1.46920e-02
1.73610e-02
2.01530e-02
2.30263e-02
2.59287e-02
2.88549e-02
3.17703e-02
3.46656e-02
3.75328e-02
4.04349e-02
4.34202e-02
4.65300e-02
4.98495e-02
5.34159e-02
5.72563e-02
6.13514e-02
6.56761e-02
7.00964e-02
7.44275e-02
7.84090e-02
8.17035e-02
8.38847e-02
8.45243e-02
8.32121e-02
7.96229e-02
7.35725e-02
6.51866e-02
5.50133e-02
4.40116e-02
3.28821e-02
2.27616e-02
1.48090e-02
8.48301e-03
3.15504e-03
-1.69887e-03
-6.49560e-03
-1.15564e-02
-1.70834e-02
-2.32175e-02
-3.00195e-02
-3.74690e-02
-4.54445e-02
-5.37733e-02
-6.22027e-02
-7.04172e-02
-7.80191e-02
-8.45889e-02
-8.96999e-02
-9.29395e-02
-9.39639e-02
-9.25988e-02
-8.89447e-02
-8.34503e-02
-7.71449e-02
-7.12738e-02
-6.55804e-02
-5.97711e-02
-5.37453e-02
-4.76962e-02
-4.22578e-02
-3.78972e-02
-3.41855e-02
-3.06630e-02
-2.69905e-02
-2.29153e-02
-1.82387e-02
-1.28888e-02
-6.85601e-03
-1.97075e-04
6.92093e-03
1.42336e-02
2.14097e-02
2.80010e-02
3.34906e-02
3.73489e-02
3.90217e-02
3.80173e-02
3.40604e-02
2.71624e-02
1.77438e-02
6.89946e-03
-3.86338e-03
-1.36302e-02
-2.12079e-02
-2.48651e-02
-2.30257e-02
-1.67215e-02
-7.59755e-03
2.05030e-03
9.85896e-03
1.58982e-02
2.05307e-02
2.40014e-02
2.65152e-02
2.81611e-02
2.90793e-02
2.96560e-02
3.02335e-02
3.10619e-02
3.23202e-02
3.41139e-02
3.64903e-02
3.94370e-02
4.28877e-02
4.67274e-02
5.08041e-02
5.48545e-02
5.85733e-02
6.15993e-02
6.35267e-02
6.39322e-02
6.24147e-02
5.86653e-02
5.25350e-02
4.41769e-02
3.40300e-02
2.25051e-02
1.02461e-02
-1.56354e-03
-1.16669e-02
-2.04898e-02
-2.85107e-02
-3.60060e-02
-4.30032e-02
-4.93356e-02
-5.46461e-02
-5.84577e-02
-6.02315e-02
-5.94710e-02
-5.58072e-02
-4.92399e-02
-4.02349e-02
-3.00485e-02
-2.03365e-02
-1.13747e-02
-3.42870e-03
2.61138e-03
5.78371e-03
6.36757e-03
4.75032e-03
1.23999e-03
-3.77512e-03
-9.73249e-03
-1.56595e-02
-2.04933e-02
-2.43275e-02
-2.74562e-02
-3.00169e-02
-3.20342e-02
-3.33643e-02
-3.39007e-02
-3.37366e-02
-3.29487e-02
-3.15119e-02
-2.94314e-02
-2.67073e-02
-2.35107e-02
-2.00447e-02
-1.63098e-02
-1.22986e-02
-8.07642e-03
-3.85137e-03
2.46228e-05
3.10217e-03
5.63630e-03
7.92705e-03
1.02011e-02
1.26542e-02
1.53826e-02
1.84187e-02
2.17942e-02
2.54655e-02
2.93288e-02
3.32696e-02
3.71071e-02
4.06332e-02
4.35918e-02
4.57258e-02
4.68026e-02
4.65900e-02
4.49506e-02
4.19514e-02
3.78365e-02
3.32052e-02
2.87897e-02
2.46624e-02
2.08924e-02
1.76733e-02
1.51975e-02
1.31816e-02
1.12880e-02
9.27701e-03
6.93266e-03
4.08718e-03
6.43408e-04
-3.46210e-03
-8.22809e-03
-1.35770e-02
-1.93308e-02
-2.52111e-02
-3.08712e-02
-3.64317e-02
-4.20364e-02
-4.77864e-02
-5.37120e-02
-5.97822e-02
-6.58806e-02
-7.17541e-02
-7.70814e-02
-8.14357e-02
-8.43108e-02
-8.51860e-02
-8.35749e-02
-7.91438e-02
-7.18243e-02
-6.19091e-02
-5.02648e-02
-3.79411e-02
-2.53915e-02
-1.38039e-02
-4.60656e-03
2.85848e-03
9.37814e-03
1.55285e-02
2.17388e-02
2.83037e-02
3.53960e-02
4.29973e-02
5.09952e-02
5.91920e-02
6.72779e-02
7.48921e-02
8.16248e-02
8.71250e-02
9.10891e-02
9.33716e-02
9.40011e-02
9.34595e-02
9.23043e-02
8.99841e-02
8.60418e-02
8.02871e-02
7.30544e-02
6.49613e-02
5.60940e-02
4.68267e-02
3.81553e-02
3.11314e-02
2.52430e-02
1.99076e-02
1.46862e-02
9.24649e-03
3.35968e-03
-3.08583e-03
-1.00982e-02
-1.75513e-02
-2.52648e-02
-3.29241e-02
-4.01801e-02
-4.66170e-02
-5.18047e-02
-5.53318e-02
-5.68966e-02
-5.63326e-02
-5.37568e-02
-4.95752e-02
-4.48214e-02
-4.06795e-02
-3.69425e-02
-3.33601e-02
-2.97380e-02
-2.60601e-02
-2.27547e-02
-2.03709e-02
-1.87723e-02
-1.78250e-02
-1.75055e-02
-1.78062e-02
-1.86981e-02
-2.00850e-02
-2.17948e-02
-2.34314e-02
-2.45091e-02
-2.50524e-02
-2.51003e-02
-2.46937e-02
-2.38412e-02
-2.25101e-02
-2.06474e-02
-1.82389e-02
-1.52895e-02
-1.18006e-02
-7.81427e-03
-3.47727e-03
9.94169e-04
5.22233e-03
8.84234e-03
1.19743e-02
1.47683e-02
1.72724e-02
1.94868e-02
2.13487e-02
2.27547e-02
2.35535e-02
2.36096e-02
2.28516e-02
2.12930e-02
1.90565e-02
1.65507e-02
1.42530e-02
1.21582e-02
1.02370e-02
8.48500e-03
6.97222e-03
5.79317e-03
4.83785e-03
4.03384e-03
3.34997e-03
2.80221e-03
2.41939e-03
2.24530e-03
2.29845e-03
2.56695e-03
2.96943e-03
3.33621e-03
3.43768e-03
3.23060e-03
2.65884e-03
1.69840e-03
3.28595e-04
-1.42768e-03
-3.52853e-03
-5.89730e-03
-8.43139e-03
-1.09784e-02
-1.34255e-02
-1.55478e-02
-1.70650e-02
-1.78513e-02
-1.79174e-02
-1.73073e-02
-1.61387e-02
-1.45842e-02
-1.28825e-02
-1.11137e-02
-9.27076e-03
-7.32522e-03
-5.28367e-03
-3.22818e-03
-1.32921e-03
3.15172e-04
1.74401e-03
2.98837e-03
4.19542e-03
5.49769e-03
6.97914e-03
8.71985e-03
1.07726e-02
1.31202e-02
1.57068e-02
1.84546e-02
2.12467e-02
2.39081e-02
2.61963e-02
2.78540e-02
2.86161e-02
2.82216e-02
2.64347e-02
2.31253e-02
1.83284e-02
1.23186e-02
5.66702e-03
-7.06225e-04
-5.80000e-03
-8.41829e-03
-7.54559e-03
-3.84779e-03
1.61157e-03
7.28823e-03
1.15985e-02
1.43804e-02
1.56707e-02
1.55023e-02
1.39571e-02
1.13268e-02
8.01396e-03
4.33336e-03
4.42690e-04
-3.48272e-03
-7.23530e-03
-1.05343e-02
-1.32415e-02
-1.55121e-02
-1.75145e-02
-1.93841e-02
-2.11690e-02
-2.28373e-02
-2.43177e-02
-2.54608e-02
-2.61026e-02
-2.60922e-02
-2.52594e-02
-2.35452e-02
-2.10156e-02
-1.79353e-02
-1.46482e-02
-1.11836e-02
-7.59151e-03
-4.04987e-03
-8.86588e-04
1.25043e-03
1.78801e-03
8.96239e-04
-1.07939e-03
-3.73152e-03
-6.39527e-03
-8.38435e-03
-9.62307e-03
-1.00798e-02
-9.79264e-03
-8.79629e-03
-7.13427e-03
-4.88318e-03
-2.17186e-03
8.81378e-04
4.18311e-03
7.57625e-03
1.08978e-02
1.38902e-02
1.62635e-02
1.81487e-02
1.97345e-02
2.11829e-02
2.26689e-02
2.42994e-02
2.61875e-02
2.83687e-02
3.08505e-02
3.36228e-02
3.66098e-02
3.97183e-02
4.27751e-02
4.55422e-02
4.77075e-02
4.89208e-02
4.88360e-02
4.71181e-02
4.35597e-02
3.80420e-02
3.07432e-02
2.20650e-02
1.23854e-02
2.25886e-03
-7.32689e-03
-1.54022e-02
-2.23866e-02
-2.87204e-02
-3.47075e-02
-4.04937e-02
-4.60771e-02
-5.13166e-02
-5.59599e-02
-5.96850e-02
-6.21545e-02
-6.30612e-02
-6.22401e-02
-5.97623e-02
-5.60049e-02
-5.18872e-02
-4.84974e-02
-4.55657e-02
-4.27558e-02
-3.98641e-02
-3.69369e-02
-3.42623e-02
-3.21543e-02
-3.03640e-02
-2.86501e-02
-2.68082e-02
-2.47414e-02
-2.24180e-02
-1.98443e-02
-1.70473e-02
-1.40602e-02
-1.09063e-02
-7.64333e-03
-4.34050e-03
-1.04498e-03
2.23200e-03
5.45944e-03
8.65422e-03
1.18056e-02
1.49331e-02
1.80862e-02
2.12857e-02
2.45652e-02
2.79806e-02
3.15358e-02
3.52283e-02
3.90392e-02
4.29023e-02
4.67088e-02
5.03174e-02
5.35362e-02
5.61611e-02
5.79282e-02
5.85923e-02
5.79498e-02
5.59227e-02
5.25924e-02
4.82689e-02
4.34432e-02
3.82084e-02
3.26759e-02
2.71026e-02
2.19958e-02
1.78200e-02
1.43284e-02
1.12944e-02
8.58033e-03
6.16298e-03
4.05056e-03
2.29479e-03
9.93201e-04
2.08848e-04
-6.07286e-05
9.39574e-05
4.39805e-04
5.17350e-04
-2.13878e-04
-1.61301e-03
-3.47723e-03
-5.64572e-03
-7.93224e-03
-1.02219e-02
-1.24422e-02
-1.45284e-02
-1.63134e-02
-1.77016e-02
-1.86969e-02
-1.93484e-02
-1.97565e-02
-2.00180e-02
-2.01323e-02
-2.00765e-02
-2.00902e-02
-2.02971e-02
-2.06886e-02
-2.12931e-02
-2.21751e-02
-2.33435e-02
-2.48030e-02
-2.65181e-02
-2.84019e-02
-3.02757e-02
-3.19762e-02
-3.33146e-02
-3.41418e-02
-3.42788e-02
-3.37867e-02
-3.27887e-02
-3.12437e-02
-2.91867e-02
-2.66714e-02
-2.37309e-02
-2.03531e-02
-1.66065e-02
-1.26865e-02
-9.00741e-03
-5.96915e-03
-3.40666e-03
-1.11260e-03
1.04481e-03
3.16834e-03
5.31679e-03
7.55863e-03
9.89186e-03
1.22889e-02
1.47449e-02
1.72566e-02
1.98270e-02
2.24336e-02
2.50783e-02
2.78209e-02
3.06900e-02
3.37205e-02
3.69537e-02
4.04354e-02
4.41396e-02
4.79892e-02
5.18721e-02
5.56081e-02
5.89322e-02
6.14698e-02
6.27877e-02
6.24726e-02
6.00834e-02
5.52966e-02
4.79492e-02
3.82780e-02
2.67574e-02
1.37274e-02
-1.17669e-04
-1.34772e-02
-2.49506e-02
-3.50495e-02
-4.43011e-02
-5.30367e-02
-6.13180e-02
-6.89650e-02
-7.55597e-02
-8.05437e-02
-8.32690e-02
-8.31082e-02
-7.95597e-02
-7.25268e-02
-6.23778e-02
-5.03727e-02
-3.81686e-02
-2.58990e-02
-1.38778e-02
-3.20947e-03
4.92156e-03
1.09475e-02
1.52694e-02
1.80543e-02
1.93118e-02
1.89670e-02
1.69606e-02
1.33585e-02
8.51135e-03
3.14847e-03
-1.33576e-03
-3.38386e-03
-3.36604e-03
-1.79117e-03
8.55310e-04
4.06522e-03
7.36807e-03
1.04257e-02
1.30303e-02
1.50466e-02
1.64730e-02
1.73508e-02
1.77909e-02
1.79831e-02
1.81411e-02
1.84285e-02
1.89694e-02
1.98374e-02
2.10642e-02
2.26091e-02
2.43466e-02
2.60801e-02
2.75281e-02
2.83577e-02
2.81922e-02
2.66338e-02
2.33180e-02
1.80068e-02
1.06274e-02
1.40647e-03
-9.01079e-03
-1.97079e-02
-2.94024e-02
-3.62713e-02
-3.86374e-02
-3.68378e-02
-3.16832e-02
-2.42619e-02
-1.62680e-02
-9.51936e-03
-4.00347e-03
4.89071e-04
4.09327e-03
6.72454e-03
8.24275e-03
8.93957e-03
9.05385e-03
8.71230e-03
7.99299e-03
6.94230e-03
5.58244e-03
3.98362e-03
2.32268e-03
9.39877e-04
2.44555e-04
1.62704e-04
5.28330e-04
1.18916e-03
2.02482e-03
2.92583e-03
3.77810e-03
4.52080e-03
5.11823e-03
5.54991e-03
5.80451e-03
5.90967e-03
5.90336e-03
5.80085e-03
5.63817e-03
5.46633e-03
5.31826e-03
5.22261e-03
5.20533e-03
5.29768e-03
5.47941e-03
5.73828e-03
6.07443e-03
6.45051e-03
6.79487e-03
7.04956e-03
7.14317e-03
7.01820e-03
6.62509e-03
5.91287e-03
4.81977e-03
3.31093e-03
1.42596e-03
-7.82799e-04
-3.22893e-03
-5.78603e-03
-8.24468e-03
-1.03718e-02
-1.22599e-02
-1.40261e-02
-1.57448e-02
-1.74799e-02
-1.92312e-02
-2.09608e-02
-2.26011e-02
-2.40311e-02
-2.51299e-02
-2.57576e-02
-2.57924e-02
-2.51787e-02
-2.39165e-02
-2.21549e-02
-2.01053e-02
-1.77474e-02
-1.50068e-02
-1.18561e-02
-8.38975e-03
-4.82437e-03
-1.54539e-03
1.00978e-03
2.91681e-03
4.32617e-03
5.31269e-03
5.96433e-03
6.38135e-03
6.69298e-03
7.06873e-03
7.80665e-03
9.14097e-03
1.09275e-02
1.30481e-02
1.52531e-02
1.72559e-02
1.89228e-02
2.01557e-02
2.08677e-02
2.09825e-02
2.04954e-02
1.94802e-02
1.81243e-02
1.66407e-02
1.50653e-02
1.33870e-02
1.16089e-02
9.80821e-03
8.09519e-03
6.59355e-03
5.32783e-03
4.20446e-03
3.10188e-03
1.96543e-03
7.60784e-04
-5.47776e-04
-1.96882e-03
-3.47048e-03
-5.01043e-03
-6.53764e-03
-7.99104e-03
-9.32127e-03
-1.04639e-02
-1.13699e-02
-1.20298e-02
-1.24168e-02
-1.25938e-02
-1.27792e-02
-1.29845e-02
-1.32009e-02
-1.33200e-02
-1.32955e-02
-1.31044e-02
-1.27104e-02
-1.20537e-02
-1.10969e-02
-9.80533e-03
-8.17441e-03
-6.20855e-03
-3.92270e-03
-1.38707e-03
1.26062e-03
3.88224e-03
6.40709e-03
8.70691e-03
1.07892e-02
1.26117e-02
1.41308e-02
1.52347e-02
1.57950e-02
1.57244e-02
1.49295e-02
1.33758e-02
1.11247e-02
8.46784e-03
5.76283e-03
3.08142e-03
5.18490e-04
-1.73739e-03
-3.51029e-03
-4.94896e-03
-6.17773e-03
-7.27206e-03
-8.24704e-03
-9.07886e-03
-9.67484e-03
-9.98158e-03
-9.93679e-03
-9.50489e-03
-8.71003e-03
-7.67816e-03
-6.60080e-03
-5.47968e-03
-4.31243e-03
-3.09009e-03
-1.80246e-03
-4.71181e-04
8.60448e-04
2.09681e-03
3.14995e-03
4.01705e-03
4.71037e-03
5.34763e-03
6.04431e-03
6.81868e-03
7.66954e-03
8.55414e-03
9.30746e-03
9.72198e-03
9.74042e-03
9.24281e-03
8.16802e-03
6.61817e-03
4.77931e-03
2.70528e-03
4.62249e-04
-1.82153e-03
-3.93807e-03
-5.67862e-03
-7.10982e-03
-8.30877e-03
-9.29601e-03
-1.00571e-02
-1.05528e-02
-1.07443e-02
-1.05828e-02
-1.00438e-02
-9.15653e-03
-8.06538e-03
-6.92894e-03
-5.72776e-03
-4.42532e-03
-2.98687e-03
-1.39197e-03
2.80884e-04
1.93492e-03
3.40719e-03
4.58010e-03
5.43605e-03
5.97403e-03
6.34382e-03
6.69063e-03
7.13480e-03
7.81771e-03
8.80757e-03
1.02054e-02
1.19546e-02
1.38908e-02
1.58829e-02
1.78579e-02
1.96930e-02
2.11597e-02
2.21459e-02
2.25537e-02
2.23070e-02
2.14039e-02
1.98648e-02
1.77877e-02
1.53762e-02
1.27649e-02
1.00500e-02
7.37886e-03
4.97978e-03
3.09273e-03
1.57914e-03
2.64062e-04
-9.79498e-04
-2.26641e-03
-3.64853e-03
-5.16423e-03
-6.85790e-03
-8.73394e-03
-1.08060e-02
-1.30335e-02
-1.53390e-02
-1.76693e-02
-1.99409e-02
-2.20571e-02
-2.39070e-02
-2.53946e-02
-2.64066e-02
-2.68467e-02
-2.66721e-02
-2.58994e-02
-2.46763e-02
-2.32235e-02
-2.16533e-02
-1.99338e-02
-1.80118e-02
-1.58747e-02
-1.36524e-02
-1.15392e-02
-9.80471e-03
-8.69356e-03
-8.12417e-03
-7.99596e-03
-8.15309e-03
-8.44819e-03
-8.67905e-03
-8.61669e-03
-8.17956e-03
-7.21570e-03
-5.69119e-03
-3.74842e-03
-1.47819e-03
9.99232e-04
3.49620e-03
5.84766e-03
7.91698e-03
9.63706e-03
1.09799e-02
1.19087e-02
1.24232e-02
1.25227e-02
1.22007e-02
1.15282e-02
1.06477e-02
9.76640e-03
9.14769e-03
8.83790e-03
8.80851e-03
9.02054e-03
9.41778e-03
9.95311e-03
1.05658e-02
1.11961e-02
1.17860e-02
1.22667e-02
1.25745e-02
1.27075e-02
1.26588e-02
1.24391e-02
1.20989e-02
1.16970e-02
1.12604e-02
1.07968e-02
1.02829e-02
9.72639e-03
9.11906e-03
8.43897e-03
7.67691e-03
6.83379e-03
5.91936e-03
4.95603e-03
3.96681e-03
3.00790e-03
2.11696e-03
1.25508e-03
4.22716e-04
-3.22298e-04
-1.00857e-03
-1.68600e-03
-2.31900e-03
-2.96091e-03
-3.64502e-03
-4.37514e-03
-5.11798e-03
-5.89794e-03
-6.75182e-03
-7.64309e-03
-8.49744e-03
-9.23100e-03
-9.77615e-03
-1.00966e-02
-1.02191e-02
-1.01584e-02
-9.89737e-03
-9.34961e-03
-8.50299e-03
-7.36127e-03
-5.91972e-03
-4.18351e-03
-2.19471e-03
-1.53351e-05
2.21544e-03
4.34407e-03
6.19501e-03
7.51348e-03
8.25683e-03
8.40017e-03
7.91680e-03
6.81355e-03
5.14977e-03
3.07974e-03
8.51945e-04
-1.42784e-03
-3.68839e-03
-5.84533e-03
-7.75139e-03
-9.29296e-03
-1.05845e-02
-1.16957e-02
-1.26673e-02
-1.34897e-02
-1.40874e-02
-1.43874e-02
-1.43329e-02
-1.38272e-02
-1.28403e-02
-1.14042e-02
-9.64660e-03
-7.77279e-03
-5.76883e-03
-3.57513e-03
-1.20626e-03
1.22641e-03
3.52891e-03
5.53384e-03
7.35683e-03
9.12308e-03
1.08930e-02
1.26964e-02
1.45033e-02
1.62562e-02
1.78546e-02
1.92166e-02
2.02097e-02
2.07248e-02
2.06624e-02
2.00044e-02
1.87956e-02
1.72544e-02
1.56514e-02
1.39415e-02
1.20906e-02
1.01236e-02
8.11862e-03
6.28667e-03
4.81672e-03
3.57561e-03
2.43382e-03
1.28435e-03
6.20439e-05
-1.29226e-03
-2.81701e-03
-4.49958e-03
-6.32990e-03
-8.24270e-03
-1.01589e-02
-1.19964e-02
-1.36464e-02
-1.50050e-02
-1.59552e-02
-1.64182e-02
-1.63505e-02
-1.57413e-02
-1.46800e-02
-1.33600e-02
-1.20711e-02
-1.08168e-02
-9.51948e-03
-8.18237e-03
-6.85664e-03
-5.60670e-03
-4.54025e-03
-3.77486e-03
-3.37553e-03
-3.31330e-03
-3.54922e-03
-3.97813e-03
-4.42465e-03
-4.86085e-03
-5.30223e-03
-5.74149e-03
-6.16999e-03
-6.57753e-03
-6.96238e-03
-7.30920e-03
-7.60930e-03
-7.83083e-03
-7.95965e-03
-7.98489e-03
-7.89550e-03
-7.65819e-03
-7.28227e-03
-6.75186e-03
-6.03588e-03
-5.08429e-03
-3.85872e-03
-2.31157e-03
-4.63940e-04
1.65502e-03
3.98083e-03
6.36624e-03
8.62375e-03
1.06377e-02
1.25071e-02
1.43448e-02
1.62104e-02
1.81370e-02
2.00859e-02
2.20034e-02
2.37791e-02
2.52880e-02
2.63552e-02
2.68003e-02
2.64844e-02
2.52909e-02
2.31858e-02
2.02663e-02
1.68610e-02
1.34202e-02
1.00853e-02
7.10007e-03
4.72939e-03
2.78334e-03
1.05413e-03
-6.12452e-04
-2.32060e-03
-4.08219e-03
-5.87941e-03
-7.66965e-03
-9.35374e-03
-1.07889e-02
-1.18610e-02
-1.24689e-02
-1.25447e-02
-1.20854e-02
-1.11956e-02
-1.01438e-02
-9.27018e-03
-8.60033e-03
-8.13252e-03
-7.82194e-03
-7.67169e-03
-7.67225e-03
-7.82134e-03
-8.10968e-03
-8.57169e-03
-9.29065e-03
-1.00632e-02
-1.07965e-02
-1.13997e-02
-1.18261e-02
-1.20683e-02
-1.20990e-02
-1.18796e-02
-1.14134e-02
-1.06963e-02
-9.74329e-03
-8.55249e-03
-7.12228e-03
-5.47367e-03
-3.62111e-03
-1.61832e-03
4.12277e-04
2.37748e-03
4.20851e-03
5.83578e-03
7.32356e-03
8.73585e-03
1.00905e-02
1.13311e-02
1.24211e-02
1.33192e-02
1.39764e-02
1.43546e-02
1.44117e-02
1.41261e-02
1.35645e-02
1.28908e-02
1.23170e-02
1.18006e-02
1.12488e-02
1.05978e-02
9.79301e-03
8.78435e-03
7.59832e-03
6.27419e-03
4.86605e-03
3.47411e-03
2.21002e-03
1.01306e-03
-1.71634e-04
-1.35050e-03
-2.51837e-03
-3.67133e-03
-4.78243e-03
-5.78973e-03
-6.64692e-03
-7.31052e-03
-7.73449e-03
-7.90152e-03
-7.80289e-03
-7.50911e-03
-7.14335e-03
-6.80101e-03
-6.52265e-03
-6.29962e-03
-6.11646e-03
-5.96745e-03
-5.84832e-03
-5.71721e-03
-5.55598e-03
-5.34879e-03
-5.11130e-03
-4.84353e-03
-4.52378e-03
-4.17506e-03
-3.81636e-03
-3.50421e-03
-3.28849e-03
-3.19628e-03
-3.25731e-03
-3.48060e-03
-3.86860e-03
-4.39566e-03
-5.01264e-03
-5.68420e-03
-6.33675e-03
-6.90935e-03
-7.31506e-03
-7.50434e-03
-7.44623e-03
-7.09581e-03
-6.49380e-03
-5.67021e-03
-4.59549e-03
-3.28996e-03
-1.77215e-03
-8.85576e-05
1.70631e-03
3.52392e-03
5.15157e-03
6.51937e-03
7.50968e-03
8.02223e-03
8.04226e-03
7.64907e-03
6.96949e-03
6.19273e-03
5.50460e-03
4.95097e-03
4.52916e-03
4.25812e-03
4.16330e-03
4.24837e-03
4.51056e-03
4.94250e-03
5.54702e-03
6.29956e-03
7.15830e-03
8.10888e-03
9.13751e-03
1.02170e-02
1.13046e-02
1.23692e-02
1.33794e-02
1.42397e-02
1.48798e-02
1.52715e-02
1.53956e-02
1.52691e-02
1.48692e-02
1.42276e-02
1.33246e-02
1.21394e-02
1.06576e-02
8.86726e-03
6.80455e-03
4.56940e-03
2.30544e-03
2.01253e-04
-1.57845e-03
-3.13536e-03
-4.58860e-03
-6.01130e-03
-7.44892e-03
-8.92866e-03
-1.04435e-02
-1.19655e-02
-1.34113e-02
-1.47190e-02
-1.58098e-02
-1.66152e-02
-1.70947e-02
-1.72392e-02
-1.70991e-02
-1.67990e-02
-1.65087e-02
-1.62481e-02
-1.59744e-02
-1.56363e-02
-1.51519e-02
-1.44114e-02
-1.33547e-02
-1.19380e-02
-1.01549e-02
-8.05660e-03
-5.72694e-03
-3.30962e-03
-9.55825e-04
1.23870e-03
3.22874e-03
5.04189e-03
6.68257e-03
8.12372e-03
9.31251e-03
1.01848e-02
1.06885e-02
1.07765e-02
1.04405e-02
9.73461e-03
8.81747e-03
7.91565e-03
7.06887e-03
6.26994e-03
5.52349e-03
4.77628e-03
4.02218e-03
3.28708e-03
2.57875e-03
1.92714e-03
1.35360e-03
7.96194e-04
2.12172e-04
-3.89211e-04
-1.02726e-03
-1.79225e-03
-2.60511e-03
-3.37399e-03
-4.10711e-03
-4.77446e-03
-5.34384e-03
-5.79735e-03
-6.14083e-03
-6.33200e-03
-6.35163e-03
-6.27056e-03
-6.07545e-03
-5.75231e-03
-5.34363e-03
-4.91692e-03
-4.48222e-03
-4.06820e-03
-3.70513e-03
-3.42291e-03
-3.27191e-03
-3.26651e-03
-3.37306e-03
-3.56952e-03
-3.80570e-03
-4.03970e-03
-4.22344e-03
-4.33993e-03
-4.37377e-03
-4.28941e-03
-4.06126e-03
-3.65082e-03
-3.06411e-03
-2.30589e-03
-1.34750e-03
-2.05067e-04
1.10494e-03
2.53161e-03
4.05279e-03
5.64094e-03
7.23102e-03
8.74111e-03
1.01776e-02
1.15332e-02
1.27628e-02
1.38474e-02
1.47676e-02
1.54715e-02
1.59099e-02
1.60747e-02
1.59435e-02
1.55255e-02
1.49056e-02
1.42024e-02
1.34355e-02
1.25899e-02
1.16323e-02
1.05129e-02
9.23933e-03
7.87344e-03
6.47414e-03
5.13660e-03
3.97022e-03
2.91820e-03
1.93348e-03
1.01689e-03
1.69097e-04
-5.85113e-04
-1.23150e-03
-1.78306e-03
-2.22258e-03
-2.54655e-03
-2.77757e-03
-3.00284e-03
-3.31961e-03
-3.67731e-03
-4.06033e-03
-4.50722e-03
-5.03857e-03
-5.63899e-03
-6.30318e-03
-7.07104e-03
-7.87813e-03
-8.67770e-03
-9.47042e-03
-1.02495e-02
-1.10003e-02
-1.17035e-02
-1.23806e-02
-1.29912e-02
-1.35273e-02
-1.39600e-02
-1.42410e-02
-1.43439e-02
-1.42591e-02
-1.39949e-02
-1.35076e-02
-1.27603e-02
-1.17335e-02
-1.03708e-02
-8.66748e-03
-6.62042e-03
-4.24872e-03
-1.66861e-03
9.50336e-04
3.39896e-03
5.55525e-03
7.46923e-03
9.17690e-03
1.06985e-02
1.19951e-02
1.30178e-02
1.37118e-02
1.39992e-02
1.38203e-02
1.31934e-02
1.21800e-02
1.09669e-02
9.79554e-03
8.64293e-03
7.45248e-03
6.17157e-03
4.79049e-03
3.36001e-03
1.96962e-03
6.95815e-04
-4.61691e-04
-1.57761e-03
-2.69871e-03
-3.84529e-03
-4.99359e-03
-6.13536e-03
-7.23020e-03
-8.18426e-03
-8.94459e-03
-9.47509e-03
-9.72966e-03
-9.71143e-03
-9.47929e-03
-9.13737e-03
-8.70320e-03
-8.18261e-03
-7.54018e-03
-6.76946e-03
-5.85008e-03
-4.77900e-03
-3.58309e-03
-2.30559e-03
-1.05153e-03
7.56282e-05
1.12070e-03
2.15833e-03
3.22637e-03
4.21888e-03
5.16556e-03
5.98932e-03
6.60320e-03
7.07680e-03
7.43089e-03
7.69109e-03
7.90514e-03
8.03247e-03
8.00349e-03
7.75697e-03
7.31795e-03
6.70862e-03
5.95094e-03
5.05340e-03
4.01148e-03
2.82715e-03
1.54039e-03
2.05527e-04
-1.10904e-03
-2.30593e-03
-3.30382e-03
-4.13114e-03
-4.79785e-03
-5.29851e-03
-5.62458e-03
-5.80255e-03
-5.85682e-03
-5.82925e-03
-5.76794e-03
-5.66478e-03
-5.54716e-03
-5.40802e-03
-5.23298e-03
-4.99882e-03
-4.65728e-03
-4.19590e-03
-3.59246e-03
-2.82881e-03
-1.90359e-03
-8.29279e-04
3.56981e-04
1.60552e-03
2.89262e-03
4.19399e-03
5.42863e-03
6.53951e-03
7.50334e-03
8.27105e-03
8.81677e-03
9.14202e-03
9.25769e-03
9.20211e-03
9.03643e-03
8.86969e-03
8.72617e-03
8.60103e-03
8.47249e-03
8.33425e-03
8.18847e-03
8.01234e-03
7.78792e-03
7.51621e-03
7.19461e-03
6.78451e-03
6.29678e-03
5.73171e-03
5.08526e-03
4.35427e-03
3.57913e-03
2.77841e-03
1.91881e-03
9.78975e-04
1.32687e-05
-9.78254e-04
-1.98653e-03
-2.98390e-03
-3.91693e-03
-4.72651e-03
-5.41091e-03
-5.96237e-03
-6.39533e-03
-6.72330e-03
-6.95019e-03
-7.10055e-03
-7.11016e-03
-7.05462e-03
-6.98928e-03
-6.96719e-03
-7.00762e-03
-7.06969e-03
-7.14714e-03
-7.25815e-03
-7.40628e-03
-7.59482e-03
-7.81533e-03
-8.05522e-03
-8.29011e-03
-8.47859e-03
-8.60157e-03
-8.61238e-03
-8.51631e-03
-8.32605e-03
-8.01844e-03
-7.58887e-03
-7.04743e-03
-6.42148e-03
-5.72439e-03
-4.96289e-03
-4.16271e-03
-3.35985e-03
-2.56941e-03
-1.80962e-03
-1.07315e-03
-3.98243e-04
1.87748e-04
7.47720e-04
1.29696e-03
1.89806e-03
2.55560e-03
3.29195e-03
4.02840e-03
4.69814e-03
5.30022e-03
5.80435e-03
6.16046e-03
6.37450e-03
6.44352e-03
6.36736e-03
6.18869e-03
5.97368e-03
5.74598e-03
5.51575e-03
5.28555e-03
5.06206e-03
4.83918e-03
4.60155e-03
4.34453e-03
4.05399e-03
3.73098e-03
3.39370e-03
3.06312e-03
2.75663e-03
2.48981e-03
2.27484e-03
2.08771e-03
1.95008e-03
1.90549e-03
1.94675e-03
2.09254e-03
2.34878e-03
2.69244e-03
3.09566e-03
3.49807e-03
3.87001e-03
4.19009e-03
4.41907e-03
4.51108e-03
4.44732e-03
4.23961e-03
3.87135e-03
3.35128e-03
2.67577e-03
1.84647e-03
9.10448e-04
-7.34492e-05
-1.09446e-03
-2.11044e-03
-3.06690e-03
-3.95849e-03
-4.75637e-03
-5.40308e-03
-5.87069e-03
-6.17374e-03
-6.31276e-03
-6.35179e-03
-6.33687e-03
-6.28572e-03
-6.21523e-03
-6.07103e-03
-5.88175e-03
-5.66166e-03
-5.40942e-03
-5.11500e-03
-4.79693e-03
-4.45577e-03
-4.12093e-03
-3.79095e-03
-3.46932e-03
-3.16937e-03
-2.87971e-03
-2.59102e-03
-2.28776e-03
-1.96378e-03
-1.64749e-03
-1.33833e-03
-1.01778e-03
-7.12380e-04
-4.15659e-04
-1.26106e-04
1.57797e-04
3.99425e-04
5.49933e-04
6.37945e-04
6.59552e-04
6.15019e-04
5.22018e-04
4.15501e-04
3.31992e-04
2.67097e-04
1.93895e-04
1.58276e-04
1.80951e-04
2.63563e-04
4.37505e-04
7.02652e-04
1.03634e-03
1.44811e-03
1.89655e-03
2.37466e-03
2.86871e-03
3.34173e-03
3.73353e-03
4.03726e-03
4.22480e-03
4.26702e-03
4.15500e-03
3.90413e-03
3.55382e-03
3.11041e-03
2.62395e-03
2.12527e-03
1.63665e-03
1.15561e-03
7.27402e-04
4.07567e-04
1.95392e-04
8.64357e-05
7.36445e-05
1.89775e-04
5.32108e-04
1.01944e-03
1.62857e-03
2.36246e-03
3.18990e-03
4.09254e-03
5.07943e-03
6.12271e-03
7.17473e-03
8.19885e-03
9.13547e-03
9.88538e-03
1.04054e-02
1.06736e-02
1.06497e-02
1.04039e-02
9.89796e-03
9.12377e-03
8.10107e-03
6.84686e-03
5.37264e-03
3.69987e-03
1.88103e-03
1.22144e-05
-1.74731e-03
-3.23332e-03
-4.51775e-03
-5.69432e-03
-6.85478e-03
-8.03591e-03
-9.22838e-03
-1.03902e-02
-1.14829e-02
-1.24883e-02
-1.33305e-02
-1.39257e-02
-1.42001e-02
-1.41363e-02
-1.38001e-02
-1.32877e-02
-1.27296e-02
-1.21046e-02
-1.13632e-02
-1.04934e-02
-9.50677e-03
-8.40502e-03
-7.21187e-03
-5.98437e-03
-4.83648e-03
-3.80652e-03
-2.98108e-03
-2.40078e-03
-2.00156e-03
-1.75548e-03
-1.63768e-03
-1.55323e-03
-1.38615e-03
-1.18095e-03
-9.54774e-04
-7.30323e-04
-5.21455e-04
-3.08855e-04
-8.87362e-05
1.29407e-04
3.48827e-04
5.96317e-04
8.67082e-04
1.17298e-03
1.52935e-03
1.96728e-03
2.51415e-03
3.19851e-03
4.02109e-03
4.99566e-03
6.09396e-03
7.29419e-03
8.56260e-03
9.85118e-03
1.10850e-02
1.22110e-02
1.31284e-02
1.38015e-02
1.42227e-02
1.43491e-02
1.41433e-02
1.35801e-02
1.26817e-02
1.15494e-02
1.03035e-02
8.96244e-03
7.50593e-03
5.98415e-03
4.46708e-03
3.09039e-03
1.93213e-03
8.95832e-04
-9.70678e-05
-1.10367e-03
-2.11324e-03
-3.13262e-03
-4.13832e-03
-5.07570e-03
-5.90195e-03
-6.54663e-03
-6.97901e-03
-7.17395e-03
-7.09673e-03
-6.79525e-03
-6.37655e-03
-5.98908e-03
-5.62967e-03
-5.28371e-03
-4.96083e-03
-4.66101e-03
-4.37479e-03
-4.10685e-03
-3.87836e-03
-3.70172e-03
-3.56076e-03
-3.41266e-03
-3.22688e-03
-2.99531e-03
-2.68335e-03
-2.29909e-03
-1.88068e-03
-1.45099e-03
-1.00144e-03
-5.62414e-04
-1.53321e-04
2.30264e-04
5.46728e-04
7.36177e-04
7.66231e-04
6.33212e-04
3.48485e-04
-4.48551e-05
-4.94666e-04
-9.91479e-04
-1.48130e-03
-1.96078e-03
-2.41110e-03
-2.78976e-03
-3.06407e-03
-3.23487e-03
-3.30680e-03
-3.27396e-03
-3.14992e-03
-2.93119e-03
-2.63876e-03
-2.32230e-03
-1.98275e-03
-1.60508e-03
-1.23108e-03
-8.49969e-04
-4.55689e-04
-5.73911e-05
3.14337e-04
6.69229e-04
9.67229e-04
1.20171e-03
1.39377e-03
1.53052e-03
1.61547e-03
1.66552e-03
1.68659e-03
1.64735e-03
1.56842e-03
1.46794e-03
1.37136e-03
1.26757e-03
1.11712e-03
9.27463e-04
7.00601e-04
4.50560e-04
1.78008e-04
-9.53394e-05
-3.46618e-04
-5.79160e-04
-7.47007e-04
-8.36638e-04
-8.27406e-04
-7.04099e-04
-4.49332e-04
-8.22707e-05
3.75816e-04
9.10711e-04
1.49293e-03
2.09037e-03
2.65583e-03
3.17010e-03
3.60395e-03
3.95306e-03
4.19927e-03
4.32329e-03
4.33961e-03
4.25981e-03
4.09906e-03
3.89267e-03
3.68307e-03
3.47566e-03
3.26535e-03
3.05716e-03
2.87692e-03
2.71654e-03
2.57688e-03
2.47406e-03
2.40166e-03
2.33474e-03
2.26004e-03
2.16190e-03
2.03681e-03
1.87760e-03
1.68986e-03
1.47435e-03
1.24844e-03
1.01006e-03
7.22195e-04
3.99397e-04
5.27134e-05
-2.95914e-04
-6.07981e-04
-8.62668e-04
-1.06672e-03
-1.26535e-03
-1.44729e-03
-1.57480e-03
-1.68026e-03
-1.79093e-03
-1.91062e-03
-2.04356e-03
-2.21555e-03
-2.43251e-03
-2.68398e-03
-2.98563e-03
-3.32076e-03
-3.66536e-03
-3.99106e-03
-4.30796e-03
-4.59030e-03
-4.81371e-03
-4.97399e-03
-5.06986e-03
-5.04515e-03
-4.85529e-03
-4.51468e-03
-4.04938e-03
-3.45763e-03
-2.75950e-03
-1.94923e-03
-1.04799e-03
-1.08015e-04
8.44909e-04
1.79242e-03
2.65308e-03
3.35031e-03
3.88085e-03
4.22514e-03
4.37279e-03
4.35036e-03
4.21857e-03
4.04428e-03
3.87042e-03
3.71584e-03
3.59852e-03
3.51133e-03
3.45106e-03
3.43463e-03
3.47896e-03
3.55739e-03
3.64509e-03
3.68925e-03
3.64966e-03
3.50610e-03
3.22214e-03
2.79225e-03
2.18212e-03
1.38677e-03
4.22597e-04
-6.61204e-04
-1.82072e-03
-3.01769e-03
-4.17868e-03
-5.20555e-03
-6.10911e-03
-6.92067e-03
-7.65320e-03
-8.30327e-03
-8.85345e-03
-9.23467e-03
-9.42258e-03
-9.41127e-03
-9.19944e-03
-8.84457e-03
-8.41634e-03
-7.88262e-03
-7.26577e-03
-6.57754e-03
-5.80353e-03
-4.94619e-03
-4.04360e-03
-3.13399e-03
-2.26716e-03
-1.45625e-03
-7.22298e-04
-3.22120e-05
6.30400e-04
1.29654e-03
1.98439e-03
2.67703e-03
3.35471e-03
3.98274e-03
4.55523e-03
5.06371e-03
5.47548e-03
5.79691e-03
5.99588e-03
6.03692e-03
5.92383e-03
5.68731e-03
5.35235e-03
4.95827e-03
4.53450e-03
4.09583e-03
3.65601e-03
3.22535e-03
2.81066e-03
2.40771e-03
2.03236e-03
1.72821e-03
1.45369e-03
1.22988e-03
1.11168e-03
1.07232e-03
1.07698e-03
1.13931e-03
1.27109e-03
1.46862e-03
1.71325e-03
1.99482e-03
2.29796e-03
2.60686e-03
2.92862e-03
3.25338e-03
3.55154e-03
3.78551e-03
3.92114e-03
3.94153e-03
3.85327e-03
3.68767e-03
3.45181e-03
3.16586e-03
2.84410e-03
2.52468e-03
2.23787e-03
1.99165e-03
1.78664e-03
1.65180e-03
1.57942e-03
1.57227e-03
1.60674e-03
1.64229e-03
1.64596e-03
1.58501e-03
1.44210e-03
1.21530e-03
8.90269e-04
4.39915e-04
-1.35232e-04
-7.98230e-04
-1.53103e-03
-2.30536e-03
-3.07705e-03
-3.77695e-03
-4.37950e-03
-4.83655e-03
-5.12920e-03
-5.31094e-03
-5.41169e-03
-5.39026e-03
-5.22290e-03
-4.90692e-03
-4.44540e-03
-3.88755e-03
-3.26555e-03
-2.61023e-03
-1.95518e-03
-1.32549e-03
-7.84993e-04
-4.04456e-04
-1.99489e-04
-1.86156e-04
-3.83436e-04
-8.05547e-04
-1.38642e-03
-2.07431e-03
-2.84710e-03
-3.65772e-03
-4.46826e-03
-5.22371e-03
-5.85384e-03
-6.37545e-03
-6.76271e-03
-6.96508e-03
-6.95729e-03
-6.72648e-03
-6.29197e-03
-5.73161e-03
-5.07253e-03
-4.29598e-03
-3.41668e-03
-2.44323e-03
-1.38258e-03
-2.84436e-04
7.99243e-04
1.82171e-03
2.69648e-03
3.36690e-03
3.85318e-03
4.16064e-03
4.30464e-03
4.29879e-03
4.14302e-03
3.86941e-03
3.56627e-03
3.35658e-03
3.30089e-03
3.36082e-03
3.52289e-03
3.77913e-03
4.10552e-03
4.49327e-03
4.90045e-03
5.30462e-03
5.66059e-03
5.95539e-03
6.14931e-03
6.22173e-03
6.14542e-03
5.95088e-03
5.63491e-03
5.20424e-03
4.65445e-03
3.98823e-03
3.20122e-03
2.31238e-03
1.37316e-03
4.33452e-04
-4.81433e-04
-1.34296e-03
-2.11051e-03
-2.70626e-03
-3.12792e-03
-3.37559e-03
-3.45690e-03
-3.41324e-03
-3.28199e-03
-3.11859e-03
-2.94403e-03
-2.72221e-03
-2.48716e-03
-2.27840e-03
-2.11526e-03
-1.99161e-03
-1.90909e-03
-1.88027e-03
-1.89090e-03
-1.91833e-03
-1.96376e-03
-2.00781e-03
-1.99965e-03
-1.93327e-03
-1.80460e-03
-1.61265e-03
-1.32414e-03
-9.49429e-04
-5.24362e-04
-6.66312e-05
4.13488e-04
8.94384e-04
1.34938e-03
1.78480e-03
2.17908e-03
2.48096e-03
2.67547e-03
2.73127e-03
2.65412e-03
2.43140e-03
2.07429e-03
1.64481e-03
1.15075e-03
5.98295e-04
-8.29673e-07
-6.52956e-04
-1.33391e-03
-1.99857e-03
-2.63967e-03
-3.22667e-03
-3.68445e-03
-3.97524e-03
-4.14913e-03
-4.22467e-03
-4.20568e-03
-4.11770e-03
-3.98074e-03
-3.80621e-03
-3.60811e-03
-3.37155e-03
-3.09260e-03
-2.73239e-03
-2.31767e-03
-1.84824e-03
-1.31882e-03
-7.44498e-04
-1.60595e-04
3.95705e-04
8.95550e-04
1.32149e-03
1.72308e-03
2.05775e-03
2.29947e-03
2.50266e-03
2.70642e-03
2.87605e-03
3.01058e-03
3.10880e-03
3.18184e-03
3.25145e-03
3.32381e-03
3.38039e-03
3.40286e-03
3.38772e-03
3.30843e-03
3.15683e-03
2.93200e-03
2.64481e-03
2.29360e-03
1.85967e-03
1.34651e-03
7.85382e-04
1.98342e-04
-3.66732e-04
-8.77883e-04
-1.31075e-03
-1.65058e-03
-1.87049e-03
-1.97998e-03
-1.99890e-03
-1.92865e-03
-1.74685e-03
-1.49452e-03
-1.21188e-03
-9.23270e-04
-6.31949e-04
-3.71912e-04
-1.64513e-04
-6.01076e-06
1.01165e-04
1.56617e-04
1.68787e-04
1.41820e-04
9.95355e-05
7.76248e-05
9.29795e-05
1.56075e-04
2.72400e-04
4.53320e-04
6.91127e-04
1.00201e-03
1.40188e-03
1.86993e-03
2.39866e-03
3.00131e-03
3.63035e-03
4.26327e-03
4.90105e-03
5.49336e-03
6.01333e-03
6.43394e-03
6.72882e-03
6.88222e-03
6.86756e-03
6.68638e-03
6.31819e-03
5.80205e-03
5.15985e-03
4.41726e-03
3.59345e-03
2.72434e-03
1.85578e-03
1.02125e-03
2.53145e-04
-4.01712e-04
-9.72161e-04
-1.51558e-03
-2.07409e-03
-2.65678e-03
-3.27963e-03
-3.92762e-03
-4.60346e-03
-5.30085e-03
-5.98386e-03
-6.63943e-03
-7.25145e-03
-7.78290e-03
-8.21983e-03
-8.53630e-03
-8.74759e-03
-8.88929e-03
-8.98770e-03
-9.03472e-03
-9.01741e-03
-8.95762e-03
-8.85124e-03
-8.69757e-03
-8.46111e-03
-8.14188e-03
-7.77043e-03
-7.33605e-03
-6.83972e-03
-6.27539e-03
-5.65060e-03
-5.00142e-03
-4.31942e-03
-3.61391e-03
-2.90567e-03
-2.18316e-03
-1.45691e-03
-7.41313e-04
-2.45030e-05
7.13241e-04
1.43461e-03
2.12185e-03
2.76556e-03
3.41231e-03
4.07295e-03
4.68758e-03
5.22196e-03
5.65360e-03
5.99774e-03
6.27946e-03
6.47333e-03
6.56252e-03
6.61009e-03
6.61415e-03
6.55481e-03
6.46897e-03
6.34679e-03
6.21286e-03
6.06964e-03
5.91079e-03
5.75233e-03
5.58843e-03
5.42292e-03
5.25035e-03
5.03495e-03
4.77363e-03
4.47753e-03
4.14795e-03
3.77334e-03
3.38777e-03
2.99088e-03
2.58398e-03
2.20456e-03
1.85398e-03
1.53108e-03
1.20568e-03
9.01712e-04
6.44707e-04
4.03140e-04
1.71565e-04
-3.71911e-05
-2.44588e-04
-4.41101e-04
-6.12479e-04
-7.53282e-04
-8.76303e-04
-9.89830e-04
-1.08922e-03
-1.16445e-03
-1.22241e-03
-1.26481e-03
-1.28201e-03
-1.27683e-03
-1.26450e-03
-1.23580e-03
-1.20422e-03
-1.17550e-03
-1.17695e-03
-1.19185e-03
-1.23086e-03
-1.30294e-03
-1.39728e-03
-1.52102e-03
-1.67612e-03
-1.86442e-03
-2.06251e-03
-2.26001e-03
-2.45218e-03
-2.64933e-03
-2.83434e-03
-2.99149e-03
-3.12482e-03
-3.25462e-03
-3.36942e-03
-3.48592e-03
-3.59959e-03
-3.71178e-03
-3.80788e-03
-3.87277e-03
-3.90252e-03
-3.88204e-03
-3.80180e-03
-3.66647e-03
-3.44573e-03
-3.11287e-03
-2.65143e-03
-2.06663e-03
-1.37748e-03
-5.91655e-04
2.44998e-04
1.06895e-03
1.82731e-03
2.46472e-03
2.98334e-03
3.38497e-03
3.66826e-03
3.86685e-03
3.98889e-03
4.06878e-03
4.04342e-03
3.92740e-03
3.74579e-03
3.50032e-03
3.17472e-03
2.75512e-03
2.25350e-03
1.65067e-03
9.62810e-04
2.15834e-04
-5.58517e-04
-1.30647e-03
-1.97729e-03
-2.54687e-03
-2.98071e-03
-3.24902e-03
-3.31435e-03
-3.21447e-03
-2.98609e-03
-2.63531e-03
-2.18984e-03
-1.65582e-03
-1.06350e-03
-4.49282e-04
1.59233e-04
7.35872e-04
1.25994e-03
1.66749e-03
1.91560e-03
1.99665e-03
1.91673e-03
1.72555e-03
1.42031e-03
1.02035e-03
6.00443e-04
2.22771e-04
-1.08370e-04
-3.65962e-04
-5.28809e-04
-5.93845e-04
-5.75390e-04
-4.80944e-04
-3.11843e-04
-8.53324e-05
1.65653e-04
4.06645e-04
5.90023e-04
7.14780e-04
7.80888e-04
7.84306e-04
7.12870e-04
5.59099e-04
3.36818e-04
4.65508e-05
-2.83936e-04
-6.40539e-04
-9.98385e-04
-1.32277e-03
-1.59171e-03
-1.77568e-03
-1.85062e-03
-1.80173e-03
-1.61751e-03
-1.30208e-03
-8.35600e-04
-2.04669e-04
5.46633e-04
1.38199e-03
2.27235e-03
3.20327e-03
4.13817e-03
5.00064e-03
5.76720e-03
6.37230e-03
6.69181e-03
6.73032e-03
6.50302e-03
6.04207e-03
5.42881e-03
4.75683e-03
4.03251e-03
3.23424e-03
2.39949e-03
1.56530e-03
7.56092e-04
1.35385e-05
-6.35954e-04
-1.17685e-03
-1.64193e-03
-2.05305e-03
-2.42162e-03
-2.75987e-03
-3.06248e-03
-3.31824e-03
-3.52015e-03
-3.66717e-03
-3.78169e-03
-3.90243e-03
-3.98755e-03
-4.02247e-03
-4.02608e-03
-3.96178e-03
-3.82805e-03
-3.63657e-03
-3.40140e-03
-3.11123e-03
-2.76120e-03
-2.37824e-03
-1.98331e-03
-1.58414e-03
-1.18688e-03
-8.00396e-04
-4.63749e-04
-2.09930e-04
-3.70286e-05
6.25410e-05
9.75144e-05
8.74899e-05
5.22860e-05
-1.69939e-05
-1.10033e-04
-1.97599e-04
-2.61038e-04
-3.22135e-04
-3.71216e-04
-3.99925e-04
-4.01046e-04
-3.70581e-04
-3.31904e-04
-2.72289e-04
-1.98278e-04
-1.20067e-04
-4.78035e-05
2.63808e-05
1.20552e-04
2.22464e-04
3.14122e-04
4.01878e-04
4.90531e-04
5.82110e-04
6.70826e-04
7.52516e-04
8.48074e-04
9.78473e-04
1.12623e-03
1.27646e-03
1.43809e-03
1.59374e-03
1.75916e-03
1.90575e-03
2.03237e-03
2.12585e-03
2.17217e-03
2.16903e-03
2.10323e-03
1.96639e-03
1.77009e-03
1.52528e-03
1.25004e-03
9.45803e-04
6.27156e-04
3.17056e-04
2.77183e-05
-2.24746e-04
-4.17943e-04
-5.22249e-04
-5.68850e-04
-5.69385e-04
-5.22577e-04
-4.43752e-04
-3.39507e-04
-2.12721e-04
-8.79239e-05
9.84841e-06
6.43292e-05
7.98961e-05
5.74291e-05
-8.47373e-06
-1.29915e-04
-3.17675e-04
-5.50293e-04
-8.01547e-04
-1.06571e-03
-1.33432e-03
-1.58706e-03
-1.79984e-03
-1.96549e-03
-2.08366e-03
-2.16663e-03
-2.17577e-03
-2.10902e-03
-1.98548e-03
-1.81832e-03
-1.61205e-03
-1.38091e-03
-1.12974e-03
-8.71350e-04
-6.47294e-04
-4.67969e-04
-3.51547e-04
-2.88244e-04
-2.76307e-04
-3.07658e-04
-3.83391e-04
-4.88868e-04
-6.04084e-04
-7.12880e-04
-7.76485e-04
-7.68306e-04
-6.96011e-04
-5.40459e-04
-2.81771e-04
6.88157e-05
5.07937e-04
1.02856e-03
1.59190e-03
2.19129e-03
2.79492e-03
3.36503e-03
3.85359e-03
4.20493e-03
4.40501e-03
4.44297e-03
4.30609e-03
3.99491e-03
3.53504e-03
2.95130e-03
2.26794e-03
1.48670e-03
6.50697e-04
-1.89275e-04
-1.00629e-03
-1.76901e-03
-2.43738e-03
-2.99063e-03
-3.36196e-03
-3.53368e-03
-3.55342e-03
-3.46952e-03
-3.35482e-03
-3.21813e-03
-3.05164e-03
-2.83513e-03
-2.56283e-03
-2.23995e-03
-1.87915e-03
-1.47572e-03
-1.03738e-03
-5.76754e-04
-1.00403e-04
3.62586e-04
8.18064e-04
1.24020e-03
1.64016e-03
2.01491e-03
2.32993e-03
2.60271e-03
2.86050e-03
3.06350e-03
3.19577e-03
3.24011e-03
3.17191e-03
3.01386e-03
2.79260e-03
2.52674e-03
2.20723e-03
1.84626e-03
1.46618e-03
1.10922e-03
7.64700e-04
4.37527e-04
1.31243e-04
-1.32102e-04
-3.77758e-04
-6.35686e-04
-8.97987e-04
-1.20189e-03
-1.54859e-03
-1.91569e-03
-2.31179e-03
-2.70447e-03
-3.09602e-03
-3.47548e-03
-3.83923e-03
-4.13884e-03
-4.36664e-03
-4.49949e-03
-4.54775e-03
-4.52951e-03
-4.45039e-03
-4.31907e-03
-4.13014e-03
-3.86853e-03
-3.52479e-03
-3.11655e-03
-2.65608e-03
-2.13978e-03
-1.55544e-03
-9.11761e-04
-2.40631e-04
4.48885e-04
1.15399e-03
1.85951e-03
2.55617e-03
3.24239e-03
3.89883e-03
4.44689e-03
4.87801e-03
5.21891e-03
5.47149e-03
5.63151e-03
5.74222e-03
5.87091e-03
5.99469e-03
6.07074e-03
6.10206e-03
6.09076e-03
6.04911e-03
5.98456e-03
5.89585e-03
5.76090e-03
5.57576e-03
5.33139e-03
5.02436e-03
4.64776e-03
4.21371e-03
3.71919e-03
3.17914e-03
2.59223e-03
1.97863e-03
1.35647e-03
7.40868e-04
8.04766e-05
-6.08769e-04
-1.29027e-03
-1.96749e-03
-2.61570e-03
-3.25557e-03
-3.87584e-03
-4.47633e-03
-5.02763e-03
-5.51234e-03
-5.92009e-03
-6.22885e-03
-6.45370e-03
-6.59425e-03
-6.68349e-03
-6.73099e-03
-6.72711e-03
-6.66644e-03
-6.57362e-03
-6.44516e-03
-6.25355e-03
-5.99859e-03
-5.68719e-03
-5.29581e-03
-4.79742e-03
-4.20758e-03
-3.53186e-03
-2.77928e-03
-1.93458e-03
-9.90061e-04
-1.36105e-05
9.77146e-04
1.94156e-03
2.78725e-03
3.49860e-03
4.05075e-03
4.43996e-03
4.65382e-03
4.63563e-03
4.39243e-03
3.94562e-03
3.35399e-03
2.73258e-03
2.11748e-03
1.50655e-03
8.84300e-04
2.37358e-04
-4.03940e-04
-9.77385e-04
-1.45596e-03
-1.83951e-03
-2.09592e-03
-2.19767e-03
-2.25717e-03
-2.30771e-03
-2.32137e-03
-2.30160e-03
-2.26267e-03
-2.20992e-03
-2.15842e-03
-2.11689e-03
-2.08378e-03
-2.04227e-03
-2.01995e-03
-2.01272e-03
-2.01686e-03
-2.01099e-03
-1.97388e-03
-1.87760e-03
-1.71421e-03
-1.48389e-03
-1.17856e-03
-7.85547e-04
-3.13591e-04
2.23409e-04
7.86037e-04
1.36504e-03
1.94324e-03
2.47809e-03
2.99051e-03
3.46944e-03
3.85822e-03
4.13013e-03
4.32471e-03
4.43107e-03
4.43770e-03
4.38252e-03
4.24667e-03
4.03893e-03
3.76708e-03
3.47432e-03
3.19408e-03
2.92442e-03
2.65744e-03
2.39463e-03
2.14437e-03
1.89690e-03
1.65892e-03
1.43038e-03
1.23210e-03
1.07876e-03
9.38436e-04
7.88276e-04
6.52777e-04
5.28773e-04
4.09710e-04
2.67424e-04
1.02496e-04
-8.98794e-05
-2.91634e-04
-4.96641e-04
-6.97319e-04
-8.75911e-04
-1.02289e-03
-1.12114e-03
-1.16363e-03
-1.13801e-03
-1.04645e-03
-8.90242e-04
-6.90629e-04
-4.49318e-04
-1.67229e-04
1.35634e-04
4.47728e-04
7.54601e-04
1.05036e-03
1.31510e-03
1.55537e-03
1.76313e-03
1.93677e-03
2.06546e-03
2.13240e-03
2.17193e-03
2.18355e-03
2.15598e-03
2.09106e-03
1.99496e-03
1.88424e-03
1.73855e-03
1.56676e-03
1.38111e-03
1.18834e-03
9.93151e-04
7.86633e-04
5.49957e-04
3.05937e-04
5.33933e-05
-2.09456e-04
-4.83147e-04
-7.37277e-04
-9.77486e-04
-1.22193e-03
-1.50259e-03
-1.86043e-03
-2.26198e-03
-2.70792e-03
-3.18064e-03
-3.63751e-03
-4.05911e-03
-4.44595e-03
-4.77315e-03
-5.03989e-03
-5.24495e-03
-5.38093e-03
-5.44960e-03
-5.44118e-03
-5.37624e-03
-5.26404e-03
-5.10873e-03
-4.90957e-03
-4.65204e-03
-4.35570e-03
-4.05221e-03
-3.74103e-03
-3.42338e-03
-3.09984e-03
-2.80059e-03
-2.52586e-03
-2.28134e-03
-2.03363e-03
-1.78878e-03
-1.54848e-03
-1.29924e-03
-1.01699e-03
-7.03779e-04
-3.32379e-04
1.13731e-04
6.15758e-04
1.17437e-03
1.76805e-03
2.37935e-03
2.95932e-03
3.47237e-03
3.91013e-03
4.25694e-03
4.51089e-03
4.69782e-03
4.79886e-03
4.83717e-03
4.80448e-03
4.72337e-03
4.60172e-03
4.43712e-03
4.24869e-03
4.03255e-03
3.78225e-03
3.51350e-03
3.25366e-03
2.99202e-03
2.72752e-03
2.47235e-03
2.23833e-03
2.02868e-03
1.84144e-03
1.67111e-03
1.51285e-03
1.39348e-03
1.29029e-03
1.18336e-03
1.06365e-03
9.18753e-04
7.52368e-04
5.69582e-04
3.44984e-04
1.11931e-04
-1.35624e-04
-4.14697e-04
-7.09437e-04
-1.01287e-03
-1.28023e-03
-1.50300e-03
-1.68135e-03
-1.78036e-03
-1.80041e-03
-1.73925e-03
-1.61769e-03
-1.44124e-03
-1.20078e-03
-9.52210e-04
-6.92861e-04
-4.22117e-04
-1.55185e-04
7.87556e-05
2.73238e-04
4.32286e-04
5.18012e-04
5.23843e-04
4.59545e-04
3.25685e-04
1.45975e-04
-5.40098e-05
-2.71673e-04
-4.78210e-04
-6.65896e-04
-8.09439e-04
-9.03678e-04
-9.67280e-04
-9.96711e-04
-9.77360e-04
-9.44433e-04
-9.09333e-04
-8.68936e-04
-8.32911e-04
-8.17201e-04
-8.42327e-04
-9.30023e-04
-1.07181e-03
-1.25897e-03
-1.48735e-03
-1.74467e-03
-2.03124e-03
-2.32241e-03
-2.60722e-03
-2.87540e-03
-3.11884e-03
-3.31186e-03
-3.43475e-03
-3.48401e-03
-3.47073e-03
-3.39409e-03
-3.24382e-03
-3.02884e-03
-2.75274e-03
-2.41890e-03
-2.03810e-03
-1.61316e-03
-1.15579e-03
-6.72847e-04
-1.80082e-04
3.29246e-04
8.46993e-04
1.35249e-03
1.84948e-03
2.31281e-03
2.71030e-03
3.03515e-03
3.27570e-03
3.43627e-03
3.51437e-03
3.53938e-03
3.50021e-03
3.44339e-03
3.37033e-03
3.24169e-03
3.06601e-03
2.86719e-03
2.66408e-03
2.43790e-03
2.17859e-03
1.89747e-03
1.62208e-03
1.36595e-03
1.12701e-03
9.28426e-04
7.79894e-04
6.62594e-04
5.86776e-04
5.30469e-04
4.89889e-04
4.64094e-04
4.59450e-04
4.62988e-04
4.71134e-04
4.80442e-04
4.76904e-04
4.72473e-04
4.75017e-04
4.97865e-04
5.03610e-04
4.95049e-04
4.78340e-04
4.56260e-04
4.28866e-04
3.94702e-04
3.50525e-04
2.93466e-04
2.20621e-04
1.33147e-04
2.82953e-05
-1.18617e-04
-3.01746e-04
-5.08736e-04
-7.25467e-04
-9.29977e-04
-1.13527e-03
-1.30340e-03
-1.42778e-03
-1.51421e-03
-1.55796e-03
-1.56627e-03
-1.54971e-03
-1.50857e-03
-1.46362e-03
-1.41531e-03
-1.33808e-03
-1.25284e-03
-1.15946e-03
-1.06734e-03
-9.68269e-04
-8.54658e-04
-7.28801e-04
-5.92583e-04
-4.32691e-04
-2.65077e-04
-1.03879e-04
5.41121e-05
2.30426e-04
4.03433e-04
5.59464e-04
7.09778e-04
8.49135e-04
9.57876e-04
1.04085e-03
1.08830e-03
1.07772e-03
1.00301e-03
8.83259e-04
7.23928e-04
5.01304e-04
2.24271e-04
-8.02111e-05
-4.07349e-04
-7.59932e-04
-1.11102e-03
-1.44864e-03
-1.74786e-03
-2.00434e-03
-2.20736e-03
-2.36998e-03
-2.47370e-03
-2.53096e-03
-2.53197e-03
-2.47061e-03
-2.36114e-03
-2.21261e-03
-2.01727e-03
-1.79448e-03
-1.55875e-03
-1.29798e-03
-1.00717e-03
-7.03484e-04
-4.13811e-04
-1.40196e-04
1.29182e-04
4.01973e-04
6.58223e-04
9.02798e-04
1.12484e-03
1.30705e-03
1.46508e-03
1.62439e-03
1.77940e-03
1.94504e-03
2.11107e-03
2.25164e-03
2.35439e-03
2.41610e-03
2.45453e-03
2.48222e-03
2.50350e-03
2.50982e-03
2.48279e-03
2.40762e-03
2.29995e-03
2.19219e-03
2.07338e-03
1.93007e-03
1.75801e-03
1.55867e-03
1.34898e-03
1.14110e-03
9.10757e-04
6.83126e-04
4.52516e-04
2.03109e-04
-4.94092e-05
-2.96869e-04
-5.38278e-04
-7.57597e-04
-9.49103e-04
-1.12424e-03
-1.29333e-03
-1.45820e-03
-1.63079e-03
-1.81798e-03
-2.03281e-03
-2.24617e-03
-2.44584e-03
-2.65492e-03
-2.84607e-03
-3.00119e-03
-3.11357e-03
-3.17126e-03
-3.17251e-03
-3.11755e-03
-3.01211e-03
-2.82598e-03
-2.56355e-03
-2.21178e-03
-1.79397e-03
-1.32234e-03
-8.02607e-04
-2.65287e-04
2.76513e-04
7.94392e-04
1.25824e-03
1.64859e-03
1.94092e-03
2.12996e-03
2.21116e-03
2.18314e-03
2.07422e-03
1.93499e-03
1.78022e-03
1.63131e-03
1.49607e-03
1.38239e-03
1.28797e-03
1.18588e-03
1.08648e-03
1.02048e-03
9.91497e-04
9.58509e-04
9.19042e-04
8.66651e-04
8.00355e-04
7.16403e-04
6.11908e-04
5.16173e-04
4.14171e-04
3.15682e-04
2.42315e-04
1.75365e-04
1.23552e-04
9.91680e-05
8.51016e-05
9.80685e-05
1.09498e-04
1.16171e-04
1.06018e-04
9.55739e-05
8.98542e-05
4.29524e-05
-4.59603e-05
-1.68921e-04
-3.14405e-04
-4.65979e-04
-6.01252e-04
-7.13303e-04
-7.97668e-04
-8.34969e-04
-8.44790e-04
-8.06326e-04
-7.32458e-04
-6.31367e-04
-5.15790e-04
-4.02209e-04
-2.97466e-04
-1.95427e-04
-9.34282e-05
8.42582e-06
1.02399e-04
1.80169e-04
2.37855e-04
2.61403e-04
2.62630e-04
2.53415e-04
2.21428e-04
1.85102e-04
1.63701e-04
1.57928e-04
1.73201e-04
1.97418e-04
2.40424e-04
3.06109e-04
3.91605e-04
4.86149e-04
5.98466e-04
7.12190e-04
8.21618e-04
9.32408e-04
1.03551e-03
1.11564e-03
1.15270e-03
1.12728e-03
1.05235e-03
9.41541e-04
7.92792e-04
6.30022e-04
4.61327e-04
2.99526e-04
1.61880e-04
4.18697e-05
-6.34050e-05
-1.59745e-04
-2.50865e-04
-3.07117e-04
-3.41735e-04
-3.68883e-04
-4.03926e-04
-4.13301e-04
-4.02990e-04
-3.98905e-04
-4.02947e-04
-4.03229e-04
-4.06257e-04
-4.17319e-04
-4.21495e-04
-4.33683e-04
-4.72138e-04
-5.32876e-04
-6.20960e-04
-7.28888e-04
-8.42800e-04
-9.51987e-04
-1.06632e-03
-1.17255e-03
-1.28258e-03
-1.40377e-03
-1.51375e-03
-1.59659e-03
-1.64981e-03
-1.67328e-03
-1.68181e-03
-1.67748e-03
-1.66663e-03
-1.64812e-03
-1.60508e-03
-1.55401e-03
-1.47754e-03
-1.36116e-03
-1.22111e-03
-1.05711e-03
-8.68130e-04
-6.34557e-04
-3.73989e-04
-9.00965e-05
2.31421e-04
5.56125e-04
8.78018e-04
1.18427e-03
1.46405e-03
1.67194e-03
1.82083e-03
1.93504e-03
2.01664e-03
2.02744e-03
1.95672e-03
1.81718e-03
1.62206e-03
1.39761e-03
1.16896e-03
9.45964e-04
7.32802e-04
5.32585e-04
3.58428e-04
2.21234e-04
1.20728e-04
3.31582e-05
-4.51859e-05
-1.07614e-04
-1.79380e-04
-2.46375e-04
-2.89289e-04
-3.04823e-04
-3.12342e-04
-3.11673e-04
-2.76970e-04
-2.27062e-04
-1.44988e-04
-4.07334e-05
7.95143e-05
2.14770e-04
3.61307e-04
5.15339e-04
6.57271e-04
7.84215e-04
8.91269e-04
9.67799e-04
1.02084e-03
1.06164e-03
1.06964e-03
1.05526e-03
1.01196e-03
9.45027e-04
8.51639e-04
7.35011e-04
6.01690e-04
4.57396e-04
3.25733e-04
2.07240e-04
7.96604e-05
-4.83965e-05
-1.78767e-04
-3.13533e-04
-4.35847e-04
-5.68585e-04
-6.97923e-04
-8.19360e-04
-9.56589e-04
-1.11958e-03
-1.29943e-03
-1.48259e-03
-1.67014e-03
-1.87572e-03
-2.09648e-03
-2.30725e-03
-2.47921e-03
-2.61365e-03
-2.72273e-03
-2.77870e-03
-2.76635e-03
-2.68628e-03
-2.53741e-03
-2.34014e-03
-2.10920e-03
-1.82274e-03
-1.47387e-03
-1.08881e-03
-6.60919e-04
-2.07442e-04
2.53608e-04
7.10044e-04
1.13133e-03
1.52773e-03
1.90472e-03
2.23740e-03
2.48098e-03
2.64928e-03
2.78591e-03
2.88477e-03
2.94741e-03
3.02058e-03
3.10639e-03
3.19582e-03
3.28015e-03
3.35090e-03
3.41128e-03
3.43495e-03
3.41644e-03
3.36831e-03
3.25976e-03
3.09653e-03
2.89210e-03
2.65346e-03
2.37785e-03
2.03486e-03
1.63751e-03
1.18121e-03
6.91965e-04
1.69260e-04
-3.27179e-04
-8.06551e-04
-1.26567e-03
-1.68496e-03
-2.03951e-03
-2.34734e-03
-2.63344e-03
-2.87014e-03
-3.05647e-03
-3.22400e-03
-3.36368e-03
-3.44588e-03
-3.48506e-03
-3.47769e-03
-3.40615e-03
-3.28991e-03
-3.13274e-03
-2.91256e-03
-2.64964e-03
-2.36626e-03
-2.06329e-03
-1.74825e-03
-1.41810e-03
-1.05959e-03
-6.71429e-04
-2.96331e-04
6.90709e-05
4.10005e-04
7.01678e-04
9.43294e-04
1.15051e-03
1.33874e-03
1.49036e-03
1.57625e-03
1.59601e-03
1.56706e-03
1.50998e-03
1.42292e-03
1.31660e-03
1.17921e-03
1.01816e-03
8.47231e-04
6.90911e-04
5.56803e-04
4.28721e-04
3.04233e-04
2.12072e-04
1.48441e-04
9.26473e-05
4.42929e-05
1.15411e-05
-1.19615e-05
-4.17782e-06
2.24894e-05
5.04448e-05
5.47457e-05
5.35415e-05
4.40313e-05
2.51514e-05
-1.64635e-05
-7.05727e-05
-1.23154e-04
-1.66280e-04
-2.19500e-04
-2.77577e-04
-3.33570e-04
-3.75190e-04
-3.98095e-04
-4.19750e-04
-4.36485e-04
-4.35653e-04
-4.12895e-04
-3.86295e-04
-3.56564e-04
-3.33054e-04
-3.15720e-04
-3.02488e-04
-2.92853e-04
-2.86332e-04
-2.83908e-04
-2.86643e-04
-2.96861e-04
-3.16509e-04
-3.48199e-04
-3.93146e-04
-4.52675e-04
-5.22160e-04
-5.80793e-04
-6.19026e-04
-6.39110e-04
-6.28909e-04
-5.71592e-04
-4.54165e-04
-2.98406e-04
-1.31966e-04
3.76051e-05
1.99552e-04
3.40021e-04
4.72367e-04
6.01786e-04
7.09250e-04
8.07581e-04
8.99031e-04
9.81926e-04
1.04760e-03
1.07858e-03
1.09627e-03
1.09525e-03
1.06596e-03
1.03195e-03
9.76092e-04
9.05519e-04
8.18191e-04
7.10657e-04
6.01982e-04
4.69707e-04
3.19437e-04
1.67180e-04
2.16143e-05
-1.18902e-04
-2.49788e-04
-3.65727e-04
-4.66704e-04
-5.40159e-04
-5.84277e-04
-6.19242e-04
-6.56657e-04
-6.57918e-04
-6.24507e-04
-5.75084e-04
-4.94740e-04
-3.83085e-04
-2.50264e-04
-1.12227e-04
3.67313e-05
1.94343e-04
3.59075e-04
5.41560e-04
7.27159e-04
9.13697e-04
1.10324e-03
1.29240e-03
1.44112e-03
1.54943e-03
1.61273e-03
1.63507e-03
1.61395e-03
1.56241e-03
1.48474e-03
1.37624e-03
1.23804e-03
1.08010e-03
9.05126e-04
7.11465e-04
5.05618e-04
3.08093e-04
1.24642e-04
-6.22117e-05
-2.16201e-04
-3.30601e-04
-4.10419e-04
-4.48987e-04
-4.50329e-04
-4.28853e-04
-4.11082e-04
-3.89379e-04
-3.76047e-04
-3.95684e-04
-4.24492e-04
-4.49800e-04
-4.81552e-04
-5.32126e-04
-5.89423e-04
-6.37636e-04
-6.68032e-04
-6.99930e-04
-7.28043e-04
-7.53022e-04
-8.00499e-04
-8.75007e-04
-9.74793e-04
-1.09751e-03
-1.23487e-03
-1.37544e-03
-1.50075e-03
-1.60986e-03
-1.70339e-03
-1.76965e-03
-1.83433e-03
-1.88645e-03
-1.93861e-03
-1.97280e-03
-1.99198e-03
-2.00801e-03
-2.02901e-03
-2.03983e-03
-2.03219e-03
-1.99174e-03
-1.93645e-03
-1.89027e-03
-1.85390e-03
-1.83016e-03
-1.81748e-03
-1.79317e-03
-1.75330e-03
-1.67507e-03
-1.56204e-03
-1.40601e-03
-1.19457e-03
-9.42806e-04
-6.51342e-04
-3.23431e-04
4.55396e-05
4.64347e-04
9.19987e-04
1.39532e-03
1.84154e-03
2.21975e-03
2.54930e-03
2.82268e-03
3.03128e-03
3.18630e-03
3.28438e-03
3.33771e-03
3.32071e-03
3.26469e-03
3.18511e-03
3.08653e-03
2.98685e-03
2.88581e-03
2.79390e-03
2.70078e-03
2.60830e-03
2.50580e-03
2.38523e-03
2.25454e-03
2.11890e-03
1.96016e-03
1.79712e-03
1.63729e-03
1.48393e-03
1.33695e-03
1.20155e-03
1.06940e-03
9.63065e-04
8.68785e-04
7.61653e-04
6.39157e-04
5.32767e-04
4.21345e-04
2.97311e-04
1.86606e-04
6.41316e-05
-7.01688e-05
-2.12570e-04
-3.86999e-04
-5.78707e-04
-7.93311e-04
-1.01057e-03
-1.24631e-03
-1.46812e-03
-1.68129e-03
-1.89353e-03
-2.06699e-03
-2.22288e-03
-2.37339e-03
-2.50020e-03
-2.59713e-03
-2.67417e-03
-2.72610e-03
-2.74166e-03
-2.73141e-03
-2.67468e-03
-2.56319e-03
-2.40434e-03
-2.22444e-03
-2.02178e-03
-1.79734e-03
-1.55241e-03
-1.30999e-03
-1.07828e-03
-8.73867e-04
-7.03900e-04
-5.70129e-04
-4.70797e-04
-3.95558e-04
-3.24390e-04
-2.50288e-04
-1.92460e-04
-1.28525e-04
-6.06898e-05
1.39315e-05
9.63961e-05
1.97628e-04
3.29466e-04
5.04550e-04
6.90295e-04
8.81917e-04
1.06578e-03
1.22227e-03
1.35309e-03
1.45983e-03
1.50382e-03
1.50039e-03
1.44136e-03
1.34533e-03
1.22529e-03
1.08814e-03
9.40529e-04
7.69910e-04
5.87053e-04
4.20623e-04
2.52777e-04
8.72118e-05
-6.22444e-05
-2.17638e-04
-3.51693e-04
-4.70423e-04
-5.90632e-04
-7.04206e-04
-8.04895e-04
-8.79133e-04
-9.34809e-04
-9.78848e-04
-1.02078e-03
-1.02477e-03
-9.89885e-04
-9.11078e-04
-7.90061e-04
-6.34670e-04
-4.47535e-04
-2.23238e-04
3.21167e-05
3.03708e-04
5.77916e-04
8.47708e-04
1.09074e-03
1.28453e-03
1.43572e-03
1.54504e-03
1.61737e-03
1.65276e-03
1.65542e-03
1.61881e-03
1.57342e-03
1.52111e-03
1.44744e-03
1.35045e-03
1.24184e-03
1.11000e-03
9.72946e-04
8.29943e-04
6.60855e-04
4.83754e-04
3.25293e-04
1.76173e-04
1.61916e-05
-1.40976e-04
-2.94165e-04
-4.38124e-04
-5.39382e-04
-6.14399e-04
-6.61641e-04
-7.03142e-04
-7.05197e-04
-6.73651e-04
-6.35324e-04
-5.80969e-04
-5.07926e-04
-4.23476e-04
-3.14643e-04
-2.19363e-04
-1.35087e-04
-5.90857e-05
7.27119e-06
5.36417e-05
7.34318e-05
7.84790e-05
6.21810e-05
4.11242e-05
2.17978e-05
-4.14076e-06
-4.73173e-05
-1.09614e-04
-1.61953e-04
-2.00205e-04
-2.45332e-04
-2.88586e-04
-3.17346e-04
-3.21754e-04
-2.90498e-04
-2.56147e-04
-2.09107e-04
-1.60450e-04
-1.07810e-04
-3.89787e-05
2.82045e-05
7.11248e-05
9.34932e-05
1.01977e-04
9.82687e-05
5.44576e-05
-2.27537e-05
-1.04238e-04
-2.03895e-04
-3.13727e-04
-4.14360e-04
-4.83770e-04
-5.10483e-04
-4.98976e-04
-4.54513e-04
-3.87162e-04
-3.04593e-04
-2.09402e-04
-1.11930e-04
-7.62158e-06
8.47212e-05
1.65369e-04
2.35122e-04
2.91160e-04
3.25599e-04
3.33720e-04
3.34720e-04
3.20710e-04
2.86949e-04
2.53544e-04
2.19265e-04
1.80037e-04
1.34489e-04
8.32628e-05
3.12686e-05
-1.30646e-05
-3.46675e-05
-2.00282e-05
1.56290e-05
5.52116e-05
1.11587e-04
1.94006e-04
2.86410e-04
3.90415e-04
4.93658e-04
5.96099e-04
7.02451e-04
7.91738e-04
8.57656e-04
8.83662e-04
8.79316e-04
8.51801e-04
7.85151e-04
6.88525e-04
5.59184e-04
3.89671e-04
1.99971e-04
-3.16720e-06
-2.15979e-04
-4.47477e-04
-6.81357e-04
-9.29343e-04
-1.18478e-03
-1.43165e-03
-1.66088e-03
-1.87044e-03
-2.03879e-03
-2.15688e-03
-2.22481e-03
-2.23595e-03
-2.19835e-03
-2.13124e-03
-2.04014e-03
-1.91432e-03
-1.75805e-03
-1.57857e-03
-1.39064e-03
-1.20826e-03
-1.01895e-03
-8.14592e-04
-6.08847e-04
-3.86222e-04
-1.64382e-04
5.53616e-05
2.49870e-04
4.22555e-04
5.67596e-04
6.88688e-04
7.89493e-04
8.60724e-04
9.12142e-04
9.48349e-04
9.44724e-04
9.15361e-04
8.78950e-04
8.52912e-04
8.23117e-04
7.89769e-04
7.64739e-04
7.62726e-04
7.75780e-04
7.95392e-04
8.15288e-04
8.31129e-04
8.40250e-04
8.41421e-04
8.35090e-04
8.22430e-04
8.07723e-04
7.88930e-04
7.38875e-04
6.54278e-04
5.36999e-04
3.92988e-04
2.32409e-04
7.37993e-05
-6.34291e-05
-1.84533e-04
-2.91442e-04
-3.51984e-04
-3.50928e-04
-3.12687e-04
-2.45237e-04
-1.52312e-04
-3.32575e-05
1.01850e-04
2.56091e-04
4.04283e-04
5.36185e-04
6.40806e-04
7.34359e-04
8.23264e-04
8.92953e-04
9.51120e-04
9.77839e-04
9.98613e-04
1.01667e-03
1.01964e-03
1.00796e-03
9.88182e-04
9.66969e-04
9.45270e-04
9.35943e-04
9.27559e-04
9.12994e-04
9.15819e-04
9.29494e-04
9.29211e-04
9.33687e-04
9.17602e-04
8.78263e-04
8.16938e-04
7.42198e-04
6.56524e-04
5.44669e-04
4.12248e-04
2.65881e-04
1.21549e-04
-2.32882e-05
-1.76781e-04
-3.34832e-04
-4.89343e-04
-6.53050e-04
-7.96975e-04
-9.31133e-04
-1.06569e-03
-1.21009e-03
-1.34053e-03
-1.46306e-03
-1.57999e-03
-1.70012e-03
-1.80750e-03
-1.89968e-03
-1.98864e-03
-2.05541e-03
-2.07118e-03
-2.04884e-03
-1.99736e-03
-1.91540e-03
-1.80970e-03
-1.68812e-03
-1.54486e-03
-1.40427e-03
-1.26989e-03
-1.12294e-03
-9.81377e-04
-8.61292e-04
-7.40116e-04
-6.42731e-04
-5.62734e-04
-4.68165e-04
-3.70753e-04
-2.91473e-04
-2.12923e-04
-1.27326e-04
-4.41006e-05
3.21062e-05
1.20414e-04
2.01292e-04
2.73232e-04
3.58256e-04
4.45715e-04
5.32424e-04
6.20346e-04
7.07673e-04
7.81687e-04
8.41270e-04
8.89016e-04
9.29364e-04
9.66375e-04
9.92273e-04
1.01592e-03
1.04244e-03
1.05604e-03
1.06238e-03
1.06301e-03
1.06966e-03
1.06649e-03
1.04132e-03
1.00472e-03
9.52753e-04
9.04157e-04
8.57123e-04
8.07711e-04
7.54023e-04
6.95732e-04
6.36524e-04
5.75775e-04
4.90105e-04
3.81857e-04
2.62095e-04
1.40853e-04
8.26321e-06
-1.20728e-04
-2.53927e-04
-3.75854e-04
-4.68105e-04
-5.48149e-04
-5.98407e-04
-6.20863e-04
-5.97767e-04
-5.51226e-04
-4.65870e-04
-3.52571e-04
-2.29714e-04
-9.55667e-05
4.76139e-05
1.88459e-04
3.10427e-04
4.20353e-04
5.13737e-04
5.64810e-04
5.86455e-04
5.56645e-04
4.65433e-04
3.34233e-04
1.79055e-04
8.96335e-06
-1.61787e-04
-3.26189e-04
-4.84697e-04
-6.30758e-04
-7.51025e-04
-8.40280e-04
-9.02881e-04
-9.43775e-04
-9.78988e-04
-1.00928e-03
-1.03976e-03
-1.07689e-03
-1.10223e-03
-1.13430e-03
-1.15193e-03
-1.15491e-03
-1.14684e-03
-1.12485e-03
-1.09803e-03
-1.05167e-03
-9.79528e-04
-8.93336e-04
-7.72838e-04
-6.38604e-04
-4.75308e-04
-2.96969e-04
-1.18348e-04
6.70430e-05
2.35177e-04
4.04672e-04
5.90353e-04
7.69685e-04
9.48018e-04
1.11379e-03
1.24058e-03
1.32384e-03
1.37770e-03
1.41946e-03
1.45279e-03
1.46185e-03
1.47291e-03
1.49723e-03
1.50697e-03
1.50338e-03
1.48829e-03
1.46161e-03
1.42201e-03
1.37821e-03
1.32308e-03
1.24811e-03
1.15200e-03
1.03570e-03
9.11937e-04
7.87833e-04
6.51187e-04
5.11656e-04
3.52481e-04
1.94559e-04
3.96360e-05
-1.04644e-04
-2.47572e-04
-3.83962e-04
-4.94448e-04
-5.82335e-04
-6.67378e-04
-7.68741e-04
-8.64493e-04
-9.43107e-04
-1.03540e-03
-1.10485e-03
-1.13922e-03
-1.14601e-03
-1.13675e-03
-1.11486e-03
-1.07379e-03
-1.01396e-03
-9.45453e-04
-8.54352e-04
-7.52098e-04
-6.56232e-04
-5.68526e-04
-4.93687e-04
-4.37879e-04
-3.85354e-04
-3.24200e-04
-2.62093e-04
-1.90991e-04
-1.16048e-04
-5.39088e-05
-2.58462e-06
4.35016e-05
8.83519e-05
1.27191e-04
1.67047e-04
2.12681e-04
2.51433e-04
2.91287e-04
3.40269e-04
3.88169e-04
4.30452e-04
4.51950e-04
4.39215e-04
4.02978e-04
3.57005e-04
2.98033e-04
2.22963e-04
1.32244e-04
3.03349e-05
-7.21431e-05
-1.62572e-04
-2.45053e-04
-3.20707e-04
-3.79018e-04
-4.14252e-04
-4.23557e-04
-4.25111e-04
-4.23130e-04
-4.00010e-04
-3.69103e-04
-3.22388e-04
-2.66299e-04
-2.26002e-04
-1.94411e-04
-1.63668e-04
-1.36396e-04
-1.09443e-04
-8.05815e-05
-5.04778e-05
-1.95517e-05
1.55125e-05
4.02772e-05
5.83628e-05
7.94628e-05
1.01619e-04
1.33302e-04
1.72438e-04
2.27687e-04
2.94157e-04
3.68836e-04
4.42986e-04
5.18988e-04
5.83848e-04
6.40529e-04
6.86914e-04
7.09906e-04
7.11181e-04
6.78599e-04
6.28733e-04
5.69224e-04
4.96744e-04
4.05559e-04
3.06356e-04
1.99926e-04
9.06626e-05
-1.57507e-05
-1.22035e-04
-2.11727e-04
-2.73694e-04
-3.19393e-04
-3.62071e-04
-4.04527e-04
-4.39683e-04
-4.57987e-04
-4.61067e-04
-4.54417e-04
-4.28643e-04
-3.93647e-04
-3.51569e-04
-3.04181e-04
-2.51595e-04
-2.02322e-04
-1.54325e-04
-1.08623e-04
-6.54600e-05
-1.67773e-05
3.17478e-05
7.70632e-05
1.23621e-04
1.70154e-04
2.05381e-04
2.39055e-04
2.62946e-04
2.76452e-04
2.89603e-04
2.96244e-04
2.93849e-04
2.83058e-04
2.63368e-04
2.32095e-04
1.90346e-04
1.33101e-04
6.58935e-05
-1.00279e-05
-8.02112e-05
-1.38985e-04
-1.93080e-04
-2.45532e-04
-2.88184e-04
-3.26803e-04
-3.61665e-04
-3.91298e-04
-4.12990e-04
-4.32747e-04
-4.57589e-04
-4.75916e-04
-4.88447e-04
-4.92986e-04
-4.88093e-04
-4.79179e-04
-4.65726e-04
-4.38850e-04
-4.00809e-04
-3.57027e-04
-3.09488e-04
-2.56556e-04
-1.98912e-04
-1.38392e-04
-7.61585e-05
-1.85375e-05
3.43889e-05
8.28502e-05
1.29500e-04
1.70579e-04
2.02293e-04
2.27951e-04
2.48261e-04
2.67213e-04
2.84068e-04
2.93708e-04
2.95721e-04
2.96186e-04
3.00779e-04
3.03825e-04
3.05299e-04
3.11827e-04
3.16338e-04
3.14915e-04
3.08494e-04
3.00287e-04
2.92691e-04
2.82792e-04
2.69573e-04
2.51499e-04
2.33020e-04
2.13646e-04
1.92546e-04
1.69791e-04
1.46010e-04
1.23185e-04
1.02456e-04
8.06233e-05
5.96580e-05
4.07136e-05
2.72331e-05
1.69754e-05
8.53469e-06
4.92016e-06
4.96736e-06
8.72485e-06
1.31210e-05
1.53032e-05
1.59112e-05
1.14960e-05
2.72657e-06
-9.38848e-06
-2.34342e-05
-3.87739e-05
-5.56940e-05
-7.04818e-05
-8.06028e-05
-8.66193e-05
-9.01503e-05
-8.99936e-05
-8.74182e-05
-8.09983e-05
-7.30534e-05
-6.59231e-05
-5.89007e-05
-5.25648e-05
-4.60372e-05
-3.92400e-05
-3.55417e-05
-3.49592e-05
-3.45771e-05
-3.43458e-05
-3.47499e-05
-3.64658e-05
-3.98990e-05
-4.41896e-05
-4.95822e-05
-5.62485e-05
-6.41433e-05
-7.26991e-05
-8.12967e-05
-8.96624e-05
-9.64977e-05
-1.02184e-04
-1.07112e-04
-1.11006e-04
-1.12269e-04
-1.10291e-04
-1.06449e-04
-1.00968e-04
-9.35938e-05
-8.52445e-05
-7.51346e-05
-6.47905e-05
-5.44832e-05
-4.40575e-05
-3.41296e-05
-2.42931e-05
-1.43089e-05
-4.44666e-06
4.87776e-06
1.41591e-05
2.27186e-05
2.93073e-05
3.46166e-05
3.89773e-05
4.28304e-05
4.53998e-05
4.66590e-05
4.76166e-05
4.71728e-05
4.56079e-05
4.35869e-05
4.08818e-05
3.77648e-05
3.38504e-05
2.98284e-05
2.59625e-05
2.21298e-05
1.82300e-05
1.47359e-05
1.11891e-05
7.86340e-06
5.07366e-06
2.51709e-06
1.56407e-07
-1.77403e-06
-2.85374e-06
-3.28059e-06
-3.24844e-06
-2.75427e-06
-1.94267e-06
-8.45648e-07
3.17570e-07
1.47593e-06
2.67607e-06
3.91295e-06
5.11234e-06
6.30090e-06
7.56113e-06
8.90661e-06
1.02465e-05
1.14251e-05
1.23331e-05
1.28967e-05
1.30400e-05
1.29069e-05
1.24974e-05
1.17648e-05
1.08948e-05
9.86670e-06
8.68589e-06
7.50242e-06
6.28865e-06
5.11337e-06
4.03754e-06
3.11401e-06
2.30241e-06
1.60932e-06
1.01073e-06
5.73018e-07
2.86506e-07
7.26447e-08
-5.01936e-08
-1.12322e-07
-1.67502e-07
-2.16544e-07
-2.18553e-07
-1.90726e-07
-1.46884e-07
-1.05218e-07
-5.76044e-08
7.04230e-09
7.28570e-08
1.54757e-07
2.47323e-07
3.46694e-07
4.56570e-07
5.76724e-07
7.07183e-07
8.49073e-07
9.98115e-07
1.14791e-06
1.30084e-06
1.45554e-06
1.60882e-06
1.76031e-06
1.91203e-06
2.06319e-06
2.21414e-06
2.36567e-06
2.51749e-06
2.66945e-06
2.82188e-06
2.97435e-06
3.12581e-06
3.27580e-06
3.42360e-06
3.56859e-06
3.71022e-06
3.84824e-06
3.98244e-06
4.11273e-06
4.23905e-06
4.36142e-06
4.47983e-06
4.59431e-06
4.70485e-06
4.81143e-06
