8.31205e-05
1.22556e-04
1.63584e-04
2.05061e-04
2.43718e-04
2.78204e-04
3.04747e-04
3.21591e-04
3.25061e-04
3.14420e-04
2.88171e-04
2.48875e-04
1.97714e-04
1.35691e-04
6.20367e-05
-2.09744e-05
-1.12200e-04
-2.06824e-04
-3.00371e-04
-3.87001e-04
-4.61856e-04
-5.18312e-04
-5.53399e-04
-5.65858e-04
-5.59386e-04
-5.26280e-04
-4.56084e-04
-3.37290e-04
-1.64953e-04
6.41182e-05
3.45513e-04
6.71916e-04
1.02550e-03
1.38341e-03
1.71508e-03
1.97643e-03
2.12901e-03
2.16798e-03
2.10230e-03
1.95597e-03
1.74167e-03
1.46662e-03
1.13388e-03
7.50740e-04
3.21076e-04
-1.37680e-04
-5.93788e-04
-1.00738e-03
-1.34801e-03
-1.58298e-03
-1.69204e-03
-1.67661e-03
-1.58742e-03
-1.48553e-03
-1.37719e-03
-1.26630e-03
-1.15613e-03
-1.05805e-03
-9.93603e-04
-9.87006e-04
-1.04830e-03
-1.19762e-03
-1.44896e-03
-1.78090e-03
-2.17215e-03
-2.58734e-03
-2.96981e-03
-3.27839e-03
-3.46592e-03
-3.48528e-03
-3.29330e-03
-2.86587e-03
-2.21968e-03
-1.37736e-03
-3.88280e-04
6.73330e-04
1.72079e-03
2.63272e-03
3.22979e-03
3.37263e-03
3.07142e-03
2.39608e-03
1.44456e-03
4.19073e-04
-4.62712e-04
-1.12064e-03
-1.49085e-03
-1.52161e-03
-1.16620e-03
-4.05920e-04
7.19937e-04
2.13584e-03
3.78738e-03
5.55602e-03
7.29458e-03
8.86199e-03
1.00966e-02
1.08112e-02
1.07778e-02
9.87897e-03
8.30122e-03
6.39837e-03
4.57464e-03
2.96782e-03
1.66465e-03
7.28684e-04
2.29602e-04
7.40432e-05
5.52658e-05
-7.74142e-05
-4.97508e-04
-1.33086e-03
-2.59222e-03
-4.28473e-03
-6.37332e-03
-8.74049e-03
-1.13390e-02
-1.40031e-02
-1.64738e-02
-1.85560e-02
-1.99827e-02
-2.05761e-02
-2.01878e-02
-1.87183e-02
-1.61717e-02
-1.26825e-02
-8.50480e-03
-3.71860e-03
1.52436e-03
6.88523e-03
1.17480e-02
1.54875e-02
1.80443e-02
1.93716e-02
1.94245e-02
1.81568e-02
1.55705e-02
1.18189e-02
7.26619e-03
2.56052e-03
-1.47058e-03
-4.60181e-03
-6.65652e-03
-7.30923e-03
-6.20403e-03
-3.60146e-03
3.84378e-05
4.06986e-03
7.76493e-03
1.09172e-02
1.34008e-02
1.50017e-02
1.54985e-02
1.47825e-02
1.27688e-02
9.57346e-03
5.38432e-03
5.67559e-04
-4.45107e-03
-9.29824e-03
-1.35571e-02
-1.67891e-02
-1.86151e-02
-1.90466e-02
-1.82100e-02
-1.62125e-02
-1.33277e-02
-9.94833e-03
-6.61869e-03
-3.44983e-03
-5.20192e-04
2.05800e-03
4.20988e-03
5.68800e-03
6.16202e-03
5.46648e-03
3.91145e-03
1.99133e-03
2.01632e-04
-1.14625e-03
-1.83940e-03
-1.86094e-03
-1.27936e-03
-1.56870e-04
1.39955e-03
3.11397e-03
4.74491e-03
6.03499e-03
6.79604e-03
6.97587e-03
6.53914e-03
5.51160e-03
3.95653e-03
2.07700e-03
1.26603e-04
-1.61747e-03
-2.90933e-03
-3.56372e-03
-3.39605e-03
-2.40138e-03
-6.00752e-04
1.89257e-03
4.96788e-03
8.28164e-03
1.14575e-02
1.41830e-02
1.61193e-02
1.68962e-02
1.62444e-02
1.39898e-02
1.00468e-02
4.38198e-03
-2.77287e-03
-1.09758e-02
-1.97177e-02
-2.82153e-02
-3.54406e-02
-4.03611e-02
-4.26724e-02
-4.21440e-02
-3.85946e-02
-3.20186e-02
-2.25881e-02
-1.07642e-02
2.38472e-03
1.53474e-02
2.73811e-02
3.72740e-02
4.35590e-02
4.62807e-02
4.56453e-02
4.18610e-02
3.52613e-02
2.64177e-02
1.62436e-02
6.22488e-03
-1.92279e-03
-7.93748e-03
-1.15422e-02
-1.23600e-02
-1.08897e-02
-7.71990e-03
-3.42204e-03
1.25320e-03
5.34203e-03
7.85181e-03
8.59139e-03
7.45039e-03
4.43648e-03
-3.51101e-04
-6.74327e-03
-1.42768e-02
-2.23098e-02
-3.01344e-02
-3.69106e-02
-4.15524e-02
-4.31236e-02
-4.14547e-02
-3.66810e-02
-2.91924e-02
-1.97036e-02
-9.16278e-03
1.70732e-03
1.22245e-02
2.13839e-02
2.83902e-02
3.33683e-02
3.63957e-02
3.74896e-02
3.65710e-02
3.35779e-02
2.85436e-02
2.17432e-02
1.37973e-02
5.57003e-03
-3.07249e-03
-1.22647e-02
-2.17731e-02
-3.08247e-02
-3.86046e-02
-4.54071e-02
-5.14848e-02
-5.68430e-02
-6.13071e-02
-6.43965e-02
-6.56001e-02
-6.43355e-02
-6.00467e-02
-5.21995e-02
-4.06991e-02
-2.58885e-02
-8.81735e-03
8.96580e-03
2.69004e-02
4.37479e-02
5.78941e-02
6.96318e-02
7.93233e-02
8.69748e-02
9.24623e-02
9.56416e-02
9.62683e-02
9.42506e-02
8.97061e-02
8.30724e-02
7.55573e-02
6.85954e-02
6.19422e-02
5.53360e-02
4.88151e-02
4.29620e-02
3.86014e-02
3.52266e-02
3.22911e-02
2.93687e-02
2.61123e-02
2.23641e-02
1.80466e-02
1.30919e-02
7.54522e-03
1.49958e-03
-4.92189e-03
-1.16248e-02
-1.86587e-02
-2.59626e-02
-3.34729e-02
-4.11438e-02
-4.89753e-02
-5.69348e-02
-6.49749e-02
-7.30634e-02
-8.12919e-02
-8.95885e-02
-9.78354e-02
-1.05848e-01
-1.13427e-01
-1.20379e-01
-1.26439e-01
-1.31325e-01
-1.34896e-01
-1.37040e-01
-1.37834e-01
-1.37362e-01
-1.35015e-01
-1.30163e-01
-1.22320e-01
-1.11105e-01
-9.64115e-02
-7.85209e-02
-5.81745e-02
-3.65712e-02
-1.57675e-02
2.20841e-03
1.82293e-02
3.33436e-02
4.83574e-02
6.37818e-02
7.99970e-02
9.70698e-02
1.14839e-01
1.32899e-01
1.50485e-01
1.66635e-01
1.80230e-01
1.90145e-01
1.95340e-01
1.94975e-01
1.88618e-01
1.76469e-01
1.59712e-01
1.40964e-01
1.23637e-01
1.08436e-01
9.61312e-02
8.72749e-02
8.07328e-02
7.54466e-02
7.06375e-02
6.56792e-02
6.01278e-02
5.37792e-02
4.65836e-02
3.85351e-02
2.97691e-02
2.03843e-02
1.05024e-02
3.02150e-04
-1.00585e-02
-2.05468e-02
-3.11489e-02
-4.19061e-02
-5.28611e-02
-6.41476e-02
-7.59362e-02
-8.83296e-02
-1.01379e-01
-1.15157e-01
-1.29620e-01
-1.44521e-01
-1.59433e-01
-1.73822e-01
-1.86894e-01
-1.97746e-01
-2.05388e-01
-2.08751e-01
-2.06852e-01
-1.99083e-01
-1.85322e-01
-1.66116e-01
-1.43099e-01
-1.18946e-01
-9.53401e-02
-7.43225e-02
-5.78729e-02
-4.46946e-02
-3.33111e-02
-2.26057e-02
-1.16384e-02
2.57092e-04
1.34500e-02
2.80359e-02
4.37830e-02
6.02485e-02
7.67857e-02
9.25744e-02
1.06643e-01
1.17920e-01
1.25324e-01
1.27985e-01
1.25410e-01
1.17599e-01
1.05320e-01
9.02170e-02
7.54892e-02
6.47645e-02
5.80348e-02
5.52557e-02
5.67510e-02
6.25343e-02
7.19673e-02
8.42330e-02
9.80999e-02
1.12110e-01
1.25613e-01
1.37719e-01
1.47032e-01
1.52061e-01
1.52487e-01
1.48168e-01
1.39036e-01
1.25328e-01
1.07585e-01
8.70747e-02
6.55871e-02
4.43836e-02
2.52746e-02
1.01626e-02
-1.80111e-03
-1.16235e-02
-2.01466e-02
-2.80597e-02
-3.58946e-02
-4.40230e-02
-5.28201e-02
-6.25079e-02
-7.32438e-02
-8.50883e-02
-9.81159e-02
-1.12333e-01
-1.27680e-01
-1.44024e-01
-1.61164e-01
-1.78741e-01
-1.96145e-01
-2.12586e-01
-2.27169e-01
-2.38788e-01
-2.46125e-01
-2.47855e-01
-2.42923e-01
-2.30538e-01
-2.10742e-01
-1.84034e-01
-1.49582e-01
-1.07271e-01
-5.87810e-02
-7.50802e-03
4.15021e-02
8.29764e-02
1.17630e-01
1.46281e-01
1.69171e-01
1.85893e-01
1.95858e-01
1.98316e-01
1.92806e-01
1.79309e-01
1.58981e-01
1.34237e-01
1.09994e-01
9.18736e-02
7.95383e-02
7.20422e-02
6.87125e-02
6.79023e-02
6.81206e-02
6.82302e-02
6.75390e-02
6.56234e-02
6.22625e-02
5.74171e-02
5.12201e-02
4.38791e-02
3.55976e-02
2.65743e-02
1.70163e-02
7.07059e-03
-3.12068e-03
-1.34605e-02
-2.38276e-02
-3.40930e-02
-4.40229e-02
-5.34186e-02
-6.19717e-02
-6.92380e-02
-7.46711e-02
-7.78015e-02
-7.81469e-02
-7.52593e-02
-6.89511e-02
-5.94449e-02
-4.76006e-02
-3.44945e-02
-1.99868e-02
-4.28654e-03
1.18827e-02
2.69267e-02
3.90584e-02
4.83339e-02
5.47798e-02
5.82949e-02
5.86371e-02
5.56437e-02
4.91862e-02
3.95448e-02
2.74744e-02
1.45989e-02
2.81714e-03
-7.72997e-03
-1.65018e-02
-2.27632e-02
-2.73087e-02
-3.10937e-02
-3.47836e-02
-3.88775e-02
-4.38419e-02
-4.98844e-02
-5.70343e-02
-6.53246e-02
-7.44605e-02
-8.40341e-02
-9.35702e-02
-1.02327e-01
-1.09477e-01
-1.14239e-01
-1.15704e-01
-1.13039e-01
-1.05741e-01
-9.35962e-02
-7.69017e-02
-5.69571e-02
-3.55638e-02
-1.34796e-02
7.55233e-03
2.56051e-02
4.15401e-02
5.63641e-02
7.07210e-02
8.49064e-02
9.88663e-02
1.12344e-01
1.24778e-01
1.35353e-01
1.43167e-01
1.47348e-01
1.47146e-01
1.42072e-01
1.32192e-01
1.18438e-01
1.02935e-01
8.83890e-02
7.51289e-02
6.38582e-02
5.55933e-02
4.93219e-02
4.40231e-02
3.88420e-02
3.31536e-02
2.66224e-02
1.91439e-02
1.07284e-02
1.61999e-03
-7.74626e-03
-1.68166e-02
-2.51133e-02
-3.19817e-02
-3.68204e-02
-3.91685e-02
-3.88515e-02
-3.59266e-02
-3.10088e-02
-2.51579e-02
-2.03371e-02
-1.86794e-02
-2.04316e-02
-2.56681e-02
-3.45175e-02
-4.69012e-02
-6.25029e-02
-8.06573e-02
-1.00392e-01
-1.19920e-01
-1.37277e-01
-1.52325e-01
-1.65035e-01
-1.75053e-01
-1.81758e-01
-1.84341e-01
-1.81992e-01
-1.73854e-01
-1.59428e-01
-1.38766e-01
-1.12987e-01
-8.38242e-02
-5.19804e-02
-1.88012e-02
1.27346e-02
3.96437e-02
6.31350e-02
8.44886e-02
1.04527e-01
1.23527e-01
1.41349e-01
1.57451e-01
1.70897e-01
1.80522e-01
1.85142e-01
1.83857e-01
1.76177e-01
1.62434e-01
1.44075e-01
1.24275e-01
1.06913e-01
9.18820e-02
7.88919e-02
6.83149e-02
6.05805e-02
5.45558e-02
4.91034e-02
4.33243e-02
3.66937e-02
2.89107e-02
1.98194e-02
9.43949e-03
-1.97246e-03
-1.40858e-02
-2.64271e-02
-3.84555e-02
-4.95039e-02
-5.89348e-02
-6.60756e-02
-7.04187e-02
-7.16291e-02
-6.95719e-02
-6.45568e-02
-5.74504e-02
-4.98946e-02
-4.37754e-02
-3.91782e-02
-3.59022e-02
-3.39861e-02
-3.36147e-02
-3.49424e-02
-3.75152e-02
-4.06101e-02
-4.39873e-02
-4.73745e-02
-5.06747e-02
-5.38226e-02
-5.68358e-02
-5.96229e-02
-6.21112e-02
-6.41410e-02
-6.54597e-02
-6.57189e-02
-6.46067e-02
-6.19879e-02
-5.76355e-02
-5.12819e-02
-4.26755e-02
-3.18243e-02
-1.87573e-02
-3.89172e-03
1.19609e-02
2.74054e-02
4.08773e-02
5.26309e-02
6.29856e-02
7.20322e-02
7.97001e-02
8.57528e-02
8.98648e-02
9.16612e-02
9.08507e-02
8.72963e-02
8.12213e-02
7.32742e-02
6.48785e-02
5.77273e-02
5.17674e-02
4.68242e-02
4.29618e-02
4.01286e-02
3.79485e-02
3.61355e-02
3.45025e-02
3.29250e-02
3.14657e-02
3.02773e-02
2.93740e-02
2.87791e-02
2.84009e-02
2.81073e-02
2.74073e-02
2.57772e-02
2.30701e-02
1.91156e-02
1.39015e-02
7.40389e-03
-4.58123e-04
-9.53141e-03
-1.95499e-02
-3.00499e-02
-4.03372e-02
-4.96064e-02
-5.81445e-02
-6.63199e-02
-7.45282e-02
-8.30693e-02
-9.20745e-02
-1.01492e-01
-1.11247e-01
-1.21013e-01
-1.30344e-01
-1.38674e-01
-1.45299e-01
-1.49428e-01
-1.50283e-01
-1.47127e-01
-1.39556e-01
-1.27640e-01
-1.12051e-01
-9.38726e-02
-7.35656e-02
-5.21008e-02
-3.16924e-02
-1.45504e-02
2.95442e-04
1.40948e-02
2.77488e-02
4.18472e-02
5.67838e-02
7.27521e-02
8.95937e-02
1.06865e-01
1.23857e-01
1.39642e-01
1.53130e-01
1.63174e-01
1.68688e-01
1.68873e-01
1.63286e-01
1.52118e-01
1.36528e-01
1.19170e-01
1.03330e-01
8.95575e-02
7.85304e-02
7.09956e-02
6.59220e-02
6.22380e-02
5.92071e-02
5.62618e-02
5.29019e-02
4.88989e-02
4.41541e-02
3.86796e-02
3.25013e-02
2.57497e-02
1.85732e-02
1.10311e-02
3.16144e-03
-5.00744e-03
-1.34898e-02
-2.22461e-02
-3.12112e-02
-4.03142e-02
-4.95107e-02
-5.86886e-02
-6.77064e-02
-7.63526e-02
-8.42576e-02
-9.09968e-02
-9.61738e-02
-9.93800e-02
-1.00211e-01
-9.84549e-02
-9.42590e-02
-8.80344e-02
-8.06279e-02
-7.36917e-02
-6.90350e-02
-6.65283e-02
-6.59429e-02
-6.70447e-02
-6.94331e-02
-7.25656e-02
-7.57393e-02
-7.80590e-02
-7.87030e-02
-7.69953e-02
-7.24425e-02
-6.46402e-02
-5.35275e-02
-3.93076e-02
-2.26785e-02
-4.77824e-03
1.25987e-02
2.74397e-02
3.97419e-02
4.96063e-02
5.70178e-02
6.18062e-02
6.36935e-02
6.23832e-02
5.76746e-02
4.96476e-02
3.89262e-02
2.66597e-02
1.48960e-02
5.98111e-03
6.13881e-05
-2.75668e-03
-2.16825e-03
2.04619e-03
9.54243e-03
1.97215e-02
3.17061e-02
4.43023e-02
5.69279e-02
6.84808e-02
7.78057e-02
8.51753e-02
9.08817e-02
9.49903e-02
9.74410e-02
9.80448e-02
9.65190e-02
9.24985e-02
8.57722e-02
7.64820e-02
6.50615e-02
5.25630e-02
4.04254e-02
2.89412e-02
1.86436e-02
1.02762e-02
3.27987e-03
-2.90055e-03
-8.61337e-03
-1.40784e-02
-1.93900e-02
-2.44634e-02
-2.90749e-02
-3.29599e-02
-3.58178e-02
-3.73879e-02
-3.75533e-02
-3.64388e-02
-3.45311e-02
-3.26182e-02
-3.19857e-02
-3.40495e-02
-3.88285e-02
-4.61212e-02
-5.55564e-02
-6.66293e-02
-7.86078e-02
-9.03928e-02
-1.00748e-01
-1.09530e-01
-1.16761e-01
-1.22176e-01
-1.25425e-01
-1.26148e-01
-1.23924e-01
-1.18460e-01
-1.09579e-01
-9.74118e-02
-8.28229e-02
-6.68717e-02
-4.97837e-02
-3.21247e-02
-1.55077e-02
-1.61032e-03
1.03679e-02
2.14122e-02
3.22612e-02
4.34269e-02
5.52577e-02
6.79238e-02
8.13619e-02
9.53298e-02
1.09355e-01
1.22799e-01
1.34918e-01
1.44877e-01
1.51865e-01
1.55174e-01
1.54334e-01
1.49217e-01
1.40344e-01
1.29152e-01
1.17506e-01
1.05285e-01
9.24089e-02
7.93188e-02
6.73384e-02
5.78276e-02
5.00620e-02
4.33716e-02
3.71477e-02
3.09248e-02
2.44121e-02
1.75194e-02
1.01120e-02
2.14218e-03
-6.33112e-03
-1.52645e-02
-2.46848e-02
-3.46648e-02
-4.52011e-02
-5.63332e-02
-6.81369e-02
-8.06392e-02
-9.38450e-02
-1.07621e-01
-1.21682e-01
-1.35693e-01
-1.49104e-01
-1.61104e-01
-1.70735e-01
-1.76987e-01
-1.78812e-01
-1.75110e-01
-1.65193e-01
-1.48887e-01
-1.26737e-01
-1.00373e-01
-7.24156e-02
-4.40114e-02
-1.74368e-02
4.77926e-03
2.36725e-02
4.04304e-02
5.57628e-02
7.00227e-02
8.32035e-02
9.49533e-02
1.04646e-01
1.11559e-01
1.14896e-01
1.14058e-01
1.08806e-01
9.95376e-02
8.74276e-02
7.50619e-02
6.53274e-02
5.74830e-02
5.07703e-02
4.47541e-02
3.94758e-02
3.50846e-02
3.08528e-02
2.61865e-02
2.07275e-02
1.42876e-02
6.78112e-03
-1.69068e-03
-1.07294e-02
-1.99138e-02
-2.86658e-02
-3.63242e-02
-4.21803e-02
-4.54438e-02
-4.55093e-02
-4.19715e-02
-3.46729e-02
-2.39006e-02
-1.06305e-02
3.51319e-03
1.73923e-02
2.94864e-02
3.82632e-02
4.36957e-02
4.58254e-02
4.45430e-02
3.97712e-02
3.14993e-02
2.00036e-02
6.01119e-03
-9.04522e-03
-2.32632e-02
-3.60218e-02
-4.66576e-02
-5.45070e-02
-5.98916e-02
-6.30428e-02
-6.40169e-02
-6.27004e-02
-5.88903e-02
-5.25417e-02
-4.37607e-02
-3.29496e-02
-2.10760e-02
-9.48213e-03
1.30842e-03
1.06285e-02
1.77720e-02
2.31718e-02
2.72476e-02
3.02353e-02
3.22232e-02
3.32391e-02
3.31529e-02
3.19731e-02
2.97783e-02
2.68706e-02
2.39271e-02
2.17464e-02
2.00130e-02
1.82846e-02
1.62623e-02
1.37929e-02
1.08791e-02
7.63216e-03
4.42995e-03
1.70396e-03
-6.39027e-04
-2.57956e-03
-4.09825e-03
-5.04071e-03
-5.31035e-03
-4.73582e-03
-3.28183e-03
-9.26835e-04
2.11223e-03
5.48980e-03
8.57022e-03
1.10512e-02
1.28369e-02
1.37850e-02
1.37408e-02
1.25589e-02
1.01393e-02
6.56521e-03
2.02362e-03
-3.31622e-03
-9.25927e-03
-1.54643e-02
-2.14335e-02
-2.66676e-02
-3.14821e-02
-3.61476e-02
-4.08798e-02
-4.57701e-02
-5.07226e-02
-5.54757e-02
-5.96052e-02
-6.25523e-02
-6.36356e-02
-6.21152e-02
-5.73570e-02
-4.89353e-02
-3.67029e-02
-2.10018e-02
-2.70008e-03
1.75496e-02
3.87281e-02
5.88397e-02
7.57789e-02
8.96204e-02
1.00489e-01
1.08271e-01
1.12597e-01
1.13045e-01
1.09256e-01
1.01009e-01
8.85413e-02
7.27495e-02
5.54836e-02
3.92156e-02
2.45742e-02
1.22610e-02
2.70253e-03
-5.09218e-03
-1.20671e-02
-1.89441e-02
-2.62367e-02
-3.41329e-02
-4.25798e-02
-5.13496e-02
-6.00821e-02
-6.82474e-02
-7.52485e-02
-8.04650e-02
-8.33423e-02
-8.35254e-02
-8.10097e-02
-7.61904e-02
-7.01491e-02
-6.42292e-02
-5.80330e-02
-5.11652e-02
-4.35638e-02
-3.55133e-02
-2.78812e-02
-2.14381e-02
-1.57259e-02
-1.03026e-02
-4.85367e-03
7.96613e-04
6.65563e-03
1.26297e-02
1.84843e-02
2.39421e-02
2.87127e-02
3.24617e-02
3.48500e-02
3.56674e-02
3.48304e-02
3.25461e-02
2.92947e-02
2.60961e-02
2.41097e-02
2.31740e-02
2.30052e-02
2.34180e-02
2.42232e-02
2.52939e-02
2.65196e-02
2.78102e-02
2.89725e-02
2.98988e-02
3.05320e-02
3.08119e-02
3.07394e-02
3.02777e-02
2.94542e-02
2.82492e-02
2.66553e-02
2.46437e-02
2.21444e-02
1.90947e-02
1.55600e-02
1.15710e-02
7.05469e-03
2.19916e-03
-2.65201e-03
-7.08867e-03
-1.13198e-02
-1.55033e-02
-1.97549e-02
-2.40290e-02
-2.82482e-02
-3.22087e-02
-3.55448e-02
-3.78708e-02
-3.87866e-02
-3.77817e-02
-3.44618e-02
-2.85004e-02
-1.99099e-02
-9.03253e-03
3.29245e-03
1.57766e-02
2.75342e-02
3.73425e-02
4.42195e-02
4.82574e-02
4.95250e-02
4.81097e-02
4.42012e-02
3.80321e-02
3.01230e-02
2.14901e-02
1.32961e-02
5.44000e-03
-2.12643e-03
-8.94804e-03
-1.44437e-02
-1.91444e-02
-2.35301e-02
-2.80595e-02
-3.29875e-02
-3.83501e-02
-4.41618e-02
-5.03295e-02
-5.65120e-02
-6.23053e-02
-6.72319e-02
-7.08898e-02
-7.28396e-02
-7.26554e-02
-7.01904e-02
-6.56385e-02
-5.95609e-02
-5.27724e-02
-4.51660e-02
-3.67831e-02
-2.80442e-02
-1.99514e-02
-1.35677e-02
-8.47872e-03
-4.21168e-03
-3.44386e-04
3.58188e-03
7.85283e-03
1.26400e-02
1.80726e-02
2.41837e-02
3.09667e-02
3.83086e-02
4.60902e-02
5.42261e-02
6.24628e-02
7.04196e-02
7.76720e-02
8.36997e-02
8.79835e-02
8.99685e-02
8.92541e-02
8.56950e-02
7.93529e-02
7.06041e-02
6.04922e-02
5.02924e-02
4.00438e-02
2.99047e-02
2.05565e-02
1.27458e-02
6.07620e-03
5.45240e-05
-5.58119e-03
-1.09951e-02
-1.60857e-02
-2.06638e-02
-2.44719e-02
-2.72319e-02
-2.86564e-02
-2.85183e-02
-2.67421e-02
-2.35892e-02
-1.95459e-02
-1.57223e-02
-1.33219e-02
-1.23309e-02
-1.26067e-02
-1.41138e-02
-1.69103e-02
-2.09704e-02
-2.60154e-02
-3.16829e-02
-3.76114e-02
-4.33506e-02
-4.83804e-02
-5.21172e-02
-5.39244e-02
-5.35181e-02
-5.10281e-02
-4.66891e-02
-4.09433e-02
-3.44347e-02
-2.72883e-02
-1.95285e-02
-1.13496e-02
-3.20424e-03
4.12893e-03
9.87144e-03
1.41817e-02
1.72236e-02
1.91133e-02
1.98884e-02
1.95764e-02
1.81914e-02
1.59092e-02
1.30784e-02
1.03399e-02
8.39747e-03
7.04204e-03
6.14031e-03
5.49480e-03
5.00829e-03
4.54468e-03
3.97572e-03
3.17595e-03
2.07958e-03
6.90976e-04
-9.64713e-04
-2.78204e-03
-4.53219e-03
-5.99636e-03
-6.93106e-03
-7.09097e-03
-6.28675e-03
-4.36316e-03
-1.25479e-03
3.04313e-03
8.50374e-03
1.50559e-02
2.24922e-02
3.03958e-02
3.82078e-02
4.51499e-02
5.02302e-02
5.33210e-02
5.43953e-02
5.34091e-02
5.03553e-02
4.54474e-02
3.92219e-02
3.23443e-02
2.48649e-02
1.69729e-02
9.02496e-03
1.79272e-03
-4.04976e-03
-8.85965e-03
-1.29813e-02
-1.66078e-02
-1.98850e-02
-2.27373e-02
-2.50636e-02
-2.66117e-02
-2.71834e-02
-2.66413e-02
-2.48700e-02
-2.20588e-02
-1.85515e-02
-1.51204e-02
-1.26580e-02
-1.09404e-02
-9.60780e-03
-8.45177e-03
-7.33834e-03
-6.08962e-03
-4.60567e-03
-2.93903e-03
-1.22335e-03
4.09007e-04
1.69878e-03
2.41908e-03
2.45048e-03
1.61226e-03
-3.29046e-04
-3.44963e-03
-7.78724e-03
-1.34185e-02
-2.02177e-02
-2.80371e-02
-3.65453e-02
-4.50495e-02
-5.27223e-02
-5.90174e-02
-6.37119e-02
-6.65398e-02
-6.71310e-02
-6.51155e-02
-6.02649e-02
-5.24319e-02
-4.18308e-02
-2.92421e-02
-1.58489e-02
-2.43621e-03
9.88478e-03
2.00603e-02
2.86839e-02
3.63830e-02
4.34931e-02
5.01979e-02
5.65212e-02
6.23323e-02
6.73422e-02
7.11484e-02
7.33368e-02
7.35716e-02
7.16437e-02
6.75938e-02
6.17761e-02
5.52610e-02
4.93252e-02
4.36756e-02
3.79229e-02
3.18877e-02
2.56896e-02
1.97985e-02
1.47283e-02
1.00905e-02
5.49557e-03
8.08328e-04
-4.08545e-03
-9.25350e-03
-1.46216e-02
-2.00027e-02
-2.51557e-02
-2.97690e-02
-3.35262e-02
-3.61004e-02
-3.72500e-02
-3.68672e-02
-3.50382e-02
-3.19538e-02
-2.82739e-02
-2.48229e-02
-2.15138e-02
-1.81564e-02
-1.47323e-02
-1.14202e-02
-8.41968e-03
-5.99039e-03
-4.39314e-03
-3.46765e-03
-3.04835e-03
-3.02199e-03
-3.25032e-03
-3.68170e-03
-4.31273e-03
-4.90721e-03
-5.34933e-03
-5.50831e-03
-5.44720e-03
-5.23120e-03
-4.96171e-03
-4.86504e-03
-5.05553e-03
-5.60611e-03
-6.56316e-03
-7.95482e-03
-9.70455e-03
-1.17903e-02
-1.41426e-02
-1.65711e-02
-1.88154e-02
-2.07995e-02
-2.23310e-02
-2.33335e-02
-2.39004e-02
-2.41359e-02
-2.39474e-02
-2.31819e-02
-2.17337e-02
-1.93909e-02
-1.60768e-02
-1.16786e-02
-6.16102e-03
4.35643e-04
7.91598e-03
1.59125e-02
2.38399e-02
3.10341e-02
3.76874e-02
4.39688e-02
4.99694e-02
5.57014e-02
6.09904e-02
6.55717e-02
6.92046e-02
7.15066e-02
7.20955e-02
7.07073e-02
6.72809e-02
6.19384e-02
5.52434e-02
4.79669e-02
4.00935e-02
3.16147e-02
2.28870e-02
1.47185e-02
7.97950e-03
2.24710e-03
-3.00691e-03
-8.23294e-03
-1.36981e-02
-1.95776e-02
-2.59888e-02
-3.29030e-02
-4.02515e-02
-4.78839e-02
-5.54718e-02
-6.26133e-02
-6.88822e-02
-7.38767e-02
-7.71169e-02
-7.82230e-02
-7.69929e-02
-7.34443e-02
-6.79612e-02
-6.14945e-02
-5.50819e-02
-4.85002e-02
-4.15943e-02
-3.43761e-02
-2.70797e-02
-2.02029e-02
-1.43589e-02
-9.17181e-03
-4.21852e-03
7.84820e-04
6.03883e-03
1.16083e-02
1.74508e-02
2.34643e-02
2.94308e-02
3.50899e-02
4.00530e-02
4.39556e-02
4.64751e-02
4.73500e-02
4.64626e-02
4.38892e-02
3.99663e-02
3.55150e-02
3.14772e-02
2.77389e-02
2.41076e-02
2.05166e-02
1.69651e-02
1.36439e-02
1.06204e-02
7.93821e-03
5.57563e-03
3.35171e-03
1.24847e-03
-7.01576e-04
-2.41471e-03
-3.85251e-03
-4.97059e-03
-5.79036e-03
-6.28865e-03
-6.35826e-03
-5.97349e-03
-5.14861e-03
-3.97707e-03
-2.47619e-03
-6.76113e-04
1.36032e-03
3.50188e-03
5.62561e-03
7.53159e-03
8.98821e-03
9.77030e-03
9.73943e-03
8.99057e-03
7.42974e-03
5.11877e-03
2.29251e-03
-5.99331e-04
-3.24933e-03
-5.40237e-03
-6.79327e-03
-7.26889e-03
-6.71399e-03
-5.23675e-03
-3.25744e-03
-1.09157e-03
8.78270e-04
2.51833e-03
3.68752e-03
4.29938e-03
4.33326e-03
3.71354e-03
2.49418e-03
7.11692e-04
-1.58909e-03
-4.27744e-03
-7.28469e-03
-1.04780e-02
-1.37076e-02
-1.66659e-02
-1.92470e-02
-2.13250e-02
-2.28287e-02
-2.39238e-02
-2.46391e-02
-2.49941e-02
-2.50310e-02
-2.49635e-02
-2.48917e-02
-2.46495e-02
-2.40134e-02
-2.28445e-02
-2.09311e-02
-1.81359e-02
-1.43907e-02
-9.66010e-03
-3.99583e-03
2.37790e-03
9.12526e-03
1.56079e-02
2.10589e-02
2.55052e-02
2.89198e-02
3.12035e-02
3.22988e-02
3.21518e-02
3.06903e-02
2.80156e-02
2.43162e-02
2.00751e-02
1.59965e-02
1.22027e-02
8.65855e-03
5.33647e-03
2.38296e-03
-4.50169e-07
-1.66075e-03
-2.26423e-03
-1.88918e-03
-7.86372e-04
6.95512e-04
2.17356e-03
3.45512e-03
4.38376e-03
4.95409e-03
5.18644e-03
5.10684e-03
4.66562e-03
3.83857e-03
2.64908e-03
1.12101e-03
-6.29224e-04
-2.48379e-03
-4.42821e-03
-6.34824e-03
-8.07345e-03
-9.49838e-03
-1.04977e-02
-1.09498e-02
-1.09282e-02
-1.05069e-02
-9.76749e-03
-8.83391e-03
-7.83719e-03
-6.81728e-03
-5.88907e-03
-5.05057e-03
-4.29989e-03
-3.71062e-03
-3.25283e-03
-2.89160e-03
-2.62617e-03
-2.43127e-03
-2.16520e-03
-1.81103e-03
-1.33728e-03
-6.66802e-04
2.60246e-04
1.43133e-03
2.86847e-03
4.48907e-03
6.18417e-03
7.90556e-03
9.56089e-03
1.10867e-02
1.23435e-02
1.31277e-02
1.33330e-02
1.29546e-02
1.20172e-02
1.05767e-02
8.76199e-03
6.64918e-03
4.41722e-03
2.25446e-03
2.63694e-04
-1.44845e-03
-2.71301e-03
-3.53502e-03
-3.92241e-03
-3.89121e-03
-3.50640e-03
-2.81907e-03
-1.80023e-03
-5.37084e-04
7.54350e-04
1.99270e-03
3.16226e-03
4.16201e-03
4.82220e-03
5.00581e-03
4.68012e-03
3.86436e-03
2.45617e-03
4.83272e-04
-1.96925e-03
-4.81187e-03
-7.96264e-03
-1.13036e-02
-1.46707e-02
-1.79184e-02
-2.08514e-02
-2.33339e-02
-2.53059e-02
-2.67299e-02
-2.76428e-02
-2.79055e-02
-2.74963e-02
-2.63879e-02
-2.46219e-02
-2.22709e-02
-1.92996e-02
-1.57611e-02
-1.17011e-02
-7.29885e-03
-2.86704e-03
1.09330e-03
4.06793e-03
6.15042e-03
7.45639e-03
8.05117e-03
8.00489e-03
7.49142e-03
6.64144e-03
5.75923e-03
5.27617e-03
5.69267e-03
7.22286e-03
9.89093e-03
1.35222e-02
1.79438e-02
2.28261e-02
2.77176e-02
3.21401e-02
3.55729e-02
3.77505e-02
3.85917e-02
3.80690e-02
3.62405e-02
3.32922e-02
2.95906e-02
2.55251e-02
2.11723e-02
1.65062e-02
1.16327e-02
6.73978e-03
2.30502e-03
-1.33993e-03
-4.40867e-03
-7.06754e-03
-9.45690e-03
-1.17084e-02
-1.38035e-02
-1.56680e-02
-1.71278e-02
-1.80472e-02
-1.83120e-02
-1.78575e-02
-1.67466e-02
-1.51311e-02
-1.33608e-02
-1.17976e-02
-1.02882e-02
-8.78312e-03
-7.19062e-03
-5.52666e-03
-3.90764e-03
-2.35441e-03
-9.49736e-04
2.79047e-04
1.25057e-03
1.96604e-03
2.44328e-03
2.59874e-03
2.43437e-03
2.01872e-03
1.35108e-03
4.38684e-04
-6.67167e-04
-1.90515e-03
-3.17142e-03
-4.43407e-03
-5.66752e-03
-6.85027e-03
-7.94644e-03
-9.00699e-03
-1.00611e-02
-1.11788e-02
-1.23009e-02
-1.35035e-02
-1.47849e-02
-1.60857e-02
-1.73592e-02
-1.84780e-02
-1.91645e-02
-1.93136e-02
-1.88097e-02
-1.75189e-02
-1.53429e-02
-1.22309e-02
-8.20998e-03
-3.28465e-03
2.43485e-03
8.65974e-03
1.49968e-02
2.07796e-02
2.52899e-02
2.84912e-02
3.03354e-02
3.07092e-02
2.96026e-02
2.69829e-02
2.30400e-02
1.80410e-02
1.26199e-02
7.57390e-03
3.01339e-03
-9.82760e-04
-4.14124e-03
-6.06609e-03
-6.90561e-03
-6.82457e-03
-6.01908e-03
-4.68078e-03
-3.02099e-03
-1.32664e-03
1.06479e-05
9.35631e-04
1.53585e-03
1.85750e-03
1.94861e-03
1.89835e-03
1.74770e-03
1.61188e-03
1.52555e-03
1.57902e-03
1.80629e-03
2.25489e-03
2.97961e-03
3.97386e-03
5.14253e-03
6.36593e-03
7.54966e-03
8.54957e-03
9.23052e-03
9.49316e-03
9.24594e-03
8.48137e-03
7.24778e-03
5.52187e-03
3.35154e-03
8.01497e-04
-2.03138e-03
-5.01926e-03
-8.00156e-03
-1.08512e-02
-1.33214e-02
-1.51460e-02
-1.61823e-02
-1.65205e-02
-1.63220e-02
-1.57374e-02
-1.50618e-02
-1.45977e-02
-1.43938e-02
-1.44208e-02
-1.46272e-02
-1.49338e-02
-1.52024e-02
-1.53725e-02
-1.54207e-02
-1.51938e-02
-1.46053e-02
-1.35444e-02
-1.19398e-02
-9.77181e-03
-7.01239e-03
-3.66635e-03
2.14050e-04
4.49760e-03
8.94402e-03
1.32789e-02
1.70969e-02
2.00385e-02
2.20792e-02
2.32868e-02
2.36872e-02
2.33692e-02
2.24763e-02
2.13470e-02
2.03070e-02
1.93226e-02
1.82898e-02
1.71196e-02
1.58075e-02
1.42196e-02
1.23085e-02
1.01092e-02
7.65370e-03
5.08294e-03
2.42757e-03
-2.59476e-04
-2.84061e-03
-5.40291e-03
-7.99827e-03
-1.06002e-02
-1.31479e-02
-1.55500e-02
-1.76376e-02
-1.92250e-02
-2.02540e-02
-2.05330e-02
-1.99052e-02
-1.82926e-02
-1.56784e-02
-1.22783e-02
-8.39991e-03
-3.97706e-03
9.94826e-04
6.33107e-03
1.17855e-02
1.68450e-02
2.10290e-02
2.44076e-02
2.69487e-02
2.86295e-02
2.92996e-02
2.88824e-02
2.72415e-02
2.44205e-02
2.05095e-02
1.59536e-02
1.12017e-02
6.18057e-03
8.66899e-04
-4.56057e-03
-9.71419e-03
-1.42166e-02
-1.82682e-02
-2.20564e-02
-2.56559e-02
-2.90193e-02
-3.20475e-02
-3.45850e-02
-3.64410e-02
-3.74178e-02
-3.73217e-02
-3.60954e-02
-3.38334e-02
-3.08914e-02
-2.77097e-02
-2.41994e-02
-2.02821e-02
-1.60049e-02
-1.15609e-02
-7.43054e-03
-4.08457e-03
-1.28496e-03
1.27781e-03
3.87655e-03
6.66492e-03
9.80311e-03
1.33423e-02
1.72467e-02
2.14597e-02
2.58032e-02
3.00452e-02
3.38572e-02
3.68661e-02
3.87487e-02
3.91760e-02
3.79101e-02
3.47494e-02
2.96958e-02
2.30831e-02
1.56271e-02
8.24923e-03
1.22711e-03
-5.07787e-03
-1.01742e-02
-1.42046e-02
-1.73915e-02
-1.97882e-02
-2.13596e-02
-2.20570e-02
-2.18555e-02
-2.07135e-02
-1.86330e-02
-1.57426e-02
-1.24586e-02
-9.24341e-03
-5.91033e-03
-2.33690e-03
1.56025e-03
5.64608e-03
9.66136e-03
1.32103e-02
1.58438e-02
1.75572e-02
1.84259e-02
1.84606e-02
1.77568e-02
1.64281e-02
1.47938e-02
1.32327e-02
1.17722e-02
1.02841e-02
8.74023e-03
7.03191e-03
5.09492e-03
3.02218e-03
9.46350e-04
-9.94283e-04
-2.73151e-03
-4.35904e-03
-5.96934e-03
-7.60153e-03
-9.20198e-03
-1.07137e-02
-1.20189e-02
-1.29878e-02
-1.36314e-02
-1.38275e-02
-1.34907e-02
-1.26034e-02
-1.12194e-02
-9.48515e-03
-7.68252e-03
-5.90240e-03
-4.02500e-03
-2.13703e-03
-3.36908e-04
1.37739e-03
2.95284e-03
4.24409e-03
5.11216e-03
5.55129e-03
5.54704e-03
5.14876e-03
4.35942e-03
3.17929e-03
1.70127e-03
4.51878e-05
-1.70675e-03
-3.43753e-03
-4.99888e-03
-6.28082e-03
-7.16150e-03
-7.56037e-03
-7.44633e-03
-6.80655e-03
-5.73656e-03
-4.42618e-03
-2.99103e-03
-1.46969e-03
-1.81031e-05
1.24473e-03
2.25290e-03
2.94065e-03
3.31171e-03
3.38113e-03
3.19943e-03
2.86466e-03
2.42470e-03
1.97523e-03
1.51356e-03
1.08777e-03
7.57306e-04
4.47973e-04
2.50824e-04
1.62160e-04
7.02666e-05
-7.86116e-05
-3.05031e-04
-6.03237e-04
-1.05628e-03
-1.65508e-03
-2.30178e-03
-2.97174e-03
-3.59042e-03
-4.07297e-03
-4.39515e-03
-4.54885e-03
-4.50592e-03
-4.20050e-03
-3.71777e-03
-3.10354e-03
-2.35291e-03
-1.53493e-03
-7.87389e-04
-1.09062e-04
5.91126e-04
1.29102e-03
1.97771e-03
2.69826e-03
3.50784e-03
4.52313e-03
5.75189e-03
7.11922e-03
8.64008e-03
1.02392e-02
1.17977e-02
1.32404e-02
1.44638e-02
1.53466e-02
1.57404e-02
1.55879e-02
1.49705e-02
1.38462e-02
1.22405e-02
1.00876e-02
7.42440e-03
4.34013e-03
8.54480e-04
-2.89795e-03
-6.72699e-03
-1.03848e-02
-1.36438e-02
-1.65637e-02
-1.91700e-02
-2.15125e-02
-2.35248e-02
-2.50153e-02
-2.57407e-02
-2.55669e-02
-2.43010e-02
-2.18409e-02
-1.82215e-02
-1.37227e-02
-8.74198e-03
-3.35100e-03
2.33096e-03
8.02175e-03
1.31657e-02
1.71712e-02
2.00989e-02
2.19225e-02
2.26754e-02
2.23406e-02
2.09075e-02
1.84853e-02
1.53557e-02
1.19408e-02
8.87451e-03
6.14793e-03
3.75242e-03
1.79898e-03
4.77463e-04
-1.10528e-04
1.20841e-04
9.52730e-04
2.17216e-03
3.50482e-03
4.68826e-03
5.64539e-03
6.34193e-03
6.81480e-03
7.04143e-03
7.02073e-03
6.71828e-03
6.13148e-03
5.24384e-03
4.07380e-03
2.53343e-03
6.38955e-04
-1.60235e-03
-4.14585e-03
-6.98355e-03
-1.00257e-02
-1.31205e-02
-1.60887e-02
-1.88273e-02
-2.12513e-02
-2.32375e-02
-2.47354e-02
-2.56806e-02
-2.60113e-02
-2.56796e-02
-2.47006e-02
-2.31506e-02
-2.10853e-02
-1.84801e-02
-1.53111e-02
-1.16152e-02
-7.49066e-03
-3.21047e-03
7.19558e-04
3.88893e-03
6.36549e-03
8.28694e-03
9.81012e-03
1.10024e-02
1.18536e-02
1.23463e-02
1.24669e-02
1.23089e-02
1.20996e-02
1.21225e-02
1.26503e-02
1.36772e-02
1.50410e-02
1.65188e-02
1.79419e-02
1.91762e-02
2.00630e-02
2.04348e-02
2.03047e-02
1.96685e-02
1.85212e-02
1.67974e-02
1.45251e-02
1.17422e-02
8.57000e-03
5.07290e-03
1.37337e-03
-2.41761e-03
-6.04792e-03
-9.22030e-03
-1.18221e-02
-1.39533e-02
-1.56478e-02
-1.68867e-02
-1.76304e-02
-1.79377e-02
-1.78481e-02
-1.74319e-02
-1.68820e-02
-1.64753e-02
-1.60816e-02
-1.55763e-02
-1.49564e-02
-1.41756e-02
-1.31543e-02
-1.17946e-02
-1.00778e-02
-8.02838e-03
-5.53048e-03
-2.56551e-03
7.38931e-04
4.19914e-03
7.67040e-03
1.09272e-02
1.38077e-02
1.63280e-02
1.84511e-02
2.00875e-02
2.12123e-02
2.18272e-02
2.19201e-02
2.15232e-02
2.07906e-02
1.97442e-02
1.83409e-02
1.65019e-02
1.42016e-02
1.14353e-02
8.22320e-03
4.70848e-03
1.09530e-03
-2.30202e-03
-5.26789e-03
-7.88815e-03
-1.02654e-02
-1.24034e-02
-1.42401e-02
-1.57706e-02
-1.68698e-02
-1.74592e-02
-1.75421e-02
-1.70881e-02
-1.61739e-02
-1.50682e-02
-1.40593e-02
-1.30546e-02
-1.19478e-02
-1.07220e-02
-9.40286e-03
-7.93793e-03
-6.29972e-03
-4.58874e-03
-2.83635e-03
-1.16131e-03
3.61876e-04
1.68256e-03
2.72440e-03
3.41294e-03
3.73928e-03
3.81419e-03
3.73713e-03
3.56366e-03
3.27555e-03
3.01243e-03
2.83011e-03
2.73689e-03
2.77514e-03
2.97265e-03
3.31992e-03
3.83542e-03
4.44957e-03
5.16500e-03
5.96850e-03
6.79074e-03
7.61811e-03
8.34772e-03
8.98175e-03
9.42686e-03
9.56110e-03
9.41268e-03
8.94151e-03
8.11487e-03
6.82790e-03
5.12014e-03
3.07627e-03
7.02852e-04
-1.93761e-03
-4.69225e-03
-7.40048e-03
-9.87484e-03
-1.19140e-02
-1.33769e-02
-1.41141e-02
-1.40499e-02
-1.32874e-02
-1.21492e-02
-1.07316e-02
-9.22023e-03
-7.59058e-03
-5.85413e-03
-4.02558e-03
-2.07714e-03
-1.43435e-04
1.69609e-03
3.39695e-03
4.82882e-03
5.94915e-03
6.73050e-03
7.22457e-03
7.50732e-03
7.68993e-03
7.95844e-03
8.26940e-03
8.61035e-03
8.94991e-03
9.28442e-03
9.55411e-03
9.71988e-03
9.65048e-03
9.35016e-03
8.82004e-03
7.97132e-03
6.81872e-03
5.41454e-03
3.82352e-03
2.11588e-03
4.43371e-04
-1.12728e-03
-2.46030e-03
-3.38936e-03
-4.01025e-03
-4.34749e-03
-4.24079e-03
-3.80988e-03
-3.31873e-03
-2.79543e-03
-2.43460e-03
-2.22734e-03
-2.23276e-03
-2.50192e-03
-2.98001e-03
-3.57269e-03
-4.22755e-03
-4.95010e-03
-5.72982e-03
-6.46156e-03
-7.12081e-03
-7.66446e-03
-8.06470e-03
-8.28356e-03
-8.37321e-03
-8.24917e-03
-7.87728e-03
-7.28838e-03
-6.46455e-03
-5.45125e-03
-4.25180e-03
-2.91792e-03
-1.49860e-03
-6.21265e-05
1.36330e-03
2.69531e-03
3.89859e-03
4.86719e-03
5.50026e-03
5.73605e-03
5.54906e-03
5.06483e-03
4.40994e-03
3.69981e-03
2.88801e-03
2.03653e-03
1.14028e-03
2.05095e-04
-7.05594e-04
-1.57540e-03
-2.36892e-03
-3.03695e-03
-3.56495e-03
-3.95880e-03
-4.12761e-03
-4.04970e-03
-3.69346e-03
-3.07024e-03
-2.22858e-03
-1.20495e-03
-6.22136e-05
1.07968e-03
2.17487e-03
3.11900e-03
3.83507e-03
4.30807e-03
4.53243e-03
4.48231e-03
4.22864e-03
3.79411e-03
3.22220e-03
2.62616e-03
2.11367e-03
1.69805e-03
1.38449e-03
1.22295e-03
1.23042e-03
1.41346e-03
1.74059e-03
2.22936e-03
2.80380e-03
3.39523e-03
3.94680e-03
4.45456e-03
4.84159e-03
5.05657e-03
5.08188e-03
4.91093e-03
4.53676e-03
3.98234e-03
3.31108e-03
2.55766e-03
1.79833e-03
1.07282e-03
4.39725e-04
-1.17629e-05
-2.27464e-04
-2.61579e-04
-1.26673e-04
2.20335e-04
7.13297e-04
1.28776e-03
1.90578e-03
2.52990e-03
3.07964e-03
3.54300e-03
3.86882e-03
4.05635e-03
4.09228e-03
3.95361e-03
3.59490e-03
2.98680e-03
2.17140e-03
1.18495e-03
2.48165e-05
-1.30349e-03
-2.70584e-03
-4.10430e-03
-5.45075e-03
-6.72186e-03
-7.86378e-03
-8.88979e-03
-9.79668e-03
-1.06226e-02
-1.13501e-02
-1.20340e-02
-1.27272e-02
-1.33800e-02
-1.39784e-02
-1.45657e-02
-1.51463e-02
-1.56396e-02
-1.60858e-02
-1.64989e-02
-1.67607e-02
-1.67994e-02
-1.65858e-02
-1.59704e-02
-1.48683e-02
-1.32724e-02
-1.11624e-02
-8.50239e-03
-5.40415e-03
-2.11553e-03
1.05635e-03
3.81678e-03
6.28091e-03
8.61993e-03
1.09407e-02
1.33447e-02
1.58625e-02
1.85147e-02
2.12297e-02
2.39038e-02
2.63947e-02
2.84903e-02
3.00202e-02
3.07533e-02
3.05434e-02
2.92466e-02
2.68743e-02
2.35011e-02
1.95520e-02
1.54816e-02
1.15165e-02
7.78216e-03
4.51313e-03
1.80140e-03
-4.76193e-04
-2.49237e-03
-4.32216e-03
-6.02017e-03
-7.52331e-03
-8.84270e-03
-9.83341e-03
-1.03852e-02
-1.04541e-02
-9.98129e-03
-9.08827e-03
-7.91266e-03
-6.86085e-03
-6.28000e-03
-6.12878e-03
-6.30771e-03
-6.85268e-03
-7.71372e-03
-8.83102e-03
-1.01712e-02
-1.15846e-02
-1.30405e-02
-1.44316e-02
-1.56300e-02
-1.65186e-02
-1.70185e-02
-1.70916e-02
-1.67513e-02
-1.59548e-02
-1.46910e-02
-1.29409e-02
-1.07422e-02
-8.21052e-03
-5.34643e-03
-2.18173e-03
1.17947e-03
4.63470e-03
8.02811e-03
1.11171e-02
1.36813e-02
1.56847e-02
1.71055e-02
1.79615e-02
1.82047e-02
1.77504e-02
1.66196e-02
1.49788e-02
1.30803e-02
1.12381e-02
9.52680e-03
8.01571e-03
6.71506e-03
5.66859e-03
5.00053e-03
4.74550e-03
4.75214e-03
4.92152e-03
5.17416e-03
5.33252e-03
5.14941e-03
4.70005e-03
3.95359e-03
2.87891e-03
1.56132e-03
6.48762e-05
-1.61486e-03
-3.42910e-03
-5.27877e-03
-7.11477e-03
-8.85587e-03
-1.03264e-02
-1.13794e-02
-1.18862e-02
-1.18878e-02
-1.14723e-02
-1.07009e-02
-9.58971e-03
-8.14246e-03
-6.40328e-03
-4.39277e-03
-2.19999e-03
6.74183e-05
2.27626e-03
4.17966e-03
5.50052e-03
6.22324e-03
6.42643e-03
6.09631e-03
5.22624e-03
3.84007e-03
2.08932e-03
9.65310e-05
-1.95931e-03
-4.04689e-03
-6.07650e-03
-8.05700e-03
-9.92906e-03
-1.15705e-02
-1.29382e-02
-1.39763e-02
-1.46183e-02
-1.48924e-02
-1.47066e-02
-1.41287e-02
-1.32518e-02
-1.20958e-02
-1.07202e-02
-9.08397e-03
-7.22342e-03
-5.17940e-03
-3.02057e-03
-9.20700e-04
1.02124e-03
2.72182e-03
4.31879e-03
5.92003e-03
7.55605e-03
9.29491e-03
1.10932e-02
1.29257e-02
1.47597e-02
1.65257e-02
1.81114e-02
1.94237e-02
2.03886e-02
2.09429e-02
2.10201e-02
2.05672e-02
1.97079e-02
1.86163e-02
1.72908e-02
1.57872e-02
1.40739e-02
1.21412e-02
1.00364e-02
7.87429e-03
5.82105e-03
3.98679e-03
2.44111e-03
1.11217e-03
-1.62489e-05
-9.95042e-04
-1.85463e-03
-2.51836e-03
-3.04616e-03
-3.43605e-03
-3.68087e-03
-3.87907e-03
-4.16778e-03
-4.65909e-03
-5.60208e-03
-6.95517e-03
-8.66006e-03
-1.05733e-02
-1.26310e-02
-1.47090e-02
-1.67280e-02
-1.85282e-02
-2.00220e-02
-2.11593e-02
-2.19187e-02
-2.22337e-02
-2.20041e-02
-2.11918e-02
-1.98429e-02
-1.80569e-02
-1.59734e-02
-1.35009e-02
-1.05830e-02
-7.30863e-03
-3.76479e-03
-1.44640e-04
3.26811e-03
6.19057e-03
8.64222e-03
1.07292e-02
1.24625e-02
1.38377e-02
1.48020e-02
1.53269e-02
1.54103e-02
1.50700e-02
1.43436e-02
1.34963e-02
1.27305e-02
1.20484e-02
1.13663e-02
1.06212e-02
9.74983e-03
8.70978e-03
7.57197e-03
6.35459e-03
5.05923e-03
3.64448e-03
2.14134e-03
6.52441e-04
-8.12782e-04
-2.37741e-03
-3.79453e-03
-4.92186e-03
-5.82326e-03
-6.44976e-03
-6.79334e-03
-6.91196e-03
-6.87511e-03
-6.73129e-03
-6.47280e-03
-6.13173e-03
-5.64626e-03
-5.01940e-03
-4.24796e-03
-3.28040e-03
-2.17378e-03
-9.73093e-04
3.05326e-04
1.64528e-03
3.00381e-03
4.27342e-03
5.45073e-03
6.50048e-03
7.34518e-03
7.97500e-03
8.32432e-03
8.40147e-03
8.29082e-03
8.04616e-03
7.61525e-03
7.02128e-03
6.20860e-03
5.14297e-03
3.93590e-03
2.62098e-03
1.20582e-03
-2.70557e-04
-1.86987e-03
-3.60382e-03
-5.40180e-03
-7.20137e-03
-8.99682e-03
-1.07185e-02
-1.21227e-02
-1.32311e-02
-1.40493e-02
-1.45041e-02
-1.46919e-02
-1.48612e-02
-1.49725e-02
-1.49417e-02
-1.47798e-02
-1.44413e-02
-1.38202e-02
-1.29444e-02
-1.17833e-02
-1.02354e-02
-8.25416e-03
-5.85144e-03
-3.02428e-03
1.15893e-04
3.46765e-03
6.82815e-03
9.91395e-03
1.27573e-02
1.53813e-02
1.77834e-02
1.99677e-02
2.17813e-02
2.31385e-02
2.38987e-02
2.38836e-02
2.30881e-02
2.15404e-02
1.93942e-02
1.69295e-02
1.42819e-02
1.14206e-02
8.34505e-03
5.20384e-03
2.31519e-03
-6.72467e-05
-2.05154e-03
-3.72920e-03
-5.15682e-03
-6.36525e-03
-7.30562e-03
-7.96136e-03
-8.29910e-03
-8.28437e-03
-7.95987e-03
-7.47021e-03
-6.96608e-03
-6.75893e-03
-6.84339e-03
-7.12877e-03
-7.50772e-03
-7.85246e-03
-8.01869e-03
-7.94586e-03
-7.62516e-03
-6.96047e-03
-5.95186e-03
-4.61829e-03
-3.00359e-03
-1.18625e-03
7.91771e-04
2.81253e-03
4.69798e-03
6.20455e-03
7.18289e-03
7.38365e-03
6.79427e-03
5.55273e-03
3.74284e-03
1.55025e-03
-7.85486e-04
-3.13944e-03
-5.42487e-03
-7.52055e-03
-9.20572e-03
-1.03503e-02
-1.09515e-02
-1.09230e-02
-1.04416e-02
-9.75093e-03
-9.02763e-03
-8.22815e-03
-7.41170e-03
-6.53702e-03
-5.64098e-03
-4.71308e-03
-3.74237e-03
-2.73644e-03
-1.71087e-03
-6.60509e-04
4.31957e-04
1.58936e-03
2.68759e-03
3.67650e-03
4.57248e-03
5.29067e-03
5.88741e-03
6.46059e-03
7.02514e-03
7.54322e-03
7.87669e-03
8.07652e-03
8.10608e-03
8.05088e-03
8.07875e-03
8.10296e-03
8.09086e-03
8.11906e-03
8.08042e-03
7.90776e-03
7.64325e-03
7.31202e-03
6.86627e-03
6.33838e-03
5.72349e-03
5.04745e-03
4.34463e-03
3.57114e-03
2.73506e-03
1.85364e-03
8.76435e-04
-1.35288e-04
-1.19310e-03
-2.22554e-03
-3.14028e-03
-4.01038e-03
-4.84309e-03
-5.66513e-03
-6.46416e-03
-7.28412e-03
-8.04147e-03
-8.67017e-03
-9.02990e-03
-9.06717e-03
-8.91179e-03
-8.62502e-03
-8.08165e-03
-7.30412e-03
-6.32864e-03
-5.20742e-03
-3.96268e-03
-2.54224e-03
-1.01712e-03
5.86275e-04
2.28365e-03
3.97405e-03
5.50464e-03
6.85470e-03
7.91102e-03
8.60301e-03
8.86693e-03
8.75713e-03
8.24720e-03
7.38653e-03
6.23880e-03
4.92369e-03
3.41834e-03
1.77751e-03
9.88197e-05
-1.47215e-03
-2.75789e-03
-3.65050e-03
-4.13749e-03
-4.08537e-03
-3.54638e-03
-2.82453e-03
-2.10851e-03
-1.43429e-03
-7.88065e-04
-1.61598e-04
4.29568e-04
9.16798e-04
1.27726e-03
1.47912e-03
1.51443e-03
1.37538e-03
1.09800e-03
7.39533e-04
3.57505e-04
-6.27175e-05
-4.24449e-04
-7.63109e-04
-1.10956e-03
-1.39236e-03
-1.62947e-03
-1.84946e-03
-2.07894e-03
-2.34014e-03
-2.65286e-03
-3.02981e-03
-3.47941e-03
-4.00051e-03
-4.58523e-03
-5.21355e-03
-5.85576e-03
-6.46860e-03
-6.99536e-03
-7.38320e-03
-7.65491e-03
-7.80278e-03
-7.78932e-03
-7.57733e-03
-7.15585e-03
-6.52733e-03
-5.69610e-03
-4.62912e-03
-3.30013e-03
-1.82405e-03
-1.39467e-04
1.70220e-03
3.57164e-03
5.42309e-03
7.02452e-03
8.24747e-03
9.13012e-03
9.74165e-03
1.01198e-02
1.02257e-02
1.01291e-02
9.96427e-03
9.76703e-03
9.42721e-03
9.02762e-03
8.55357e-03
7.98007e-03
7.24316e-03
6.41890e-03
5.52377e-03
4.51154e-03
3.39872e-03
2.18624e-03
9.27014e-04
-2.82010e-04
-1.42683e-03
-2.59200e-03
-3.78265e-03
-4.87163e-03
-5.78336e-03
-6.45682e-03
-6.92455e-03
-7.22535e-03
-7.46844e-03
-7.61803e-03
-7.57606e-03
-7.36012e-03
-6.97798e-03
-6.34523e-03
-5.45802e-03
-4.36621e-03
-3.05536e-03
-1.58836e-03
2.73540e-05
1.69451e-03
3.38878e-03
5.00342e-03
6.44056e-03
7.62855e-03
8.36251e-03
8.61535e-03
8.42228e-03
7.93075e-03
7.24506e-03
6.26212e-03
4.90167e-03
3.31181e-03
1.55660e-03
-3.19664e-04
-2.26881e-03
-4.14857e-03
-5.77664e-03
-6.99056e-03
-7.69297e-03
-7.93005e-03
-7.74993e-03
-7.20783e-03
-6.30513e-03
-5.16753e-03
-3.98823e-03
-2.97231e-03
-2.09226e-03
-1.31234e-03
-6.18373e-04
-5.66058e-05
3.95919e-04
7.81149e-04
1.11326e-03
1.38521e-03
1.61184e-03
1.84663e-03
2.12511e-03
2.41982e-03
2.76057e-03
3.14906e-03
3.53611e-03
3.89302e-03
4.23712e-03
4.47983e-03
4.66490e-03
4.77596e-03
4.73358e-03
4.53532e-03
4.20213e-03
3.74839e-03
3.23964e-03
2.69551e-03
2.15128e-03
1.60836e-03
1.06797e-03
5.93812e-04
1.74519e-04
-1.79715e-04
-4.86090e-04
-7.60868e-04
-9.87857e-04
-1.19181e-03
-1.40606e-03
-1.62885e-03
-1.82839e-03
-2.01010e-03
-2.16001e-03
-2.32645e-03
-2.54615e-03
-2.73637e-03
-2.92895e-03
-3.20489e-03
-3.50851e-03
-3.82447e-03
-4.15796e-03
-4.48973e-03
-4.92042e-03
-5.43178e-03
-5.97483e-03
-6.50232e-03
-6.98905e-03
-7.36477e-03
-7.56305e-03
-7.57890e-03
-7.35882e-03
-6.94129e-03
-6.38394e-03
-5.71684e-03
-4.94996e-03
-4.00791e-03
-2.95735e-03
-1.81488e-03
-5.71763e-04
7.67225e-04
2.12706e-03
3.39032e-03
4.45423e-03
5.46497e-03
6.44338e-03
7.43208e-03
8.46440e-03
9.41857e-03
1.02125e-02
1.08896e-02
1.14390e-02
1.18215e-02
1.20567e-02
1.20655e-02
1.18336e-02
1.11579e-02
1.01029e-02
8.69596e-03
7.00939e-03
5.11001e-03
3.00848e-03
7.11072e-04
-1.71680e-03
-4.17546e-03
-6.47193e-03
-8.51147e-03
-1.01932e-02
-1.13359e-02
-1.17984e-02
-1.18323e-02
-1.15428e-02
-1.10462e-02
-1.04959e-02
-9.84098e-03
-8.99087e-03
-7.97434e-03
-6.88154e-03
-5.67466e-03
-4.37277e-03
-3.00056e-03
-1.60223e-03
-2.85550e-04
9.14042e-04
1.92769e-03
2.67034e-03
3.15813e-03
3.35893e-03
3.48192e-03
3.57723e-03
3.73585e-03
3.93906e-03
4.18223e-03
4.51299e-03
4.88508e-03
5.23719e-03
5.59838e-03
5.99982e-03
6.44115e-03
6.85988e-03
7.18835e-03
7.38605e-03
7.49823e-03
7.50493e-03
7.32801e-03
6.96746e-03
6.46830e-03
5.87313e-03
5.11708e-03
4.25982e-03
3.34216e-03
2.35085e-03
1.36474e-03
3.35117e-04
-6.45472e-04
-1.44157e-03
-2.08342e-03
-2.54031e-03
-2.89482e-03
-3.15681e-03
-3.40677e-03
-3.64241e-03
-3.82909e-03
-4.04601e-03
-4.22957e-03
-4.35040e-03
-4.47460e-03
-4.56321e-03
-4.58045e-03
-4.59003e-03
-4.61375e-03
-4.67534e-03
-4.70743e-03
-4.71119e-03
-4.64795e-03
-4.60304e-03
-4.55663e-03
-4.47601e-03
-4.34296e-03
-4.14674e-03
-3.89624e-03
-3.61104e-03
-3.34597e-03
-3.13274e-03
-2.89962e-03
-2.68293e-03
-2.46614e-03
-2.31494e-03
-2.16394e-03
-1.99839e-03
-1.89999e-03
-1.83288e-03
-1.76523e-03
-1.64428e-03
-1.48568e-03
-1.26513e-03
-9.46373e-04
-5.86687e-04
-1.56163e-04
3.88568e-04
1.01116e-03
1.56076e-03
1.98978e-03
2.22490e-03
2.27675e-03
2.18121e-03
1.90420e-03
1.51823e-03
1.09753e-03
6.36260e-04
1.48924e-04
-2.23616e-04
-4.89867e-04
-5.74436e-04
-4.84328e-04
-2.33562e-04
1.61116e-04
6.84386e-04
1.30676e-03
1.99286e-03
2.67805e-03
3.29899e-03
3.84123e-03
4.30970e-03
4.72123e-03
5.08838e-03
5.45258e-03
5.73881e-03
5.94531e-03
6.06492e-03
6.12115e-03
6.12360e-03
6.09171e-03
6.06778e-03
6.05780e-03
6.01350e-03
5.92645e-03
5.82253e-03
5.73950e-03
5.64629e-03
5.45091e-03
5.18973e-03
4.86514e-03
4.47442e-03
4.11582e-03
3.70680e-03
3.25691e-03
2.73217e-03
2.18518e-03
1.60526e-03
9.98447e-04
3.31822e-04
-3.61945e-04
-1.10467e-03
-1.90798e-03
-2.73823e-03
-3.57936e-03
-4.40241e-03
-5.18263e-03
-5.95294e-03
-6.67034e-03
-7.28915e-03
-7.84132e-03
-8.37645e-03
-8.90137e-03
-9.34741e-03
-9.69646e-03
-1.00127e-02
-1.03208e-02
-1.06411e-02
-1.09354e-02
-1.11609e-02
-1.12437e-02
-1.11330e-02
-1.08230e-02
-1.02800e-02
-9.52763e-03
-8.54808e-03
-7.29020e-03
-5.77838e-03
-4.06263e-03
-2.21949e-03
-3.36307e-04
1.54226e-03
3.27179e-03
4.70584e-03
5.77079e-03
6.33913e-03
6.49724e-03
6.41702e-03
6.21358e-03
5.90929e-03
5.55009e-03
5.26526e-03
5.16221e-03
5.19390e-03
5.34573e-03
5.57696e-03
5.83030e-03
6.08279e-03
6.30685e-03
6.50441e-03
6.62287e-03
6.65603e-03
6.63177e-03
6.47436e-03
6.15034e-03
5.71015e-03
5.19112e-03
4.59657e-03
3.95835e-03
3.34053e-03
2.71952e-03
2.05553e-03
1.34577e-03
6.47218e-04
-9.29461e-05
-8.57143e-04
-1.60062e-03
-2.30420e-03
-2.97634e-03
-3.62015e-03
-4.22586e-03
-4.78446e-03
-5.31126e-03
-5.78795e-03
-6.17206e-03
-6.40159e-03
-6.51763e-03
-6.50107e-03
-6.30385e-03
-5.92348e-03
-5.39392e-03
-4.76723e-03
-4.05378e-03
-3.29503e-03
-2.53865e-03
-1.72055e-03
-8.56281e-04
5.12134e-05
1.00043e-03
1.93851e-03
2.81095e-03
3.60892e-03
4.36370e-03
4.99944e-03
5.45781e-03
5.77401e-03
5.98565e-03
6.09158e-03
6.11123e-03
5.98954e-03
5.70331e-03
5.23937e-03
4.64430e-03
3.93014e-03
3.12069e-03
2.29575e-03
1.44081e-03
6.02686e-04
-1.81500e-04
-9.05993e-04
-1.51091e-03
-1.95308e-03
-2.30813e-03
-2.64169e-03
-2.96410e-03
-3.28937e-03
-3.63726e-03
-4.04674e-03
-4.42900e-03
-4.81906e-03
-5.15910e-03
-5.48506e-03
-5.80754e-03
-6.01603e-03
-6.06085e-03
-5.98134e-03
-5.68320e-03
-5.16793e-03
-4.45468e-03
-3.62596e-03
-2.71759e-03
-1.72944e-03
-7.09484e-04
3.15301e-04
1.25846e-03
2.09006e-03
2.87801e-03
3.64426e-03
4.35435e-03
4.99339e-03
5.59003e-03
6.19177e-03
6.73700e-03
7.23882e-03
7.72768e-03
8.16108e-03
8.56935e-03
8.91572e-03
9.20749e-03
9.35329e-03
9.26167e-03
8.93059e-03
8.34355e-03
7.48860e-03
6.40426e-03
5.06711e-03
3.48389e-03
1.71591e-03
-1.57150e-04
-2.03768e-03
-3.86017e-03
-5.53034e-03
-6.96289e-03
-8.23399e-03
-9.29415e-03
-1.01410e-02
-1.08054e-02
-1.12587e-02
-1.15762e-02
-1.18819e-02
-1.22033e-02
-1.25366e-02
-1.27789e-02
-1.29173e-02
-1.28822e-02
-1.26533e-02
-1.22209e-02
-1.15600e-02
-1.06349e-02
-9.51046e-03
-8.15949e-03
-6.56798e-03
-4.80054e-03
-2.87121e-03
-8.19719e-04
1.23906e-03
3.25671e-03
5.06861e-03
6.61089e-03
7.94991e-03
9.00422e-03
9.80316e-03
1.03610e-02
1.06711e-02
1.07855e-02
1.07600e-02
1.07225e-02
1.08491e-02
1.10578e-02
1.12766e-02
1.15165e-02
1.17244e-02
1.18475e-02
1.18435e-02
1.17101e-02
1.13839e-02
1.08414e-02
1.00258e-02
8.90692e-03
7.50811e-03
5.89254e-03
4.05552e-03
2.01615e-03
-8.77432e-05
-2.14932e-03
-4.00245e-03
-5.48091e-03
-6.53256e-03
-7.15593e-03
-7.38374e-03
-7.24118e-03
-6.83083e-03
-6.34294e-03
-5.89745e-03
-5.54210e-03
-5.28803e-03
-5.07638e-03
-4.89045e-03
-4.73629e-03
-4.66396e-03
-4.60741e-03
-4.51783e-03
-4.43808e-03
-4.36548e-03
-4.31617e-03
-4.29652e-03
-4.26742e-03
-4.23108e-03
-4.14824e-03
-4.01268e-03
-3.79063e-03
-3.55690e-03
-3.27564e-03
-2.95517e-03
-2.58336e-03
-2.18539e-03
-1.79749e-03
-1.47163e-03
-1.25448e-03
-1.11587e-03
-1.02527e-03
-1.01401e-03
-1.03570e-03
-1.03930e-03
-1.04241e-03
-1.06990e-03
-1.09033e-03
-1.03455e-03
-8.93735e-04
-6.70398e-04
-3.67512e-04
6.41806e-07
4.29543e-04
9.73694e-04
1.60555e-03
2.29007e-03
3.02732e-03
3.75418e-03
4.48228e-03
5.18222e-03
5.80246e-03
6.32182e-03
6.74265e-03
7.03564e-03
7.19460e-03
7.18481e-03
7.02828e-03
6.78894e-03
6.44339e-03
5.98019e-03
5.45291e-03
4.90096e-03
4.31470e-03
3.70314e-03
3.11094e-03
2.60969e-03
2.19812e-03
1.78021e-03
1.38852e-03
1.09196e-03
7.83690e-04
3.85951e-04
-5.57089e-05
-5.34796e-04
-1.14632e-03
-1.86869e-03
-2.63762e-03
-3.47531e-03
-4.38238e-03
-5.37727e-03
-6.42354e-03
-7.42324e-03
-8.28903e-03
-8.97179e-03
-9.49486e-03
-9.84193e-03
-9.97591e-03
-9.92432e-03
-9.67520e-03
-9.26566e-03
-8.71471e-03
-8.00222e-03
-7.16134e-03
-6.18906e-03
-5.07372e-03
-3.79240e-03
-2.34414e-03
-7.85346e-04
9.09260e-04
2.69663e-03
4.51243e-03
6.27737e-03
7.90812e-03
9.31039e-03
1.04295e-02
1.12723e-02
1.17313e-02
1.18271e-02
1.16032e-02
1.11654e-02
1.04972e-02
9.57914e-03
8.50366e-03
7.19268e-03
5.63382e-03
3.89796e-03
2.04907e-03
1.61736e-04
-1.68504e-03
-3.41199e-03
-4.80719e-03
-5.79969e-03
-6.32465e-03
-6.38893e-03
-6.05486e-03
-5.39774e-03
-4.58376e-03
-3.80048e-03
-3.11993e-03
-2.50291e-03
-1.97962e-03
-1.57606e-03
-1.24949e-03
-9.76708e-04
-7.87491e-04
-7.22329e-04
-7.55848e-04
-8.70100e-04
-9.71307e-04
-1.04177e-03
-1.02298e-03
-9.59651e-04
-8.53512e-04
-6.44579e-04
-3.58485e-04
-1.82113e-05
2.88378e-04
5.42802e-04
7.71257e-04
9.73798e-04
1.15123e-03
1.29306e-03
1.31452e-03
1.21476e-03
1.01408e-03
6.71515e-04
2.74425e-04
-1.63903e-04
-6.79805e-04
-1.27880e-03
-1.88717e-03
-2.46357e-03
-2.97555e-03
-3.43315e-03
-3.77172e-03
-3.94623e-03
-3.94793e-03
-3.78723e-03
-3.50928e-03
-3.05064e-03
-2.38622e-03
-1.64316e-03
-8.65108e-04
-9.46007e-05
6.63885e-04
1.39720e-03
2.09152e-03
2.67125e-03
3.08390e-03
3.37912e-03
3.56213e-03
3.61963e-03
3.63914e-03
3.66092e-03
3.67417e-03
3.64625e-03
3.57452e-03
3.45609e-03
3.31547e-03
3.09743e-03
2.78456e-03
2.39625e-03
1.96541e-03
1.48004e-03
9.40643e-04
3.82820e-04
-1.45570e-04
-6.43272e-04
-1.10721e-03
-1.49834e-03
-1.74913e-03
-1.87711e-03
-1.89450e-03
-1.83201e-03
-1.67331e-03
-1.42291e-03
-1.09531e-03
-7.60547e-04
-3.97695e-04
-7.93140e-05
1.98799e-04
4.41393e-04
6.40191e-04
7.73196e-04
8.03766e-04
6.99816e-04
5.04626e-04
2.30051e-04
-1.26321e-04
-4.91026e-04
-8.38252e-04
-1.12239e-03
-1.31036e-03
-1.43876e-03
-1.47474e-03
-1.48430e-03
-1.40819e-03
-1.24471e-03
-1.03473e-03
-7.93265e-04
-5.38507e-04
-2.89340e-04
-4.47676e-05
1.69645e-04
3.76271e-04
5.31332e-04
6.54133e-04
7.62282e-04
8.84404e-04
1.01443e-03
1.10601e-03
1.21294e-03
1.27414e-03
1.27375e-03
1.21285e-03
1.08506e-03
8.58566e-04
5.42774e-04
1.66369e-04
-2.16973e-04
-5.47072e-04
-8.18271e-04
-1.04574e-03
-1.30188e-03
-1.53478e-03
-1.65276e-03
-1.70437e-03
-1.69692e-03
-1.54281e-03
-1.30840e-03
-1.07012e-03
-7.73999e-04
-3.98992e-04
8.46918e-06
3.86465e-04
7.21391e-04
1.00685e-03
1.29127e-03
1.53181e-03
1.69202e-03
1.80377e-03
1.83494e-03
1.85268e-03
1.81084e-03
1.71233e-03
1.59113e-03
1.50992e-03
1.42915e-03
1.29113e-03
1.04903e-03
7.48584e-04
4.47816e-04
1.48447e-04
-1.49129e-04
-4.30654e-04
-6.70605e-04
-8.42712e-04
-1.00345e-03
-1.20246e-03
-1.43598e-03
-1.75000e-03
-2.12389e-03
-2.51510e-03
-2.87407e-03
-3.19422e-03
-3.49208e-03
-3.73047e-03
-3.92128e-03
-4.02359e-03
-4.07392e-03
-4.11360e-03
-4.12077e-03
-4.06046e-03
-3.91825e-03
-3.70810e-03
-3.39510e-03
-2.98168e-03
-2.50191e-03
-1.99735e-03
-1.45613e-03
-8.71811e-04
-2.59089e-04
3.53153e-04
9.63304e-04
1.59602e-03
2.21589e-03
2.74692e-03
3.20725e-03
3.57242e-03
3.79599e-03
3.93949e-03
4.05814e-03
4.16769e-03
4.27162e-03
4.39219e-03
4.47857e-03
4.58240e-03
4.69749e-03
4.81091e-03
5.01020e-03
5.25308e-03
5.49950e-03
5.76919e-03
6.04016e-03
6.34329e-03
6.64760e-03
6.90076e-03
7.05499e-03
7.08328e-03
6.94503e-03
6.66270e-03
6.20615e-03
5.54568e-03
4.67598e-03
3.59922e-03
2.28824e-03
8.19890e-04
-7.20469e-04
-2.33478e-03
-3.99985e-03
-5.57122e-03
-7.00311e-03
-8.20163e-03
-9.24753e-03
-1.00611e-02
-1.05926e-02
-1.09690e-02
-1.11763e-02
-1.12727e-02
-1.12683e-02
-1.11993e-02
-1.10347e-02
-1.07465e-02
-1.03243e-02
-9.81430e-03
-9.21004e-03
-8.52526e-03
-7.74917e-03
-6.90211e-03
-5.95340e-03
-4.84628e-03
-3.62585e-03
-2.35993e-03
-1.05421e-03
2.89990e-04
1.59313e-03
2.94904e-03
4.24479e-03
5.37068e-03
6.21647e-03
6.83916e-03
7.31844e-03
7.60046e-03
7.76732e-03
7.92585e-03
8.13717e-03
8.28680e-03
8.32384e-03
8.34903e-03
8.33684e-03
8.29086e-03
8.17612e-03
8.00943e-03
7.73981e-03
7.33053e-03
6.84228e-03
6.26325e-03
5.62698e-03
4.87292e-03
4.01233e-03
3.11303e-03
2.24390e-03
1.35685e-03
4.41825e-04
-4.32534e-04
-1.20578e-03
-1.98983e-03
-2.81740e-03
-3.60438e-03
-4.35256e-03
-5.06454e-03
-5.70176e-03
-6.26970e-03
-6.79893e-03
-7.21729e-03
-7.48354e-03
-7.61053e-03
-7.63249e-03
-7.56155e-03
-7.38464e-03
-7.06104e-03
-6.58002e-03
-5.99529e-03
-5.36061e-03
-4.66358e-03
-3.84936e-03
-2.96381e-03
-2.08789e-03
-1.21187e-03
-3.09925e-04
5.96895e-04
1.48507e-03
2.27320e-03
2.91194e-03
3.44960e-03
3.87782e-03
4.22061e-03
4.46116e-03
4.63917e-03
4.91776e-03
5.24994e-03
5.58285e-03
5.85189e-03
6.06840e-03
6.22261e-03
6.28214e-03
6.20690e-03
5.96687e-03
5.63486e-03
5.19258e-03
4.70010e-03
4.15891e-03
3.53282e-03
2.83557e-03
1.99329e-03
1.07321e-03
6.17413e-05
-1.03898e-03
-2.07957e-03
-3.03521e-03
-3.90583e-03
-4.72644e-03
-5.43332e-03
-6.05785e-03
-6.62616e-03
-7.09631e-03
-7.45428e-03
-7.75300e-03
-8.03184e-03
-8.19906e-03
-8.18678e-03
-7.99975e-03
-7.64627e-03
-7.07318e-03
-6.31140e-03
-5.36112e-03
-4.17452e-03
-2.74964e-03
-1.11858e-03
6.74282e-04
2.48303e-03
4.27038e-03
5.90125e-03
7.17973e-03
8.06441e-03
8.47209e-03
8.47068e-03
8.15443e-03
7.54738e-03
6.69297e-03
5.66437e-03
4.56977e-03
3.42911e-03
2.27236e-03
1.18617e-03
2.41436e-04
-5.25667e-04
-1.12223e-03
-1.56619e-03
-1.84536e-03
-1.94607e-03
-1.96026e-03
-1.94912e-03
-1.89620e-03
-1.79863e-03
-1.73276e-03
-1.67681e-03
-1.58503e-03
-1.44714e-03
-1.26009e-03
-1.06138e-03
-8.56901e-04
-6.45743e-04
-3.84456e-04
-6.31777e-05
3.38574e-04
8.33272e-04
1.40907e-03
2.03675e-03
2.65481e-03
3.18850e-03
3.57573e-03
3.81785e-03
3.96102e-03
3.94615e-03
3.78734e-03
3.42547e-03
2.88472e-03
2.20938e-03
1.42603e-03
6.34979e-04
-1.44857e-04
-8.27207e-04
-1.43897e-03
-1.94417e-03
-2.27207e-03
-2.41822e-03
-2.39231e-03
-2.27373e-03
-2.05800e-03
-1.81105e-03
-1.56488e-03
-1.41976e-03
-1.31119e-03
-1.25917e-03
-1.28672e-03
-1.41076e-03
-1.59223e-03
-1.82027e-03
-2.05005e-03
-2.25121e-03
-2.46268e-03
-2.66117e-03
-2.81599e-03
-2.88555e-03
-2.85023e-03
-2.74888e-03
-2.59115e-03
-2.42519e-03
-2.19694e-03
-1.98461e-03
-1.80585e-03
-1.61692e-03
-1.42748e-03
-1.20003e-03
-9.79858e-04
-8.12496e-04
-6.47285e-04
-4.49001e-04
-2.15407e-04
-8.76163e-07
2.05219e-04
3.33136e-04
4.48928e-04
5.75372e-04
6.43076e-04
7.25892e-04
9.04596e-04
1.10475e-03
1.29022e-03
1.52849e-03
1.82552e-03
2.13177e-03
2.44879e-03
2.83294e-03
3.24283e-03
3.64651e-03
4.00773e-03
4.28165e-03
4.47037e-03
4.60392e-03
4.65546e-03
4.61910e-03
4.47047e-03
4.22232e-03
3.86660e-03
3.41441e-03
2.87878e-03
2.23777e-03
1.55183e-03
8.30682e-04
3.40431e-05
-7.73585e-04
-1.51086e-03
-2.21535e-03
-2.87488e-03
-3.42864e-03
-3.92303e-03
-4.43551e-03
-4.91597e-03
-5.26016e-03
-5.47814e-03
-5.61341e-03
-5.62094e-03
-5.54139e-03
-5.46477e-03
-5.33692e-03
-5.08159e-03
-4.73390e-03
-4.29074e-03
-3.71064e-03
-2.95077e-03
-2.06059e-03
-1.04542e-03
1.27797e-04
1.38285e-03
2.65016e-03
3.92105e-03
5.15687e-03
6.36925e-03
7.46131e-03
8.40225e-03
9.10803e-03
9.49595e-03
9.53993e-03
9.23136e-03
8.62652e-03
7.71492e-03
6.61736e-03
5.40880e-03
4.08391e-03
2.66766e-03
1.30338e-03
5.81479e-05
-1.00057e-03
-1.86958e-03
-2.60954e-03
-3.17698e-03
-3.55920e-03
-3.76866e-03
-3.88324e-03
-3.94101e-03
-3.97050e-03
-3.96762e-03
-4.00499e-03
-4.07227e-03
-4.14273e-03
-4.23640e-03
-4.32784e-03
-4.41953e-03
-4.56177e-03
-4.71806e-03
-4.85313e-03
-4.94286e-03
-4.97853e-03
-4.96618e-03
-4.91636e-03
-4.77062e-03
-4.52913e-03
-4.20674e-03
-3.71844e-03
-3.10624e-03
-2.38680e-03
-1.57849e-03
-7.02738e-04
1.78294e-04
1.08224e-03
1.96162e-03
2.73082e-03
3.40472e-03
3.88845e-03
4.10167e-03
4.05672e-03
3.86553e-03
3.57973e-03
3.21041e-03
2.78795e-03
2.29711e-03
1.80760e-03
1.27264e-03
7.52862e-04
2.78729e-04
-1.40367e-04
-5.16861e-04
-8.36903e-04
-1.08174e-03
-1.22938e-03
-1.25425e-03
-1.23727e-03
-1.16223e-03
-1.08980e-03
-9.89285e-04
-8.14372e-04
-5.35780e-04
-2.13499e-04
1.70921e-04
6.63223e-04
1.18808e-03
1.74765e-03
2.30327e-03
2.86351e-03
3.35919e-03
3.81172e-03
4.16445e-03
4.43729e-03
4.59209e-03
4.63356e-03
4.60954e-03
4.50227e-03
4.28368e-03
4.03812e-03
3.72713e-03
3.34295e-03
2.94869e-03
2.49818e-03
1.95337e-03
1.38493e-03
8.03201e-04
2.52175e-04
-1.52420e-04
-4.65236e-04
-6.20754e-04
-6.95850e-04
-7.72140e-04
-8.64241e-04
-9.45640e-04
-1.04510e-03
-1.05596e-03
-1.03244e-03
-1.03135e-03
-1.07752e-03
-1.15872e-03
-1.22233e-03
-1.21948e-03
-1.15346e-03
-1.09014e-03
-1.05036e-03
-9.77932e-04
-9.53846e-04
-1.00457e-03
-1.07367e-03
-1.16029e-03
-1.36643e-03
-1.65130e-03
-1.97465e-03
-2.37819e-03
-2.81095e-03
-3.27152e-03
-3.75741e-03
-4.26154e-03
-4.74742e-03
-5.15503e-03
-5.50312e-03
-5.76010e-03
-5.90002e-03
-5.89921e-03
-5.80979e-03
-5.54709e-03
-5.17136e-03
-4.72416e-03
-4.17553e-03
-3.56521e-03
-2.90767e-03
-2.21981e-03
-1.48372e-03
-7.36995e-04
-3.25834e-06
7.38442e-04
1.45871e-03
2.14114e-03
2.79287e-03
3.39679e-03
3.89806e-03
4.35090e-03
4.80207e-03
5.19063e-03
5.46848e-03
5.60787e-03
5.67241e-03
5.69034e-03
5.61998e-03
5.49843e-03
5.22083e-03
4.80626e-03
4.33748e-03
3.83175e-03
3.31324e-03
2.79953e-03
2.28363e-03
1.79446e-03
1.35097e-03
9.12168e-04
5.13683e-04
9.26056e-05
-3.14533e-04
-6.97725e-04
-1.10203e-03
-1.46061e-03
-1.73883e-03
-1.96440e-03
-2.11168e-03
-2.17931e-03
-2.13763e-03
-1.96895e-03
-1.70269e-03
-1.35836e-03
-9.69014e-04
-5.46090e-04
-7.80757e-05
4.31582e-04
9.56863e-04
1.44966e-03
1.89178e-03
2.26695e-03
2.50780e-03
2.65003e-03
2.60805e-03
2.41228e-03
2.12852e-03
1.70538e-03
1.12251e-03
4.48827e-04
-2.45646e-04
-9.81828e-04
-1.71847e-03
-2.42406e-03
-3.03674e-03
-3.55703e-03
-3.95910e-03
-4.20650e-03
-4.26800e-03
-4.26129e-03
-4.16052e-03
-3.94974e-03
-3.59324e-03
-3.12182e-03
-2.61770e-03
-2.09447e-03
-1.56308e-03
-9.95052e-04
-4.13505e-04
1.69606e-04
7.44046e-04
1.24596e-03
1.66844e-03
2.07353e-03
2.47234e-03
2.83748e-03
3.19608e-03
3.53506e-03
3.79104e-03
3.94173e-03
3.99451e-03
3.89387e-03
3.58163e-03
3.07288e-03
2.43023e-03
1.65761e-03
8.00189e-04
-1.21615e-04
-1.08117e-03
-2.07084e-03
-2.99927e-03
-3.83562e-03
-4.48598e-03
-4.90911e-03
-5.21754e-03
-5.36156e-03
-5.33296e-03
-5.22986e-03
-5.04045e-03
-4.78816e-03
-4.47282e-03
-4.10046e-03
-3.75091e-03
-3.39508e-03
-3.00543e-03
-2.58416e-03
-2.14792e-03
-1.65978e-03
-1.09838e-03
-4.51911e-04
2.93436e-04
1.11340e-03
2.01907e-03
2.98108e-03
3.96600e-03
4.89220e-03
5.73574e-03
6.49747e-03
7.15383e-03
7.74177e-03
8.21714e-03
8.51315e-03
8.66103e-03
8.67715e-03
8.56495e-03
8.29300e-03
7.86062e-03
7.25753e-03
6.46988e-03
5.52034e-03
4.48347e-03
3.36974e-03
2.10730e-03
7.83257e-04
-5.58118e-04
-1.88027e-03
-3.15458e-03
-4.34232e-03
-5.34936e-03
-6.11166e-03
-6.58710e-03
-6.88250e-03
-7.05555e-03
-7.16708e-03
-7.27705e-03
-7.24207e-03
-7.07938e-03
-6.77653e-03
-6.32532e-03
-5.76642e-03
-5.10419e-03
-4.42569e-03
-3.72759e-03
-3.03359e-03
-2.39660e-03
-1.83677e-03
-1.38366e-03
-1.00342e-03
-6.37813e-04
-3.05840e-04
8.03003e-06
3.32317e-04
5.97435e-04
7.93049e-04
9.73176e-04
1.18288e-03
1.39149e-03
1.65726e-03
1.94550e-03
2.22102e-03
2.47717e-03
2.68411e-03
2.80568e-03
2.87523e-03
2.93929e-03
2.94490e-03
2.89964e-03
2.76136e-03
2.60082e-03
2.37227e-03
2.02584e-03
1.60342e-03
1.16264e-03
7.08822e-04
2.51210e-04
-1.78654e-04
-5.52302e-04
-8.85033e-04
-1.13324e-03
-1.30944e-03
-1.43903e-03
-1.53752e-03
-1.54867e-03
-1.45672e-03
-1.27426e-03
-9.73962e-04
-6.08025e-04
-2.59533e-04
5.63131e-05
3.70739e-04
6.52132e-04
9.16727e-04
1.17156e-03
1.37676e-03
1.52629e-03
1.67782e-03
1.80974e-03
1.87605e-03
1.90421e-03
1.85354e-03
1.77030e-03
1.64835e-03
1.49918e-03
1.35033e-03
1.17725e-03
1.06732e-03
1.00383e-03
9.55251e-04
8.93913e-04
7.95221e-04
6.38276e-04
4.09288e-04
1.01897e-04
-2.77800e-04
-7.08801e-04
-1.16334e-03
-1.67776e-03
-2.26667e-03
-2.88021e-03
-3.49084e-03
-4.05691e-03
-4.58458e-03
-4.96530e-03
-5.20470e-03
-5.34074e-03
-5.31829e-03
-5.12161e-03
-4.79928e-03
-4.33959e-03
-3.80248e-03
-3.19951e-03
-2.50481e-03
-1.73171e-03
-8.99598e-04
-3.95177e-06
9.37267e-04
1.84267e-03
2.69998e-03
3.47092e-03
4.09209e-03
4.50311e-03
4.78408e-03
4.91402e-03
4.92070e-03
4.75317e-03
4.49145e-03
4.20633e-03
3.87453e-03
3.51028e-03
3.11513e-03
2.67112e-03
2.26414e-03
1.88518e-03
1.52941e-03
1.23997e-03
9.98681e-04
8.41127e-04
6.95048e-04
5.52080e-04
3.99748e-04
2.47774e-04
8.87769e-05
-6.07571e-05
-2.16561e-04
-3.91403e-04
-5.86991e-04
-8.09491e-04
-1.00257e-03
-1.17191e-03
-1.28478e-03
-1.33730e-03
-1.36852e-03
-1.37923e-03
-1.30445e-03
-1.19089e-03
-1.06435e-03
-8.80678e-04
-6.48271e-04
-3.98378e-04
-1.73343e-04
3.47047e-06
1.28612e-04
2.03253e-04
2.40537e-04
2.04134e-04
1.13053e-04
1.36251e-05
-9.30636e-05
-2.13252e-04
-3.49040e-04
-5.01766e-04
-6.65858e-04
-8.32532e-04
-9.81019e-04
-1.09681e-03
-1.21021e-03
-1.32588e-03
-1.42123e-03
-1.52761e-03
-1.66837e-03
-1.82909e-03
-2.02313e-03
-2.22994e-03
-2.45996e-03
-2.67206e-03
-2.82799e-03
-2.95365e-03
-3.00098e-03
-2.93700e-03
-2.81567e-03
-2.61579e-03
-2.31167e-03
-1.92674e-03
-1.51072e-03
-1.04234e-03
-5.24285e-04
4.57784e-05
6.49644e-04
1.25561e-03
1.81852e-03
2.27577e-03
2.65191e-03
2.93547e-03
3.12807e-03
3.26214e-03
3.35543e-03
3.34680e-03
3.27214e-03
3.19093e-03
3.07152e-03
2.89965e-03
2.71199e-03
2.53824e-03
2.33258e-03
2.13049e-03
1.94505e-03
1.75696e-03
1.57420e-03
1.39110e-03
1.19309e-03
9.91720e-04
8.18751e-04
6.96776e-04
5.76141e-04
4.36211e-04
2.64781e-04
8.16162e-05
-8.12938e-05
-2.63463e-04
-4.68684e-04
-6.78445e-04
-8.84129e-04
-1.08680e-03
-1.28749e-03
-1.44523e-03
-1.57807e-03
-1.67563e-03
-1.72258e-03
-1.73091e-03
-1.72726e-03
-1.68800e-03
-1.61320e-03
-1.53945e-03
-1.45275e-03
-1.32267e-03
-1.15744e-03
-9.79610e-04
-8.14858e-04
-6.60256e-04
-5.14862e-04
-3.81569e-04
-2.71362e-04
-1.90640e-04
-1.20395e-04
-7.36854e-05
-6.47193e-05
-7.14262e-05
-6.70439e-05
-3.89756e-05
5.16357e-06
6.72123e-05
1.68249e-04
2.75868e-04
3.77740e-04
4.64696e-04
5.24746e-04
5.52311e-04
5.69601e-04
5.73209e-04
5.59183e-04
5.20489e-04
4.62656e-04
4.09385e-04
3.41117e-04
2.58810e-04
1.73731e-04
9.32203e-05
6.60943e-06
-7.22921e-05
-1.39493e-04
-1.97886e-04
-2.27398e-04
-2.29665e-04
-2.08787e-04
-1.70775e-04
-1.03391e-04
3.97438e-06
1.22842e-04
2.53206e-04
3.77610e-04
4.91434e-04
5.88928e-04
6.57092e-04
6.83050e-04
6.72588e-04
6.34727e-04
5.76924e-04
4.94897e-04
3.75846e-04
2.31781e-04
7.52978e-05
-8.73231e-05
-2.37834e-04
-3.76382e-04
-4.76652e-04
-5.55138e-04
-6.12787e-04
-6.36049e-04
-6.20726e-04
-5.78891e-04
-5.20108e-04
-4.59407e-04
-3.90079e-04
-3.18451e-04
-2.65501e-04
-2.26595e-04
-1.95061e-04
-1.66868e-04
-1.40256e-04
-1.15908e-04
-9.80241e-05
-8.97162e-05
-8.46981e-05
-8.74226e-05
-9.01200e-05
-8.60479e-05
-8.03524e-05
-7.22365e-05
-5.51449e-05
-3.52278e-05
-1.69632e-05
3.73829e-06
2.40887e-05
4.87632e-05
7.35268e-05
9.94337e-05
1.31271e-04
1.63412e-04
1.89200e-04
2.12402e-04
2.34344e-04
2.50195e-04
2.63717e-04
2.68635e-04
2.64514e-04
2.54137e-04
2.41351e-04
2.22493e-04
2.06130e-04
1.87925e-04
1.67527e-04
1.47154e-04
1.25416e-04
1.05596e-04
8.84193e-05
7.80934e-05
6.85477e-05
5.87005e-05
4.86483e-05
3.93449e-05
3.05959e-05
1.79942e-05
1.99239e-06
-1.52907e-05
-3.27252e-05
-5.26030e-05
-7.31633e-05
-9.30952e-05
-1.09432e-04
-1.22887e-04
-1.34522e-04
-1.44549e-04
-1.51165e-04
-1.53980e-04
-1.52791e-04
-1.46674e-04
-1.34046e-04
-1.18097e-04
-9.94716e-05
-7.95116e-05
-6.08041e-05
-4.19245e-05
-2.26333e-05
-8.54647e-06
5.58651e-07
8.65574e-06
1.32474e-05
1.56981e-05
1.71091e-05
1.70158e-05
1.70895e-05
1.68056e-05
1.67347e-05
1.63268e-05
1.63011e-05
1.63296e-05
1.74460e-05
1.92907e-05
2.14791e-05
2.36194e-05
2.54834e-05
2.67865e-05
2.73971e-05
2.71085e-05
2.58719e-05
2.35318e-05
2.02553e-05
1.64547e-05
1.19686e-05
7.42561e-06
3.16466e-06
-8.10930e-07
-4.11407e-06
-7.08392e-06
-9.80606e-06
-1.17452e-05
-1.28689e-05
-1.34646e-05
-1.33739e-05
-1.26181e-05
-1.17400e-05
-1.07092e-05
-9.52304e-06
-8.12904e-06
-6.77859e-06
-5.36260e-06
-3.69388e-06
-2.07220e-06
-5.41003e-07
1.00749e-06
2.72632e-06
4.43417e-06
5.93179e-06
7.17455e-06
8.08465e-06
8.60073e-06
8.92460e-06
8.98703e-06
8.79610e-06
8.39770e-06
7.73418e-06
6.93975e-06
6.03461e-06
5.05602e-06
4.10540e-06
3.24550e-06
2.46332e-06
1.79773e-06
1.26376e-06
8.13397e-07
4.63125e-07
2.28471e-07
9.72597e-08
2.75415e-08
6.33730e-11
3.37909e-09
1.45052e-08
2.61846e-08
3.70388e-08
4.55619e-08
4.95719e-08
5.37846e-08
5.79110e-08
6.81855e-08
8.41178e-08
1.04047e-07
1.27987e-07
1.53858e-07
1.81528e-07
2.10903e-07
2.41942e-07
2.73678e-07
3.05555e-07
3.37402e-07
3.68994e-07
3.99482e-07
4.28530e-07
4.55451e-07
4.79665e-07
5.00536e-07
5.17732e-07
5.30979e-07
5.40193e-07
5.45386e-07
