-7.58694e-04
-7.62773e-04
-7.66483e-04
-7.67453e-04
-7.63498e-04
-7.62912e-04
-7.98167e-04
-8.96525e-04
-9.67898e-04
-1.04380e-03
-1.10467e-03
-1.01491e-03
-9.82425e-04
-1.08370e-03
-1.03913e-03
-1.00935e-03
-5.82394e-04
1.07905e-03
1.36923e-03
-2.37466e-04
-9.72249e-04
-1.85625e-04
8.54588e-04
9.81730e-04
7.38436e-04
-2.21790e-03
-8.28184e-03
-1.11970e-02
-9.21818e-03
-1.95266e-03
-1.09381e-03
-5.99086e-03
-8.60934e-03
-1.01280e-02
-1.26737e-03
2.18645e-02
2.03668e-02
9.86046e-03
-2.04412e-03
-1.89994e-03
-2.20536e-04
-9.53641e-04
2.18762e-03
4.99569e-03
3.29050e-03
-4.65746e-03
-2.53441e-02
-3.07415e-02
-2.15886e-02
-1.71044e-02
-8.07189e-03
3.27937e-03
1.03939e-02
1.32526e-02
1.57940e-02
1.41953e-02
8.06783e-03
3.24533e-03
-2.94429e-03
1.00508e-03
2.35619e-03
-1.91436e-02
-3.03705e-02
-2.14321e-02
-1.74846e-02
-9.75811e-03
5.36156e-03
1.77301e-02
1.27401e-02
4.62907e-03
6.58304e-03
6.44843e-03
1.23757e-02
1.77544e-02
1.40755e-02
-1.39398e-02
-3.89166e-02
-2.88091e-02
-2.52852e-02
-1.62990e-02
8.27981e-03
3.37005e-02
3.16394e-02
3.22325e-02
4.01269e-02
4.23870e-02
3.65631e-02
3.19071e-02
1.42419e-02
-9.40427e-04
-5.39520e-03
-1.50906e-02
-1.82282e-02
-1.20801e-02
-9.35153e-03
4.34530e-03
2.59503e-02
3.42084e-02
4.22261e-02
4.69189e-02
4.54826e-02
2.84319e-02
-3.11760e-02
-4.04175e-02
-4.81988e-02
-7.13521e-02
-6.89772e-02
-6.85607e-02
-6.69853e-02
-6.53032e-03
3.71732e-02
3.29828e-02
4.39598e-02
4.78641e-02
4.13388e-02
4.60555e-02
4.80555e-02
3.21499e-02
-8.10235e-03
-6.35410e-02
-8.39641e-02
-9.08386e-02
-8.53518e-02
-6.05289e-02
2.79755e-03
1.98669e-02
2.80010e-02
7.80356e-02
1.02122e-01
1.16285e-01
1.48131e-01
1.32932e-01
1.16383e-01
4.90008e-02
-3.44853e-02
-8.33603e-02
-1.40070e-01
-1.73149e-01
-1.86044e-01
-1.93061e-01
-1.95168e-01
-1.94291e-01
-1.71285e-01
-1.18141e-01
-5.33931e-02
3.30953e-02
7.15930e-02
1.40258e-01
1.56767e-01
2.14368e-01
1.99864e-01
1.60693e-01
1.23487e-01
9.28029e-02
4.21802e-02
1.48179e-02
3.89249e-03
-3.48497e-02
-6.63618e-02
-1.09637e-01
-1.25683e-01
-9.10832e-02
-3.49723e-02
4.58252e-02
3.95765e-02
6.16765e-02
7.29586e-02
7.19670e-02
7.88415e-02
7.43347e-02
5.63770e-02
4.74805e-02
3.71765e-02
2.47115e-02
1.58112e-02
-2.33453e-02
-6.08148e-02
-6.13512e-02
-6.28594e-02
-6.35537e-02
-5.09016e-02
-1.06106e-02
2.27557e-03
8.35858e-03
1.29033e-02
9.98487e-03
3.87049e-03
-1.95217e-03
8.45233e-03
2.13565e-02
2.55282e-02
2.67254e-02
3.62905e-02
4.29445e-02
5.15179e-02
5.78953e-02
5.54639e-02
4.50677e-02
1.31290e-02
8.64255e-04
5.64654e-03
-9.86573e-04
7.72227e-03
1.54265e-02
-7.13717e-03
-3.77215e-02
-7.18013e-02
-1.06058e-01
-1.04451e-01
-1.08303e-01
-1.19411e-01
-1.23612e-01
-1.26688e-01
-1.25968e-01
-8.63431e-02
2.02231e-02
6.33401e-02
4.44795e-02
9.67328e-02
1.42089e-01
1.35250e-01
1.22259e-01
6.72060e-02
9.10064e-03
-1.10523e-02
-1.68650e-02
-2.63965e-02
-5.71967e-02
-9.02225e-02
-1.15185e-01
-1.28657e-01
-1.23750e-01
-1.27073e-01
-8.32719e-02
-2.29298e-03
2.59997e-02
4.67229e-02
8.35353e-02
8.11330e-02
7.84115e-02
7.32415e-02
2.94454e-02
-2.24953e-03
8.19822e-03
-3.94960e-04
-7.51062e-03
-3.07866e-03
1.88255e-03
1.06878e-02
1.36175e-02
4.42819e-03
-1.38823e-02
-6.89500e-02
-7.36789e-02
-6.50130e-02
-8.84500e-02
-9.18303e-02
-7.80572e-02
-4.85490e-02
-1.81256e-02
1.23590e-03
3.35738e-02
3.40581e-02
4.61567e-02
6.99162e-02
7.64261e-02
8.12122e-02
8.90333e-02
9.87187e-02
1.04197e-01
1.10354e-01
1.14664e-01
1.14368e-01
1.01879e-01
3.53969e-02
-3.38418e-02
-2.83808e-02
-5.13305e-02
-6.49662e-02
-4.92614e-02
-2.79385e-02
-2.67024e-02
-1.57500e-02
-5.73587e-03
2.11566e-03
1.36353e-02
3.78755e-02
5.29737e-02
4.60374e-02
4.43670e-02
3.14524e-02
4.22536e-03
-2.07188e-02
-4.23059e-02
-5.25472e-02
-5.47107e-02
-5.50521e-02
-3.94268e-02
-3.50034e-03
1.87390e-03
-1.08442e-02
-5.13433e-03
-9.10252e-04
7.72283e-04
1.21975e-02
1.54954e-02
1.22667e-02
1.09500e-02
-2.03208e-02
-5.23380e-02
-6.52902e-02
-6.99822e-02
-5.66680e-02
-1.25127e-02
2.93551e-02
3.54884e-02
3.40265e-02
3.43841e-02
3.26008e-02
2.80879e-02
2.36954e-02
1.72682e-02
1.45837e-02
1.64690e-02
2.54939e-02
2.84158e-02
1.97317e-02
-5.33062e-04
-3.11962e-02
-3.87064e-02
-5.34466e-02
-6.15499e-02
-6.14760e-02
-6.31822e-02
-6.41719e-02
-6.43261e-02
-6.43431e-02
-6.14227e-02
-4.53313e-02
-5.39380e-03
2.34059e-02
5.25244e-02
7.83490e-02
8.44061e-02
8.16468e-02
7.60514e-02
-1.17962e-02
-4.19368e-02
-1.75660e-02
-4.28676e-02
-4.81918e-02
-4.40274e-02
-4.66435e-02
-4.22545e-02
-4.00904e-02
-4.64442e-02
-4.93956e-02
-4.01084e-02
-1.09730e-02
4.83488e-02
6.36188e-02
8.75696e-02
9.24197e-02
9.34758e-02
7.42130e-02
2.67495e-02
-1.08320e-02
-1.55223e-02
-1.59437e-02
-1.57627e-02
2.21540e-03
3.47364e-02
3.05046e-02
3.71738e-02
4.97577e-02
4.79338e-02
3.34940e-02
2.15916e-02
8.40493e-03
-7.90884e-03
-2.54590e-02
-4.98766e-02
-5.79612e-02
-5.27170e-02
-5.04790e-02
-4.39489e-02
-2.68125e-02
-1.15439e-02
-6.23518e-03
3.15617e-03
1.62447e-02
4.00770e-02
5.42315e-02
7.17018e-02
7.78570e-02
6.92821e-02
4.12042e-02
-1.11283e-02
-1.13175e-02
-2.12245e-02
-3.44830e-02
-3.71779e-02
-5.00994e-02
-6.08977e-02
-6.14750e-02
-5.88011e-02
-4.61436e-02
-1.13388e-02
-7.30376e-03
-2.03487e-02
-1.55967e-02
-1.79441e-02
-2.27139e-02
-2.27496e-02
-1.68708e-02
-1.40072e-02
-9.10165e-03
-2.22070e-03
6.27356e-03
2.69057e-02
4.95028e-02
4.95184e-02
6.07781e-02
6.42077e-02
5.47027e-02
4.04164e-02
2.04843e-02
8.11335e-03
-2.53889e-02
-4.92871e-02
-5.55171e-02
-5.49217e-02
-4.80549e-02
-4.37196e-02
-3.40563e-02
-9.40276e-03
1.36411e-02
2.27685e-02
3.35474e-02
4.29488e-02
4.71078e-02
5.45290e-02
5.72950e-02
5.23701e-02
4.49395e-02
2.59763e-02
8.26369e-03
-2.76853e-03
-2.61552e-02
-3.42811e-02
-4.42829e-02
-4.94711e-02
-4.42764e-02
-4.01489e-02
-3.76922e-02
-3.61543e-02
-3.73171e-02
-3.98479e-02
-3.90822e-02
-3.91232e-02
-2.84468e-02
9.11837e-03
1.20749e-02
2.15050e-02
3.42343e-02
3.45558e-02
4.08596e-02
4.81216e-02
5.71115e-02
5.40955e-02
3.31708e-02
2.44696e-02
3.44172e-02
3.35402e-02
3.23512e-02
1.92036e-02
-1.66779e-02
-3.46848e-02
-3.81539e-02
-4.42931e-02
-4.80254e-02
-4.52312e-02
-3.29466e-02
-1.50013e-02
6.83903e-03
2.28219e-02
2.14710e-02
2.31057e-02
2.54592e-02
2.82002e-02
3.57667e-02
3.87527e-02
3.21392e-02
1.04491e-02
-1.62549e-02
-1.99088e-02
-1.31069e-02
-1.03662e-02
1.20264e-03
3.66700e-03
-7.02983e-03
-1.43476e-02
-2.47921e-02
-3.96450e-02
-2.87939e-02
-2.05432e-02
-9.84652e-03
4.80277e-03
1.37984e-02
1.86385e-02
2.24527e-02
2.22477e-02
1.79076e-02
1.64698e-02
9.34766e-03
-1.16982e-03
-6.02630e-03
2.02493e-04
5.34925e-03
-1.49058e-02
-4.61347e-02
-4.68428e-02
-4.18850e-02
-3.88746e-02
-2.08116e-03
2.65022e-02
2.40558e-02
3.68974e-02
6.20002e-02
6.28044e-02
5.84526e-02
4.73476e-02
1.39693e-02
-2.45452e-03
-1.48164e-02
-1.57568e-02
-5.94294e-03
-1.96231e-03
9.58778e-03
2.02679e-02
7.20733e-03
1.25007e-03
-1.58553e-02
-3.29461e-02
-3.48561e-02
-3.47261e-02
-2.46629e-02
5.85518e-03
1.56010e-02
1.15231e-02
1.12210e-02
-9.48280e-04
-3.28161e-02
-3.40335e-02
-2.34394e-02
-2.60997e-02
-2.64201e-02
-2.32155e-02
-2.37695e-02
-2.63429e-02
-2.69883e-02
-2.80937e-02
-2.07289e-02
-2.38599e-03
1.49847e-02
3.04582e-02
3.88313e-02
3.57576e-02
2.46301e-02
-2.75787e-03
-2.96326e-02
-3.94187e-02
-4.37663e-02
-4.72544e-02
-4.64375e-02
-3.86979e-02
-3.40720e-02
-1.64304e-02
1.22943e-02
2.12583e-02
3.06251e-02
3.79835e-02
3.95038e-02
4.02556e-02
3.44556e-02
2.76875e-02
1.74498e-02
1.05494e-03
-1.87883e-02
-3.11413e-02
-3.86022e-02
-3.96424e-02
-3.65299e-02
-2.78108e-02
-7.09652e-03
2.54065e-02
3.31589e-02
3.91927e-02
4.75480e-02
4.87116e-02
4.20218e-02
3.80179e-02
3.49326e-02
2.76863e-02
1.45068e-02
-6.75298e-03
-6.24648e-03
-3.80067e-03
-2.60858e-03
3.30791e-03
7.10548e-03
1.01631e-02
8.58891e-03
2.99618e-03
4.10146e-03
6.37005e-03
7.02678e-03
1.20646e-03
-6.29829e-03
-1.50369e-02
-1.68863e-02
-2.21419e-02
-2.76989e-02
-3.43912e-02
-3.74397e-02
-3.30931e-02
-2.91651e-02
-1.54196e-02
-8.01030e-03
1.19898e-02
2.66021e-02
3.00610e-02
4.08736e-02
4.45666e-02
4.81893e-02
4.31925e-02
3.04638e-02
1.87409e-02
3.65854e-03
-5.53705e-03
-3.02825e-02
-5.21742e-02
-4.16105e-02
-4.38868e-02
-3.98188e-02
-2.73022e-02
-1.04000e-02
-1.00136e-02
-3.73586e-03
1.08160e-02
1.75944e-02
1.69265e-02
2.40510e-02
2.69668e-02
1.67608e-02
6.39499e-03
-3.08530e-04
-1.40831e-04
-4.29077e-03
-8.06140e-03
-9.63991e-03
-1.16699e-02
-1.35961e-02
-1.40753e-02
-8.67709e-03
-4.82117e-03
-3.48591e-03
-3.07145e-03
-4.61330e-03
-5.08135e-03
-5.21885e-04
7.84646e-03
1.77140e-02
2.05798e-02
2.28870e-02
2.75153e-02
2.09375e-02
7.68212e-03
-9.29247e-04
-2.74013e-03
-6.10670e-03
-1.05513e-02
-1.37379e-02
-1.92218e-02
-2.11477e-02
-2.11329e-02
-2.07759e-02
-1.77485e-02
-7.50342e-03
1.18883e-02
2.00091e-02
2.43055e-02
2.67070e-02
2.24414e-02
1.54020e-02
1.07727e-02
2.04892e-02
2.09075e-02
1.73353e-02
9.55090e-03
-7.44629e-03
-7.04775e-03
-1.01573e-02
-1.99481e-02
-2.86791e-02
-3.16012e-02
-2.97307e-02
-2.51487e-02
-1.98606e-02
-1.32751e-02
-6.89547e-03
4.39115e-03
1.27625e-02
1.38600e-02
1.47874e-02
1.14980e-02
8.05517e-03
1.32250e-03
-1.30510e-02
-1.37318e-02
-1.13527e-02
-7.22181e-03
1.91763e-03
7.92272e-03
4.98170e-03
-5.25408e-03
-2.45143e-02
-3.24673e-02
-2.51444e-02
-2.06279e-02
-9.93271e-03
6.91033e-03
1.22869e-02
2.21856e-02
2.44670e-02
2.43308e-02
2.50995e-02
2.04878e-02
1.47124e-02
8.02470e-03
2.24932e-03
9.55447e-03
1.23307e-02
7.59821e-04
-6.11333e-03
-9.37589e-03
-7.92279e-03
-3.04452e-03
-7.87589e-04
3.70326e-03
7.74618e-03
2.61361e-02
4.04268e-02
4.05413e-02
3.44684e-02
1.54222e-02
5.85946e-04
-9.94287e-03
-1.87951e-02
-1.68184e-02
-1.62591e-02
-1.30940e-02
9.74142e-04
1.63733e-02
1.63688e-02
5.58935e-03
-7.50008e-03
-1.58676e-02
-1.30376e-02
-1.18795e-02
-7.50549e-03
-8.90566e-04
3.53227e-03
8.74312e-03
4.88025e-03
-3.44206e-04
-2.73537e-03
-6.54571e-03
-8.89586e-03
-8.91034e-03
-8.27538e-03
-7.11669e-03
-4.73422e-03
7.44293e-05
1.58824e-03
-1.85858e-03
-3.77389e-03
-3.08304e-03
-1.86550e-03
5.57318e-05
-3.36721e-03
-9.66210e-03
-1.15289e-02
-1.49212e-02
-1.94353e-02
-2.21415e-02
-2.14153e-02
-1.78885e-02
-9.14668e-03
1.57490e-03
5.84102e-03
9.76369e-03
1.25707e-02
8.45306e-03
4.54328e-03
-7.07961e-03
-2.30613e-02
-2.28141e-02
-2.39238e-02
-2.53544e-02
-2.41006e-02
-1.93794e-02
-7.61156e-03
5.09884e-03
1.62253e-02
3.28805e-02
3.92901e-02
4.28179e-02
4.98732e-02
4.54746e-02
3.72727e-02
2.68116e-02
1.94114e-03
-9.94626e-03
-1.29308e-02
-1.39940e-02
-1.53585e-02
-1.90694e-02
-1.98399e-02
-1.59668e-02
-9.88239e-03
-6.69615e-03
1.34888e-04
7.13775e-03
1.53550e-02
2.58806e-02
2.74183e-02
2.27243e-02
1.71372e-02
1.29021e-02
4.40625e-03
-1.23640e-02
-2.46454e-02
-2.51690e-02
-2.26597e-02
-1.13272e-02
1.29182e-03
-1.28230e-03
5.42179e-04
2.59861e-03
1.82167e-03
8.49283e-03
1.90220e-02
3.03871e-02
2.95756e-02
2.01780e-02
6.50617e-03
-5.35212e-03
-5.61405e-03
-1.08737e-02
-1.56706e-02
-1.76991e-02
-1.98948e-02
-1.83349e-02
-1.38489e-02
-1.25435e-02
-1.04719e-02
-7.74707e-03
-5.50719e-03
-2.71634e-03
9.88071e-04
5.75847e-03
7.52497e-03
4.18046e-03
5.54791e-03
8.63897e-03
8.82487e-03
6.58340e-03
-1.27320e-03
-1.46461e-02
-1.54743e-02
-1.02046e-02
-1.00886e-03
9.77182e-03
1.30993e-02
9.55612e-03
4.32160e-03
-7.54586e-03
-8.48645e-03
-5.34821e-03
1.60746e-03
1.35499e-02
2.16507e-02
1.70997e-02
1.30003e-02
3.49896e-03
-5.04407e-03
-4.35827e-03
-4.20895e-03
-3.32261e-03
-1.94259e-03
-9.02262e-04
-3.51436e-03
-5.73974e-03
-6.07144e-03
-6.98032e-03
-8.13129e-03
-6.49490e-03
-4.72900e-03
-2.92774e-03
1.57358e-03
8.76558e-03
1.00786e-02
9.29424e-03
9.04692e-03
6.54717e-03
5.04898e-03
2.63594e-03
-5.71256e-03
-1.70040e-02
-1.90310e-02
-2.17220e-02
-2.29227e-02
-1.67128e-02
-1.20478e-02
-4.39161e-03
1.55810e-03
9.47185e-03
1.90992e-02
2.21536e-02
2.40953e-02
2.15603e-02
1.66856e-02
1.11303e-02
-7.13987e-03
-1.71535e-02
-1.13689e-02
-1.22331e-02
-1.04239e-02
-6.39276e-03
-8.45457e-03
-3.95001e-03
5.06224e-03
1.71191e-02
2.11392e-02
1.91013e-02
1.83945e-02
1.90477e-02
1.63178e-02
1.34172e-02
7.01785e-03
-4.90362e-03
-1.43272e-02
-2.15884e-02
-2.65413e-02
-2.69702e-02
-2.14692e-02
-1.29796e-02
-7.97151e-03
9.33789e-04
9.70866e-03
1.89205e-02
2.98880e-02
3.11572e-02
2.46606e-02
1.97334e-02
7.25175e-03
3.06406e-04
-4.21629e-03
-1.09908e-02
-1.51522e-02
-1.99727e-02
-2.95178e-02
-3.17143e-02
-3.13428e-02
-2.44109e-02
-1.35545e-02
4.23710e-03
1.19971e-02
6.59558e-03
1.35102e-02
2.05868e-02
3.08999e-02
3.39361e-02
2.44636e-02
1.06805e-02
-9.62078e-03
-3.25931e-02
-3.94757e-02
-3.51796e-02
-2.86250e-02
-1.88223e-02
-1.04471e-02
-1.21048e-03
5.84509e-03
5.86516e-03
8.24402e-03
1.31551e-02
1.75725e-02
1.84650e-02
2.01639e-02
1.90866e-02
1.37045e-02
8.82541e-03
-4.88570e-03
-1.66715e-02
-1.81476e-02
-2.12853e-02
-2.32886e-02
-1.70361e-02
-1.19532e-02
-5.30577e-03
5.07263e-03
1.29985e-02
1.82845e-02
2.03581e-02
2.28963e-02
2.74613e-02
3.01506e-02
2.42043e-02
1.31362e-02
2.40889e-03
-1.84524e-02
-2.79590e-02
-3.13809e-02
-3.61584e-02
-3.87047e-02
-4.13535e-02
-3.96275e-02
-3.19335e-02
-1.80299e-02
4.68843e-03
1.90777e-02
3.12930e-02
4.17869e-02
3.81646e-02
3.49087e-02
3.43483e-02
2.87710e-02
1.56212e-02
-9.53464e-03
-2.85180e-02
-3.13151e-02
-3.40614e-02
-3.02892e-02
-1.75682e-02
2.29772e-03
2.70013e-03
9.21618e-03
1.58107e-02
1.75378e-02
2.16259e-02
1.92315e-02
1.00945e-02
-2.60153e-03
-9.26747e-03
-1.25095e-02
-1.29972e-02
-8.51324e-03
-3.54734e-03
2.36313e-03
3.68308e-03
-4.26920e-03
-4.69388e-03
-5.88179e-03
-3.26649e-03
5.12239e-04
-1.45662e-03
-6.05489e-03
-8.83814e-03
-1.32882e-02
-1.47751e-02
-1.10856e-02
-7.37558e-03
2.04629e-04
8.08237e-03
1.12380e-02
1.49352e-02
1.86600e-02
2.20614e-02
2.12529e-02
1.29619e-02
2.29286e-03
-3.10928e-03
-7.04790e-03
-9.52994e-03
-4.85941e-03
-2.50860e-03
-3.75588e-03
-8.50717e-03
-1.13121e-02
-1.44567e-02
-1.05912e-02
-6.87431e-03
-6.24396e-03
-1.72822e-03
5.10411e-03
1.13981e-02
1.82979e-02
2.26381e-02
2.52106e-02
2.69204e-02
2.46435e-02
2.28799e-02
1.72564e-02
2.10039e-03
-1.02355e-02
-1.77293e-02
-3.10985e-02
-3.40869e-02
-3.60583e-02
-3.55881e-02
-3.04830e-02
-1.73493e-02
-3.97621e-03
5.75155e-03
1.37860e-02
2.70944e-02
3.73014e-02
3.18442e-02
2.78280e-02
2.01834e-02
8.43259e-03
4.08890e-03
-2.83581e-03
-8.19009e-03
-5.85040e-03
-7.53918e-03
-1.33325e-02
-1.62021e-02
-1.79960e-02
-1.60828e-02
-8.93652e-03
-4.19800e-03
-1.65211e-03
-1.62005e-03
-1.92962e-03
-7.30039e-04
9.59467e-04
2.14732e-03
3.74180e-03
5.20704e-03
3.78560e-03
2.26338e-03
1.77018e-03
2.15562e-03
2.84125e-03
1.87906e-03
-8.33407e-04
-2.79262e-03
-4.77514e-03
-5.88745e-03
-4.47315e-03
-2.38146e-03
-1.29747e-03
6.44073e-04
3.85196e-03
8.22779e-03
1.20457e-02
1.55875e-02
1.49255e-02
1.01609e-02
7.17796e-03
2.49161e-03
-1.13015e-03
-4.08067e-03
-7.08903e-03
-8.28330e-03
-8.83047e-03
-9.61894e-03
-1.10281e-02
-1.19248e-02
-1.08908e-02
-9.59167e-03
-6.30668e-03
1.75769e-03
1.48622e-02
1.80409e-02
1.75965e-02
1.28228e-02
3.76312e-03
-1.30891e-02
-2.14324e-02
-1.79811e-02
-1.37003e-02
-1.18049e-02
-9.74872e-03
-8.36788e-03
-7.05294e-03
-4.93680e-03
-1.97799e-03
4.62396e-03
1.23948e-02
1.99973e-02
3.07584e-02
3.08670e-02
2.48190e-02
2.14306e-02
1.56316e-02
1.24501e-03
-9.36868e-03
-1.81084e-02
-2.88416e-02
-3.64660e-02
-4.19359e-02
-3.94562e-02
-2.72543e-02
-2.33253e-02
-1.09836e-02
1.60649e-03
6.89258e-03
1.38407e-02
2.14253e-02
3.02000e-02
3.64601e-02
3.66766e-02
3.02972e-02
2.18902e-02
3.44734e-03
-7.26031e-04
-6.78958e-03
-1.64689e-02
-2.01679e-02
-2.15080e-02
-2.40457e-02
-1.82531e-02
-1.25724e-02
-9.01063e-03
8.45710e-04
6.55060e-03
6.23916e-03
7.18531e-03
7.32493e-03
7.20715e-03
9.72781e-03
1.53022e-02
1.67023e-02
1.36742e-02
1.47538e-02
1.49482e-02
1.23765e-02
9.85746e-03
6.57383e-03
2.61806e-03
4.65029e-04
-2.00643e-03
-5.29331e-03
-7.92918e-03
-1.01224e-02
-1.24040e-02
-1.48191e-02
-1.53295e-02
-9.43437e-03
-5.50126e-04
1.22698e-02
1.62065e-02
1.61895e-02
1.61718e-02
1.14656e-02
7.89690e-03
-4.41743e-04
-6.23815e-03
-8.70020e-03
-1.07098e-02
-1.07755e-02
-1.21695e-02
-1.10598e-02
-7.27463e-03
-5.72008e-03
-2.53144e-03
5.28715e-03
8.88223e-03
1.07457e-02
1.56536e-02
1.57987e-02
9.73496e-03
5.74857e-03
-6.25897e-03
-1.20878e-02
-1.29090e-02
-1.47666e-02
-1.55553e-02
-1.23463e-02
-9.96131e-03
-3.97782e-03
2.37106e-03
5.47261e-03
9.23341e-03
1.03755e-02
7.19139e-03
5.08555e-03
3.81907e-03
1.33204e-03
-8.67793e-04
-2.12687e-03
-1.33119e-03
-7.69088e-04
-1.17578e-03
-3.42869e-03
-5.39545e-03
-6.53386e-03
-8.42912e-03
-9.53906e-03
-5.21269e-03
-1.92935e-03
5.31921e-03
1.44424e-02
1.83886e-02
2.32952e-02
2.67888e-02
2.81327e-02
2.39820e-02
2.10307e-02
1.61181e-02
5.09426e-03
-4.23068e-03
-1.36490e-02
-1.69417e-02
-2.04814e-02
-2.48213e-02
-2.22026e-02
-1.72188e-02
-1.47369e-02
-5.31611e-03
1.54168e-03
5.27582e-03
7.31453e-03
8.11974e-03
8.78599e-03
4.26732e-03
-8.61097e-04
-3.25440e-03
-3.93762e-03
-4.54926e-03
-6.09181e-03
-6.38479e-03
-6.21306e-03
-6.49523e-03
-4.40290e-03
-5.60243e-04
4.37581e-03
9.11233e-03
1.40837e-02
1.35679e-02
1.40197e-02
1.26921e-02
9.31905e-03
3.20288e-03
-4.18014e-03
-9.94513e-03
-1.43497e-02
-1.74118e-02
-1.69488e-02
-1.26497e-02
-9.81428e-03
-7.02200e-03
-8.49697e-04
4.36631e-03
9.37545e-03
1.18542e-02
1.10778e-02
1.35560e-02
1.61265e-02
1.74888e-02
1.66212e-02
1.28184e-02
1.12027e-02
6.54293e-03
1.83335e-03
1.63140e-03
-1.03292e-03
-2.75929e-03
-2.62685e-03
-3.88150e-03
-4.80366e-03
-4.94758e-03
-4.77092e-03
-7.84959e-03
-1.32515e-02
-1.54193e-02
-1.80019e-02
-1.73279e-02
-1.21029e-02
-7.89602e-03
-1.69568e-03
2.86622e-03
2.85521e-03
-1.76307e-03
-2.47772e-03
-3.78729e-03
-6.07904e-03
-2.86622e-03
2.97508e-03
5.18638e-03
9.66473e-03
1.49821e-02
1.20915e-02
3.71650e-03
1.39418e-03
-9.14216e-03
-1.54376e-02
-1.44144e-02
-1.51648e-02
-1.13987e-02
-9.52758e-03
-7.41167e-03
7.19148e-06
1.35558e-02
2.16756e-02
2.74355e-02
2.88976e-02
2.91580e-02
3.10333e-02
2.95743e-02
2.43696e-02
1.72480e-02
1.99095e-04
-1.08467e-02
-1.75201e-02
-2.45812e-02
-2.74835e-02
-2.87905e-02
-2.23121e-02
-1.82565e-02
-1.22146e-02
-2.85285e-03
4.00352e-03
1.17045e-02
2.01488e-02
2.04174e-02
1.34828e-02
9.46266e-03
-1.31159e-04
-7.80141e-03
-7.59382e-03
-9.72128e-03
-1.25912e-02
-1.10264e-02
-7.29985e-03
-5.80576e-03
-3.28251e-03
-4.85909e-04
5.78624e-04
2.14761e-03
2.62479e-03
2.14407e-04
-5.97957e-04
-1.43305e-03
-2.36472e-03
1.96104e-03
5.03391e-03
7.98262e-03
1.25209e-02
9.68680e-03
5.52934e-03
6.52260e-03
6.64130e-03
8.14041e-03
5.49387e-03
1.35896e-03
-4.56613e-03
-1.22138e-02
-1.79517e-02
-2.30566e-02
-2.43425e-02
-2.30749e-02
-1.82502e-02
-1.49718e-02
-1.02272e-02
-1.19573e-03
7.49448e-03
1.16404e-02
1.35801e-02
1.06566e-02
8.95339e-03
5.53137e-03
-3.97625e-03
-9.95520e-03
-1.58321e-02
-2.31962e-02
-2.71122e-02
-3.09135e-02
-3.30709e-02
-2.63871e-02
-1.19638e-02
-6.35367e-04
5.87626e-03
1.31220e-02
1.96198e-02
2.62299e-02
3.23251e-02
2.96988e-02
2.28055e-02
2.16672e-02
1.55310e-02
8.41750e-03
2.75330e-03
-3.48033e-03
-9.20761e-03
-1.06145e-02
-1.06993e-02
-7.72319e-03
-4.49926e-03
5.72777e-03
1.29986e-02
1.47180e-02
1.99518e-02
2.30791e-02
1.93082e-02
1.39566e-02
7.65243e-03
4.06448e-04
-5.91220e-04
-2.47844e-03
-4.72609e-03
-7.88846e-03
-1.24374e-02
-1.54789e-02
-1.92178e-02
-1.85846e-02
-1.11740e-02
-4.01740e-03
2.39658e-03
3.55376e-03
4.29573e-03
6.88896e-03
7.10874e-03
6.74679e-03
6.89071e-03
2.87294e-03
-2.38542e-04
-2.30612e-03
-5.72641e-03
-7.67609e-03
-5.05969e-03
-4.30843e-03
-4.19413e-03
-4.36435e-03
-6.51340e-03
-7.23188e-03
-7.85556e-03
-5.52780e-03
-3.26835e-03
-2.20847e-03
-8.99894e-04
-1.67012e-03
-1.74082e-03
-9.11130e-04
3.05308e-03
6.14740e-03
8.43110e-03
1.11802e-02
6.71625e-03
1.63819e-03
2.11710e-04
-3.04280e-03
-5.51161e-03
-2.27005e-03
-1.14141e-03
-1.33098e-03
3.15398e-04
5.80019e-04
-1.15880e-03
-1.54629e-03
-2.08646e-03
-2.80968e-03
-2.76298e-03
-2.46173e-03
-1.42602e-03
-6.82378e-04
9.21457e-04
2.51175e-03
2.57127e-03
1.87796e-03
2.40052e-03
4.15456e-03
6.13841e-03
7.40440e-03
7.54869e-03
3.94468e-03
2.04199e-03
4.89071e-04
-2.30357e-03
-4.44001e-03
-6.19117e-03
-8.32923e-03
-1.03339e-02
-9.15472e-03
-5.43827e-03
-5.04420e-03
-4.13847e-03
-1.26827e-03
3.34023e-03
1.03379e-02
1.65820e-02
2.12906e-02
1.95794e-02
1.23123e-02
6.69256e-03
-7.11649e-03
-1.31946e-02
-1.18624e-02
-1.57727e-02
-1.43164e-02
-8.88377e-03
-7.33546e-03
-4.12185e-03
-1.54357e-04
2.44979e-03
4.80414e-03
7.67311e-03
9.14635e-03
8.28838e-03
5.71195e-03
4.40113e-03
2.68618e-03
-4.46200e-04
-3.62110e-03
-7.73902e-03
-1.14491e-02
-1.37987e-02
-1.62869e-02
-1.62733e-02
-1.35681e-02
-1.12250e-02
-9.57107e-03
-7.20921e-03
-4.98019e-03
-3.77119e-03
-2.24670e-03
3.52253e-04
3.37562e-03
5.71316e-03
8.39244e-03
1.01137e-02
8.43768e-03
6.97110e-03
6.17260e-03
2.71255e-03
2.28554e-04
-1.51405e-03
-4.12770e-03
-5.67274e-03
-7.09930e-03
-8.07086e-03
-7.98964e-03
-6.17152e-03
-4.00688e-03
-2.40378e-03
9.26972e-04
2.32533e-03
1.96847e-03
3.52643e-03
4.37257e-03
4.81663e-03
6.35221e-03
8.13621e-03
9.54931e-03
9.26030e-03
6.87448e-03
6.17968e-03
4.62543e-03
2.30770e-03
6.81444e-04
-1.01021e-03
-2.51177e-03
-1.44061e-03
-6.74520e-04
-9.88054e-04
-2.64464e-03
-4.49232e-03
-5.39699e-03
-6.54819e-03
-3.20287e-03
1.67460e-03
3.90462e-03
8.31796e-03
1.27849e-02
1.28507e-02
1.07455e-02
8.72117e-03
6.92613e-03
4.54795e-03
2.45953e-03
9.66716e-04
4.05278e-04
1.89069e-04
-2.48027e-03
-5.27528e-03
-6.87181e-03
-8.62530e-03
-9.49476e-03
-7.56701e-03
-6.63941e-03
-5.16706e-03
-1.63580e-03
8.26441e-05
9.13670e-04
2.72961e-03
2.83765e-03
2.56510e-03
4.09180e-03
5.90151e-03
6.77598e-03
8.07855e-03
7.36738e-03
5.29975e-03
4.86327e-03
3.69839e-03
2.10785e-03
6.46115e-04
-2.64400e-03
-4.02184e-03
-3.64670e-03
-4.04273e-03
-2.39478e-03
-1.55325e-03
-2.41801e-03
-3.17572e-03
-3.26131e-03
-3.43630e-03
-1.84697e-03
-7.54565e-04
4.38451e-04
5.44061e-03
8.71079e-03
9.52088e-03
1.20528e-02
1.07823e-02
7.78497e-03
7.22012e-03
4.46912e-03
8.26859e-04
-1.39749e-03
-1.97773e-03
-2.15948e-03
-1.91192e-03
6.19838e-04
2.67974e-03
6.52613e-03
1.01133e-02
8.76453e-03
4.16414e-03
3.53885e-03
1.49673e-03
-9.49055e-04
-1.70223e-03
-1.59136e-03
-2.40649e-03
-2.88209e-03
-3.07830e-03
-3.21593e-03
-2.26357e-03
-1.66040e-03
-1.26634e-03
-4.90545e-04
4.18964e-04
1.33513e-03
2.18124e-03
1.98959e-03
2.45785e-05
-8.23226e-04
-1.75587e-03
-3.81904e-03
-6.51991e-03
-8.07246e-03
-9.12511e-03
-9.57053e-03
-6.51588e-03
-4.86190e-03
-3.41822e-03
-2.24289e-03
-3.94892e-03
-3.87764e-03
-6.70747e-04
1.85121e-03
3.16282e-03
3.93660e-03
4.25789e-03
1.72050e-03
-9.79263e-05
-1.82283e-03
-4.75859e-03
-6.49667e-03
-7.31213e-03
-5.01612e-03
-2.17641e-03
-1.20852e-03
3.87858e-04
1.18779e-03
2.01567e-03
3.08986e-03
4.25990e-03
6.13013e-03
7.64612e-03
9.11009e-03
1.04044e-02
7.88205e-03
4.87855e-03
1.66600e-03
-2.56976e-03
-5.19822e-03
-5.84565e-03
-4.69883e-03
-4.76020e-03
-4.56711e-03
-3.72886e-03
-3.41550e-03
-4.78613e-03
-6.14550e-03
-6.68993e-03
-4.62381e-03
-8.78499e-04
7.48205e-04
3.39358e-03
5.88513e-03
1.94246e-03
-2.16991e-03
-3.30769e-03
-4.51559e-03
-5.52591e-03
-5.38405e-03
-5.70030e-03
-5.96954e-03
-5.95810e-03
-6.09101e-03
-6.01948e-03
-3.92582e-03
-1.74504e-03
3.82904e-05
2.88085e-03
2.90815e-03
3.84366e-03
5.44469e-03
6.24579e-03
6.58293e-03
2.93137e-03
4.23233e-04
-8.18654e-04
-3.43012e-03
-1.93312e-03
1.93821e-03
2.47926e-03
4.04915e-03
6.52909e-03
8.20855e-03
8.02079e-03
6.32227e-03
6.28823e-03
5.60047e-03
4.46989e-03
3.56792e-03
2.35041e-03
1.23932e-03
1.58522e-04
-9.80801e-04
-1.45136e-03
-1.57676e-03
-2.17478e-03
-2.54650e-03
-2.52500e-03
-6.39963e-04
7.23304e-04
1.62937e-03
3.19947e-03
4.18116e-03
1.62837e-03
-3.80826e-04
-1.28952e-03
-3.39672e-03
-4.36408e-03
-3.88219e-03
-4.56930e-03
-4.98547e-03
-5.00440e-03
-5.29626e-03
-4.31085e-03
-1.24403e-03
4.86351e-04
2.62295e-03
6.09477e-03
8.89288e-03
1.05950e-02
1.09780e-02
8.80218e-03
6.78903e-03
5.05063e-03
-1.28071e-03
-6.41196e-03
-9.26833e-03
-1.28786e-02
-1.35474e-02
-1.24950e-02
-1.10220e-02
-9.46625e-03
-6.88674e-03
-3.50889e-03
-9.22359e-04
3.77653e-03
1.07678e-02
1.44691e-02
1.61812e-02
1.42380e-02
8.67959e-03
6.59020e-03
2.81790e-03
-1.88474e-03
-4.04550e-03
-4.68643e-03
-6.97251e-03
-8.28130e-03
-5.82152e-03
-4.16582e-03
-3.52172e-03
-1.80153e-03
-1.18172e-03
-5.60938e-04
4.85812e-04
1.17319e-03
1.89058e-03
2.69981e-03
1.95907e-03
-2.67370e-05
-6.17014e-04
-1.29627e-03
-2.07552e-03
-1.76340e-03
-1.51041e-03
-1.61303e-03
-1.36862e-03
-1.15093e-03
-1.02179e-03
-8.32833e-04
-6.51211e-04
-4.84253e-04
-3.05754e-04
3.08487e-05
7.40209e-04
1.26716e-03
1.76617e-03
1.17836e-03
-4.78065e-04
-1.07446e-03
-2.10629e-03
-2.99811e-03
-2.66968e-03
-2.88683e-03
-2.91188e-03
-1.87834e-03
-1.32466e-03
-7.96236e-04
1.27068e-03
3.88367e-03
5.57374e-03
7.18691e-03
3.70855e-03
-2.98443e-04
-1.99991e-03
-5.49418e-03
-7.48218e-03
-5.15430e-03
-4.98141e-03
-5.05573e-03
-3.70474e-03
-2.77518e-03
-2.04069e-03
-1.05422e-03
1.01115e-03
4.00972e-03
5.59632e-03
6.75048e-03
5.45703e-03
4.64724e-03
4.53395e-03
3.30272e-03
8.44755e-04
-1.04770e-03
-1.08572e-03
-1.76684e-03
-2.88478e-03
-3.37614e-03
-3.71136e-03
-1.97874e-03
-4.13052e-04
6.38764e-04
4.24214e-03
7.56194e-03
9.21898e-03
1.04777e-02
9.36385e-03
6.19786e-03
5.05176e-03
1.57051e-03
-3.19399e-03
-5.75830e-03
-7.92888e-03
-1.00718e-02
-5.29014e-03
-2.13232e-03
-6.69120e-04
4.02106e-03
8.48532e-03
1.14004e-02
1.11004e-02
1.15571e-02
8.58156e-03
3.23230e-03
3.55120e-04
-3.96605e-03
-8.06084e-03
-7.69132e-03
-8.68314e-03
-1.06336e-02
-1.09225e-02
-8.81141e-03
-6.18991e-03
-2.39941e-03
4.58838e-03
5.02015e-03
5.58167e-03
3.46526e-03
-1.78838e-04
-2.93409e-03
-6.98382e-03
-1.06870e-02
-1.16965e-02
-1.10822e-02
-8.33773e-03
-5.17683e-03
-2.96453e-03
2.06275e-04
3.55862e-03
5.05438e-03
4.21226e-03
4.99750e-03
5.58968e-03
4.64648e-03
2.83798e-03
-6.11277e-04
-7.09894e-03
-1.10623e-02
-1.15498e-02
-1.05135e-02
-3.47198e-03
1.35471e-03
4.78453e-03
9.65713e-03
1.18372e-02
1.23227e-02
1.26366e-02
9.39319e-03
6.90699e-03
2.85355e-03
-4.96610e-03
-7.67217e-03
-5.43203e-03
-3.84109e-03
-3.68873e-03
-1.82853e-03
2.59744e-05
1.42179e-03
3.26464e-03
5.75453e-03
7.87409e-03
8.90832e-03
9.61266e-03
9.62346e-03
6.07608e-03
3.98800e-03
2.40216e-03
-2.23727e-04
-2.30217e-03
-2.27462e-03
-1.61645e-03
-3.30204e-04
6.46538e-04
1.77474e-03
2.84800e-03
3.47866e-03
4.37446e-03
5.18798e-03
5.46579e-03
5.86117e-03
6.02938e-03
3.61467e-03
1.90949e-03
9.20066e-04
-2.32428e-04
-1.38895e-03
-1.87895e-03
-6.82478e-04
-2.86077e-04
1.59223e-05
1.14550e-03
2.08583e-03
2.24565e-03
1.17728e-03
7.74940e-04
4.29679e-04
-1.96959e-05
8.67061e-05
-1.84286e-05
4.25079e-04
9.48521e-04
1.18952e-03
9.68640e-04
4.12339e-04
2.62052e-04
3.71124e-05
-1.49806e-04
-3.43995e-04
-5.39269e-04
-1.39719e-04
9.13649e-04
1.42539e-03
2.15402e-03
2.80041e-03
5.91273e-04
-1.69783e-03
-2.10747e-03
-3.12510e-03
-4.08265e-03
-2.41487e-03
-1.60060e-03
-8.82684e-04
9.34114e-04
2.10994e-03
2.40634e-03
2.53921e-03
2.39133e-03
2.28458e-03
5.37436e-04
-2.98142e-03
-3.11431e-03
-3.84921e-03
-5.76261e-03
-6.64848e-03
-7.57473e-03
-8.76940e-03
-8.50714e-03
-6.74960e-03
-6.22086e-03
-4.82480e-03
-2.94986e-03
-1.48510e-03
7.03313e-04
2.74775e-03
4.29665e-03
5.97773e-03
5.05643e-03
2.57483e-03
2.05907e-03
3.54815e-04
-2.24367e-03
-4.17418e-03
-6.30835e-03
-8.25856e-03
-9.94641e-03
-1.13398e-02
-1.12992e-02
-8.36445e-03
-6.82220e-03
-5.45492e-03
-1.22696e-03
3.82023e-03
3.85871e-03
5.11153e-03
6.02565e-03
3.33309e-03
2.58508e-03
1.70441e-03
-1.52799e-04
-1.48995e-03
-2.53521e-03
-1.57878e-03
-7.77172e-04
-4.60032e-04
6.46445e-04
1.25844e-03
6.63089e-04
6.27348e-04
7.20707e-04
4.22793e-04
2.35311e-04
-4.83835e-04
-1.57375e-03
-2.22418e-03
-2.93927e-03
-3.54516e-03
-4.17365e-03
-3.60365e-03
-1.00401e-03
3.77490e-04
2.31407e-03
4.47058e-03
4.85159e-03
5.17301e-03
3.25609e-03
1.66227e-03
-1.54776e-03
-4.99802e-03
-3.94734e-03
-4.73697e-03
-3.92158e-03
-2.53654e-03
-2.00172e-03
-9.05742e-04
2.22325e-04
1.15364e-03
2.17776e-03
3.20633e-03
4.20153e-03
4.59040e-03
2.71337e-03
1.68723e-03
1.56311e-03
1.55669e-03
1.60535e-03
2.00949e-03
2.10512e-03
5.95996e-04
-9.37511e-04
-1.63628e-03
-1.75648e-03
-1.29879e-03
-8.69522e-04
-1.17497e-03
-1.96503e-03
-2.18765e-03
-2.60792e-03
-3.12600e-03
-3.31555e-03
-3.57124e-03
-3.19020e-03
-2.53747e-03
-2.29881e-03
-1.85635e-03
-1.81352e-03
-2.11809e-03
-1.76198e-03
3.53928e-04
2.59995e-03
5.12074e-03
7.58461e-03
6.01415e-03
1.03334e-03
-2.39224e-04
-2.65887e-03
-5.96946e-03
-8.52664e-03
-1.09034e-02
-1.10369e-02
-1.13451e-02
-1.24688e-02
-1.10706e-02
-7.72990e-03
-6.24898e-03
-4.28359e-03
-1.76551e-03
3.53683e-04
1.80392e-03
2.73137e-03
4.14332e-03
4.37746e-03
4.40086e-03
4.61594e-03
3.60178e-03
2.97422e-03
2.55802e-03
2.10392e-03
1.83956e-03
1.44631e-03
9.82502e-04
1.37917e-04
-5.82585e-04
-1.22753e-03
-1.93930e-03
-2.15178e-03
-2.31662e-03
-1.13195e-03
3.04654e-04
1.05628e-03
2.07259e-03
2.89158e-03
3.25759e-03
2.50426e-03
2.24817e-03
2.08988e-03
1.56396e-03
1.50156e-03
1.75526e-03
1.64674e-03
1.67484e-03
6.00038e-04
-1.52999e-03
-2.17202e-03
-2.99896e-03
-1.98505e-03
6.79876e-04
1.61552e-03
3.28630e-03
5.40763e-03
6.86249e-03
6.39420e-03
5.88649e-03
6.40890e-03
6.75304e-03
6.82377e-03
6.10588e-03
4.31873e-03
3.87883e-03
3.79395e-03
2.91404e-03
2.36655e-03
1.95268e-03
1.24686e-03
5.96234e-04
2.25138e-04
2.89219e-04
8.65131e-04
9.27029e-04
-3.89632e-04
-1.35246e-03
-1.11827e-03
5.29842e-04
1.31288e-03
2.07226e-03
3.18763e-03
1.64914e-03
-5.87865e-04
-1.04164e-03
-1.63937e-03
-2.25378e-03
-2.10597e-03
-1.99948e-03
-5.50652e-04
5.85227e-04
1.57972e-03
3.27922e-03
2.94134e-03
2.02403e-03
2.30276e-03
1.90917e-03
1.24814e-03
6.09974e-04
6.57635e-06
-3.29594e-04
-6.15205e-04
-7.61844e-04
-6.58818e-04
-3.20907e-04
5.71093e-04
1.13233e-03
2.14847e-03
3.53590e-03
4.53906e-03
3.87171e-03
1.18284e-03
1.45943e-04
-1.16195e-03
-2.71573e-03
-2.53718e-03
-2.78074e-03
-3.35942e-03
-3.28549e-03
-3.39990e-03
-3.60620e-03
-3.17172e-03
-9.15208e-04
6.22162e-04
1.94230e-03
4.28085e-03
6.31709e-03
7.17513e-03
4.63061e-03
3.39395e-03
2.75355e-03
9.74704e-04
-4.99772e-04
-1.79574e-03
-2.52646e-03
-4.53426e-04
6.09527e-04
1.19511e-03
2.08566e-03
3.87155e-04
-5.71014e-04
-9.91914e-04
-1.76633e-03
-5.61581e-04
1.13886e-04
3.58518e-04
1.13426e-03
3.26386e-04
-9.79390e-04
-1.36289e-03
-2.27107e-03
-3.30583e-03
-4.11982e-03
-4.76078e-03
-2.95313e-03
-9.66879e-04
-8.15016e-05
1.65456e-03
3.43881e-03
4.71812e-03
5.76541e-03
7.05537e-03
8.61690e-03
1.06263e-02
9.15300e-03
5.00846e-03
3.91415e-03
1.18037e-03
-3.06481e-03
-4.65543e-03
-4.13129e-03
-5.46107e-03
-6.41657e-03
-6.66750e-03
-7.64749e-03
-6.05609e-03
-3.58253e-03
-2.75272e-03
-7.51236e-04
1.59969e-03
3.32057e-03
4.69308e-03
4.63415e-03
2.34203e-03
1.41020e-03
3.54239e-04
-1.41280e-03
-2.87625e-03
-4.35325e-03
-5.91077e-03
-6.74574e-03
-7.02037e-03
-7.71221e-03
-6.22570e-03
-4.47206e-03
-3.72021e-03
-2.13671e-03
1.10562e-03
4.23906e-03
2.64912e-03
5.44114e-04
7.82040e-04
-3.56763e-04
-1.49119e-03
-3.24477e-04
1.43120e-04
1.47678e-04
7.25274e-04
8.14016e-04
8.96273e-04
1.03857e-03
8.51798e-04
7.68518e-04
6.71327e-04
4.68972e-04
3.28998e-04
1.79064e-04
-2.72436e-04
-1.03706e-03
-1.53309e-03
-1.96500e-03
-1.45901e-03
-1.01686e-03
-9.25086e-04
-4.15288e-04
3.08116e-04
-6.30885e-05
-8.97862e-04
-9.95677e-04
-1.10018e-03
-1.04827e-03
-1.13446e-03
-1.15378e-03
9.24360e-06
3.22671e-03
-2.55395e-04
-6.00895e-04
-2.07262e-04
-1.09355e-03
1.18598e-04
8.17987e-04
1.13562e-03
2.31471e-03
2.94875e-03
6.40786e-04
-1.04964e-03
-1.30341e-03
-2.38961e-03
-2.00527e-03
-1.63487e-03
-1.81703e-03
-1.48652e-03
-1.20450e-03
-1.05311e-03
-7.91772e-04
-2.99600e-04
2.37077e-04
6.52722e-04
1.14911e-03
1.66060e-03
2.14089e-03
2.63270e-03
2.50208e-03
9.14452e-05
-1.43110e-03
-1.95327e-03
-2.90813e-03
-3.22336e-03
-1.80052e-03
-1.31792e-03
-8.02892e-04
3.83998e-04
1.28564e-03
1.94720e-03
1.55620e-03
1.44509e-03
1.60867e-03
1.62731e-03
2.30260e-03
2.76679e-03
3.12542e-03
3.88295e-03
4.74111e-03
5.11339e-03
3.71118e-03
2.87200e-03
2.43307e-03
1.37506e-03
6.56604e-04
9.76352e-05
-6.78417e-04
-1.35791e-03
-1.87843e-03
-1.23821e-03
-5.12224e-04
-3.12086e-04
2.97183e-04
9.60042e-04
1.48868e-03
1.12361e-03
5.02094e-04
4.07345e-04
-9.17070e-05
-8.71926e-04
-1.41988e-03
-2.03049e-03
-2.73998e-03
-3.37845e-03
-4.02891e-03
-4.40505e-03
-1.99867e-03
5.61301e-04
1.43249e-03
2.16130e-03
3.47756e-03
3.66649e-03
3.88216e-04
-1.51892e-03
-2.88673e-03
-4.62129e-03
-5.59772e-03
-6.98199e-03
-8.29241e-03
-7.53317e-03
-5.29740e-03
-4.76298e-03
-3.54843e-03
-1.39488e-03
1.18118e-03
3.32780e-03
4.70584e-03
5.25080e-03
6.52755e-03
7.20692e-03
4.57241e-03
2.50788e-03
1.43232e-03
-6.63915e-04
-2.60199e-03
-4.17134e-03
-4.64884e-03
-5.24418e-03
-5.85047e-03
-3.56700e-03
-2.01893e-03
-1.16513e-03
2.97184e-04
-5.81741e-04
-1.02707e-03
-8.00299e-04
-1.35771e-03
-1.74100e-03
-1.14876e-03
-2.62758e-04
6.77083e-05
6.52944e-04
1.54863e-04
-1.10480e-03
-1.46639e-03
-2.26538e-03
-3.42912e-03
-4.31248e-03
-5.23179e-03
-5.94540e-03
-4.34781e-03
-3.03921e-03
-2.49183e-03
-1.15318e-03
1.11540e-04
1.18806e-03
2.39737e-03
3.58489e-03
3.18424e-03
1.49280e-03
1.20857e-03
3.84650e-04
-8.02415e-04
-1.59144e-03
-2.41793e-03
-3.35101e-03
-3.42660e-03
-1.68453e-03
-8.62849e-04
-1.47811e-04
1.16487e-03
2.24347e-03
3.27296e-03
4.25830e-03
3.31625e-03
1.85645e-03
1.48184e-03
5.57023e-04
8.80838e-04
1.85068e-03
1.92099e-03
2.36011e-03
2.08039e-03
1.54494e-03
1.60460e-03
1.42208e-03
1.11051e-03
1.02873e-03
1.38894e-03
1.58819e-03
1.70067e-03
2.09162e-03
3.24037e-03
4.02374e-03
3.15537e-03
2.15067e-03
1.97265e-03
1.68789e-03
1.36057e-03
1.03023e-03
8.20571e-04
7.02621e-04
5.10483e-04
3.31843e-04
2.49067e-04
7.82775e-04
1.35369e-03
1.65096e-03
2.15777e-03
2.63080e-03
2.40551e-03
1.68512e-03
1.53203e-03
1.27093e-03
1.15149e-03
1.03095e-03
8.55820e-04
7.42198e-04
5.56790e-04
3.72940e-04
2.16078e-04
6.14435e-05
1.51445e-04
2.61315e-04
2.60435e-04
3.43965e-04
4.32746e-04
5.26188e-04
9.36431e-04
1.36411e-03
1.65325e-03
1.60828e-03
8.51535e-04
5.18544e-04
1.66399e-04
-4.12637e-04
-8.82400e-04
-1.28520e-03
-1.26822e-03
-1.28823e-03
-1.45992e-03
-1.47956e-03
-1.51046e-03
-1.49199e-03
-1.12686e-03
-8.85844e-04
-7.02802e-04
-4.15606e-04
-3.74531e-04
-4.62617e-04
-3.77119e-04
-2.22110e-04
7.27690e-05
2.66756e-04
5.15673e-04
8.29099e-04
1.09090e-03
1.36549e-03
1.63925e-03
1.58945e-03
1.37641e-03
1.39052e-03
1.29501e-03
1.15133e-03
1.03445e-03
8.92107e-04
7.58966e-04
6.25689e-04
4.87290e-04
6.60901e-04
1.33638e-03
1.69034e-03
2.07053e-03
2.44372e-03
1.45975e-03
6.33809e-04
2.96949e-04
1.74662e-05
-7.85579e-05
-3.54527e-04
-5.31045e-04
-4.60193e-04
1.85931e-05
2.84514e-04
5.28133e-04
9.67246e-04
1.70490e-03
2.33041e-03
2.89479e-03
3.24421e-03
1.39147e-03
1.34735e-04
-5.84630e-04
-1.90699e-03
-2.49471e-03
-3.15914e-03
-4.04589e-03
-4.31567e-03
-3.19996e-03
-2.67065e-03
-2.32947e-03
-1.51456e-03
-5.80262e-04
5.20550e-04
9.79916e-04
3.78526e-04
3.86456e-04
4.24038e-04
1.00788e-04
-3.99812e-05
5.17172e-05
2.35004e-05
-2.56439e-05
-1.49714e-05
-3.73957e-04
-9.22096e-04
-1.21061e-03
-1.62130e-03
-2.06010e-03
-2.42347e-03
-2.82421e-03
-3.22343e-03
-3.08941e-03
-2.12155e-03
-1.69128e-03
-1.24333e-03
-7.50925e-04
-3.65631e-04
8.86181e-05
5.11116e-04
9.15438e-04
1.10866e-03
1.02837e-03
1.16634e-03
1.25299e-03
1.16007e-03
-1.41845e-04
-1.76849e-03
-2.12526e-03
-2.60738e-03
-3.59470e-03
-3.24148e-03
-1.74456e-03
-1.29291e-03
-5.17504e-04
1.00400e-03
2.38722e-03
3.57969e-03
4.96331e-03
4.16859e-03
1.49875e-03
8.23144e-04
-5.98976e-04
-2.37556e-03
-2.40028e-03
-2.70143e-03
-3.50594e-03
-3.78472e-03
-4.13017e-03
-4.13221e-03
-3.50480e-03
-3.33714e-03
-2.95095e-03
-1.53377e-03
-4.70498e-04
3.99451e-04
1.48891e-03
1.12646e-03
3.42719e-04
3.89409e-04
-5.25037e-05
-6.06409e-04
-7.50567e-04
-4.86628e-04
-4.79489e-04
-4.69751e-04
-3.06573e-04
-1.21567e-05
3.77711e-04
6.51577e-04
9.80519e-04
1.33706e-03
1.39342e-03
4.74728e-04
-6.84763e-05
-4.58865e-04
-1.18046e-03
-1.80349e-03
-2.38123e-03
-2.87331e-03
-1.99793e-03
-1.03942e-03
-6.83321e-04
1.42799e-04
9.74751e-04
1.24363e-03
1.37240e-03
1.70378e-03
1.23350e-03
8.95785e-04
7.81125e-04
4.20092e-04
3.85264e-04
8.63178e-04
1.00483e-03
1.19913e-03
1.55301e-03
1.81313e-03
1.62894e-03
7.40520e-04
3.00963e-04
-1.73435e-04
-3.24547e-04
2.78115e-04
3.57242e-04
5.28775e-04
9.14052e-04
1.17946e-03
1.46646e-03
1.77882e-03
2.06959e-03
2.36684e-03
2.66695e-03
2.78587e-03
1.72983e-03
1.00635e-03
5.41258e-04
-5.29718e-04
-1.52086e-03
-2.35157e-03
-3.11841e-03
-1.94853e-03
-6.36193e-04
-1.92524e-04
9.19168e-04
2.07788e-03
2.95716e-03
2.36671e-03
1.33810e-03
1.18685e-03
6.53907e-04
7.10276e-05
-3.97332e-04
-9.03011e-04
-1.39539e-03
-1.85945e-03
-2.34269e-03
-2.82200e-03
-2.42464e-03
-6.19596e-04
2.83877e-04
1.17188e-03
2.29390e-03
3.29351e-03
4.02993e-03
2.69610e-03
1.60721e-03
1.21310e-03
1.33900e-04
-4.58588e-04
-7.61377e-04
-1.42398e-03
-1.45570e-03
-8.80906e-04
-8.37583e-04
-6.54792e-04
-2.98844e-04
-6.83141e-05
1.80688e-04
2.99281e-04
1.37232e-04
1.44292e-04
1.42589e-04
6.20845e-05
7.77611e-05
8.93446e-05
2.84492e-04
1.01274e-03
1.48904e-03
1.85036e-03
1.68077e-03
1.40664e-03
1.42546e-03
1.23091e-03
1.01189e-03
8.67923e-04
6.88244e-04
5.06028e-04
3.36698e-04
1.70248e-04
1.20115e-05
-1.52866e-04
-3.15731e-04
-4.76325e-04
-6.18354e-04
-2.92996e-04
2.80176e-04
5.16792e-04
9.14446e-04
1.44202e-03
2.10746e-03
2.71575e-03
3.29908e-03
3.94211e-03
4.40399e-03
3.30338e-03
2.12456e-03
1.60860e-03
4.26447e-04
-7.64240e-04
-1.74273e-03
-2.85517e-03
-3.68744e-03
-2.35708e-03
-1.31786e-03
-9.79826e-04
9.97879e-05
1.10327e-03
1.92898e-03
2.88089e-03
3.54478e-03
1.63732e-03
-3.91136e-04
-1.30731e-03
-3.10605e-03
-4.56302e-03
-5.12406e-03
-6.22599e-03
-6.22530e-03
-4.24368e-03
-3.49850e-03
-2.66501e-03
-1.23860e-03
4.87581e-04
1.62902e-03
-2.90349e-04
-5.98630e-04
-7.25016e-04
-1.79397e-03
-2.56236e-03
-3.40778e-03
-4.32209e-03
-4.96056e-03
-3.66502e-03
-2.26264e-03
-1.71168e-03
-4.86291e-04
7.72415e-04
1.81539e-03
2.17479e-03
6.65505e-04
4.19808e-05
-4.36338e-04
-1.52957e-03
-2.03217e-03
-1.89207e-03
-2.23096e-03
-2.49500e-03
-2.50837e-03
-2.08472e-03
-1.62440e-03
-1.37229e-03
-3.89727e-04
1.51670e-03
2.81564e-03
4.46920e-03
6.21046e-03
4.86457e-03
2.85134e-03
2.54069e-03
1.92980e-03
1.31911e-03
6.96874e-04
2.10313e-04
4.61997e-04
8.73908e-04
8.92598e-04
1.16065e-03
1.47757e-03
1.69270e-03
1.84988e-03
1.96098e-03
2.12638e-03
2.26568e-03
2.39073e-03
2.52976e-03
2.50646e-03
1.42836e-03
6.49739e-04
1.63501e-04
-6.19306e-04
-1.32879e-03
-1.15375e-03
-5.88128e-04
-6.03942e-04
-3.32518e-04
-2.63454e-05
9.57488e-05
3.21298e-04
5.36930e-04
7.15687e-04
9.17735e-04
1.07418e-03
8.12038e-04
5.67594e-04
8.50413e-04
1.00906e-03
8.67509e-04
-4.47187e-04
-1.78658e-03
-2.03892e-03
-2.73424e-03
-2.27587e-03
-5.90254e-04
6.66331e-04
1.69325e-03
1.90411e-03
1.14088e-03
1.00836e-03
6.98166e-04
-3.84819e-04
-6.08864e-05
1.52736e-03
9.29817e-04
1.12348e-04
5.68105e-04
1.47145e-04
-5.13281e-04
-4.12328e-04
-3.56465e-04
-1.57938e-04
3.75104e-04
2.03373e-03
1.69185e-03
1.50773e-03
9.29777e-04
2.77497e-04
-1.62086e-04
-1.49583e-03
-1.65336e-03
-1.16627e-03
-1.10474e-03
-5.51044e-04
1.60220e-04
6.56179e-04
7.50135e-04
1.29623e-03
2.27262e-03
2.17295e-03
2.14314e-03
1.95351e-03
1.15955e-03
-2.42868e-05
-8.80631e-04
-2.33062e-03
-2.93568e-03
-3.09145e-03
-2.35852e-03
-1.78896e-03
-1.19534e-03
-6.59538e-04
-4.55508e-04
6.27275e-05
5.13781e-04
-3.61648e-04
1.70583e-04
9.38897e-04
-1.80968e-03
-2.58730e-03
-2.44646e-03
-3.20045e-03
-3.40935e-03
-2.86923e-03
-2.86919e-03
-2.62568e-03
-1.29528e-03
-7.35477e-04
-1.00808e-03
-1.29062e-04
1.25293e-03
1.62275e-03
2.01182e-03
2.59196e-03
2.77562e-03
2.00751e-03
5.22586e-04
-4.55785e-04
-1.12596e-03
-2.02708e-03
-2.49441e-03
-1.90763e-03
-1.32984e-03
-1.65004e-03
-1.34311e-03
-6.34566e-04
-1.11803e-03
-1.29937e-03
3.39002e-04
-1.10933e-03
-1.47420e-03
-1.00853e-03
-1.37938e-03
-1.34688e-03
1.13661e-05
1.10410e-04
2.12865e-04
1.23507e-03
1.43657e-04
-2.49509e-04
4.68286e-04
4.71984e-04
9.00145e-04
1.31900e-03
1.30915e-03
1.15279e-03
5.97619e-04
1.95843e-04
5.31690e-04
9.86984e-05
-1.66193e-04
3.61730e-04
4.39154e-04
2.69166e-04
3.39717e-04
3.85805e-04
3.48039e-04
4.28352e-04
1.08194e-03
1.65004e-03
2.07820e-03
2.91828e-03
1.99057e-03
5.43025e-04
-6.70070e-04
-2.32081e-03
-4.58411e-03
-5.57209e-03
-3.81316e-03
-3.34861e-03
-2.87681e-03
-1.31240e-03
-6.02715e-04
-4.56951e-04
3.12633e-04
8.88817e-04
1.30448e-03
1.88547e-03
2.39536e-03
1.90020e-03
1.08078e-03
-1.10326e-04
-1.69229e-03
-2.68870e-03
-3.65393e-03
-4.43630e-03
-4.11951e-03
-2.96325e-03
-1.77217e-03
-9.08888e-04
3.00446e-04
1.57713e-03
2.88667e-03
4.06781e-03
4.96846e-03
4.96055e-03
4.27364e-03
1.98288e-03
3.73421e-04
-5.63523e-04
-2.91469e-03
-3.48941e-03
-2.84564e-03
-3.23091e-03
-2.98493e-03
-1.81296e-03
-1.06155e-03
-5.83953e-04
7.91184e-04
1.51531e-03
1.96915e-03
1.38572e-03
1.26404e-03
1.05921e-03
2.81733e-04
-2.21503e-04
-1.72799e-03
-3.44086e-03
-3.85325e-03
-2.94593e-03
-2.70100e-03
-3.13639e-03
-6.66713e-04
7.77866e-04
6.88076e-04
1.91089e-03
2.24751e-03
1.17767e-03
1.24730e-03
2.50604e-03
1.79728e-03
6.57089e-04
5.56082e-04
6.19405e-04
-8.51850e-04
-2.36068e-03
-1.88585e-03
-1.93914e-03
-1.17426e-03
1.74843e-04
1.25399e-03
1.68761e-03
1.99913e-03
2.81598e-03
3.08615e-03
2.79360e-03
3.18398e-03
3.09350e-03
2.55187e-03
2.02964e-03
1.49915e-03
4.63110e-04
9.27763e-05
9.93882e-04
1.24139e-03
9.11444e-04
1.97993e-04
-1.00235e-04
1.58404e-05
7.33724e-04
1.50523e-03
1.64769e-03
1.72386e-03
1.69647e-03
1.13535e-03
1.04925e-03
2.03700e-04
-1.20357e-03
-1.63079e-03
-1.82883e-03
-1.70960e-03
-1.88537e-03
-1.68138e-03
-7.07660e-04
-1.14768e-05
9.55512e-04
1.66063e-03
2.02958e-03
3.13337e-03
3.35226e-03
3.16370e-03
3.42805e-03
2.31714e-03
1.41772e-03
1.00756e-03
2.76287e-04
-4.37560e-04
-7.78848e-04
-8.18755e-04
-6.74142e-05
3.52791e-04
3.61462e-04
-5.80890e-04
-1.24062e-03
-2.14323e-03
-1.56996e-03
-1.12500e-03
-1.18279e-03
-8.12519e-04
-6.14240e-04
-2.46784e-04
-7.16731e-04
-8.80410e-04
-4.21444e-04
1.94738e-04
7.81222e-04
1.33160e-03
5.62119e-04
9.33143e-05
-4.65361e-04
-1.52194e-03
-2.17808e-03
-1.56178e-03
-1.31741e-03
-1.54046e-03
-1.11555e-03
-1.33849e-04
5.36487e-04
1.16918e-03
2.00114e-03
2.61175e-03
2.87127e-03
2.55208e-03
2.04585e-03
1.34876e-03
3.37525e-04
-6.27877e-04
-1.73182e-03
-2.50866e-03
-3.46281e-03
-3.79248e-03
-1.52615e-03
-1.62730e-03
-8.76116e-04
5.17091e-04
1.18043e-03
1.73741e-03
7.52530e-04
9.98121e-05
9.12435e-05
-1.17435e-04
9.12171e-04
1.23943e-03
1.27993e-03
1.85320e-03
2.18822e-03
2.17408e-03
1.79379e-03
1.60477e-03
1.31148e-03
9.22975e-04
1.74079e-04
-6.98962e-04
-1.30054e-03
-1.94490e-03
-1.78799e-03
-5.75376e-04
1.10804e-05
1.02468e-03
2.11432e-03
2.84425e-03
3.60535e-03
4.35904e-03
4.30526e-03
3.89021e-03
1.63828e-03
-2.92794e-05
-3.01151e-04
-6.78766e-04
-1.55982e-03
-9.52152e-04
2.28076e-04
4.56069e-04
3.88789e-04
2.83152e-04
3.77634e-04
3.20110e-04
2.87018e-04
2.89811e-04
2.62925e-04
2.49939e-04
2.40811e-04
2.25131e-04
2.11959e-04
1.30852e-04
-1.98655e-04
-4.28120e-04
-5.39944e-04
-1.66587e-04
1.52592e-04
-9.07401e-05
-5.92543e-04
-7.35728e-04
-1.07576e-03
-1.56495e-03
-1.90000e-03
-2.17039e-03
-1.82191e-03
-1.52764e-03
-7.13175e-04
1.06879e-04
7.04763e-04
1.38856e-03
1.41656e-03
1.10581e-03
4.46769e-04
2.39087e-05
-4.58010e-04
-8.04173e-04
-2.45895e-04
-9.42540e-04
-2.26073e-03
-2.59570e-03
-2.74253e-03
-1.72339e-03
-1.17503e-03
-7.92652e-04
-1.39552e-05
6.16596e-04
1.00554e-03
1.08195e-04
-6.24160e-04
-9.04722e-04
-1.62207e-03
-2.09594e-03
-2.01630e-03
-2.22273e-03
-2.07377e-03
-1.46336e-03
-1.26278e-03
-7.49825e-04
2.96846e-05
5.15651e-04
9.78914e-04
6.00233e-04
1.07818e-04
-2.19015e-05
-4.20296e-04
-8.23693e-04
-1.11683e-03
-1.03605e-03
-7.42232e-04
-7.32226e-04
-5.92890e-04
-3.97953e-04
-2.34072e-04
9.51508e-05
3.66776e-04
5.94281e-04
8.67769e-04
1.11853e-03
1.32314e-03
1.26307e-03
1.18616e-03
1.18436e-03
7.87728e-04
4.37024e-04
2.25011e-04
-8.16093e-05
-2.46802e-04
-3.21763e-04
8.00116e-05
4.42226e-04
3.12496e-04
-1.36552e-04
-2.67210e-04
-2.36098e-04
4.75598e-04
9.25709e-04
6.03762e-04
2.22972e-05
-4.80866e-05
-3.56495e-04
-5.42494e-04
-2.72806e-04
-2.60457e-04
-2.46226e-04
-1.12629e-04
-4.31969e-05
1.86169e-05
9.64871e-05
2.29993e-04
4.13859e-04
5.27039e-04
6.51654e-04
7.68206e-04
5.54315e-04
1.94116e-04
7.23845e-05
-1.45580e-04
-3.91953e-04
-5.71479e-04
-7.53846e-04
-8.45926e-04
-7.89699e-04
-6.96604e-04
-4.60646e-04
-3.15018e-04
-1.71504e-04
1.16284e-06
1.40156e-04
2.34574e-04
2.42869e-05
-1.88720e-04
-2.41642e-04
-3.83088e-04
-5.25983e-04
-6.20580e-04
-6.08550e-04
-4.22398e-04
-3.55249e-04
-2.88682e-04
-1.89930e-04
-1.20343e-04
-5.49402e-05
-2.21898e-05
-1.02228e-04
-1.34561e-04
-1.41353e-04
-1.39764e-04
-1.33459e-04
-1.35904e-04
-1.29957e-04
-1.23831e-04
-1.49620e-04
-2.03792e-04
-2.25043e-04
-2.66291e-04
-3.47589e-04
-2.90613e-04
-7.49494e-05
3.34721e-06
4.62133e-05
6.88710e-05
8.47349e-05
5.61019e-05
3.83571e-05
2.19866e-05
-1.17794e-05
-3.23395e-05
-5.01478e-05
-6.55959e-05
-7.37373e-05
-8.35416e-05
-9.09407e-05
-9.15481e-05
-6.20851e-05
-3.99667e-05
-2.54027e-05
1.11350e-05
2.97524e-05
-1.38871e-05
-4.54322e-05
-2.12863e-05
-1.06573e-05
-1.70020e-05
-1.88401e-05
-3.66390e-05
-4.47273e-05
-4.97593e-05
-4.46733e-05
-2.77324e-05
-2.36467e-05
-1.70426e-05
-1.76299e-05
-2.44541e-05
-1.98324e-05
-1.05791e-05
-7.50947e-06
-3.70273e-06
1.43745e-06
4.38681e-06
6.82392e-06
9.66748e-06
1.18930e-05
1.35384e-05
1.12663e-05
8.82074e-06
9.30140e-06
1.14206e-05
1.84137e-05
2.21969e-05
2.50002e-05
2.60193e-05
2.45527e-05
2.58594e-05
2.72464e-05
2.86049e-05
3.00282e-05
3.16296e-05
3.31520e-05
3.45039e-05
3.61398e-05
3.82518e-05
4.08235e-05
4.28073e-05
4.47190e-05
4.66669e-05
4.84173e-05
4.97781e-05
5.07872e-05
5.23877e-05
5.39904e-05
5.54402e-05
5.71962e-05
5.88188e-05
6.02639e-05
6.17098e-05
6.31979e-05
6.46497e-05
6.61070e-05
6.75670e-05
6.89859e-05
7.03930e-05
7.17874e-05
7.31588e-05
7.45086e-05
7.58529e-05
7.71856e-05
7.85022e-05
7.98098e-05
8.11107e-05
8.23974e-05
8.36709e-05
8.49332e-05
8.61836e-05
8.74234e-05
8.86536e-05
8.98747e-05
9.10869e-05
9.22905e-05
9.34860e-05
9.46737e-05
9.58541e-05
9.70275e-05
9.81944e-05
9.93552e-05
1.00510e-04
1.01660e-04
