1.48566e-07
1.42931e-07
1.52026e-07
1.43476e-07
3.56308e-08
-2.43822e-08
2.17547e-07
5.99069e-07
2.10515e-07
-3.71288e-07
-2.84459e-07
3.08331e-07
7.53747e-07
-7.73187e-07
-8.43616e-07
1.08354e-06
1.42566e-06
-5.24165e-07
-1.23345e-06
1.11575e-06
1.81471e-06
-1.00271e-06
-4.18669e-06
3.84071e-06
7.13428e-06
-3.01240e-06
-4.86287e-06
-2.15846e-07
9.86264e-07
-2.68110e-06
-1.25674e-06
3.11180e-06
2.99818e-06
1.92677e-07
-9.34703e-07
1.78236e-06
3.92909e-06
4.56204e-06
-1.07230e-06
-1.23804e-05
-1.11329e-05
9.18949e-06
1.12551e-05
-2.09529e-06
-2.92317e-06
5.98748e-06
6.53558e-06
-7.80150e-06
-1.55083e-05
-9.83147e-07
1.53232e-05
-2.03048e-06
-5.67877e-06
7.84164e-06
3.57299e-06
-6.81263e-06
-8.34731e-06
2.96358e-06
8.33849e-07
5.39079e-06
2.08486e-05
1.65586e-05
-2.15175e-05
-4.59038e-05
-1.45761e-05
3.16430e-05
1.27778e-05
-1.97686e-05
2.40929e-06
3.56331e-05
3.30990e-05
-3.23566e-05
-2.32007e-05
9.27508e-07
5.29783e-06
3.65533e-05
-2.51504e-05
-4.84943e-05
-2.06293e-06
1.50778e-05
1.28497e-05
2.79490e-06
1.21859e-05
5.51410e-05
1.10654e-05
-9.00360e-05
-7.74981e-05
2.87119e-05
9.68089e-05
9.59433e-06
-6.08496e-05
4.64309e-06
4.50924e-05
-1.33254e-05
-5.53423e-05
-1.85805e-05
5.92109e-05
5.79931e-05
-2.04975e-05
-2.04284e-05
-1.94938e-05
-4.21794e-05
-3.56961e-05
-4.45233e-06
1.72479e-05
6.63440e-05
7.17880e-05
1.80491e-05
1.81900e-06
-5.81346e-05
-8.11564e-05
-3.92056e-05
1.42075e-05
3.73666e-05
4.11043e-05
7.22891e-07
-3.87342e-05
-9.55696e-06
7.13015e-05
7.75479e-05
-1.01340e-04
-8.73136e-05
8.40891e-05
5.06529e-05
-4.90847e-05
-3.54647e-06
-4.61225e-06
-4.72111e-05
-5.29540e-05
6.30964e-05
1.21312e-04
-1.24664e-04
-2.64212e-05
1.16872e-04
-4.71950e-05
-9.38297e-05
9.25206e-05
1.39429e-04
-1.35681e-04
-1.56544e-04
-9.05153e-06
8.63392e-05
6.48526e-05
4.44635e-05
-2.47721e-05
-2.16377e-05
6.53065e-05
-6.30066e-05
9.22030e-06
-4.16261e-05
-4.92615e-05
1.02313e-04
9.41431e-06
-6.67061e-05
-1.02853e-05
1.55723e-04
2.00701e-05
-2.28441e-04
-1.21342e-04
1.65261e-04
2.10211e-04
-2.35877e-05
-1.60857e-04
-8.85511e-05
1.22348e-04
1.09078e-04
-1.50370e-04
-1.09244e-04
1.54264e-04
1.28805e-04
-1.21217e-04
-1.12827e-04
1.01651e-04
3.26536e-05
-4.11992e-05
3.57502e-06
-1.01130e-04
-8.26182e-05
1.62139e-04
1.70260e-04
-1.53619e-04
-1.03846e-04
1.45690e-04
1.09831e-04
-8.65924e-05
-2.08090e-04
3.58139e-06
1.08405e-04
1.31940e-05
8.36830e-06
-1.50881e-05
-4.04937e-05
-9.57593e-05
1.04387e-04
1.97609e-04
-1.46443e-04
-9.56701e-05
1.07260e-04
9.97632e-05
-7.18591e-05
-1.39457e-04
5.07971e-05
-4.07963e-05
-1.29079e-04
1.47001e-05
1.60662e-04
6.38556e-05
1.84106e-05
3.48826e-05
6.35875e-07
2.52352e-06
-1.51742e-04
-3.75694e-05
8.70289e-05
3.89453e-05
-7.26421e-05
-1.65411e-04
1.40822e-04
3.74451e-04
-5.78695e-06
-3.60841e-04
-2.54063e-04
9.03712e-05
3.58964e-04
3.90968e-05
-1.96077e-04
-7.16093e-05
7.66958e-05
1.04273e-04
1.97400e-05
-3.67096e-05
-5.95035e-05
1.38267e-04
-4.08933e-05
-2.09096e-04
6.82472e-05
2.09980e-04
-5.57026e-05
-2.24578e-04
1.98624e-05
-3.92969e-05
-6.51802e-05
1.95910e-04
1.62560e-04
-1.66329e-04
-9.00997e-05
1.37240e-04
1.15673e-04
7.06009e-05
-1.97804e-04
-1.49580e-04
8.67922e-05
5.96567e-05
-1.13807e-04
-1.56356e-04
2.14331e-04
1.40079e-04
-2.41238e-04
-3.54185e-05
9.15260e-05
8.98466e-05
2.20311e-04
-5.08921e-05
-2.21722e-04
3.63019e-06
9.37713e-05
3.49368e-06
-6.21874e-05
-2.24258e-04
-7.52324e-05
1.42332e-04
1.28227e-04
2.53639e-04
-3.13189e-05
-1.17641e-04
-1.40711e-04
-1.92158e-04
2.06568e-04
1.20371e-04
-1.68200e-04
-3.88481e-05
3.19131e-04
7.31544e-05
-4.03334e-04
-1.88627e-04
1.93749e-04
2.28054e-04
1.18235e-05
-1.59171e-04
-8.92002e-05
2.00294e-04
7.79964e-05
-2.68898e-04
-1.10249e-04
1.10514e-04
1.40769e-04
1.97569e-04
-1.25834e-05
-2.61999e-04
-1.59706e-04
2.15343e-04
6.58235e-05
-3.67972e-04
7.16979e-05
2.66746e-04
-1.98976e-06
-5.49338e-05
-1.39985e-05
1.54643e-05
1.54889e-04
6.47459e-05
-3.73644e-04
-7.68880e-05
1.23530e-04
-9.39349e-06
-5.93798e-05
8.36611e-06
1.81714e-04
1.98808e-06
2.25506e-05
-3.24089e-06
-9.22755e-05
-2.36703e-05
1.46173e-04
3.35102e-05
-1.75341e-04
-8.08410e-06
8.63794e-05
1.03570e-04
-1.11547e-04
-1.44511e-04
4.96124e-05
1.21419e-04
-1.86409e-05
-1.00240e-04
1.35638e-04
2.18747e-04
2.11630e-05
-2.74795e-04
-2.87776e-04
-1.16032e-04
4.09807e-04
3.73106e-04
-2.86687e-04
-8.70354e-05
2.11752e-04
3.13062e-05
-3.96352e-04
-2.17859e-04
3.30017e-04
1.72657e-04
-8.32775e-05
-1.32057e-04
3.80376e-05
1.33720e-04
-5.26887e-06
-9.99652e-05
5.87772e-05
1.56230e-04
3.49146e-06
3.65931e-05
1.12649e-05
-1.29662e-04
-3.38342e-04
-1.11293e-04
2.12986e-04
-2.00600e-06
7.18451e-05
1.64339e-04
-4.73414e-05
-1.84133e-04
-1.89511e-05
1.92561e-04
2.66942e-04
7.58597e-05
-5.07003e-04
-2.90885e-04
3.46581e-04
8.68240e-05
-3.09072e-04
-5.77605e-05
3.24985e-04
2.31992e-04
7.92406e-05
-1.90736e-04
-5.07413e-04
7.93714e-05
5.37488e-04
3.31724e-05
-4.15409e-04
-2.33881e-06
3.90306e-04
-7.08038e-05
-3.18498e-04
-2.19255e-04
2.18761e-04
4.33631e-04
3.45997e-05
-2.25353e-04
-1.84286e-04
1.96591e-04
-1.05502e-04
-2.29996e-04
2.04951e-04
9.51648e-05
1.37884e-04
1.29304e-05
-1.55140e-04
-3.35032e-05
4.44023e-05
2.47176e-05
-1.90770e-04
-3.98372e-05
2.05559e-04
1.98738e-04
-1.73204e-05
-3.16276e-04
-7.85317e-05
1.99940e-04
1.93176e-04
-1.09795e-04
-3.35408e-04
1.08643e-04
3.98083e-04
1.78244e-04
-2.09895e-04
-3.29235e-04
-2.05804e-05
3.07393e-04
2.90738e-05
-4.18522e-04
-8.83571e-05
3.75507e-04
2.80070e-04
-2.03879e-04
-2.67365e-04
8.02321e-05
2.17415e-04
-4.17915e-06
-2.30305e-04
2.83153e-05
2.32581e-04
-1.15221e-07
-2.94961e-04
-8.78708e-05
2.02018e-04
2.92037e-05
-9.75065e-05
1.41578e-04
1.42752e-04
-1.29058e-04
6.77129e-06
1.92859e-06
-8.82206e-05
1.38015e-04
2.85204e-05
-2.34372e-04
-1.03491e-04
5.72912e-06
1.41899e-04
1.90194e-04
-8.17386e-05
-1.00012e-04
-1.82681e-05
1.42825e-04
-9.75465e-05
-2.10527e-04
2.94865e-04
1.83779e-04
-1.22750e-04
-2.35123e-04
3.80760e-05
3.25087e-04
-1.02223e-04
-3.21549e-04
-2.76372e-05
1.51586e-04
1.58756e-04
1.71956e-05
-2.59283e-04
2.57236e-05
1.87951e-04
-1.81448e-04
-3.06008e-05
4.37525e-05
1.73312e-05
2.26659e-04
-5.20431e-05
-2.74505e-04
-5.12205e-05
1.18319e-04
1.35851e-04
1.15732e-05
-1.88486e-05
6.31099e-06
-1.68955e-05
5.46978e-05
-4.57892e-05
-1.57449e-04
3.80244e-05
1.70580e-04
-4.53336e-05
-1.64433e-04
1.24394e-05
1.58723e-04
6.87601e-05
-2.09158e-04
-1.53215e-04
2.11516e-04
2.57914e-04
-1.37653e-04
-2.43983e-04
6.36410e-05
-1.42178e-05
-1.39457e-04
1.82630e-04
3.12465e-04
-2.04139e-05
-2.13131e-04
4.20791e-05
1.86592e-04
-1.15184e-04
-2.59085e-04
-2.38553e-05
2.47889e-04
1.40579e-04
-1.32593e-04
-3.96491e-05
-2.52984e-05
-2.02185e-04
-1.00240e-04
3.26233e-04
3.22214e-04
-1.88487e-04
-1.60508e-04
1.62170e-04
1.73132e-05
-2.67432e-04
-1.78264e-04
1.76449e-04
2.94224e-04
3.28674e-05
-2.79922e-04
-1.11879e-04
2.24533e-04
1.71971e-04
6.93035e-05
-1.72796e-04
-1.31563e-04
7.78062e-05
4.35781e-05
1.06903e-05
-2.58759e-04
-1.71488e-04
1.59694e-04
2.71835e-04
-3.86346e-06
-2.29978e-04
3.52206e-05
1.44124e-04
-1.88889e-07
-1.84608e-04
-3.48755e-05
2.42458e-04
2.43864e-04
-1.67775e-04
-3.72634e-04
1.52426e-05
1.71757e-04
-5.21874e-05
-1.77093e-04
1.94250e-04
3.68311e-04
-2.87089e-05
-3.86103e-04
-3.26096e-04
1.43509e-04
2.32171e-04
-4.33122e-05
5.04111e-07
1.59329e-04
1.11392e-04
-4.54891e-05
-1.27408e-04
-2.32045e-04
-1.55376e-04
1.21189e-04
3.00713e-04
2.17263e-04
-1.90866e-04
-7.74687e-05
1.10498e-04
-1.31780e-04
-1.82818e-04
-9.83716e-05
2.15462e-04
1.78266e-04
-1.69488e-04
-1.10071e-04
1.86746e-04
6.53873e-05
-2.30938e-04
3.68644e-05
1.36858e-04
-7.11241e-05
-1.14946e-04
4.01744e-05
8.64573e-05
1.35010e-05
1.02030e-04
-1.28399e-04
-1.12537e-04
1.81623e-04
-6.32186e-06
-5.34236e-06
1.68153e-05
-8.35231e-05
5.12306e-05
-3.22293e-05
-6.75275e-05
-5.35791e-05
-7.48764e-05
9.64684e-05
1.45852e-04
-1.16757e-06
-5.60202e-05
9.30836e-05
5.03099e-05
-1.13454e-04
-2.06505e-04
-2.36830e-05
9.96890e-05
-1.57209e-04
5.20647e-05
2.43311e-04
1.13074e-04
4.20981e-05
-2.29556e-04
-1.97776e-04
1.44850e-04
6.89048e-05
-1.30965e-04
1.50950e-05
1.66849e-04
-5.20059e-05
-2.24100e-04
-7.57277e-06
6.59169e-05
-8.12111e-06
-1.03786e-04
5.86065e-05
2.23180e-04
8.97903e-06
-2.37339e-05
-1.51896e-04
-7.07653e-05
7.14757e-05
8.82745e-05
1.42871e-04
-9.64304e-05
-2.68883e-05
4.68977e-05
-1.16360e-04
-1.09268e-04
-2.61276e-05
-3.08291e-06
3.98252e-05
-4.66643e-06
6.77877e-05
4.29669e-05
-4.17549e-05
1.83542e-04
-1.53545e-04
-1.48713e-04
2.05294e-04
8.96298e-05
-1.95757e-04
-2.51435e-04
1.18884e-04
1.49773e-04
1.09477e-04
-5.02664e-05
-4.25865e-06
5.94103e-06
-2.33567e-04
-3.92853e-05
1.30830e-04
1.47566e-04
1.04884e-05
6.64496e-05
5.66823e-05
-1.71198e-04
-2.34372e-04
4.70128e-05
2.64180e-04
3.54193e-05
-2.16916e-04
-7.71837e-05
2.73236e-04
8.43503e-05
-1.74243e-04
-1.39465e-04
1.18561e-04
8.40952e-05
-7.84802e-05
6.04840e-05
2.05132e-05
3.88323e-05
7.64701e-05
2.19142e-05
-2.45003e-04
-2.35932e-04
1.03348e-04
2.28972e-04
4.19616e-05
3.96687e-05
6.28191e-05
-2.44218e-04
-7.97973e-05
2.53217e-05
7.08423e-05
1.91104e-04
1.77669e-04
-1.70853e-04
-2.89663e-04
1.70349e-04
1.44052e-04
3.59123e-05
-3.18335e-04
-1.45645e-04
3.14941e-04
2.13760e-04
9.03320e-05
-3.88106e-04
-1.66684e-04
3.75106e-04
1.57438e-04
-2.63544e-04
-1.78789e-04
1.54148e-04
1.76907e-04
-1.43465e-04
-2.23611e-04
2.04831e-04
5.55740e-05
9.25185e-05
1.45658e-04
-3.27257e-04
-1.85525e-04
7.43507e-05
9.35838e-05
1.14392e-04
6.27581e-05
2.85866e-05
3.65084e-05
-1.48791e-04
-1.43063e-04
2.23246e-04
1.00130e-04
-3.72602e-04
-1.98011e-04
3.62533e-04
3.58760e-04
-3.40286e-04
-2.76805e-04
4.24878e-04
1.33449e-04
-1.28958e-04
-2.37021e-04
-8.40615e-05
2.62340e-04
4.57321e-05
-8.32574e-05
-1.00750e-04
-4.91386e-05
-1.85874e-05
2.54951e-04
3.03648e-05
-1.38521e-04
5.72240e-05
-2.12984e-05
7.55111e-05
-1.92680e-04
-6.25290e-05
9.35422e-05
1.04367e-04
1.65692e-05
-1.51067e-04
7.51343e-05
1.98966e-04
1.07099e-04
-4.00964e-04
-1.13469e-04
1.99325e-04
4.41618e-05
2.88292e-05
-1.36263e-04
-5.80157e-05
4.03672e-05
1.90725e-04
-2.60464e-05
-5.42293e-05
8.20222e-05
-3.79681e-05
-2.93954e-05
-1.19364e-04
-3.62209e-05
1.18605e-04
1.39202e-04
-1.46533e-04
-1.77873e-04
1.44744e-04
1.92812e-04
3.46842e-06
-2.26913e-04
1.26394e-05
3.07738e-04
1.64606e-05
-2.31159e-04
-1.34958e-04
-2.86238e-05
4.06167e-05
-8.90616e-05
5.02887e-05
3.21195e-04
2.56281e-04
-1.29489e-04
-5.16768e-04
-3.85654e-05
2.98639e-04
3.55063e-05
-1.03125e-04
-4.55680e-05
7.78540e-05
6.75252e-05
-1.60782e-04
-2.39260e-04
2.39807e-04
2.83088e-04
-8.17347e-05
-2.48631e-04
7.81202e-05
4.16313e-04
-1.63020e-04
-4.09244e-04
-5.37038e-06
6.23705e-05
3.38021e-05
1.70340e-04
5.27625e-05
-3.58021e-05
-6.18459e-05
-2.70599e-05
1.78633e-04
-7.32047e-05
-3.03777e-04
-2.64267e-05
2.37306e-04
7.73198e-05
-7.61054e-05
-1.35379e-04
1.89692e-05
2.33734e-04
-4.43764e-05
2.11105e-05
-4.82974e-05
-2.46102e-04
1.55440e-04
7.62194e-05
-1.36455e-04
-8.83158e-06
7.00636e-05
1.09508e-04
-7.80678e-05
7.28326e-06
1.30356e-04
-6.72431e-05
-1.94229e-04
-1.72795e-04
2.14537e-04
2.08592e-04
-1.86114e-04
-3.93081e-05
1.78545e-04
-3.66284e-05
-1.43259e-04
-6.10810e-05
1.53420e-05
9.05798e-05
1.49004e-05
9.78366e-05
-4.88817e-07
-1.57417e-04
-4.93953e-05
1.65981e-04
2.53091e-04
-4.91547e-06
-1.51286e-04
-1.05017e-04
4.67502e-05
-1.89449e-04
-2.42736e-04
1.35200e-04
2.21189e-04
1.77745e-04
1.33180e-04
7.70897e-05
-2.81312e-04
-2.44351e-04
1.69025e-04
2.33389e-04
-6.85976e-05
-2.85700e-04
-5.74647e-05
5.69678e-05
1.63640e-04
9.45980e-05
-3.04112e-05
-7.23313e-05
-8.42842e-05
2.55565e-04
1.69011e-04
-4.20627e-04
-3.80268e-04
3.20162e-04
3.24702e-04
-1.42752e-04
-6.77869e-05
3.87728e-05
-1.03210e-04
-1.05501e-05
2.03501e-04
-2.83054e-05
-1.40397e-04
1.86668e-04
6.01641e-05
-4.04600e-04
-3.00977e-04
2.33047e-04
3.49252e-04
-3.75777e-05
-1.39302e-04
2.15493e-04
3.15780e-04
-1.60896e-04
-5.16250e-04
-1.33148e-04
2.61398e-04
1.19785e-05
-1.51854e-04
1.86674e-04
2.39491e-04
-4.72081e-05
-2.66539e-04
-1.61788e-04
2.01379e-04
1.24464e-04
-1.06458e-05
-6.89359e-05
4.93902e-06
2.22978e-04
6.69907e-05
-8.96152e-05
-2.11878e-04
-8.48246e-05
-1.90269e-05
2.67809e-05
1.28479e-04
-1.93300e-04
1.77891e-05
1.89749e-04
2.81382e-05
-9.41854e-05
2.95958e-05
3.79906e-04
-9.85279e-05
-3.75241e-04
-2.08209e-04
9.57063e-05
3.61143e-04
-6.39269e-06
-2.57385e-04
-1.21703e-04
2.94447e-04
1.26476e-04
-2.77545e-04
-3.95251e-05
1.45879e-04
4.17420e-06
-8.83331e-05
3.22302e-05
-4.63815e-06
1.11264e-04
-2.89036e-05
-1.89848e-04
1.48870e-04
1.00744e-04
-8.44993e-05
-8.42650e-05
1.02407e-04
-9.99811e-05
-1.42031e-04
1.50156e-04
-1.37474e-04
-7.49543e-06
2.36019e-04
1.96464e-04
4.88322e-06
-2.20730e-04
-1.36166e-04
-5.09135e-05
1.47409e-04
1.70882e-05
2.25488e-05
2.51609e-04
9.72903e-05
-2.11424e-04
-4.49016e-04
-1.78062e-05
1.80345e-04
1.46326e-05
1.39520e-04
6.81008e-05
-4.33899e-06
9.23787e-06
-4.30427e-05
-9.77500e-05
8.12853e-05
-2.39068e-07
-2.29081e-05
9.45527e-05
-1.37617e-04
3.19245e-05
2.71433e-05
-7.54355e-05
-9.57636e-05
1.29725e-05
3.46596e-04
1.17373e-04
-1.86704e-04
-1.93382e-04
6.03763e-06
-1.88507e-05
1.15231e-04
1.00991e-04
-2.12020e-04
-3.66459e-05
-1.07274e-04
1.31791e-04
2.47021e-04
-8.58259e-05
-1.01459e-04
-1.32501e-04
1.07622e-04
1.32489e-04
-1.02708e-04
-1.79277e-04
-2.01499e-05
1.77755e-04
1.41188e-04
5.42971e-05
-1.64131e-04
5.03515e-05
1.25550e-04
-1.28534e-04
-1.14068e-04
-1.34464e-04
4.72935e-05
1.33503e-04
1.74461e-04
-5.31637e-05
-2.60888e-04
4.37558e-05
2.30554e-04
1.39821e-04
-3.03623e-04
-1.22834e-04
5.00582e-05
9.39323e-05
1.85620e-04
-2.47975e-04
5.51775e-05
8.67657e-05
7.99007e-05
5.36952e-05
-1.32708e-04
1.40553e-04
-2.11107e-04
-1.60341e-04
1.27824e-05
6.42586e-05
1.90358e-05
2.47220e-05
9.01018e-05
-2.17747e-04
6.32688e-05
6.49141e-05
2.64877e-04
-2.02837e-05
-5.09101e-04
1.43215e-04
2.59451e-04
9.29739e-05
-3.22161e-04
-9.47678e-05
3.89092e-04
-1.07045e-04
-2.42472e-04
-4.79566e-06
2.75124e-04
1.76260e-05
-1.64685e-04
-4.61080e-05
-2.06171e-04
1.04140e-04
2.81599e-04
6.54195e-05
-2.73219e-04
-9.25293e-05
1.18182e-04
-8.75364e-05
1.55619e-04
3.99960e-05
4.11386e-05
-6.37634e-05
-1.23742e-04
1.87269e-04
-3.34835e-05
-6.54781e-05
-1.24151e-04
4.83353e-05
1.45403e-04
7.36065e-05
2.67300e-05
-1.34927e-04
-7.66312e-05
-1.23944e-04
1.76249e-04
-5.89949e-05
-1.02159e-04
1.87306e-04
-1.51018e-04
-3.39991e-05
9.28641e-06
-1.48466e-05
-9.18652e-05
1.45400e-05
1.72488e-04
6.59312e-05
2.67321e-04
-8.08889e-05
-3.47775e-04
-2.05637e-05
2.15785e-04
-1.17514e-05
-1.85589e-04
2.68199e-04
5.86869e-05
-2.94296e-04
-2.50191e-04
-1.11020e-04
3.34974e-04
1.73421e-04
1.28081e-05
1.15651e-04
-1.89692e-05
-1.83025e-04
-2.39015e-04
1.36807e-04
3.32155e-04
-1.42140e-05
-3.24343e-04
1.04248e-04
3.57312e-04
-9.20931e-05
-3.41731e-04
-2.38477e-04
1.62987e-04
1.75904e-04
1.14335e-04
2.83370e-05
-2.01975e-04
4.89206e-05
1.58973e-04
-6.58688e-05
-1.43053e-04
1.23260e-04
5.34016e-05
-4.20196e-05
-5.92965e-05
-1.12950e-04
2.33105e-04
-8.15684e-05
-1.91071e-04
5.58833e-05
6.34077e-05
2.32988e-04
9.99069e-05
2.74120e-06
-2.17581e-04
-1.09629e-04
1.94982e-04
-6.70302e-05
-2.86773e-04
-4.12308e-06
2.49028e-04
-9.41911e-05
8.53656e-06
9.63311e-05
-5.04765e-05
9.70986e-05
-5.09013e-05
2.31794e-05
8.20960e-05
-1.09144e-04
-1.36105e-04
-7.60015e-05
6.78932e-05
1.71717e-04
1.28685e-04
3.97703e-05
-1.57618e-05
-1.37792e-04
1.69546e-05
9.07476e-05
-9.38180e-05
-3.08494e-05
-1.21499e-04
1.26680e-04
-4.11392e-07
-4.01175e-04
2.39751e-04
2.97495e-04
1.35047e-04
-4.62217e-05
-3.68722e-04
5.61401e-05
1.07563e-04
-9.00004e-05
-9.05271e-05
1.41476e-04
1.29082e-04
1.06952e-05
5.91023e-07
-9.13804e-05
1.18265e-04
-3.32340e-05
-1.05927e-05
-1.45695e-04
-3.07559e-05
3.49954e-04
-3.05958e-04
-2.42072e-04
2.33563e-04
2.05669e-04
1.51595e-05
-1.92139e-04
-1.30813e-04
1.42738e-04
3.32663e-04
-3.87786e-05
-1.75931e-04
-1.45063e-04
5.25976e-05
2.29557e-04
-9.02477e-05
-2.68592e-04
-1.24810e-04
4.55012e-04
1.45409e-04
-5.04857e-04
-2.60499e-05
3.55395e-04
9.94053e-05
-7.17790e-05
-4.23634e-05
-2.55035e-04
-4.64797e-05
1.27103e-04
-3.53364e-05
1.25589e-04
2.92467e-05
1.22856e-05
-3.21264e-05
-1.06922e-04
6.20662e-05
-1.70765e-04
-1.88271e-05
2.12915e-04
4.33994e-06
7.84554e-05
1.61146e-06
-5.73395e-05
-6.87219e-05
-5.44075e-05
-1.23508e-05
-1.82857e-05
1.69112e-04
9.47429e-05
-2.95265e-05
-2.22672e-04
-2.29719e-04
-1.97200e-06
1.98079e-04
1.51369e-04
-9.36660e-05
1.99086e-04
1.82054e-04
-2.32100e-04
-3.22777e-04
9.78016e-05
2.43366e-04
-7.81214e-05
-4.04507e-05
-1.23582e-04
-1.01161e-04
1.09195e-04
9.33981e-05
-1.13977e-04
-1.19349e-04
1.39283e-04
3.18082e-04
6.84159e-05
-3.31094e-04
-9.47921e-05
5.81517e-05
5.60104e-05
8.36389e-05
-9.81010e-05
-1.41239e-04
-2.84810e-05
1.86973e-04
2.58149e-04
3.38908e-06
-2.03320e-04
-1.04381e-04
1.13840e-04
1.64952e-05
-2.57259e-04
-4.76524e-05
2.25642e-04
1.62429e-04
-1.45058e-04
-1.05941e-04
1.03788e-04
5.72204e-05
1.45815e-04
-6.22348e-05
-1.84346e-04
-8.37995e-05
-2.89715e-05
-1.00973e-04
-8.98775e-06
1.67707e-04
5.15389e-05
6.55427e-05
4.48957e-05
1.96401e-04
3.47872e-05
-2.83241e-04
-1.88844e-04
1.41220e-04
1.67256e-04
-1.85135e-04
-8.17851e-05
1.25488e-04
1.25926e-04
-2.21539e-04
-1.50163e-04
1.23586e-04
2.06027e-04
1.02697e-04
-2.77008e-04
5.34191e-05
1.64499e-04
-9.22292e-05
-1.76472e-04
-6.57574e-05
7.97648e-05
-1.11027e-05
2.08196e-05
2.38731e-04
6.80170e-05
-2.18436e-04
1.26705e-04
-2.33833e-05
-6.19267e-05
4.27415e-05
-2.05351e-04
-3.94673e-05
6.85180e-05
1.09432e-04
3.46342e-05
-1.38637e-04
-1.87039e-04
2.67635e-04
1.87663e-04
-2.18717e-04
-4.44138e-05
9.57591e-05
2.60713e-04
-3.01063e-04
-2.45763e-04
3.76263e-04
7.03434e-05
-2.22647e-04
-2.79875e-04
9.68137e-05
2.71703e-04
7.81943e-05
2.42864e-05
-1.19180e-04
6.99592e-06
6.59134e-05
-1.56194e-04
-1.36645e-04
1.05340e-04
1.98267e-04
-4.14625e-05
-1.49000e-04
-7.76835e-05
1.02132e-04
1.86465e-04
-7.98177e-06
-8.92313e-06
-1.14340e-04
-8.08007e-05
7.07544e-05
4.86356e-05
-2.21995e-05
-1.55007e-04
6.52749e-05
2.37215e-04
3.09166e-05
-2.33052e-04
-5.77202e-05
7.14672e-05
5.08389e-05
1.45055e-05
-1.30103e-04
2.40371e-04
1.61023e-04
-3.85228e-04
-4.29927e-04
1.30994e-04
3.83771e-04
5.05445e-06
-5.17837e-05
2.81982e-05
1.68779e-04
-7.08167e-06
-1.84225e-04
-4.61345e-05
5.17093e-05
2.30447e-04
2.57471e-05
-1.41878e-04
-2.48251e-04
-9.19909e-05
1.75234e-04
-2.09212e-04
-1.17794e-04
2.62938e-04
4.40769e-04
9.91987e-05
-4.49630e-04
-1.28196e-04
8.77285e-05
1.20876e-04
-4.56982e-05
-7.37697e-05
7.37031e-05
3.29162e-05
2.20991e-04
-1.60711e-04
-1.81555e-04
-2.17590e-05
3.88313e-06
1.70841e-04
7.28888e-06
3.52024e-06
-9.09541e-05
3.09286e-05
-4.74616e-05
-1.62578e-06
1.00669e-04
-1.01723e-04
2.44180e-05
6.99911e-05
5.63199e-05
-2.04690e-04
1.65357e-05
1.83356e-04
-9.43880e-05
-1.09988e-04
-1.18699e-05
2.26373e-04
9.42486e-05
-9.61000e-05
-1.58827e-04
3.70980e-05
1.00204e-05
-1.65632e-05
1.18204e-04
-1.44819e-04
1.70099e-04
1.69258e-04
-6.16399e-05
-7.23738e-05
-1.19794e-04
4.38024e-05
-2.51011e-04
-1.49472e-04
6.87954e-05
8.98807e-05
2.21194e-04
5.10474e-05
-7.13064e-05
-1.17936e-04
1.48623e-04
4.82569e-05
-5.14062e-06
1.35828e-04
-1.70365e-04
-1.54584e-04
-9.16456e-05
1.84795e-04
9.18572e-05
-2.64828e-04
-1.99590e-04
1.12705e-04
4.21679e-04
-4.52327e-05
-1.46604e-04
1.74201e-04
8.56902e-05
-1.96075e-04
-1.61884e-04
-3.43225e-05
-1.17932e-04
1.60758e-04
7.19453e-05
-8.33973e-05
4.68739e-05
1.39256e-04
6.28774e-05
-1.00206e-04
4.92706e-05
-1.42254e-04
-1.50381e-04
6.68992e-05
1.27542e-04
1.13731e-04
-2.04069e-04
-6.74286e-05
1.23919e-04
1.44870e-04
-3.77822e-05
-2.73602e-04
2.19622e-04
2.71533e-04
-9.46758e-05
-2.10555e-04
-1.58187e-04
-1.48967e-05
5.37384e-05
6.37232e-05
-1.67102e-04
1.18423e-04
2.38834e-04
2.58664e-05
1.26327e-04
-1.83154e-05
-9.73675e-05
-6.45200e-05
-4.45978e-05
-1.53894e-04
4.52851e-05
1.75258e-04
-1.23933e-04
-6.61451e-05
1.06844e-04
1.08066e-04
-2.48405e-04
-2.32855e-04
3.04278e-04
3.15704e-04
-6.83867e-05
-2.30438e-04
-1.93695e-05
2.30014e-04
1.19569e-04
-3.35601e-04
-2.70032e-04
2.52899e-04
1.91707e-04
-1.18787e-04
-1.93554e-04
1.08323e-04
2.41189e-04
-8.80474e-05
-1.44041e-04
-1.27202e-05
1.41946e-04
2.94979e-06
-4.13614e-06
8.89233e-05
-8.07817e-05
-7.87618e-05
-1.38491e-04
-5.53522e-05
1.03682e-04
2.37067e-04
-2.89231e-05
-8.99458e-05
1.70825e-04
-1.35227e-04
-2.82453e-04
-1.95815e-05
3.81774e-04
1.64475e-04
-3.45195e-04
-2.18764e-04
2.05555e-04
6.25586e-05
-1.53862e-04
1.36271e-04
2.36157e-04
2.86155e-05
-2.77398e-04
-2.85521e-05
8.22077e-05
-1.27021e-04
-6.82210e-05
-3.14986e-05
-6.21101e-05
-5.48132e-06
2.34997e-04
2.27684e-05
-1.43866e-04
1.15429e-05
1.18698e-04
1.76622e-04
-5.66239e-06
-1.63823e-04
-1.01514e-04
6.94644e-05
-4.90125e-05
-2.87495e-04
-7.23930e-05
2.78288e-04
1.49905e-04
-1.10118e-04
-3.20461e-05
7.70119e-05
3.97395e-05
-2.42067e-05
2.81130e-05
2.97154e-05
-2.85878e-04
-2.20194e-04
3.04907e-04
3.73962e-04
-1.01057e-04
-3.77931e-04
5.44688e-05
2.49311e-04
-9.31160e-06
-7.47651e-05
-2.07528e-05
5.67745e-05
7.85139e-05
-9.63520e-05
-3.68577e-04
1.58310e-05
4.03735e-04
-5.13913e-05
-3.53062e-04
8.65980e-05
4.85539e-04
9.25726e-05
-3.44704e-04
-1.08169e-04
3.00305e-04
1.46391e-04
-3.32086e-04
-2.40976e-04
1.13722e-04
1.12103e-05
-1.16853e-04
1.78289e-04
3.58516e-04
-3.94110e-05
-2.31277e-04
1.40850e-05
1.93032e-05
1.09319e-04
9.59259e-05
-1.57063e-04
-9.62767e-05
-8.76598e-05
-1.37834e-04
4.71471e-05
1.13279e-04
1.07740e-04
-1.33071e-04
-1.90837e-04
4.13570e-04
2.79747e-04
-1.75692e-04
-1.83897e-04
-9.01708e-05
7.96868e-06
-8.54740e-05
2.38321e-05
5.32058e-05
6.87932e-05
-5.21990e-05
-5.43094e-06
1.36853e-04
-3.83041e-05
6.64364e-05
-1.82783e-04
-2.40365e-04
8.38803e-05
2.46196e-04
-1.80575e-05
-2.72335e-04
9.81335e-05
1.72540e-04
1.95265e-04
-5.65247e-05
-2.09380e-04
2.98069e-05
1.45700e-04
1.69734e-04
-2.59524e-04
-1.51229e-04
2.20040e-04
1.00892e-04
-2.21392e-04
-2.72145e-04
1.44879e-04
3.56543e-04
1.16929e-04
-3.31087e-04
-4.86771e-05
2.11808e-04
-4.76409e-05
-4.73552e-06
-5.18530e-05
-2.01049e-05
1.31861e-06
1.52084e-05
9.58248e-06
-2.16341e-05
2.43219e-04
1.51077e-05
-3.16994e-04
-1.47786e-04
1.57749e-04
2.29713e-04
6.79387e-05
-6.22781e-05
-7.97930e-05
7.22463e-05
-1.64040e-04
-6.94007e-05
1.37958e-04
-1.27277e-04
8.88680e-05
2.00179e-04
5.80690e-05
-2.30631e-04
-2.78953e-04
4.26880e-05
1.55263e-04
1.07167e-04
-7.38617e-06
9.96668e-05
7.65435e-05
4.86412e-05
-9.80493e-05
-2.29117e-04
3.18170e-05
6.82075e-05
4.95412e-05
-2.02766e-05
-1.23838e-04
6.91526e-05
1.98057e-04
1.36244e-05
-1.22317e-04
-2.20813e-05
8.51455e-05
-9.61851e-05
-1.72006e-04
-1.12662e-05
-5.86184e-05
1.05116e-04
2.11048e-04
6.01705e-05
1.29300e-04
5.14208e-05
-2.04294e-04
-1.09611e-04
2.16742e-04
9.39901e-05
-3.08998e-04
-2.08836e-04
2.30080e-04
9.34160e-05
-3.12096e-04
-6.09740e-05
1.73023e-04
1.28687e-04
4.22954e-05
-1.00640e-04
7.14000e-05
8.64787e-05
2.04350e-05
2.38499e-05
-1.28306e-04
-1.22866e-04
6.02322e-05
1.54056e-04
-1.29074e-04
-9.10795e-05
2.81003e-04
6.53339e-05
-3.11157e-04
6.69892e-05
3.51664e-04
-2.14671e-04
-3.50142e-04
5.85107e-05
2.70294e-04
-2.23884e-05
-1.46541e-04
2.22063e-04
9.92337e-05
6.66298e-06
-1.80203e-04
-1.47751e-04
2.37582e-04
-4.72622e-05
-4.17200e-05
-4.88387e-05
-1.91948e-04
-1.61307e-05
1.78385e-04
2.50345e-04
-4.83146e-05
-1.26136e-04
5.86730e-05
3.40025e-04
3.00263e-05
-3.66261e-04
-2.01526e-04
4.01616e-05
1.59313e-04
-2.01357e-04
-3.06086e-05
4.84763e-05
-1.80949e-05
1.85397e-04
5.53123e-05
-1.09215e-04
-2.03798e-04
1.89239e-04
1.05916e-04
-9.04262e-05
-1.10704e-04
3.73468e-06
3.99144e-04
-9.37121e-05
-3.28305e-04
-2.51741e-05
2.35602e-04
7.35053e-05
-1.86052e-04
-7.85942e-05
-2.76941e-04
1.80039e-05
2.39658e-04
1.58240e-05
-1.07303e-04
4.62104e-05
3.10783e-04
-2.29344e-04
-1.90936e-04
2.49742e-04
1.72773e-04
3.57423e-05
-2.62096e-04
-1.97479e-04
-5.27247e-05
6.68496e-05
-4.03012e-05
7.40617e-06
1.21090e-04
-9.89362e-05
1.10088e-04
2.25241e-04
1.02942e-04
-3.01677e-04
-7.78325e-05
2.30524e-04
-2.18052e-04
-1.36347e-04
-5.84744e-06
-2.31459e-05
-1.00234e-04
7.05112e-05
1.84848e-04
1.38270e-04
3.20969e-05
-2.99749e-04
7.08600e-05
2.15545e-04
-3.65179e-05
-2.58173e-04
-7.17666e-05
2.99206e-04
-1.75956e-05
-8.95596e-05
-1.28687e-04
1.00167e-05
2.16027e-04
4.27354e-06
-5.11440e-05
-3.44331e-05
5.53672e-06
-4.03103e-05
-5.87252e-05
-2.43153e-04
-1.03574e-04
2.57123e-04
1.89034e-04
1.04806e-04
-1.32910e-04
9.23299e-05
1.72560e-04
-1.39497e-04
-4.55758e-05
-5.69275e-05
4.94664e-05
-4.13469e-05
-1.59740e-04
-1.58870e-04
-1.93732e-05
2.93937e-04
3.17964e-06
-1.51532e-04
-6.00334e-05
2.37274e-04
1.42843e-04
-2.71151e-04
-1.42089e-04
-7.73810e-05
2.63951e-04
1.73934e-04
-1.25211e-04
-1.68649e-04
-1.04528e-04
2.34366e-04
5.86430e-05
-1.48122e-04
-2.17813e-04
1.32411e-04
2.92799e-04
-6.45950e-05
-1.16505e-04
-3.81913e-05
1.93152e-05
-1.13428e-04
1.37019e-04
4.44315e-05
-2.08085e-04
6.00005e-05
1.58487e-04
1.00501e-04
-2.34673e-04
-1.99036e-05
2.30093e-04
-2.64391e-05
-1.12123e-04
-5.95863e-05
1.39242e-05
-1.66590e-04
-2.30459e-05
2.59373e-04
1.10747e-04
-1.56236e-04
-1.64083e-05
2.38105e-04
2.65608e-05
-1.15744e-04
-1.12210e-04
7.65319e-05
9.54535e-05
-2.36520e-04
-2.71521e-04
-7.29840e-05
1.89882e-04
2.49772e-04
7.60587e-05
-1.06003e-04
-1.13508e-04
1.58176e-04
2.08705e-04
-1.78033e-04
-2.63117e-04
1.71488e-04
1.95083e-04
-3.89483e-05
-1.06351e-05
-1.72331e-04
-1.31451e-04
1.98013e-04
-9.52283e-06
-2.29861e-04
1.32798e-04
2.00601e-04
-8.27147e-05
4.01231e-05
-1.03620e-04
-3.23825e-04
2.92180e-04
4.25267e-04
-1.86338e-04
-2.93762e-04
6.77578e-05
2.38709e-04
-5.84716e-05
-8.86016e-05
1.15144e-05
-5.91407e-05
-4.74047e-05
-1.51777e-04
9.23799e-05
1.41361e-04
-8.57996e-05
1.15333e-04
3.25418e-04
-4.68438e-05
-5.11843e-04
1.28220e-04
2.88787e-04
-2.52292e-04
-4.12415e-05
1.46890e-04
1.16222e-04
-1.15462e-04
-9.91181e-05
1.40213e-04
8.88441e-05
-5.99936e-05
-1.35404e-04
2.74430e-05
-8.70762e-06
-6.50791e-05
5.64965e-05
1.63182e-04
5.17028e-05
-4.46288e-05
3.06002e-05
-5.51810e-05
1.03726e-04
-1.08986e-06
-2.09636e-04
-1.69117e-04
-6.68143e-05
2.33318e-04
1.28204e-06
-8.18691e-05
8.93449e-05
1.41186e-04
1.34233e-04
-6.76464e-05
1.06150e-04
8.26229e-05
-5.60075e-05
-7.77910e-05
-1.46519e-04
-1.27702e-04
-2.88280e-05
9.52366e-05
1.24211e-04
1.37125e-04
-2.29519e-04
-7.25780e-05
1.86308e-04
8.13232e-05
4.36641e-05
-3.32472e-04
9.08947e-06
3.48399e-04
1.03429e-04
-1.91405e-04
-2.91219e-04
5.88140e-05
1.83277e-04
3.81478e-05
-5.03555e-05
1.19649e-04
-3.28817e-05
-7.32017e-05
1.76351e-04
-2.73493e-05
-7.72802e-05
-1.43370e-04
-3.85193e-05
4.51937e-05
-1.61304e-04
1.44050e-04
1.37220e-04
-9.16031e-05
-3.56498e-05
4.81888e-05
1.17252e-04
-9.55576e-06
1.61066e-05
-1.69861e-04
-1.35483e-04
5.87295e-05
9.87546e-06
5.65908e-05
1.97472e-05
1.18274e-04
-6.06815e-05
-2.40546e-05
-8.36172e-05
-1.78953e-04
3.09168e-04
3.39086e-04
-1.73342e-04
-5.29625e-04
7.06839e-05
3.81890e-04
-7.32410e-05
-3.11236e-04
-5.46659e-05
3.72212e-04
1.38992e-04
-2.38187e-04
-2.60866e-04
1.15964e-04
2.63760e-04
9.13176e-05
-4.09232e-05
-2.33965e-04
4.93982e-05
1.87196e-04
-1.74000e-04
-9.98801e-05
1.82466e-04
1.69324e-04
-1.35896e-04
-3.05985e-04
8.11726e-05
2.48516e-04
-4.28635e-05
-1.66793e-04
-2.06834e-05
1.47106e-04
7.83608e-05
-2.65815e-04
-1.39703e-04
2.65150e-04
1.00545e-04
-2.73484e-05
3.68767e-05
1.75805e-04
4.76404e-05
-2.34057e-04
-1.33407e-04
-8.67391e-05
-1.99915e-05
6.65472e-05
3.47045e-05
-1.55657e-05
9.10254e-06
1.38086e-05
-3.77617e-05
4.85143e-05
-9.66060e-06
-1.41743e-05
1.07717e-04
-8.09888e-05
-9.40802e-05
8.75954e-05
1.33553e-04
1.68007e-05
-1.29596e-04
5.78802e-05
-1.56028e-04
-3.26810e-04
1.76028e-04
3.36199e-04
-1.05576e-04
-2.30057e-04
2.34054e-04
2.46228e-04
-1.91925e-05
-2.86093e-04
-1.24818e-04
4.00742e-04
9.24173e-05
-2.30975e-04
-1.97942e-04
-1.37284e-04
3.14833e-05
1.09635e-04
1.14327e-04
-5.51511e-05
-1.55051e-05
2.40350e-04
3.83058e-06
-2.52921e-04
9.00004e-05
1.01542e-04
-1.99138e-04
-7.68577e-05
9.80649e-05
1.82423e-04
-1.30203e-04
-2.18739e-04
2.83602e-04
2.15960e-04
-1.51755e-04
-1.80865e-04
-5.13586e-05
-8.63994e-05
-7.11770e-05
3.93562e-05
1.05456e-04
1.57353e-04
-2.89163e-05
4.91988e-05
8.94901e-05
3.64842e-05
-1.50695e-04
-3.93523e-04
1.56039e-04
1.96222e-04
-1.68410e-04
-4.84973e-05
8.59312e-06
8.58387e-05
1.11469e-04
-6.31676e-05
-1.02868e-04
2.43337e-04
3.67617e-05
-3.48741e-04
-1.18255e-04
1.91499e-04
3.11382e-04
-1.38261e-04
-2.84310e-04
2.72663e-05
3.52511e-04
2.08523e-04
-4.52766e-04
-1.52054e-04
2.38314e-04
9.28712e-06
-2.17900e-04
-6.89611e-05
1.13085e-04
1.94994e-04
4.12759e-04
-1.65873e-04
-3.30150e-04
5.54139e-05
1.33340e-04
1.45644e-05
-3.12041e-04
3.21463e-05
1.63571e-04
7.72340e-05
-6.32603e-06
-1.41268e-04
1.39324e-04
7.54436e-05
-1.56556e-04
-1.14818e-04
2.51222e-04
-1.12057e-04
-3.23246e-04
3.14460e-04
2.58207e-04
-3.62712e-05
-2.83908e-04
-7.38628e-05
1.35732e-04
1.26382e-04
1.64188e-04
-1.29469e-04
-2.31945e-05
-1.02559e-04
-1.57251e-04
7.82234e-05
3.21563e-05
3.98202e-06
-5.13244e-05
5.97796e-05
1.70038e-04
4.46575e-05
-1.70756e-04
-1.40572e-04
7.39095e-05
1.43252e-04
1.62758e-04
-1.09793e-04
-1.30495e-04
1.78714e-05
-1.05782e-04
3.55640e-05
8.52734e-05
6.91023e-05
-1.20185e-04
-1.63674e-04
1.14691e-04
7.05254e-05
8.33300e-06
-8.58078e-05
1.30841e-04
2.19690e-04
5.40879e-05
-1.21907e-04
-2.75539e-04
1.13115e-05
8.53542e-05
2.66806e-06
-1.47629e-04
-3.95264e-05
9.70918e-05
1.35116e-04
6.40405e-06
-3.39450e-04
4.19436e-05
3.13639e-04
1.91077e-04
-2.60717e-04
-1.66044e-04
4.05277e-04
3.33168e-06
-3.43181e-04
-1.53669e-04
2.50077e-04
2.93349e-04
-1.71385e-04
-3.43533e-04
-6.20678e-05
2.48974e-04
1.37938e-04
-2.63157e-04
-1.16328e-04
1.82534e-04
-6.70477e-05
5.21319e-05
2.88929e-04
3.40731e-05
-1.62496e-04
-2.30563e-05
1.00411e-04
-7.09858e-05
-2.40289e-04
-1.26273e-04
1.21439e-04
2.95528e-04
1.42158e-04
-1.93748e-04
-1.05295e-04
-5.92239e-05
-1.05432e-04
7.96482e-05
5.84680e-05
-5.32491e-05
1.73834e-04
2.70963e-04
-8.61696e-05
-2.34430e-04
-1.68333e-04
-1.05232e-06
9.59786e-06
-5.65262e-05
8.46692e-06
-2.31576e-05
4.99039e-05
6.54806e-05
1.10785e-04
3.54844e-05
-1.50065e-04
-1.18123e-04
1.93006e-04
3.17766e-04
-2.18664e-04
-3.45777e-04
3.21346e-05
2.35692e-04
-6.54887e-05
-4.63305e-04
5.79826e-05
4.91349e-04
2.56141e-05
-4.87162e-04
-2.12062e-04
4.74526e-04
2.41499e-04
-4.02686e-04
-1.42010e-04
2.92443e-04
1.70070e-04
-4.20531e-05
-2.25549e-04
-1.25101e-04
2.70527e-04
1.46851e-04
-2.01406e-04
-1.79448e-04
-1.03112e-04
4.30182e-05
-2.14669e-05
2.74978e-05
1.92911e-04
-1.00808e-04
4.94761e-05
1.75979e-04
-8.96433e-05
-3.22207e-04
-1.95607e-04
3.46535e-04
2.57028e-04
-9.76007e-05
-1.52647e-04
7.20957e-05
1.01395e-04
-5.01818e-05
-1.43183e-04
-1.05669e-04
8.98026e-05
-9.62654e-05
1.98615e-05
1.80168e-04
1.14939e-04
-1.84400e-04
-1.76635e-04
3.36625e-04
2.03000e-05
-1.66526e-04
-5.85495e-05
-4.56887e-05
4.48531e-06
3.95826e-05
6.21166e-05
-1.81458e-04
-5.67903e-05
1.24135e-04
2.17987e-04
1.20953e-04
-1.14980e-04
3.51324e-05
2.01296e-05
-3.85423e-05
-1.53702e-04
-1.71968e-04
2.35128e-04
9.85833e-05
-2.40159e-04
-2.80268e-05
3.59033e-04
3.18944e-04
-4.03143e-04
-4.91332e-04
1.59100e-04
3.42299e-04
-1.83618e-05
-2.96702e-04
-6.87523e-05
2.77222e-04
3.21166e-04
-1.05306e-04
-2.14094e-04
-4.16144e-05
1.25998e-04
2.64870e-04
-1.39827e-04
-2.83626e-04
-6.92177e-05
3.03430e-04
1.53642e-04
-3.23378e-04
-2.05616e-04
1.93492e-05
3.54390e-04
7.95346e-05
-1.93405e-04
-6.44108e-05
9.62888e-05
2.48930e-04
-1.44045e-04
1.08159e-05
3.94223e-05
-2.30099e-04
7.32022e-06
1.53740e-04
2.07279e-04
5.83307e-05
-1.10470e-04
-2.58166e-04
-4.64201e-05
2.07320e-04
1.14062e-04
-8.15381e-05
-2.50810e-04
-2.74377e-06
7.22306e-05
1.97554e-04
1.46094e-04
-2.09289e-04
7.66438e-05
1.08645e-04
-1.09533e-04
6.72703e-06
-6.97138e-05
-4.80910e-05
8.56938e-05
-2.39627e-05
-1.12996e-05
1.07993e-04
1.01817e-04
-3.96031e-05
-1.94944e-04
8.65519e-05
2.55129e-04
-1.13917e-04
-2.16344e-04
5.91332e-06
3.17671e-04
7.25287e-05
-4.78210e-04
-1.27719e-04
4.35813e-04
2.16438e-04
-2.88777e-04
-6.97834e-05
1.25203e-04
-6.60304e-05
-1.19664e-04
-1.22910e-04
7.07857e-05
1.86574e-04
3.11584e-04
7.79595e-05
-1.17221e-04
-2.42397e-05
-1.87819e-04
-9.18516e-05
3.21556e-06
6.07605e-05
-2.98507e-06
-6.09152e-05
2.50949e-05
-4.53716e-05
-5.46693e-05
2.12560e-05
2.00206e-04
5.76434e-05
-4.12291e-06
5.51599e-05
-1.03154e-04
1.41168e-07
-5.58097e-05
-4.53844e-05
1.10871e-04
1.54524e-04
1.15141e-04
-2.14972e-04
-1.77261e-04
2.63553e-04
2.48755e-04
-2.89682e-04
-4.51294e-04
-9.61608e-05
2.63972e-04
2.13312e-04
-1.11495e-04
4.67498e-05
1.54578e-04
1.50571e-04
8.32580e-05
-1.02887e-04
-6.92840e-05
-2.56022e-04
4.17747e-06
1.51013e-04
-1.02965e-04
6.01157e-05
5.41645e-05
8.58952e-06
-3.41078e-05
8.93856e-05
1.36985e-04
-2.65282e-05
-1.15686e-04
-1.46045e-04
5.39429e-05
-3.51058e-05
8.42954e-05
8.02889e-05
-2.31494e-04
-6.97311e-05
1.83980e-04
2.66627e-04
-7.58469e-05
-2.62427e-04
1.37447e-05
2.37321e-04
-2.07946e-05
-2.06555e-04
6.55361e-05
6.13415e-05
-2.86858e-05
-1.36731e-05
5.59347e-05
6.65822e-05
1.75898e-04
1.52477e-04
-2.18421e-04
-2.69973e-04
-1.26661e-04
6.23866e-05
1.07315e-05
-5.69530e-05
1.64811e-04
9.84594e-05
1.02215e-05
-5.12356e-05
2.90451e-05
2.26529e-04
-1.42684e-04
-2.78132e-04
9.47407e-05
2.13777e-04
6.56128e-05
-2.28697e-04
-2.35049e-04
8.96348e-05
3.39837e-04
1.19101e-04
-2.93402e-04
-7.20016e-05
9.39340e-05
-2.46364e-05
-2.24067e-05
-1.07604e-04
2.20906e-06
7.06149e-05
3.69102e-05
2.43460e-06
3.33795e-05
2.28623e-04
-2.19945e-05
-3.25822e-04
-2.49195e-05
2.10537e-04
-9.54769e-05
-2.49633e-04
1.55686e-05
3.02776e-04
2.62727e-04
-1.86945e-04
-3.32426e-04
-2.32805e-05
1.54171e-04
1.82275e-04
-1.12993e-04
-2.69920e-04
2.53704e-04
1.82224e-04
-7.37443e-05
-6.53015e-05
-3.39186e-04
3.68022e-06
3.27167e-04
1.44586e-04
-8.20714e-05
-9.78661e-05
9.62236e-05
-3.44119e-06
-1.52676e-04
-6.26537e-05
-2.83003e-06
-8.76059e-05
1.85018e-04
3.23567e-04
-3.89072e-06
-2.04970e-04
-2.75166e-04
1.70670e-05
1.46484e-04
-1.42158e-04
-5.31601e-05
9.64139e-05
5.75119e-05
-1.95692e-05
-1.32373e-04
4.12360e-05
1.97414e-04
-4.45250e-05
-2.08138e-04
8.50428e-05
8.03233e-06
-1.05702e-04
1.80134e-04
1.11963e-05
-4.93292e-05
-1.30029e-04
-6.41269e-06
5.19955e-05
-2.63684e-04
4.59657e-05
4.73219e-05
-5.38953e-05
2.60269e-05
8.17964e-05
2.41081e-05
-1.53414e-04
9.78799e-05
1.61024e-04
-2.33403e-05
-2.10220e-04
-1.41082e-05
1.83112e-04
-1.50975e-04
-3.26201e-04
1.20383e-05
2.36742e-04
9.26802e-06
-4.91130e-05
-6.80399e-05
3.01258e-05
1.57840e-04
3.17869e-05
-7.32396e-05
-1.42585e-04
-3.28288e-04
-1.93940e-04
4.03465e-04
3.86512e-04
-1.12351e-04
-1.70266e-04
3.05995e-05
-5.90657e-05
-1.47201e-04
-8.35413e-05
3.10989e-05
-4.40148e-06
-3.11885e-06
-2.00827e-04
-2.12205e-04
5.62350e-04
2.46229e-04
-2.63120e-04
-2.30026e-04
-3.28895e-05
2.32205e-04
1.40930e-04
3.36331e-05
-4.39900e-04
-2.31810e-04
1.17721e-04
9.98370e-05
-1.51897e-04
-4.65022e-06
2.65255e-04
-1.43810e-04
1.56715e-04
1.89942e-04
2.48546e-04
1.49775e-04
-2.53939e-04
-1.37715e-04
2.14949e-05
3.25956e-04
1.62931e-04
-1.05674e-04
-1.44235e-04
1.72968e-04
1.43041e-04
-2.11461e-04
-1.91469e-04
-2.33698e-04
2.45740e-04
5.97558e-04
4.30120e-04
5.35306e-04
3.50720e-04
-1.74414e-04
-2.68339e-04
2.71549e-04
6.18816e-04
-1.26666e-04
-7.97546e-04
-1.07140e-03
-1.20646e-03
-6.81677e-04
1.18684e-04
3.94364e-04
-2.19686e-04
-9.12211e-04
-1.08831e-03
-1.22313e-04
6.48934e-04
3.56529e-04
9.52120e-05
2.61078e-04
1.06159e-03
1.22053e-03
5.81185e-04
1.99066e-04
4.75373e-04
3.56526e-04
-3.88070e-05
-6.44449e-05
-3.52808e-04
-8.23636e-04
-1.43102e-03
-7.99874e-04
3.04714e-04
9.55873e-04
1.46920e-03
1.35321e-03
8.81836e-04
-1.72718e-04
-1.18375e-03
-1.85872e-03
-2.00434e-03
-1.38693e-03
-7.29230e-04
-6.02284e-04
-7.57771e-04
-3.57065e-04
3.78751e-05
3.82691e-04
1.50704e-03
2.31143e-03
1.60177e-03
-3.52404e-04
-1.98571e-03
-1.40153e-03
7.58428e-04
2.54707e-03
2.76347e-03
1.85488e-03
4.68538e-04
-9.21214e-04
-1.18968e-03
-7.71468e-04
-9.72901e-04
-2.17348e-03
-2.51736e-03
-1.10129e-03
1.42617e-03
2.87114e-03
1.27544e-03
-4.78068e-04
-3.26382e-04
9.07680e-04
1.16403e-03
3.76225e-04
-6.46468e-05
-4.05798e-04
-2.48292e-04
3.18776e-05
3.65096e-05
-1.09473e-04
5.98171e-05
3.80482e-04
-4.01197e-04
-1.80303e-03
-2.46771e-03
-1.85402e-03
-4.62636e-04
7.17393e-04
1.20762e-04
-2.21910e-03
-3.65802e-03
-1.29812e-03
3.80644e-03
6.04093e-03
3.89637e-03
9.13698e-04
-6.48569e-04
-1.16353e-03
-9.08702e-04
4.68447e-05
3.51788e-04
2.05521e-04
-9.46752e-05
-1.39158e-03
-3.09273e-03
-3.87857e-03
-3.48862e-03
-2.14926e-03
1.98855e-04
2.23116e-03
2.56065e-03
2.24919e-03
2.62479e-03
3.19717e-03
2.84426e-03
1.43142e-03
1.20563e-04
-6.53329e-04
-1.50867e-03
-2.15592e-03
-1.79834e-03
-1.43765e-04
1.96707e-03
3.06854e-03
2.21280e-03
4.75336e-04
-1.22725e-03
-4.28402e-03
-6.84948e-03
-5.46526e-03
-1.13599e-03
3.48077e-03
6.47683e-03
5.70776e-03
1.13885e-03
-3.40350e-03
-4.28143e-03
-2.16249e-03
-5.38694e-04
-7.96594e-04
-8.10362e-04
1.20323e-03
3.96869e-03
5.56155e-03
4.15434e-03
2.31818e-04
-2.28690e-03
-2.36831e-03
-2.34907e-03
-3.74243e-03
-4.52862e-03
-2.97148e-03
-2.17834e-04
3.01011e-03
4.58987e-03
3.16573e-03
1.63898e-03
2.67885e-03
4.57622e-03
4.47149e-03
2.19888e-03
-8.99666e-04
-3.54728e-03
-4.45160e-03
-4.68498e-03
-6.42986e-03
-7.21005e-03
-4.55283e-03
-1.58236e-04
3.77008e-03
5.92541e-03
5.02341e-03
2.02159e-03
3.56942e-04
4.34830e-04
4.49573e-04
1.51514e-04
8.68329e-04
2.78131e-03
4.19481e-03
4.08117e-03
2.14142e-03
-2.52338e-04
-2.02938e-03
-5.12856e-03
-8.02845e-03
-5.99117e-03
-2.06049e-04
4.04262e-03
4.00668e-03
1.16589e-03
-8.49391e-04
-8.51307e-04
-1.42101e-03
-4.10232e-03
-6.16923e-03
-4.93372e-03
-1.20726e-03
2.77086e-03
6.31118e-03
8.52351e-03
6.35427e-03
-4.10448e-05
-5.25127e-03
-5.39847e-03
-2.75088e-03
-1.88726e-03
-2.42414e-03
-3.16657e-04
3.98466e-03
6.38827e-03
4.86292e-03
1.21902e-03
-5.99487e-04
-5.83526e-04
-1.27042e-03
-3.08824e-03
-3.86756e-03
-1.05242e-03
2.60254e-03
3.91727e-03
3.80206e-03
3.05516e-03
1.40848e-03
-1.29608e-03
-3.90401e-03
-4.97031e-03
-4.50582e-03
-3.76431e-03
-3.11246e-03
-8.44686e-04
3.72560e-03
5.98822e-03
3.53644e-03
1.25456e-03
1.78458e-03
3.17455e-03
3.14705e-03
1.34181e-03
-1.01497e-03
-1.68736e-03
-7.35394e-04
-7.52241e-04
-1.18634e-03
4.82298e-04
3.89189e-03
4.70632e-03
1.47161e-03
-2.89025e-03
-6.28259e-03
-7.94386e-03
-8.05529e-03
-6.57853e-03
-3.59680e-03
-5.47985e-05
3.22061e-03
5.13457e-03
5.05613e-03
3.50578e-03
9.95140e-04
-1.02226e-03
-1.61798e-03
-8.02386e-04
8.12349e-04
1.32459e-03
6.04778e-04
3.87402e-04
1.26248e-03
9.95950e-04
-6.93632e-04
-1.56660e-03
-8.67505e-04
1.49393e-03
4.16614e-03
6.32978e-03
7.33820e-03
6.64221e-03
4.89015e-03
1.14184e-03
-2.91779e-03
-3.56549e-03
-1.61382e-03
-6.39985e-04
-1.11216e-03
-1.73225e-03
-3.29654e-03
-5.31019e-03
-6.54548e-03
-6.91472e-03
-5.35048e-03
-6.73299e-04
4.72510e-03
6.63092e-03
5.07718e-03
2.06493e-03
-9.56234e-04
-2.10492e-03
-1.34544e-03
-6.38880e-04
-1.07718e-03
-2.26673e-03
-3.16724e-03
-2.33541e-03
-2.02795e-04
1.05062e-03
1.52800e-03
2.15392e-03
2.15930e-03
1.23010e-03
8.07873e-04
1.79209e-03
2.24226e-03
7.78264e-04
-1.68986e-03
-2.98343e-03
-1.17780e-03
3.12917e-03
6.59306e-03
6.03996e-03
2.61538e-03
-3.24192e-04
-2.69363e-04
1.49330e-03
2.17223e-03
6.78557e-04
-2.11721e-03
-4.54201e-03
-6.73027e-03
-7.04089e-03
-6.57726e-03
-6.74537e-03
-6.51448e-03
-6.13791e-03
-4.12226e-03
-8.20496e-04
2.77298e-03
5.45558e-03
6.67830e-03
7.80819e-03
9.05184e-03
9.90329e-03
9.44743e-03
6.70689e-03
8.05205e-04
-6.09143e-03
-1.02876e-02
-1.02064e-02
-6.75958e-03
-2.36644e-03
8.42666e-04
2.84997e-03
5.02985e-03
6.97831e-03
6.46209e-03
2.20759e-03
-3.05348e-03
-5.51646e-03
-3.69038e-03
5.24115e-04
4.62724e-03
7.33494e-03
7.09919e-03
3.92880e-03
-3.15460e-04
-3.04101e-03
-3.67028e-03
-2.54298e-03
3.24922e-04
4.05599e-03
6.62577e-03
6.50619e-03
3.57764e-03
-2.28335e-03
-8.81047e-03
-1.28385e-02
-1.21693e-02
-6.74456e-03
5.88301e-04
6.31910e-03
8.75745e-03
7.96689e-03
4.40153e-03
1.34737e-03
1.35926e-03
3.55721e-03
5.40032e-03
5.26474e-03
3.81261e-03
9.90580e-04
-2.68262e-03
-5.85999e-03
-7.82757e-03
-7.44396e-03
-3.96720e-03
7.51926e-04
4.72069e-03
7.18531e-03
7.46400e-03
6.00586e-03
3.22165e-03
5.43201e-04
-9.20202e-05
1.54286e-03
5.06873e-03
9.14334e-03
1.14764e-02
1.06264e-02
6.44386e-03
8.34032e-05
-5.96279e-03
-1.03726e-02
-1.34597e-02
-1.53052e-02
-1.64365e-02
-1.91383e-02
-2.57628e-02
-3.69578e-02
-5.15337e-02
-6.61099e-02
-7.70965e-02
-8.36113e-02
-8.52834e-02
-7.94899e-02
-6.49224e-02
-4.27148e-02
-1.65910e-02
7.29064e-03
2.55768e-02
3.80164e-02
4.57446e-02
5.08721e-02
5.41459e-02
5.55015e-02
5.60997e-02
5.83445e-02
6.51419e-02
7.53825e-02
8.46431e-02
9.02007e-02
9.00606e-02
8.33123e-02
7.09265e-02
5.60230e-02
3.97737e-02
1.99119e-02
-4.54928e-03
-3.12557e-02
-5.51078e-02
-7.23117e-02
-8.03949e-02
-7.88034e-02
-6.84641e-02
-5.13181e-02
-3.05608e-02
-8.38688e-03
1.15535e-02
2.68611e-02
3.66641e-02
3.88249e-02
3.28998e-02
2.12271e-02
7.14820e-03
-5.91532e-03
-1.42076e-02
-1.55525e-02
-9.90483e-03
2.50962e-04
1.11953e-02
2.08320e-02
2.90231e-02
3.50835e-02
3.48610e-02
2.55123e-02
7.97029e-03
-1.57580e-02
-4.34972e-02
-7.25447e-02
-9.68893e-02
-1.11206e-01
-1.14665e-01
-1.07174e-01
-8.67468e-02
-5.22475e-02
-1.84734e-03
6.19955e-02
1.10810e-01
1.14548e-01
7.83941e-02
2.49863e-02
-2.01896e-02
-4.16743e-02
-4.52686e-02
-4.02329e-02
-2.95502e-02
-1.16178e-02
1.72463e-02
5.38677e-02
8.28402e-02
9.12927e-02
7.87408e-02
5.13570e-02
2.40665e-02
3.85886e-03
-1.62323e-02
-3.95652e-02
-6.60586e-02
-8.87336e-02
-9.42461e-02
-7.57041e-02
-3.49956e-02
2.03759e-02
7.46080e-02
1.11809e-01
1.27199e-01
1.23663e-01
1.07814e-01
8.34748e-02
5.29230e-02
2.01114e-02
-1.23300e-02
-3.92075e-02
-5.42425e-02
-5.95776e-02
-5.78551e-02
-4.79680e-02
-3.86347e-02
-3.72695e-02
-4.38652e-02
-5.73556e-02
-7.05989e-02
-7.60260e-02
-7.23658e-02
-6.31300e-02
-5.09316e-02
-3.41962e-02
-8.02018e-03
2.80302e-02
6.65569e-02
9.78384e-02
1.13853e-01
1.18454e-01
1.17646e-01
1.09717e-01
9.24338e-02
6.19984e-02
1.59291e-02
-4.61074e-02
-1.11867e-01
-1.62245e-01
-1.90045e-01
-1.92151e-01
-1.72705e-01
-1.39572e-01
-9.35216e-02
-3.63403e-02
3.09379e-02
1.00876e-01
1.57711e-01
1.92237e-01
1.91777e-01
1.57367e-01
1.09133e-01
5.81653e-02
1.29127e-02
-2.37232e-02
-5.10994e-02
-6.79926e-02
-7.51377e-02
-7.15399e-02
-6.21265e-02
-5.02565e-02
-3.97170e-02
-3.33410e-02
-2.92265e-02
-2.40583e-02
-1.58704e-02
-1.09120e-02
-9.54186e-03
-3.87413e-03
7.41723e-03
1.96090e-02
2.99370e-02
3.88286e-02
4.55626e-02
4.93347e-02
5.24616e-02
5.26937e-02
4.61348e-02
3.63152e-02
2.32337e-02
5.93511e-03
-1.26098e-02
-3.09027e-02
-4.58094e-02
-5.21297e-02
-4.70379e-02
-3.13961e-02
-9.08630e-03
1.24028e-02
2.65708e-02
3.00128e-02
2.54398e-02
1.91696e-02
1.32939e-02
1.03307e-02
1.35896e-02
2.22756e-02
3.27221e-02
3.90186e-02
3.46520e-02
2.11523e-02
4.76660e-03
-1.16743e-02
-2.61658e-02
-3.95929e-02
-5.19886e-02
-6.01104e-02
-6.20969e-02
-5.65081e-02
-4.60953e-02
-3.45491e-02
-2.15045e-02
-6.65302e-03
1.02098e-02
2.71412e-02
3.99787e-02
4.57844e-02
4.42049e-02
3.71822e-02
2.64410e-02
1.31938e-02
-1.16347e-03
-1.59982e-02
-2.96086e-02
-3.84907e-02
-4.15288e-02
-3.77189e-02
-2.66654e-02
-1.12641e-02
5.31218e-03
2.03123e-02
3.25648e-02
4.06786e-02
4.43538e-02
4.33878e-02
3.48893e-02
1.91420e-02
-4.44877e-04
-1.93567e-02
-3.36710e-02
-4.21176e-02
-4.39947e-02
-4.01633e-02
-3.24206e-02
-2.23993e-02
-1.08519e-02
2.55191e-03
1.46547e-02
2.29229e-02
2.82318e-02
3.06747e-02
3.03125e-02
2.77631e-02
2.26262e-02
1.42206e-02
3.91710e-03
-7.94310e-03
-1.96095e-02
-2.76522e-02
-3.16732e-02
-3.13685e-02
-2.68994e-02
-1.97782e-02
-1.09220e-02
7.21521e-04
1.42080e-02
2.60290e-02
3.41126e-02
3.77314e-02
3.73707e-02
3.40963e-02
2.81498e-02
1.93730e-02
1.08273e-02
3.77238e-03
-2.29581e-03
-6.69498e-03
-1.05117e-02
-1.26167e-02
-1.38162e-02
-1.66419e-02
-2.13241e-02
-2.61569e-02
-2.73753e-02
-2.57387e-02
-2.40241e-02
-2.37623e-02
-2.55793e-02
-2.69663e-02
-2.56260e-02
-2.07803e-02
-1.31332e-02
-3.23412e-03
8.52490e-03
2.01082e-02
2.97488e-02
3.53363e-02
3.60091e-02
3.23593e-02
2.59871e-02
1.91946e-02
1.35145e-02
9.22223e-03
3.54730e-03
-3.74722e-03
-1.17598e-02
-2.01980e-02
-2.65722e-02
-2.96264e-02
-2.77953e-02
-2.06871e-02
-9.77556e-03
2.40754e-03
1.43173e-02
2.49921e-02
3.20826e-02
3.56639e-02
3.51291e-02
2.99132e-02
2.13574e-02
1.24953e-02
5.85866e-03
1.60505e-03
-7.36919e-04
-4.02467e-03
-8.58304e-03
-1.40775e-02
-2.14766e-02
-2.99818e-02
-3.85084e-02
-4.47471e-02
-4.65891e-02
-4.24410e-02
-3.25010e-02
-1.87738e-02
-3.82470e-03
9.87853e-03
2.02639e-02
2.62035e-02
2.86479e-02
2.74511e-02
2.44145e-02
2.32458e-02
2.45684e-02
2.74513e-02
3.01645e-02
3.08909e-02
2.90367e-02
2.57411e-02
2.09528e-02
1.25166e-02
1.17896e-03
-1.08523e-02
-2.11005e-02
-2.73846e-02
-3.00874e-02
-2.98916e-02
-2.74006e-02
-2.16279e-02
-1.27100e-02
-2.43921e-03
8.95299e-03
1.94461e-02
2.59222e-02
2.72256e-02
2.43730e-02
1.91346e-02
1.33320e-02
6.60832e-03
-1.19424e-03
-8.66823e-03
-1.58426e-02
-2.17053e-02
-2.58121e-02
-2.81584e-02
-2.81368e-02
-2.59730e-02
-2.22347e-02
-1.74677e-02
-1.19362e-02
-6.45301e-03
-2.48349e-03
-1.14279e-03
-1.38616e-03
-2.23537e-03
-3.15732e-03
-3.78935e-03
-5.40917e-03
-7.75516e-03
-9.98547e-03
-1.22822e-02
-1.38857e-02
-1.39066e-02
-1.16744e-02
-6.59743e-03
7.35518e-04
8.77531e-03
1.57312e-02
2.07850e-02
2.36600e-02
2.44194e-02
2.37751e-02
2.26354e-02
2.15177e-02
2.01323e-02
1.85895e-02
1.66033e-02
1.44850e-02
1.23586e-02
1.04487e-02
9.67948e-03
9.68050e-03
9.97407e-03
8.88052e-03
5.07863e-03
-1.97209e-03
-1.15231e-02
-2.15248e-02
-3.04317e-02
-3.65349e-02
-3.93317e-02
-3.84214e-02
-3.31942e-02
-2.32283e-02
-1.05189e-02
1.82920e-03
1.32126e-02
2.37339e-02
3.30544e-02
3.92412e-02
4.09896e-02
3.70980e-02
2.72532e-02
1.36075e-02
-2.31525e-03
-1.80117e-02
-3.18134e-02
-4.19343e-02
-4.58806e-02
-4.32955e-02
-3.39481e-02
-1.99517e-02
-4.68037e-03
9.68847e-03
2.08167e-02
2.71330e-02
2.91945e-02
2.79928e-02
2.35016e-02
1.72246e-02
1.01269e-02
2.53469e-03
-4.15834e-03
-9.64205e-03
-1.31369e-02
-1.41617e-02
-1.30059e-02
-1.05534e-02
-8.34417e-03
-6.20450e-03
-3.42129e-03
6.51862e-04
5.08278e-03
8.94693e-03
1.19216e-02
1.25872e-02
1.16620e-02
1.04000e-02
1.01458e-02
1.06055e-02
1.16617e-02
1.37293e-02
1.47777e-02
1.55418e-02
1.58651e-02
1.50758e-02
1.30103e-02
9.10823e-03
4.29495e-03
-1.16515e-03
-5.41157e-03
-8.47486e-03
-1.15678e-02
-1.49363e-02
-1.81819e-02
-2.02977e-02
-2.19129e-02
-2.16435e-02
-1.94893e-02
-1.67052e-02
-1.32470e-02
-9.59656e-03
-5.54711e-03
-1.11294e-03
3.67968e-03
8.18999e-03
1.16071e-02
1.29582e-02
1.23062e-02
1.04341e-02
7.53494e-03
4.67756e-03
1.55297e-03
-1.62275e-03
-4.01239e-03
-5.85409e-03
-6.91389e-03
-6.89426e-03
-6.13323e-03
-5.22822e-03
-4.20075e-03
-3.33587e-03
-2.73080e-03
-2.80268e-03
-3.99870e-03
-6.03040e-03
-9.32747e-03
-1.32447e-02
-1.64481e-02
-1.82920e-02
-1.84175e-02
-1.73465e-02
-1.48621e-02
-1.10680e-02
-6.44981e-03
-1.04466e-03
4.12075e-03
9.12456e-03
1.40667e-02
1.80444e-02
1.97472e-02
1.86285e-02
1.51927e-02
9.72001e-03
3.39452e-03
-2.53914e-03
-6.10708e-03
-6.61859e-03
-5.10731e-03
-2.02240e-03
1.34917e-03
4.44010e-03
7.02428e-03
7.93443e-03
7.15251e-03
5.71098e-03
3.91222e-03
2.32918e-03
1.48869e-03
1.38812e-03
2.30434e-03
4.13289e-03
7.05306e-03
1.02654e-02
1.28864e-02
1.54997e-02
1.79696e-02
1.95476e-02
1.92788e-02
1.76479e-02
1.49505e-02
1.07232e-02
6.01782e-03
7.63605e-04
-3.91755e-03
-6.98404e-03
-8.13664e-03
-6.91675e-03
-4.25957e-03
-7.30934e-05
4.28462e-03
8.30797e-03
1.12512e-02
1.28255e-02
1.41956e-02
1.50857e-02
1.61092e-02
1.62331e-02
1.53039e-02
1.33465e-02
1.10725e-02
8.63805e-03
5.27146e-03
1.78602e-03
-2.93956e-03
-8.08030e-03
-1.37156e-02
-2.02432e-02
-2.67307e-02
-3.19750e-02
-3.47275e-02
-3.54206e-02
-3.38800e-02
-3.05750e-02
-2.50967e-02
-1.86248e-02
-1.21354e-02
-6.18823e-03
-2.67766e-03
-8.93651e-04
-8.57318e-04
-2.43335e-03
-5.95018e-03
-1.11148e-02
-1.60202e-02
-2.05771e-02
-2.41538e-02
-2.58334e-02
-2.54032e-02
-2.32158e-02
-2.02572e-02
-1.63995e-02
-1.16011e-02
-6.58586e-03
-1.91467e-03
2.00430e-03
6.19740e-03
1.08239e-02
1.50082e-02
1.77212e-02
1.86264e-02
1.82457e-02
1.63374e-02
1.40228e-02
1.12517e-02
8.45188e-03
6.51768e-03
5.63491e-03
6.47507e-03
8.18982e-03
1.09675e-02
1.40023e-02
1.70589e-02
2.01158e-02
2.14910e-02
2.11709e-02
1.95480e-02
1.73672e-02
1.48850e-02
1.22671e-02
9.54527e-03
6.60706e-03
3.73814e-03
1.27752e-03
-8.11932e-04
-3.26216e-03
-4.93540e-03
-5.96022e-03
-7.35557e-03
-8.26159e-03
-8.63855e-03
-8.82790e-03
-9.49135e-03
-1.06633e-02
-1.15943e-02
-1.21319e-02
-1.19935e-02
-1.06061e-02
-7.61898e-03
-3.54959e-03
8.38690e-04
5.20897e-03
9.02988e-03
1.12937e-02
1.18793e-02
1.15436e-02
1.04858e-02
8.47056e-03
5.18055e-03
1.05896e-03
-2.90460e-03
-6.15268e-03
-9.06602e-03
-1.17541e-02
-1.28246e-02
-1.17223e-02
-9.27459e-03
-6.00575e-03
-1.69668e-03
2.65349e-03
5.91531e-03
8.48300e-03
9.92118e-03
1.02976e-02
9.87516e-03
8.34835e-03
6.00724e-03
3.67601e-03
1.90843e-03
5.31222e-04
-5.95869e-04
-1.59611e-03
-1.90821e-03
-2.28416e-03
-3.20461e-03
-3.52641e-03
-3.28062e-03
-3.28006e-03
-4.30531e-03
-6.01943e-03
-7.85177e-03
-9.47103e-03
-1.11638e-02
-1.31030e-02
-1.45822e-02
-1.49720e-02
-1.34096e-02
-1.01713e-02
-5.84317e-03
-9.64851e-04
3.45504e-03
7.22372e-03
9.98023e-03
1.14528e-02
1.20908e-02
1.15691e-02
9.92635e-03
7.64576e-03
4.91377e-03
1.93778e-03
-1.36127e-03
-3.77212e-03
-5.22339e-03
-5.75444e-03
-5.03126e-03
-3.88900e-03
-1.96429e-03
-2.02359e-05
1.81218e-03
3.12880e-03
3.30030e-03
2.76096e-03
1.59031e-03
9.49790e-04
5.22356e-04
1.06216e-03
2.33109e-03
3.47976e-03
5.31557e-03
7.00129e-03
8.53424e-03
9.53940e-03
1.03151e-02
1.06476e-02
1.02252e-02
9.97595e-03
9.29842e-03
8.02412e-03
6.36096e-03
4.70719e-03
2.67155e-03
4.69935e-04
-1.56553e-03
-3.51370e-03
-5.31528e-03
-7.63440e-03
-9.48724e-03
-1.07965e-02
-1.16338e-02
-1.18765e-02
-1.14553e-02
-9.84150e-03
-7.72190e-03
-4.67222e-03
-1.04408e-03
2.74841e-03
6.16042e-03
8.60608e-03
1.09701e-02
1.23811e-02
1.27996e-02
1.18384e-02
9.51285e-03
7.42654e-03
4.83308e-03
1.84975e-03
-1.31124e-03
-3.94957e-03
-5.32449e-03
-6.23810e-03
-6.27441e-03
-5.78384e-03
-4.86401e-03
-3.91398e-03
-2.88332e-03
-1.60639e-03
-1.11994e-03
-1.02107e-03
-1.66317e-03
-2.26550e-03
-2.51421e-03
-2.35570e-03
-1.37615e-03
-8.70848e-04
-2.89295e-04
5.45419e-05
3.10929e-04
5.99300e-04
3.78869e-04
-1.93853e-04
-1.73604e-03
-3.09124e-03
-3.65831e-03
-3.69198e-03
-4.83610e-03
-7.08256e-03
-8.47814e-03
-9.07452e-03
-8.24423e-03
-6.46866e-03
-4.01122e-03
-1.44505e-03
2.60152e-04
1.38658e-03
1.71552e-03
1.14725e-03
-7.06961e-04
-3.33971e-03
-6.74251e-03
-1.03906e-02
-1.29163e-02
-1.41221e-02
-1.37051e-02
-1.17849e-02
-8.40649e-03
-3.75807e-03
1.56757e-03
6.43225e-03
1.04922e-02
1.34376e-02
1.45995e-02
1.42360e-02
1.23054e-02
1.00777e-02
7.93389e-03
5.79186e-03
3.82765e-03
1.81614e-03
2.01036e-04
-1.20451e-03
-1.69551e-03
-1.86556e-03
-2.17170e-03
-1.93788e-03
-1.29751e-03
-3.12717e-04
1.63486e-04
2.83380e-04
4.54417e-04
1.04201e-03
1.59539e-03
1.53133e-03
2.24508e-03
2.76269e-03
2.31687e-03
1.89684e-03
1.23049e-03
4.03239e-04
-1.03420e-03
-2.42004e-03
-3.34850e-03
-4.59587e-03
-5.66936e-03
-6.55315e-03
-6.87146e-03
-6.75646e-03
-5.93387e-03
-4.21258e-03
-1.93136e-03
4.39085e-05
8.63023e-04
1.31406e-03
8.16736e-04
9.28835e-05
-9.66940e-04
-2.11588e-03
-2.18411e-03
-1.43080e-03
8.12028e-04
3.52014e-03
6.47907e-03
9.22705e-03
1.15421e-02
1.34876e-02
1.44738e-02
1.48114e-02
1.42515e-02
1.32585e-02
1.06262e-02
7.07482e-03
3.96726e-03
8.05997e-04
-1.23751e-03
-2.61137e-03
-2.85034e-03
-1.87639e-03
-9.07679e-04
3.44341e-04
6.68587e-04
3.66863e-05
-8.94632e-04
-2.24691e-03
-4.25684e-03
-6.55477e-03
-7.94770e-03
-9.54426e-03
-1.11211e-02
-1.21768e-02
-1.20415e-02
-1.03243e-02
-8.15236e-03
-4.93572e-03
-1.77695e-03
8.19122e-04
1.84822e-03
1.49737e-03
1.13128e-03
4.63553e-04
1.48885e-04
-5.03727e-04
-2.36630e-04
6.20358e-04
1.27489e-03
2.33411e-03
3.44795e-03
5.02742e-03
6.25266e-03
7.79380e-03
9.18661e-03
1.06282e-02
1.23043e-02
1.29894e-02
1.29606e-02
1.10100e-02
8.52594e-03
6.37981e-03
3.91901e-03
8.32227e-04
-3.13990e-03
-6.35000e-03
-9.35343e-03
-1.22594e-02
-1.45249e-02
-1.56557e-02
-1.47903e-02
-1.28398e-02
-1.05731e-02
-8.47354e-03
-5.44767e-03
-1.72924e-03
1.26355e-03
4.08581e-03
6.22126e-03
7.57439e-03
8.28549e-03
8.07779e-03
6.65587e-03
4.11911e-03
1.44339e-03
-1.52683e-03
-4.01528e-03
-5.71546e-03
-6.08157e-03
-4.94381e-03
-3.76054e-03
-2.57843e-03
-1.54897e-03
2.05001e-04
2.15510e-03
3.42141e-03
4.24575e-03
4.54746e-03
4.88062e-03
5.26187e-03
5.64724e-03
5.61848e-03
5.54624e-03
5.33833e-03
5.00877e-03
4.42440e-03
3.53606e-03
2.67966e-03
1.00060e-03
-8.49766e-04
-2.84947e-03
-4.94013e-03
-7.10621e-03
-9.07725e-03
-1.00314e-02
-1.02213e-02
-9.47860e-03
-7.98695e-03
-5.21876e-03
-1.95264e-03
5.91370e-04
2.38124e-03
3.29529e-03
4.25414e-03
4.80864e-03
4.48240e-03
3.83437e-03
3.02605e-03
2.46275e-03
1.55696e-03
2.43014e-04
-1.24606e-03
-2.77653e-03
-3.77003e-03
-4.34852e-03
-3.69565e-03
-2.12680e-03
-3.47859e-04
1.53603e-03
2.90894e-03
3.40549e-03
2.81887e-03
2.21213e-03
1.29063e-03
-3.93885e-04
-1.84690e-03
-2.13270e-03
-1.65744e-03
-1.22145e-03
3.27458e-04
2.24468e-03
3.86359e-03
5.53885e-03
6.68497e-03
7.34242e-03
6.88353e-03
5.52465e-03
3.56764e-03
1.22137e-03
-8.67264e-04
-2.79719e-03
-4.24615e-03
-5.55257e-03
-6.14241e-03
-5.65917e-03
-4.44577e-03
-3.12474e-03
-2.17953e-03
-4.46734e-04
1.09725e-03
2.20960e-03
2.94265e-03
3.10463e-03
3.37461e-03
3.18568e-03
3.23923e-03
3.45093e-03
3.29884e-03
3.05687e-03
2.49384e-03
1.53616e-03
2.99773e-04
-1.51605e-03
-3.97165e-03
-6.28995e-03
-8.82716e-03
-1.18729e-02
-1.45038e-02
-1.65351e-02
-1.79063e-02
-1.84460e-02
-1.82536e-02
-1.71644e-02
-1.54483e-02
-1.28541e-02
-9.85405e-03
-7.10069e-03
-4.54654e-03
-2.36361e-03
-3.73159e-05
2.07949e-03
3.63089e-03
4.93568e-03
6.98366e-03
8.98844e-03
1.01751e-02
1.14137e-02
1.21728e-02
1.26419e-02
1.18035e-02
9.67205e-03
7.24502e-03
4.30953e-03
1.71513e-03
-2.07747e-04
-1.30888e-03
-2.03722e-03
-1.61484e-03
3.42636e-04
2.29778e-03
4.73230e-03
7.95365e-03
1.10526e-02
1.29813e-02
1.35237e-02
1.34168e-02
1.17855e-02
8.68099e-03
5.11779e-03
1.67333e-03
-3.15069e-04
-1.05518e-03
-1.12929e-03
-5.50090e-04
7.50864e-04
2.01823e-03
2.47378e-03
3.05732e-03
3.86630e-03
4.48696e-03
4.87695e-03
5.18238e-03
4.64172e-03
3.18348e-03
1.37746e-03
-9.26772e-04
-3.24360e-03
-5.54564e-03
-7.03209e-03
-7.63870e-03
-7.84942e-03
-7.52551e-03
-6.53622e-03
-5.28200e-03
-4.44069e-03
-3.22494e-03
-1.85433e-03
-1.84603e-04
1.37105e-03
2.40934e-03
3.11265e-03
2.61226e-03
1.73286e-03
3.17766e-04
-1.79316e-03
-3.83765e-03
-5.62709e-03
-6.90917e-03
-7.83492e-03
-8.43805e-03
-8.21631e-03
-6.58622e-03
-4.30127e-03
-2.11107e-03
1.85848e-04
2.71701e-03
5.43884e-03
7.69780e-03
8.49685e-03
8.13085e-03
7.18092e-03
5.49438e-03
3.23281e-03
1.04470e-03
-6.06028e-04
-1.66997e-03
-1.88157e-03
-1.68699e-03
-1.53064e-03
-1.58691e-03
-1.68808e-03
-1.94268e-03
-2.93657e-03
-4.24169e-03
-5.68415e-03
-7.08078e-03
-8.66238e-03
-9.90163e-03
-9.97747e-03
-9.09204e-03
-7.80842e-03
-6.20020e-03
-3.71183e-03
-1.61937e-03
-8.04106e-05
1.12021e-03
1.58057e-03
1.37813e-03
8.08260e-04
1.01707e-03
1.24715e-03
8.40067e-04
-4.96434e-05
-7.16450e-04
-5.07973e-04
-9.18071e-05
7.51099e-04
1.96508e-03
3.50667e-03
4.83829e-03
5.36160e-03
5.09764e-03
3.96201e-03
3.09987e-03
2.16717e-03
7.22667e-04
-5.72811e-04
-1.09463e-03
-4.91148e-04
3.87410e-04
1.24546e-03
1.77972e-03
2.68568e-03
4.20426e-03
5.50437e-03
6.61927e-03
7.48304e-03
8.73106e-03
9.74181e-03
1.01913e-02
1.07644e-02
1.09507e-02
1.06798e-02
9.95192e-03
9.47191e-03
9.51834e-03
9.65904e-03
1.00165e-02
1.02070e-02
1.00791e-02
9.23065e-03
7.98137e-03
6.26114e-03
3.78571e-03
1.05932e-03
-2.08277e-03
-5.03509e-03
-8.51001e-03
-1.16566e-02
-1.30883e-02
-1.39024e-02
-1.42763e-02
-1.45436e-02
-1.44192e-02
-1.43641e-02
-1.45030e-02
-1.46859e-02
-1.49966e-02
-1.46570e-02
-1.41227e-02
-1.31299e-02
-1.20700e-02
-1.05964e-02
-8.42590e-03
-6.77703e-03
-5.65973e-03
-5.16600e-03
-4.42497e-03
-3.00276e-03
-1.18743e-03
8.49093e-04
2.90805e-03
4.78684e-03
5.66620e-03
5.99853e-03
6.08500e-03
6.19583e-03
6.24167e-03
5.33916e-03
4.40842e-03
4.09171e-03
4.19385e-03
4.10144e-03
4.04402e-03
4.28349e-03
4.03120e-03
3.57726e-03
2.80220e-03
2.04941e-03
1.47902e-03
1.03965e-03
6.54863e-04
3.54756e-04
9.85375e-04
1.69377e-03
2.15074e-03
2.40206e-03
2.77555e-03
3.36589e-03
3.41058e-03
3.26449e-03
2.96347e-03
2.44915e-03
1.06299e-03
-1.20433e-03
-3.31894e-03
-5.17861e-03
-6.93372e-03
-8.73776e-03
-9.58023e-03
-9.03876e-03
-7.75667e-03
-5.77388e-03
-3.51758e-03
-1.06392e-03
1.60360e-03
4.07159e-03
5.87080e-03
7.14379e-03
8.07231e-03
8.55676e-03
8.62656e-03
7.79648e-03
6.57762e-03
5.36921e-03
4.33997e-03
3.79445e-03
3.08010e-03
2.14309e-03
1.57923e-03
1.43217e-03
4.15223e-04
-1.18312e-03
-2.37491e-03
-3.55629e-03
-3.99550e-03
-3.75340e-03
-2.78177e-03
-9.81019e-04
6.15425e-04
2.03327e-03
3.15454e-03
4.02773e-03
4.62444e-03
4.73625e-03
4.44657e-03
3.77468e-03
2.70441e-03
1.27851e-03
-5.34157e-05
-1.65028e-03
-3.41489e-03
-5.10562e-03
-6.60044e-03
-7.46390e-03
-7.83896e-03
-7.45254e-03
-6.15470e-03
-4.17831e-03
-2.07787e-03
4.05023e-05
2.00899e-03
3.34193e-03
3.93915e-03
3.63015e-03
2.93298e-03
1.66714e-03
4.66280e-04
2.34585e-04
-1.45486e-04
-5.44720e-04
-4.51309e-04
3.43864e-04
9.84460e-04
3.21543e-04
-5.40422e-04
-9.76429e-04
-1.05925e-03
-1.57556e-03
-1.95539e-03
-1.65242e-03
-1.53330e-03
-9.66097e-04
-4.27841e-04
-1.61494e-04
-3.32838e-04
-7.67672e-04
-9.72265e-04
-1.73782e-03
-2.58608e-03
-3.19515e-03
-3.73436e-03
-4.52369e-03
-5.46670e-03
-5.95744e-03
-5.91139e-03
-5.91707e-03
-6.29985e-03
-5.96777e-03
-4.64921e-03
-3.07650e-03
-1.68914e-03
-2.17065e-04
1.24767e-03
2.19808e-03
2.88659e-03
2.72070e-03
1.83737e-03
8.58943e-04
-2.40142e-04
-9.25354e-04
-1.27959e-03
-4.96440e-04
9.22855e-04
2.04945e-03
3.07167e-03
3.50408e-03
4.15525e-03
4.23078e-03
3.82007e-03
3.38828e-03
2.78097e-03
2.84914e-03
3.04303e-03
3.71672e-03
4.42581e-03
4.73371e-03
4.58171e-03
4.55802e-03
4.90498e-03
4.16186e-03
3.09323e-03
2.17439e-03
1.43280e-03
8.56307e-04
5.27417e-05
-6.05567e-04
-1.09169e-03
-1.57766e-03
-1.79709e-03
-1.68797e-03
-1.60484e-03
-1.14977e-03
-7.06276e-05
1.18618e-03
2.04229e-03
2.16648e-03
2.30247e-03
2.50080e-03
1.93803e-03
1.02601e-03
3.50975e-04
4.59051e-04
4.00293e-04
-2.08470e-04
-3.53811e-04
-5.29134e-04
-1.08340e-03
-2.53847e-03
-4.21975e-03
-5.88398e-03
-7.52180e-03
-8.71500e-03
-9.23201e-03
-8.62846e-03
-7.95335e-03
-6.67935e-03
-5.21275e-03
-3.61664e-03
-1.50342e-03
2.03001e-04
2.06662e-03
3.51238e-03
4.55764e-03
5.45820e-03
5.71643e-03
4.78210e-03
3.49164e-03
2.76368e-03
1.60725e-03
7.19183e-04
3.22944e-05
-6.96085e-05
6.52885e-04
1.10516e-03
1.67118e-03
1.97076e-03
1.92844e-03
1.56374e-03
1.39530e-03
8.94246e-04
-4.68200e-04
-1.64816e-03
-2.69318e-03
-3.20223e-03
-4.01338e-03
-4.53647e-03
-4.26524e-03
-4.39926e-03
-4.37313e-03
-4.36595e-03
-3.92407e-03
-3.33803e-03
-2.99245e-03
-2.01657e-03
-5.44532e-04
1.43039e-03
3.24870e-03
4.67227e-03
5.89902e-03
6.62635e-03
6.83579e-03
6.59765e-03
5.91175e-03
4.86448e-03
3.73780e-03
2.25396e-03
1.04158e-03
2.22399e-04
-4.34075e-04
-4.09157e-04
-1.55659e-05
5.00510e-04
1.02739e-03
2.26240e-03
3.39501e-03
3.83585e-03
3.98856e-03
3.63058e-03
3.10065e-03
1.70366e-03
4.57683e-04
-6.27295e-04
-1.80722e-03
-1.98515e-03
-1.88479e-03
-1.18258e-03
-3.53744e-04
5.70410e-04
1.59277e-03
1.42898e-03
9.00181e-04
4.03097e-04
-6.00913e-06
-5.07737e-04
-1.40168e-03
-1.65702e-03
-1.49904e-03
-1.45892e-03
-1.16975e-03
-2.05489e-04
7.73089e-04
1.00126e-03
1.32733e-03
1.64490e-03
1.72972e-03
1.77838e-03
1.72186e-03
1.59616e-03
9.63070e-04
5.42112e-05
-2.82560e-04
-4.41355e-04
-1.33698e-03
-2.21847e-03
-2.57844e-03
-2.38795e-03
-2.17258e-03
-2.19684e-03
-1.58821e-03
-9.30969e-04
-6.24458e-04
-7.64862e-04
-9.78625e-04
-1.15904e-03
-1.47755e-03
-1.34322e-03
-1.19494e-03
-1.09464e-03
-1.28044e-03
-1.52145e-03
-1.62407e-03
-2.04060e-03
-2.22834e-03
-2.71223e-03
-3.02237e-03
-2.66946e-03
-2.40273e-03
-1.90453e-03
-1.46055e-03
-7.83374e-04
9.46381e-05
7.43439e-04
1.20014e-03
1.22050e-03
1.16501e-03
1.12586e-03
1.40503e-03
1.41517e-03
1.36434e-03
1.45518e-03
1.06392e-03
6.62877e-04
2.15595e-04
4.51544e-05
-3.06034e-04
-8.85319e-04
-1.18407e-03
-1.13686e-03
-7.26817e-04
-3.28500e-04
3.91305e-05
7.00902e-05
1.26064e-04
3.58882e-04
2.69261e-04
2.57683e-04
8.73322e-04
1.92801e-03
3.18436e-03
4.32666e-03
5.46605e-03
6.59888e-03
7.31908e-03
7.27953e-03
6.17409e-03
4.73653e-03
2.96384e-03
7.55973e-04
-1.75274e-03
-3.78927e-03
-5.34231e-03
-7.20920e-03
-7.67842e-03
-7.00344e-03
-6.27762e-03
-5.24026e-03
-3.64004e-03
-1.58395e-03
1.56863e-04
1.59392e-03
2.55066e-03
2.94017e-03
3.11357e-03
3.41347e-03
3.19357e-03
2.67576e-03
2.42646e-03
1.98097e-03
1.60249e-03
7.87226e-04
-8.04263e-05
-9.42610e-04
-2.03687e-03
-3.01716e-03
-4.09118e-03
-4.64525e-03
-5.05215e-03
-5.66281e-03
-6.23469e-03
-6.36391e-03
-6.19076e-03
-6.06046e-03
-5.23792e-03
-4.42875e-03
-3.47800e-03
-1.86236e-03
-6.55175e-04
2.35096e-04
1.07474e-03
2.11494e-03
3.26658e-03
4.05073e-03
4.47952e-03
5.02785e-03
5.74886e-03
5.66139e-03
5.21297e-03
4.47255e-03
3.66074e-03
2.94710e-03
1.49108e-03
-2.97529e-05
-1.16838e-03
-1.84383e-03
-2.49609e-03
-2.86587e-03
-2.62696e-03
-1.64214e-03
7.94434e-05
1.63163e-03
3.18811e-03
4.25385e-03
4.98536e-03
5.12677e-03
4.61518e-03
4.29230e-03
3.73406e-03
3.29136e-03
2.65501e-03
1.73946e-03
1.02307e-03
5.46083e-04
3.38346e-04
1.45400e-04
2.40582e-04
7.48516e-04
1.16903e-03
1.22700e-03
9.75648e-04
6.93230e-04
3.53006e-04
-2.32191e-04
-4.21864e-04
-4.22285e-04
-4.35565e-04
-2.55018e-04
-1.39612e-05
-1.15875e-04
-6.98387e-04
-1.20595e-03
-1.75316e-03
-2.63425e-03
-3.88893e-03
-4.65397e-03
-5.43018e-03
-6.17948e-03
-6.60724e-03
-7.10578e-03
-7.12263e-03
-7.36734e-03
-7.27701e-03
-6.80893e-03
-5.90238e-03
-4.88434e-03
-3.77055e-03
-2.19991e-03
-1.17276e-03
1.37300e-04
1.27092e-03
2.25709e-03
2.48745e-03
1.78335e-03
1.46969e-03
6.88918e-04
-6.42636e-04
-1.95341e-03
-2.83219e-03
-3.64551e-03
-4.09166e-03
-3.98817e-03
-3.73070e-03
-3.33525e-03
-3.08463e-03
-2.56518e-03
-1.65640e-03
-4.67393e-04
6.13118e-04
1.82619e-03
3.27309e-03
4.46835e-03
5.24328e-03
5.38598e-03
5.17218e-03
4.41257e-03
3.62757e-03
2.86150e-03
1.74813e-03
9.74456e-04
1.52912e-04
-2.68104e-04
-1.32170e-04
3.05750e-05
7.41338e-04
1.42627e-03
2.40583e-03
3.54433e-03
4.41725e-03
5.73393e-03
6.28829e-03
6.15895e-03
5.91754e-03
5.37888e-03
4.42567e-03
3.07998e-03
2.06404e-03
9.81025e-04
4.06508e-04
2.47239e-04
-5.42480e-06
-1.01350e-04
-1.97583e-04
-8.65335e-05
-3.69767e-04
-9.02799e-04
-1.28408e-03
-1.14301e-03
-7.12043e-04
-6.70138e-04
-6.37668e-04
-4.61096e-04
-1.46639e-04
-1.85219e-04
-3.03288e-04
-1.67511e-04
-1.90236e-04
-4.73676e-04
-6.77856e-04
-2.03800e-04
-2.11757e-06
-5.02072e-04
-8.18312e-04
-7.37359e-04
-6.72248e-04
-1.15582e-03
-9.81652e-04
-1.91735e-04
1.63269e-04
9.07007e-04
1.86275e-03
2.77849e-03
3.03213e-03
2.95885e-03
3.25306e-03
2.86310e-03
1.97933e-03
1.21650e-03
9.08227e-04
3.90478e-04
-4.33822e-05
6.09454e-05
4.34097e-04
1.08984e-03
1.60102e-03
2.56961e-03
3.39026e-03
3.85999e-03
4.38077e-03
4.98680e-03
5.24834e-03
4.73393e-03
3.98184e-03
2.78039e-03
1.41881e-03
-4.78178e-04
-2.04964e-03
-3.09732e-03
-4.29895e-03
-4.35060e-03
-3.61769e-03
-2.58594e-03
-1.78282e-03
-1.08374e-03
-7.59982e-05
4.01684e-04
5.75340e-04
3.51336e-04
1.51086e-04
1.83758e-04
-3.48091e-04
-6.50552e-04
-1.13211e-03
-1.65260e-03
-2.04767e-03
-3.03030e-03
-3.26298e-03
-3.65556e-03
-4.24248e-03
-4.12853e-03
-3.85046e-03
-3.61854e-03
-3.34190e-03
-2.41787e-03
-2.07941e-03
-1.95526e-03
-1.35152e-03
-7.42139e-04
-1.43356e-04
7.21714e-05
6.34031e-04
1.31529e-03
1.40973e-03
9.57885e-04
4.57259e-04
4.76627e-05
-5.35351e-04
-1.48824e-03
-2.12884e-03
-2.19844e-03
-3.09235e-03
-3.57132e-03
-3.46180e-03
-3.43562e-03
-3.41837e-03
-3.70200e-03
-3.18661e-03
-3.13651e-03
-3.37537e-03
-2.99885e-03
-2.59844e-03
-2.20680e-03
-2.01124e-03
-1.19718e-03
-1.81320e-04
3.21791e-04
1.12916e-04
-4.14944e-05
5.50546e-05
-6.44847e-04
-1.11982e-03
-1.45644e-03
-2.10625e-03
-2.68705e-03
-3.06123e-03
-2.62655e-03
-2.63335e-03
-3.26684e-03
-3.23836e-03
-2.71781e-03
-2.24289e-03
-1.94411e-03
-1.07877e-03
1.00180e-04
1.30957e-03
2.38920e-03
3.37736e-03
4.15862e-03
3.88892e-03
3.63201e-03
3.72538e-03
3.43753e-03
2.56117e-03
2.19631e-03
2.48274e-03
2.00122e-03
1.56943e-03
1.51572e-03
1.16036e-03
7.40213e-04
4.36793e-04
-6.90129e-05
-7.15146e-04
-1.06335e-03
-1.35140e-03
-1.54151e-03
-1.47073e-03
-1.40405e-03
-1.05407e-03
-8.85328e-04
-8.85656e-04
-5.04992e-04
-4.37684e-04
-4.81298e-04
-4.78662e-04
-1.01753e-04
5.14893e-04
7.89757e-04
9.42960e-04
1.03678e-03
1.25398e-03
1.14248e-03
7.62803e-04
2.99047e-04
5.21071e-04
1.22664e-03
1.81960e-03
2.64856e-03
3.44263e-03
4.58156e-03
5.13281e-03
5.58351e-03
6.17817e-03
6.31360e-03
6.13471e-03
5.58851e-03
5.73351e-03
5.34306e-03
4.65707e-03
4.19676e-03
3.67333e-03
3.23866e-03
2.37538e-03
2.04768e-03
1.64727e-03
1.22843e-03
8.33289e-04
3.55574e-04
2.00721e-04
-4.82958e-04
-8.90518e-04
-8.84430e-04
-9.80206e-04
-1.00913e-03
-6.26789e-04
-8.62061e-05
-2.56495e-05
5.12267e-05
4.93441e-04
8.65964e-04
6.18474e-04
1.89643e-04
-1.86574e-05
-2.01928e-05
-2.82354e-04
-9.43327e-04
-8.84313e-04
-5.25239e-04
-4.71703e-04
-3.91190e-05
6.92739e-04
1.34191e-03
1.48314e-03
1.32509e-03
1.53894e-03
1.40305e-03
1.09488e-03
1.00302e-03
7.03744e-04
2.04284e-04
-2.19259e-04
-1.82142e-04
-5.98837e-04
-1.15383e-03
-1.35308e-03
-1.35328e-03
-1.40556e-03
-1.86491e-03
-1.66087e-03
-1.51331e-03
-1.74039e-03
-2.18039e-03
-2.47037e-03
-2.21733e-03
-2.93556e-03
-4.26037e-03
-5.13641e-03
-5.54159e-03
-5.90125e-03
-6.37091e-03
-6.54291e-03
-5.95354e-03
-4.91670e-03
-3.80383e-03
-2.84913e-03
-2.23616e-03
-1.43976e-03
-1.22095e-03
-1.33851e-03
-1.20903e-03
-8.39394e-04
-3.98938e-04
-3.26429e-04
-1.56950e-04
-4.19549e-04
-5.05317e-04
-2.83808e-04
-5.24942e-04
-9.60788e-04
-1.61492e-03
-1.66473e-03
-1.76670e-03
-2.42140e-03
-2.44401e-03
-2.13266e-03
-2.05623e-03
-2.14412e-03
-1.95735e-03
-1.42656e-03
-1.10366e-03
-7.66504e-04
-1.81180e-04
4.48874e-04
8.43335e-04
1.26838e-03
1.69831e-03
1.51783e-03
1.65795e-03
2.24473e-03
2.31067e-03
1.89777e-03
1.98516e-03
2.73535e-03
2.90935e-03
2.99809e-03
3.62303e-03
4.09786e-03
4.13164e-03
4.05660e-03
3.71267e-03
3.09047e-03
2.28153e-03
1.04208e-03
1.77622e-04
-5.36362e-04
-1.27322e-03
-1.72475e-03
-2.10592e-03
-2.07416e-03
-1.74086e-03
-1.04324e-03
-1.97649e-04
4.29588e-04
1.27526e-03
2.32789e-03
3.33736e-03
3.89206e-03
3.85706e-03
4.02943e-03
4.18929e-03
3.69973e-03
2.65237e-03
1.79824e-03
1.52841e-03
9.54794e-04
-1.10642e-04
-1.12436e-03
-1.59088e-03
-1.83009e-03
-2.21449e-03
-2.59397e-03
-2.53526e-03
-2.16651e-03
-2.00774e-03
-1.56795e-03
-1.19200e-03
-7.04643e-04
-1.96731e-04
1.57098e-04
4.33824e-04
3.48539e-04
3.61037e-04
8.45333e-06
-2.16722e-04
-7.00726e-04
-1.14276e-03
-9.31737e-04
-8.92276e-04
-6.04123e-04
-7.34514e-04
-6.35052e-04
-4.13436e-04
-3.66807e-04
2.73778e-05
2.29172e-04
9.14513e-04
1.34758e-03
1.90421e-03
2.91451e-03
2.91230e-03
2.76999e-03
2.98558e-03
2.97978e-03
2.56100e-03
1.94528e-03
1.91186e-03
1.82290e-03
1.36005e-03
1.18526e-03
1.20944e-03
1.09315e-03
5.89013e-04
4.19497e-04
-6.13961e-05
-1.20525e-03
-2.10520e-03
-2.79991e-03
-3.36985e-03
-4.08674e-03
-4.09308e-03
-3.04591e-03
-2.16791e-03
-1.81772e-03
-1.12059e-03
-2.54150e-04
4.45987e-04
6.92794e-04
5.11855e-04
7.20627e-04
4.46709e-04
4.32243e-04
3.21164e-04
-5.70017e-05
2.20288e-04
4.25643e-05
-6.22763e-05
-3.20677e-04
-3.24155e-04
-1.92899e-05
-4.31145e-05
1.49796e-04
7.48470e-05
6.50560e-05
1.86768e-05
-3.02794e-04
-5.54743e-04
-9.93040e-04
-1.36130e-03
-1.56580e-03
-1.96092e-03
-2.03296e-03
-1.99859e-03
-2.19911e-03
-2.23906e-03
-2.25217e-03
-1.92512e-03
-1.58780e-03
-1.34976e-03
-7.14702e-04
-2.66425e-04
-2.47937e-04
-8.72489e-05
2.43091e-04
2.96440e-04
6.07456e-05
-1.32251e-04
-8.83311e-05
-1.56096e-04
-1.97672e-04
1.81364e-04
4.68113e-04
3.68455e-04
6.88183e-04
1.18873e-03
1.22094e-03
1.17026e-03
1.10206e-03
1.49029e-03
1.65138e-03
9.25156e-04
3.50577e-04
3.61669e-04
5.50949e-04
7.35373e-05
-4.97198e-04
-5.90345e-04
-7.88520e-04
-8.66079e-04
-9.03390e-04
-1.22070e-03
-1.34558e-03
-1.30031e-03
-1.18671e-03
-1.09281e-03
-1.35178e-03
-1.19930e-03
-5.36459e-04
-9.56070e-05
-9.92607e-05
-1.28026e-04
3.48272e-04
6.49640e-04
7.50743e-04
1.21696e-03
1.58465e-03
1.62063e-03
1.54854e-03
1.77372e-03
2.07452e-03
1.53309e-03
9.41138e-04
6.42100e-04
3.18561e-04
-1.32906e-04
-7.47655e-04
-6.69527e-04
-7.88806e-04
-9.61818e-04
-8.21413e-04
-5.43919e-04
-1.55534e-04
-1.38176e-04
3.27474e-04
3.17820e-04
1.67883e-04
3.07786e-04
3.10923e-04
4.23833e-04
4.10459e-04
1.13182e-03
1.69089e-03
1.83111e-03
2.23336e-03
2.46074e-03
2.14758e-03
1.71958e-03
1.71150e-03
1.42710e-03
9.19455e-04
4.92494e-04
3.38130e-04
-5.81654e-05
-4.21442e-04
-2.50060e-04
-3.01590e-04
5.11035e-05
5.22994e-04
7.74945e-04
1.07987e-03
1.54125e-03
2.31919e-03
2.30241e-03
2.24673e-03
2.56938e-03
2.50706e-03
2.25655e-03
1.96306e-03
2.00344e-03
1.49164e-03
7.46818e-04
4.64092e-04
4.18160e-04
4.73845e-04
-1.73025e-04
-5.32307e-04
-3.80859e-04
-4.72221e-04
-7.55591e-04
-8.04057e-04
-2.77136e-04
-2.49879e-04
-7.20065e-04
-8.53520e-04
-8.59894e-04
-1.15264e-03
-1.56422e-03
-2.00874e-03
-2.42051e-03
-2.52639e-03
-2.48860e-03
-2.45391e-03
-2.53223e-03
-2.19820e-03
-1.55932e-03
-1.15042e-03
-9.97323e-04
-9.92219e-04
-3.36059e-04
-1.32009e-05
-1.62171e-04
1.94822e-04
3.58878e-04
7.01635e-04
1.15651e-03
1.42211e-03
1.35181e-03
1.16523e-03
1.21786e-03
9.65986e-04
4.59116e-04
-3.41452e-04
-7.45758e-04
-1.08622e-03
-1.50868e-03
-2.01238e-03
-2.90866e-03
-3.00801e-03
-3.04524e-03
-3.46505e-03
-3.59793e-03
-3.37614e-03
-3.44410e-03
-3.78277e-03
-3.77935e-03
-3.27287e-03
-3.00046e-03
-3.58714e-03
-3.50492e-03
-3.33080e-03
-3.21839e-03
-2.92523e-03
-2.97829e-03
-2.43569e-03
-2.12883e-03
-1.98359e-03
-1.66655e-03
-1.32019e-03
-7.78148e-04
-6.25328e-04
-5.12471e-04
-4.16126e-04
-1.58396e-04
2.29502e-04
1.04410e-04
1.08993e-04
4.68773e-04
9.14512e-04
1.05132e-03
1.23120e-03
1.98747e-03
2.56522e-03
3.04269e-03
3.43448e-03
3.92308e-03
4.41902e-03
4.56396e-03
4.35378e-03
4.07193e-03
3.93893e-03
3.29173e-03
2.94619e-03
2.77897e-03
2.91371e-03
3.06079e-03
2.84958e-03
3.29941e-03
3.67341e-03
4.00603e-03
4.07690e-03
4.30403e-03
4.58936e-03
4.44070e-03
4.22036e-03
3.55546e-03
2.93453e-03
2.37065e-03
1.92702e-03
1.21237e-03
3.65910e-04
-1.89748e-04
-6.02320e-04
-4.64139e-04
-3.00661e-04
-5.83192e-04
-6.81949e-04
-4.85866e-04
-4.05189e-04
-4.59626e-04
-6.04843e-04
-3.59851e-04
-1.95384e-04
-2.42075e-04
-2.88631e-04
-7.24407e-04
-8.02261e-04
-6.43264e-04
-8.18561e-04
-1.17454e-03
-1.30357e-03
-1.09918e-03
-1.38721e-03
-2.10905e-03
-2.33190e-03
-2.49061e-03
-2.95156e-03
-3.52927e-03
-3.67923e-03
-3.32812e-03
-3.34657e-03
-3.28830e-03
-3.13178e-03
-2.99191e-03
-2.87013e-03
-2.41131e-03
-1.76611e-03
-1.89172e-03
-1.70527e-03
-1.22688e-03
-1.09903e-03
-1.33527e-03
-1.64323e-03
-1.64664e-03
-1.53293e-03
-1.28329e-03
-1.17558e-03
-1.08426e-03
-9.05474e-04
-6.38735e-04
-6.64684e-04
-7.54691e-04
-5.69451e-04
-5.58093e-04
-5.89726e-04
-9.10823e-04
-9.74864e-04
-7.58512e-04
-6.99554e-04
-8.72937e-04
-1.40183e-03
-1.35126e-03
-1.26967e-03
-1.29220e-03
-1.16521e-03
-1.17847e-03
-6.39810e-04
-1.61106e-04
1.21242e-04
3.85969e-04
5.78304e-04
9.40276e-04
1.21325e-03
1.43506e-03
1.29948e-03
1.38072e-03
1.97011e-03
2.46313e-03
2.65899e-03
2.66443e-03
3.23250e-03
3.73171e-03
3.83415e-03
4.01443e-03
3.74910e-03
3.49929e-03
3.41615e-03
3.02425e-03
2.70255e-03
2.72388e-03
2.67499e-03
2.58128e-03
2.79437e-03
2.82229e-03
2.77926e-03
2.74103e-03
2.92702e-03
3.08535e-03
2.78218e-03
2.61258e-03
2.24628e-03
1.88675e-03
1.35521e-03
9.10956e-04
6.37014e-04
-2.71193e-06
-2.57158e-04
-5.59895e-04
-9.56589e-04
-1.29130e-03
-1.24975e-03
-1.18259e-03
-1.65135e-03
-1.55207e-03
-1.27605e-03
-1.30356e-03
-1.43628e-03
-1.56366e-03
-1.53739e-03
-1.62916e-03
-1.66398e-03
-2.04200e-03
-2.38755e-03
-2.16769e-03
-2.41455e-03
-2.43930e-03
-2.23395e-03
-2.42595e-03
-2.49567e-03
-2.42589e-03
-1.71853e-03
-1.36815e-03
-1.84218e-03
-1.83577e-03
-1.18540e-03
-7.87354e-04
-9.02444e-04
-1.00977e-03
-8.54194e-04
-3.74002e-04
-3.32765e-04
-4.04988e-04
-2.02551e-04
-8.08784e-05
2.76636e-04
6.50554e-04
7.39933e-04
7.66562e-04
1.26641e-03
1.60195e-03
1.53797e-03
1.58394e-03
1.75475e-03
1.77013e-03
1.57619e-03
1.82991e-03
1.75382e-03
1.32349e-03
1.04025e-03
7.31672e-04
4.54360e-04
-2.22894e-05
-4.47921e-04
-9.23794e-04
-1.22944e-03
-1.55688e-03
-1.80015e-03
-1.64939e-03
-1.36420e-03
-1.10551e-03
-1.08882e-03
-6.52287e-04
-2.11346e-04
1.53913e-04
5.95427e-04
8.44321e-04
8.95608e-04
6.48757e-04
6.55860e-04
8.10541e-04
8.19561e-04
4.14763e-04
1.48780e-04
1.23660e-04
-7.74464e-05
-1.86428e-04
-2.14753e-04
-2.53652e-04
-2.06051e-04
2.05307e-04
4.22950e-04
4.79587e-04
5.00621e-04
5.62960e-04
8.45711e-04
7.60207e-04
3.17002e-04
1.72703e-04
4.73054e-04
4.30703e-04
-2.01672e-05
-4.36060e-04
-3.82498e-04
-2.69867e-04
-5.63405e-04
-9.25807e-04
-1.16826e-03
-1.21803e-03
-1.29500e-03
-1.71454e-03
-2.39057e-03
-2.51397e-03
-2.25942e-03
-2.05244e-03
-2.33869e-03
-2.53745e-03
-1.83045e-03
-1.42595e-03
-1.31739e-03
-1.11557e-03
-5.19877e-04
9.88673e-06
-1.73404e-04
-4.23067e-04
-6.47172e-04
-5.71618e-04
-5.03268e-04
-9.13884e-04
-1.34210e-03
-1.19232e-03
-6.86157e-04
-6.27049e-04
-5.44796e-04
-2.32183e-04
-1.14289e-05
4.28939e-04
7.08732e-04
7.37485e-04
8.93388e-04
1.16140e-03
1.60110e-03
1.74333e-03
1.85699e-03
2.19453e-03
2.28048e-03
2.38771e-03
2.53516e-03
2.40117e-03
2.05463e-03
2.12147e-03
2.17425e-03
1.93429e-03
1.82236e-03
1.56757e-03
1.52910e-03
1.23174e-03
7.72961e-04
7.47362e-04
6.57615e-04
4.00413e-04
7.57513e-05
6.37928e-05
2.48684e-04
1.07039e-04
-9.48309e-05
2.88024e-04
6.22454e-04
7.73085e-04
1.24332e-03
1.36464e-03
1.53265e-03
1.74930e-03
1.74798e-03
2.07665e-03
2.03263e-03
1.59891e-03
1.47686e-03
1.32398e-03
1.01181e-03
6.55620e-04
3.16171e-04
7.00441e-05
-1.73286e-04
-5.18097e-04
-9.24981e-04
-1.28286e-03
-1.31392e-03
-1.13233e-03
-1.45843e-03
-1.77942e-03
-1.58042e-03
-1.43968e-03
-1.63036e-03
-1.97749e-03
-1.93322e-03
-1.72621e-03
-1.84469e-03
-1.99027e-03
-1.99754e-03
-2.01188e-03
-2.13407e-03
-2.28217e-03
-2.33692e-03
-2.33945e-03
-2.37746e-03
-2.33374e-03
-2.20327e-03
-2.15472e-03
-2.07938e-03
-1.99440e-03
-1.84523e-03
-1.70466e-03
-1.50488e-03
-1.09361e-03
-1.03177e-03
-1.14328e-03
-9.55159e-04
-6.64725e-04
-7.25768e-04
-7.95839e-04
-5.90367e-04
-6.50119e-04
-5.43422e-04
-4.54058e-04
-3.53383e-04
-7.73349e-05
-5.69624e-08
2.87982e-04
4.29642e-04
5.40104e-04
8.17654e-04
1.00468e-03
1.04310e-03
9.04265e-04
1.17895e-03
1.49744e-03
1.53897e-03
1.54863e-03
1.66495e-03
2.09579e-03
2.08596e-03
1.82002e-03
1.83107e-03
1.86366e-03
1.90440e-03
1.65321e-03
1.46200e-03
1.42403e-03
1.34898e-03
1.15369e-03
9.51899e-04
9.84011e-04
8.56331e-04
7.63730e-04
7.43775e-04
7.71454e-04
8.59780e-04
9.74702e-04
9.95769e-04
8.83601e-04
9.56874e-04
1.05203e-03
9.07172e-04
5.33209e-04
4.79406e-04
4.80010e-04
2.84229e-04
-1.19918e-04
-3.70183e-04
-2.37253e-04
-4.02101e-04
-6.67985e-04
-1.01223e-03
-9.82848e-04
-8.12404e-04
-9.73318e-04
-1.12211e-03
-1.21665e-03
-1.08816e-03
-1.12508e-03
-1.03409e-03
-9.89232e-04
-1.23041e-03
-1.10490e-03
-7.91506e-04
-5.44808e-04
-5.64814e-04
-5.53016e-04
-1.00143e-04
1.99965e-04
2.21191e-04
2.70235e-04
2.83755e-04
3.14908e-04
2.48869e-04
9.10269e-05
1.00518e-05
5.09420e-05
8.10845e-06
-1.39219e-05
5.60101e-05
-8.71994e-05
-2.12595e-05
5.77120e-05
6.89715e-05
6.75495e-05
3.11472e-05
3.71696e-04
5.49588e-04
5.11468e-04
5.62638e-04
7.18327e-04
7.29729e-04
6.45486e-04
6.44388e-04
4.79824e-04
4.42590e-04
4.85032e-04
5.12177e-04
3.46431e-04
2.47849e-04
4.07295e-04
3.76482e-04
2.56719e-04
1.17794e-04
1.96452e-04
2.65664e-04
1.20731e-04
7.66363e-05
1.57354e-04
2.58586e-04
2.10464e-04
1.88946e-04
2.10087e-04
1.78512e-04
1.64811e-04
1.58193e-04
1.85741e-04
1.01580e-04
-3.54215e-06
4.57866e-05
8.23789e-05
3.23305e-06
-1.88658e-04
-2.27707e-04
-2.79047e-04
-4.69914e-04
-5.80495e-04
-6.52707e-04
-6.00299e-04
-6.64635e-04
-7.10548e-04
-6.23306e-04
-6.23946e-04
-6.55138e-04
-7.12959e-04
-6.92638e-04
-7.10343e-04
-6.85041e-04
-6.62513e-04
-6.35513e-04
-5.18253e-04
-4.30953e-04
-2.95468e-04
-2.15632e-04
-1.19165e-04
-4.63741e-05
5.40386e-05
2.13966e-04
2.54376e-04
2.77594e-04
3.29325e-04
3.87197e-04
3.55514e-04
3.48140e-04
2.82944e-04
2.02191e-04
1.99317e-04
1.03359e-04
1.07257e-04
1.20328e-04
1.06033e-04
1.50812e-04
2.11191e-04
2.73422e-04
2.55772e-04
2.72721e-04
3.14315e-04
3.20028e-04
2.59711e-04
2.05368e-04
1.83872e-04
1.37745e-04
1.26015e-04
6.77132e-05
1.60447e-05
-3.79092e-05
-1.04002e-04
-1.23892e-04
-2.46962e-04
-3.28473e-04
-3.10879e-04
-3.08992e-04
-3.33176e-04
-3.80041e-04
-3.20393e-04
-2.26632e-04
-2.07646e-04
-2.07308e-04
-1.43857e-04
-9.63893e-05
-1.16389e-04
-7.96887e-05
-4.41041e-05
-2.51042e-05
-5.68377e-05
-4.25257e-05
4.58011e-06
6.47672e-06
7.98435e-05
9.09927e-05
9.32563e-05
1.18470e-04
1.36286e-04
1.49619e-04
1.28646e-04
1.46967e-04
1.43704e-04
1.42530e-04
1.28230e-04
1.09949e-04
6.65154e-05
3.95259e-06
1.83872e-05
-1.21309e-05
-6.38275e-05
-8.32212e-05
-8.62523e-05
-7.07201e-05
-8.15715e-05
-6.63639e-05
-4.59798e-05
-4.53398e-05
-5.69797e-05
-5.71768e-05
-6.45536e-05
-1.09877e-04
-9.22541e-05
-7.77129e-05
-8.89539e-05
-9.77405e-05
-9.62489e-05
-5.83339e-05
-6.68378e-05
-6.67799e-05
-4.76334e-05
-1.64119e-05
-1.11919e-05
-1.43994e-05
2.26304e-05
1.98137e-05
4.88479e-06
-2.12297e-05
-1.93482e-05
-2.32435e-05
-4.28481e-05
-2.40011e-05
-2.69404e-05
-2.31357e-05
-1.46710e-05
1.07026e-05
3.10751e-05
1.73079e-05
2.71288e-05
4.61741e-05
5.23482e-05
3.61215e-05
2.70953e-05
4.47973e-05
4.26831e-05
3.84870e-05
4.56933e-05
4.54892e-05
4.14414e-05
4.27265e-05
5.75278e-05
6.78792e-05
6.91955e-05
5.90940e-05
6.00525e-05
7.19195e-05
6.16094e-05
5.28055e-05
4.83458e-05
4.91221e-05
4.62415e-05
3.96590e-05
4.09988e-05
3.40013e-05
2.59894e-05
2.37231e-05
2.21265e-05
1.69334e-05
1.31829e-05
9.75061e-06
8.10723e-06
5.13787e-06
-3.71732e-06
-5.99406e-06
-9.55476e-06
-1.42479e-05
-1.67321e-05
-1.81741e-05
-2.00840e-05
-2.44397e-05
-2.48582e-05
-2.29359e-05
-2.15169e-05
-2.02564e-05
-1.85113e-05
-1.81364e-05
-1.64298e-05
-1.31219e-05
-1.35711e-05
-1.23600e-05
-1.03193e-05
-8.83809e-06
-7.16967e-06
-7.66073e-06
-7.60699e-06
-6.91198e-06
-4.89540e-06
-3.79910e-06
-5.98347e-06
-5.17782e-06
-1.55337e-06
9.08334e-09
-1.12900e-06
-1.03102e-06
9.51281e-07
2.30983e-06
2.78946e-06
2.57746e-06
2.93604e-06
3.81085e-06
4.40384e-06
4.61454e-06
4.34947e-06
4.31547e-06
4.21253e-06
4.35980e-06
4.17287e-06
3.66989e-06
3.67412e-06
3.89595e-06
3.70620e-06
2.95814e-06
2.84376e-06
3.12473e-06
2.89118e-06
2.55390e-06
2.39687e-06
2.50769e-06
2.31215e-06
2.08974e-06
1.95129e-06
1.83735e-06
1.71302e-06
1.52532e-06
1.44376e-06
1.30161e-06
1.14053e-06
9.96149e-07
7.62592e-07
5.83035e-07
3.83171e-07
2.00857e-07
4.08717e-08
-6.63902e-08
-2.19023e-07
-3.33559e-07
-3.95912e-07
-4.46191e-07
-5.12628e-07
-5.59451e-07
-5.82155e-07
-5.86631e-07
-6.09639e-07
-6.12545e-07
-6.26849e-07
-6.21799e-07
-6.23505e-07
-6.04950e-07
-5.96298e-07
-5.72890e-07
-5.55323e-07
-5.20690e-07
-4.96909e-07
-4.58185e-07
-4.29753e-07
-3.85870e-07
-3.54433e-07
-3.04231e-07
-2.73143e-07
-2.15845e-07
-1.79485e-07
-2.70747e-03
