8.470658441925587754e-04
-3.452013676947022721e-04
-1.017699164824428006e-04
-2.989210810492803579e-05
5.819539859123944387e-04
3.838452352215147466e-04
-2.923628457016008752e-04
-4.471756451050415025e-05
-2.540787307278378603e-04
-9.643043687343727088e-05
1.314117012437415527e-03
1.049910441925073828e-03
-2.984528657862070989e-04
7.996021327308370965e-05
1.248642047782427215e-03
9.506842444647447057e-04
-6.325137171067770833e-04
-7.125151676874341873e-04
1.355536881007907374e-04
1.700770465349151677e-03
5.492626807782767561e-04
-1.111281005810645138e-03
1.023912682054110894e-04
8.618672455020505397e-04
-5.481243592671354630e-05
5.471707465295000362e-04
1.109777562305363889e-03
1.768006606681754665e-03
4.308804652842313583e-04
-2.031635425332781154e-04
2.336716329200841602e-05
4.178423884287907342e-05
-1.372686875850291513e-03
-1.576446426344592019e-03
-2.418568089181212446e-04
6.258835312484877303e-04
1.937970894953773863e-03
-1.051412811542136710e-03
-1.144088290872312917e-03
-1.047997847008712681e-04
-2.621618873451594402e-04
1.900653279376262770e-03
-4.320531512183505636e-04
-1.725598760950649560e-03
8.464086246031073991e-04
1.671958044458658841e-03
-3.176518393486457204e-04
-1.979627018932238452e-03
1.072571631102530940e-04
2.115387967459114379e-03
-1.456160207039929868e-03
-1.588226980096686626e-03
2.623380050129209620e-03
3.948107078161035982e-03
4.750881476688017087e-05
-4.146980437263173350e-03
-1.209992810814524366e-04
1.146074984075719965e-03
-4.793428927887469627e-04
2.634033021252343669e-03
3.023650405645919321e-03
-1.408479570158160509e-03
-1.006208560891208668e-03
-4.028509089047029187e-04
1.105106148556812183e-04
-6.332450349832744688e-04
5.759316207855259481e-03
3.728915753973244696e-03
3.795196134791776511e-04
-8.746787319434808040e-04
-3.982213767966554137e-03
-1.601349894121353737e-04
-1.166854721095139701e-03
-2.212413767960643118e-05
-1.331095185164910173e-04
1.979057858176667961e-03
-7.347489493541042469e-04
-1.738657241682233260e-03
-2.494212775261208954e-04
-2.015140502303412306e-04
3.292917137441749194e-03
1.040329211243561482e-03
-9.746169172923823320e-04
-7.101612047134513292e-04
-1.260648118060314193e-05
2.245800952660062435e-03
-1.833406399161478925e-03
-1.083832422957085873e-03
3.722547596840161590e-03
6.796917743024954474e-04
-5.684541371231890267e-03
-4.892785065822183831e-03
5.834982371699617108e-03
-9.946997008582825813e-04
-2.077361585657685333e-03
3.450381366855574759e-03
4.862587329130396035e-04
-5.681115667816285381e-03
-3.570377636341361561e-03
9.491625448597567141e-03
2.172593992835057230e-03
-2.135931449070561483e-04
-1.959974864541779490e-03
-3.281695005563044654e-03
1.067672553051750859e-03
-2.343621430442953575e-03
1.678111423948130433e-03
1.910210884516977967e-03
-3.724244340224693289e-03
-5.339855469881854902e-03
-2.482432221509113697e-03
4.421938776614710298e-03
7.097230583204837450e-04
-3.788538027839817406e-03
-1.330483068880617282e-03
-2.334418208414197789e-03
5.289919667742164211e-03
2.033299952070770876e-03
-6.098514540411018210e-03
-7.985851605883363419e-04
-1.560660269539141179e-03
-4.439024338164011298e-03
4.728029135407745259e-04
9.133472988993087197e-03
7.893282441486774601e-04
-9.128318325546409123e-03
-6.670274105469389640e-03
-5.722449625329332698e-03
3.520377400908587025e-03
6.505743691580742789e-03
-3.134894486154533779e-03
-1.956463250068730345e-03
-5.575885361328794185e-03
-4.394264677235359040e-05
6.788702498156811566e-03
8.519123017206540202e-04
9.911837908323610502e-04
-2.438402804568741162e-03
-4.986320729615023595e-03
-2.137359720400578301e-03
-2.746179167864126747e-03
-3.407017760610398047e-03
-3.161977947013953428e-04
-9.911021753277887442e-04
3.297771112187371061e-03
4.702599462404134963e-03
3.198049852258517348e-03
4.269607732883201091e-03
1.994478892987978751e-03
-1.807751209632076474e-03
-1.151014869878786090e-03
-6.452231841674919977e-03
-5.408799093481170446e-03
1.837250918982126198e-03
1.238268287595988091e-03
-2.544277443987066466e-03
-9.468150252150821320e-04
-2.743848830430941146e-03
-7.236513885086942946e-03
-7.258968887726533099e-03
-2.380906829373923179e-03
1.147213305586861380e-03
9.245404357961258326e-03
3.107510336594058141e-03
-8.837863779208298201e-03
-1.615718518478968021e-03
-8.491846256467870321e-03
-6.977352441423037045e-03
-1.868694366006860624e-03
5.745763738543368908e-03
6.709331419960153911e-04
-5.994272211084140760e-03
-6.071903590367543936e-04
-2.625001621338476400e-03
4.039301665638510806e-04
3.136161674251842450e-03
-2.605188383715309128e-03
-4.995642079347766863e-03
8.444573697108962926e-03
2.267364628078664263e-02
6.457730149351375952e-03
4.230400074041908501e-03
1.509167329483266339e-02
-3.703142436739856064e-03
-1.964205984120927576e-02
-9.135105299084534183e-03
1.576822287220912278e-02
2.806381341368451021e-02
3.204332098334156109e-02
2.461169234791567989e-02
-3.628367600116486416e-03
-2.301664617763432563e-02
-3.150841726192692843e-02
-2.419770843985437001e-02
-1.478475604211172516e-02
-1.124124708898617021e-02
-3.433564277360788260e-04
1.005670542893961732e-02
-4.269317783064325959e-03
-1.644391333901113264e-02
-1.509113635072363568e-02
-3.946431812540866085e-02
-2.412296581987754401e-02
6.638487014214876011e-03
-1.396183550061397792e-02
-2.283054134944489597e-02
-1.440481439056285132e-02
-3.924556709539027410e-03
1.276112108400347459e-02
2.294040011415221514e-02
1.981313023434589510e-02
1.849557677961069166e-02
3.005845338990519727e-02
3.863753158632590723e-02
4.635470709893337038e-02
6.648817818872593266e-02
3.114973859709560533e-02
-6.553005512057469284e-02
-8.312539140698747830e-02
-4.715550554313912429e-02
1.948151355260962364e-02
4.495983369249800105e-02
1.812981045254018165e-03
7.230972621881764408e-03
4.302221718065619288e-02
2.054906583018095180e-03
-5.082133036430147577e-02
-5.985026033526662237e-02
-7.679041741984229952e-02
-2.783593433381262999e-02
4.560126712514397246e-02
5.627550123499558410e-02
8.896197387213200525e-02
4.404327009838561457e-02
-5.403290046922533396e-02
-5.813601257278084439e-02
2.481165033411805460e-03
7.525615332270300939e-02
1.197825657303928787e-01
1.301026315059289895e-01
1.230879936655749907e-01
-3.154664768248979095e-02
-1.642651634987859488e-01
-1.722044190948877895e-01
-1.125112686059230316e-01
-2.114067084950903373e-03
5.789428033489601999e-02
1.129204200170030731e-01
2.324624347865510143e-02
-4.811545422126106003e-02
-7.647512383902049793e-02
-8.146838188652419377e-02
-2.948510447028409795e-02
1.917524063281952039e-03
2.056334854348111987e-02
6.785287533623386713e-02
1.191167550351970028e-01
1.380204093376696806e-01
1.083510256491668489e-01
3.578517709034240157e-02
-1.215254863083008001e-02
-5.661001741492061035e-02
-9.461878744957363807e-02
-1.102625466773098639e-01
-3.470828198527396800e-03
5.725886067627117271e-02
6.662681715767720947e-02
9.879288356434276497e-02
1.160701341605668152e-01
3.259465519449247090e-02
-5.860809383343908857e-02
-8.195904141335481896e-02
-1.084423061477017697e-01
-9.754781756432648332e-02
-1.874600751206179083e-02
8.929144277743214508e-02
1.320098569811997691e-01
1.310959781076325437e-01
1.272664927220381603e-01
9.808852028211861862e-02
3.749384063409427759e-02
5.783682731522992587e-02
3.013394773163466725e-02
-3.577465298580543435e-02
-3.954743707348634674e-02
-5.558477633314076738e-02
-1.151433686283828695e-01
-8.192242182511905169e-02
-2.831349242438296540e-02
-5.063372209260676160e-02
-5.930977239511810162e-02
-8.255236465383179734e-02
-1.259155413437213489e-01
-1.496731703918156298e-01
-1.476295611128514984e-01
-1.586444325654710608e-01
-1.235014406295272676e-01
-8.279978849927233098e-02
-7.529083991214630123e-02
-4.796199559490058745e-02
-3.396074839668388606e-02
-1.352068222063580565e-02
2.772650512439253298e-02
5.447190597276739543e-02
6.457526110589943691e-02
6.749870700191837325e-02
9.198851303708449612e-02
9.286738315474306338e-02
5.003825107569367242e-02
3.272964294350234199e-02
3.103945027710106053e-02
1.972968911980280127e-02
-8.395185577960481010e-03
-1.665643581736478765e-02
-5.598984696899219488e-02
-6.250040167978983263e-02
-1.057899096379206344e-02
-4.696983027023691505e-03
1.201530571656228390e-02
1.299125532913327462e-02
3.941094588097118767e-03
3.381373309963175977e-02
5.219300778522679117e-03
-4.346798817997200859e-02
-9.095532518249101542e-03
3.231619597955006501e-02
3.046427574750926529e-02
-6.653392582681519080e-05
3.503291839359286286e-02
9.730651488172886721e-02
6.797798331363762159e-02
-3.045246297711062811e-02
-6.180162261629958131e-02
7.646255934686923585e-03
5.356758470434086483e-02
6.988477923362117206e-02
9.009707371861917780e-02
8.249244169126417059e-02
-3.669314957871032401e-02
-1.138536288784953721e-01
-1.279967367103175269e-01
-4.895502003013869896e-02
3.415812905116292347e-02
2.521349930531531155e-02
7.772706272363237752e-03
2.916476361483743771e-02
6.870769035780793788e-02
5.020953624647390284e-02
4.011176533207574946e-02
1.830625028676709232e-02
1.665643581736478722e-03
-9.769343680669511851e-03
2.787803075196049890e-02
7.399616027645572469e-02
9.473573387652015065e-02
8.102701382890241388e-02
1.402444318372675185e-02
-4.080216806746515823e-02
-4.361596997642038648e-02
-6.933194157896496734e-02
-8.783857940722167301e-02
-8.187227124533576206e-02
-3.931730282835654150e-02
2.140248479707154358e-02
2.199817059162824558e-03
1.962928057141438698e-02
3.853379398446151599e-02
4.589368688692112980e-02
4.793407450123108454e-02
4.631411412429078250e-02
3.553721630079283850e-02
4.096636557600620045e-03
3.423072389470363172e-03
-4.462295495849324944e-02
-7.958596322909054777e-02
-8.746905447138796086e-02
-1.037820608366178399e-01
-1.102367733600764510e-01
-8.817352514243391448e-02
-5.344398017044239835e-02
1.008398218967828698e-02
7.261922080326191353e-02
7.319568399871538567e-02
4.870158241067704119e-02
2.888727089929128342e-02
1.512507121841426445e-02
1.552155074852122965e-02
3.917748258236540548e-02
3.456953562750088998e-02
2.320618744812153952e-02
-2.256733134719891409e-03
-1.981978834129785247e-02
-2.683517790340449877e-02
-1.337151914714756811e-03
1.972721917690126517e-02
-7.676872487783752575e-04
-2.841723002624735317e-02
-2.805447058618740566e-02
3.540738321522964027e-02
3.594035393785175586e-02
1.323062501293837366e-02
1.293390969828898431e-02
-1.243906200740791876e-02
-4.423259659122921739e-02
-4.177178173954960994e-02
1.230675897894318964e-02
3.220257860607954326e-02
4.852567952055916213e-03
-1.689666461174433101e-02
-2.067363686347566468e-02
-8.996863668773944986e-03
2.216945576240847079e-02
5.397845433656980191e-02
3.460422221694416101e-02
2.590003604311970700e-02
9.910409636993595256e-03
-4.957626436428518024e-02
-5.556512417875030668e-02
-2.149784607083508187e-02
-1.320989897032985756e-02
-1.323105456822559929e-02
1.393756562688587032e-02
3.693123059665376351e-02
1.574309388790656739e-02
-8.173116233348294915e-03
3.889719775745229723e-05
8.475899016429712038e-03
3.596516075568890330e-02
5.386000446611802217e-02
5.491037453220042053e-02
2.370747846831095310e-02
2.240678505859926284e-02
-6.099180351106214468e-03
-8.316437354930299175e-02
-8.897604180778856398e-02
-7.258721893436378969e-02
-5.686055553619351333e-02
-6.745048942092758681e-02
-4.853427062630363137e-03
4.266106857292333021e-02
1.765364841665332390e-02
1.861263059537900111e-02
1.504377788030728316e-02
-1.709877037438282347e-04
1.451714309817170399e-03
1.472311485839520109e-02
9.974767757901803217e-04
5.702496782237816662e-03
3.105996154206596901e-02
2.740111699432100020e-02
3.182124089984719262e-04
-6.018015879585399998e-03
-4.197045105989031730e-03
-1.518306118218938844e-03
3.316080906305257734e-03
3.428549219382458300e-03
1.153227079607985379e-02
1.755485070059200139e-02
1.897657131247881476e-02
1.600447828018185335e-03
-1.594154843060366367e-02
-1.107619046987067674e-02
-1.499803024221801721e-02
-1.712701363451774386e-02
-3.230943048377629689e-02
-5.004125796270423449e-02
-6.067479170909145791e-02
-9.775647404509512847e-03
6.453058735602823504e-02
9.791444300197142681e-02
9.561535571593134109e-02
6.086465514604409016e-02
3.312880719415445437e-03
-5.615694397572200403e-02
-4.571896527384311515e-02
-3.447234874376665231e-02
-4.416515641113518548e-02
-2.925829927863028007e-02
-1.454560113595023546e-02
-1.570153441386772791e-02
2.317837374327384357e-04
2.230723562078529634e-02
2.532239157062637566e-03
-7.116925693124018758e-03
4.076318592514965172e-02
3.016337226880944772e-02
-1.205546913591764788e-02
-1.579872129760196559e-02
1.624653268453209870e-02
-3.522890299338842218e-03
-2.893806581200542016e-02
3.401046942117996481e-03
2.493095931514428473e-02
2.445415294632658984e-02
2.985387768436517306e-02
1.871840858485770281e-02
-1.612657937057503446e-02
-5.872783236975254000e-03
-6.303090245951042427e-03
-3.538837539377001629e-02
-4.743783075566654350e-02
-3.693939214711099844e-02
-2.850099330725586882e-02
-2.881993810801905444e-03
8.181739555739300437e-03
1.314976123011861800e-02
3.347030364749685460e-02
3.258015770354869001e-02
6.997648928744330983e-03
-2.791754983838502790e-02
-2.048312909359219919e-02
4.816614174515339124e-03
6.475868121354372807e-03
8.209660649408805078e-03
8.658202280327214825e-03
-3.652132746382106936e-04
-8.322751817652478470e-03
-2.140441779586404678e-02
-3.099874991363666885e-02
-6.591826571140262103e-03
1.560316625309362756e-02
1.361056666448724924e-02
-1.164782116834288069e-04
-1.302798230619085437e-02
-1.239943553216158421e-02
4.695372194696604932e-03
3.056608035058114986e-02
4.529993409115693620e-02
3.085431194830788593e-02
2.109331237909268120e-03
-1.024952205849190973e-02
-5.648555377044769954e-03
8.365320746616292102e-03
4.963672427096182992e-04
-2.929083809163743248e-03
-1.565771977457096689e-02
-4.548120642236509747e-02
-3.259508474977969306e-02
-1.524867575231272400e-02
-1.525995157860233174e-02
5.735518844943096606e-04
1.321075808090430362e-02
1.520754583356110842e-02
4.403403465971031383e-02
5.563202741473530916e-02
2.758453710196528269e-02
1.912090188898579258e-03
-1.298491938864673387e-02
-2.606648871691867597e-02
-1.744391804766662335e-02
2.790863656617514465e-03
1.037853898900938099e-02
-7.527301336772652864e-04
-2.607089165861271526e-02
-3.383853991746890028e-02
-2.149666479379521572e-02
7.345320239340566264e-03
2.590959364826042263e-02
1.607621401314811987e-02
-1.081265830115927563e-02
-1.366157635484499706e-02
-8.274534236661679892e-03
-2.992969419256006052e-03
1.675813303161486495e-02
2.778803891928724804e-02
2.203113895992261928e-02
1.057226842354702136e-02
6.306183044019049401e-04
-6.130269415018989483e-03
-2.849691253202724962e-03
-1.833052016049519948e-03
-2.360621080934809796e-02
-3.116155136749424251e-02
8.867835999374292649e-03
2.608914775831969526e-02
1.856194307148666817e-02
7.576904233564745426e-03
1.866428461866758435e-03
-6.976998058311078069e-03
-1.502036711715362162e-02
-6.373784307345791572e-03
-3.451788160421230458e-03
1.091499984834018964e-02
1.317048727272713410e-02
1.810758096642638496e-02
2.393578710347005548e-03
-1.263279144194555913e-02
1.182469055785701113e-02
1.776855445598551908e-02
1.497870025429297487e-02
1.493510039263982667e-02
9.112134830100277610e-03
3.366499958143074657e-03
4.249558239852061457e-03
-3.959683593151700799e-03
5.207122886129902754e-03
1.573224761690418180e-02
-2.902301037005379589e-03
-9.314455370382380278e-03
-1.001756220339140857e-02
-1.279333773054520951e-02
-1.891342668525701227e-03
1.740128468540972501e-02
-1.383758663378468383e-03
-3.226185723571633329e-02
-3.337698276134763026e-02
-3.590674123662655065e-02
-2.436910099945640770e-02
-2.573476464636059984e-03
2.076191047500002343e-02
3.770904783299307284e-02
3.425263121435201397e-02
1.724782605904925242e-02
4.977557801755671911e-03
5.808586199299754782e-03
-5.343764422995585586e-03
-2.523261451559673935e-02
-2.005239252932918687e-02
-4.218887992344328396e-03
-9.424550390497672681e-03
-8.147772471402128444e-03
-9.219287396498092660e-03
-2.205197239135294265e-02
-3.038921096106701747e-02
-1.831022367317390598e-02
-7.152288832144664509e-03
1.405644505262487829e-03
2.454972899773373921e-02
2.010630171787569295e-02
4.544157994711876293e-03
1.484510855996657754e-04
8.037076073884723846e-04
4.722681172081816953e-03
9.853783511255402236e-03
1.096321742933098822e-02
1.464461362965517252e-02
2.062917789124807041e-02
1.106437769947204129e-02
-5.960101087985539628e-03
-1.451102193532877345e-02
-1.967309521071114800e-02
-2.097668811861159652e-02
-4.719921279361408324e-03
4.954512160596149552e-03
5.426969282130709657e-03
2.039485548206784390e-03
-2.135458938254616162e-03
-2.046884638029202938e-03
1.508866640782210132e-02
2.707347369899153981e-03
-2.045510061110088901e-02
-2.353748196339239263e-02
-1.623525685824249096e-02
-9.609366552825432395e-03
7.032636206888656476e-03
3.065628696089801181e-02
1.786434528503627606e-02
1.783481335903968484e-02
1.849847627779944992e-02
-1.635080723050551634e-03
-1.356922196809202084e-02
-1.678240290534297602e-02
-1.726049794002233739e-02
-1.486583460257509363e-02
3.233004913756300485e-03
1.117788768412075577e-02
2.438477976744005214e-03
1.269647301327639193e-02
1.176981486991425345e-02
-2.874079254634819176e-03
-1.053631464600644253e-02
-1.070366938590858186e-02
-5.163372680126224711e-03
1.529990022031408334e-03
-5.964912107202438932e-03
-1.184273187992038352e-02
4.772563279810604873e-03
1.908030891434320253e-02
2.140184046414070774e-03
2.727955284803684766e-03
8.272461632400827936e-03
-2.826903345215536789e-04
-6.187217707222598256e-03
-9.405950646560910441e-03
7.590413747347914304e-03
1.453829869606744311e-02
9.916187155606746156e-03
8.978263924837182747e-03
7.486300284607203676e-03
7.678923614280243684e-03
7.844839343970184953e-03
2.405756602739782344e-03
-1.440502916820646066e-02
-1.026104487907167004e-02
9.913266179653629218e-03
1.772925014720459942e-03
-4.584385847360324118e-03
1.042928020731261583e-02
2.065495120848145905e-02
-1.443037293015262540e-03
-1.012193339930445371e-02
-5.117388786628987267e-03
-1.449792049906846632e-02
-7.846793820527050295e-03
-4.733548920848562949e-03
-8.164611038661277742e-03
-1.000811198707249848e-02
-1.379355721684430956e-02
-1.225940050852683712e-02
-6.378831581970664105e-03
-6.174953903772377635e-03
-8.909964634168701311e-03
3.346203470821781153e-03
6.723807433139573735e-03
2.188906354867355998e-03
5.660722530555366110e-03
-6.431505799066401709e-04
-1.388784460238979244e-02
-1.948301699611490467e-02
-1.872936224468189220e-02
-3.532877459766780442e-03
9.889007044807702693e-03
6.862908174024609856e-03
8.984814642967336312e-03
1.110808494994699504e-02
1.203044754043690020e-03
-8.345110170352443291e-04
-3.658114303756689143e-03
3.414910839013123468e-03
2.187370694715533651e-02
2.777955520236459128e-02
1.867319789087746457e-02
-3.732695840500808125e-03
-8.038396956392935069e-03
-1.016313849023133334e-02
-1.051187295016344642e-02
-7.796568068568483605e-03
1.412420739918432899e-03
8.656999525522989999e-03
1.199941217093502578e-02
2.412629487335352443e-02
2.388434785782508549e-02
4.971382944501839471e-03
-6.948722581529614452e-03
-9.235170203243166231e-03
-1.615911818358218427e-02
-1.688195234315693904e-02
-1.807718992985534595e-02
-2.282871573947419658e-02
-9.430682292222781690e-03
1.312570613403412148e-02
1.969253258745799415e-02
2.199301592818156403e-02
1.574674510784796616e-02
5.196255137363157625e-03
1.129418977813642400e-04
-7.567572144949822818e-03
-1.961285008167809943e-02
-9.727462040165255758e-03
7.986055644644794727e-03
6.789389786616368237e-03
-5.233379453061417184e-03
-7.296232808893141422e-03
-5.392282692687441238e-03
-2.010458349672680257e-03
4.314485521515840777e-03
3.951683125927168971e-03
1.062676825061345705e-02
-4.482366466644826727e-04
-1.679496739749425371e-02
-1.086656748970578129e-03
6.373075541121873619e-03
1.604743380890416918e-03
9.120715196962558835e-03
7.602043956749481024e-03
7.468441523540900878e-03
1.170946235205940281e-02
8.289633105007573194e-03
6.673936064292966021e-03
2.494792674898960085e-03
6.015835886502742501e-03
6.409555523889299937e-03
-1.010451493240755588e-02
-1.259907135189854144e-02
-6.628478376022576939e-03
-1.642243557464997603e-02
-9.796598963643821101e-03
3.742006451351369885e-03
-1.600039750495323371e-03
-2.352352141655764204e-03
7.537234802789687452e-03
6.723055711386933218e-03
-6.085756748380490716e-03
-1.164857289009552099e-02
-1.262301905916123068e-02
-1.097642625441309916e-02
-8.993738654059396306e-03
3.318679715792957619e-03
1.003735396325021456e-02
1.395217050665145848e-02
1.387613922081296081e-02
9.478556228983801716e-04
-7.795719696876217755e-03
-7.559485766667846732e-03
-1.382190786580103940e-03
6.406580853525279361e-03
1.089223341811736308e-02
1.656526270765167194e-03
-7.606801281555477124e-04
2.616002438071151921e-04
-1.154182840122056943e-02
-1.580817151392087394e-02
-9.341152231483297944e-03
-6.686307256564993050e-03
3.857148746091534821e-03
7.610216246088901369e-03
1.052519990294954570e-02
2.550656340002330560e-02
2.407646646003563928e-02
1.308586488114417412e-02
-4.221325718599320403e-03
-1.429935856754956623e-02
-9.449475336038794596e-03
-4.180560921841843143e-03
-3.702465887162479166e-03
-5.252065108055624550e-03
-1.461035659549912800e-03
-4.135575744387398785e-03
-8.283780414219158242e-03
-6.876213649046346993e-03
-1.358930367776970370e-02
-1.902833272458920311e-02
-1.758191268368705608e-04
1.658287447442782087e-02
1.935168046704642889e-02
1.011030318990288612e-02
-5.771365233661869076e-05
-2.590229120837762855e-03
-7.559636111018374835e-03
-7.061856705302011275e-03
-8.114331592291806981e-04
-4.402071844580640256e-04
-3.082402830055865333e-03
-1.462496147526471486e-03
5.378515445731938717e-03
1.386754811506849851e-02
-2.653534831292274094e-03
-1.271752122235032464e-02
-5.776638024812532843e-03
2.954266487877200108e-03
2.362500385316411086e-02
2.314121721092903677e-02
-7.842315706657748686e-03
-1.974407922192477141e-02
-1.330386418940992209e-02
-1.442038576972468934e-02
-2.373722517195115712e-03
1.213933980574796734e-02
6.420455489302586555e-03
2.339755432857945454e-03
9.362168223910690909e-03
7.746836305190223787e-04
-6.620370519976240438e-03
-7.412040914328501748e-03
-1.258253347334045008e-02
3.753271538758797096e-04
4.022935609195308834e-03
-1.539343588410692527e-02
-1.976383876513703938e-02
8.293466885946039827e-03
1.552820885547318702e-02
-2.477793024407103778e-03
-7.686258270809579254e-03
4.555863376288707932e-03
7.084161363591073325e-03
2.158601229353762987e-02
2.670448570726685622e-02
8.791246291662405121e-03
7.998169103744486377e-03
2.990800165055528762e-03
-2.361082852868574399e-03
-4.371895585653213335e-05
9.519643192206696247e-03
1.015382787938077201e-02
-5.470128849614455495e-03
-2.204466995147014857e-02
-2.464745282557700631e-02
-2.403018187783734216e-02
-1.538226744663912307e-02
-7.167376961608376736e-03
-7.600476079951116147e-03
-2.524195734309384476e-03
6.420455489302586555e-03
9.769945058071624264e-03
1.070505470170987627e-02
1.349211679403546603e-02
2.003359948551317396e-02
8.614086952329397598e-03
-1.134928024372279347e-02
-1.346000753631553665e-02
-9.185212923339115126e-03
1.681343827484484479e-02
2.479629373259982852e-02
1.994500370752340379e-02
1.475769405901666657e-02
-1.055059735930661408e-02
-1.942212753415102286e-02
-1.239267003638781957e-02
-3.192100511530476629e-03
1.224060746471082421e-02
2.026985489348590713e-02
7.835088438950218656e-03
-4.769824864854557527e-03
-1.074886934100663730e-02
-2.058214158729713278e-02
-1.915773625486517570e-02
-6.090202645603249969e-03
1.005826256685580199e-02
1.600351178078560088e-02
1.451306232294308392e-02
-2.927719971126809678e-03
-1.758846340181721007e-02
-9.604211889378754322e-03
-2.503040136413644482e-03
-2.983948758224319858e-03
-8.576286087053760707e-03
-3.365017992402154906e-03
4.219865230622761067e-03
6.728478846888126010e-03
1.977028209444538567e-03
-6.344681936636423387e-03
-3.890911791667274206e-03
-3.636389545105378658e-03
-5.006262833824357905e-04
4.865089488678471128e-04
-7.170083159917883461e-03
-6.424815475467902416e-03
8.086872270556067291e-03
1.572097179061457406e-02
6.202606525387367557e-03
-8.327348059225766694e-03
-5.394065347129416328e-03
1.019896340118574447e-02
1.267381397187536916e-02
7.763481572570120684e-03
1.307759594186512844e-03
-2.155637297871923486e-03
-1.593886371005851649e-02
-2.095896896301364248e-02
-1.808191503801480360e-02
-1.848408617567747284e-02
-7.693109677640788159e-03
1.085432516401992065e-02
1.695282896554875865e-02
2.007032646257075198e-02
2.365045500393208114e-02
1.086130543743729637e-02
6.610480009487927112e-03
8.484908938579215423e-03
1.955410839615033623e-04
-1.133650097392790469e-02
-5.950822693781519790e-03
-9.117504271190566764e-03
-1.185529637207166122e-02
-1.017634731531344601e-02
-1.470281837107390889e-02
-1.600909599951950285e-02
-1.044490528088535750e-02
8.934932535238547524e-03
1.900449240614832114e-02
2.468686452317973151e-02
1.000364461208537795e-02
-1.390663764620580397e-05
6.701964546784277069e-03
4.667247062265670286e-03
5.526422070005049085e-03
1.526274368796928273e-02
1.193573059960419472e-02
2.387865625026937624e-03
-4.702041040530745113e-03
-1.316157400051725344e-02
-1.400951613749574706e-02
-1.499803024221801721e-02
-2.001094044411215467e-02
-9.684066217273537558e-03
1.022590725657681644e-02
2.153854643429947582e-04
2.881489083339418365e-03
1.845154736267032042e-03
-1.188042535637421487e-02
-5.510517785495611630e-03
-1.560574358481696487e-03
-4.679457171304988138e-03
4.968290146433832280e-03
2.292085534858356519e-02
5.293130593514157149e-03
-1.101841528373916253e-02
-1.605527319289599139e-03
5.048477379676213211e-03
1.431815161136558000e-03
-4.699087847931085818e-03
8.676415424505477467e-03
1.615299702073925633e-02
8.213805857930507257e-03
4.242782005196115737e-03
-6.089751612551665659e-03
-1.632943685496616310e-02
-1.554764623222003490e-02
7.062952071284429910e-04
9.629856340025975264e-03
8.991462011037114344e-03
-1.266533025495271284e-03
-1.864259207666281795e-02
3.722569074604522438e-03
1.393133707522113511e-02
-5.612977460380513990e-03
-1.876909610875003229e-02
-2.371037796649971136e-02
-1.192101833101680101e-02
4.249934100728381715e-03
1.711777819584244659e-02
1.980926423676088524e-02
4.394790882462207456e-03
-6.294907217729441874e-03
-8.145420656204582430e-03
3.197341086034598961e-04
5.336955971693099245e-03
9.648284261847848986e-03
1.635155895225815642e-02
4.206420150132676901e-03
-5.034924910364323505e-03
-9.822919963868420243e-03
-1.081426913348636221e-02
-5.331597269484990298e-03
5.929022762954944820e-03
1.705463356862064669e-02
-1.690998082564824749e-03
-8.389977220102901034e-03
1.619144221894572907e-03
2.655500046731320077e-03
-2.519191415213234940e-03
-5.948836000578112092e-03
3.866244579298485067e-03
1.035432280969217703e-02
4.230464507334992345e-03
-1.530118888617575286e-02
-2.163036387694342033e-02
-9.088756283593155821e-03
7.011899425397959303e-03
6.244144521661845748e-03
6.313055928614618936e-03
5.469355650097453697e-03
3.752433905948711779e-03
8.676855718674880702e-03
8.179076312958515407e-03
1.219797410245392587e-02
1.079740908846285249e-02
1.641824741059954998e-03
-2.026910317173326662e-02
-1.695057380029083710e-02
-6.679863927256645892e-03
-2.890230533434409201e-03
4.731229322297557556e-03
1.072714458235532638e-02
1.747538297245571776e-02
1.467844110852399575e-02
1.328356770208862815e-02
-1.925535269388663640e-03
-1.792212047116779200e-02
-2.510761392701480604e-02
-1.822581605923455708e-02
5.186912309866053075e-03
3.745711365703669610e-02
1.961145402699462567e-02
-2.148388552400033041e-02
-2.042363568631179460e-02
-1.270377545315918427e-02
-1.060853362867083399e-02
-6.365397240362759875e-05
2.075138637046305273e-03
-7.021360380599048732e-03
-1.861241581773539003e-02
-2.224452054885071861e-02
-5.276270548490649172e-03
1.541276587203196761e-02
2.715283403830601877e-02
2.446285144089286115e-02
1.620024810233380158e-02
5.077407928270692879e-03
2.059782035528077895e-03
3.842812338380462676e-03
7.996654921357026005e-03
1.582621283598424633e-02
1.787637283307852432e-02
1.097492281090781813e-02
-1.127206768084443311e-02
-2.851033613475297337e-02
-2.873531571643609533e-02
-8.053302524859577705e-03
6.164494232528493385e-03
3.833072172242677454e-03
-5.524983059792851897e-03
-5.522158733779359424e-03
-1.139105449540524445e-03
-9.428470082493582705e-03
-9.896717562213356786e-03
7.909627020165616376e-03
2.117965299182453590e-02
1.208457150662701693e-02
5.263255023287788034e-03
6.032116031888499780e-04
1.321773835432168151e-03
-1.179075569016638236e-02
-1.106792153059163106e-02
4.783796150571490054e-03
2.207710137565549544e-03
-2.490293083265297629e-03
-3.944262558340389142e-03
-4.162208172195233473e-03
-7.743711290475675108e-03
-8.600061972201561433e-03
-9.300323001432738573e-03
-3.256587499024851846e-03
-2.668805521753057214e-03
-2.384740610312389812e-03
-2.826269751166882779e-03
1.496312887513113641e-03
4.506937029073991401e-03
-2.726301496947875413e-04
-7.077073701351891191e-03
2.105228984916286770e-03
1.810886963228805491e-02
1.185561853853707784e-02
5.879419866162850956e-03
5.068075839655769403e-03
2.092965181466066235e-02
1.829175279582330796e-02
-7.062919854637888205e-03
-1.121815849229792703e-02
-8.086593059619371499e-03
-4.475536537577978237e-03
4.670210993747509788e-03
3.701499387766227461e-04
-1.030688916710056045e-02
-1.689763111114058261e-02
-2.493804697738346426e-02
-1.836144814117526836e-02
-2.896319479630797382e-03
1.750577400902675676e-02
2.545630543141819829e-02
1.733567011528638901e-02
2.175386102202007607e-02
1.322965851354212206e-02
-6.192318676258372692e-03
-8.135637534538074644e-03
-7.834701839191717324e-03
-1.268176074468899822e-02
-1.507921619150319296e-02
-1.615353396484828577e-02
-1.432276933070322777e-02
-6.484716960271170484e-03
-1.197503490838511481e-03
4.780134191747913673e-03
1.494680577421665657e-02
1.414944377230868862e-02
-1.660091579649119325e-03
2.087209140617276150e-04
8.028442012611538767e-03
2.019887088227228199e-03
-2.491087760546660274e-03
-6.314451983298094428e-03
1.640256864261590555e-03
1.840880661159161741e-02
1.453260708851173560e-03
-8.063687023928197903e-03
-4.770426242256669939e-03
-1.712357719221995617e-02
-1.039085648687050438e-02
2.032666358022116974e-03
1.666384564606938554e-02
1.423127405452469761e-02
5.652185119221806581e-03
4.831143882105662151e-04
-8.609168544290692754e-03
-9.634259281720012821e-03
-8.302133163865766611e-04
1.248201753613023372e-02
9.668280060468086717e-03
7.799489044521601411e-03
2.157946157540748238e-03
-3.528592645776729934e-03
1.002097716792483195e-03
-2.549872401603147775e-03
-2.056431504287737494e-02
-2.449592719800904386e-02
-1.952221391607401749e-03
2.406916402015284173e-03
-2.170156266580065656e-03
7.940222095498085386e-03
1.524953486288717179e-02
1.215598507312786597e-02
8.169465013406897874e-03
6.528477905157028735e-03
7.519418997252107868e-04
-6.585447675124997922e-03
-1.033428405554321673e-02
-3.400445564715884068e-03
7.954397419976447919e-03
4.160554384339424337e-03
-7.471265849554393351e-03
-1.776017812788466266e-02
-1.591534555808304940e-02
5.506308143680825606e-03
1.346247747921706928e-02
8.113375831777736025e-03
5.610400128657174086e-03
7.155800446617712786e-03
-6.703403556996474257e-03
-1.943061125107368309e-02
-1.342489139158504347e-02
-1.098233263961241775e-02
-1.023837509878846707e-03
1.140104165583318181e-02
1.720293753153443600e-02
1.298019428048727969e-02
7.641036837947161667e-03
9.647650667799195084e-03
1.496581359567628056e-02
6.007094436407751231e-03
-5.869411227970552751e-03
-2.591614436639057707e-03
-9.474808359102779992e-03
-1.434714659325314265e-02
-7.033667139577991917e-03
-1.383812357789371110e-02
-2.332549642914777052e-02
-8.820874867598620800e-03
6.188603023023892674e-03
1.807214265523047342e-02
2.115731611688893149e-02
1.707664827709083274e-02
5.655707472577035932e-03
-1.014823292176469070e-02
-1.337259303536562569e-02
-1.778681055569249995e-03
1.722570396175726257e-02
1.371731115336220254e-02
-7.971397070468304660e-04
-7.117859975873728866e-03
-3.236817216930406270e-03
6.385951460856387511e-04
-6.743792492877631259e-03
-1.295624657322459045e-02
-8.999258439500213563e-03
-1.029077010494751105e-03
8.403529689414790740e-03
2.718386940780788928e-03
-1.182984522130368921e-02
-1.051786524642020840e-02
8.555441916741257993e-03
2.048398820416664698e-02
2.456465604396474572e-02
1.588860574145340918e-02
-2.090634844032880548e-03
-1.362399026721297125e-02
-1.155278206104476055e-02
-2.648852678661542046e-03
6.790785841299842862e-03
1.443617192653014018e-02
-1.287452367983038526e-02
-3.375885741168900556e-02
-9.557304452013986110e-03
4.616903182603116981e-03
8.076090432846766420e-03
1.363891731344397777e-02
-9.396962202175765735e-03
-2.157720641014955476e-02
1.752585571870443658e-03
2.003563987312748443e-02
1.421548789771924677e-02
7.460269234201480533e-03
2.347444472499239567e-03
-8.115856513561449728e-03
-1.332147595618607058e-02
-5.916587137389833946e-03
-6.040320537874462048e-03
4.347067290051715750e-03
1.930174466490673646e-02
1.044425020907234318e-02
9.062059422492238373e-04
-9.753965601386924492e-03
-1.723483201161075604e-02
-1.374609135760615324e-02
-6.940185170196054923e-03
-8.683266831336685504e-04
5.364479726721922562e-04
4.420295727641081369e-03
1.245796244004573720e-02
8.851169254230033603e-03
4.673443397283863140e-03
-1.083402867669862844e-03
-2.031152175634655301e-03
6.359469377399080275e-03
9.215410660030901729e-03
2.630328106900043424e-03
-1.510627817459825209e-04
7.053050821913935944e-04
-1.229193932153399040e-02
-1.189256029323826867e-02
-6.768459705246420398e-03
-4.988242989525347448e-03
-5.489469576421678477e-04
8.281815198780111825e-03
1.103087238706863468e-02
1.052326690415704077e-02
7.591412463390708257e-03
-9.019662315643313041e-03
-1.774911707923866946e-02
-5.665930888412946953e-03
1.417650575540374720e-02
1.580774195863365178e-02
3.671076134548647944e-03
-1.227486449886686960e-02
-2.469975118179642756e-02
-1.105009498617186975e-02
1.074274817816370763e-02
1.155976233446213627e-02
8.056975222565335160e-03
7.150012189122381678e-03
7.345470583691094367e-03
4.309567113477135065e-03
5.177182882610448927e-03
-8.876223066357324509e-04
-1.028363948717960809e-02
-1.057049650798722561e-02
-1.169399836171936859e-02
-1.475801622548208493e-02
-5.036890125803369271e-04
7.313221720502816221e-03
4.686501878015447708e-03
4.995867595873558151e-03
-3.050229139042851673e-03
-4.656067885915687876e-03
-7.977432322253789204e-03
-8.011163151182987968e-03
-5.283186388614941921e-03
-2.674733384716737085e-03
5.847815335905408220e-04
7.978431038296582289e-03
1.051518052587506469e-02
5.564061852047977666e-03
6.303713101117516121e-03
1.199329100809209785e-03
2.566131069224544640e-03
6.177187591265937902e-03
2.819257261102964696e-03
-2.254188019643094294e-03
-9.230198100793557750e-03
-2.164185448087664089e-03
7.536998547381715957e-03
5.384164097758923663e-03
5.624618408664260917e-03
3.861293954613238301e-03
-7.864749231532977558e-03
-8.711252358299274856e-03
-1.684619186549561219e-03
3.037181397193448396e-04
-9.815123535405320589e-04
-2.803900659584737318e-03
-7.857672308175977366e-03
-1.084713011295893210e-02
-1.022282519739099033e-02
-8.105128370263050760e-03
-5.482607430708288064e-03
4.149665157808317927e-03
1.781763114755076025e-02
1.850524177357321456e-02
1.160658386076945763e-02
9.647199634747610775e-04
-1.188117707812685452e-03
-2.012122876410669600e-03
6.413260438241599097e-04
5.326689600328465661e-03
7.514704627974834114e-03
1.098179569550339010e-04
-3.345140321485903356e-03
8.171022151323081514e-05
-1.879884281239023675e-03
-5.744034778512295721e-03
-6.651008550837431144e-03
1.331825429153189570e-03
9.304822593066400596e-03
5.368957840591223954e-03
-7.310472566664588667e-03
-7.729503749350769351e-03
-3.893467645626252395e-03
-1.578894891481763801e-03
-2.857101081907324151e-03
-1.846056802370200662e-03
1.476735905297918731e-03
2.646200174762939283e-04
-7.985368356185237187e-03
-1.411207246232027389e-02
-1.418939241402044152e-02
-2.189121132510967946e-03
9.302116394756894738e-03
1.107393530461275519e-02
9.167139384629201249e-03
2.400644894821826400e-03
1.211034482386040556e-03
3.383574780810194582e-03
5.003492202221769720e-03
3.759038318489767681e-03
5.463320398311968286e-03
3.020815340750246641e-03
-4.725773970149823276e-03
-3.478495760404330065e-03
-4.263132186928312445e-03
-7.746202711141569018e-03
-2.830232398691516233e-03
3.759092012900670885e-03
1.933890119725154011e-03
7.896063811971543861e-03
1.303979507658949155e-02
1.263171755372750026e-03
-4.704618372254083282e-03
-2.273614657507761155e-04
6.072290190126044401e-03
4.067093892721848625e-03
-1.242596057114761380e-03
-9.429318454185849421e-03
-1.021676846784114363e-02
-1.720680352911944282e-03
6.513862286509261232e-03
6.868223920703996239e-03
4.188067400486067231e-03
-2.584043524701749341e-03
-7.118933864091786003e-03
-1.535026557774100010e-03
-3.545839290558739244e-03
-4.673583002752211037e-03
1.706752022723733993e-04
5.363663571676197984e-03
-4.634965982430850435e-04
4.252092616046677931e-04
2.250418671997711072e-03
-6.968428430330976184e-03
-1.098727252541548474e-02
-6.712488651321244296e-03
2.504962396323968336e-03
8.773677480414977456e-03
6.142737257230640978e-03
6.311477312934073852e-03
1.181524034153810278e-02
-2.756896572280344206e-03
-1.238354198653432783e-02
-7.283356889158627313e-03
-1.864076646669211986e-04
6.138549093180216236e-03
6.897884713286755141e-03
4.000072529032857232e-05
2.990155832124694220e-03
1.216124712539634785e-02
8.790612697613751220e-03
7.901916502759960548e-03
3.939333411419503224e-03
-2.852461884805314232e-03
-9.895965840460716270e-03
-6.910663983081643917e-03
-6.410060251351787017e-03
-1.038389769121748907e-02
-1.684941353014978230e-02
-1.711380480943563293e-02
-1.607975784426770921e-03
2.260405832425649297e-03
8.149447737022299729e-03
1.058353351095444803e-02
4.603092980118892764e-03
7.899167348921732126e-03
9.610483396572212095e-03
6.092243033217559570e-03
1.600941816598491991e-03
6.653317410506255462e-03
6.334114876570734465e-03
-5.583177062329408059e-03
-1.794059134851838655e-02
-1.915838058779601241e-02
-1.286292568707535916e-02
-5.441133867726892850e-03
7.865457997756895511e-03
1.089298513987000359e-02
8.041232021288608617e-03
6.066974443446658018e-03
6.180881766736057506e-03
3.208241051447886447e-03
5.112062301067419809e-04
-2.237854179846434245e-03
-1.565696805281832638e-03
6.210424431614828926e-03
3.770722222302237605e-03
-1.070017924919989226e-02
-1.301616953579221893e-02
-9.493676575094056949e-03
-1.301616953579221893e-02
-1.172385245418137815e-02
3.961970975056163836e-03
1.619992593586838323e-02
1.227250194478714425e-02
1.238074987716737685e-02
1.105750481487646937e-02
5.390661121478172724e-03
-3.523051382571550962e-03
-1.063404921273189072e-02
-6.819115012492210116e-03
-1.838453673786351024e-03
8.290524432228561389e-04
3.109862151791605023e-03
4.646810969476027585e-03
-6.910116300090433624e-04
-1.065090925775539869e-02
-1.089835458096029275e-02
-8.164804338540526674e-03
4.739627128162770056e-03
1.199683483921168761e-02
1.154408356647849097e-02
9.772318351033534162e-03
1.958224426746345455e-03
-1.111442089043353666e-03
-4.894041515037311427e-03
-1.012077360002894971e-02
-9.682047307423589239e-03
-1.111431350161173025e-03
-8.062946041057738027e-04
-4.603758790814088588e-04
8.037119029413446192e-03
2.759753114940378168e-03
1.048448880060296991e-03
9.905920784242112573e-03
1.257974136397350040e-03
-7.710581838948589624e-03
-1.084208283833406131e-02
-9.355800066777608670e-03
-3.891427258011941927e-03
3.797515733342781471e-03
7.383249971202370844e-03
-1.732944156362165337e-03
-1.467887066381121921e-04
-6.825386519685668106e-04
-5.258218487545096576e-03
2.898413561656010525e-05
4.794492077223346665e-03
4.448581943304726928e-03
5.337997643264615543e-04
1.890752030005769238e-03
6.848915410543316047e-03
1.613742564157741614e-03
-8.350823255672511214e-05
4.710127418812720332e-03
3.498008309326441564e-03
3.067722778115014419e-03
-4.555133132300427830e-03
-7.339349420848164697e-03
-3.642521446830489402e-03
-3.274113354743556515e-03
-2.777730003710667146e-03
-5.047296102636349667e-03
-4.547401137130411262e-04
4.395145265574166432e-03
-2.606895865982021250e-04
-4.946049921437853207e-03
3.158391160365640340e-04
-3.126464463642779790e-03
2.523529923614188219e-03
1.970971479894692222e-02
8.415374676459969408e-03
-1.025153022945967697e-02
-1.119227778624273112e-02
-6.125834256678410437e-03
1.009073694656987185e-03
1.255654537846344863e-02
8.693790935873652731e-03
-2.350268798512731606e-03
-3.874556474106252875e-03
-7.699348968187704444e-03
-4.514368335542951437e-03
2.617720659220044467e-03
-2.306604503566498851e-05
-6.132878963388869141e-03
-3.501938740204533530e-03
8.245206349426518685e-03
9.815896734922320219e-03
3.963420724150542099e-03
1.131394932134869051e-03
1.802134774251633884e-03
-3.042132021878695379e-03
-5.045921525717235456e-03
-3.433360238599358308e-05
2.934088128259892785e-03
-3.240092575995482944e-04
-5.889632543116582637e-03
-5.276549759427344097e-03
-2.914178240697100179e-03
9.063809860287672408e-04
3.081726280478488435e-03
7.390423544498997454e-04
-2.673734668673943132e-03
5.517208109094112224e-03
1.146386411658956682e-02
7.191947524037541409e-03
2.620480551940453096e-03
-2.531723690717970279e-03
-3.149037593986356125e-03
-1.543198847113520355e-03
9.654104735989722016e-04
3.558382304945655224e-03
9.485310985875387022e-04
-1.814591877581104955e-03
-1.183918804880079376e-02
-1.282211793478916020e-02
1.091951017885603448e-03
6.581635371950892571e-03
1.564418878302343760e-03
-1.761187416497087248e-03
7.207057131265614701e-04
1.942663786466686769e-03
6.660362117216715901e-03
5.978367926574703305e-03
-5.757973847582687193e-04
-4.063099028550673682e-03
4.020959654874082211e-03
5.632436314891722286e-03
9.493032242163222678e-05
-3.459874538703206111e-03
-8.706301733614026789e-03
-1.126272485334732856e-02
-8.430699061331656599e-03
-5.064327969774747897e-03
-4.203756907351893606e-03
-1.287366456925593790e-03
4.267535128622349785e-04
1.613560003160671805e-03
-4.338304362192363091e-04
-2.486845902085331895e-03
7.893497219130386766e-03
1.752016411114873384e-02
1.019117771160482459e-02
6.874012178199328214e-03
9.531670740248944507e-03
4.757722144637045215e-03
-1.852693431557798269e-03
-3.876178045315520522e-03
-7.606747587144574788e-03
-1.207555084559533073e-02
-8.487024498368789943e-03
-2.750829103848317090e-05
4.781583940842291068e-03
5.114843671552190586e-03
4.559407207408298565e-03
-7.402891386710648731e-03
-8.776727322954263819e-03
5.286375836622573578e-03
8.704776812344385342e-03
3.711454331547623872e-03
-3.303935230559023294e-03
-2.370243119368608490e-03
-5.861765143857979900e-03
-5.266959937640086978e-03
8.569037341581870479e-04
3.957503600069042435e-03
4.230292685220102961e-03
-4.336102891345344421e-03
-9.614864860501889238e-03
-8.859760359974495902e-03
-3.521945277706951469e-03
-5.619624828450292021e-04
-1.054128674845605058e-03
2.675023334535612217e-03
2.831274070263032207e-04
-6.356816873500477187e-03
1.762400910183492498e-03
1.028941700579275899e-02
5.152666014592187892e-03
1.638646031934503765e-03
-1.668843768626290856e-04
-2.411136782712251705e-03
-1.647591520790925692e-03
-1.373739286303988561e-04
-9.290550618648411862e-04
3.378978539236907443e-04
-9.239659055994648644e-05
2.014045136320993454e-03
8.817084042188876730e-03
3.790019993580737157e-03
-4.524677662436306716e-03
-5.532908354842118806e-03
1.516222775075906463e-03
8.313645245563347150e-03
5.892209874839920807e-03
1.426209464638295834e-03
2.989855143423638013e-03
4.407269463556040025e-03
-5.494849756394147838e-04
-6.310575246830905233e-03
-7.957200268225579978e-03
-6.039192955245501274e-03
-4.661158116069281238e-03
3.190887017844071163e-03
9.802698648722388622e-03
3.691469271809566782e-03
1.655334254843123009e-03
1.298159033517075518e-03
-7.002470686843410494e-03
-5.638493044441568111e-03
4.333375215271478040e-04
3.342691856348731574e-03
1.324018261807908897e-04
-3.523652759973663375e-03
-5.021232835584085903e-03
-5.741199713616623040e-03
-4.252071138282316649e-03
-4.605025978911396825e-03
5.605170293035232829e-03
1.037488776906798395e-02
1.062939927674770059e-02
5.242357158564381683e-03
-2.768741559325522223e-04
-1.369475950078298575e-03
-2.940177074456280966e-03
-2.375268916229118983e-04
-3.494228222798878136e-03
-6.755143491342503054e-03
2.701344334760210925e-03
2.435567739673068482e-03
-2.601343863894661854e-03
1.591845983391541744e-03
2.619750307952173427e-03
4.654908086640184421e-04
-2.511384247867954212e-03
-1.490513891135601026e-03
-8.464923878841160067e-04
1.131974831772619965e-03
1.379452371624056376e-03
9.224420582180407283e-04
2.348292844191505416e-03
-1.732428690017497616e-03
-6.438883411124460276e-03
-2.397562835636000284e-03
-1.044835246206532410e-03
-2.899584099813693524e-03
-2.427116239396953212e-03
-2.982563442423025006e-03
-1.337355953476187685e-03
2.102125447966099805e-03
6.381097486110765861e-03
2.692699534604844989e-03
1.472139663724631158e-03
2.890950038540508228e-03
1.384929201536151504e-03
1.126186574277288207e-03
1.356793330223035133e-03
9.039948064082426772e-04
-2.452545912400563074e-03
-1.922829071079157914e-07
5.998524808427650214e-03
9.109868925960174120e-04
-3.895314733361311763e-03
-1.334681971813223532e-03
-3.938925333896641477e-03
-4.885289326060139950e-03
-2.816819534847973122e-03
3.343604661334080835e-03
3.870905254164856268e-03
2.741744009523547701e-03
4.694899683880659341e-03
3.771033649885474019e-03
-3.446848274618164332e-03
-3.504505333045691926e-03
2.004852653174417874e-03
2.577159901223998514e-03
-7.976616167208066578e-04
-2.485073986525536145e-03
1.360788194394210509e-03
-2.852107501693354821e-03
-4.580305072131704049e-03
-1.658287447442782087e-03
2.363348757008676589e-03
-1.749707551446048632e-03
-1.021064730499821396e-02
-8.471227602681159763e-03
1.307265605606206188e-03
5.195320854613446650e-03
1.750190801144174647e-03
4.025362596568119768e-03
4.794524293869888154e-03
3.672397017056858951e-03
1.467511205504801663e-03
-6.023847092609454102e-04
-7.514500589213403241e-04
2.824433402314003617e-03
4.570887072459336314e-03
-1.018654925338499532e-03
-3.871785842503663606e-03
-6.390118147142451622e-04
1.118723051161785951e-04
-2.919837631606264899e-03
-4.210887525119797760e-04
7.389908078154329516e-04
1.671270755999101736e-03
3.980194858116605817e-03
2.704780777057996018e-03
4.248742084806337097e-03
4.452630501886803774e-03
-1.849836888897764308e-03
-1.014485017387780838e-02
-1.062998991526763193e-02
-6.410081729116148298e-03
-1.526467668676178549e-03
-2.596575800206485114e-03
2.677869138313465321e-04
4.936256060889166082e-03
1.945327029247470281e-03
1.041145366289285626e-03
1.081910163046762019e-03
4.193759008041774740e-03
3.094118950514876312e-03
-3.931118166551361183e-03
-4.618750270338176783e-03
5.475100952064063109e-04
6.374922628856933855e-04
3.875888095496644523e-03
8.569670935630525899e-03
6.290257281745250881e-03
-7.926304504192054111e-04
-7.419923253849046094e-03
-7.941628889063740218e-03
-8.484414949998910285e-03
-4.092963859894862590e-03
1.161882618645531870e-03
5.487837266330230189e-04
3.075658812046461969e-03
3.521408333597922467e-03
2.042105835458845556e-03
6.958065409026718134e-03
8.514677119983779865e-03
7.091624886706574850e-03
3.251357663402909721e-03
-2.970954710785819568e-03
-7.209172691055189437e-03
-1.030978866528931698e-02
-5.807243839027182060e-03
4.574506075754191867e-03
5.844260765903636946e-03
5.312718314611533134e-03
4.370574703145002626e-03
-6.705615766725674110e-04
1.787411766782060407e-03
4.969557334531140083e-03
2.025031012791725198e-03
1.763464059519369862e-03
2.742152087046409448e-03
-6.523119202948919788e-03
-8.200693682788020786e-03
-2.507120911642264117e-03
-7.592636695959293063e-04
1.614343941559854027e-03
3.696860190664217217e-03
1.126369135274358016e-03
-4.809086218106752887e-03
-9.301804967173659192e-03
-6.672282276437157753e-03
-2.209116931131205244e-03
-4.547583698127481179e-03
7.550669144397592495e-04
7.099689787224189655e-03
4.343587892225208094e-03
4.498904345202918084e-04
-1.120817133186998837e-03
-5.232466648076069225e-03
-5.567154650115983990e-03
5.595193871489475244e-04
2.331282454817468902e-03
1.496001459929876794e-03
5.090165720301219505e-03
7.874360531084595091e-03
1.774385502697018412e-03
-2.730994388460788319e-03
2.523852090079606141e-03
2.567430473968394366e-03
-2.880093028655942872e-03
-9.817722344893020040e-04
-2.407335218420326940e-04
4.904619313985181858e-04
-2.001287344290465960e-03
-3.313256580291765695e-03
-1.417747225479999923e-03
-1.947893622088628460e-03
5.536731396898405015e-04
3.593799138377203311e-03
3.612065976966367855e-03
-2.014796858073633862e-04
-1.610477943974845906e-03
-1.019897414006792468e-03
1.725222900074329302e-04
1.814914044046522660e-03
8.460510198264941870e-04
-5.695462814409539033e-03
-4.588821005700904031e-03
4.396283587085307739e-04
-3.469539532665727281e-03
1.263622788424334552e-03
1.056963739741277782e-02
8.225543456153880384e-03
5.042452866772909091e-04
-2.343267047330994599e-03
-1.073503766075805180e-03
-3.089963003110992625e-03
-4.920813548313493144e-03
-1.766782374113168774e-03
5.210398245194978670e-04
5.772739810580982582e-04
7.825606005984768378e-04
6.953651728450499937e-04
7.108194981911207478e-04
1.907461730678749762e-03
5.792692653672497534e-03
5.193645588993276233e-03
-8.008671730517092757e-04
-6.296195883591110959e-03
-5.851853155605306160e-03
-4.971608461027630758e-03
-2.226771653436076734e-03
3.497729098389746206e-03
3.469593227076630051e-03
2.832584213889062681e-03
2.826946300744259243e-03
3.889998986681924946e-03
3.285324747740080414e-03
-1.366297240952847342e-03
-2.255004174688818221e-03
1.385552056702624765e-03
2.953418116184934258e-03
3.778830078348574539e-03
-1.978349091952749520e-04
-4.469791235611369692e-03
-6.818116296449416164e-03
-7.789791833912538752e-03
-2.934292167021323658e-03
5.515865748821541020e-04
1.368563145092949315e-03
4.320348951186435719e-04
-2.077995179706339235e-03
-2.502664275537323790e-03
-2.629232740917624572e-03
-6.774870817908225417e-04
7.610463240379053938e-03
6.246464120212851141e-03
-1.450919632535807536e-03
1.935125091175920325e-03
2.380863873845200616e-03
-2.918999998796179690e-03
-5.323564585613916982e-03
-5.569656809664058975e-03
-3.602443938532569247e-03
4.274912740680407268e-03
8.615740740185206734e-03
5.314049936001924782e-03
-1.280912388735066208e-03
-3.056908723759171626e-03
-1.339997718492610132e-03
-2.422756253231637784e-03
9.871910744376219751e-04
3.280642595109347932e-03
2.937524570557678311e-03
9.604340755964920926e-04
5.191583723614605350e-03
6.594930108090448634e-03
1.198040434947540266e-03
-3.771377294115253222e-03
-1.333092617250498024e-03
-3.391747070149615361e-03
-5.228214050732558904e-03
-9.408152117407928786e-04
-5.264801422321790762e-03
-9.432701202072731744e-03
-8.584802020622960689e-03
-3.217455012358822874e-03
2.980931132331577152e-03
8.754648181190991321e-03
4.385662832608714853e-03
1.772989448013543136e-03
1.867190922501579592e-03
-2.636792913972752297e-03
-2.965843002867864057e-03
-1.847957584516163017e-03
-3.602390244121666152e-04
4.133868262120686879e-03
4.876311620557176318e-03
1.971154040891761900e-03
-8.186947913596880034e-05
3.666855753851680630e-04
1.642071735350108435e-03
-2.094135719623749486e-03
-5.114607416144217357e-03
-7.741348736395948019e-03
-6.865313683633059508e-03
-3.923622426789317302e-03
-1.042387854957578562e-03
-1.371441165517344558e-03
-5.469033483632037076e-03
-1.408028537106576199e-03
3.461528326559015680e-03
6.851782692085530216e-03
6.768814088358379374e-03
2.363262845951232330e-03
2.987589239283535824e-03
4.374064839853690490e-03
1.191887055458068674e-03
2.768193876334312797e-03
5.117893514091474347e-03
3.852326987992455310e-03
3.704656619127317304e-03
1.721947541009252736e-03
-8.668221657401695840e-04
-3.715739145537674381e-03
-1.752735916220971761e-03
-6.674977735864482862e-05
-4.267417000918364038e-04
1.259241324494658277e-03
5.041174939793420214e-04
1.800588375217630505e-03
4.693074073909960821e-03
5.098037320939583644e-03
-4.732206560575990336e-04
-6.778500560085261827e-03
-6.536650194496449080e-03
-2.048173303890872456e-03
3.364169620709889057e-03
2.396714463943734434e-03
-8.065577067191978750e-04
-3.100036074596375542e-03
-5.590372113390395734e-03
-1.902006378531015699e-03
1.565600155342207304e-03
-2.449023559045333288e-03
-2.751366047957346309e-03
3.119387540285778297e-03
1.063549896182626811e-03
-3.222470070337153051e-03
-3.529022201063952528e-03
-4.067598620184335705e-03
-2.381615595597841133e-03
-1.982279522830841540e-03
-1.672935282737091512e-03
-1.291866048559256247e-03
4.674495807737560731e-03
5.518185347372544895e-03
3.503130756126577715e-03
5.660185586446337541e-03
3.552325575395808531e-03
-3.905860315662639838e-04
-4.981745965806097520e-03
-3.239512676357731488e-03
3.341360234958339927e-03
1.729872836058519861e-03
-3.065177663038216871e-03
-1.636519733262749255e-03
2.314809009552460956e-03
5.215724730756546128e-03
1.084992222232588298e-04
-3.892071590942776903e-03
5.739191542648854711e-04
3.829195435775488692e-03
3.756256948004998313e-04
1.005578188507208785e-03
1.818329008579946688e-03
2.216269026663470788e-03
1.129290111227475388e-03
7.464854736892586815e-05
2.432786369188298572e-03
-3.038631146287826441e-03
-7.407616494870102909e-03
-5.648512421516048258e-03
-2.574636263911562681e-03
-2.259664849555189422e-03
-1.563613462138800474e-03
-4.585491952224924478e-03
-4.155217159895677539e-03
1.812562228848975778e-03
5.209861301085950101e-03
2.057215442686919499e-03
-1.577745831088441962e-03
-2.573616070104407772e-04
-7.035192060847635098e-05
1.700008004714330303e-03
6.409254835188243730e-03
9.488758167055353840e-03
8.954402128631936894e-03
2.847393132416080851e-03
-4.861234229975643431e-03
-3.753185627701352729e-03
-4.838510755281539210e-04
-2.405939163736851773e-04
-1.912541221950163350e-03
-1.078688498392588440e-03
8.688442972547724642e-04
-6.273311325664297994e-04
-4.445091806596038198e-03
-6.104388708963795311e-03
-5.800660904250487006e-03
9.447263126309596477e-04
2.997726744062002152e-03
2.782573239574107939e-03
9.911000275513526594e-04
-5.051226533514441633e-03
-4.003637837916808849e-03
-1.967513559832545500e-03
9.727805684395034961e-04
4.168995145733359400e-03
3.539020100374071828e-03
2.543439811176981258e-03
2.287510771049430010e-03
-4.507108851188879918e-03
-6.939798570437553590e-03
-1.205439524769959031e-03
4.889810395458163688e-04
-2.549765012781342235e-03
2.193244863268310144e-03
3.879227887854804716e-03
2.612265307072310187e-03
1.677144924551878403e-03
9.941627567492537689e-05
3.932632348938822422e-03
5.975779855969184061e-03
4.182912737039389157e-03
9.234933947835194357e-05
-1.289922310884571762e-03
-4.891131277966373828e-03
-5.916243493160056044e-03
-1.412291873332265860e-03
5.493110057480894226e-04
2.032816702372645078e-03
3.697708562356483066e-03
9.087317273380959176e-05
-5.016346644191922548e-03
-7.018740093346988000e-03
7.953387965051474627e-04
4.773390173738510309e-03
7.357916948138384580e-03
9.540283323757768955e-03
2.193040824506878837e-03
-2.042352829748998559e-03
-3.354322065750298294e-03
-2.315163392664419933e-03
-4.022269798500113444e-03
-1.627563505524146689e-03
4.832368114674248476e-03
4.771897469115409483e-03
-2.861031512785415683e-04
-5.490350164760485381e-03
-6.729187613112043963e-03
-3.239083121070508459e-03
-1.503873060568241150e-03
-4.958839930114923057e-03
-3.241918185966181139e-03
2.041053425005148834e-03
-4.408418523949361864e-04
-6.419317167791444923e-04
3.801564291924859618e-03
3.527346935443782545e-03
2.403812865065097209e-03
2.699099908384469584e-03
1.167778264962669385e-03
6.812317300071904632e-04
-1.314127751319595951e-03
-4.967366602566302379e-03
-4.830972059990772983e-03
-2.138165136564121587e-03
4.096786901951148148e-03
5.502946873558303698e-03
-9.387232774920160503e-04
-2.910183376525924803e-03
5.823835411996176160e-05
5.479020644059974868e-03
7.188919159262618062e-03
3.286785235716638883e-03
-6.336230436360308117e-04
-1.288139656442595696e-04
1.045332456451493084e-03
2.378372453179306272e-03
2.524614550714426864e-03
2.367665787645269345e-04
-5.130586872828917996e-03
-5.650874975595775347e-03
-3.188685546997052384e-03
-2.491227366015008170e-03
-8.417952008183308228e-04
-2.062359367251416931e-03
-1.755817975406797878e-03
-1.016176391331221913e-03
-1.204612630842054463e-03
-1.303045224909238657e-03
5.362203083699640166e-04
-5.352870995084716256e-04
-1.149790637310200200e-03
2.942163767659688230e-03
5.553419619807023824e-03
4.846103144983207774e-03
2.684817195084300209e-03
-3.547331995181839635e-03
-6.664818753321655360e-03
-2.808088823635163035e-04
5.080479248574337704e-04
-1.696829295588879070e-03
-1.578723069366874633e-03
-2.723906726221606727e-04
7.611408262010945121e-04
9.748746504647163007e-04
2.388069663788368931e-03
3.025057199211575020e-03
4.414357125795221291e-03
8.691922370374232515e-03
9.305005154063470188e-03
3.054578386325985592e-03
1.319357586941537859e-03
-3.619368416849161259e-05
-1.671571444700157942e-03
-2.786664753684908648e-03
-1.508469302141528723e-03
-7.646041157043312071e-04
1.250435441106583596e-03
3.133294392709627847e-03
-2.996201822792360272e-03
-9.546146753428366716e-03
-9.297262420011272871e-03
-7.455179004047886304e-03
-4.645661909082706396e-03
-1.653326083875354896e-03
-7.576012906343758315e-04
-1.076809194010987149e-03
4.531657935853683066e-05
1.069006322218578808e-03
1.389611354166883769e-03
3.259819902561205632e-03
3.622600820385515289e-03
2.466731975761107549e-03
9.297831580766843362e-04
3.296364318621714928e-03
9.494653813372490271e-04
-4.159158329655949712e-03
-5.649693698555912670e-03
-3.335142422175784924e-03
-7.126354431678566699e-04
2.462490117299779169e-03
2.469524085128058533e-03
1.308028066241027345e-03
3.521333161422658415e-03
5.124369060046362993e-03
4.584396586242505192e-03
-8.167027287151907167e-04
-4.375718627709499625e-03
-3.260625318724749352e-03
-4.952256995338228003e-03
-5.909853858262610789e-03
1.390975192203817339e-03
4.644856492919163110e-03
1.691900148667993369e-03
2.636846608383654634e-03
3.241499369561138752e-03
-2.908046338971989760e-04
-3.657180021006978601e-03
-7.393376737098655664e-03
-6.511703771190964149e-03
-3.375939435579803239e-03
-1.081072530236677027e-03
4.375901188706569868e-04
2.259987016020606910e-03
4.460641707993515809e-03
7.587965282210742089e-03
3.391951108911046234e-03
-2.781134229361910317e-03
-1.214664224563076099e-03
-3.583006561785721800e-04
-5.087609866342242184e-04
1.714773967712626126e-05
3.261183740598139636e-03
6.015868103149283989e-03
8.566664048619962099e-03
6.091802739048157202e-03
2.802773076955776543e-03
-8.082694845387821672e-04
-2.348024372136990699e-03
-2.099129299837718381e-03
9.168363617197787248e-05
-2.588478683042328820e-03
-6.230452446881608146e-03
-2.241151016675871875e-03
-4.792151000907980208e-04
1.277089346678779999e-03
2.341570303946462900e-03
4.418480856552564791e-03
4.010693283509448627e-03
1.223663407830401229e-03
-2.878127813216897323e-03
-3.350606412515818276e-03
-6.563776610884590208e-04
-4.109931293740176975e-03
-7.694258738034110215e-03
-5.774833892606195604e-03
6.766816656272791469e-04
5.295954919527649622e-03
4.462102195970075146e-03
3.969520409229110731e-05
-6.289473343346068876e-03
-8.824794559594532559e-03
-8.620895403631884807e-03
-3.449006789936460982e-03
2.725496080784332344e-03
3.355460387261439709e-03
1.284177008917962133e-03
-2.232334394405616662e-04
2.285019350383535409e-05
-3.975910044126554983e-04
9.101514075623683966e-04
3.289394784086519842e-03
1.981656667664367846e-03
-3.497664665096662903e-04
3.302055926177422003e-03
8.580828634216145293e-03
5.085096967911986558e-03
-2.380262496443088203e-03
-1.515460314441085523e-03
3.188180819534565304e-03
2.344491279899580272e-03
1.241479213367981029e-04
-1.993544610238268643e-03
-4.002950549457252177e-03
-3.287204052121681704e-03
-2.134138055746404722e-03
-2.368965192389119179e-03
-1.855711057450540975e-03
1.296924062066308987e-03
5.244053901948912515e-03
3.181211284999369785e-03
-2.414047019783188653e-04
1.360229772520820442e-03
-1.803648956639095340e-03
-4.154755387961912155e-03
-1.695358068730139960e-03
6.095024403702330022e-05
1.458694583234546559e-03
1.716019678045573298e-03
-1.376134057030257464e-03
-4.099879700019155339e-03
-3.322266502441271249e-03
2.184782624110014071e-04
5.667391376389506290e-03
7.028576909424397688e-03
9.679867314340930874e-04
-5.383680848060796997e-03
-3.055050897141931183e-03
-3.819165319818828013e-04
-7.545439308775650153e-04
-2.366011999789460318e-03
-9.598305504179435949e-04
7.430490313914735884e-04
1.433490426756728201e-03
4.813929453970194547e-03
4.642375811135449407e-03
1.661305073335524792e-03
7.374916598630240887e-05
-5.210527111781145925e-04
-4.980725771998942388e-06
1.586809447648850286e-03
1.110131945417323083e-03
-8.317844148495953400e-04
-3.052119182306633170e-03
-4.335941808112636110e-03
-1.719058781702677069e-03
2.696329276781880314e-03
3.282715199370199455e-03
1.941235515136669788e-03
4.042985102226449336e-04
-1.346376614507873879e-03
-4.300729013442518463e-03
2.887728373886334568e-05
1.360530461221876432e-03
-3.763548649005611212e-03
-1.342113278282184219e-03
2.617677703691321904e-03
3.426229620831453340e-03
2.658474717095340219e-03
-1.597999362881013553e-03
-5.654783928709506031e-03
-1.879207731661646993e-03
1.752939954982402852e-03
3.277238369458104761e-03
-4.631679884483593012e-04
-4.206387933486134545e-03
-2.869107152185211129e-03
-8.695208468321489288e-04
8.558609886984528152e-04
3.590867423541905731e-03
8.578573468958223744e-03
6.338550034911313510e-03
-2.251728815623741439e-03
-7.742819963254686695e-03
-1.006720805571222413e-02
-7.820139914954853458e-03
1.926039996851150937e-03
6.100973744430370632e-03
5.284002543660665414e-03
3.845497058925607253e-03
-6.190815232753092093e-04
-4.827739656454417896e-03
-5.887978755260772634e-03
-2.330358910949939001e-03
2.085029147534618599e-03
2.269254671342446107e-03
4.553028311393034710e-04
3.254998144462126122e-03
4.281517153221462736e-03
1.833384921397117860e-03
1.500135929569399633e-03
-1.300940404001845428e-03
-4.858538770548317780e-03
-3.914988365516131573e-03
-8.129645238281311579e-04
1.608469773007077577e-03
2.647649923857317220e-03
1.030562197900325092e-03
5.131048644762682513e-04
1.182458316903520733e-03
1.796958633040594963e-03
5.752529234317133554e-03
9.470459111819646073e-03
4.447636921672835746e-03
-3.002237074577845249e-03
-2.608495959426927399e-03
-1.745100570990580418e-03
-4.601020375858041675e-03
-5.533294954600620139e-03
-1.619906682529393847e-03
1.223384196893706087e-03
9.463801004867687834e-04
2.542398139605465176e-03
1.911037778444882318e-03
-2.696962870830534650e-03
-3.992684178092618377e-04
1.297997950284366774e-03
1.168637375537115658e-03
2.984023930399583909e-03
3.179493063850477239e-03
3.332779868096057835e-03
3.166864138406116566e-03
4.262563026172741954e-04
-4.488294329608506598e-03
-2.079509362093801342e-03
-1.293444664239801331e-03
-1.999322128851419977e-03
3.285077753449926977e-03
-2.486147874743594040e-04
-8.336894925484301250e-03
-9.706489003266585355e-03
-5.272812628428502797e-03
-1.710972403420701416e-03
-4.313390155533420732e-04
1.340448751544194442e-03
-3.075637334282100470e-04
-4.274354318807017418e-03
1.530333666261187104e-03
8.385434672940516448e-03
4.623937150431396345e-03
1.059314481050606686e-03
-2.963727443078289971e-03
-5.904011906356376911e-03
-3.316639328178648018e-03
-2.422294481297872833e-03
8.948753476604952815e-04
6.750182127775074779e-03
5.320128143316131888e-03
1.083349173258959641e-03
-1.144002379814868225e-03
-2.686556893997553604e-03
-1.778154850342401633e-03
9.231175339071991505e-04
4.534739995039508776e-04
-8.036249179956819278e-04
1.343616721787465251e-03
4.878749346812166592e-03
3.700393282901627209e-03
1.316952077333088207e-03
2.041150074944773733e-03
-1.280214361393328462e-03
-4.310490657344664966e-03
-4.148763091705149307e-03
-2.845878950028619069e-04
3.247727921225874396e-03
-3.984511888753198140e-04
-4.878491613639833815e-03
-5.372039899777049203e-03
-6.979102879218471080e-04
1.429645906936081144e-03
2.335234363459921716e-03
3.544561363579249932e-03
1.208929661478647111e-03
-3.308058961316365492e-04
-7.948233301604796337e-04
-7.512138035133676369e-04
-2.449732325269251784e-04
1.196365169327369849e-03
1.186549831014321009e-03
1.367961767690837119e-03
1.207673212263519298e-03
1.490342069020711858e-03
4.146357582096700197e-04
-6.990314272214995196e-04
-3.643423512933657371e-04
-1.620035549115560886e-03
-2.479189079090579270e-03
-1.902629233697489394e-03
-3.369249111981303078e-03
-4.167931996397482471e-03
-1.105277970671701433e-03
-6.791859729517901083e-04
1.165727138466178927e-03
1.091220773897323996e-03
1.686047457879577983e-03
5.375862941833335629e-03
3.186473337267853399e-03
1.770487288465468585e-03
1.299436960496564396e-03
1.732557556603664438e-03
5.963945607806186468e-04
-1.347933752424057736e-04
-2.002167932629273298e-03
-5.081660525614201465e-03
-9.376547587150485833e-04
1.413483889254310262e-03
1.803015362590441222e-03
8.510574866990800250e-04
-5.297802007262709858e-04
-2.468869013315042917e-03
-1.238450848593057900e-03
2.978675967073655603e-03
3.404773334234657139e-03
-3.271847450603454000e-04
-3.585261727043643348e-03
-4.229261752530767519e-03
-1.727671365211501300e-03
1.552949752133485784e-03
1.622709530778524822e-04
-6.831958715580181056e-05
3.234798307080457517e-03
2.441742596926900922e-03
3.797311694581350164e-03
7.186202222070931130e-03
6.334694776208485813e-04
-3.769229517679136780e-03
-1.485584744214715541e-03
-4.154669476904467571e-04
-2.931081241249330828e-04
1.878047932386144730e-03
-4.083685465690842535e-04
-5.865695574736071866e-03
-4.327318485721631455e-03
-1.453088886736284393e-03
-2.957853274525513629e-04
-2.732637437434417139e-04
6.845887045768393351e-05
-2.535750771535687145e-03
-3.072877441561692059e-03
-5.333132929636813036e-04
-2.703363244610159787e-04
5.596224804178810686e-03
9.661493086929959923e-03
8.703906962887758211e-03
5.324906945886489704e-03
1.785596895693542744e-03
-2.309149618643296237e-03
-5.658617709647973532e-03
-5.674060222223644735e-03
-6.133856201667302679e-03
-3.158380421483459807e-03
2.599915592564644440e-03
3.587065859249980587e-03
6.369467276709199358e-04
-2.652063604433534984e-03
-4.076490414629855077e-03
-2.265313501582173934e-03
1.217789239277624561e-03
4.028745344455002091e-03
4.889348623524398738e-03
2.771673274160820887e-03
-1.531182037953452519e-03
-9.630608061778616214e-04
8.832644682468535416e-04
-1.839946378409451416e-04
1.487968776058803911e-03
4.193007286289133898e-04
-2.914704445923948541e-03
-3.685262197909192419e-03
-2.066740831181092773e-03
1.226960244659838642e-04
2.074483565233290524e-03
4.138765192395030441e-03
1.135207235308974402e-03
7.597888009345596253e-04
3.670582145968341072e-03
2.500677582333916960e-03
-1.996229330783413219e-03
-2.186039073325141829e-03
-1.864409552016809736e-04
-1.347912274659696400e-03
-2.754061507384671526e-03
-5.372319110713744128e-03
-5.428547897811254741e-03
-3.355825509255579760e-03
2.765262161499015218e-03
5.106553254508783626e-03
2.318148801910620716e-03
-7.486869445362773516e-04
-1.717512382668673907e-03
-1.860919415308121602e-03
-1.607782484547520471e-03
-2.819880116269437957e-03
-3.416070638288626164e-03
-1.610520899503568035e-03
-2.046412127213257780e-03
-1.500791001382414816e-03
2.246080163596757143e-04
4.330647539197611008e-03
5.367024841798719026e-03
2.979373994415392916e-03
5.214103159547279131e-04
7.379856484433307447e-04
2.182151597975771993e-03
1.929057622743893642e-03
4.891689699839763894e-04
-2.631069089770503517e-04
-1.272707882749104158e-03
-2.849003964743167857e-03
-2.162767915639827749e-03
-1.333103356132678665e-03
1.307469644367637116e-04
7.593184378950503899e-05
-2.900904982321904964e-03
-3.546311801374684835e-03
-5.848921440770008147e-04
2.532110290476470853e-04
-4.768439549053262946e-05
1.253044989476464338e-03
3.805269206277159429e-03
6.081890750795481727e-03
4.251083161121702904e-03
7.019309254102557190e-04
1.222235136500384031e-03
3.136065024312216683e-03
3.335904882810606406e-04
-7.210117712687079969e-04
2.587737700171868511e-03
-2.920782653238155756e-04
-3.659832524905581690e-03
-3.443250749087670495e-03
-1.626457400659546762e-03
5.390693338124715730e-04
-1.589848551305954273e-03
-1.224221829703791078e-03
1.791664364125569698e-04
-1.662894427898250517e-03
-1.291640532033464092e-03
2.383011650281316300e-04
5.833715183602309143e-05
2.098710483432675560e-03
3.803014041019237880e-03
5.847611297143977781e-03
5.186740487751164558e-03
2.778266947819695932e-04
-3.513182349847598918e-03
-2.736954468071009679e-03
-2.067589202873358623e-03
-5.376281758238377582e-03
-3.269817801871324932e-03
-5.811915252775733901e-04
1.048585263863990435e-03
1.003612973068162802e-03
-6.654863809540258841e-04
-2.238960284711033737e-03
-1.099983701756676114e-04
2.169426022591786421e-03
1.389031454529132421e-03
2.191204475654000001e-04
1.031912075390423785e-03
2.052812500992882375e-03
-2.020832109859118948e-03
-6.461499496996758740e-03
-6.184457814502188761e-03
-4.314217049461325192e-03
-2.844751367399658837e-03
2.570437360978956431e-03
6.001520956556031204e-03
4.395284871042514328e-03
8.441309076926066350e-04
1.671206322706018542e-03
2.213337311828172775e-03
1.991450528213055838e-03
2.281733252436278676e-03
1.989732307064163291e-03
2.190012459731955491e-03
-1.836037425295720732e-03
-2.512286313971122832e-03
-1.006021704341266744e-04
-1.677542263192559522e-05
4.109029227637007813e-04
-5.421406541161169403e-04
-8.456203906510529808e-05
2.194748306773591123e-04
1.599986056084420384e-04
-1.089738808156404028e-03
-1.804271811805569035e-03
2.146756242308584916e-04
2.160856394611684970e-03
7.531575411880523383e-04
-2.507561205811668329e-04
3.137944328693818299e-04
-1.860479121138717933e-03
-1.366222068777583291e-03
1.440417005763201591e-03
1.970992957659053156e-03
2.849293914562043748e-04
4.281850058569061407e-04
-1.299834299137245719e-03
-1.483104062431001837e-03
-3.127441701921212028e-03
-4.017759467984269479e-03
-2.498379461547273282e-03
-4.143501039436665694e-04
1.589751901366328940e-03
-3.225799123813132712e-04
-2.446059627563494220e-03
-3.693842564771474511e-03
-7.774231193632878765e-04
-1.118025023820048503e-04
5.037072686800438646e-04
1.417650575540374590e-03
2.632486622218340074e-03
3.679420246002957241e-03
3.661497051643571466e-03
3.377915389901029863e-03
1.587260480700434812e-03
3.332199968458306270e-03
1.089352208397903130e-03
-4.291558008060304165e-03
-4.122989774471760675e-03
-3.635423045709126628e-03
-9.923607723193526419e-04
1.479796486719383566e-03
3.888495543176643914e-04
-4.379240981064729411e-05
3.241907447084000607e-04
1.611208187963125140e-03
1.903767555208630809e-03
4.168801845854109601e-03
4.089011951252409342e-03
2.571597160254458694e-03
1.819402896798004475e-03
-2.041450763645829940e-03
-5.083894213107761732e-03
-3.419109741945730151e-03
-1.958653982033568483e-03
-9.877237229937785908e-04
2.335019585816310202e-03
3.019505197124215841e-03
7.681082129598539466e-04
1.511347322565923966e-03
1.213515164169754260e-03
-1.553454479595972972e-04
9.274914806193488041e-05
-3.993210383319467280e-04
-1.753154732626014583e-03
-1.272127983111352809e-03
-1.111323961339367349e-04
-8.439816372302966487e-06
2.102393920020614090e-03
2.703964622012271658e-03
1.418391558410834682e-04
-3.682921121593826178e-03
-2.215678388143539016e-03
9.939705307582212806e-04
1.070345460826497078e-03
-7.631393321749002428e-04
-1.593381643543364482e-03
-1.831645222483864032e-03
-1.079612042260118341e-03
-1.381632364706713982e-04
-2.368900759096035714e-04
-1.614655369143091145e-04
-1.260680334706855735e-04
-2.919214776439791638e-04
2.982531225776483409e-04
1.230718853423041440e-03
1.502530700295668861e-03
2.824895174247768568e-03
-1.782471880978994281e-04
-1.214685702327437380e-03
-3.676434836756756999e-04
3.078160971594536954e-04
1.288515517318915846e-03
6.396432609864633042e-04
-3.754646115677910873e-04
3.743241422802136959e-04
3.856740668568672857e-04
-3.902370178953952192e-04
-1.047690714978348193e-04
-1.089771024802945734e-03
-2.271982347416313247e-03
-2.875786736901531082e-03
-1.286754340641300953e-03
-2.351815197546735148e-04
-2.376579059855149674e-04
-1.037333063115179977e-04
-2.383312338982372506e-04
2.159116695698430925e-04
1.747226869662334928e-03
2.570265538864067046e-03
1.271408478005253782e-03
-1.407792281698603621e-03
-1.588774663087896269e-03
5.285924803570988617e-04
2.442161413331943743e-03
3.097899037042440608e-03
3.049187467471335157e-03
2.422230048004789856e-03
7.041850167799593337e-04
-8.531483470596387024e-04
-1.630398570419819369e-03
-8.296957022654727473e-04
3.491908624247872742e-04
7.738760665790428721e-05
-1.703004152842711944e-03
-2.497176706743048456e-03
-5.521890261724844489e-04
6.301619019092303100e-04
6.708139404038109780e-05
-9.385707853650518623e-04
-6.642363750682065424e-04
1.080202680780050330e-03
9.937879697611514719e-04
4.867709775930532511e-04
-4.730627944895444709e-04
-1.300210160013565977e-03
-8.225189073041921190e-04
-4.644179943341786971e-04
2.760096759170156829e-04
5.828990075442854043e-04
-5.152279414833687426e-04
-1.863733002439433434e-03
-1.190995728237080695e-03
7.129576096332740495e-04
2.793602071573562245e-03
3.136730835007412940e-03
-3.491296507963579668e-06
-1.215577029548425142e-03
-3.544325108171277299e-05
9.160502755441603641e-04
9.859883196333971492e-04
7.293279616293481368e-05
-7.980557336968337450e-04
-1.593220560310655955e-03
-1.348073357892405361e-03
-1.180579012521919442e-03
-2.129391469822589195e-05
3.089823397642644837e-04
-6.514807308141151330e-04
-1.086667487852758553e-03
-1.132554731410371314e-03
-5.325809011989658757e-04
-4.861481224265796651e-04
4.268115028260100673e-06
8.651866339840673858e-04
1.825470365230031375e-03
1.567210987669294094e-03
3.506599415070904622e-04
-7.253288019053006448e-04
-1.700179826829219688e-03
-1.364997836208997183e-03
-5.745183838905617993e-04
-4.354036824586911270e-04
-9.631359783531256730e-04
-5.927658924918011467e-04
-3.458661045016801620e-04
-2.268105610949124268e-04
8.189954800607441828e-04
1.132146653887509350e-03
6.020732816777086714e-04
9.365035505452905782e-05
-1.371194171227191122e-03
-1.565933060689805433e-03
-6.273676447658437828e-04
-1.420797068019284334e-04
2.699937541194554684e-04
5.523780304988627288e-04
9.093792819335848581e-04
1.075176883919539512e-03
9.168503222666134385e-04
-5.437171220202259532e-05
1.196279258269925326e-05
4.910106882779456542e-04
-9.696083026433603211e-06
-3.405385450518949868e-04
-5.635539851841909575e-05
4.746747007048493570e-05
2.554962631756742546e-04
7.273928150604077746e-05
-3.551820847933321343e-04
-2.578674083611460078e-04
-1.293197669949648111e-03
-1.308060282887569051e-03
-1.574706727431338191e-05
1.257297586819973413e-04
1.219002732964029865e-04
4.168372290566885814e-04
3.027881525225067385e-05
-4.319650923844698407e-04
-8.304946750997078335e-05
3.762045205500329746e-04
5.538460356929477118e-04
8.366459068127433951e-04
9.005401080107505382e-04
5.304696369622640675e-04
5.094665311934882613e-04
1.433683726635978704e-04
-4.304433927794818165e-04
-5.185279999774606088e-04
-2.273679090800844512e-04
-1.568102314890282276e-05
1.037514550224031824e-04
2.159771767511446271e-04
2.961504494466910345e-04
2.120821841842487378e-04
-9.953837676531854714e-06
1.991965994557723592e-06
-4.339367511528240644e-05
4.168211207334177558e-05
1.107253924992928002e-04
-1.752027149997053646e-04
-2.737931706349442567e-04
-1.278882740002936652e-04
3.641801941724389779e-05
1.911789500197523105e-04
1.692190098486869368e-04
7.766348854112335937e-05
1.220420265411866287e-04
6.839690710750198762e-06
-1.755076992536337948e-04
-2.001609510755883014e-04
-1.488398331346027048e-04
-4.878706391283444896e-05
2.874734326447834603e-05
7.579921859457487915e-05
1.122760870861683450e-05
-2.139303458075263585e-05
-1.357405446507328071e-05
2.605338728065837150e-05
1.350103006624534538e-04
2.297487192595187486e-04
1.443606453770833247e-04
8.493167138976082087e-06
1.077088404947682420e-05
4.028691650044099646e-05
7.967702894998184623e-05
1.080277852955314165e-04
8.321677929434420846e-05
1.017264240096114604e-04
7.935765459393143378e-05
2.448615481522471569e-05
-2.760762569865352531e-05
-5.463309659429788512e-05
-2.116537027852436571e-05
1.275596642055679635e-05
1.874267845858581193e-05
-9.762073457433260586e-06
2.523873567843967141e-06
2.635300209349651526e-05
2.407560734946119231e-05
1.594477009525783497e-05
7.187576798990046330e-06
-9.091086621026342452e-06
-1.346075925806817700e-05
-7.282497778584181189e-06
-1.304988962583923616e-05
-1.221891492270605675e-05
-1.151541075105634594e-05
-1.313086079748079869e-05
-1.335626993445114660e-05
-1.470883214509503427e-05
-1.327626526220583476e-05
-1.300210160013566024e-05
-1.313397507331316635e-05
-1.172148990010164959e-05
-9.852237112221399413e-06
