5.018414365459867324e-05
1.323681366685573311e-05
-4.063700556449769893e-06
2.453484070221725947e-05
8.643514865844900317e-05
5.474511803424189773e-05
-1.298209840674077211e-04
-2.513662671206894376e-04
-3.361651302593382594e-05
4.180148141047938045e-04
6.403953255609674908e-04
3.910133736725666899e-04
-3.256165399910383691e-05
-2.923921689641694670e-04
1.285964623998987798e-04
1.042957561418184683e-03
1.291300882880168279e-03
-2.677704314833783639e-05
-2.004778022081765698e-03
-2.568618613513770979e-03
-9.963696756150556416e-04
1.101485271143180962e-03
1.705271824827562328e-03
4.419667529867306560e-04
-1.483559636642932562e-03
-2.524314534386911616e-03
-1.808515229998978102e-03
1.434478447685478089e-04
1.680265026918795332e-03
1.730544181652174515e-03
7.922242097135932890e-04
-3.848627341161272382e-04
-1.724834664961500319e-03
-2.456198672472589481e-03
-9.431501935523451795e-04
2.237997763286358847e-03
3.749573865550971143e-03
2.581380194747448509e-03
2.608054112516799538e-03
6.473913276661811926e-03
1.009591558969531733e-02
7.969791896345347279e-03
1.579780483817550289e-03
-2.792602805756188265e-03
-3.175066657665846087e-03
-3.740544862412231199e-03
-7.903505440295737275e-03
-1.397971473393299149e-02
-1.807910345801774787e-02
-1.806966136323213956e-02
-1.419694192709445614e-02
-8.176190187049564920e-03
-2.369641219180120256e-03
1.232727438008554208e-03
2.217815285682114834e-03
2.478653154134620798e-03
5.630468653390899129e-03
1.360151457794995904e-02
2.238248568929101373e-02
2.378876768142296205e-02
1.438930985507817784e-02
7.812271199429769979e-04
-7.173970838649359159e-03
-6.681388556302512646e-03
-2.501240415254574710e-03
-8.473321107334261834e-05
-1.940852089728558206e-03
-7.932067777022211441e-03
-1.437098628988485276e-02
-1.478941862161844631e-02
-6.494538352459131546e-03
4.808327756480022114e-03
1.099269329523182986e-02
1.066899173008949847e-02
8.923812301519626691e-03
9.668454254822980362e-03
1.203302034805583606e-02
1.282903319830215605e-02
9.661107124817927203e-03
3.370281967358355023e-03
-1.046356715541004725e-03
5.927009442751496500e-04
4.566551116875968395e-03
2.579226216874481049e-03
-6.004065788165945106e-03
-1.260767508867198690e-02
-1.273501058881981382e-02
-1.146305714828628648e-02
-1.127831666249656459e-02
-5.782987990724723464e-03
6.358159095899461495e-03
1.238478263863915588e-02
2.149183059209204636e-03
-1.443950049017294311e-02
-1.898569209016743448e-02
-7.795378701727387512e-03
7.685422557294326051e-03
1.752983910041103210e-02
1.857953448165513763e-02
8.643913204218667615e-03
-1.079315527652028282e-02
-2.797559905518634191e-02
-2.899785334845976503e-02
-1.356405601754266839e-02
4.554822264759466992e-03
1.163410659663687181e-02
3.983073918944512667e-03
-1.167917784596506081e-02
-2.208845295635784509e-02
-1.678052035953417689e-02
-4.233835301867998942e-05
1.108836827130165424e-02
6.561267406701817156e-03
-3.722398336496134368e-03
-2.412838802824291036e-03
1.427669812148666360e-02
3.391511927352876959e-02
4.276177195672223319e-02
3.769549797331779584e-02
2.493450687056445250e-02
1.164592396839198712e-02
5.399712708794427211e-05
-1.108667164489486427e-02
-2.092087892302462934e-02
-2.594171282527331021e-02
-2.606623045025855193e-02
-2.630228281989882913e-02
-2.869246059523765380e-02
-2.741069622809095413e-02
-1.728257424321284069e-02
-3.230553717804413721e-03
5.313140502228854908e-03
6.849841428587055345e-03
8.473114561510826023e-03
1.556367039403855172e-02
2.603967455867401901e-02
3.349524112103113155e-02
3.210017161645709743e-02
2.088871678766113932e-02
7.088519880839579818e-03
1.621104401777701117e-03
6.654803158171776825e-03
1.131941928136017718e-02
4.782775087466461551e-03
-1.090348025278090743e-02
-2.641381756455386462e-02
-3.774403624182508243e-02
-4.476482384585100255e-02
-4.230943660339905182e-02
-2.424700434398715035e-02
4.436264962107638009e-03
2.982447924039380652e-02
4.392978858824852367e-02
4.899414464614963716e-02
4.697161843652553764e-02
3.495374969994598929e-02
1.380999308016163211e-02
-6.983668368899988849e-03
-1.763281694666660182e-02
-1.655435268287258621e-02
-8.879714768216202814e-03
-1.249600756455903358e-03
9.566332098407357440e-04
-3.527522352084983947e-03
-1.073156036131727407e-02
-1.667709991508553244e-02
-2.287037643079126159e-02
-3.218662579683784219e-02
-4.163078604068325833e-02
-4.548935708791562726e-02
-4.374478254354296353e-02
-4.004923516409340800e-02
-3.295114040901028774e-02
-1.740163315715015369e-02
4.884484152235216321e-03
2.517380496028728473e-02
3.911638570582123831e-02
5.091782392598685758e-02
6.382590516157229943e-02
7.296511525038867907e-02
7.089508350137448123e-02
5.583892570206252376e-02
3.194172146333605633e-02
5.541801482044771132e-03
-1.675809538441835195e-02
-2.980943090182923763e-02
-3.331259560002197001e-02
-3.263276477545797027e-02
-3.442661525199304517e-02
-4.125915109123085012e-02
-4.990973277489185733e-02
-5.358152738464635328e-02
-4.623395478139967485e-02
-2.659720074921815072e-02
7.336581414785304850e-04
2.880679846178216263e-02
5.276213059653254989e-02
7.018692639245364961e-02
7.794700051164671351e-02
7.155721039821545670e-02
5.006095382419265688e-02
2.132526613876462723e-02
-5.104662000017183131e-04
-6.031388849951807227e-03
-4.435630571364230427e-04
2.733988051719887075e-04
-1.407108175425688008e-02
-3.610111174912875726e-02
-4.899119399152913196e-02
-4.582499405099789425e-02
-3.577034336617031934e-02
-3.008280905241888029e-02
-2.881697822022290245e-02
-2.516200234180527087e-02
-1.670395087213211172e-02
-5.185318144068645427e-03
9.798209291759620368e-03
2.821976572503300321e-02
4.388582383440302326e-02
5.053497648897654210e-02
5.156623027884249533e-02
5.391170563668068461e-02
5.370029123312161645e-02
4.003743254561139414e-02
1.378327490257297283e-02
-9.166208578593985565e-03
-1.714374594331815466e-02
-1.534340402661796970e-02
-1.497589999363426426e-02
-1.855666690834623447e-02
-2.088724146035089019e-02
-1.777002238652001034e-02
-8.786164263473139960e-03
3.768281015844963423e-03
1.388884932489458691e-02
1.372728623114891945e-02
8.019244867784984521e-04
-1.786444333437612123e-02
-3.149735287748824109e-02
-3.549003117722249190e-02
-3.422980658880546423e-02
-3.386348281766995982e-02
-3.428424616655375429e-02
-3.094440020160589208e-02
-2.411230696056116535e-02
-2.086068556876635727e-02
-2.595469570560352338e-02
-3.571678898480817876e-02
-4.383197438757883979e-02
-4.860849408724983445e-02
-5.208229977196855015e-02
-5.700649973539573950e-02
-6.552902300852689321e-02
-7.268436046324777688e-02
-6.160819314880189995e-02
-1.837136579817861756e-02
4.393878808484106419e-02
9.039433702824054007e-02
1.019117747411827091e-01
9.547020063916160371e-02
9.708583157661827834e-02
1.067653065264488610e-01
1.040968820203965334e-01
8.195989079553141210e-02
5.902769815044060786e-02
5.603838995440856008e-02
6.699461315853096066e-02
6.099445698773718616e-02
1.677520918121727309e-02
-4.636157059373644668e-02
-8.163517125454500256e-02
-6.388300032847904486e-02
-1.676857020832113812e-02
1.693469206345548511e-02
2.240314027163453625e-02
1.865285824897464778e-02
2.544821583999410525e-02
4.001161431768198579e-02
4.580920804877820079e-02
3.233622398609737464e-02
3.792225578090348791e-03
-2.585732410312691076e-02
-4.548212798409539265e-02
-5.651905159208857332e-02
-6.872458196253214413e-02
-8.614967282391529368e-02
-1.019421664837739105e-01
-1.070873704782767943e-01
-9.868021780080732386e-02
-7.933011986500770885e-02
-5.412975901313589466e-02
-2.847971839709935796e-02
-4.589049858357306666e-03
1.856478120855261857e-02
3.800708710124296730e-02
4.376012594756958224e-02
2.869482111893405588e-02
-1.740591160634988484e-03
-3.365221594684191658e-02
-5.399314370420658926e-02
-5.307327712626463967e-02
-2.614294747039164202e-02
2.049229633939650061e-02
6.958455025167786800e-02
1.044483049856985146e-01
1.183753947944748142e-01
1.130822154707536720e-01
9.485262862709024911e-02
7.373671143365033431e-02
5.925194790159887120e-02
5.292264620788793977e-02
4.807708119009716091e-02
3.770080915163470658e-02
2.018439552974696585e-02
-1.098859188530933043e-03
-2.126640057908558284e-02
-3.897888520050577649e-02
-5.869530690744090284e-02
-8.379696836225686285e-02
-1.086181700953939844e-01
-1.247492513729553526e-01
-1.337764841189236220e-01
-1.420319731488992321e-01
-1.420905436431162128e-01
-1.143930437859123350e-01
-5.337689948671444501e-02
1.981261304756352926e-02
7.747651863240744008e-02
1.092465119968302062e-01
1.217689426735158315e-01
1.259028097968411808e-01
1.307168028101925727e-01
1.396307304187335285e-01
1.434229117370045548e-01
1.240312095710558449e-01
7.395343701552631321e-02
8.332928960490707665e-03
-4.826621815127142556e-02
-8.395881176819147695e-02
-1.041231428465190234e-01
-1.183545926794002806e-01
-1.297156456974557504e-01
-1.359372484975183148e-01
-1.351469156574164610e-01
-1.274805248224243626e-01
-1.125584742756143009e-01
-8.707204745828468762e-02
-4.635227603168187022e-02
9.455948109054323342e-03
7.010401299761750971e-02
1.192322648962690218e-01
1.469074873110881030e-01
1.570840000317424712e-01
1.599992467967998877e-01
1.593427261437378728e-01
1.506323937040116578e-01
1.295186895015371376e-01
9.523827918599003794e-02
4.796318592174572681e-02
-8.352137722070183956e-03
-6.021843482254477659e-02
-9.197529777390629768e-02
-1.019399534928085299e-01
-1.023694212728227804e-01
-1.003024877111601126e-01
-8.905680528876631918e-02
-6.373782812115026675e-02
-3.432009662019287061e-02
-1.518244581706950681e-02
-9.722687286747834501e-03
-1.278921411419845985e-02
-2.011225202427565500e-02
-2.687264435804214910e-02
-2.447169669333848496e-02
-8.934744476888592524e-03
1.110245764711455772e-02
2.312678831731301149e-02
2.547550939523376273e-02
2.776005373515856578e-02
3.860297180185363886e-02
5.653778824892877197e-02
7.082220233224804928e-02
6.946003262669263323e-02
4.974095533059905844e-02
2.237319112723643033e-02
1.781797052410319252e-03
-7.540648688339324397e-03
-1.078206081514719063e-02
-1.067807974632064942e-02
-3.491966963907917020e-03
1.169589330439021330e-02
2.729163731415363767e-02
3.442366459737253997e-02
3.129921641972143592e-02
2.232553805511529668e-02
1.287507816365511364e-02
6.451753860461832170e-03
3.045650946010565029e-03
-1.489224893514299155e-03
-1.149954199266881028e-02
-2.593109046863949219e-02
-3.895896828181737853e-02
-4.646690896368842888e-02
-4.944810285951409257e-02
-5.081425594880718821e-02
-5.156165676418071608e-02
-5.112112402933954858e-02
-4.961584757468971013e-02
-4.776681985675122061e-02
-4.451372313764616340e-02
-3.660449342738664874e-02
-2.304741570802146602e-02
-9.404178873737590108e-03
-3.292399438650166210e-03
-3.857021953556605178e-03
-4.704641753115529541e-04
1.509422124391645269e-02
4.026920646605193499e-02
6.854282163790911819e-02
9.640747607936453467e-02
1.167546002114322745e-01
1.146733559748601555e-01
8.245810882820342469e-02
3.467845362385301583e-02
-3.604534437680123864e-03
-2.226608236451215264e-02
-3.131396969282394804e-02
-4.428312947905381491e-02
-6.563627930398220622e-02
-9.029017892013677105e-02
-1.049199671267859735e-01
-9.314847805101847400e-02
-5.082355051086177855e-02
5.128813108086004852e-03
5.161285062184645112e-02
8.036683236592159774e-02
9.602728423151267456e-02
9.907280239806530442e-02
8.360915919566182242e-02
5.110253490523037484e-02
1.452419903105449210e-02
-1.384678774327930892e-02
-3.169106335332429192e-02
-4.235310629178250241e-02
-4.764525288638648409e-02
-4.759538682329997328e-02
-4.421482182458916221e-02
-4.284143963147582501e-02
-4.883628462395269570e-02
-6.227636888761491074e-02
-7.705221449797904076e-02
-8.698323275420752343e-02
-9.125209232642089718e-02
-9.154096141376819040e-02
-8.691640042705311986e-02
-7.546092646114153923e-02
-5.863747407687902591e-02
-3.957668782661977885e-02
-1.899424898856689678e-02
3.174683072565180619e-03
2.442212569571403091e-02
4.262205846044139074e-02
6.056867752599853771e-02
8.289259272107254994e-02
1.081437048324170452e-01
1.270784981303807737e-01
1.294136461970472052e-01
1.123761238200671891e-01
8.403641398471071999e-02
5.821139954967832764e-02
4.409295978876236893e-02
4.062417021689850721e-02
4.143294464837849606e-02
4.226532431682252650e-02
4.061782630946442207e-02
3.240128592047947231e-02
1.511502335899100186e-02
-7.132086296311313314e-03
-2.741364688271145933e-02
-4.440351618757035906e-02
-6.206126616578021282e-02
-8.152776742635868545e-02
-9.836700581284088529e-02
-1.078077728038727007e-01
-1.082314868073770003e-01
-9.868656170824140206e-02
-7.770386657091722660e-02
-4.685152679347104332e-02
-1.259000066749517074e-02
1.805962913752242466e-02
4.262958262972368212e-02
6.216763726484936248e-02
7.565463693697759007e-02
7.800616113678780772e-02
6.491395905288295520e-02
3.918292296751359205e-02
1.088825487493910900e-02
-8.664597293108398240e-03
-1.275770112285148396e-02
-9.657374546722989834e-04
2.173511206555255731e-02
4.679811994483993459e-02
6.499510205494679616e-02
6.932533524326664476e-02
5.604532399276673793e-02
2.594613880720406454e-02
-1.290597151753178178e-02
-4.587087673034672547e-02
-6.013168557670198200e-02
-5.386523282640776067e-02
-3.551452161057266910e-02
-1.512446545377661364e-02
7.867300908102159256e-04
8.231190389175748259e-03
5.775965432727924766e-03
-2.753934476954490642e-03
-1.018036332493412605e-02
-1.275355545310967800e-02
-1.224838862880638264e-02
-1.047984001564212370e-02
-6.138217300487133939e-03
4.886549610469567923e-04
3.719344408963913811e-03
-2.079650883077040907e-03
-1.515574239275395071e-02
-2.780328082534894163e-02
-3.397590275871113785e-02
-3.243802157050473811e-02
-2.370246103377323874e-02
-8.333592857780319774e-03
1.068110416730666534e-02
2.717774204580220704e-02
3.564730106849532676e-02
3.502633580361037141e-02
2.789917710051530164e-02
1.784895239761847760e-02
8.699311744718621342e-03
4.111855239856385819e-03
4.849504141709147162e-03
6.695522191934724816e-03
3.667914498928538224e-03
-5.843727216087787370e-03
-1.774095843850805390e-02
-2.717877477491938143e-02
-3.278501855387595115e-02
-3.498325624615102047e-02
-3.262583073709978548e-02
-2.366557785101694109e-02
-8.251372866779991405e-03
1.055800285653926175e-02
2.829781053974531405e-02
3.993120897927326940e-02
4.104449096758922000e-02
3.153703918213401208e-02
1.767397857862262542e-02
7.556110118550762519e-03
4.021697987926902904e-03
3.883872910603186190e-03
3.605581920070402742e-03
2.874955576214439663e-03
2.542697112672648134e-03
2.077909996850943550e-03
2.749405222112017919e-04
-3.093333524677900279e-03
-7.001903414454700887e-03
-9.378404905627491309e-03
-7.811489275955336292e-03
-1.835735018873122480e-03
5.491419054399673989e-03
9.958105265644702497e-03
1.024983648797388007e-02
8.306284549267560838e-03
6.097439253631775809e-03
3.963909417184342462e-03
2.147147107521057453e-03
1.884819158485197656e-03
4.054833839315156313e-03
7.732898590138226683e-03
1.073638468162179706e-02
1.119910633920914896e-02
8.572654895133511449e-03
3.763589474998363035e-03
-1.456258704766724352e-03
-5.484750574957336124e-03
-7.431090882280031590e-03
-6.978740775683747906e-03
-4.573765467423099827e-03
-2.280619969279530992e-03
-3.513152664083132089e-03
-1.051664943203290542e-02
-2.179737087804518164e-02
-3.272497273234870052e-02
-3.892385549183338678e-02
-3.895823061816225397e-02
-3.407548735215313457e-02
-2.644391424168299545e-02
-1.812616639921478187e-02
-1.091633035365320060e-02
-5.973983864309911386e-03
-3.436465150496247067e-03
-2.846555525492094028e-03
-3.807598488663172139e-03
-5.593762509911836232e-03
-6.541940618937519721e-03
-4.922031232281121743e-03
-7.386860569518683599e-04
4.185016721171768740e-03
7.922419136413163740e-03
9.381134261151457404e-03
7.908831371885746003e-03
3.836485397397900766e-03
-2.310318308034898377e-04
-7.502880309196879221e-04
3.035205628653982624e-03
8.483692658325331024e-03
1.354855032751192158e-02
1.933932804643477554e-02
2.712728585179159657e-02
3.477626782452270665e-02
3.837326333964743985e-02
3.617546824556543833e-02
2.907147218124132501e-02
1.852007879105199012e-02
6.243172085338441132e-03
-4.884041554042140715e-03
-1.225839134796989117e-02
-1.576460997369483891e-02
-1.709933859127957603e-02
-1.743305762885851568e-02
-1.711763264992669648e-02
-1.680707625111870981e-02
-1.695077313113722839e-02
-1.644842418199651476e-02
-1.339390651885133572e-02
-6.962394149086158571e-03
2.136391971429322037e-03
1.230166269797957311e-02
2.115899675089925533e-02
2.590822289533059597e-02
2.472191220515718157e-02
1.778034967769177507e-02
7.011920886891310004e-03
-4.479152727016656212e-03
-1.366784529381887686e-02
-1.997976763181505064e-02
-2.567320325480749316e-02
-3.149764794295029091e-02
-3.338547676914840195e-02
-2.726699934807243209e-02
-1.609862407673583184e-02
-6.598283368916033932e-03
1.034371156472519695e-03
1.334238808917734623e-02
3.128549587573609125e-02
4.509337923784405983e-02
4.629282034107872618e-02
3.919133233318202597e-02
3.409614193449665709e-02
3.321301100657997329e-02
3.016144399805530119e-02
2.103329886406581084e-02
8.601202478586880695e-03
-4.171458463190555639e-03
-1.814859137433060682e-02
-3.371683528303093952e-02
-4.704818792392760629e-02
-5.301308377200637106e-02
-4.942862853901876241e-02
-3.731161780719029902e-02
-1.933578726089017069e-02
3.860400453097081173e-04
1.663003697388850191e-02
2.535349982667594107e-02
2.632116700947005269e-02
2.339028177492397109e-02
2.176388094810246393e-02
2.392715338312457335e-02
2.784119673722241020e-02
2.959477077818761098e-02
2.767359955477781061e-02
2.347363776795319268e-02
1.794765179467431790e-02
9.920838497787744584e-03
-1.477215729208850243e-03
-1.475578115894470715e-02
-2.757903107419067482e-02
-3.849955135740499440e-02
-4.565311841935357218e-02
-4.581260130159178073e-02
-3.747773966232464254e-02
-2.404872035348931333e-02
-1.132493700550051864e-02
-2.240800885175836966e-03
3.522034134490847120e-03
5.114310640626230399e-03
-3.805680563159844474e-04
-1.292273123577624208e-02
-2.671566953223136753e-02
-3.516162331796045259e-02
-3.668548889671946478e-02
-3.292473205015678667e-02
-2.333067855158979867e-02
-6.040653905460187725e-03
1.596672981519932713e-02
3.400835995953668117e-02
4.116959872349856830e-02
3.848701107526784904e-02
3.231188108547822235e-02
2.759496460914139318e-02
2.523945702559348553e-02
2.403854059504858046e-02
2.278775810141716457e-02
2.069574397548021305e-02
1.726988642834467735e-02
1.208334376260852133e-02
4.945754495429969741e-03
-3.175346969854793595e-03
-9.862386029755570299e-03
-1.331143572220826535e-02
-1.455245154904581499e-02
-1.571828469615293294e-02
-1.590579879728592702e-02
-1.129460427600174378e-02
-6.119288851096604505e-04
1.135791057088464569e-02
1.789085169322962923e-02
1.681873133686969876e-02
1.124506278492349090e-02
4.934069903132776158e-03
-6.655304769457263004e-04
-5.131468697244457623e-03
-7.381313338832138152e-03
-6.618569119431995038e-03
-3.828326837372208417e-03
-1.623376405835488638e-03
-2.583032561334930224e-03
-7.671510220758652118e-03
-1.567033655856975294e-02
-2.402909850026296867e-02
-3.057306031761553022e-02
-3.426757496794791136e-02
-3.443148383211687424e-02
-3.039793896588865313e-02
-2.259227723280881131e-02
-1.309950495409060479e-02
-3.915326888857753249e-03
4.504366070748857392e-03
1.186080539113015114e-02
1.647158682076746775e-02
1.710715782602391030e-02
1.577110141385994549e-02
1.638424744400056657e-02
2.030419210733940688e-02
2.490529538982146768e-02
2.678648524312344723e-02
2.534332006823520819e-02
2.281121580565016738e-02
2.155984318109464837e-02
2.146793028966596795e-02
1.968278424426137679e-02
1.358171568544638136e-02
4.306450912078588732e-03
-4.004421905123855402e-03
-9.011771315756835626e-03
-1.270447131349760304e-02
-1.786031241790742019e-02
-2.391313777367718232e-02
-2.820884830293713882e-02
-2.973153361984794824e-02
-2.926459252615327272e-02
-2.696677024043620668e-02
-2.224793583859605711e-02
-1.553991762434349909e-02
-7.819323263972772012e-03
1.174038917606740453e-03
1.233121350400391558e-02
2.470848672663389020e-02
3.529661576684849089e-02
4.119497435323489498e-02
4.087792651426180174e-02
3.398726277900008391e-02
2.176388094810246393e-02
7.762449396162568287e-03
-3.469379702787963541e-03
-9.436945893298281235e-03
-1.066475754070907514e-02
-8.569571461055084521e-03
-3.503164698192727609e-03
4.161913095493226765e-03
1.167368962837092572e-02
1.421107556272666744e-02
8.526285357772297666e-03
-3.944715408877967622e-03
-1.794116035450921132e-02
-2.813331154465225151e-02
-3.166524512539489050e-02
-2.825384578589981363e-02
-1.991883661390165400e-02
-1.119010684261661365e-02
-7.749230463462713700e-03
-1.269355389140173866e-02
-2.363415337930857910e-02
-3.421166006288937217e-02
-3.890615156411036946e-02
-3.686828195045965123e-02
-3.158572498337231665e-02
-2.713303962830157859e-02
-2.447568007707616802e-02
-2.106354307392597006e-02
-1.381171921311462672e-02
-2.215203956342969450e-03
1.143332930298471273e-02
2.404252397878625658e-02
3.346529197663301869e-02
3.901045720494516339e-02
4.132273769830269866e-02
4.127154384063696363e-02
3.792815709014450004e-02
2.836788858698227611e-02
1.133706419599078870e-02
-8.853409682274415368e-03
-2.394441471265451593e-02
-2.810749331672284662e-02
-2.210187843488113646e-02
-1.101901313444672049e-02
9.612391817033415177e-04
1.300235465071052955e-02
2.550914685790750189e-02
3.682800551488978752e-02
4.305093610953157623e-02
4.168817627305205359e-02
3.497042089855183222e-02
2.807680650866960920e-02
2.391889155018716434e-02
2.106796905585672439e-02
1.705301331373767007e-02
1.177659370826098471e-02
6.776827480002696469e-03
2.899844347938385948e-03
3.757039021740845339e-04
1.207688182898962002e-05
2.421292428312033212e-03
6.209077271198524053e-03
8.052557758450469214e-03
4.761677906929861689e-03
-4.895047495776618136e-03
-1.922882603089692138e-02
-3.321419126842817954e-02
-3.990140736760618145e-02
-3.494091435234680104e-02
-2.104642927712704892e-02
-6.588885533949729971e-03
2.027380036474821928e-03
5.638759992874514508e-03
8.423381277882240406e-03
1.040225255239598558e-02
7.796617976667998690e-03
6.784661468020133273e-04
-4.380202524318073040e-03
-6.536216348973742122e-04
1.358347132494558060e-02
3.631016562899142680e-02
6.148515085112691431e-02
7.564799796408144816e-02
6.448331101102046381e-02
3.025955326418704183e-02
-3.629806794504736485e-03
-1.460995980759942532e-02
-4.109716015256520243e-03
7.964008613289160626e-03
6.518010809965236671e-03
-9.836243229817910952e-03
-3.677297580621739781e-02
-6.703134880855622646e-02
-8.600376295293139794e-02
-7.952751865911938944e-02
-5.110415776527165582e-02
-2.145716040030113195e-02
-5.699558231329987686e-03
1.189621324657619229e-03
1.110405100060963060e-02
2.321398016134888775e-02
2.590719016621341811e-02
1.389203603188472920e-02
-5.238990551615603682e-03
-2.149374851759537283e-02
-3.245070938537290839e-02
-4.055541996424077283e-02
-4.567790391816579920e-02
-4.498140189499596348e-02
-3.839273766014276307e-02
-3.000181358308606425e-02
-2.356023948106496929e-02
-1.958467497812963615e-02
-1.720497202669360112e-02
-1.583439295546974768e-02
-1.371732777180472047e-02
-7.952722359365733962e-03
1.609301783295687257e-03
1.075721630324255086e-02
1.569615478649915782e-02
1.787993427113376485e-02
2.134577318837712484e-02
2.594230295619740639e-02
2.618440416780971544e-02
1.736430737620078824e-02
1.219060005806382394e-03
-1.589886475892774570e-02
-3.029201046501257821e-02
-4.429050611560507444e-02
-5.994269614825873532e-02
-7.037119477350409213e-02
-6.249707785322857617e-02
-3.141871793185182365e-02
1.143772577836926242e-02
4.804565671838879892e-02
6.930379546453696582e-02
7.800291541670525963e-02
8.021133286742107571e-02
7.947278401590905650e-02
7.792782125661344705e-02
7.705088670339982349e-02
7.620286856546712451e-02
7.370130357820428579e-02
6.932076172860486551e-02
6.276057131083952190e-02
5.103525997988289653e-02
3.158793797433769729e-02
7.671111882384885200e-03
-1.323685792667503996e-02
-2.653804012407705998e-02
-3.283252409326605642e-02
-3.346145612562637095e-02
-2.808772393076547358e-02
-1.794735672921227154e-02
-8.032449047211736790e-03
-3.247342942595078663e-03
-3.731294560176952584e-03
-5.742416489692800385e-03
-6.281014230846398982e-03
-5.279783351744064129e-03
-4.013214855892955658e-03
-3.307964141773321425e-03
-3.725422757482150724e-03
-5.657216337525763049e-03
-8.247979613966413201e-03
-9.311690604657908016e-03
-7.645987058291297926e-03
-4.699433847710341415e-03
-2.662833015546446375e-03
-1.894290759817013857e-03
-1.982972684436245039e-03
-4.327857911350341605e-03
-1.098236600406006687e-02
-2.087971729106860228e-02
-2.989308196032050904e-02
-3.533733480061143628e-02
-3.843596475033313892e-02
-4.172314153030501349e-02
-4.593490593561164875e-02
-5.015124385558005632e-02
-5.308345688470537255e-02
-5.315191207190105710e-02
-4.870793114796079931e-02
-3.955809870251060512e-02
-2.801735081806646516e-02
-1.791268653742135453e-02
-1.243392579134364011e-02
-1.242244774486988071e-02
-1.603120161865732515e-02
-2.004778022081765698e-02
-2.187364529998519352e-02
-2.026170268080415560e-02
-1.478617290153589302e-02
-5.965648265006989921e-03
3.961740686038272251e-03
1.194135826226989591e-02
1.657426960156098417e-02
1.869992119017167484e-02
1.927456117751472423e-02
1.819890003561018890e-02
1.573864421303440564e-02
1.345730133337285500e-02
1.262968697214094174e-02
1.285098606867870162e-02
1.324672786638062504e-02
1.423884122270560430e-02
1.722518401084404890e-02
2.300979486161005075e-02
3.121394250118888353e-02
4.104109771477564700e-02
5.218158929994849010e-02
6.445719771762901951e-02
7.601476433341003425e-02
8.214725736393338473e-02
7.780595922078666071e-02
6.261672689808998882e-02
4.261246883292475751e-02
2.578901644866225459e-02
1.643455610528014865e-02
1.439431121465993210e-02
1.810108583494049808e-02
2.589051896760757171e-02
3.459140931254816448e-02
3.929991642321655626e-02
3.643188013208719517e-02
2.671227627941778759e-02
1.441166106382849033e-02
3.663857348825346177e-03
-4.129057556293920864e-03
-9.574239852790305400e-03
-1.318225606292262354e-02
-1.503092970230665397e-02
-1.623376405835488812e-02
-1.951666238912703327e-02
-2.731686541115894290e-02
-3.937678097608066780e-02
-5.246662253628912864e-02
-6.236621632080924238e-02
-6.634635433840635477e-02
-6.450883417348783622e-02
-5.934843430768933781e-02
-5.393988438830649851e-02
-5.015803036120721620e-02
-4.831210083062025679e-02
-4.781830877987901240e-02
-4.779824432845958260e-02
-4.729515771566374094e-02
-4.540732888946562990e-02
-4.117653276185675310e-02
-3.348727435355577237e-02
-2.182894288248456507e-02
-7.792885398573062838e-03
4.922709882843837904e-03
1.284579291654661636e-02
1.521564068155017123e-02
1.393629585119228291e-02
1.159216304120641583e-02
1.006506649563795354e-02
1.054177425612649183e-02
1.370959705669900185e-02
1.952079330559573778e-02
2.700453861957865381e-02
3.463080055173188565e-02
4.066916769986118202e-02
4.324892503456734955e-02
4.049271855355508071e-02
3.136103263402098551e-02
1.695254352390953081e-02
8.073507406256043295e-04
-1.266735207837167004e-02
-2.032322382964165189e-02
-2.098313773551725020e-02
-1.487587280199919627e-02
-3.573213238883479834e-03
9.768422433365639077e-03
2.154774549715058468e-02
2.973227128350307280e-02
3.417831766567767937e-02
3.511618323680470305e-02
3.270240022450185413e-02
2.833911970443236256e-02
2.482990616426760527e-02
2.398469114822439005e-02
2.471468310133694696e-02
2.427872388115755869e-02
2.085109594124972057e-02
1.444749676419450519e-02
6.440098774710842355e-03
-9.741925554873516729e-04
-5.652436277040547886e-03
-6.974432819937812986e-03
-6.161586485081521972e-03
-4.666002930860037312e-03
-2.802620278192797382e-03
-4.660116374892132808e-04
1.736327464708361168e-03
2.953546262031549272e-03
3.067485790202289890e-03
2.225059142775450902e-03
-2.355404310636191102e-04
-5.515422629737469495e-03
-1.410685844153048568e-02
-2.525391523323395476e-02
-3.726898084792402283e-02
-4.789812398736362220e-02
-5.481091763227912556e-02
-5.664711000261841989e-02
-5.368125951081937491e-02
-4.724337372707389932e-02
-3.873678398889347091e-02
-2.948648175361513746e-02
-2.102164377831482189e-02
-1.471683251795406072e-02
-1.088285517698358781e-02
-8.526373877410913307e-03
-6.206820020413839935e-03
-3.242798934479503188e-03
-3.333162732232421589e-04
8.908026299299933674e-04
-8.626430575592186362e-04
-5.385682346073932675e-03
-1.088270764425256464e-02
-1.505261701376735609e-02
-1.626917191380092970e-02
-1.404446684957993963e-02
-8.748248351599671388e-03
-1.200478258333761766e-03
7.488820439930181892e-03
1.615262105629104369e-02
2.402954109845604341e-02
3.085602809572181651e-02
3.620305686626714564e-02
3.883976183514904063e-02
3.747390381131798787e-02
3.210563032750502616e-02
2.417072992204713500e-02
1.536420614169252061e-02
7.003836093231130544e-03
6.132714329619894794e-04
-1.861287687886682609e-03
8.242432383279865802e-04
8.121352270927506209e-03
1.778034967769177507e-02
2.688902049118594220e-02
3.292930556481856591e-02
3.477980861006731150e-02
3.325004172206728892e-02
3.036090825040133404e-02
2.789371838946737292e-02
2.660826570404503655e-02
2.638445855107984794e-02
2.632692078598003471e-02
2.475510706963784252e-02
2.032883007342060899e-02
1.347991810103901268e-02
6.338315943576575996e-03
1.059413362236732515e-03
-1.379522505378601160e-03
-9.611123035546600014e-04
1.696021522592283930e-03
5.051830529037069570e-03
6.856613180941110303e-03
5.312860190039907400e-03
2.656149782831005867e-04
-6.942167411662608471e-03
-1.444091680439078297e-02
-2.080137741089423814e-02
-2.559943688929490827e-02
-2.932168769306001468e-02
-3.245041431991085162e-02
-3.473215553794618132e-02
-3.558400952688552804e-02
-3.528437055017340229e-02
-3.485711576112449778e-02
-3.488721243825363555e-02
-3.500848434315632224e-02
-3.483395312235354480e-02
-3.475384284940687823e-02
-3.519039220051036615e-02
-3.539177437835972634e-02
-3.360382521106566184e-02
-2.856366452105267920e-02
-2.090258486437750543e-02
-1.288980193021142459e-02
-6.883670683811127233e-03
-3.712823462252600858e-03
-2.312044440987892982e-03
-8.906034607431092577e-04
1.629484260899931054e-03
5.195217590320435133e-03
9.135241458351803234e-03
1.263864220891417096e-02
1.478617290153589302e-02
1.492352587412032819e-02
1.314051905331560174e-02
1.028607052671366359e-02
7.615536302607702791e-03
6.556797164951754138e-03
8.286883995137750078e-03
1.269691763766911223e-02
1.788258986029221675e-02
2.142440813401354227e-02
2.221606876869462038e-02
2.086968506535889431e-02
1.854943780452599986e-02
1.621001128865983548e-02
1.482851479534011592e-02
1.536745186177507390e-02
1.806184212848780182e-02
2.202604661113419585e-02
2.575375612594723793e-02
2.791437297181089544e-02
2.778498676670181425e-02
2.541723396647881800e-02
2.114011256132803523e-02
1.487557773653714818e-02
6.257040162054808112e-03
-4.401668536682235185e-03
-1.571621923791858069e-02
-2.581040869466090168e-02
-3.266979549094528590e-02
-3.399803266836491644e-02
-2.841834478099288311e-02
-1.753293728776255875e-02
-5.988397812131071064e-03
1.582509839341516168e-03
3.406530759371239562e-03
3.598898687354962558e-04
-5.681751030695249803e-03
-1.242054457263965829e-02
-1.733966941011958612e-02
-1.882856973162562800e-02
-1.711940304269899890e-02
-1.341941492804559106e-02
-8.614303385101917607e-03
-3.262243748428620901e-03
1.923708786383433083e-03
6.470018412562747109e-03
1.058154908041087847e-02
1.456198216347004068e-02
1.824035673302826580e-02
2.136864076168602800e-02
2.380794693645623197e-02
2.484495450283217069e-02
2.302602346202281894e-02
1.760139247495823983e-02
9.707904507099112540e-03
1.456311816549893303e-03
-5.877453198400141299e-03
-1.229000761222858416e-02
-1.826292924087511566e-02
-2.409327523825891687e-02
-2.968845406238859730e-02
-3.434016107161229348e-02
-3.700578245577511999e-02
-3.733360018411305270e-02
-3.612294659332048602e-02
-3.433499742602641458e-02
-3.186898782694064930e-02
-2.780711667635559284e-02
-2.167255818759788316e-02
-1.395345390781051013e-02
-5.597657374010901049e-03
2.535807334133772465e-03
9.826830641578503805e-03
1.596333656238574719e-02
2.095186079653991659e-02
2.484347917552192503e-02
2.754539361151693566e-02
2.907840621959950633e-02
2.978494046847906043e-02
3.001818971622986082e-02
2.982934782051763559e-02
2.921679192130112110e-02
2.838042886911941454e-02
2.733471687161298860e-02
2.556609449208321894e-02
2.254565688980485552e-02
1.848260547737159629e-02
1.425326992379986717e-02
1.066515587908284379e-02
8.042968130933832518e-03
6.346651542879498328e-03
5.341186474396741012e-03
4.810629267084014053e-03
4.673527100142321755e-03
4.697929013853885047e-03
4.085992752107673112e-03
1.865403851082284795e-03
-1.987782251467665705e-03
-6.261569416897281269e-03
-9.574298865882716406e-03
-1.118563660086654976e-02
-1.056309273575962819e-02
-6.929523856613751219e-03
-2.289486686414144031e-04
7.782956445775068496e-03
1.429655602708265229e-02
1.744751583649898491e-02
1.707883154166707843e-02
1.377409836670320797e-02
7.999003377088330369e-03
4.568041197459322988e-04
-7.590603271064448251e-03
-1.473148251814486095e-02
-1.981748162768735833e-02
-2.190713522992790777e-02
-2.057624246334982532e-02
-1.678922479066466411e-02
-1.290145701596241354e-02
-1.113891298495087862e-02
-1.216668500236464320e-02
-1.523968851670727542e-02
-1.931705060404997551e-02
-2.351907784910894569e-02
-2.694419773258935683e-02
-2.880517560174088512e-02
-2.881314236921624430e-02
-2.713731807750130801e-02
-2.410714331497528298e-02
-2.017819915504390563e-02
-1.608313313997818822e-02
-1.255578782717043339e-02
-9.992731197616311692e-03
-8.296326089923361860e-03
-6.939069224311079226e-03
-5.186852484471307298e-03
-2.616050386538363789e-03
5.208392263200982333e-04
3.668770188768483934e-03
6.748014337633480297e-03
1.023642576272369188e-02
1.449874963495265123e-02
1.903924647152957159e-02
2.247484117891277236e-02
2.317267099666183924e-02
2.032366642783473010e-02
1.476758377742672101e-02
8.614790243114300167e-03
3.734791085902249182e-03
8.007412742756766025e-04
-2.289103101313478780e-04
7.529790279335870588e-04
3.645651809816840075e-03
7.552097228266877425e-03
1.117861404286975280e-02
1.374656875909390993e-02
1.513744833410682854e-02
1.549373987953262151e-02
1.512225246281123647e-02
1.451897637237620220e-02
1.388678386666023466e-02
1.286272967406830448e-02
1.094796137118499678e-02
8.246371507198237139e-03
5.413566032237690680e-03
2.983613432614479373e-03
9.805733461041904377e-04
-7.235595260398574279e-04
-1.776928472286488665e-03
-1.304900450026068824e-03
1.154697376569340482e-03
4.755997896785392996e-03
7.645677239556144048e-03
8.408495225321801353e-03
6.913442788932007074e-03
3.761656796221933378e-03
-4.934837073334107744e-04
-5.356411852238538579e-03
-1.022733774649254093e-02
-1.463952536689687098e-02
-1.840411806446620724e-02
-2.128602243231193097e-02
-2.310303554761795886e-02
-2.406155570108850505e-02
-2.445384523288443926e-02
-2.396359396768779279e-02
-2.198149172636459578e-02
-1.865787436182950176e-02
-1.491541157391394409e-02
-1.132945150706988861e-02
-7.790052770137379651e-03
-4.188262441254322899e-03
-7.304832371068688398e-04
2.679356681421265259e-03
6.490466449082836313e-03
1.065342702696634239e-02
1.423904776852904022e-02
1.605775751024185807e-02
1.530829123663397968e-02
1.193799451600252234e-02
6.943008348229450996e-03
2.194210048718087114e-03
-8.644326295865538369e-04
-2.264878226879144928e-03
-2.806662675022887111e-03
-2.572882309440398512e-03
-8.552265871705832601e-04
2.563868059574760452e-03
6.692910862595578998e-03
9.966514631313136419e-03
1.127806585685382085e-02
1.068198936369281656e-02
9.383878369948524950e-03
8.848496842331276743e-03
9.432490404821320534e-03
9.918964832103725066e-03
8.636920152768075287e-03
5.082591103455817716e-03
3.769741589882112946e-04
-3.626723360426309991e-03
-5.610787787072140861e-03
-5.452101581581465274e-03
-4.054110928933133198e-03
-2.566538402006315975e-03
-1.571444884514627957e-03
-8.721353134733781255e-04
5.105266884214386538e-05
1.465199188266849738e-03
3.247151150044745496e-03
5.104322674735825918e-03
6.718478284882241011e-03
7.734639476364323606e-03
7.842589175655442085e-03
7.077484432558897760e-03
5.975016593427088379e-03
5.163645585881048231e-03
4.758461693393513034e-03
4.257322512647205952e-03
3.083109506417855677e-03
1.158950745204796046e-03
-1.097724661829349363e-03
-3.293623960317674636e-03
-5.483039195277443836e-03
-7.965070848952541388e-03
-1.059892843612564306e-02
-1.250676270065076770e-02
-1.281869115385729160e-02
-1.172500151222148103e-02
-1.045692818251391445e-02
-1.012421236750594457e-02
-1.085640255831077372e-02
-1.208908278584540190e-02
-1.317135339409986408e-02
-1.359471331904969944e-02
-1.308259770311511958e-02
-1.179326490686682764e-02
-1.030879056729153836e-02
-9.300714169469636097e-03
-9.258416535484717547e-03
-1.029542410186065800e-02
-1.179289607503926363e-02
-1.257707680025736512e-02
-1.192051188737603719e-02
-1.028680819036878816e-02
-8.555511591788385675e-03
-6.793705224431977920e-03
-4.520196332787858665e-03
-1.995468706754077379e-03
-3.917805438738976255e-04
-4.653610181453922716e-04
-1.571946495800113702e-03
-2.150717399611866507e-03
-6.827313180559510487e-04
3.623743199259601457e-03
1.049028533299870523e-02
1.868265986064173226e-02
2.668158947136455017e-02
3.333266005144138594e-02
3.792579656644809449e-02
4.016047484328638673e-02
4.031789226729024650e-02
3.891810171532340823e-02
3.593203923937390853e-02
3.069787300806282870e-02
2.307943031065393114e-02
1.420405300472986701e-02
5.624729630154020298e-03
-1.769802641377972875e-03
-7.510773310306726597e-03
-1.082440270895141526e-02
-1.094942194522214619e-02
-8.111379058310205781e-03
-3.413509057548730439e-03
2.098372786644135072e-03
7.806989527659068638e-03
1.308560737082803405e-02
1.703870263882822922e-02
1.886663317623012148e-02
1.828328875775658835e-02
1.559243927658846181e-02
1.163839979910970442e-02
7.450756995325686673e-03
3.834169133520805642e-03
1.077803317159020408e-03
-9.876121327014014250e-04
-2.947556433151927134e-03
-5.727648463317180742e-03
-1.004933950651066936e-02
-1.567564773688666022e-02
-2.151484569813197356e-02
-2.656548121204774238e-02
-3.059120684353162575e-02
-3.359998936005900022e-02
-3.535975977572726470e-02
-3.575396723302652624e-02
-3.514568978300974117e-02
-3.384651655360206707e-02
-3.154131763133374150e-02
-2.778100338296413813e-02
-2.292378327942237379e-02
-1.798984615574751936e-02
-1.379774786348654352e-02
-1.055072949289971931e-02
-8.299852122194863527e-03
-7.142767666037535407e-03
-6.889055628493546100e-03
-6.996828288507434164e-03
-7.034183576003009454e-03
-6.769391830359028535e-03
-5.751371726466028740e-03
-3.329474413956791824e-03
5.156800067161479515e-04
4.982814717463493470e-03
9.307677714374023789e-03
1.343900727472573282e-02
1.746005611863612333e-02
2.063525555575989462e-02
2.157017047226641310e-02
1.948125453368099169e-02
1.508640200917212015e-02
1.023582087852648731e-02
6.464530194968611150e-03
4.026846880239681216e-03
2.132821679338512983e-03
1.651407624730271678e-05
-2.406863727217771649e-03
-4.796687424002135484e-03
-6.802793240663128002e-03
-8.022180769132386535e-03
-7.879177292949684705e-03
-5.903758284341929612e-03
-2.238101036198076373e-03
2.343734471612100162e-03
6.834483271287335182e-03
1.048565280524451672e-02
1.307830450064228697e-02
1.474979133006508632e-02
1.560734008242200578e-02
1.562371621556579888e-02
1.496852335708300473e-02
1.420608895641801463e-02
1.383219675618092143e-02
1.381642550723432943e-02
1.371117565692097154e-02
1.319799780532301091e-02
1.241117624421955896e-02
1.180995085874577549e-02
1.172190332486995265e-02
1.195208389181542583e-02
1.191191072915727227e-02
1.131208690462822547e-02
1.038755829238587926e-02
9.315880534219023526e-03
7.732382225579638620e-03
5.336583453188755398e-03
2.614457033043292213e-03
2.824750187846573370e-04
-1.705832449205457995e-03
-3.860444712916389319e-03
-6.039193331423038311e-03
-7.471190278572673558e-03
-7.950229056211408421e-03
-8.095120951351231220e-03
-8.262496834699289971e-03
-7.839889326677682360e-03
-6.069334268371481302e-03
-3.147537050056548914e-03
-2.113937489767290937e-04
1.632538188432151828e-03
2.085212867036689757e-03
1.667946043878193625e-03
1.164239793612048546e-03
9.834885928692478629e-04
8.394169797139257099e-04
6.528102048767358352e-05
-1.711571472442337261e-03
-4.222431021759753302e-03
-6.805345556909863682e-03
-8.795075240427061361e-03
-9.579226459098956481e-03
-8.711615974486120947e-03
-6.392106377308354528e-03
-3.684098839521999895e-03
-1.782077364599266977e-03
-1.047424852513626891e-03
-1.086777733187281646e-03
-1.564333806879214701e-03
-2.420953103030675131e-03
-3.504669532049184411e-03
-4.625254390550884685e-03
-5.902592775766830890e-03
-7.423094608258466037e-03
-8.730957515523520701e-03
-9.386445439468362947e-03
-9.787749221129935645e-03
-1.066245603010508233e-02
-1.191615967181079531e-02
-1.287571255439851937e-02
-1.339718174548009538e-02
-1.380997832688852893e-02
-1.401653890359687293e-02
-1.361547117430494253e-02
-1.276034195873683441e-02
-1.189566737547140089e-02
-1.089030557990035980e-02
-9.434039498497083856e-03
-8.091344113436987548e-03
-7.868023818484181503e-03
-8.756082339617107108e-03
-9.565741967483255837e-03
-9.238602889708036683e-03
-7.640189021962008088e-03
-5.218335969272078559e-03
-2.478225309214647509e-03
1.626740152102862857e-04
2.426249528074479224e-03
4.086922208313132146e-03
4.844148703572932931e-03
4.675474532191853730e-03
4.356538274261634314e-03
4.963369903514375757e-03
6.710378737948959234e-03
8.730795229519394338e-03
1.019324293235262385e-02
1.097920880361612922e-02
1.127268091217140285e-02
1.122876041814520852e-02
1.119447381145495871e-02
1.161271435063821952e-02
1.249789598351615412e-02
1.349822691295923804e-02
1.447942284718835293e-02
1.542218650498541205e-02
1.586626002537118441e-02
1.513169455759684826e-02
1.320429745293778302e-02
1.087878327360729432e-02
9.010591053908632853e-03
7.981948593381820237e-03
7.719310825610808079e-03
7.680568730443597565e-03
7.061359105057845795e-03
5.426873484576160908e-03
3.226304775150888506e-03
1.393597127918402758e-03
5.922878526282792213e-04
9.615549017477353910e-04
2.154390964614393087e-03
3.358494102149443047e-03
3.679953169780192206e-03
2.829397468873866370e-03
1.264081094006024118e-03
-5.985712716426413223e-04
-2.822596209973605910e-03
-5.348754903498332408e-03
-7.385621294578073072e-03
-7.880903425902679310e-03
-6.484432360383906788e-03
-3.834242899886318098e-03
-1.059243699596053474e-03
8.555349305784257577e-04
1.507135367060754997e-03
1.148201510422302033e-03
4.055409216966154840e-04
-6.522997416273887427e-05
3.643365052485949586e-04
2.199521227034993524e-03
5.288473029601446426e-03
8.468629566487660687e-03
1.026252430284204341e-02
1.001129081517927732e-02
8.044369691878572662e-03
4.905345280402174761e-03
9.763775152338344991e-04
-3.195499940912832973e-03
-6.903646615591936195e-03
-9.898516795583636729e-03
-1.248240504675851049e-02
-1.471600633466031878e-02
-1.591656868665076649e-02
-1.532938841717058041e-02
-1.297193340157313732e-02
-9.450327112002263052e-03
-5.229843522292042593e-03
-6.654994950722109342e-04
3.324886146021909395e-03
5.394873635216800717e-03
5.015183398650416811e-03
3.114829043588268360e-03
1.035390607643903692e-03
-7.945109670444835612e-04
-2.662759249180933485e-03
-4.516552274331537588e-03
-5.997721880731861702e-03
-7.339723861956142133e-03
-9.244563212041454620e-03
-1.163387054426722952e-02
-1.337868114100953902e-02
-1.359640994545648768e-02
-1.243888289110608482e-02
-1.034428694237619559e-02
-7.365320790789008781e-03
-3.725939122040738787e-03
-2.687470981627649788e-04
2.398528127914849317e-03
4.670886264256970434e-03
7.106371341293626388e-03
9.306866284353385033e-03
1.034647042679536812e-02
1.000291095605704804e-02
8.784733195982196916e-03
6.901359858261045706e-03
4.079368532484643067e-03
4.066621704524067639e-04
-3.321964997947610566e-03
-6.380613577561492812e-03
-8.726029922307278891e-03
-1.058854213186147079e-02
-1.185139280289074573e-02
-1.216762921184320369e-02
-1.133411354137028350e-02
-9.290018046470310820e-03
-5.942780691698087633e-03
-1.496911348800710828e-03
3.193596768682607952e-03
7.038284985925508455e-03
9.490160949379060698e-03
1.070923865911316449e-02
1.112233030598364959e-02
1.115806273343794564e-02
1.123694848471710681e-02
1.141022567730617249e-02
1.114693876551864880e-02
9.820265435047884767e-03
7.471809916042978714e-03
4.734753183517768221e-03
2.199137641934328057e-03
2.583165340792852710e-04
-6.718817610163598875e-04
-4.092130113718320380e-04
6.193969919541546980e-04
1.777518603210589401e-03
3.023565296176096429e-03
4.635802980819184183e-03
6.318369518341971670e-03
7.337289571894225863e-03
7.572678044244889224e-03
7.724887562843559680e-03
8.390363452678807274e-03
9.513131795599679211e-03
1.074141554774975596e-02
1.161153408879001848e-02
1.152217351360807288e-02
1.005113940582917642e-02
7.454415807055110935e-03
4.389054488179582568e-03
1.227758535627626471e-03
-1.869667547008912111e-03
-4.386649704663872669e-03
-5.626101684552554071e-03
-5.493543525726436380e-03
-4.699020756063471312e-03
-4.027643556987216787e-03
-3.789688015116716296e-03
-3.889125075827682462e-03
-4.151748090325591868e-03
-4.647841651670838597e-03
-5.774077013770802062e-03
-7.728605387665394080e-03
-9.827110953767452181e-03
-1.074238926377452108e-02
-9.825207781537228027e-03
-7.608041639871622984e-03
-4.923963911057552267e-03
-2.155202394635031844e-03
3.545196773261799776e-04
1.920743378489827300e-03
2.218862768072393712e-03
1.837343125641296808e-03
1.514925095258884196e-03
1.325177348578168582e-03
1.089002526771141186e-03
1.174193826974316958e-03
2.022083611431018269e-03
3.162585388621116499e-03
3.474720387651074587e-03
2.366882357109949524e-03
1.556057220668702291e-04
-2.575375612594723619e-03
-5.424793273068706338e-03
-7.967210073552406097e-03
-9.863728577607899436e-03
-1.123413060955452507e-02
-1.258380429279211399e-02
-1.412538855254724668e-02
-1.550082145062183121e-02
-1.633246345541072841e-02
-1.669568903919470271e-02
-1.679040505251286342e-02
-1.643750675990065038e-02
-1.522891862734243769e-02
-1.312963113776594373e-02
-1.052522108370546744e-02
-7.784859618005291783e-03
-5.001418594845767791e-03
-2.177951941759113420e-03
5.574627514697871097e-04
2.899549282476336122e-03
4.446828305649040691e-03
5.031500518701800644e-03
5.043627709192069833e-03
5.089348102536770356e-03
5.270916634609451416e-03
5.219044126381000223e-03
4.994410790122072279e-03
5.150382393361884956e-03
5.546168450883115324e-03
4.985691605718484479e-03
2.846924357319656745e-03
2.811929593520485810e-04
-1.178037054617522795e-03
-1.577095388112892014e-03
-1.912230739909674768e-03
-2.232966897158400379e-03
-1.746226910960150223e-03
-4.599288629890454778e-04
7.032000091583836491e-04
1.420229736523066777e-03
2.362662921002629379e-03
4.032689176388278007e-03
6.270332861120176890e-03
8.895043418969718341e-03
1.189703942986993467e-02
1.490390402089398006e-02
1.719110394997723501e-02
1.831899167866467976e-02
1.832917143710541957e-02
1.746153144594637593e-02
1.610290252593556126e-02
1.475710895352393484e-02
1.360951085197152459e-02
1.246030464365094174e-02
1.123759762873361746e-02
1.015877928638514276e-02
9.145539242977358124e-03
7.695720341919883543e-03
5.660668603431752259e-03
3.631990278923908581e-03
2.297291167885375657e-03
1.926792220461859143e-03
2.544541271810462583e-03
3.928221249549353374e-03
5.233590853660082497e-03
5.413211953683229848e-03
4.265658111950128284e-03
2.555178381717377722e-03
1.017421121005037711e-03
-2.501446961078009545e-04
-1.362563617947257612e-03
-2.263948770673686762e-03
-2.925441276771253898e-03
-3.492630861197530863e-03
-4.122153024481943311e-03
-4.785312650440094913e-03
-5.259748406870845029e-03
-5.307209686441643343e-03
-5.092446289888299601e-03
-5.285463361888532823e-03
-6.314754966431856097e-03
-7.651091690784769285e-03
-8.469352476869683802e-03
-8.780735058971414139e-03
-9.277581037244887752e-03
-1.008945365607641365e-02
-1.060232168893922300e-02
-1.041641569457440152e-02
-9.595705865154468411e-03
-7.993028301481812717e-03
-5.402161752129444605e-03
-2.400313273960253627e-03
-1.196409305612087506e-04
1.100884812927908690e-03
1.750520113432982826e-03
1.974828877683655441e-03
1.346807122273769230e-03
-4.556872969720716655e-05
-1.294047942331857069e-03
-1.794189801816433848e-03
-1.868974143173094066e-03
-1.958142925804708459e-03
-2.040923541182933145e-03
-1.975005916960885857e-03
-1.925066087508864755e-03
-2.003081395674976162e-03
-2.052298314744973717e-03
-2.000809391617188425e-03
-1.992488545587368411e-03
-2.056104659205422892e-03
-2.062168254450557920e-03
-2.020254205566306138e-03
-2.069485877909406444e-03
-2.075549473154540605e-03
-1.966478525107630791e-03
-2.249165991024963934e-03
-3.646374720198863623e-03
-6.134160150383942758e-03
-8.919356813042667725e-03
-1.138318292770925701e-02
-1.334809760586802042e-02
-1.437278618920335808e-02
-1.372327334086503522e-02
-1.130361852586738228e-02
-8.169138122506559851e-03
-5.491905912412057417e-03
-3.550286652482168275e-03
-2.077142826649612615e-03
-1.080538573992227041e-03
-7.922610928963497341e-04
-1.169211646647596876e-03
-1.987472432732512694e-03
-3.200707846318021424e-03
-4.599421409348377482e-03
-5.547215933273394635e-03
-5.476385469108209156e-03
-4.530892455787183942e-03
-3.249511673741148441e-03
-1.769891161016587866e-03
1.367579730802113438e-04
2.383981400635767044e-03
4.511344368926348269e-03
6.245326063211409026e-03
7.661153423040684488e-03
8.610039689175289640e-03
8.804237023023723033e-03
8.561870252495570530e-03
8.781694021723077809e-03
9.839400430261850336e-03
1.108264400133787686e-02
1.178861762583953421e-02
1.205491420533997063e-02
1.225725534594099622e-02
1.233330846878447074e-02
1.211674517291262167e-02
1.205535680353304537e-02
1.277750001535506164e-02
1.406730491634263468e-02
1.496055658960764728e-02
1.478410744330153903e-02
1.356361341934959192e-02
1.150351062313338842e-02
8.653561844827715316e-03
5.341466786585688520e-03
2.165337893256460804e-03
-5.359052688123889466e-04
-2.850111064309800331e-03
-4.750170353909898523e-03
-5.849067900950897549e-03
-5.999698819327600047e-03
-5.772926258468806526e-03
-5.825979028545457891e-03
-6.037275405919710972e-03
-5.624906669431250714e-03
-4.185960930650330092e-03
-2.060958486056151378e-03
3.422862632695726688e-04
3.033405729335475129e-03
5.943606874991828708e-03
8.378973925843663517e-03
9.479140254371480959e-03
9.112978769240102916e-03
7.900953124049000728e-03
6.561001847785972833e-03
5.497718702014449572e-03
4.994086218113816950e-03
5.216477056861162226e-03
5.843461657171940445e-03
6.083482657276794922e-03
5.365676907746919078e-03
3.875566817846469361e-03
2.278303705402435868e-03
1.008871599242128735e-03
1.231988299026118099e-04
-3.962493102966500760e-04
-4.743708420290995492e-04
-2.550191775408726749e-04
-2.835225011749361061e-04
-1.044339943107890642e-03
-2.318491621333692611e-03
-3.399109863000673078e-03
-3.908894461785055070e-03
-4.042868934829015222e-03
-4.037749549062441545e-03
-4.010190434906938869e-03
-4.308826189048093995e-03
-5.303034510153631018e-03
-6.602679844300582759e-03
-7.261074163046622384e-03
-7.166328643182256174e-03
-7.391360317814951904e-03
-8.585460736186495065e-03
-9.945815789150306077e-03
-1.058659469981193882e-02
-1.107225769707370459e-02
-1.239583284019294025e-02
-1.410317012325485418e-02
-1.472797123914646247e-02
-1.385603804551458797e-02
-1.252520429202891479e-02
-1.164844677809251730e-02
-1.118576938032447322e-02
-1.102059173466869019e-02
-1.150458761206987236e-02
-1.267459593546500438e-02
-1.370866760049354281e-02
-1.367780375316307584e-02
-1.243643384777106883e-02
-1.056343206104098757e-02
-8.799088130710945588e-03
-7.722379506416131821e-03
-7.448352211809976774e-03
-7.427018978903736357e-03
-6.857159052045903869e-03
-5.459050373212751515e-03
-3.515586954145047925e-03
-1.193187190766497718e-03
1.589827462800364475e-03
4.489524278007726160e-03
6.535434425499309953e-03
6.977442487650726589e-03
5.924383360139248364e-03
3.958244160312976087e-03
1.592365025773997619e-03
-5.640913970747481535e-04
-1.751479076184646278e-03
-1.682064926237302610e-03
-8.961890499397223145e-04
2.396093837852933766e-05
1.287968118486309752e-03
3.463389873908341403e-03
6.470446257482720398e-03
9.547801987390594491e-03
1.205115212069883014e-02
1.379175803460692094e-02
1.468493594150641762e-02
1.461224656493031668e-02
1.371287228332776151e-02
1.245847523778623005e-02
1.136884274625361152e-02
1.081484258798098494e-02
1.105077693143644013e-02
1.208147009692450181e-02
1.344164811061108154e-02
1.441642637104060404e-02
1.465090014045891155e-02
1.446157138673430723e-02
1.440195341012703682e-02
1.459482294939624253e-02
1.471554898319414086e-02
1.463658946554946896e-02
1.466791066434611560e-02
1.491998508857572507e-02
1.478661549972896776e-02
1.360273909961746963e-02
1.155535362481563411e-02
9.391269759772887665e-03
7.374217014469826997e-03
5.186159080635488819e-03
2.711784375700598305e-03
2.310908438958998951e-04
-2.136155919059681916e-03
-4.384997338076390520e-03
-6.072668508092649367e-03
-6.656927629498539216e-03
-6.526449682179876095e-03
-6.856465648210085390e-03
-8.113990387649351599e-03
-9.397082549375278954e-03
-9.602448110962318734e-03
-8.704460637031398787e-03
-7.560255788292569341e-03
-6.868563332154149943e-03
-6.686994800081468883e-03
-6.630165192090573846e-03
-6.295133113205507967e-03
-5.558752992839562437e-03
-4.616107361227324464e-03
-3.726248940775891798e-03
-3.077886847739564908e-03
-2.939633925495875773e-03
-3.589722151485196834e-03
-4.866676951600477571e-03
-6.068522838350842545e-03
-6.640359703804412511e-03
-6.713314639296359514e-03
-6.714347368413536507e-03
-6.769804922005899506e-03
-6.772504770983659231e-03
-6.727241729105136632e-03
-6.710821336142034840e-03
-6.715217811526584535e-03
-6.743647368795135238e-03
-6.808871589181364481e-03
-6.731829997040019060e-03
-6.159137441746503384e-03
-4.999618695527260730e-03
-3.611438969492102285e-03
-2.487151039441670361e-03
-1.984934869758879766e-03
-2.367029889840974437e-03
-3.716600300166844964e-03
-5.675451383080474220e-03
-7.557614952407218888e-03
-8.940911345045444644e-03
-9.881299725872998499e-03
-1.046834721589526285e-02
-1.055813563599718348e-02
-1.007872802653088373e-02
-9.245920513166886942e-03
-8.154148797034401971e-03
-6.437177626636544393e-03
-3.732046977105181202e-03
-2.817048979287059161e-04
3.187695459441601022e-03
6.182211560878841591e-03
8.704903235224475261e-03
1.086463488470197983e-02
1.248380660770325237e-02
1.321232323350555495e-02
1.290456995658704337e-02
1.185319270220925106e-02
1.064188996740017372e-02
9.806353098512210834e-03
9.496829428821398564e-03
9.508705813668924881e-03
9.576511856848093571e-03
9.460418350804385493e-03
8.861376449749774550e-03
7.480307801350028277e-03
5.320517138780113571e-03
2.720931405024159394e-03
6.536083569515820015e-05
-2.312029687714790230e-03
-4.045022912701983116e-03
-4.841021009675199917e-03
-4.730356708133217659e-03
-3.927321299890099843e-03
-2.535866347226182604e-03
-6.838820733579474521e-04
1.193650443541916829e-03
2.671434173765213898e-03
3.797389223676229855e-03
4.853000667434443326e-03
5.643126961712858700e-03
5.729640155186020538e-03
5.251693119756871073e-03
4.850477857733913149e-03
4.705128611127913293e-03
4.297495675305360377e-03
3.274238159460967062e-03
1.932752542795276212e-03
5.720891464236228102e-04
-9.197293725020989257e-04
-2.648183015355646576e-03
-4.195993156360041526e-03
-5.006596993704751607e-03
-5.075273479996969192e-03
-5.019196288934301038e-03
-5.490828923475573470e-03
-6.650023097686561663e-03
-8.039471605208535487e-03
-8.928430076000715490e-03
-8.827576701071907297e-03
-7.896807454307193039e-03
-6.740519674897402225e-03
-5.782530639258545539e-03
-4.888482289245998230e-03
-3.665022857400445332e-03
-2.009764628390416346e-03
-2.745643137470875914e-04
1.142483141767766273e-03
2.170944137035417474e-03
3.033154923692732690e-03
3.858585800505471685e-03
4.580168387949591635e-03
5.111433752371238523e-03
5.426814471483751637e-03
5.446436324710098899e-03
5.027930226610991156e-03
4.097780617316583787e-03
2.668719571514350554e-03
7.632089475028725227e-04
-1.380572938423500415e-03
-3.226880152801887142e-03
-4.286430720478472817e-03
-4.541632838605816173e-03
-4.278714758645856507e-03
-3.620777791365995674e-03
-2.555045602259455127e-03
-1.268623626794289187e-03
-9.247336827384727018e-05
8.054667476504129503e-04
1.402832676880578621e-03
1.562091309367632250e-03
1.177713957936577438e-03
4.975452834185337125e-04
-3.228606285754881232e-05
-2.406612921575028668e-04
-2.906911165754492033e-04
-3.342899892480082546e-04
-3.554565101681897909e-04
-3.541980559725450796e-04
-3.912730312791710182e-04
-4.219214808223403996e-04
-2.398469114822438962e-04
3.196296617660368653e-04
1.198985227095787122e-03
2.075165888053875571e-03
2.502051845275213033e-03
2.233394742078373234e-03
1.565027210715032964e-03
1.182902684086733006e-03
1.498003091010297093e-03
2.220913473033643646e-03
2.782364034223041346e-03
2.990458951334047221e-03
3.051478488886059069e-03
3.104531258962710868e-03
3.084083222442621664e-03
2.996507793306079932e-03
2.984115043899964684e-03
3.059710815277263442e-03
3.042611771751445923e-03
2.896008496931732137e-03
2.875752252961975668e-03
3.228104674469395568e-03
3.829964450686588247e-03
4.331103631432894896e-03
4.565238075569843894e-03
4.652297140147799298e-03
4.677023625867617919e-03
4.495499353614244679e-03
3.978190585547578678e-03
3.309026377436703054e-03
2.747000438596307152e-03
2.210600935134983836e-03
1.418370824112149577e-03
4.854505501290900778e-04
-4.610515870721470139e-05
1.579426405263089945e-04
8.625102781012960410e-04
1.611883606088627789e-03
1.942327417038809722e-03
1.369342746937864163e-03
-2.926075667514661913e-04
-2.443820676339577419e-03
-4.190519692039007885e-03
-5.451039345918083645e-03
-6.895458549020038776e-03
-8.587703233698076866e-03
-9.579595290926520498e-03
-9.194667642408740904e-03
-8.010186358100038206e-03
-6.988802507939665710e-03
-6.324020021940237463e-03
-5.620820012781853163e-03
-4.709702125789693404e-03
-3.805016665870231390e-03
-3.183328490603255963e-03
-2.945431961825164310e-03
-2.907398023766875027e-03
-2.626303911344613461e-03
-1.951843278189933526e-03
-1.339731452493801798e-03
-1.296876144785609692e-03
-1.700167192334091403e-03
-2.122641920897776202e-03
-2.554706276978097046e-03
-3.205856738630799736e-03
-3.821835397207100967e-03
-3.900544109209030854e-03
-3.432363740573747633e-03
-2.970556785918752017e-03
-2.831787499116473952e-03
-2.849727479209134863e-03
-2.819704568445512583e-03
-2.768879542607340268e-03
-2.738871385116820305e-03
-2.664087043760160305e-03
-2.552537545832026834e-03
-2.546518210406200061e-03
-2.692428081390095800e-03
-3.001450139795422759e-03
-3.590327035682399671e-03
-4.598152627861560801e-03
-5.781911001788239517e-03
-6.441205270193531805e-03
-6.102706172129375266e-03
-5.082959935283380866e-03
-4.074485199087709078e-03
-3.277041281350445180e-03
-2.302174501282308779e-03
-1.013856730223469411e-03
2.999812526481043145e-04
1.493931187634002077e-03
2.758168666334913106e-03
4.147174575663812625e-03
5.472151279727786692e-03
6.814758145149269093e-03
8.424340240633904076e-03
9.997171932820169207e-03
1.092555114934227328e-02
1.126875654152613253e-02
1.186126274259632907e-02
1.304373758176309052e-02
1.419587969143107191e-02
1.480756514753454357e-02
1.512977663209352092e-02
1.538795891138757324e-02
1.520959183957813939e-02
1.430521619839382821e-02
1.309863451097755503e-02
1.203747583653279676e-02
1.102273095926855490e-02
9.803240157887579270e-03
8.507002829827308918e-03
7.378598736581274374e-03
6.370138753658705771e-03
5.328041308062398014e-03
4.257160226643078721e-03
3.181381058553723988e-03
2.006504155034760303e-03
5.469156365287974756e-04
-1.293224709692736589e-03
-3.518832674227601650e-03
-5.934710651311010492e-03
-8.046877748305999653e-03
-9.340297201203690003e-03
-9.771889452544729737e-03
-9.843708386007784389e-03
-1.002911276908711839e-02
-1.014898311304507188e-02
-9.653258383527388298e-03
-8.420386363442429120e-03
-7.155603013636725393e-03
-6.618377326881661436e-03
-6.645641375575113419e-03
-6.393124353152427469e-03
-5.563385520593753554e-03
-4.789650112732234469e-03
-4.673158268314757738e-03
-5.057200720446385252e-03
-5.713131242584303972e-03
-6.887181962809525715e-03
-8.684897796897461664e-03
-1.038351589555578866e-02
-1.112116479740855000e-02
-1.094738599353400031e-02
-1.053535658232689597e-02
-1.012658764447544983e-02
-9.426839901223055609e-03
-8.277781225633497678e-03
-6.922412778978337747e-03
-5.491994432050672191e-03
-3.903258711459894198e-03
-2.149905969591228184e-03
-2.893869272331866995e-04
1.745341714573999010e-03
3.925624673483310741e-03
5.841986329861690447e-03
7.081939921035856726e-03
7.813348188366254360e-03
8.509584652620248366e-03
9.376841058678624802e-03
1.027130250033804308e-02
1.104257411159144039e-02
1.163960956750411009e-02
1.195990312655976009e-02
1.189473791926594186e-02
1.141547784253066702e-02
1.052359822366418993e-02
9.276754853951147545e-03
7.777173162718881844e-03
6.000982354087518178e-03
3.770612032995161299e-03
1.261997931843948520e-03
-7.653658760304606849e-04
-1.815685320726801496e-03
-2.456685530484972475e-03
-3.539015151831844796e-03
-4.934807566787902458e-03
-5.847695846552363776e-03
-6.157765387347969611e-03
-6.387872187927931197e-03
-6.510825965964310742e-03
-5.931833763056020351e-03
-4.671638681185199052e-03
-3.550581717944218101e-03
-3.032343493672093934e-03
-2.800348274135010078e-03
-2.600352903957285546e-03
-2.629003760322374053e-03
-2.961483522960703385e-03
-3.405896368627831221e-03
-4.010205188180042055e-03
-4.959917637608386547e-03
-5.850484215168740010e-03
-5.850366188983918865e-03
-4.745316527059170036e-03
-3.085366757202541096e-03
-1.260674563246652700e-03
7.814690736218583064e-04
2.794889563087078321e-03
4.067934745830191490e-03
4.348010882408380115e-03
4.297053077112284770e-03
4.586763101026417044e-03
5.077943822428524281e-03
5.190171970919373913e-03
4.658021410111575812e-03
3.647761527870499714e-03
2.471217504490951997e-03
1.497767038640656538e-03
9.944679787121412425e-04
8.813561091624515622e-04
8.466387068976078669e-04
7.879516618231044087e-04
8.908041052573034474e-04
1.262322503852203849e-03
1.750623386344700135e-03
2.163788799580696615e-03
2.306762769217191641e-03
1.894895644014216911e-03
7.539099594663560642e-04
-7.676452567247995813e-04
-2.001311002902673736e-03
-2.656120276284800689e-03
-2.946272898392008135e-03
-3.047716404244917281e-03
-2.944443492527296004e-03
-2.860320329296742615e-03
-3.291042137524734321e-03
-4.292553328816017116e-03
-5.366001479755174407e-03
-6.116397209568510962e-03
-6.537367104275739610e-03
-6.499333166217449026e-03
-5.605801180763490647e-03
-3.815122657945455714e-03
-1.624659940595407854e-03
6.266526516659727064e-04
3.004297521504208698e-03
5.458814320843110961e-03
7.564740783315734678e-03
9.133456312306397623e-03
1.039518573457988079e-02
1.131643912019346908e-02
1.143176545603584622e-02
1.060205613002337781e-02
9.337494079314211451e-03
8.074554888646322606e-03
6.669379391997064602e-03
4.968371263096129156e-03
3.205089568429469234e-03
1.705670163201330114e-03
5.884844588224502062e-04
-1.992813117595624119e-04
-8.446440643741474777e-04
-1.629115429072368120e-03
-2.536633517427513539e-03
-3.127531611729535751e-03
-3.214649689399899993e-03
-3.201032418326276753e-03
-3.438383075999574406e-03
-3.541360922255145424e-03
-2.964729243043257544e-03
-1.852347204386557006e-03
-7.559296825540906322e-04
5.751386479739130733e-05
4.424418083806316545e-04
7.266577133913860770e-05
-1.085405678788747439e-03
-2.344206576351380838e-03
-3.081663685653809447e-03
-3.403344052381095976e-03
-3.544296823602546137e-03
-3.195913032559702643e-03
-2.137498466912010620e-03
-9.399369306706169009e-04
-2.588314233105631457e-04
7.530985294457174975e-05
5.054132039641061509e-04
8.523969093895203408e-04
6.813164791654197517e-04
2.384010907181972330e-04
1.281270132497766708e-04
3.025040623486348161e-04
1.427103286461529560e-04
-5.831363973227877842e-04
-1.550406717070438450e-03
-2.532074756038835313e-03
-3.608060469951625965e-03
-4.688840997622734097e-03
-5.560125047238097078e-03
-6.244367100459746224e-03
-6.861393241426326332e-03
-7.201736498628296887e-03
-7.041604472373575070e-03
-6.732744699972375776e-03
-6.831650642851651994e-03
-7.149598431484000503e-03
-6.931899133583256482e-03
-5.946646049250946947e-03
-4.806291804791874497e-03
-3.870580211537818713e-03
-2.615106177059802871e-03
-4.545365416700753434e-04
2.302454813471256721e-03
4.768449659283917515e-03
6.388521331944441856e-03
7.173926578830052206e-03
7.374010468646391946e-03
7.347011978868784286e-03
7.385562281485662066e-03
7.441698485640741226e-03
7.155603013636725393e-03
6.343420576070047355e-03
5.286540350825016769e-03
4.399160480254807326e-03
3.852330412710004356e-03
3.642863441200464274e-03
3.678049997549968052e-03
3.740382576408103101e-03
3.535651405564471227e-03
3.001494399614730579e-03
2.390531853893285066e-03
1.968234164606830032e-03
1.819329379183123440e-03
1.979004053971667766e-03
2.466437444005736401e-03
3.102569073640076142e-03
3.524394658187250066e-03
3.605581920070402742e-03
3.584381466622085354e-03
3.625513592031903883e-03
3.431552310553109310e-03
2.588299479832528813e-03
1.177362830036737633e-03
-2.352512669108097938e-04
-1.208164713620173223e-03
-1.717413768590934052e-03
-1.892505613771608896e-03
-1.810197103132664886e-03
-1.699149216490017595e-03
-1.914355211236437159e-03
-2.502184624733135628e-03
-3.056509355014017104e-03
-3.233519125698019504e-03
-3.097154622411452639e-03
-2.792956884310648664e-03
-2.237761710916718293e-03
-1.434766136510977081e-03
-7.245465200104158699e-04
-3.709799041266584828e-04
-1.565853394008774038e-04
2.880089715254115766e-04
9.836125203633091108e-04
1.661557876624803485e-03
2.102813521847993021e-03
2.212990965377591851e-03
2.043239805060028270e-03
1.887858332744316112e-03
2.119366694269017408e-03
2.750600237233321709e-03
3.373778493083651187e-03
3.601937861614081231e-03
3.340731161334012985e-03
2.620550134834631877e-03
1.454150462040374467e-03
-1.450116917174146410e-05
-1.454455854793596913e-03
-2.544246206348412323e-03
-3.179979497608984278e-03
-3.439976429494646416e-03
-3.496968323489670852e-03
-3.499609159375021306e-03
-3.502294255079679147e-03
-3.485859108843475471e-03
-3.466281515436434729e-03
-3.486700045410318430e-03
-3.539177437835972894e-03
-3.500538615580479906e-03
-3.177309155177429189e-03
-2.457555973598020936e-03
-1.645093223842394089e-03
-1.365154292704059708e-03
-1.854397909347806940e-03
-2.588328986378734316e-03
-3.064859707590042188e-03
-3.557412483390684065e-03
-4.472159675566062149e-03
-5.316578014861741801e-03
-5.353475950891137432e-03
-4.873920808693813639e-03
-4.877299308234289525e-03
-5.609873084139785880e-03
-6.388845903952698052e-03
-6.782477983600960526e-03
-7.011434028878926576e-03
-7.294770638812771678e-03
-7.587682122990148555e-03
-7.834268329625623806e-03
-7.879383838773120624e-03
-7.339251757216860156e-03
-6.212263978188668073e-03
-5.082104245443435156e-03
-4.214169188822343426e-03
-3.138375267459885508e-03
-1.691566034115323663e-03
-5.582004151249130844e-04
-9.639773891911688521e-05
4.117417223816034560e-04
1.540359738087624048e-03
2.800082715219164454e-03
3.525766712585784272e-03
3.802095517795932994e-03
3.939345217468651073e-03
3.966255187607643090e-03
4.132332782922679658e-03
4.920423125512947415e-03
6.127521177487809528e-03
6.960461470309728914e-03
7.300967013515828434e-03
7.940462389417542177e-03
9.138015073695073681e-03
1.004942802614928500e-02
9.990237894461986151e-03
9.417796144811212480e-03
9.197160945563066445e-03
9.590601232660997053e-03
1.022875406071038253e-02
1.069584268713607948e-02
1.078397874065051797e-02
1.055716191997241836e-02
1.014010164263735685e-02
9.505622379590497953e-03
8.687258320593863742e-03
8.049666116922375020e-03
7.829473515867303723e-03
7.577354831818386427e-03
6.685622745682935110e-03
5.384620110410551913e-03
4.307513147741969493e-03
3.320032319171180475e-03
1.718535017346725386e-03
-3.849896122648089171e-04
-1.981600630037710833e-03
-2.642680044488407865e-03
-3.148628792266134745e-03
-4.276501767680478475e-03
-5.717793276884698857e-03
-6.608920478822948204e-03
-6.732479141056529719e-03
-6.644874205373782483e-03
-6.846698981416218278e-03
-7.094790021908149898e-03
-6.711190167969597990e-03
-5.569596648569913495e-03
-4.496694368735548904e-03
-4.391164206233243508e-03
-5.166655253593960967e-03
-5.991673038759829859e-03
-6.424873396869044788e-03
-6.664540318419438433e-03
-6.848159555453367693e-03
-6.737524760457590939e-03
-6.142333463682736125e-03
-5.200086170444265070e-03
-4.137835753789918802e-03
-3.097936545885885892e-03
-2.195493583478006546e-03
-1.430520144512072676e-03
-6.398966649301024478e-04
2.610931000771790221e-04
1.125367869641536031e-03
1.850562058341152479e-03
2.577411564282871236e-03
3.355469681163427125e-03
3.831366011631327523e-03
3.602129654164413965e-03
2.704511012061057602e-03
1.536700926358199786e-03
3.913113897892375433e-04
-6.532941122344983979e-04
-1.561958529909709438e-03
-2.272299123249711412e-03
-2.755572090268869605e-03
-3.008516957611528410e-03
-3.053543947120411321e-03
-2.994604621075854910e-03
-2.988408246372797287e-03
-3.070126626087640778e-03
-3.105431208621964832e-03
-2.920056332088835031e-03
-2.488390314382281972e-03
-1.923989098572381025e-03
-1.311579256759578226e-03
-6.320051391475660189e-04
7.959022006980508677e-05
5.897178324538207388e-04
7.065017916787270274e-04
5.994166341914156050e-04
6.234792226216212497e-04
7.882614805582572031e-04
7.595766916650328448e-04
4.702561541608074971e-04
3.664240933926011753e-04
8.062737516891204910e-04
1.508389395274469143e-03
1.860313971861916405e-03
1.583822880647640019e-03
8.771706055832674846e-04
1.561279879346993710e-04
-2.323227421999601036e-04
-1.666367443656224258e-04
1.772709036179168627e-04
5.563621572963393892e-04
1.002591130882387336e-03
1.733465329726472694e-03
2.704156933506597204e-03
3.562915454257922776e-03
4.061885903858159647e-03
4.281001515976746129e-03
4.344986461422364193e-03
4.295400710524803489e-03
4.250609773385561133e-03
4.336931174308389370e-03
4.407230520641884468e-03
4.144887818332922136e-03
3.529145212126260592e-03
2.878201296296993388e-03
2.385515741038428915e-03
2.052711406391843820e-03
2.020490257935946259e-03
2.512733215001435559e-03
3.355145109155171796e-03
4.032807202573098285e-03
4.395442655432972925e-03
4.753224281442119080e-03
5.091797145871788943e-03
4.885030023340009020e-03
3.960265358728020518e-03
2.909124156719869632e-03
2.120192877562758049e-03
1.187284406198180599e-03
-1.789822832978088789e-04
-1.358246810237461128e-03
-1.715628622545529308e-03
-1.658902287466350496e-03
-1.990777165907476557e-03
-2.668129440590250034e-03
-3.086473252685230113e-03
-3.132267412395443960e-03
-3.192519779746124005e-03
-3.335965854121899273e-03
-3.279578844324078542e-03
-3.088922296020247399e-03
-3.259706185454987973e-03
-4.172505945580834083e-03
-5.782545392531647857e-03
-7.678872104036809330e-03
-9.285813363636092124e-03
-1.017648321410816355e-02
-1.039077450592222618e-02
-1.013501176341698694e-02
-9.378788490728156776e-03
-8.213294668902394735e-03
-7.286066207682286196e-03
-7.104025570870325761e-03
-7.174723255577588645e-03
-6.644225061357271825e-03
-5.554135218358474506e-03
-4.552004389596886989e-03
-3.793022254837885229e-03
-2.986091982495702596e-03
-2.241597561923372971e-03
-1.844114877995352416e-03
-1.533071621174980593e-03
-9.358119155111530420e-04
-3.722073764487878822e-04
-2.211854963348697874e-04
6.507270427146604379e-06
9.905362314303204144e-04
2.342273897574950747e-03
3.238269679637030465e-03
3.833549496050500053e-03
4.892568945895395781e-03
6.282504311429753033e-03
7.107979448061799849e-03
7.156237404380133733e-03
7.110148179207870060e-03
7.289444707222762082e-03
7.350375725136158722e-03
7.155425974359494977e-03
7.075581260328672739e-03
7.253122148844365520e-03
7.361883278156121889e-03
7.267536096665525198e-03
7.287644807904255888e-03
7.437302010256189796e-03
7.514225576212714940e-03
7.365069985146265909e-03
7.052389115011515122e-03
6.442370778768630527e-03
5.387246193022799182e-03
4.315996279775917606e-03
3.918203777112744257e-03
4.079457052123257842e-03
3.877381470438078740e-03
2.832333370221267084e-03
1.478632043426691620e-03
4.778083546619861163e-04
-9.303591057724626076e-05
-3.510231516008833802e-04
-2.782791879143013984e-04
-1.043515235141460055e-04
-3.347104575314300049e-04
-1.100076333561890744e-03
-2.059453652199694576e-03
-3.102406787635948477e-03
-4.450133038824004121e-03
-5.941172584929913306e-03
-6.954722447072850949e-03
-7.284487607460316504e-03
-7.357855634599135344e-03
-7.441005081804922747e-03
-7.310379601755233846e-03
-6.841210763822082319e-03
-6.260580947599412097e-03
-5.687844132486588600e-03
-5.016112854855874978e-03
-4.300800408480324674e-03
-3.786973412865852952e-03
-3.550345665574577980e-03
-3.446733428575599056e-03
-3.298123708613942724e-03
-2.853386290938559559e-03
-1.932014879140150345e-03
-8.983592564131027145e-04
-4.661031077824489199e-04
-7.689199395208570157e-04
-1.203743157671348808e-03
-1.487247954918561894e-03
-2.036261506882537393e-03
-2.919643240441964493e-03
-3.360500547291385594e-03
-2.902455677277532200e-03
-2.168391820788682228e-03
-1.779407022167711671e-03
-1.325417826929739485e-03
-2.560976418046667018e-04
9.095097802239852144e-04
1.176045362748683000e-03
5.002997195067737700e-04
-3.242843194298810792e-04
-8.626932186877672108e-04
-1.281925177823518662e-03
-1.611116435887297070e-03
-1.598295841561209619e-03
-1.351272938041901033e-03
-1.358140586671123008e-03
-1.633349618452790367e-03
-1.530091460008272276e-03
-5.644144937556932941e-04
8.812631635419056805e-04
2.084652242658793873e-03
2.891803814097514743e-03
3.639883280033755306e-03
4.372707861581993233e-03
4.647959677855658875e-03
4.234558212250021624e-03
3.602527992538182185e-03
3.311445914225516138e-03
3.347886498788733411e-03
3.360603820203103553e-03
3.378499540476456644e-03
3.784952214450808088e-03
4.611725639115876220e-03
5.375384561448375183e-03
5.744747506842998695e-03
5.895260399034880049e-03
6.037614731201067751e-03
5.949714730056271557e-03
5.434073081850189155e-03
4.780783395597621756e-03
4.370539130435923889e-03
4.036702066672163101e-03
3.308273960508474436e-03
2.171180189405058029e-03
1.104972944904616212e-03
3.512119934965955747e-04
-3.347517666961170694e-04
-1.233993268840750295e-03
-2.213345043932052249e-03
-2.989219676393436043e-03
-3.391629953537697324e-03
-3.246915097675105374e-03
-2.414432156319362612e-03
-1.194333520086563339e-03
-2.979467762872672117e-04
-1.016960818884238949e-04
-1.903245996590241399e-04
-9.751736481486692257e-05
3.053809506036256756e-05
-1.921658081422182932e-04
-6.714612927329381914e-04
-1.023669132163953664e-03
-1.256847564203859803e-03
-1.675721018803220073e-03
-2.223185477091431383e-03
-2.486029790685879461e-03
-2.276769364999773997e-03
-1.863323639574830009e-03
-1.498106363922014619e-03
-1.245459512696026668e-03
-1.172396878310430490e-03
-1.333259191583727448e-03
-1.601113716723790272e-03
-1.830689399472061694e-03
-2.084121124827103492e-03
-2.450208843592967343e-03
-2.776920076448212340e-03
-2.966175063807304207e-03
-3.107599939768035044e-03
-3.160018319101278502e-03
-2.798046763531017271e-03
-1.915623992723253840e-03
-9.175429374283058026e-04
-1.560099617498792292e-04
5.371445437530003413e-04
1.371839000746810297e-03
2.133765888817073901e-03
2.485557685946598785e-03
2.526232459890238955e-03
2.538079338191560202e-03
2.543508542693286457e-03
2.454325006788569529e-03
2.355773142463754143e-03
2.341477220827414742e-03
2.318122789506130328e-03
2.199845799043248853e-03
2.120340410293783395e-03
2.138147610928521711e-03
2.110470470588199626e-03
1.910047255490502022e-03
1.592483051958817680e-03
1.221587241488843569e-03
7.214070234942001562e-04
2.551652349445876096e-05
-7.543894408421876821e-04
-1.419022918783281045e-03
-1.839069258594291413e-03
-2.096794186422165814e-03
-2.342908288318359088e-03
-2.556506176296604108e-03
-2.450194090319864591e-03
-1.791312913561443057e-03
-8.294496684058649512e-04
-1.371504101447383215e-04
3.730778195618364250e-05
-3.765831972509945544e-06
9.037648556778650325e-05
1.935806470327496986e-04
4.414194065546272708e-06
-4.460888174915739212e-04
-8.540551772862433515e-04
-1.118399898755217123e-03
-1.431549922974628426e-03
-1.892549873590916500e-03
-2.301776162908540993e-03
-2.422502196706439754e-03
-2.236006071417518618e-03
-1.887017396177472503e-03
-1.440215995595047057e-03
-8.817175643534632280e-04
-2.726183570248655341e-04
2.372901692535776515e-04
5.451054099191186613e-04
6.655644094738620434e-04
6.671813682058979353e-04
5.808378373734155711e-04
4.141538825338650560e-04
1.784231342472234816e-04
-6.492030296031703904e-05
-2.554780043343609502e-04
-4.025091240740481867e-04
-5.621897001718336459e-04
-7.376489018527613434e-04
-8.510646888283629561e-04
-8.428972768388094759e-04
-7.472931164798769614e-04
-6.075737188897973326e-04
-4.383330218215806271e-04
-2.817299784929802034e-04
-2.537843285821920081e-04
-4.035123466450192976e-04
-5.780052089377322750e-04
-5.601581744656170285e-04
-3.401632672701204122e-04
-1.254621295292689966e-04
-6.425124202511787498e-05
-6.870599283842297993e-05
1.625397604250533801e-05
2.127658033752631648e-04
4.306568938263408684e-04
6.145328378122547845e-04
7.780256596797307687e-04
9.127274690876441667e-04
9.619193075933675421e-04
9.085021316710832672e-04
8.400248145657493578e-04
8.907495181468243076e-04
1.093471293193893799e-03
1.331692393980240348e-03
1.440894646157762785e-03
1.375276513379696756e-03
1.262608717350392762e-03
1.281873541367659682e-03
1.486967642729613952e-03
1.753588794238306568e-03
1.899778977411149816e-03
1.853379933503733132e-03
1.674171925127455668e-03
1.467260220519271425e-03
1.290682720737172879e-03
1.148632305996895482e-03
1.014333260944680869e-03
8.425756554851746320e-04
5.929104407532054038e-04
2.773792382550478676e-04
-3.547793349327842382e-05
-2.793635534873364500e-04
-4.404751970760660920e-04
-5.333618045295149398e-04
-5.693332350080725643e-04
-5.655549217665178366e-04
-5.492333757332030055e-04
-5.364349113167692475e-04
-5.294698910850708252e-04
-5.408328620286296726e-04
-5.888783712142874266e-04
-6.584577578203794617e-04
-7.152431059919685209e-04
-7.593303120042208627e-04
-8.278858214569981191e-04
-9.273287834772055800e-04
-1.008597188362421980e-03
-1.026278986175789077e-03
-9.823953753323514098e-04
-8.950604245473799299e-04
-7.671229908569704393e-04
-6.077935426590248390e-04
-4.517127651982535573e-04
-3.251695158160320754e-04
-2.245182607287284505e-04
-1.407207022355474839e-04
-7.881552569919191107e-05
-4.024191291081228309e-05
-1.656084412303769802e-05
-9.608733005303991850e-06
-2.610886740952483078e-05
-4.744195278303378675e-05
-4.429729262123223064e-05
-2.163006876106263415e-05
-7.614960924956703451e-06
2.093946804713379969e-06
4.148517123516141274e-05
1.091163881280659995e-04
1.600125247425921641e-04
1.743350022705159323e-04
1.844557476188427643e-04
2.148460148827181142e-04
2.425851189700710950e-04
2.408766899447996183e-04
2.215838347086377628e-04
2.088635626396473789e-04
2.010266239675901983e-04
1.828904253426657167e-04
1.548651077571238776e-04
1.282866436647459312e-04
1.062957098435957120e-04
8.581949457188096638e-05
6.785945002780052217e-05
5.451717996480800267e-05
4.377782987529259441e-05
3.297799136605687260e-05
2.246525155139613697e-05
1.319879448207054498e-05
5.005756057137907706e-06
-2.060368355132050618e-06
-7.967741191384098090e-06
-1.338061381978596833e-05
-1.839261051144624364e-05
-2.175945496617171063e-05
-2.270617250116024641e-05
-2.208432203988914112e-05
-2.096617147144935655e-05
-1.954100528974618499e-05
-1.777385823752666413e-05
-1.599343323951488171e-05
-1.435154147593573460e-05
-1.294739870840365258e-05
-1.168776425091072713e-05
-1.056462707616229151e-05
-9.550885421469021473e-06
-8.594666778602466197e-06
-7.676614853252124331e-06
-6.796508346321455414e-06
0.000000000000000000e+00
