-7.343915616328699136e-04
-7.383399033620789004e-04
-7.419310648760198482e-04
-7.428699938971850989e-04
-7.390416802077952145e-04
-7.384744509228438007e-04
-7.726001649859138426e-04
-8.678075677320616198e-04
-9.368943522966196842e-04
-1.010365064218762083e-03
-1.069285280217034152e-03
-9.824004668770492006e-04
-9.509560243486468853e-04
-1.048986989934731426e-03
-1.005844653364286814e-03
-9.770185644464531895e-04
-5.637387921159435185e-04
1.044485938441516932e-03
1.325370910979359849e-03
-2.298595040618630053e-04
-9.411059813389801524e-04
-1.796790717049317316e-04
8.272138910716455434e-04
9.502832865448223839e-04
7.147824646114638459e-04
-2.146856367053835181e-03
-8.016556623346920291e-03
-1.083833840204778860e-02
-8.922903839509589707e-03
-1.890112518008630347e-03
-1.058773147052236322e-03
-5.798961150244887758e-03
-8.333566163998044896e-03
-9.803580542639992942e-03
-1.226773684076387129e-03
2.116413771470696328e-02
1.971441194666668714e-02
9.544610367049757155e-03
-1.978642877055811732e-03
-1.839081241724272115e-03
-2.134718047543101638e-04
-9.230940316216178221e-04
2.117546294104472645e-03
4.835668372932581081e-03
3.185098911488634926e-03
-4.508272534964856068e-03
-2.453227938691965315e-02
-2.975679021046281209e-02
-2.089707532610957097e-02
-1.655651293774994953e-02
-7.813331728508128571e-03
3.174325426946812516e-03
1.006096325060681397e-02
1.282809355246749237e-02
1.528808758792022521e-02
1.374059704551120441e-02
7.809401778172118426e-03
3.141375794080356228e-03
-2.849978688377715914e-03
9.728853408172002471e-04
2.280716670493969714e-03
-1.853039341193552306e-02
-2.939767405906871384e-02
-2.074558832424117094e-02
-1.692453439532417073e-02
-9.445538835795887211e-03
5.189818848163199085e-03
1.716217055480463369e-02
1.233200992015084756e-02
4.480791921654671446e-03
6.372172477825906178e-03
6.241874296857820997e-03
1.197928235797292296e-02
1.718569217873691657e-02
1.362463447155699142e-02
-1.349328120540017537e-02
-3.767002592275903866e-02
-2.788628872541171200e-02
-2.447526606800560361e-02
-1.577691145976394677e-02
8.014591648178914784e-03
3.262100770904809155e-02
3.062592873428157322e-02
3.120003059248060290e-02
3.884155766947677141e-02
4.102926228879160558e-02
3.539191308635469130e-02
3.088505378476190041e-02
1.378570435724965626e-02
-9.103033016363842747e-04
-5.222381293804432070e-03
-1.460721885236602145e-02
-1.764431544701326043e-02
-1.169315099853331097e-02
-9.051982380718224391e-03
4.206111624401022431e-03
2.511906162674472712e-02
3.311263868827468010e-02
4.087351622744575530e-02
4.541599675375904144e-02
4.402570422479045592e-02
2.752117117202666080e-02
-3.017737233386101961e-02
-3.912284918860110122e-02
-4.665489907766552646e-02
-6.906655403204019217e-02
-6.676772667908642545e-02
-6.636456798082324138e-02
-6.483963109428343696e-02
-6.321141201541547947e-03
3.598247040162569355e-02
3.192629703019217446e-02
4.255168245836745550e-02
4.633092016696039456e-02
4.001463816509539390e-02
4.458025312811573354e-02
4.651618925422948414e-02
3.112007643047210934e-02
-7.842816035708841116e-03
-6.150565869469665908e-02
-8.127456724331344473e-02
-8.792886369279791225e-02
-8.261781652441747836e-02
-5.859004209196305712e-02
2.707939054804750501e-03
1.923052471194455770e-02
2.710407373365545519e-02
7.553596858148078907e-02
9.885083453549381449e-02
1.125601662125682856e-01
1.433860771486774321e-01
1.286739305582760007e-01
1.126550270827478550e-01
4.743120946423713680e-02
-3.338066904493512677e-02
-8.069010812683971579e-02
-1.355832865923759789e-01
-1.676027021502342063e-01
-1.800846503233525520e-01
-1.868768822218226378e-01
-1.889163909306834643e-01
-1.880674829393825798e-01
-1.657984096806962016e-01
-1.143567149376018277e-01
-5.168281558760183525e-02
3.203519343728607194e-02
6.929973753843059192e-02
1.357652645882306552e-01
1.517454493412365435e-01
2.075013777413753924e-01
1.934619689547985577e-01
1.555456919567978213e-01
1.195314722027038673e-01
8.983024335906052149e-02
4.082908649335144358e-02
1.434325396157041382e-02
3.767806005768241200e-03
-3.373339660711304616e-02
-6.423610300696748487e-02
-1.061251145293661963e-01
-1.216571300691767499e-01
-8.816562868102162387e-02
-3.385206949164382140e-02
4.435733008319374393e-02
3.830878804757027051e-02
5.970088224112712894e-02
7.062159472534104698e-02
6.966175759401385670e-02
7.631605404349831034e-02
7.195361557691361265e-02
5.457113549095723298e-02
4.595960761797178440e-02
3.598566469623377950e-02
2.391994279022987765e-02
1.530473663860480553e-02
-2.259750482248157680e-02
-5.886678416119101726e-02
-5.938600223021472252e-02
-6.084589166291709539e-02
-6.151795188909749135e-02
-4.927112315849564023e-02
-1.027072192987123905e-02
2.202679085250324950e-03
8.090838492505901883e-03
1.248998230804172771e-02
9.665035273774663302e-03
3.746510708380989922e-03
-1.889638213657732473e-03
8.181585498417484267e-03
2.067240993867407173e-02
2.471048230732842202e-02
2.586933367242011048e-02
3.512804499236539535e-02
4.156890448394581078e-02
4.986768187575758848e-02
5.604080140109647667e-02
5.368728385258000196e-02
4.362409427542816159e-02
1.270845269987366452e-02
8.365712383372163200e-04
5.465670386773146226e-03
-9.549711558742066510e-04
7.474910734302185437e-03
1.493235932474682413e-02
-6.908552620607610537e-03
-3.651320729059977233e-02
-6.950136528596533025e-02
-1.026607568316856567e-01
-1.011052321543532695e-01
-1.048338451332483379e-01
-1.155860343776840687e-01
-1.196524682105859771e-01
-1.226299379725489108e-01
-1.219330009671479587e-01
-8.357736326532574922e-02
1.957531493600541544e-02
6.131119391082853060e-02
4.305473546073810415e-02
9.363426105006771027e-02
1.375376141116877726e-01
1.309176805284418543e-01
1.183428074212700409e-01
6.505326164580009507e-02
8.809128873377885041e-03
-1.069827342332345908e-02
-1.632478138345413651e-02
-2.555096897648070561e-02
-5.536457891224495775e-02
-8.733249856914857001e-02
-1.114954013432057217e-01
-1.245358670887078828e-01
-1.197860478032878317e-01
-1.230026056768258047e-01
-8.060453975006548477e-02
-2.219531409228144708e-03
2.516687924905973775e-02
4.522627501339988865e-02
8.085950253787467512e-02
7.853415285999314210e-02
7.589982777638386302e-02
7.089543289037984752e-02
2.850220680393479936e-02
-2.177473196888323869e-03
7.935615133914103794e-03
-3.823086661849419408e-04
-7.270040293756199236e-03
-2.980044557010667460e-03
1.822248277107713131e-03
1.034544906433922974e-02
1.318130509867694415e-02
4.286346497147807202e-03
-1.343762304177440435e-02
-6.674139794777127210e-02
-7.131882212116091857e-02
-6.293050768351637902e-02
-8.561677517738026932e-02
-8.888879762093140902e-02
-7.555687669164280751e-02
-4.699388149334805115e-02
-1.754500192374362430e-02
1.196311729131987241e-03
3.249836615545878549e-02
3.296715308839723302e-02
4.467821149609709636e-02
6.767664869029682562e-02
7.397802398399075385e-02
7.861081593058724670e-02
8.618139094856133720e-02
9.555654882649236570e-02
1.008593682663368185e-01
1.068191476305779680e-01
1.109910899823531027e-01
1.107045714356882510e-01
9.861561829617099262e-02
3.426306873121776758e-02
-3.275778159635802517e-02
-2.747170800400445395e-02
-4.968628466074073713e-02
-6.288520677816530902e-02
-4.768346194146975969e-02
-2.704357572971440027e-02
-2.584707040696980138e-02
-1.524549699314572439e-02
-5.552138973846015846e-03
2.047891312286900366e-03
1.319853493019935639e-02
3.666227437231053127e-02
5.127684978195578419e-02
4.456273290617440708e-02
4.294583905364420667e-02
3.044491870648993737e-02
4.090013534917982287e-03
-2.005513670486270411e-02
-4.095076007887769182e-02
-5.086401140306202884e-02
-5.295821030748557035e-02
-5.328867460421318758e-02
-3.816388322853065534e-02
-3.388217329840488914e-03
1.813875353362271250e-03
-1.049683926940132329e-02
-4.969867465194786546e-03
-8.810948653336431917e-04
7.475452796417498191e-04
1.180679044913618761e-02
1.499905232429144322e-02
1.187377383909972439e-02
1.059925029047274064e-02
-1.966988541576607241e-02
-5.066151248427053222e-02
-6.319882843059575206e-02
-6.774053458245857251e-02
-5.485281419730678870e-02
-1.211189398261171453e-02
2.841479928784076264e-02
3.435163780898747854e-02
3.293656529760463636e-02
3.328271067695377089e-02
3.155653323010444711e-02
2.718819015833509600e-02
2.293639044135778807e-02
1.671506610647866681e-02
1.411655584120249420e-02
1.594146603048361352e-02
2.467728100276557132e-02
2.750558688621144651e-02
1.909965542981927056e-02
-5.159869916292219487e-04
-3.019692528873476819e-02
-3.746655903590448422e-02
-5.173460187897537671e-02
-5.957833748434412241e-02
-5.950680464448422635e-02
-6.115835175367184684e-02
-6.211634974567924183e-02
-6.226561042100260679e-02
-6.228206587807457589e-02
-5.945521194672329091e-02
-4.387925065684995102e-02
-5.221026138516152680e-03
2.265616368710282602e-02
5.084194173122433269e-02
7.583932977244281504e-02
8.170240912718458592e-02
7.903149485079176417e-02
7.361532635076334374e-02
-1.141834486543146475e-02
-4.059348306680340274e-02
-1.700332699565700045e-02
-4.149446773989673432e-02
-4.664812330122412865e-02
-4.261711709943009907e-02
-4.514941834919317803e-02
-4.090100652043657248e-02
-3.880622683517519211e-02
-4.495650231422593929e-02
-4.781336325553198902e-02
-3.882365026031021904e-02
-1.062151355592304974e-02
4.680009428712406105e-02
6.158096661000248689e-02
8.476457609466499232e-02
8.945931799729713030e-02
9.048158906869148421e-02
7.183581386363958876e-02
2.589266170273977694e-02
-1.048503005903203035e-02
-1.502509066518767367e-02
-1.543299240695984037e-02
-1.525779018754654624e-02
2.144436446896192793e-03
3.362372582556870382e-02
2.952747857632463668e-02
3.598305118246352546e-02
4.816386449116488722e-02
4.639838754095546025e-02
3.242112230402684897e-02
2.089997923029874097e-02
8.135703812228589279e-03
-7.655504535826706397e-03
-2.464349891736488524e-02
-4.827895589386235059e-02
-5.610459049645193097e-02
-5.102837238016908611e-02
-4.886205985504780969e-02
-4.254113160648013287e-02
-2.595364369071236077e-02
-1.117412652312221692e-02
-6.035455107410942453e-03
3.055071761578205362e-03
1.572435079393995697e-02
3.879325606313023533e-02
5.249436001166871840e-02
6.940505246369117753e-02
7.536308948541882435e-02
6.706286014151247032e-02
3.988434966380793867e-02
-1.077183899611578247e-02
-1.095497855364613998e-02
-2.054463815435056753e-02
-3.337844271839009169e-02
-3.598701985152205629e-02
-4.849461917831142388e-02
-5.894702871361843372e-02
-5.950583667642116853e-02
-5.691758687261339739e-02
-4.466553111447104513e-02
-1.097559627338925287e-02
-7.069806420232254904e-03
-1.969689172472535721e-02
-1.509710748907910557e-02
-1.736931572029880647e-02
-2.198632978746746860e-02
-2.202088624731859956e-02
-1.633039559821986356e-02
-1.355852225285020772e-02
-8.810106521121572817e-03
-2.149566677630393961e-03
6.072605721671065805e-03
2.604385831418926447e-02
4.791712943189169183e-02
4.793222973367537720e-02
5.883125973327683195e-02
6.215100300233668273e-02
5.295046656298111470e-02
3.912178442373172998e-02
1.982814819407587026e-02
7.853463684402466755e-03
-2.457564435614460058e-02
-4.770833872069032283e-02
-5.373877975353463093e-02
-5.316245156879056966e-02
-4.651560847339164528e-02
-4.231917652962118720e-02
-3.296541074588372339e-02
-9.101571384588627578e-03
1.320414914496508690e-02
2.203918084371037436e-02
3.247281179859408395e-02
4.157306674661695456e-02
4.559884592087048300e-02
5.278233051042813956e-02
5.545973017284343970e-02
5.069258425909466126e-02
4.350000076974427227e-02
2.514422879638420621e-02
7.998988003002437119e-03
-2.679848621614839763e-03
-2.531739828286507996e-02
-3.318300996645891232e-02
-4.286443293954112638e-02
-4.788644484429278175e-02
-4.285814114713126094e-02
-3.886285296686402269e-02
-3.648484582635221074e-02
-3.499620774217704344e-02
-3.612176100589957473e-02
-3.857149457988390262e-02
-3.783032143400125169e-02
-3.787000812458658772e-02
-2.753559389616620778e-02
8.826290947135884135e-03
1.168811756460541584e-02
2.081615319603801612e-02
3.313770906110784925e-02
3.344891079338063039e-02
3.955078786927854195e-02
4.658017194319753751e-02
5.528210803327250622e-02
5.236271635509297945e-02
3.210827502604686468e-02
2.368579131577642008e-02
3.331475041984095081e-02
3.246584242854007318e-02
3.131492840156545332e-02
1.858847149571893689e-02
-1.614367455885619418e-02
-3.357377867351497153e-02
-3.693175668106556120e-02
-4.287430621378431062e-02
-4.648705341553147075e-02
-4.378235705373795944e-02
-3.189125658630951460e-02
-1.452077930433504430e-02
6.619962622287835045e-03
2.209087033827760935e-02
2.078324228189408485e-02
2.236557967457315083e-02
2.464369251097749819e-02
2.729689297181638399e-02
3.462102332093619506e-02
3.751137595722402185e-02
3.110971917219739966e-02
1.011439508768755338e-02
-1.573422406818313773e-02
-1.927108257378664161e-02
-1.268706060568010677e-02
-1.003415053526014039e-02
1.164117111354715699e-03
3.549538887229547295e-03
-6.804650928719085771e-03
-1.388801858151476713e-02
-2.399796101611225904e-02
-3.837509385988966543e-02
-2.787157561085324906e-02
-1.988516151298991980e-02
-9.531116892250744710e-03
4.648927974207649194e-03
1.335641052128393354e-02
1.804147274328549502e-02
2.173349652939701379e-02
2.153506307647035448e-02
1.733398488599722717e-02
1.594224040493405839e-02
9.048236344314194643e-03
-1.132348399525189226e-03
-5.833265938399623436e-03
1.960067569925750218e-04
5.177903161306968843e-03
-1.442833835431311246e-02
-4.465691619870984508e-02
-4.534233438416040984e-02
-4.054334232113705749e-02
-3.762937126411065175e-02
-2.014496414111438018e-03
2.565328320074581475e-02
2.328524613128348311e-02
3.571550480983460424e-02
6.001421350313863173e-02
6.079265341944896373e-02
5.658025000263807586e-02
4.583096466239151845e-02
1.352183626326035337e-02
-2.375896970134351929e-03
-1.434180200947582882e-02
-1.525207917597451099e-02
-5.752576120663203084e-03
-1.899453409817129183e-03
9.280664835615411168e-03
1.961867990523035940e-02
6.976465259911680122e-03
1.210027836585503150e-03
-1.534742403018561109e-02
-3.189077260227798916e-02
-3.373959160271661206e-02
-3.361375575451922004e-02
-2.387289954236531189e-02
5.667627243449331609e-03
1.510126975175024935e-02
1.115399278741063295e-02
1.086156963556115379e-02
-9.179047548355700114e-04
-3.176493675408059714e-02
-3.294334107404603418e-02
-2.268859061721522838e-02
-2.526367605536542632e-02
-2.557381302276884316e-02
-2.247186256789679773e-02
-2.300811687483030055e-02
-2.549908588830085421e-02
-2.612381247619776151e-02
-2.719380437310082652e-02
-2.006491318229958187e-02
-2.309562118773064547e-03
1.450471103448829936e-02
2.948256485819879952e-02
3.758745824698028759e-02
3.461221481156238206e-02
2.384115018989704446e-02
-2.669530082062653801e-03
-2.868341042533904470e-02
-3.815604268721989323e-02
-4.236438063816595073e-02
-4.574075003891462515e-02
-4.495001692820346090e-02
-3.745833130736850314e-02
-3.298060784447371524e-02
-1.590410246324961904e-02
1.190048975764009323e-02
2.057735547488188932e-02
2.964411872792298980e-02
3.676681492312067201e-02
3.823841676938603135e-02
3.896613515919219312e-02
3.335192039346233928e-02
2.680061574588712622e-02
1.689084910672979459e-02
1.021148228441215965e-03
-1.818647435913141666e-02
-3.014378384207294648e-02
-3.736569676373396182e-02
-3.837257714292571786e-02
-3.535977654666119796e-02
-2.691996620806203638e-02
-6.869204718844348911e-03
2.459268059405440160e-02
3.209675620609649116e-02
3.793728190496904046e-02
4.602494546222811456e-02
4.715127310040109765e-02
4.067576035216323438e-02
3.680011302448982918e-02
3.381364115954046262e-02
2.679945418421145892e-02
1.404211909715342120e-02
-6.536668970461790608e-03
-6.046393146523484918e-03
-3.678927178218359146e-03
-2.525022129928893629e-03
3.201951235466455117e-03
6.877877712689338223e-03
9.837556221653288510e-03
8.313790576469793497e-03
2.900206551169736812e-03
3.970082291905235872e-03
6.166004960075423778e-03
6.801698626126762535e-03
1.167814749355592860e-03
-6.096543571870461850e-03
-1.455523896737986878e-02
-1.634539910319724593e-02
-2.143265205539893886e-02
-2.681165058180597083e-02
-3.328958325020146825e-02
-3.624043389043034302e-02
-3.203306390754735028e-02
-2.823088535585995679e-02
-1.492568034511173279e-02
-7.753714575504455815e-03
1.160574348243927599e-02
2.574998321024519685e-02
2.909808794355260922e-02
3.956433942216133759e-02
4.313904547903035791e-02
4.664570338106648756e-02
4.180896056358391483e-02
2.948798547935191708e-02
1.814059267294252167e-02
3.541349877416086027e-03
-5.359687563549049572e-03
-2.931249286951970526e-02
-5.050295931554181494e-02
-4.027763508782794544e-02
-4.248102078976429691e-02
-3.854332670924894705e-02
-2.642765765119131291e-02
-1.006686785579146218e-02
-9.692844996226286300e-03
-3.616193168051643533e-03
1.046954257002311907e-02
1.703081728864781763e-02
1.638431141933213361e-02
2.328059988458081042e-02
2.610300116284203567e-02
1.622391911128360717e-02
6.190146083568060995e-03
-2.986471864949364935e-04
-1.363199102883622463e-04
-4.153328325922531553e-03
-7.803177743526662664e-03
-9.331125010742563966e-03
-1.129609049906738286e-02
-1.316059058212752826e-02
-1.362444087794438194e-02
-8.399146000270148182e-03
-4.666738586567895954e-03
-3.374249550690578379e-03
-2.973065507276027170e-03
-4.465527065300264713e-03
-4.918584517214033038e-03
-5.051680125884353521e-04
7.595122688053217858e-03
1.714658626898941940e-02
1.992058914409779863e-02
2.215388505918261530e-02
2.663393164542873087e-02
2.026683132025324310e-02
7.436046816570451856e-03
-8.994814186914085186e-04
-2.652358328624024753e-03
-5.911090570669396208e-03
-1.021332142373196535e-02
-1.329784845346899426e-02
-1.860608851446656983e-02
-2.047029820710779754e-02
-2.045597227977455704e-02
-2.011040768126325443e-02
-1.717998116716487958e-02
-7.263070923702189333e-03
1.150749472403900242e-02
1.936816977051124267e-02
2.352694775662878685e-02
2.585152306005986458e-02
2.172255849028447219e-02
1.490864410720193350e-02
1.042762955289275664e-02
1.983289123758484596e-02
2.023779227836153619e-02
1.678001676350978147e-02
9.244966173449871080e-03
-7.207770908259750892e-03
-6.821996916409065262e-03
-9.831942006887557997e-03
-1.930912371866477448e-02
-2.776045287721431651e-02
-3.058895235427280465e-02
-2.877836809232492410e-02
-2.434313842739833922e-02
-1.922442651314729828e-02
-1.284987283388627256e-02
-6.674594739766764179e-03
4.250492960092180049e-03
1.235369240476331953e-02
1.341603735396823711e-02
1.431373093564717799e-02
1.112969678902790693e-02
7.797147302493818988e-03
1.280137763392712527e-03
-1.263295119095522723e-02
-1.329194384828434605e-02
-1.098905102946574376e-02
-6.990481437464743895e-03
1.856204596759748141e-03
7.668939932541934783e-03
4.822126499730416266e-03
-5.085781640745847161e-03
-2.372905948819506103e-02
-3.142730949368635618e-02
-2.433897616472719544e-02
-1.996714840793083548e-02
-9.614546059605617173e-03
6.688978745183789612e-03
1.189332679397347298e-02
2.147495225975452546e-02
2.368327459881246905e-02
2.355143734862412408e-02
2.429551439869594154e-02
1.983153608229656917e-02
1.424113333091791417e-02
7.767653315612474754e-03
2.177269923595081830e-03
9.248421819434986604e-03
1.193572379513536258e-02
7.354824616399350222e-04
-5.917508198927463187e-03
-9.075562082734288730e-03
-7.669007690306350530e-03
-2.946998127337905997e-03
-7.623609988148982069e-04
3.584637409195989052e-03
7.498054850689875837e-03
2.529891009286069220e-02
3.913185129158752718e-02
3.924268363480754029e-02
3.336431038466946414e-02
1.492819706207568209e-02
5.671770146759214830e-04
-9.624380615126272923e-03
-1.819305654196020153e-02
-1.627967407171568640e-02
-1.573828953404797504e-02
-1.267457381766667369e-02
9.429383448823467923e-04
1.584883148684907220e-02
1.584447563056531547e-02
5.410312293246923726e-03
-7.259837910371579224e-03
-1.535933003736121051e-02
-1.261998041891026524e-02
-1.149897660508410191e-02
-7.265074617592717256e-03
-8.620394460443056486e-04
3.419124550093894863e-03
8.463060931473793611e-03
4.723926139733295934e-03
-3.331804151125534671e-04
-2.647750800643874046e-03
-6.336038230031993020e-03
-8.610908373425100321e-03
-8.624924550978161492e-03
-8.010303549659572933e-03
-6.888728634676205900e-03
-4.582573763485101037e-03
7.204518535567879575e-05
1.537365596469445405e-03
-1.799046082636239973e-03
-3.653004993489695953e-03
-2.984284257126856507e-03
-1.805744421632593391e-03
5.394660249667294232e-05
-3.259351741605727524e-03
-9.352604222061796507e-03
-1.115960700217636346e-02
-1.444324506248419009e-02
-1.881274969592921023e-02
-2.143226486817371643e-02
-2.072932646078181826e-02
-1.731549669599284288e-02
-8.853694123001024791e-03
1.524452902508266613e-03
5.653920815676446304e-03
9.450940097587744865e-03
1.216803613026901272e-02
8.182292115103515992e-03
4.397749941525022285e-03
-6.852836378898057197e-03
-2.232260189257342584e-02
-2.208332018738577013e-02
-2.315747434695997545e-02
-2.454224945796913693e-02
-2.332861110050843401e-02
-1.875864028120433416e-02
-7.367746990041159835e-03
4.935514278636898497e-03
1.570557221351665672e-02
3.182727389734146123e-02
3.803156199431078494e-02
4.144635972716281119e-02
4.827566480244795816e-02
4.401796048028600028e-02
3.607878322389984627e-02
2.595277251945561289e-02
1.878961525922215239e-03
-9.627662026860037137e-03
-1.251660142977579181e-02
-1.354574507441785695e-02
-1.486653749645895813e-02
-1.845857018165670410e-02
-1.920438957424202078e-02
-1.545535246921645248e-02
-9.565837906672593552e-03
-6.481659345438268993e-03
1.305672760896152526e-04
6.909114042084183414e-03
1.486314960823825922e-02
2.505159425274966489e-02
2.654003874331221577e-02
2.199639665532325886e-02
1.658826229021821350e-02
1.248882074636605867e-02
4.265109277844339117e-03
-1.196795713163515719e-02
-2.385596010126181735e-02
-2.436278817907839428e-02
-2.193386591844978875e-02
-1.096436784385779357e-02
1.250440503218127556e-03
-1.241225447257826141e-03
5.248119564601114433e-04
2.515371488340216108e-03
1.763318381428810892e-03
8.220788204971287913e-03
1.841268849546780564e-02
2.941374232891545357e-02
2.862823624574480433e-02
1.953165957636155206e-02
6.297764772818724779e-03
-5.180681229647942504e-03
-5.434221104404428175e-03
-1.052539432726150130e-02
-1.516864032893900684e-02
-1.713216354484986895e-02
-1.925753102090384597e-02
-1.774759763934143086e-02
-1.340529290846830673e-02
-1.214170739895386632e-02
-1.013646475952524953e-02
-7.498916342265996363e-03
-5.330784037186171546e-03
-2.629330368403901604e-03
9.564211720326660495e-04
5.574015052071101643e-03
7.283930635461064937e-03
4.046551768886728385e-03
5.370199696713846317e-03
8.362247057706419240e-03
8.542192320628692534e-03
6.372520946328606196e-03
-1.232416937884008587e-03
-1.417695704833724438e-02
-1.497862819816094329e-02
-9.877726896270148244e-03
-9.765442600955553162e-04
9.458809677940396843e-03
1.267970404840087356e-02
9.250018966739029583e-03
4.183170781306574937e-03
-7.304151488298322829e-03
-8.214612568728985389e-03
-5.176896474521389471e-03
1.555969942641398460e-03
1.311587045761430058e-02
2.095718614282540346e-02
1.655196348785358332e-02
1.258387521015824455e-02
3.386881533913470733e-03
-4.882498667823273117e-03
-4.218666170178870384e-03
-4.074129179003218616e-03
-3.216180365993391316e-03
-1.880365079613647650e-03
-8.733608005098189141e-04
-3.401788242084546193e-03
-5.555885010250046462e-03
-5.876960016766010972e-03
-6.756726829917140444e-03
-7.870829031453707020e-03
-6.286855772748073043e-03
-4.577520970195944269e-03
-2.833958816934124218e-03
1.523175184665031623e-03
8.484801494170050515e-03
9.755762920324984044e-03
8.996527490385696282e-03
8.757129629030470722e-03
6.337451463404055602e-03
4.887251391012882237e-03
2.551505736134129267e-03
-5.529575638296160833e-03
-1.645932894421903853e-02
-1.842140020803531911e-02
-2.102620226572136236e-02
-2.218844151903374626e-02
-1.617745664425688026e-02
-1.166188563009657418e-02
-4.250938225401186543e-03
1.508191039048911112e-03
9.168448298065227930e-03
1.848741562993579807e-02
2.144397728173670289e-02
2.332348086977423240e-02
2.086968182992506374e-02
1.615112791294173039e-02
1.077377493224189464e-02
-6.911166134377864576e-03
-1.660404016964604074e-02
-1.100473211208726453e-02
-1.184125011218101209e-02
-1.009000229249852089e-02
-6.187987514787445138e-03
-8.183753746878732679e-03
-3.823483528755272556e-03
4.900086647529016196e-03
1.657074206827688703e-02
2.046207047857181646e-02
1.848944836286821672e-02
1.780528853589962227e-02
1.843756527468836878e-02
1.579510925934941509e-02
1.298742109564665452e-02
6.793054671323664820e-03
-4.746547553366935006e-03
-1.386827203302840733e-02
-2.089688173249696149e-02
-2.569113075201133814e-02
-2.610629225425643157e-02
-2.078149993938058215e-02
-1.256383827125296879e-02
-7.716167094338480074e-03
9.038779296338128339e-04
9.397672815077723341e-03
1.831443973706753381e-02
2.893062946864377247e-02
3.015917453427555128e-02
2.387067321582028376e-02
1.910130097552646677e-02
7.019462401272666754e-03
2.965912223290036978e-04
-4.081234064586056545e-03
-1.063874338744546198e-02
-1.466684568505032503e-02
-1.933293573301597332e-02
-2.857228769170011562e-02
-3.069842954220453404e-02
-3.033882940677890341e-02
-2.362897159047498002e-02
-1.312032311070436379e-02
4.101377479978269604e-03
1.161280964929959150e-02
6.384310797336639233e-03
1.307744212551094354e-02
1.992736492053919645e-02
2.991011635165101781e-02
3.284906098470428970e-02
2.367998350739807661e-02
1.033838289747891423e-02
-9.312607781696286349e-03
-3.154907987601891090e-02
-3.821121686681414054e-02
-3.405272927111550885e-02
-2.770808580500294313e-02
-1.821938527327534793e-02
-1.011245915156144121e-02
-1.171705980969081672e-03
5.657860445693088138e-03
5.677287564718639518e-03
7.979948071202107307e-03
1.273371666631944836e-02
1.700961878806687283e-02
1.787353028434512936e-02
1.951801122667244648e-02
1.847521923234127922e-02
1.326551832016289317e-02
8.542715023382742995e-03
-4.729201565676956383e-03
-1.613747956325262828e-02
-1.756629722113087905e-02
-2.060349061258442277e-02
-2.254262103330625239e-02
-1.649040071904316410e-02
-1.157031585133139542e-02
-5.135815909925255975e-03
4.910143835704177361e-03
1.258213286764474186e-02
1.769881204896336241e-02
1.970599062451809311e-02
2.216288716216904472e-02
2.658166137002366050e-02
2.918481788200250407e-02
2.342898938864743097e-02
1.271542206992767356e-02
2.331728587417066737e-03
-1.786133388675061398e-02
-2.706341907500706828e-02
-3.037570898998137592e-02
-3.500017641123557427e-02
-3.746491349019728800e-02
-4.002886729562232793e-02
-3.835815441878617088e-02
-3.091060814162659848e-02
-1.745236738010908645e-02
4.538250505877727478e-03
1.846660431658007223e-02
3.029062459723867728e-02
4.044838465415118156e-02
3.694211393934027088e-02
3.379050672283340218e-02
3.324805742029632999e-02
2.784940914220924643e-02
1.512082270662399794e-02
-9.229227012744568859e-03
-2.760451322225585674e-02
-3.031201669143223157e-02
-3.297034738300531898e-02
-2.931897825554218712e-02
-1.700545652539572558e-02
2.224119577847034641e-03
2.613639606101749585e-03
8.920967903383475797e-03
1.530425265457327662e-02
1.697603029627879623e-02
2.093318053486159513e-02
1.861547780467821822e-02
9.771153612527587115e-03
-2.518197955084342573e-03
-8.970614985337663910e-03
-1.210879648480993158e-02
-1.258087450916276807e-02
-8.240544433138279404e-03
-3.433711828804161901e-03
2.287434368851584340e-03
3.565103813683501675e-03
-4.132449254802395174e-03
-4.543525931821387059e-03
-5.693384873607275180e-03
-3.161857998294639351e-03
4.958309926521888011e-04
-1.409961640009900052e-03
-5.860940145322420143e-03
-8.555037256825456446e-03
-1.286255321551231685e-02
-1.430182492847157857e-02
-1.073050675982325196e-02
-7.139325886520998289e-03
1.980743367752645372e-04
7.823476033808965391e-03
1.087802509263311943e-02
1.445679661536698399e-02
1.806228405664121739e-02
2.135473062632286048e-02
2.057212844734138124e-02
1.254670523653686129e-02
2.219415253060577891e-03
-3.009683739101468806e-03
-6.822142111618523241e-03
-9.224677562848200910e-03
-4.703753685299191280e-03
-2.428244682984467568e-03
-3.635571888674042108e-03
-8.234668866995524528e-03
-1.094975152610563364e-02
-1.399362389719427044e-02
-1.025194334944793534e-02
-6.654112535552481056e-03
-6.043953867004582189e-03
-1.672861765936146201e-03
4.940615470329207636e-03
1.103299677952852484e-02
1.771178282100832613e-02
2.191295780828775991e-02
2.440305565050155875e-02
2.605808744471619851e-02
2.385412096194200818e-02
2.214701248593491101e-02
1.670364408333459630e-02
2.033110439964022111e-03
-9.907637109418606508e-03
-1.716139618035418882e-02
-3.010235480897411470e-02
-3.299503056861326916e-02
-3.490328280812358269e-02
-3.444814422487423727e-02
-2.950657046616260784e-02
-1.679356831639258057e-02
-3.848844292007362437e-03
5.567316713074748659e-03
1.334440771730202764e-02
2.622651388768809655e-02
3.610656390730957593e-02
3.082416859359562653e-02
2.693661525874661497e-02
1.953688660390205667e-02
8.162477808852743044e-03
3.957924613033241175e-03
-2.744973512897306168e-03
-7.927745553561451816e-03
-5.663000356107920560e-03
-7.297685461637103480e-03
-1.290543420070573710e-02
-1.568311535445373467e-02
-1.741955326277145819e-02
-1.556763676453105059e-02
-8.650265954868991899e-03
-4.063529928712746216e-03
-1.599189716656887689e-03
-1.568156660555284536e-03
-1.867810533835799914e-03
-7.066544367859753633e-04
9.287334135569871038e-04
2.078537181163280650e-03
3.621942898346201204e-03
5.040248423059651324e-03
3.664339899508092108e-03
2.190879554561661526e-03
1.713477705862012646e-03
2.086571316086653118e-03
2.750239259160335795e-03
1.818870068567644827e-03
-8.067113595280379782e-04
-2.703166972253880172e-03
-4.622183016625388760e-03
-5.698863572844176800e-03
-4.329866341262844295e-03
-2.305177223447417087e-03
-1.255909522774398789e-03
6.234420942772282617e-04
3.728574260172546392e-03
7.964237949538694947e-03
1.165985289716415380e-02
1.508820218289898263e-02
1.444740732515533213e-02
9.835426691914565117e-03
6.948036037899700187e-03
2.411798905593131020e-03
-1.093949106463723130e-03
-3.949958235874282721e-03
-6.861954638052052136e-03
-8.017969856718982005e-03
-8.547612941781810095e-03
-9.310826720460262107e-03
-1.067484859619748268e-02
-1.154282555834057825e-02
-1.054194658113977515e-02
-9.284430231380700824e-03
-6.104664823919509972e-03
1.701387784754432178e-03
1.438613494676383407e-02
1.746301502880270862e-02
1.703285002158023628e-02
1.241206087896565106e-02
3.642579977450573561e-03
-1.266983077415769453e-02
-2.074587871466009037e-02
-1.740513053863190773e-02
-1.326145285429805414e-02
-1.142676618758006052e-02
-9.436449615683783002e-03
-8.099840595492331305e-03
-6.827020670656329566e-03
-4.778664733699162365e-03
-1.914631149045861128e-03
4.475845604852450241e-03
1.199777054797730724e-02
1.935674774736717216e-02
2.977314887072847124e-02
2.987827020237644737e-02
2.402399935700848949e-02
2.074413637214658768e-02
1.513088957447978819e-02
1.205129918186435400e-03
-9.068583032999649740e-03
-1.752835287305904918e-02
-2.791774768746106000e-02
-3.529792338743186625e-02
-4.059261189554665139e-02
-3.819234148958452341e-02
-2.638129198097088554e-02
-2.257814546122044116e-02
-1.063177401739145121e-02
1.555031013620233101e-03
6.671797312064529743e-03
1.339735557035123814e-02
2.073900614141238608e-02
2.923263550431751470e-02
3.529221237585983967e-02
3.550177746151164659e-02
2.932672200004664276e-02
2.118901449392752295e-02
3.336915022498475065e-03
-7.027748207892434065e-04
-6.572096601569672042e-03
-1.594136923367731051e-02
-1.952188309892467430e-02
-2.081905710022718958e-02
-2.327546965384661229e-02
-1.766841785178337870e-02
-1.216968167597620894e-02
-8.722002068022136068e-03
8.186202706078265579e-04
6.340771593860341365e-03
6.039307620301908631e-03
6.955150603163168070e-03
7.090298304127168848e-03
6.976291025660329680e-03
9.416209403485262600e-03
1.481204089450885615e-02
1.616729297959478354e-02
1.323618888785226856e-02
1.428120720872846743e-02
1.446938020018672354e-02
1.198005673242336783e-02
9.541706462860587157e-03
6.363257491965152411e-03
2.534198467166672627e-03
4.501332203952738303e-04
-1.942160160759198338e-03
-5.123755027859567754e-03
-7.675193006229282140e-03
-9.798159921486873647e-03
-1.200667585415743192e-02
-1.434441552324608113e-02
-1.483846642263030903e-02
-9.132168855061854190e-03
-5.325043986572243612e-04
1.187677454009520087e-02
1.568737441393118492e-02
1.567091895685921582e-02
1.565378592214311179e-02
1.109833462378486367e-02
7.643946997153806995e-03
-4.275931160789314981e-04
-6.038329972558221723e-03
-8.421515742207391977e-03
-1.036674436172648102e-02
-1.043033986346931716e-02
-1.177968734337059460e-02
-1.070553318379638581e-02
-7.041609510555407736e-03
-5.536854758130348338e-03
-2.450353073544686133e-03
5.117792344591137223e-03
8.597714968725633788e-03
1.040149441519022319e-02
1.515218487186704120e-02
1.529263703781659142e-02
9.423130375136120132e-03
5.564432168246838568e-03
-6.058483067631065602e-03
-1.170060435261884892e-02
-1.249549972600115175e-02
-1.429359719993559576e-02
-1.505703361126855058e-02
-1.195082409691904969e-02
-9.642229946209042099e-03
-3.850402720588883866e-03
2.295110355591625101e-03
5.297311701565664797e-03
8.937645993109945980e-03
1.004315263824656808e-02
6.961035848986553767e-03
4.922649983078872075e-03
3.696737790578605472e-03
1.289372178714274933e-03
-8.399959093443115036e-04
-2.058742234273767610e-03
-1.288549405860676608e-03
-7.444526216802830384e-04
-1.138117489181008106e-03
-3.318862418122463850e-03
-5.222623285820196526e-03
-6.324567808484769273e-03
-8.159118959673935731e-03
-9.233505431583279022e-03
-5.045717442615922123e-03
-1.867549182458774683e-03
5.148825400692741243e-03
1.397978195389255711e-02
1.779957752432758528e-02
2.254900962252242777e-02
2.593070284761791675e-02
2.723155512756004343e-02
2.321381008822988659e-02
2.035704594373014334e-02
1.560180603715695738e-02
4.931080984908096931e-03
-4.095163125013443796e-03
-1.321179609266323607e-02
-1.639902453389059656e-02
-1.982534108669300327e-02
-2.402622568355352109e-02
-2.149140771682649109e-02
-1.666724848416365617e-02
-1.426484854846280827e-02
-5.145824699697263901e-03
1.492297003453517271e-03
5.106825266436702294e-03
7.080231436271376862e-03
7.859649000325400967e-03
8.504557722337042006e-03
4.130629474843847647e-03
-8.335143951940827967e-04
-3.150155264412282403e-03
-3.811490404453997914e-03
-4.403538390542102374e-03
-5.896677526210479178e-03
-6.180272809324881961e-03
-6.014043653856125660e-03
-6.287175202208882333e-03
-4.261866584833099054e-03
-5.422973315511707025e-04
4.235644330004888214e-03
8.820444420035020855e-03
1.363257180967405828e-02
1.313329388274932577e-02
1.357062185363841836e-02
1.228554745312411545e-02
9.020542778030138029e-03
3.100285549803591910e-03
-4.046242019106549917e-03
-9.626568222948782977e-03
-1.389005131444718578e-02
-1.685406632033363550e-02
-1.640589710713830085e-02
-1.224450560725050437e-02
-9.499909601897791114e-03
-6.797071738785349752e-03
-8.224795592752343976e-04
4.226448633405847574e-03
9.075136176786544745e-03
1.147448701308876468e-02
1.072295660893140927e-02
1.312177506279894879e-02
1.560993696888663372e-02
1.692859986118901150e-02
1.608879076968086977e-02
1.240780181948820081e-02
1.084385582000721264e-02
6.333347278816695014e-03
1.774624248405315234e-03
1.579143098070980022e-03
-9.998335716927036956e-04
-2.670904596712194833e-03
-2.542706906440942317e-03
-3.757168036755245948e-03
-4.649789465783770587e-03
-4.789099429418915144e-03
-4.618098191399288080e-03
-7.598152428090586795e-03
-1.282702878759812981e-02
-1.492538995469281683e-02
-1.742526427434349170e-02
-1.677285379984316122e-02
-1.171522067037100712e-02
-7.643095185258317291e-03
-1.641364085164275562e-03
2.774409421694865908e-03
2.763752093320609449e-03
-1.706595452933678181e-03
-2.398353829197271379e-03
-3.665975765534658370e-03
-5.884316574045243310e-03
-2.774409421694865908e-03
2.879782425039236881e-03
5.020250202876896245e-03
9.355149978067635666e-03
1.450219431752435180e-02
1.170418583445215904e-02
3.597453306350862669e-03
1.349521714152628971e-03
-8.849318907356006417e-03
-1.494310377024675625e-02
-1.395267884812696757e-02
-1.467904208264484388e-02
-1.103357756036635849e-02
-9.222393158219386114e-03
-7.174259853916721726e-03
6.961122966112229138e-06
1.312158146918633583e-02
2.098128854759551826e-02
2.655668779399679436e-02
2.797195389899224255e-02
2.822401278261225249e-02
3.003924329126280574e-02
2.862697788726283055e-02
2.358899450947073151e-02
1.669551315160491475e-02
1.927176015143077827e-04
-1.049925918955896785e-02
-1.695889726156269220e-02
-2.379381655161356621e-02
-2.660315026102352473e-02
-2.786828451943885315e-02
-2.159740021973121857e-02
-1.767170894319777114e-02
-1.182334270301446146e-02
-2.761467688691795520e-03
3.875279499809445704e-03
1.132958219404914951e-02
1.950339490892029001e-02
1.976339113065736508e-02
1.305091980058318418e-02
9.159552671565733203e-03
-1.269577231824761947e-04
-7.551515726812506844e-03
-7.350575236602530788e-03
-9.409888572033502097e-03
-1.218787947556167900e-02
-1.067320305049028646e-02
-7.066021665105701871e-03
-5.619790261773061069e-03
-3.177364846664810973e-03
-4.703443935519013353e-04
5.600895525182191621e-04
2.078817891901567523e-03
2.540712892231045215e-03
2.075391284958346251e-04
-5.788032790812975897e-04
-1.387146632763649329e-03
-2.288973438071844561e-03
1.898224090377046780e-03
4.872664112302614765e-03
7.726921219519041276e-03
1.211983132072877965e-02
9.376513033219301824e-03
5.352224529782880803e-03
6.313668488094749225e-03
6.428566297179599646e-03
7.879656900188786867e-03
5.317890702586253529e-03
1.315429878971765935e-03
-4.419868011765871671e-03
-1.182256832856401485e-02
-1.737667227757803967e-02
-2.231805244267705962e-02
-2.356276257496189158e-02
-2.233576625823099904e-02
-1.766561074440051518e-02
-1.449222424647486629e-02
-9.899602974495234908e-03
-1.157428452038992885e-03
7.254417289218461663e-03
1.126753544120720485e-02
1.314510309311861698e-02
1.031524846077185552e-02
8.666595576092761197e-03
5.354189504950886309e-03
-3.848883010729884421e-03
-9.636315661343765673e-03
-1.532496717112269424e-02
-2.245318078427980049e-02
-2.624374371921050705e-02
-2.992328071730859101e-02
-3.201157501654748605e-02
-2.554187007668796972e-02
-1.158057631279979689e-02
-6.150149643202551487e-04
5.688032010218570765e-03
1.270167692343226497e-02
1.899133980356320500e-02
2.538970549717543129e-02
3.128966443511967122e-02
2.874748991111341148e-02
2.207499566204347910e-02
2.097315761586584365e-02
1.503351198733626770e-02
8.147871170781214797e-03
2.665106468014483924e-03
-3.368848288898720726e-03
-8.912672417083078100e-03
-1.027449700531716213e-02
-1.035658069706438429e-02
-7.475801264920197559e-03
-4.355139987389258956e-03
5.544298432535256331e-03
1.258222966445104833e-02
1.424655395207103173e-02
1.931270520049808287e-02
2.233983172409583981e-02
1.868972095511468520e-02
1.350954306885952978e-02
7.407307844778293453e-03
3.934286832933392561e-04
-5.722820782404835572e-04
-2.399050766202672283e-03
-4.574704183132449059e-03
-7.635777346701607370e-03
-1.203900598746353127e-02
-1.498308085125100650e-02
-1.860221664221434201e-02
-1.798929926468673113e-02
-1.081607513659747950e-02
-3.888714896524674957e-03
2.319812900560836930e-03
3.439926183768986841e-03
4.158129447515293911e-03
6.668293267676264451e-03
6.881033288574903498e-03
6.530677248151468481e-03
6.669987211786613905e-03
2.780914167078608109e-03
-2.309010376977122111e-04
-2.232250509576712283e-03
-5.542981995969498490e-03
-7.430209969150219397e-03
-4.897618328968221871e-03
-4.170422641916116634e-03
-4.059783892308715600e-03
-4.224551416002256948e-03
-6.304763181914625411e-03
-7.000228875859727459e-03
-7.603931197427035195e-03
-5.350733858965773387e-03
-3.163658418891925669e-03
-2.137728428219208554e-03
-8.710686521365001989e-04
-1.616622821472541967e-03
-1.685058163530662664e-03
-8.819447412930071870e-04
2.955283933957672873e-03
5.950486870835811071e-03
8.161035536438787999e-03
1.082207653858843245e-02
6.501115503505711969e-03
1.585715601219136236e-03
2.049285186297702336e-04
-2.945333222269448138e-03
-5.335062456024882577e-03
-2.197335901542250922e-03
-1.104848426853743612e-03
-1.288346132567434570e-03
3.052951911520110730e-04
5.614398679661834670e-04
-1.121681391470302378e-03
-1.496759336224209565e-03
-2.019626644845639619e-03
-2.719680507409630299e-03
-2.674476398864874139e-03
-2.382876019868991786e-03
-1.380341817280359698e-03
-6.605201109326217564e-04
8.919409474801954585e-04
2.431293782383096846e-03
2.488907241496241679e-03
1.817805303698282046e-03
2.323626694729281125e-03
4.021481396053554896e-03
5.941784837948930163e-03
7.167222726098298677e-03
7.306890837916774073e-03
3.818324258979178924e-03
1.976581105081500617e-03
4.734051085672870895e-04
-2.229782191015917091e-03
-4.297787879653139353e-03
-5.992854832955809945e-03
-8.062428629855183590e-03
-1.000288516682340187e-02
-8.861476586228000246e-03
-5.264071678280291683e-03
-4.882624503671471189e-03
-4.005906789918970562e-03
-1.227644855333138042e-03
3.233235963264453547e-03
1.000675703907563142e-02
1.605084642160903990e-02
2.060862084331862437e-02
1.895223389381570783e-02
1.191791318277511669e-02
6.478184340091895296e-03
-6.888535041063593815e-03
-1.277195140481019592e-02
-1.148242435120583153e-02
-1.526746986817711579e-02
-1.385781797794739291e-02
-8.599205639542740337e-03
-7.100491007831158038e-03
-3.989819160710964853e-03
-1.494126463092695022e-04
2.371318481196092818e-03
4.650254090454037856e-03
7.427325424322310174e-03
8.853374693540213766e-03
8.022887134479310747e-03
5.528985177777696360e-03
4.260153281361487958e-03
2.600136451622106319e-03
-4.319073497359760027e-04
-3.505109153135236872e-03
-7.491124199358388351e-03
-1.108236315074442521e-02
-1.335670091170285123e-02
-1.576519904620095683e-02
-1.575203468054338363e-02
-1.313348747636193525e-02
-1.086544150781338161e-02
-9.264490089281728069e-03
-6.978285039870226782e-03
-4.820664867955199578e-03
-3.650391479719442347e-03
-2.174733847269872625e-03
3.409696541159721022e-04
3.267492353016035987e-03
5.530156419133995353e-03
8.123613891121008596e-03
9.789738599338279612e-03
8.167404766293701740e-03
6.747802164375755855e-03
5.974879666024844431e-03
2.625661769444916690e-03
2.212329726839001658e-04
-1.465552045871256186e-03
-3.995481773879847737e-03
-5.491031150025236542e-03
-6.871895670059646917e-03
-7.812334721403180020e-03
-7.733716355321700736e-03
-5.973834260516742642e-03
-3.878531872501316587e-03
-2.326782270614845965e-03
8.972792913479540758e-04
2.250845176068034734e-03
1.905416093085559497e-03
3.413471616605642800e-03
4.232508113480583714e-03
4.662344011561617672e-03
6.148736409830488255e-03
7.875591434323946094e-03
9.243427104229611294e-03
8.963674654325546470e-03
6.654277090123200677e-03
5.981732879911286216e-03
4.477268517905144511e-03
2.233779899116342116e-03
6.596160287617266376e-04
-9.778510169806821188e-04
-2.431313141744357621e-03
-1.394464471320359250e-03
-6.529138178931208260e-04
-9.564047165755938922e-04
-2.559927058282724169e-03
-4.348422289031644329e-03
-5.224113956637303942e-03
-6.338438790828374199e-03
-3.100275870122961522e-03
1.620959318395036840e-03
3.779547458373120998e-03
8.051519629784533588e-03
1.237537488937579498e-02
1.243906718792493586e-02
1.040130082157761024e-02
8.441814032489695571e-03
6.704272640580087941e-03
4.402270352379498639e-03
2.380746490130267092e-03
9.357502140460863607e-04
3.922961606595627335e-04
1.830127537140995985e-04
-2.400822147758066571e-03
-5.106302563682652701e-03
-6.651692615394839102e-03
-8.349014934284432893e-03
-9.190624446389858773e-03
-7.324624012831975998e-03
-6.426736837540422166e-03
-5.001549059898638232e-03
-1.583402157548430061e-03
7.999684940007837427e-05
8.844033801731716665e-04
2.642175304600666384e-03
2.746754574133331277e-03
2.482934878547180327e-03
3.960731720416105564e-03
5.712473203810756496e-03
6.558932235912098840e-03
7.819778395808088881e-03
7.131388548403932298e-03
5.129988742185653469e-03
4.707490042022591074e-03
3.579923404728902348e-03
2.040331481714426423e-03
6.254186850619904061e-04
-2.559307558722367665e-03
-3.893012674724647196e-03
-3.529889135549492667e-03
-3.913233527561905088e-03
-2.318070558047334237e-03
-1.503496393943085400e-03
-2.340556456152145283e-03
-3.073995537210967490e-03
-3.156843923728005000e-03
-3.326228655082327009e-03
-1.787807973424149644e-03
-7.303948215005081224e-04
4.244065652153483225e-04
5.266336723547844836e-03
8.431766523995163493e-03
9.215907772196905989e-03
1.166672547041185982e-02
1.043692204629810376e-02
7.535602331855852445e-03
6.988845571438177633e-03
4.325965429968724879e-03
8.003731046511415419e-04
-1.352725688441347050e-03
-1.914379477349466068e-03
-2.090307672810052479e-03
-1.850677499119693283e-03
5.999833882690450669e-04
2.593902737296020170e-03
6.317085415357339730e-03
9.789351412113057177e-03
8.483785127703839454e-03
4.030754530097640370e-03
3.425493779948809037e-03
1.448786839019110999e-03
-9.186549300844390215e-04
-1.647704275977298141e-03
-1.540385656826182654e-03
-2.329405464065729958e-03
-2.789771074855578251e-03
-2.979696088507967008e-03
-3.112917533026484263e-03
-2.191063468493642356e-03
-1.607214171899629118e-03
-1.225776676971438361e-03
-4.748318934922329403e-04
4.055437715705590882e-04
1.292363200029120586e-03
2.111370657862170121e-03
1.925859578577320420e-03
2.379120303784330946e-05
-7.968564766780559432e-04
-1.699626082879668711e-03
-3.696708751536713876e-03
-6.311064654005126007e-03
-7.813883470304072362e-03
-8.832815051880887544e-03
-9.263967386527679343e-03
-6.307163742711006590e-03
-4.706163925776202413e-03
-3.308727792502258718e-03
-2.171045888949626069e-03
-3.822428443566540379e-03
-3.753431680031846587e-03
-6.492616743912072016e-04
1.791912158011510882e-03
3.061508749197533984e-03
3.810503077029679751e-03
4.121501536009221887e-03
1.665389052489347045e-03
-9.478953093332610227e-05
-1.764441224381956648e-03
-4.606163145181797064e-03
-6.288569076219685007e-03
-7.077908312920040516e-03
-4.855443960460833347e-03
-2.106695372117605401e-03
-1.169808763565490179e-03
3.754341570011119917e-04
1.149742785618321087e-03
1.951104185661843701e-03
2.990885799316904316e-03
4.123447151815965751e-03
5.933770062386818471e-03
7.401199966300404942e-03
8.818276171573772443e-03
1.007112691526891070e-02
7.629572671417412383e-03
4.722280594026099718e-03
1.612634793052747546e-03
-2.487445609721025425e-03
-5.031710944743490038e-03
-5.658402507808400241e-03
-4.548317373733518597e-03
-4.607721573763319360e-03
-4.420816620467667851e-03
-3.609417391610245281e-03
-3.306094919370744338e-03
-4.632820985638383578e-03
-5.948647731516002769e-03
-6.475638584086055270e-03
-4.475700409642992261e-03
-8.503589754273984183e-04
7.242385446194664822e-04
3.284877059428537461e-03
5.696617886937885289e-03
1.880239243765450229e-03
-2.100403579707735627e-03
-3.201738282492582691e-03
-4.370946905858977792e-03
-5.348904399326595907e-03
-5.211588449901347585e-03
-5.517708349843083830e-03
-5.778324071140515834e-03
-5.767250516499145344e-03
-5.895903151760033441e-03
-5.826664396209576061e-03
-3.800068381309926538e-03
-1.689142988756762694e-03
3.706388432167282912e-05
2.788570794457387661e-03
2.814996322578840540e-03
3.720540125249173925e-03
5.270286033245116623e-03
6.045725248559976478e-03
6.372066001338969748e-03
2.837472541003020765e-03
4.096760272317488509e-04
-7.924309266937600319e-04
-3.320246612452635703e-03
-1.871198422056499040e-03
1.876125379497458603e-03
2.399844500014378795e-03
3.919447882526730029e-03
6.319950600823988178e-03
7.945614244005480900e-03
7.763868560485922589e-03
6.119755446022565396e-03
6.086805813156109975e-03
5.421076098108115748e-03
4.326710765377278153e-03
3.453632611541872580e-03
2.275121815089500843e-03
1.199622179907641750e-03
1.534442332919013440e-04
-9.493840442142423503e-04
-1.404870127998220867e-03
-1.526253323105552498e-03
-2.105117584174822330e-03
-2.464930672574322783e-03
-2.444119359218599984e-03
-6.194637455380645535e-04
7.001351718812872564e-04
1.577178122902974516e-03
3.096984778708567788e-03
4.047229346530867647e-03
1.576210154839917561e-03
-3.686274055816961097e-04
-1.248214176673096603e-03
-3.287916479146536352e-03
-4.224290064625230851e-03
-3.757835934718755690e-03
-4.422936470525762158e-03
-4.825775739328140405e-03
-4.844099374761806805e-03
-5.126610533645585381e-03
-4.172765124628713754e-03
-1.204181309484639653e-03
4.707722354357724384e-04
2.538931830995020972e-03
5.899542711677127627e-03
8.608023828597190230e-03
1.025562162808755194e-02
1.062635339623833365e-02
8.520229125277931082e-03
6.571564219134990760e-03
4.888848538316926083e-03
-1.239686378037565704e-03
-6.206572501598136768e-03
-8.971447437871891972e-03
-1.246607349688422413e-02
-1.311345053745665776e-02
-1.209476094789560703e-02
-1.066894399101283621e-02
-9.163027676912108635e-03
-6.666144378576277681e-03
-3.396493456779625403e-03
-8.928140546730727305e-04
3.655560429176166366e-03
1.042288650938377921e-02
1.400562670117617807e-02
1.566288482193584769e-02
1.378192928180373492e-02
8.401565920427789269e-03
6.379103129157393665e-03
2.727637204887957498e-03
-1.824368127165807655e-03
-3.915914799096572273e-03
-4.536314569751613568e-03
-6.749166999344666067e-03
-8.016033920592868095e-03
-5.635045438446837848e-03
-4.032380716443575812e-03
-3.408912487028644897e-03
-1.743823504638845282e-03
-1.143867219475565994e-03
-5.429700693549953123e-04
4.702505006497847777e-04
1.135610451897690930e-03
1.830021060654059718e-03
2.613329856321571550e-03
1.896317193292824683e-03
-2.588056210195156917e-05
-5.972498464589724677e-04
-1.254747961098730616e-03
-2.009037074235797606e-03
-1.706914882394487036e-03
-1.462028642121729035e-03
-1.561361524752625293e-03
-1.324780450460895376e-03
-1.114063482814045027e-03
-9.890600871508806353e-04
-8.061557458598434195e-04
-6.303514503113281800e-04
-4.687414384394790619e-04
-2.959601071518906104e-04
2.986055638682250796e-05
7.164986719872636686e-04
1.226570410783145090e-03
1.709596153929154438e-03
1.140614846783694894e-03
-4.627516520652831858e-04
-1.040042965032085846e-03
-2.038821451536057365e-03
-2.902074729531436709e-03
-2.584164978581667861e-03
-2.794359243474467749e-03
-2.818606843454042263e-03
-1.818173131562243706e-03
-1.282228574408915238e-03
-7.707310186561509282e-04
1.229977658365105208e-03
3.759268527452079480e-03
5.395202311782605793e-03
6.956699352064059545e-03
3.589757960249560266e-03
-2.888832926428818565e-04
-1.935849008988067789e-03
-5.318190772685802044e-03
-7.242511282042861376e-03
-4.989197787414031450e-03
-4.821845788992129393e-03
-4.893785175438515600e-03
-3.586070001929313709e-03
-2.686285609234167950e-03
-1.975322746599526835e-03
-1.020451291435814844e-03
9.787609069599554484e-04
3.881280901800397785e-03
5.417059030646429948e-03
6.534249050304148654e-03
5.282230759143238460e-03
4.498379901360415392e-03
4.388718799496702135e-03
3.196927481219189945e-03
8.176958611076073219e-04
-1.014140139664684078e-03
-1.050942285422106328e-03
-1.710244692531402537e-03
-2.792374908945201469e-03
-3.267995696408825673e-03
-3.592477950506749867e-03
-1.915357125093153628e-03
-3.998211443817668159e-04
6.183031518304593979e-04
4.106256039016075929e-03
7.319716414752277210e-03
8.923678213960036312e-03
1.014207897429098004e-02
9.063907747255083719e-03
5.999330539297660983e-03
4.889942342228180243e-03
1.520203522711446962e-03
-3.091680313723016178e-03
-5.573850497500382022e-03
-7.674902615810365314e-03
-9.749180737496197444e-03
-5.120686569099677267e-03
-2.064017660217428059e-03
-6.476867903526138323e-04
3.892257659635463100e-03
8.213518764817731230e-03
1.103522310607355644e-02
1.074483268715649420e-02
1.118690370155456769e-02
8.306676011206324747e-03
3.128763170218725083e-03
3.437448185527561696e-04
-3.839009736486704086e-03
-7.802635681411350561e-03
-7.444952122750575670e-03
-8.405002207051643151e-03
-1.029298519532154642e-02
-1.057263116873867655e-02
-8.529163470499947358e-03
-5.991635193196358580e-03
-2.322552250179287306e-03
4.441405301168887404e-03
4.859344871754952763e-03
5.402878298522647421e-03
3.354261010188453688e-03
-1.731094724609647591e-04
-2.840105414134535579e-03
-6.760114718137839353e-03
-1.034467468988878487e-02
-1.132183844954469561e-02
-1.072721566840885953e-02
-8.070656358391168142e-03
-5.011006107874703235e-03
-2.869570361973986915e-03
1.996676122070561521e-04
3.444630508555443591e-03
4.892478418553389448e-03
4.077333153291936262e-03
4.837420395126714595e-03
5.410631722707732148e-03
4.497644245632491204e-03
2.747074003594139700e-03
-5.916966136812151734e-04
-6.871547201556946032e-03
-1.070795310395402863e-02
-1.117983753469425391e-02
-1.017673223094841747e-02
-3.360765755572195888e-03
1.311316014703774310e-03
4.631272236737492970e-03
9.347793420788404195e-03
1.145803155601679731e-02
1.192798005063090867e-02
1.223182522562446008e-02
9.092307930225172058e-03
6.685745731853179503e-03
2.762145266335935215e-03
-4.807026197946729154e-03
-7.426415534343036411e-03
-5.258031557566817185e-03
-3.718052447327117958e-03
-3.570572833239772908e-03
-1.769958642341381118e-03
2.514238965706439748e-05
1.376247312373629064e-03
3.160067257377984287e-03
5.570201257902657882e-03
7.621867645635480026e-03
8.622969255490789409e-03
9.304747881024264325e-03
9.315201936105278746e-03
5.881451388578594862e-03
3.860256635470802992e-03
2.325214162352694149e-03
-2.165605908435246595e-04
-2.228427035727637701e-03
-2.201759515590420799e-03
-1.564671975528279585e-03
-3.196269262936311459e-04
6.258281355526634261e-04
1.717891640229551702e-03
2.756773043585969592e-03
3.367231782233416106e-03
4.234337573119761194e-03
5.021798951777787720e-03
5.290710159375616554e-03
5.673425372147042518e-03
5.836247280033839135e-03
3.498885118489781110e-03
1.848325336726465342e-03
8.905945039044833303e-04
-2.249828809601824703e-04
-1.344459241182841382e-03
-1.818763592080708397e-03
-6.606169077389274736e-04
-2.769133995751205460e-04
1.541227789041042120e-05
1.108807416231646220e-03
2.019016824965913937e-03
2.173717480803663300e-03
1.139569441275593538e-03
7.501171707852918478e-04
4.159155493662133733e-04
-1.906500217316183215e-05
8.392873567221539345e-05
-1.783829624684985706e-05
4.114628962761517918e-04
9.181380351387666630e-04
1.151417370367409550e-03
9.376125845994078304e-04
3.991309831528073028e-04
2.536579668601792272e-04
3.592361794339183132e-05
-1.450074236542976539e-04
-3.329761738512484657e-04
-5.219951693966159078e-04
-1.352435298022430169e-04
8.843830528438474409e-04
1.379731997400633799e-03
2.085022567185762076e-03
2.710707443465093340e-03
5.723333805478255211e-04
-1.643445216499847886e-03
-2.039963653850464763e-03
-3.024996993859028777e-03
-3.951874812639135856e-03
-2.337517036434146826e-03
-1.549329681728828234e-03
-8.544099217712914415e-04
9.041925192543062793e-04
2.042354534966215121e-03
2.329260268856271545e-03
2.457874185394638526e-03
2.314731068229788132e-03
2.211400477498467066e-03
5.202208839370326765e-04
-2.885919342559016987e-03
-3.014552618458644744e-03
-3.725912347999139548e-03
-5.578022439852156622e-03
-6.435516307872347908e-03
-7.332096726278774720e-03
-8.488499132170927025e-03
-8.234639827953632932e-03
-6.533397238408658082e-03
-6.021593804747968348e-03
-4.670252310636792935e-03
-2.855370270488942312e-03
-1.437529370445759678e-03
6.807845223327173680e-04
2.659734245264518300e-03
4.159019978133306032e-03
5.786251729576951004e-03
4.894462753082655729e-03
2.492353207800724214e-03
1.993113999598511953e-03
3.434495882935238243e-04
-2.171800904038810598e-03
-4.040472929450731471e-03
-6.106281330584813725e-03
-7.994022326838955139e-03
-9.627807222069495116e-03
-1.097656424145231069e-02
-1.093726473809220057e-02
-8.096520465036047276e-03
-6.603671719786587298e-03
-5.280188346530188988e-03
-1.187658094648258921e-03
3.697860633531751661e-03
3.735108044598180188e-03
4.947797793357089531e-03
5.832636759158636545e-03
3.226324671294227269e-03
2.502274880447056919e-03
1.649814446354762060e-03
-1.479045520670268848e-04
-1.442224015551585607e-03
-2.454002313142410706e-03
-1.528208618592927183e-03
-7.522776755020348224e-04
-4.452962839841785939e-04
6.257381145227992620e-04
1.218129729273289196e-03
6.418489749643177056e-04
6.072528284226020754e-04
6.976213588215285279e-04
4.092501212840037820e-04
2.277735328859754611e-04
-4.683368277891213440e-04
-1.523339739235751245e-03
-2.152935206489832096e-03
-2.845119488701169930e-03
-3.431601658426697982e-03
-4.039959906377310964e-03
-3.488218110434894263e-03
-9.718496149897293875e-04
3.653982641233383946e-04
2.239945855678014252e-03
4.327378663340787461e-03
4.696184175046086949e-03
5.007308469873825857e-03
3.151791130438848232e-03
1.609024272177545390e-03
-1.498182249276903185e-03
-4.837923738519503414e-03
-3.820899054026910113e-03
-4.585235675658507447e-03
-3.795964196722565517e-03
-2.455289710666276083e-03
-1.937601031182200218e-03
-8.767293293692567232e-04
2.152034996191189099e-04
1.116686676264929019e-03
2.108002129002731987e-03
3.103625039621138015e-03
4.066946855975336721e-03
4.443360596656262089e-03
2.626455503256623202e-03
1.633184755031445116e-03
1.513040559044826058e-03
1.506826204080000901e-03
1.553927530028348337e-03
1.945122143032152395e-03
2.037688928902280788e-03
5.769050937096430794e-04
-9.074807067645105285e-04
-1.583866782218697330e-03
-1.700216543398133185e-03
-1.257187240617633995e-03
-8.416695261253368410e-04
-1.137333435049932197e-03
-1.902086282948643780e-03
-2.117575333146364674e-03
-2.524383271007275917e-03
-3.025868165115779690e-03
-3.209346511468209873e-03
-3.456846265511221046e-03
-3.088011714764030829e-03
-2.456189920964919459e-03
-2.225174663035766384e-03
-1.796887513855623250e-03
-1.755429441714897489e-03
-2.050243474680128741e-03
-1.705540367744946221e-03
3.425910006215923502e-04
2.516668565544712740e-03
4.956712779217843298e-03
7.341660250741777020e-03
5.821505126433482863e-03
1.000240118279187339e-03
-2.315611919167170029e-04
-2.573701243820023486e-03
-5.778246633695471000e-03
-8.253515205183241388e-03
-1.055414297873429226e-02
-1.068336671515238319e-02
-1.098169447218651056e-02
-1.206940018464351845e-02
-1.071598723887740023e-02
-7.482296330623309372e-03
-6.048813066681127740e-03
-4.146378315229784159e-03
-1.708957295007536943e-03
3.423538484461434135e-04
1.746136948309551457e-03
2.643878928391646659e-03
4.010601435024795623e-03
4.237241477308932060e-03
4.259891929984462727e-03
4.468082500986734693e-03
3.486408010156977991e-03
2.878949972505007952e-03
2.476081664660737675e-03
2.036527367226612616e-03
1.780635330076898353e-03
1.399981889279783504e-03
9.510305578895021259e-04
1.334992513526145070e-04
-5.639236740159874741e-04
-1.188209836444201195e-03
-1.877180464686190563e-03
-2.082854318724514531e-03
-2.242414174238809444e-03
-1.095691448977225606e-03
2.948953422825281007e-04
1.022445305645711946e-03
2.006200927811041188e-03
2.798957091773988069e-03
3.153243082533433231e-03
2.424043701590800504e-03
2.176156760322566462e-03
2.022937095621294562e-03
1.513863331898424600e-03
1.453462124763675719e-03
1.699035622361204020e-03
1.593991728158272291e-03
1.621191630730170257e-03
5.808176206205189172e-04
-1.480981456796382541e-03
-2.102445992320785967e-03
-2.902897502385034818e-03
-1.921465003571042355e-03
6.580982548388535514e-04
1.563771765229636859e-03
3.181033445623795888e-03
5.234413136828229562e-03
6.642671153047148905e-03
6.189381388798246945e-03
5.697934323503643129e-03
6.203610519325182711e-03
6.536727048545574667e-03
6.605191429645586310e-03
5.910296836857689695e-03
4.180392712965602144e-03
3.754583562026884373e-03
3.672422432834616945e-03
2.820697654470245407e-03
2.290744819627238849e-03
1.890131877369891555e-03
1.206920659103090680e-03
5.771354701086505714e-04
2.179263937804978878e-04
2.799547552292452543e-04
8.374191783604541727e-04
8.973344655275483249e-04
-3.771513323449748856e-04
-1.309138086561896161e-03
-1.082449645874607571e-03
5.128701344661787658e-04
1.270825910626105287e-03
2.005881498350231898e-03
3.085524036841974863e-03
1.596314851509608636e-03
-5.690345453889276506e-04
-1.008274253202559373e-03
-1.586857803533543200e-03
-2.181587061156315278e-03
-2.038511701755879330e-03
-1.935432782720953107e-03
-5.330135498583922580e-04
5.664810456385835965e-04
1.529118508572200729e-03
3.174180231737353235e-03
2.847123182591698286e-03
1.959196398668999143e-03
2.228998136884840966e-03
1.848015586946287090e-03
1.208159658223803470e-03
5.904353512950520156e-04
6.365696771484055750e-06
-3.190364657751664553e-04
-5.954987922329025131e-04
-7.374406610314990836e-04
-6.377147833670018546e-04
-3.106277272113914254e-04
5.527997850353378196e-04
1.096059276841187050e-03
2.079650344435796452e-03
3.422638274162790976e-03
4.393665116298922473e-03
3.747691629417919303e-03
1.144951343706189766e-03
1.412681630267089707e-04
-1.124730490868931657e-03
-2.628739907885437131e-03
-2.455909210226632586e-03
-2.691667511664764395e-03
-3.251811270394514789e-03
-3.180249391492720196e-03
-3.290994617587056793e-03
-3.490686428995689455e-03
-3.070123664958739670e-03
-8.858921150541531567e-04
6.022329460475891886e-04
1.880084368875361211e-03
4.143726082737007703e-03
6.114741371455931045e-03
6.945296688281248944e-03
4.482282592471778862e-03
3.285235207611868734e-03
2.665348460030247946e-03
9.434823429337847126e-04
-4.837633348100587021e-04
-1.738218969553746241e-03
-2.445532592590662999e-03
-4.389018869596249457e-04
5.900026695708656104e-04
1.156828311839897590e-03
2.018852270395194316e-03
3.747536754527829744e-04
-5.527233155583563280e-04
-9.601410732989934700e-04
-1.709751028819243455e-03
-5.435924728195408668e-04
1.102380108292948420e-04
3.470339740310233816e-04
1.097927455202886947e-03
3.159312242288800192e-04
-9.480182412772691219e-04
-1.319233993459579526e-03
-2.198323228966568652e-03
-3.199937861895296807e-03
-3.987854185542959347e-03
-4.608282995239892238e-03
-2.858535526055138408e-03
-9.359079928403647546e-04
-7.889094588803590498e-05
1.601561238411377056e-03
3.328658254920599784e-03
4.566989477669885882e-03
5.580732750428717137e-03
6.829372833049558375e-03
8.340884002554754817e-03
1.028591902846123264e-02
8.859811681159542388e-03
4.848029325097817817e-03
3.788772194014052800e-03
1.142560462590439191e-03
-2.966638199337329803e-03
-4.506307559796850562e-03
-3.998956779226222301e-03
-5.286141350117988698e-03
-6.211034834368829062e-03
-6.453927060431689094e-03
-7.402526082546792736e-03
-5.862101706998088316e-03
-3.467774624943133124e-03
-2.664545046537911046e-03
-7.271724558185917436e-04
1.548448830791446500e-03
3.214205711144755423e-03
4.542751557370941322e-03
4.485709199415000188e-03
2.267010242721084409e-03
1.365028562522799943e-03
3.428920386892030689e-04
-1.367545279486747940e-03
-2.784118141367326188e-03
-4.213806970502325701e-03
-5.721436588074663501e-03
-6.529660881685259155e-03
-6.795493950842567549e-03
-7.465172975587833562e-03
-6.026278770173163456e-03
-4.328811256074111685e-03
-3.601044467864803183e-03
-2.068267040014247493e-03
1.070204849876938086e-03
4.103274697381861097e-03
2.564263555205218825e-03
5.266849746621264259e-04
7.569897440329957086e-04
-3.453351900803586249e-04
-1.443424295949775980e-03
-3.140833731965044558e-04
1.385355891846994157e-04
1.429475876161126274e-04
7.020420689655093539e-04
7.879414908173021760e-04
8.675636397801712385e-04
1.005302591248974711e-03
8.245132601757168252e-04
7.439008798843406564e-04
6.498230958677802963e-04
4.539499184679070764e-04
3.184595568095845456e-04
1.733282332432156128e-04
-2.637093472269618020e-04
-1.003840959473759108e-03
-1.483982157791858799e-03
-1.902057243906752401e-03
-1.412275083680605793e-03
-9.842880046000103064e-04
-8.954537035810288806e-04
-4.019855209707619672e-04
2.982464477168309523e-04
-6.106765314616341878e-05
-8.691017410323686587e-04
-9.637835371202763818e-04
-1.064939103613908675e-03
-1.014691881460626569e-03
-1.098121048815498164e-03
-1.116822191793757045e-03
8.947509587672497188e-06
3.123352228746237042e-03
-2.472142034644096492e-04
-5.816471692505587954e-04
-2.006229966852932621e-04
-1.058521475355841696e-03
1.147990763424188332e-04
7.917852919957009839e-04
1.099243891768644137e-03
2.240565355238370755e-03
2.854295825938949361e-03
6.202603832539603339e-04
-1.016017997707014363e-03
-1.261659253068956677e-03
-2.313066163161330274e-03
-1.941037317806052365e-03
-1.582501947249787336e-03
-1.758827009616227002e-03
-1.438903885095300494e-03
-1.165917531952001584e-03
-1.019376846885821676e-03
-7.664100092226651959e-04
-2.900032316918386695e-04
2.294829644853338933e-04
6.318140500546071256e-04
1.112301780939281559e-03
1.607407765512240553e-03
2.072313146517825323e-03
2.548369519609825200e-03
2.421933531213336585e-03
8.851603311984821755e-05
-1.385259095040688657e-03
-1.890702978527095037e-03
-2.814976963217579332e-03
-3.120109535734996980e-03
-1.742845856895157940e-03
-1.275704469663911829e-03
-7.771738140838575434e-04
3.716978002777124681e-04
1.244458460588436033e-03
1.884827412384339944e-03
1.506351899729103244e-03
1.398800968242854123e-03
1.557141183997697237e-03
1.575184108693077414e-03
2.228843261994752165e-03
2.678164357185120695e-03
3.025306743639206812e-03
3.758571590446678577e-03
4.589243063439563293e-03
4.949598213954375416e-03
3.592303716255399858e-03
2.780004277099334346e-03
2.355134055181781934e-03
1.331014164786981525e-03
6.355717020753939460e-04
9.450775543017023617e-05
-6.566859894348534444e-04
-1.314413512505556176e-03
-1.818260248687918711e-03
-1.198547735357648582e-03
-4.958164731312428948e-04
-3.020892809271667431e-04
2.876636528834302211e-04
9.292899951932448964e-04
1.440994696111503204e-03
1.087618595331331156e-03
4.860109566524767897e-04
3.942969506459012259e-04
-8.876944715875649127e-05
-8.439965213489255798e-04
-1.374398493373190592e-03
-1.965449472356346500e-03
-2.652213133414566340e-03
-3.270231702634486797e-03
-3.899856208930459461e-03
-4.263947716168670944e-03
-1.934648728589877199e-03
5.433214417618850321e-04
1.386604570648337659e-03
2.092069374684815946e-03
3.366167017364053542e-03
3.549045223517388430e-03
3.757806895676863552e-04
-1.470266050338342890e-03
-2.794262446668162141e-03
-4.473261130124088665e-03
-5.418414185934709339e-03
-6.758343336582445064e-03
-8.026788045773430164e-03
-7.291867973578130928e-03
-5.127714017237470362e-03
-4.610412524978617366e-03
-3.434766913992894077e-03
-1.350199291796768666e-03
1.143344516721515316e-03
3.221204120240656488e-03
4.555102829855547236e-03
5.082606705499020244e-03
6.318459930006880762e-03
6.976068393005827734e-03
4.425946851201868586e-03
2.427547745979066664e-03
1.386440016077617821e-03
-6.426485165844026456e-04
-2.518643220393348633e-03
-4.037723900151649406e-03
-4.499928650261305133e-03
-5.076198756921584086e-03
-5.663068113872333706e-03
-3.452742080923860025e-03
-1.954259761547409192e-03
-1.127808629309452314e-03
2.876646208514932381e-04
-5.631067089707673598e-04
-9.941709585238208118e-04
-7.746638728963509916e-04
-1.314219918892944742e-03
-1.685232397782012890e-03
-1.111962992117211495e-03
-2.543413523126974041e-04
6.553947200387356465e-05
6.320289389646058026e-04
1.499024381491762719e-04
-1.069411116065231357e-03
-1.419418687985965488e-03
-2.192815490687775003e-03
-3.319278644389578748e-03
-4.174342912571495957e-03
-5.064205632620309011e-03
-5.754957322098322621e-03
-4.208541224239295206e-03
-2.941858216923074008e-03
-2.412011858567003880e-03
-1.116241410955922742e-03
1.079671577533634371e-04
1.150004136995346534e-03
2.320577595330651412e-03
3.470059029571947486e-03
3.082242625108211950e-03
1.444982724531297625e-03
1.169857161968642983e-03
3.723289154548255556e-04
-7.767120933177794340e-04
-1.540463094271227271e-03
-2.340479018707100883e-03
-3.243670658984206760e-03
-3.316839364870675586e-03
-1.630571241261191510e-03
-8.352102752405582854e-04
-1.430763273684992085e-04
1.127556957613057688e-03
2.171607310426198947e-03
3.168120751662617529e-03
4.121898402915075144e-03
3.210024089112349568e-03
1.796984310661928642e-03
1.434373794560194187e-03
5.391804743881276280e-04
8.526230527268884463e-04
1.791399134938090592e-03
1.859456969451619241e-03
2.284511105301152700e-03
2.013751078702884743e-03
1.495452579339082762e-03
1.553201553981055838e-03
1.376528023111915720e-03
1.074938213705286215e-03
9.957777855084952619e-04
1.344449561502210778e-03
1.537317198066292384e-03
1.646194245798929517e-03
2.024621360051013196e-03
3.136574672487593869e-03
3.894851814044455064e-03
3.054297387127760059e-03
2.081779874174521580e-03
1.909462199589137110e-03
1.633823613953062611e-03
1.316988307553287364e-03
9.972297376030804777e-04
7.942865214706399486e-04
6.801146884330819178e-04
4.941312407334609190e-04
3.212134259489813704e-04
2.410889015613857744e-04
7.577012005593424101e-04
1.310328687279456146e-03
1.598076553384372321e-03
2.088652447422225007e-03
2.546530380290016899e-03
2.328456855363934645e-03
1.631142342418394993e-03
1.482956111645018652e-03
1.230219650380869447e-03
1.114605544929356696e-03
9.979266746084815981e-04
8.284064277253315629e-04
7.184239604646838490e-04
5.389549378294354381e-04
3.609940094364295633e-04
2.091566031292026423e-04
5.947534568243486832e-05
1.465939233096478784e-04
2.529445743977063290e-04
2.520927625022162995e-04
3.329471348093567614e-04
4.188843074156088750e-04
5.093331791637690500e-04
9.064353012564091731e-04
1.320414914496508690e-03
1.600293200248772453e-03
1.556763676453104973e-03
8.242586845751329310e-04
5.019340312897623349e-04
1.610689177246003303e-04
-3.994194376355982034e-04
-8.541350188413832133e-04
-1.244032554640690964e-03
-1.227596456929985454e-03
-1.246965497871753425e-03
-1.413155934617987526e-03
-1.432166827376424442e-03
-1.462077040524881839e-03
-1.444198670400221284e-03
-1.090764491536266043e-03
-8.574687008505511073e-04
-6.802898906524952691e-04
-4.022933348148140763e-04
-3.625340466247530717e-04
-4.477984814271806840e-04
-3.650391479719442131e-04
-2.149953864855616776e-04
7.043806798058546768e-05
2.582112886287987567e-04
4.991549949807259825e-04
8.025413531123889782e-04
1.055956359988740895e-03
1.321750710423527306e-03
1.586741647365976383e-03
1.538536837825744182e-03
1.332320921672108327e-03
1.345978951041840611e-03
1.253528321339279035e-03
1.114450670039267679e-03
1.001314562829180507e-03
8.635310848294762984e-04
7.346548489460213950e-04
6.056469694059907509e-04
4.716811574469828051e-04
6.397310608423493247e-04
1.293573160107941780e-03
1.636195135707551977e-03
2.004206913601144086e-03
2.365442915053337508e-03
1.412991380047267905e-03
6.135068700780125584e-04
2.874371483566749057e-04
1.690672378296392554e-05
-7.604153830081539364e-05
-3.431708134913634195e-04
-5.140346000460362065e-04
-4.454521268423307910e-04
1.799752699322271549e-05
2.754004654925626535e-04
5.112158770464146369e-04
9.362632371195065426e-04
1.650288750705659934e-03
2.255762453828363909e-03
2.802064269256400540e-03
3.140291669849732455e-03
1.346898520701744761e-03
1.304191769759675715e-04
-5.659031687049387782e-04
-1.845905416568822954e-03
-2.414799606588607494e-03
-3.057946626725484632e-03
-3.916292306641164754e-03
-4.177430730692648086e-03
-3.097459083059465879e-03
-2.585103907602833654e-03
-2.254852563849090146e-03
-1.466045709583415051e-03
-5.616750842055062611e-04
5.038757752242544559e-04
9.485273924784371272e-04
3.664010790366652648e-04
3.740770657767062421e-04
4.104552415225096195e-04
9.755956513937594882e-05
-3.870052472268938358e-05
5.006059791072482897e-05
2.274763666906170004e-05
-2.482247621222410420e-05
-1.449183705924964323e-05
-3.619784329565584589e-04
-8.925594790724888363e-04
-1.171831816817279093e-03
-1.569366620634105513e-03
-1.994111006703460504e-03
-2.345841561776436119e-03
-2.733745083365846876e-03
-3.120177293499410559e-03
-2.990450213688528643e-03
-2.053592644178305233e-03
-1.637105025686825524e-03
-1.203503731840499741e-03
-7.268714177509811875e-04
-3.539191308635468978e-04
8.577949060878012994e-05
4.947439645173758692e-04
8.861147477086561870e-04
1.073147472788630935e-03
9.954293170057948101e-04
1.128979870665751308e-03
1.212854303329629181e-03
1.122910710910384781e-03
-1.373014299043019281e-04
-1.711841839835446383e-03
-2.057183805692246181e-03
-2.523860568253225023e-03
-3.479554796270535339e-03
-3.137649117037587254e-03
-1.688678364086495425e-03
-1.251495588406859516e-03
-5.009273445041831797e-04
9.718399353090986749e-04
2.310752719490624316e-03
3.465025595644051493e-03
4.804325567050800327e-03
4.035061987978242996e-03
1.450742134506485901e-03
7.967771032968852920e-04
-5.797896385375525194e-04
-2.299466211875381399e-03
-2.323394382394147056e-03
-2.614897964583723800e-03
-3.393637950993607343e-03
-3.663488087612601970e-03
-3.997872654995598095e-03
-3.999847309844234422e-03
-3.392534467401722795e-03
-3.230244941949607894e-03
-2.856425355677674489e-03
-1.484640376074737502e-03
-4.554270377321318741e-04
3.866558107561303263e-04
1.441217328766006235e-03
1.090377304311043174e-03
3.317410466027879068e-04
3.769354754669132458e-04
-5.082190479231905021e-05
-5.869845451502542872e-04
-7.265248851844067698e-04
-4.710403625892392219e-04
-4.641300385870761780e-04
-4.547039655890283715e-04
-2.967528729955342141e-04
-1.176729735216346688e-05
3.656121850652738919e-04
6.307057266224070594e-04
9.491110772204604815e-04
1.294231378390820267e-03
1.348786058424705650e-03
4.595215426388623995e-04
-6.628287147630123851e-05
-4.441666652545912309e-04
-1.142647579716114196e-03
-1.745720722042436992e-03
-2.304954590792913406e-03
-2.781272315261938948e-03
-1.933932432223215087e-03
-1.006125364102573253e-03
-6.614329048160843541e-04
1.382248714364581741e-04
9.435278374327484658e-04
1.203794122259416784e-03
1.328439369739250120e-03
1.649204626475036161e-03
1.193988605780650896e-03
8.670912713653993993e-04
7.561040532552986727e-04
4.066356395456872139e-04
3.729232478455424770e-04
8.355287367333041242e-04
9.726433488014360083e-04
1.160719543453386186e-03
1.503264081607951766e-03
1.755051934170305224e-03
1.576761896635859835e-03
7.167997100548744414e-04
2.913225721617851817e-04
-1.678795410162684703e-04
-3.141511309609184145e-04
2.692064378570617760e-04
3.457988467825628227e-04
5.118373125428971743e-04
8.847731439732593609e-04
1.141679611653057458e-03
1.419486445750379501e-03
1.721840949926823922e-03
2.003297023621870322e-03
2.291025530365525288e-03
2.581522425769523094e-03
2.696633187828246375e-03
1.674420194517667630e-03
9.741146602572825410e-04
5.239204578740360883e-04
-5.127501064263597719e-04
-1.472143908380673391e-03
-2.276244658042646599e-03
-3.018521287517178173e-03
-1.886114809908205538e-03
-6.158145059403400887e-04
-1.863570833719610867e-04
8.897252685838583433e-04
2.011321478864611535e-03
2.862436437349257391e-03
2.290899694517328083e-03
1.295238065176399639e-03
1.148832895639047757e-03
6.329610922093296087e-04
6.875244839557823084e-05
-3.846046864305128327e-04
-8.740858085890483966e-04
-1.350692955508927748e-03
-1.799888214851099290e-03
-2.267649101642702121e-03
-2.731605873946490928e-03
-2.346974084410212696e-03
-5.997491399977852898e-04
2.747838698363954182e-04
1.134342413735086328e-03
2.220421939846157263e-03
3.188012495358436178e-03
3.900843536354777624e-03
2.609738694807630602e-03
1.555727950625634222e-03
1.174242057294290660e-03
1.296109236433150714e-04
-4.438985381011245016e-04
-7.369886199460515784e-04
-1.378367162431723587e-03
-1.409071109391887714e-03
-8.526888745551763167e-04
-8.107535941593635226e-04
-6.338177439451348318e-04
-2.892714478361676340e-04
-6.612586705647342095e-05
1.749002133776199580e-04
2.896944498797234891e-04
1.328361932294205557e-04
1.396700477546020808e-04
1.380215981432162439e-04
6.009581321085433447e-05
7.527026134817167658e-05
8.648271940659095611e-05
2.753791701951754651e-04
9.802999761802158856e-04
1.441343164614203656e-03
1.791089385157912340e-03
1.626931681344097758e-03
1.361582596218317408e-03
1.379799755165047812e-03
1.191481568497333504e-03
9.794772033266175605e-04
8.401217451925090335e-04
6.661982115905133468e-04
4.898189430125424485e-04
3.259129108951224927e-04
1.647946267993062055e-04
1.162674838940761013e-05
-1.479694059272517110e-04
-3.056175245170090343e-04
-4.610673876355642271e-04
-5.985469236634685577e-04
-2.836107706034111096e-04
2.712014200350219492e-04
5.002381512432866294e-04
8.851545233901036936e-04
1.395829306289269678e-03
2.039953974169833942e-03
2.628759267246698339e-03
3.193404077469663011e-03
3.815836581057123391e-03
4.262921670021830797e-03
3.197566340140807657e-03
2.056506228048106920e-03
1.557073426233283224e-03
4.127870765864136062e-04
-7.397599125105833607e-04
-1.686906982531101353e-03
-2.763713374598087465e-03
-3.569324154438429948e-03
-2.281578162070090239e-03
-1.275646391580128420e-03
-9.484402753527620142e-04
9.659150027951275978e-05
1.067930124928754328e-03
1.867191034275443627e-03
2.788609513179910078e-03
3.431233830562736321e-03
1.584873469004276702e-03
-3.786071563118124407e-04
-1.265434328514878455e-03
-3.006557202257795127e-03
-4.416857631089765243e-03
-4.959926433187191765e-03
-6.026559480911450328e-03
-6.025891582947941021e-03
-4.107746709833183345e-03
-3.386436268604464239e-03
-2.579644567727192809e-03
-1.198925242902240847e-03
4.719628361533323695e-04
1.576839334080904452e-03
-2.810485591404995767e-04
-5.794547215877348485e-04
-7.017923332052406534e-04
-1.736505666082135361e-03
-2.480282646054404738e-03
-3.298622205923945182e-03
-4.183645085657473027e-03
-4.801663654877393918e-03
-3.547622310464694593e-03
-2.190163258194998980e-03
-1.656851574173185543e-03
-4.707141573519890297e-04
7.476730514260732747e-04
1.757239541992813760e-03
2.105127263855453151e-03
6.441875858046631912e-04
4.063607366157790399e-05
-4.223612486981090939e-04
-1.480574910209898681e-03
-1.967075658702281942e-03
-1.831463333068014546e-03
-2.159498029957357922e-03
-2.415080317326893933e-03
-2.428022050329964321e-03
-2.017942380415920986e-03
-1.572367321629581770e-03
-1.328332893252313907e-03
-3.772432893109652465e-04
1.468117161238356770e-03
2.725449597065449179e-03
4.326042867413769713e-03
6.011526936892177229e-03
4.708748400504564856e-03
2.760006056916579267e-03
2.459306778127962317e-03
1.867984768087150357e-03
1.276856351658949614e-03
6.745517759746941277e-04
2.035762672456797862e-04
4.471983412280853892e-04
8.459150340499043156e-04
8.640063571484371888e-04
1.123472132386957659e-03
1.430240570930941570e-03
1.638479540336366122e-03
1.790624760487645071e-03
1.898166012293263805e-03
2.058267929922870387e-03
2.193105881106692263e-03
2.314150287391954046e-03
2.448726887198750691e-03
2.426173231329525632e-03
1.382606862547912851e-03
6.289266013225085260e-04
1.582637462778615145e-04
-5.994684292594987425e-04
-1.286226282509340046e-03
-1.116793152751865449e-03
-5.692891209895116532e-04
-5.845965679386929802e-04
-3.218668043915447717e-04
-2.550150580845849768e-05
9.268178047601975276e-05
3.110062027240466528e-04
5.197310920971259882e-04
6.927621591449830861e-04
8.883381703494978724e-04
1.039771933974430228e-03
7.860268499885756169e-04
5.494128647827018191e-04
8.231726244083831245e-04
9.767378537081665337e-04
8.397210064144033839e-04
-4.328627342142130855e-04
-1.729352382096145278e-03
-1.973609443127916172e-03
-2.646656996732619886e-03
-2.202969475669241776e-03
-5.713470210915705914e-04
6.449871274247481311e-04
1.639011922771047404e-03
1.843117668547219340e-03
1.104335403780323322e-03
9.760602760640268386e-04
6.758023907121635558e-04
-3.724925020574821602e-04
-5.893609067450589423e-05
1.478435700790542949e-03
9.000331604873509006e-04
1.087492759483133788e-04
5.499074964629238095e-04
1.424316606385033401e-04
-4.968396153738939905e-04
-3.991203355041136273e-04
-3.450467355975676159e-04
-1.528789399430761269e-04
3.630886923248846676e-04
1.968585688880651000e-03
1.637656767482767797e-03
1.459434487712736638e-03
8.999944417648287004e-04
2.686082335940926237e-04
-1.568940714686360553e-04
-1.447915667762359870e-03
-1.600399676735708666e-03
-1.128912112901337295e-03
-1.069353037981448165e-03
-5.333929933391105566e-04
1.550878430629719330e-04
6.351603156485947834e-04
7.261067229811661626e-04
1.254709242376208416e-03
2.199823579464306889e-03
2.103346202619428475e-03
2.074491074659703255e-03
1.890935290862228672e-03
1.122407367517595312e-03
-2.350884675384962296e-05
-8.524226833378356757e-04
-2.255965727121605081e-03
-2.841644483354795799e-03
-2.992424868537164970e-03
-2.282972036080892046e-03
-1.731656146086220632e-03
-1.157050944494400621e-03
-6.384117203724027582e-04
-4.409171964669093445e-04
6.071821667539990249e-05
4.973235994054224680e-04
-3.500637140683913974e-04
1.651188961004302822e-04
9.088223104999072462e-04
-1.751712444352758902e-03
-2.504423769547043255e-03
-2.368095147546113530e-03
-3.097933387410363969e-03
-3.300141915782944194e-03
-2.777323005564666727e-03
-2.777284286842144744e-03
-2.541574383807165740e-03
-1.253789672716304265e-03
-7.119182471128785231e-04
-9.757892450063707871e-04
-1.249278941542459167e-04
1.212796225245845773e-03
1.570770174325537925e-03
1.947377508619074944e-03
2.508934500720888354e-03
2.686711515181913236e-03
1.943205566267299910e-03
5.058465582006381727e-04
-4.411853236203760738e-04
-1.089893320279514913e-03
-1.962148701261322813e-03
-2.414509216169690234e-03
-1.846524916129179458e-03
-1.287242648975549806e-03
-1.597186022766359983e-03
-1.300087585172314368e-03
-6.142396219017466109e-04
-1.082217333539473719e-03
-1.257748662094206873e-03
3.281431093124054601e-04
-1.073796011390879034e-03
-1.426978518558439648e-03
-9.762248306347465687e-04
-1.335195786819387163e-03
-1.303736824770038724e-03
1.100202180151070461e-05
1.068733538421091553e-04
2.060465217426009040e-04
1.195508315639650125e-03
1.390553880345609609e-04
-2.415167434452569317e-04
4.532858923766500537e-04
4.568654382738343632e-04
8.713116121203274547e-04
1.276749875172013401e-03
1.267215389750903131e-03
1.115863903411330911e-03
5.784761058759843805e-04
1.895697693732468342e-04
5.146589394467079035e-04
9.553689907481230869e-05
-1.608695163036106038e-04
3.501430874495620486e-04
4.250870467636772313e-04
2.605440916607658147e-04
3.288352064774911700e-04
3.734469185676562802e-04
3.368906366982504460e-04
4.146310557465369387e-04
1.047283366143751367e-03
1.597186022766359983e-03
2.011631228644790003e-03
2.824801839057606428e-03
1.926808187279116383e-03
5.256308574414575918e-04
-6.486063600125177662e-04
-2.246469960423017661e-03
-4.437272077539634353e-03
-5.393605164478561947e-03
-3.691017099325939396e-03
-3.241347535632869981e-03
-2.784660203482637857e-03
-1.270361285955838018e-03
-5.834088711253221544e-04
-4.423139743819004197e-04
3.026187594576588654e-04
8.603464699020192110e-04
1.262694978896427428e-03
1.825074743851839163e-03
2.318631979523907548e-03
1.839332913420666741e-03
1.046160523190605394e-03
-1.067920445248123887e-04
-1.638082673430512649e-03
-2.602575731141009915e-03
-3.536887544645394166e-03
-4.294196718139198406e-03
-3.987554115443411699e-03
-2.868331362853274343e-03
-1.715403962307495735e-03
-8.797745568956336082e-04
2.908221326731847637e-04
1.526611471288883337e-03
2.794204368584378949e-03
3.937510166583371198e-03
4.809310602575543082e-03
4.801653975196763097e-03
4.136747033002367846e-03
1.919364512874208823e-03
3.614596020747599036e-04
-5.454722667979972940e-04
-2.821326833711232298e-03
-3.377637438911277289e-03
-2.754488638957155230e-03
-3.127417694611076080e-03
-2.889316910460346718e-03
-1.754887379599585386e-03
-1.027546497338021735e-03
-5.652478543262492343e-04
7.658408440015876395e-04
1.466771685630707768e-03
1.906074311368437984e-03
1.341332704339167703e-03
1.223550350426407625e-03
1.025281452070468799e-03
2.727085463092015225e-04
-2.144078298712861737e-04
-1.672639133281643171e-03
-3.330642589449866499e-03
-3.729822938973889352e-03
-2.851566156001128938e-03
-2.614481738316609336e-03
-3.035925353290940855e-03
-6.453568912248358255e-04
7.529494453377963067e-04
6.660355929559198676e-04
1.849680492014744732e-03
2.175517901400948750e-03
1.139946948820185586e-03
1.207346565050835532e-03
2.425766684743041988e-03
1.739709640370853657e-03
6.360411665859765171e-04
5.382696164407910645e-04
5.995642580977413342e-04
-8.245635945149958805e-04
-2.285062847097095191e-03
-1.825442571715800606e-03
-1.877025589796101545e-03
-1.136646177725161898e-03
1.692424400490525390e-04
1.213822271392686137e-03
1.633552582895406559e-03
1.935093993898883260e-03
2.725778706206888422e-03
2.987294637802963802e-03
2.704115580955675485e-03
3.081990953411817107e-03
2.994409203066431251e-03
2.470128661072937964e-03
1.964626699502748392e-03
1.451129321731708770e-03
4.482756896822676627e-04
8.980449540858321178e-05
9.620460344470893165e-04
1.201625873798169456e-03
8.822486832648070111e-04
1.916509007088191305e-04
-9.702427880050550730e-05
1.533300130604606489e-05
7.102213990983399089e-04
1.457014567555094467e-03
1.594911297818176442e-03
1.668641425181218146e-03
1.642128779934090479e-03
1.098982540391618907e-03
1.015640490162422315e-03
1.971750944446846933e-04
-1.165017321653358641e-03
-1.578552637552515115e-03
-1.770249032760297945e-03
-1.654838200602027232e-03
-1.824977947045533337e-03
-1.627522141862562232e-03
-6.849922795028255511e-04
-1.110917586609110072e-05
9.249050998675973278e-04
1.607436804554132148e-03
1.964568621418964767e-03
3.033002089740508781e-03
3.244880619063027737e-03
3.062360561093024122e-03
3.318242918562107780e-03
2.242917517631599130e-03
1.372307682356987447e-03
9.752859016135813179e-04
2.674369922377937926e-04
-4.235441056711646175e-04
-7.538999899757180875e-04
-7.925286914681286578e-04
-6.525479259652853896e-05
3.414904209338966916e-04
3.498836720086628523e-04
-5.622829681491060176e-04
-1.200880538389615748e-03
-2.074578191785378042e-03
-1.519671140276765680e-03
-1.088964070938980159e-03
-1.144902945303036745e-03
-7.864924426269061198e-04
-5.945647030520525645e-04
-2.388790304734269242e-04
-6.937727178028144179e-04
-8.522087623959001242e-04
-4.079443323669400506e-04
1.885001646635689953e-04
7.561979461574151219e-04
1.288946272766529864e-03
5.441132396374655103e-04
9.032526222650781470e-05
-4.504545857922087203e-04
-1.473189313888774747e-03
-2.108311878782910456e-03
-1.511753161520960464e-03
-1.275210805951752747e-03
-1.491116082416588107e-03
-1.079816772743092974e-03
-1.295615572720991958e-04
5.193022822451917597e-04
1.131728899964832722e-03
1.937039609705627774e-03
2.528090588688783683e-03
2.779297660413303055e-03
2.470331934366180003e-03
1.980317461804900411e-03
1.305556604728585817e-03
3.267134204832704497e-04
-6.077648835279592402e-04
-1.676346450963150936e-03
-2.428302761068250760e-03
-3.351889488433964972e-03
-3.670999519781923542e-03
-1.477264459434244172e-03
-1.575174429012446593e-03
-8.480523075331339051e-04
5.005275736941406555e-04
1.142618540674222817e-03
1.681757392435638760e-03
7.284250064921873142e-04
9.661492510663874833e-05
8.832079396152964061e-05
-1.136733294850836876e-04
8.829523960466493593e-04
1.199728656394577963e-03
1.238931362948381392e-03
1.793838414456993971e-03
2.118127074942306731e-03
2.104440006530683069e-03
1.736331431830785135e-03
1.553366108551775242e-03
1.269470755337825680e-03
8.934103229999158487e-04
1.685029124488770960e-04
-6.765728932903568998e-04
-1.258881184727983450e-03
-1.882601085839309208e-03
-1.730717217065055272e-03
-5.569455922494103090e-04
1.072547332589535762e-05
9.918575148531148539e-04
2.046594235082404168e-03
2.753143163349506227e-03
3.489863656142090913e-03
4.219411505587424525e-03
4.167354183156226147e-03
3.765599038584471238e-03
1.585802718344811240e-03
-2.834152410546735733e-05
-2.915045501576398693e-04
-6.570238102888603833e-04
-1.509855944117368971e-03
-9.216527271757261192e-04
2.207702839497589851e-04
4.414602265502842477e-04
3.763353352678179510e-04
2.740820929906792125e-04
3.655376515244185428e-04
3.098562566651351185e-04
2.778242575224571095e-04
2.805277923225749331e-04
2.545030029792279204e-04
2.419329697123713963e-04
2.330973572327882533e-04
2.179196180040564974e-04
2.051695426774714011e-04
1.266605569871177069e-04
-1.922916955665627680e-04
-4.144064871559077659e-04
-5.226485478391793092e-04
-1.612508957204550179e-04
1.477041826779741142e-04
-8.783351883858681020e-05
-5.735626999879077067e-04
-7.121612070967057789e-04
-1.041301323514059844e-03
-1.514821620280850951e-03
-1.839139319808055523e-03
-2.100868204378002896e-03
-1.763550693763944310e-03
-1.478706731848199001e-03
-6.903306233705842768e-04
1.034554586114553486e-04
6.821880760241497794e-04
1.344081733638249334e-03
1.371184839403841692e-03
1.070388763808918916e-03
4.324581235638553676e-04
2.314285802920782045e-05
-4.433390525606776579e-04
-7.784137811726334587e-04
-2.380185068653693618e-04
-9.123486181536234491e-04
-2.188314439194560725e-03
-2.512554701276720898e-03
-2.654681451975361098e-03
-1.668186480191581481e-03
-1.137391513133715606e-03
-7.672618211181552253e-04
-1.350818791357125108e-05
5.968452358086146414e-04
9.733306061262065245e-04
1.047293045824382025e-04
-6.041669462375768478e-04
-8.757420019449386681e-04
-1.570111956042659221e-03
-2.028802982083419051e-03
-1.951714005541569600e-03
-2.151531652798399467e-03
-2.007343130125448152e-03
-1.416485744754903244e-03
-1.222330710666956043e-03
-7.258066528816185152e-04
2.873374476461800289e-05
4.991336996833387399e-04
9.475574884792541380e-04
5.810063743928150495e-04
1.043643806226657561e-04
-2.119995253304006886e-05
-4.068331050305508249e-04
-7.973085177635035568e-04
-1.081055771863805763e-03
-1.002863311730071549e-03
-7.184568713788277300e-04
-7.087713829398806188e-04
-5.738985849057883946e-04
-3.852057945976710904e-04
-2.265742204558479698e-04
9.210293557431175476e-05
3.550274542957470724e-04
5.752450284815005229e-04
8.399726781107982269e-04
1.082701317571002197e-03
1.280757262953068814e-03
1.222611421405242482e-03
1.148164997675538450e-03
1.146422655162036191e-03
7.624955463756631071e-04
4.230252747893661165e-04
2.178034618364896801e-04
-7.899519604842713811e-05
-2.388964538985619630e-04
-3.114563078733680697e-04
7.744867347408117145e-05
4.280606446533879810e-04
3.024861478330200535e-04
-1.321779749465418793e-04
-2.586507461294265523e-04
-2.285353237516011909e-04
4.603636748537218788e-04
8.960567476843133350e-04
5.844223336873427543e-04
2.158297749559167291e-05
-4.654629306099055254e-05
-3.450757746394593744e-04
-5.251168663999743929e-04
-2.640674954102928580e-04
-2.521140577996035421e-04
-2.383389042942412077e-04
-1.090212749740323525e-04
-4.181321962306136275e-05
1.802056463312347011e-05
9.339643129697465453e-05
2.226258787266390102e-04
4.006022946086536729e-04
5.101569199854303922e-04
6.307802601632624085e-04
7.435988738486668664e-04
5.365592168733696694e-04
1.878980885283476393e-04
7.006588426034009512e-05
-1.409167906198193322e-04
-3.793979862193299019e-04
-5.531734207076776906e-04
-7.296988524631702359e-04
-8.188293517094469157e-04
-7.644034114279482216e-04
-6.742904245976687888e-04
-4.458906163748955695e-04
-3.049273632880495212e-04
-1.660103946865056643e-04
1.125591982445052286e-06
1.356665318457988721e-04
2.270601404235025357e-04
2.350894355065592806e-05
-1.826749328600927409e-04
-2.339017386931884954e-04
-3.708169493403307344e-04
-5.091347457108424219e-04
-6.007016205718332131e-04
-5.890569647732590234e-04
-4.088677738990963238e-04
-3.438696864328905198e-04
-2.794349563793837362e-04
-1.838461742163915720e-04
-1.164881806124530670e-04
-5.318035897795712403e-05
-2.147901772561936184e-05
-9.895343915017783731e-05
-1.302507505329956647e-04
-1.368251896172779122e-04
-1.352870883650805734e-04
-1.291840497275069854e-04
-1.315507316416810498e-04
-1.257942255706818253e-04
-1.198644532163954326e-04
-1.448273815945690817e-04
-1.972641475064859217e-04
-2.178344368145074999e-04
-2.577611834794772856e-04
-3.364550510698748271e-04
-2.813041027091465422e-04
-7.254862554527467507e-05
3.239992380344590573e-06
4.473299848846611434e-05
6.666492847078977807e-05
8.202067702631768908e-05
5.430484747681028652e-05
3.712844779147871630e-05
2.128232661520620850e-05
-1.140208300197211020e-05
-3.130360317522768902e-05
-4.854146883256337664e-05
-6.349473626747222761e-05
-7.137535145604344039e-05
-8.086560073667193400e-05
-8.802769323203601416e-05
-8.861563703353676552e-05
-6.009639399169216503e-05
-3.868648918577506028e-05
-2.458900231541478483e-05
1.077832438213826239e-05
2.879937299929325966e-05
-1.344226928847707734e-05
-4.397691863441238850e-05
-2.060445858064747954e-05
-1.031592603841599524e-05
-1.645739300809292567e-05
-1.823661510479776079e-05
-3.546538186234070522e-05
-4.329459794676360489e-05
-4.816541324006577999e-05
-4.324232767135852899e-05
-2.684407751191837815e-05
-2.288925039668691621e-05
-1.649669251145303430e-05
-1.706518015488633306e-05
-2.367078781079903757e-05
-1.919712981376909492e-05
-1.024023093588494773e-05
-7.268927130483683691e-06
-3.584124386122569337e-06
1.391405692241099703e-06
4.246291978698514002e-06
6.605336624855045001e-06
9.357811890241043702e-06
1.151204417393537097e-05
1.310473882488914688e-05
1.090541858881762809e-05
8.538194612528266696e-06
9.003458141717183592e-06
1.105477606094730428e-05
1.782387352271030999e-05
2.148589029886706754e-05
2.419939517003439713e-05
2.518585142309565225e-05
2.376622946181644280e-05
2.503107332981285862e-05
2.637364503327273909e-05
2.768862964693549842e-05
2.906633859108434477e-05
3.061644264726361684e-05
3.209007722646139727e-05
3.339867325090797976e-05
3.498217220526272264e-05
3.702652075443883253e-05
3.951584422220218596e-05
4.143609926569440669e-05
4.328656381184023129e-05
4.517206880186870990e-05
4.686640009944345939e-05
4.818361103965124604e-05
4.916038761208193418e-05
5.070962049700445702e-05
5.226098291166570548e-05
5.366434300948555414e-05
5.536409492821342277e-05
5.693471990732950347e-05
5.833353055525298901e-05
5.973311557762692208e-05
6.117354885226184867e-05
6.257884488620782631e-05
6.398946474450058750e-05
6.540269811656363027e-05
6.677614800123501861e-05
6.813817586276234490e-05
6.948791052988883958e-05
7.081538193156503393e-05
7.212194522307920606e-05
7.342318469024655399e-05
7.471319572788244327e-05
7.598762247970312098e-05
7.725333751895627926e-05
7.851256717218696576e-05
7.975805167892225441e-05
8.099075900722517581e-05
8.221262509322185895e-05
8.342297235926817833e-05
8.462305916384608323e-05
8.581385347501864491e-05
8.699583927681738547e-05
8.816921016285493541e-05
8.933425652355017274e-05
9.049146234293467376e-05
9.164111801142731648e-05
9.278370751305965009e-05
9.391952123825057970e-05
9.504904317103165449e-05
9.617266049862806775e-05
9.729047001784613471e-05
9.840363329036154363e-05
