1.10796e-04
1.10212e-04
1.05371e-04
9.70199e-05
8.75779e-05
7.63048e-05
6.24035e-05
5.21015e-05
5.68604e-05
8.18474e-05
1.15132e-04
1.32550e-04
1.35425e-04
1.38500e-04
1.47335e-04
1.50570e-04
1.17233e-04
3.78362e-05
-5.22510e-05
-1.58254e-04
-2.38442e-04
-2.19771e-04
-8.92433e-05
1.54536e-04
4.89298e-04
7.99017e-04
8.04904e-04
5.19803e-04
2.87677e-04
2.13989e-04
9.41913e-05
-1.86596e-04
-4.06001e-04
-4.20750e-04
-3.44426e-04
-1.58896e-04
1.35881e-04
3.09577e-04
3.35582e-04
3.06711e-04
2.76015e-04
2.98145e-04
4.50236e-04
6.92365e-04
7.40410e-04
4.88833e-04
6.87962e-05
-2.81877e-04
-1.50159e-04
2.36102e-04
4.48597e-04
4.50472e-04
3.69970e-04
3.55079e-04
5.77811e-04
1.06896e-03
1.42056e-03
1.30756e-03
9.56781e-04
5.91075e-04
4.34985e-04
4.48553e-04
4.88206e-04
5.03904e-04
5.02416e-04
5.01570e-04
5.05690e-04
5.14954e-04
5.28735e-04
5.39028e-04
5.27793e-04
4.96168e-04
5.18589e-04
7.43739e-04
1.15520e-03
1.41735e-03
1.46999e-03
1.30219e-03
8.47335e-04
9.59954e-05
-8.60495e-04
-1.27921e-03
-7.90137e-04
2.20146e-04
7.22672e-04
2.86381e-04
-7.35388e-04
-1.50613e-03
-1.73655e-03
-1.43608e-03
-1.10738e-03
-1.04534e-03
-1.35771e-03
-2.06813e-03
-2.73424e-03
-2.98046e-03
-2.97734e-03
-2.98709e-03
-2.98193e-03
-2.69351e-03
-2.02450e-03
-1.54967e-03
-1.73105e-03
-2.23756e-03
-2.75593e-03
-2.99309e-03
-2.99828e-03
-2.92415e-03
-2.82820e-03
-2.84771e-03
-3.31590e-03
-4.26806e-03
-5.04271e-03
-5.26099e-03
-4.60607e-03
-3.48556e-03
-2.40742e-03
-1.12482e-03
4.98510e-05
8.49180e-04
1.93215e-03
3.33746e-03
4.35913e-03
5.18897e-03
5.80266e-03
5.55221e-03
4.19929e-03
2.40132e-03
9.14918e-04
-1.04090e-04
-8.77323e-04
-8.22898e-04
5.02815e-05
8.95984e-04
1.40987e-03
1.31193e-03
7.37747e-04
3.69834e-04
8.00911e-04
2.29647e-03
4.23574e-03
5.56315e-03
5.55314e-03
4.73337e-03
4.14389e-03
3.40506e-03
1.93025e-03
3.35483e-04
-8.54174e-04
-1.32838e-03
-1.36897e-03
-1.19412e-03
-6.06279e-04
1.83966e-04
1.56817e-04
-6.52720e-04
-1.16109e-03
-1.22551e-03
-1.40742e-03
-2.03390e-03
-2.70964e-03
-2.98412e-03
-2.99474e-03
-3.00354e-03
-2.99503e-03
-2.68796e-03
-1.99826e-03
-1.55684e-03
-1.93601e-03
-2.69742e-03
-3.28322e-03
-3.48986e-03
-3.05316e-03
-2.19568e-03
-1.06064e-03
5.15925e-04
2.42258e-03
4.25527e-03
5.20886e-03
4.80723e-03
3.70074e-03
2.28989e-03
1.39641e-03
1.92406e-03
3.79763e-03
5.58643e-03
6.21765e-03
5.62480e-03
3.93984e-03
1.90065e-03
2.55113e-04
-1.10275e-03
-2.18889e-03
-2.83915e-03
-2.80486e-03
-2.17623e-03
-1.43918e-03
-7.14731e-04
1.70872e-04
8.85005e-04
1.31086e-03
1.22672e-03
8.15324e-04
6.35348e-04
6.08946e-04
1.58734e-04
-9.29413e-04
-1.91317e-03
-2.27143e-03
-2.01743e-03
-1.11133e-03
3.03037e-04
1.95311e-03
3.54687e-03
4.33512e-03
4.28425e-03
3.42684e-03
1.93583e-03
8.06874e-04
4.13695e-05
-1.00578e-03
-2.10739e-03
-2.82428e-03
-2.97945e-03
-2.89255e-03
-3.09082e-03
-3.82849e-03
-4.74005e-03
-5.19346e-03
-5.01257e-03
-4.78739e-03
-4.68154e-03
-4.29347e-03
-3.49171e-03
-2.71659e-03
-1.92235e-03
-1.30287e-03
-1.34794e-03
-2.03105e-03
-2.72986e-03
-3.00440e-03
-3.05014e-03
-3.06570e-03
-2.70362e-03
-1.40647e-03
8.74062e-04
3.70892e-03
6.12444e-03
7.47915e-03
7.34662e-03
6.00340e-03
4.49160e-03
3.23937e-03
2.04014e-03
1.30968e-03
7.73726e-04
-1.45316e-04
-1.47354e-03
-2.17083e-03
-1.99016e-03
-1.44056e-03
-1.12167e-03
-1.10248e-03
-1.20021e-03
-1.31026e-03
-1.27107e-03
-7.76783e-04
1.31493e-04
7.00440e-04
7.02143e-04
1.38619e-04
-7.71734e-04
-1.28729e-03
-1.32372e-03
-9.59558e-04
-1.05783e-04
1.40169e-03
4.01898e-03
6.66300e-03
8.33781e-03
9.61934e-03
1.02294e-02
9.63530e-03
8.79422e-03
8.27781e-03
7.48988e-03
5.92653e-03
3.73455e-03
1.66401e-03
8.42179e-04
1.31627e-03
1.86573e-03
1.62463e-03
9.69987e-04
1.64939e-04
-1.18994e-03
-2.94111e-03
-4.56466e-03
-5.70654e-03
-6.38838e-03
-6.63970e-03
-6.39871e-03
-5.32524e-03
-3.39547e-03
-1.04036e-03
1.61895e-03
4.08316e-03
5.28153e-03
4.79478e-03
3.40223e-03
1.81123e-03
1.18735e-03
1.96175e-03
3.50592e-03
4.32140e-03
3.83001e-03
2.33472e-03
8.98084e-04
3.33246e-04
3.89402e-04
7.66082e-04
1.42078e-03
2.08816e-03
2.69634e-03
3.48318e-03
4.47227e-03
5.96436e-03
7.32787e-03
7.40205e-03
6.01271e-03
3.91696e-03
1.85918e-03
8.00298e-05
-1.89021e-03
-3.94391e-03
-5.62340e-03
-6.29140e-03
-5.59215e-03
-3.99405e-03
-2.25712e-03
-7.47223e-04
3.59806e-04
3.26901e-04
-1.03275e-03
-3.08774e-03
-5.18657e-03
-7.12957e-03
-9.26386e-03
-1.15093e-02
-1.40492e-02
-1.62809e-02
-1.76493e-02
-1.80433e-02
-1.79467e-02
-1.78214e-02
-1.78055e-02
-1.79426e-02
-1.80997e-02
-1.76953e-02
-1.58354e-02
-1.24926e-02
-8.40347e-03
-4.00866e-03
-7.42457e-04
2.93837e-04
-8.33223e-04
-3.81283e-03
-7.15083e-03
-9.15739e-03
-9.14804e-03
-7.25428e-03
-4.06569e-03
-1.22425e-04
4.61945e-03
1.03689e-02
1.73118e-02
2.46406e-02
3.04307e-02
3.28486e-02
3.24601e-02
3.03925e-02
2.59941e-02
1.94279e-02
1.15332e-02
3.17143e-03
-3.76660e-03
-7.35672e-03
-6.81549e-03
-3.07135e-03
1.82290e-03
7.02293e-03
1.15220e-02
1.38650e-02
1.35023e-02
1.04398e-02
5.17746e-03
-1.99324e-03
-1.03930e-02
-1.79264e-02
-2.30180e-02
-2.51905e-02
-2.46917e-02
-2.18885e-02
-1.72352e-02
-1.12218e-02
-5.34335e-03
-9.09074e-04
1.66320e-03
3.37150e-03
5.02614e-03
6.32041e-03
6.72068e-03
6.62007e-03
6.95112e-03
8.29364e-03
1.02268e-02
1.20196e-02
1.31934e-02
1.40347e-02
1.57718e-02
1.85230e-02
2.10228e-02
2.21035e-02
2.09764e-02
1.79523e-02
1.37779e-02
9.38619e-03
5.37699e-03
2.00188e-03
-5.77824e-04
-3.09709e-03
-5.82845e-03
-7.93111e-03
-8.19240e-03
-6.53135e-03
-3.93617e-03
-1.55638e-03
1.34671e-04
1.27424e-03
1.32411e-03
-3.35853e-04
-3.77409e-03
-8.49346e-03
-1.34120e-02
-1.70262e-02
-1.84883e-02
-1.82623e-02
-1.78011e-02
-1.79823e-02
-1.88185e-02
-1.94825e-02
-1.88660e-02
-1.64440e-02
-1.21656e-02
-6.56984e-03
-1.48800e-03
1.45954e-03
2.14791e-03
1.62657e-03
1.27840e-03
1.71526e-03
2.66227e-03
3.36747e-03
3.85350e-03
4.45476e-03
5.33289e-03
6.05930e-03
6.52136e-03
6.64408e-03
6.62560e-03
6.86044e-03
7.48717e-03
8.13824e-03
8.62198e-03
9.29039e-03
1.01898e-02
1.09536e-02
1.10665e-02
1.02231e-02
8.36035e-03
5.62284e-03
2.51002e-03
-3.88158e-04
-3.07470e-03
-5.73981e-03
-8.20560e-03
-9.97725e-03
-1.08091e-02
-1.09822e-02
-1.10087e-02
-1.08991e-02
-9.96401e-03
-7.50237e-03
-3.49009e-03
1.15143e-03
4.61472e-03
5.96627e-03
5.67172e-03
4.47019e-03
2.65043e-03
-2.31391e-04
-3.90183e-03
-7.61009e-03
-1.03542e-02
-1.13485e-02
-1.08811e-02
-9.02187e-03
-5.74402e-03
-1.39138e-03
3.55522e-03
8.29154e-03
1.13785e-02
1.22808e-02
1.20830e-02
1.16279e-02
1.10475e-02
1.04658e-02
9.72800e-03
8.43136e-03
7.03592e-03
6.04115e-03
5.33390e-03
5.01604e-03
4.44706e-03
3.03780e-03
1.64311e-03
1.55881e-03
2.91186e-03
4.67919e-03
6.00825e-03
6.64677e-03
6.33987e-03
5.08160e-03
3.32428e-03
1.04984e-03
-2.08494e-03
-5.71372e-03
-9.09401e-03
-1.15599e-02
-1.31010e-02
-1.41685e-02
-1.46446e-02
-1.42953e-02
-1.28457e-02
-1.04458e-02
-7.78270e-03
-6.03868e-03
-5.15760e-03
-3.96569e-03
-2.19196e-03
-3.11692e-04
1.01673e-03
1.46742e-03
1.54359e-03
1.54546e-03
9.71231e-04
-7.97833e-04
-3.01604e-03
-4.42664e-03
-5.32159e-03
-6.18619e-03
-7.19470e-03
-7.37542e-03
-5.73001e-03
-2.03873e-03
3.07145e-03
8.17985e-03
1.19494e-02
1.38042e-02
1.36183e-02
1.15238e-02
8.33461e-03
5.66394e-03
4.25135e-03
2.99034e-03
1.38284e-03
-3.39933e-05
-7.06037e-04
-6.99485e-04
5.94642e-05
1.55778e-03
2.47279e-03
1.51606e-03
-6.58298e-04
-2.39839e-03
-2.46028e-03
-1.45231e-03
-4.75170e-04
-1.03406e-04
-6.02929e-04
-2.26289e-03
-4.77565e-03
-7.31846e-03
-9.31442e-03
-1.07708e-02
-1.19378e-02
-1.31198e-02
-1.38463e-02
-1.30605e-02
-1.07891e-02
-7.50651e-03
-4.06399e-03
-1.12258e-03
1.21133e-03
3.04735e-03
4.81348e-03
7.00536e-03
9.58215e-03
1.18703e-02
1.38628e-02
1.56398e-02
1.64602e-02
1.55845e-02
1.37383e-02
1.18501e-02
1.01355e-02
8.34203e-03
6.11326e-03
3.80045e-03
2.39193e-03
2.01656e-03
2.59732e-03
3.14528e-03
3.17467e-03
2.70487e-03
1.92289e-03
1.06310e-03
-6.73970e-04
-3.72208e-03
-7.49698e-03
-1.12246e-02
-1.39437e-02
-1.49078e-02
-1.44357e-02
-1.28377e-02
-1.04416e-02
-8.08363e-03
-7.09380e-03
-7.68137e-03
-9.33176e-03
-1.07660e-02
-1.05385e-02
-8.45982e-03
-5.16202e-03
-4.33649e-04
5.05710e-03
9.64567e-03
1.18335e-02
1.17454e-02
1.06859e-02
9.65888e-03
8.34023e-03
6.56858e-03
4.68510e-03
3.31879e-03
2.95194e-03
3.12648e-03
2.89674e-03
1.41164e-03
-1.51036e-03
-5.42439e-03
-9.42548e-03
-1.27654e-02
-1.45833e-02
-1.41153e-02
-1.13597e-02
-7.47089e-03
-3.59646e-03
-8.71254e-04
-4.11522e-04
-1.95115e-03
-4.47704e-03
-6.85697e-03
-7.85735e-03
-7.42741e-03
-5.84716e-03
-3.50563e-03
-1.15402e-03
2.31233e-04
6.01452e-04
3.46893e-05
-5.59463e-04
-6.99161e-04
-1.83178e-04
1.19593e-03
3.01482e-03
4.81698e-03
6.48936e-03
8.22649e-03
1.04452e-02
1.31651e-02
1.55751e-02
1.70333e-02
1.69647e-02
1.52205e-02
1.24335e-02
9.19881e-03
5.59160e-03
2.38831e-03
-1.22482e-04
-1.36500e-03
-1.33502e-03
-7.12879e-04
-2.34782e-04
-3.53319e-04
-1.60597e-03
-4.19850e-03
-7.15036e-03
-9.03180e-03
-9.57418e-03
-9.47646e-03
-8.89348e-03
-7.52710e-03
-5.72739e-03
-4.14700e-03
-3.09780e-03
-2.14709e-03
-6.36009e-04
1.69992e-03
4.46840e-03
6.40427e-03
6.90347e-03
6.22662e-03
4.76380e-03
3.43637e-03
2.87971e-03
2.74897e-03
2.87784e-03
3.89002e-03
6.01894e-03
7.90293e-03
8.96434e-03
9.69583e-03
1.00482e-02
1.01713e-02
1.01866e-02
9.71932e-03
8.39690e-03
6.59719e-03
4.80740e-03
3.10261e-03
1.25295e-03
-1.01123e-03
-3.23737e-03
-4.38262e-03
-4.59823e-03
-4.34516e-03
-4.06216e-03
-3.39408e-03
-1.95110e-03
-2.92993e-04
1.41556e-03
2.80397e-03
3.28291e-03
2.71870e-03
1.28675e-03
-1.14398e-04
-7.26952e-04
-7.00393e-04
-8.98712e-05
1.19822e-03
2.58029e-03
3.63774e-03
4.49579e-03
4.56769e-03
3.69382e-03
2.14983e-03
3.60502e-05
-1.50340e-03
-1.94487e-03
-1.65789e-03
-1.55620e-03
-1.88686e-03
-2.22052e-03
-2.67218e-03
-3.42664e-03
-4.33574e-03
-5.75356e-03
-7.53245e-03
-8.98691e-03
-9.56036e-03
-9.15927e-03
-7.67657e-03
-5.25932e-03
-2.53510e-03
-7.73144e-04
-3.14902e-04
-3.28198e-04
-3.17263e-04
-7.66096e-04
-2.51500e-03
-5.26207e-03
-7.74224e-03
-9.21078e-03
-9.20319e-03
-7.75819e-03
-5.35000e-03
-2.54913e-03
-3.16463e-04
9.62206e-04
1.43356e-03
1.79756e-03
2.10742e-03
1.76698e-03
1.34647e-03
1.14195e-03
1.07955e-03
1.49852e-03
2.90222e-03
5.18170e-03
7.54758e-03
8.88377e-03
9.08610e-03
7.86435e-03
5.38148e-03
2.55679e-03
-2.20712e-04
-2.40413e-03
-3.76663e-03
-4.36802e-03
-4.49559e-03
-4.22338e-03
-3.96372e-03
-3.90427e-03
-4.01330e-03
-4.19738e-03
-4.10793e-03
-3.11002e-03
-1.36292e-03
-3.79378e-04
-3.11916e-04
-4.91011e-04
-5.32856e-04
-4.15923e-04
-3.99110e-04
-8.92599e-04
-1.86348e-03
-2.42828e-03
-2.05275e-03
-6.40550e-04
1.29751e-03
3.17621e-03
4.47634e-03
4.91620e-03
4.91154e-03
4.79007e-03
4.37590e-03
3.58264e-03
2.67731e-03
1.34795e-03
-4.04867e-04
-2.33259e-03
-4.16800e-03
-5.41015e-03
-5.74837e-03
-5.78837e-03
-6.29130e-03
-7.10237e-03
-7.06088e-03
-6.17702e-03
-5.73975e-03
-6.20930e-03
-6.73631e-03
-5.94388e-03
-4.12211e-03
-2.31584e-03
-1.25734e-03
-1.14694e-03
-1.96682e-03
-3.35359e-03
-4.19507e-03
-4.27614e-03
-3.62121e-03
-2.20693e-03
-8.35915e-04
-2.85471e-04
-3.80062e-04
-7.74941e-04
-1.16107e-03
-1.09311e-03
-7.85656e-04
-9.48024e-04
-1.28443e-03
-9.57608e-04
-5.44915e-04
-4.32899e-04
-4.48292e-04
-4.26440e-04
-4.03973e-04
-6.82657e-04
-1.40880e-03
-2.07265e-03
-1.96379e-03
-1.11852e-03
-4.44378e-05
1.36078e-03
2.67066e-03
3.25074e-03
3.19711e-03
2.58046e-03
1.62109e-03
1.15406e-03
1.53921e-03
2.52784e-03
3.55177e-03
4.46276e-03
4.87379e-03
4.84774e-03
4.71640e-03
4.71567e-03
5.15883e-03
6.05029e-03
6.95922e-03
7.89154e-03
8.77020e-03
9.66930e-03
1.02109e-02
1.02713e-02
9.68402e-03
8.30660e-03
6.92447e-03
6.32177e-03
6.38938e-03
6.96708e-03
7.87309e-03
8.44725e-03
8.55116e-03
8.02050e-03
6.58178e-03
4.72013e-03
3.30614e-03
2.88057e-03
3.06089e-03
3.18687e-03
2.67557e-03
1.35234e-03
6.30359e-06
-8.10794e-04
-1.50904e-03
-2.08815e-03
-2.05822e-03
-1.38024e-03
-6.59445e-04
-3.95668e-04
-4.44570e-04
-4.81731e-04
-3.83722e-04
-3.45443e-04
-8.67009e-04
-2.18023e-03
-3.50756e-03
-4.26013e-03
-4.92616e-03
-5.87219e-03
-6.94223e-03
-7.93776e-03
-9.26370e-03
-1.06384e-02
-1.15703e-02
-1.19500e-02
-1.15754e-02
-1.11247e-02
-1.05248e-02
-9.30094e-03
-7.94444e-03
-6.91122e-03
-6.06446e-03
-5.68446e-03
-5.67442e-03
-5.72656e-03
-5.73488e-03
-5.71543e-03
-5.73743e-03
-5.79297e-03
-5.74980e-03
-5.32253e-03
-4.52115e-03
-3.69065e-03
-2.38832e-03
-1.79882e-04
2.97122e-03
6.25968e-03
8.76298e-03
1.00359e-02
9.43660e-03
7.20279e-03
4.81376e-03
2.82831e-03
1.13748e-03
-5.45337e-05
-5.28134e-04
-7.74806e-04
-1.13194e-03
-1.18258e-03
-7.69063e-04
-6.23473e-05
8.63774e-04
1.71505e-03
2.59892e-03
3.52346e-03
4.76011e-03
5.99592e-03
7.07935e-03
8.53520e-03
9.80943e-03
9.76716e-03
8.43060e-03
7.06178e-03
6.47170e-03
6.01049e-03
5.19578e-03
4.72810e-03
5.09880e-03
6.13318e-03
7.10731e-03
7.56726e-03
7.18048e-03
6.63412e-03
6.01179e-03
5.21228e-03
4.83219e-03
4.81642e-03
4.53880e-03
3.62377e-03
2.17987e-03
3.95373e-04
-7.47944e-04
-1.40686e-03
-1.98561e-03
-2.64954e-03
-3.46197e-03
-3.98238e-03
-4.47817e-03
-5.19106e-03
-5.67430e-03
-6.19648e-03
-7.02755e-03
-7.60200e-03
-7.68473e-03
-7.08449e-03
-5.70376e-03
-4.36258e-03
-3.79744e-03
-3.74806e-03
-3.89922e-03
-4.44279e-03
-5.33635e-03
-5.77809e-03
-5.42682e-03
-4.54924e-03
-3.58128e-03
-2.19573e-03
-4.17801e-04
1.32245e-03
2.62991e-03
3.59956e-03
4.88879e-03
6.14634e-03
6.70853e-03
6.76468e-03
6.60921e-03
6.12041e-03
5.34131e-03
4.81169e-03
4.30676e-03
3.57642e-03
3.08781e-03
2.59651e-03
1.80985e-03
9.98761e-04
2.42457e-05
-1.28735e-03
-3.02990e-03
-4.47356e-03
-5.78573e-03
-6.91624e-03
-7.83866e-03
-9.26168e-03
-1.10777e-02
-1.24142e-02
-1.24769e-02
-1.16409e-02
-1.06872e-02
-9.27228e-03
-7.04748e-03
-4.35264e-03
-2.25013e-03
-1.08343e-03
-5.41131e-04
-4.12382e-04
-4.35690e-04
-4.48603e-04
-4.27200e-04
-4.08726e-04
-4.45577e-04
-5.28809e-04
-4.89129e-04
7.06237e-07
8.74458e-04
1.38350e-03
1.43814e-03
1.32101e-03
1.20596e-03
1.25723e-03
1.75095e-03
2.61048e-03
3.13640e-03
3.26152e-03
3.15083e-03
2.62537e-03
1.73152e-03
1.18955e-03
1.20785e-03
1.74328e-03
2.56383e-03
3.07213e-03
3.58289e-03
4.40925e-03
4.95338e-03
4.96495e-03
4.39268e-03
3.47259e-03
3.01465e-03
3.06081e-03
3.13063e-03
2.72037e-03
1.78296e-03
8.67424e-04
8.23343e-05
-5.69689e-04
-1.78356e-03
-3.71163e-03
-5.30089e-03
-6.05656e-03
-6.60806e-03
-7.26763e-03
-7.96119e-03
-8.38764e-03
-8.03745e-03
-7.51868e-03
-6.95080e-03
-6.20845e-03
-5.70576e-03
-5.15415e-03
-4.38748e-03
-4.01987e-03
-3.95806e-03
-3.51167e-03
-2.44677e-03
-1.42222e-03
-7.19526e-04
3.23348e-04
2.43700e-03
5.04907e-03
7.67974e-03
9.63052e-03
1.02784e-02
1.01831e-02
1.00290e-02
1.00576e-02
1.01910e-02
1.01698e-02
9.62163e-03
8.68319e-03
8.28640e-03
8.72093e-03
9.28631e-03
8.97510e-03
8.00199e-03
6.56329e-03
5.21651e-03
4.30938e-03
3.48068e-03
2.68112e-03
1.74291e-03
8.09006e-04
-8.25582e-05
-5.05335e-04
-5.20629e-04
-4.53439e-04
-4.27744e-04
-4.38285e-04
-4.49203e-04
-4.57046e-04
-4.68313e-04
-4.64770e-04
-4.20843e-04
-3.80763e-04
-5.80863e-04
-1.26670e-03
-2.36141e-03
-3.54257e-03
-4.51366e-03
-5.36913e-03
-5.76943e-03
-5.78000e-03
-5.71171e-03
-5.69684e-03
-5.75458e-03
-5.79378e-03
-5.66793e-03
-5.25325e-03
-4.93742e-03
-5.24240e-03
-5.22837e-03
-4.60227e-03
-4.10483e-03
-3.47590e-03
-2.19292e-03
-8.79093e-04
-3.27657e-04
-3.35430e-04
-4.76143e-04
-5.72884e-04
-5.29168e-04
-8.50744e-05
7.89537e-04
1.68941e-03
2.63911e-03
3.54336e-03
4.42189e-03
4.85967e-03
4.88619e-03
4.78400e-03
4.69183e-03
4.75979e-03
5.22958e-03
6.01879e-03
6.54124e-03
7.06371e-03
7.87244e-03
8.38625e-03
8.42719e-03
7.97421e-03
7.08299e-03
6.07067e-03
4.76631e-03
3.52853e-03
2.59311e-03
1.35141e-03
-2.32533e-04
-1.93778e-03
-3.45475e-03
-4.04808e-03
-4.04258e-03
-4.32527e-03
-5.20473e-03
-6.26435e-03
-7.24410e-03
-7.55451e-03
-7.11616e-03
-6.62584e-03
-6.88396e-03
-7.38742e-03
-8.05562e-03
-8.95712e-03
-9.34448e-03
-8.90975e-03
-8.02170e-03
-7.47027e-03
-7.05681e-03
-6.35601e-03
-5.43087e-03
-3.95323e-03
-2.19407e-03
-9.08872e-04
-4.18164e-04
3.44806e-06
8.07266e-04
1.35695e-03
1.37206e-03
8.24343e-04
-2.98947e-05
-5.00561e-04
-7.87978e-04
-1.37509e-03
-2.04081e-03
-2.38169e-03
-2.37385e-03
-2.02949e-03
-1.39262e-03
-9.47545e-04
-8.73673e-04
-7.04077e-04
-5.42399e-04
-5.10992e-04
-5.19555e-04
-4.86940e-04
-4.36033e-04
-6.29141e-04
-1.35074e-03
-2.50616e-03
-3.62048e-03
-4.13133e-03
-4.23538e-03
-4.16151e-03
-3.57521e-03
-2.25810e-03
-1.01646e-03
-5.10213e-04
-4.32904e-05
1.13004e-03
2.51902e-03
3.55676e-03
4.35509e-03
4.74255e-03
5.12436e-03
5.90084e-03
6.91837e-03
8.33578e-03
9.61487e-03
1.00957e-02
1.00875e-02
1.00544e-02
1.00330e-02
9.64209e-03
8.72567e-03
7.71066e-03
6.82340e-03
6.52538e-03
6.54680e-03
6.06404e-03
4.74542e-03
3.43465e-03
2.88120e-03
2.50604e-03
1.71731e-03
7.51036e-04
-2.00830e-04
-6.26728e-04
-5.86564e-04
-4.98933e-04
-7.03848e-04
-1.33286e-03
-2.08735e-03
-2.83155e-03
-3.61339e-03
-4.04884e-03
-4.47894e-03
-5.31078e-03
-6.29613e-03
-7.29599e-03
-7.71754e-03
-7.29480e-03
-6.28811e-03
-5.30305e-03
-4.50417e-03
-4.12017e-03
-3.63293e-03
-2.54979e-03
-1.41401e-03
-7.30342e-04
-5.34341e-04
-3.11829e-04
2.76394e-04
8.76523e-04
1.20574e-03
1.69054e-03
2.50041e-03
2.97234e-03
3.01126e-03
2.92949e-03
2.92826e-03
3.01774e-03
2.99117e-03
2.50320e-03
1.61995e-03
1.10820e-03
1.06747e-03
1.20695e-03
1.29828e-03
1.15774e-03
6.42233e-04
2.24817e-04
7.23590e-04
1.61140e-03
2.09927e-03
1.71942e-03
1.29638e-03
1.12304e-03
6.85570e-04
-1.19047e-04
-6.11113e-04
-6.89519e-04
-6.42701e-04
-5.70056e-04
-4.66356e-04
-4.64684e-04
-1.01459e-03
-2.31784e-03
-3.58724e-03
-4.20945e-03
-4.75350e-03
-5.45760e-03
-5.41425e-03
-4.60033e-03
-4.08088e-03
-4.08411e-03
-4.15056e-03
-3.72320e-03
-2.77879e-03
-2.05463e-03
-1.85513e-03
-2.12203e-03
-2.17194e-03
-1.76046e-03
-1.26094e-03
-8.34897e-04
-5.78777e-04
-1.48202e-04
5.87012e-04
1.14924e-03
1.78016e-03
2.54683e-03
2.51848e-03
1.66402e-03
1.02852e-03
9.90855e-04
1.55800e-03
2.46411e-03
2.98148e-03
3.08484e-03
2.98356e-03
2.48588e-03
1.55860e-03
7.26394e-04
2.42996e-04
1.30497e-04
-2.45822e-04
-2.09695e-04
6.00494e-04
1.60089e-03
2.53801e-03
2.98385e-03
3.05390e-03
2.95927e-03
2.49418e-03
1.60044e-03
7.24537e-04
-8.83166e-05
-8.16502e-04
-1.99773e-03
-3.48192e-03
-4.22839e-03
-4.26835e-03
-4.11986e-03
-4.03940e-03
-4.08796e-03
-4.23422e-03
-4.28080e-03
-3.73567e-03
-2.35575e-03
-9.76075e-04
-4.64068e-04
-5.74425e-04
-6.93912e-04
-3.02824e-04
6.53373e-04
1.67028e-03
2.53925e-03
2.86848e-03
2.92780e-03
3.36491e-03
4.17668e-03
4.61008e-03
4.70413e-03
5.10209e-03
5.91648e-03
6.45960e-03
6.60014e-03
6.48138e-03
5.94316e-03
5.08224e-03
4.60593e-03
4.57201e-03
4.64685e-03
4.67157e-03
4.64754e-03
4.65863e-03
4.71963e-03
4.70430e-03
4.28725e-03
3.41639e-03
2.50012e-03
1.52349e-03
6.19418e-04
-1.93704e-04
-5.56490e-04
-8.02110e-04
-1.50961e-03
-2.58694e-03
-3.32925e-03
-3.30827e-03
-3.20641e-03
-3.18810e-03
-3.71062e-03
-4.18168e-03
-4.14668e-03
-3.64987e-03
-3.23429e-03
-3.61615e-03
-4.07312e-03
-4.18036e-03
-4.11792e-03
-4.11780e-03
-4.23172e-03
-4.19398e-03
-3.46841e-03
-2.03267e-03
-8.83733e-04
-3.27437e-05
1.21055e-03
2.44699e-03
3.00999e-03
3.12354e-03
3.05590e-03
2.48570e-03
1.14264e-03
-1.99824e-04
-7.28871e-04
-6.93938e-04
-5.90591e-04
-5.88992e-04
-6.07502e-04
-5.32116e-04
-4.48496e-04
-7.64724e-04
-1.89737e-03
-3.36767e-03
-4.17311e-03
-4.69188e-03
-5.42275e-03
-5.86733e-03
-5.93041e-03
-5.85840e-03
-5.81089e-03
-5.85584e-03
-5.95253e-03
-5.91153e-03
-5.39764e-03
-4.50785e-03
-4.04282e-03
-4.09205e-03
-4.16634e-03
-3.71338e-03
-2.62116e-03
-1.63838e-03
-1.08394e-03
-7.49574e-04
-6.63281e-04
-6.11636e-04
-1.42007e-04
7.22004e-04
1.25435e-03
1.33136e-03
1.16711e-03
7.57633e-04
3.50741e-04
2.49207e-04
-1.64239e-04
-5.37765e-04
-6.24600e-04
-5.93786e-04
-5.57390e-04
-5.55439e-04
-5.63116e-04
-5.68448e-04
-5.64802e-04
-5.59585e-04
-5.57540e-04
-5.65244e-04
-5.75474e-04
-5.63703e-04
-5.17348e-04
-5.05323e-04
-7.24738e-04
-1.24022e-03
-1.75050e-03
-1.93740e-03
-1.46318e-03
-7.87435e-04
-4.81348e-04
-4.74928e-04
-5.26198e-04
-5.70832e-04
-6.29119e-04
-6.08046e-04
-1.79005e-04
7.38654e-04
1.69060e-03
2.53753e-03
3.00391e-03
3.46673e-03
4.20090e-03
4.72596e-03
5.24854e-03
5.98046e-03
6.47617e-03
6.97356e-03
7.74098e-03
8.32091e-03
8.80779e-03
9.10449e-03
8.73392e-03
8.37451e-03
8.22676e-03
7.77790e-03
6.94486e-03
6.43890e-03
6.40723e-03
6.55082e-03
6.58876e-03
6.16782e-03
5.24123e-03
4.24934e-03
3.34178e-03
2.93242e-03
2.93013e-03
2.99886e-03
3.02150e-03
3.00711e-03
2.99963e-03
3.00359e-03
3.25374e-03
3.19172e-03
3.13017e-03
3.11396e-03
3.13951e-03
3.04082e-03
2.49308e-03
1.56209e-03
9.95078e-04
8.81989e-04
9.44564e-04
1.00323e-03
8.80645e-04
2.99587e-04
-6.15533e-04
-1.10287e-03
-1.14815e-03
-1.31697e-03
-2.00891e-03
-3.13111e-03
-4.27701e-03
-5.14829e-03
-6.00037e-03
-6.83291e-03
-7.65185e-03
-8.03630e-03
-8.01154e-03
-7.84855e-03
-7.67919e-03
-7.65900e-03
-8.04727e-03
-8.75695e-03
-9.09596e-03
-9.01094e-03
-8.80072e-03
-8.61446e-03
-8.47249e-03
-8.36706e-03
-8.27098e-03
-8.05234e-03
-7.47222e-03
-6.60550e-03
-5.99511e-03
-5.43061e-03
-4.61596e-03
-3.78405e-03
-2.85205e-03
-1.77293e-03
-4.53928e-04
5.21509e-04
1.13339e-03
1.79555e-03
2.46871e-03
3.21588e-03
3.87628e-03
4.44660e-03
4.73842e-03
5.04331e-03
5.51267e-03
5.67872e-03
5.61848e-03
5.78310e-03
6.21659e-03
6.38989e-03
6.26265e-03
6.05780e-03
5.79191e-03
5.28369e-03
4.56164e-03
4.02756e-03
3.53278e-03
2.91040e-03
2.44407e-03
1.98821e-03
1.42049e-03
1.04330e-03
6.75512e-04
8.97565e-05
-5.20362e-04
-1.04961e-03
-1.26246e-03
-1.36386e-03
-1.70833e-03
-2.29909e-03
-2.85522e-03
-3.02758e-03
-2.92032e-03
-2.74389e-03
-2.58240e-03
-2.50308e-03
-2.64199e-03
-2.95696e-03
-3.07666e-03
-2.89999e-03
-2.46865e-03
-1.96035e-03
-1.78747e-03
-1.84655e-03
-1.82175e-03
-1.83398e-03
-1.64618e-03
-1.25031e-03
-9.49773e-04
-6.28199e-04
-1.02816e-04
3.85673e-04
5.67732e-04
5.47497e-04
5.34607e-04
6.60466e-04
8.78976e-04
1.00186e-03
1.09731e-03
1.23622e-03
1.27589e-03
1.21042e-03
1.11050e-03
1.02349e-03
9.78088e-04
9.89545e-04
9.77860e-04
8.39557e-04
7.05839e-04
6.23557e-04
5.16110e-04
3.56209e-04
2.03677e-04
8.18286e-05
3.55829e-05
4.22360e-05
5.60263e-05
6.30311e-05
6.47247e-05
6.66895e-05
7.12862e-05
7.85926e-05
8.21948e-05
7.00549e-05
3.99731e-05
1.74959e-05
2.06378e-05
3.88527e-05
5.65708e-05
6.55864e-05
6.34148e-05
6.38742e-05
8.45613e-05
1.09041e-04
1.28597e-04
1.39114e-04
1.38203e-04
1.31142e-04
1.24881e-04
1.23309e-04
1.21417e-04
1.17231e-04
1.11969e-04
1.06553e-04
1.01128e-04
9.56764e-05
9.03530e-05
8.53798e-05
8.00842e-05
7.38393e-05
6.76592e-05
6.10447e-05
5.41885e-05
4.78729e-05
4.19509e-05
3.60918e-05
3.01880e-05
2.42665e-05
1.83591e-05
1.24776e-05
6.62502e-06
8.09650e-07
-4.96203e-06
-1.06890e-05
-1.63682e-05
-2.19932e-05
