6.81082e-05
6.86896e-05
6.50899e-05
6.15884e-05
6.15661e-05
5.30762e-05
4.08176e-05
3.96616e-05
2.93582e-05
8.66552e-06
-1.08830e-05
-1.38494e-05
-4.90793e-06
-5.46942e-06
-1.99457e-05
-3.50600e-05
-3.45611e-05
6.98062e-06
2.34444e-05
7.13104e-06
-3.38167e-05
-1.21269e-04
-1.65293e-04
-1.59721e-04
-1.39719e-04
-2.02515e-04
-2.63304e-04
-2.77230e-04
-1.46318e-04
9.56325e-05
1.06502e-04
-9.63196e-05
-1.77508e-04
-2.17483e-04
-5.56966e-04
-5.06057e-04
4.86150e-05
9.80940e-05
-6.07205e-04
-1.08705e-03
-1.05722e-03
-7.66376e-04
-5.35465e-04
-6.47707e-04
-5.14496e-04
-9.13914e-05
4.89617e-04
7.31868e-04
6.83307e-04
6.63513e-04
3.02583e-04
-3.97897e-04
-8.74197e-04
-1.03033e-03
-1.48325e-04
8.44740e-04
1.07995e-04
-1.52623e-03
-1.76643e-03
-8.18059e-05
1.10932e-03
1.01975e-03
8.46633e-04
3.49188e-04
-4.51164e-04
-7.48073e-04
-1.13920e-03
-1.82190e-03
-2.03672e-03
-1.76983e-03
-2.32659e-03
-3.21900e-03
-2.53918e-03
-1.09450e-04
1.13884e-03
1.08693e-03
1.12651e-03
1.23524e-03
1.30483e-03
1.44905e-03
1.49999e-03
1.43585e-03
1.39720e-03
3.25416e-04
-2.92169e-03
-3.18483e-03
6.33687e-04
2.63698e-03
9.22908e-04
-3.41637e-03
-5.20712e-03
-2.22968e-03
2.78144e-03
4.61076e-03
2.28055e-03
7.67515e-04
1.88515e-03
4.95001e-03
8.41157e-03
8.02759e-03
6.18571e-03
6.72349e-03
5.16672e-03
1.26451e-03
-9.58677e-04
5.84075e-04
2.20430e-03
1.60937e-03
-3.56356e-03
-1.14613e-02
-1.29580e-02
-7.24059e-03
-3.82625e-03
-1.05664e-03
-2.03440e-03
-6.55282e-03
-7.57428e-03
-6.81667e-03
-6.84042e-03
-5.92753e-03
-1.18166e-03
3.99228e-04
-5.19758e-03
-8.09266e-03
-5.26869e-03
1.34772e-03
4.43989e-03
3.09314e-03
2.39510e-03
2.77525e-03
1.17589e-03
-4.15464e-03
-8.84503e-03
-1.20133e-02
-9.19755e-03
-9.19120e-04
3.88972e-03
2.65495e-03
4.86657e-04
3.32066e-03
9.53980e-03
1.42858e-02
1.48585e-02
1.08604e-02
3.78509e-03
2.44699e-03
7.73032e-03
1.44436e-02
1.56581e-02
1.21646e-02
4.54376e-03
-3.01746e-03
-7.51194e-03
-8.62367e-03
-7.95885e-03
-6.74855e-03
-5.28098e-03
-3.47519e-03
-3.09723e-03
-4.03608e-03
-2.65619e-03
1.86297e-03
4.23074e-03
2.53552e-03
-2.71857e-03
-7.67550e-03
-8.62912e-03
-6.74976e-03
-2.88104e-03
-1.33644e-03
-1.13117e-03
1.22346e-03
3.97401e-03
4.00310e-03
-5.41570e-04
-7.86958e-03
-9.93096e-03
-8.20894e-03
-7.75476e-03
-7.50765e-03
-3.75041e-03
1.63019e-03
4.49875e-03
4.28158e-03
3.11210e-03
-3.79190e-04
-1.01828e-03
4.04660e-03
9.87246e-03
1.13089e-02
1.04990e-02
7.34680e-03
3.90048e-03
6.47770e-04
-4.74789e-03
-7.76767e-03
-7.32095e-03
-6.81308e-03
-5.97805e-03
-1.72869e-03
3.54816e-03
4.74739e-03
3.87826e-04
-1.96274e-03
1.04622e-04
3.55784e-03
6.36336e-03
8.62267e-03
7.73395e-03
5.87047e-03
5.89268e-03
6.70853e-03
8.77137e-03
1.13497e-02
1.24254e-02
1.04797e-02
7.21009e-03
2.07233e-03
-2.33807e-03
-2.89131e-03
-3.90655e-03
-5.27384e-03
-4.03233e-03
1.02711e-03
4.53118e-03
5.08749e-03
2.82140e-03
-2.24389e-03
-5.21644e-03
-4.81222e-03
-4.12331e-03
-1.35395e-03
4.74469e-04
-6.16951e-03
-1.65747e-02
-2.31865e-02
-2.73586e-02
-2.88133e-02
-2.78878e-02
-2.17809e-02
-1.41533e-02
-8.79522e-03
-5.08109e-03
-3.30397e-03
-3.39494e-03
-3.31679e-03
-1.15163e-03
7.66391e-03
1.78263e-02
1.98222e-02
1.63964e-02
1.91809e-02
1.99480e-02
1.20345e-02
8.21641e-03
1.45516e-02
2.22212e-02
2.04044e-02
1.41970e-02
1.42648e-02
1.58985e-02
1.56368e-02
1.57950e-02
1.18763e-02
3.03497e-03
-2.42132e-03
-9.04710e-04
7.31846e-03
1.18260e-02
1.08721e-02
1.01813e-02
8.99969e-03
4.49559e-03
-6.99488e-04
-1.60924e-03
-2.31476e-03
-7.41575e-03
-1.13874e-02
-1.26383e-02
-1.25495e-02
-1.23715e-02
-8.88189e-03
-1.47406e-03
-6.93513e-04
-7.95420e-03
-1.35823e-02
-1.31125e-02
-1.13772e-02
-1.28529e-02
-1.26817e-02
-8.94226e-03
-3.39597e-03
1.59668e-03
7.55830e-03
1.31302e-02
1.37342e-02
1.24800e-02
7.46283e-03
-4.26865e-03
-1.71023e-02
-2.11329e-02
-1.14599e-02
3.89195e-04
7.20305e-03
5.70328e-03
-3.27224e-03
-1.02233e-02
-1.04097e-02
-4.45224e-03
2.34557e-03
3.11891e-03
1.99323e-03
-2.13257e-03
-8.32110e-03
-2.61713e-03
1.56171e-02
2.77322e-02
1.90308e-02
1.09911e-03
-9.07304e-03
-9.39475e-03
-3.33092e-03
3.39120e-03
4.17004e-03
2.55311e-03
-1.66477e-03
-5.38181e-03
-1.02988e-03
5.22449e-03
7.16764e-03
1.52566e-03
-3.89859e-03
1.04874e-03
4.80608e-03
-3.42470e-04
-1.03544e-02
-1.13310e-02
-1.04085e-03
9.75928e-03
1.26943e-02
3.88249e-03
-6.41404e-03
-8.39097e-03
-3.74168e-03
-1.27941e-03
-4.78444e-04
1.29146e-03
3.53624e-03
3.30852e-03
-6.32350e-03
-1.88934e-02
-1.87679e-02
-1.07847e-02
-6.37884e-03
-4.13213e-03
1.04979e-03
5.36594e-03
7.95765e-03
9.84691e-03
7.52049e-03
4.97467e-03
5.31376e-03
2.28278e-03
1.01960e-04
3.76220e-03
8.63266e-03
7.81367e-03
2.69883e-03
-2.71893e-03
-4.55003e-03
-2.27662e-03
-2.93857e-03
-7.56628e-03
-5.87327e-03
1.17816e-03
3.76490e-03
2.41960e-04
-1.98778e-03
1.34087e-04
5.39562e-03
1.15416e-02
1.69626e-02
1.83721e-02
1.44835e-02
3.06880e-03
-9.33198e-03
-1.58366e-02
-1.70758e-02
-1.89515e-02
-2.35652e-02
-2.59936e-02
-2.66797e-02
-2.40433e-02
-1.22082e-02
-8.11420e-04
2.07934e-03
3.33649e-03
8.25020e-03
1.30594e-02
1.32228e-02
1.49680e-02
2.04852e-02
2.46107e-02
2.38892e-02
1.66178e-02
9.21712e-03
6.83809e-03
7.07674e-03
4.32270e-03
-3.48179e-03
-1.02232e-02
-1.04999e-02
-8.03482e-03
-7.79285e-03
-5.68137e-03
6.27269e-04
5.71196e-03
5.27009e-04
-1.55659e-02
-2.93320e-02
-3.32221e-02
-3.18169e-02
-2.62338e-02
-1.90113e-02
-1.31274e-02
-1.03536e-02
-7.67192e-03
-5.83367e-03
-3.80949e-03
5.59274e-03
2.02038e-02
2.91445e-02
3.07087e-02
2.81748e-02
2.51718e-02
2.19582e-02
2.07270e-02
1.88006e-02
1.67757e-02
1.41087e-02
8.76582e-03
5.86635e-04
-3.49559e-03
2.28707e-03
1.09317e-02
1.04302e-02
-1.38553e-03
-1.50466e-02
-1.54228e-02
-3.66887e-03
1.11556e-02
2.06957e-02
1.90743e-02
1.04461e-02
1.28429e-03
-1.70032e-03
-3.46390e-04
3.24085e-03
5.35634e-03
3.48633e-03
1.32127e-03
1.56593e-03
5.83454e-03
1.37264e-02
2.14208e-02
2.57473e-02
2.28774e-02
1.31535e-02
2.53711e-03
-2.70703e-03
-2.17016e-03
4.84653e-04
1.57234e-03
1.66175e-05
-6.83856e-03
-1.55259e-02
-1.66727e-02
-5.53367e-03
9.02398e-03
1.35797e-02
5.99702e-03
5.24787e-04
4.70070e-03
8.46542e-03
8.01530e-03
6.83318e-03
3.80703e-03
-3.54824e-03
-1.37376e-02
-2.40988e-02
-3.09047e-02
-3.17041e-02
-2.66846e-02
-2.17885e-02
-2.51952e-02
-3.55221e-02
-4.30906e-02
-4.29642e-02
-3.83222e-02
-2.83588e-02
-1.16032e-02
4.06572e-03
1.18687e-02
1.20940e-02
1.13532e-02
1.74536e-02
3.05078e-02
3.15948e-02
1.85003e-02
1.00987e-02
1.38689e-02
2.22953e-02
2.51580e-02
1.78630e-02
2.09695e-03
-1.65889e-02
-3.08579e-02
-3.26195e-02
-1.79790e-02
1.37825e-03
8.80837e-03
3.21315e-03
-2.53183e-03
-2.05598e-03
2.09060e-03
7.73064e-03
7.70730e-03
-9.61419e-04
-8.21736e-03
-5.02501e-03
1.95608e-03
6.52705e-03
5.46708e-03
-6.95838e-04
-7.41979e-03
-1.17864e-02
-1.15225e-02
-3.05692e-03
8.40633e-03
1.39908e-02
1.06620e-02
4.64026e-03
2.99806e-03
7.90663e-03
1.46115e-02
1.85416e-02
1.89532e-02
1.79045e-02
1.91454e-02
2.30662e-02
2.44910e-02
2.28335e-02
2.00662e-02
1.37550e-02
1.99075e-03
-6.45515e-03
-8.22865e-03
-5.63893e-03
-2.43842e-03
7.62044e-04
1.17353e-03
-5.11837e-03
-1.35701e-02
-1.69900e-02
-1.11869e-02
3.97435e-04
7.80625e-03
4.93268e-03
-6.93045e-03
-1.67995e-02
-1.92719e-02
-1.91280e-02
-1.46898e-02
-9.91590e-03
-1.93023e-02
-3.67045e-02
-4.08268e-02
-2.49002e-02
-6.98194e-04
1.24193e-02
4.31583e-03
-1.44551e-02
-2.39797e-02
-1.59277e-02
3.86310e-03
1.39748e-02
5.68264e-03
2.01596e-03
1.69357e-02
3.85857e-02
5.25195e-02
5.52289e-02
5.43251e-02
5.81665e-02
6.80645e-02
7.98043e-02
8.86766e-02
8.65527e-02
7.81685e-02
7.46655e-02
7.80105e-02
8.26573e-02
7.41865e-02
4.36508e-02
-1.55917e-03
-5.81738e-02
-1.24535e-01
-1.85836e-01
-2.36658e-01
-2.65259e-01
-2.66320e-01
-2.46999e-01
-2.23285e-01
-2.04356e-01
-1.88027e-01
-1.57851e-01
-1.10643e-01
-5.76319e-02
-1.40862e-02
1.44139e-02
3.09420e-02
4.31027e-02
6.46833e-02
1.14656e-01
1.88363e-01
2.36953e-01
2.37240e-01
2.09813e-01
1.69455e-01
1.24915e-01
7.75830e-02
1.32800e-02
-7.13539e-02
-1.51939e-01
-1.83858e-01
-1.53615e-01
-6.73865e-02
4.16685e-02
1.44527e-01
2.15547e-01
2.12817e-01
1.41637e-01
4.91742e-02
-3.60390e-02
-8.68576e-02
-9.62063e-02
-8.12390e-02
-4.46786e-02
-1.48515e-02
-1.05594e-02
-1.47674e-02
-1.67385e-02
-2.23655e-02
-3.47920e-02
-4.50202e-02
-5.10003e-02
-5.20096e-02
-4.19001e-02
-2.72048e-02
-1.03595e-02
1.43017e-02
3.82001e-02
4.89842e-02
4.60114e-02
2.56291e-02
-1.16888e-02
-5.70355e-02
-8.68545e-02
-9.31139e-02
-8.27750e-02
-6.68235e-02
-5.57973e-02
-4.65822e-02
-2.79066e-02
1.04001e-02
5.26240e-02
7.64885e-02
8.29879e-02
7.54564e-02
5.54552e-02
2.81355e-02
5.90989e-03
-2.60253e-03
3.86292e-03
2.44713e-02
4.92331e-02
5.79026e-02
3.10161e-02
-2.81986e-02
-8.60098e-02
-1.11965e-01
-9.51813e-02
-3.17618e-02
6.17169e-02
1.18301e-01
1.10776e-01
6.77406e-02
1.25593e-02
-2.00659e-02
-8.60772e-03
4.44274e-02
9.13290e-02
9.41985e-02
6.26207e-02
-2.64170e-03
-7.57145e-02
-1.10933e-01
-1.08455e-01
-8.58764e-02
-5.25005e-02
-3.24634e-02
-4.32500e-02
-8.03821e-02
-1.22668e-01
-1.34822e-01
-1.02149e-01
-3.87553e-02
3.40468e-02
8.83495e-02
1.06747e-01
9.26252e-02
5.32309e-02
6.73081e-03
-1.90639e-02
-1.80817e-02
7.27303e-03
5.96780e-02
1.10977e-01
1.44440e-01
1.53846e-01
1.39272e-01
1.03069e-01
5.04880e-02
-8.85744e-03
-5.26514e-02
-6.99787e-02
-6.90163e-02
-5.83377e-02
-3.37968e-02
2.43598e-03
3.75367e-02
5.47351e-02
5.33498e-02
4.22854e-02
2.17988e-02
-1.47588e-02
-6.72241e-02
-1.07152e-01
-1.05695e-01
-5.55991e-02
3.17782e-02
1.06978e-01
1.34574e-01
1.24056e-01
9.45894e-02
6.47626e-02
4.78388e-02
4.47470e-02
5.38346e-02
6.45571e-02
5.56521e-02
7.00732e-03
-7.21887e-02
-1.49372e-01
-2.01425e-01
-2.15136e-01
-2.01309e-01
-1.80193e-01
-1.73855e-01
-1.90149e-01
-2.17697e-01
-2.32726e-01
-2.14918e-01
-1.37815e-01
-1.20458e-02
1.15666e-01
1.92914e-01
1.96528e-01
1.27600e-01
1.82395e-02
-5.86003e-02
-6.84667e-02
-2.93349e-02
4.39126e-02
1.35100e-01
2.20162e-01
2.87664e-01
3.15554e-01
3.01350e-01
2.53979e-01
1.87103e-01
8.95394e-02
-2.60405e-02
-9.65683e-02
-9.46804e-02
-3.10532e-02
6.99460e-02
1.45367e-01
1.58427e-01
1.16139e-01
1.07619e-02
-1.15845e-01
-2.32603e-01
-3.02290e-01
-2.85041e-01
-1.82664e-01
-7.00738e-02
-2.55294e-02
-5.44986e-02
-1.22469e-01
-1.76781e-01
-1.93020e-01
-1.74149e-01
-1.13284e-01
-3.42278e-02
2.10989e-02
4.29275e-02
6.14814e-02
9.13844e-02
1.18765e-01
1.33867e-01
1.36900e-01
1.22782e-01
8.24779e-02
2.00126e-02
-2.73148e-02
-3.84974e-02
-3.04786e-02
-2.22924e-02
-2.51155e-02
-3.81793e-02
-4.60411e-02
-2.33062e-02
3.35353e-02
1.01962e-01
1.58408e-01
1.76162e-01
1.70732e-01
1.49037e-01
9.52714e-02
1.50426e-02
-5.77146e-02
-9.49919e-02
-9.98093e-02
-8.94441e-02
-6.95505e-02
-4.36783e-02
-2.41459e-02
-2.06230e-02
-3.87321e-02
-7.91468e-02
-1.32228e-01
-1.76965e-01
-1.97816e-01
-1.97265e-01
-1.80302e-01
-1.34719e-01
-3.68751e-02
9.04484e-02
2.20678e-01
3.15573e-01
3.37849e-01
2.94947e-01
1.96414e-01
7.37408e-02
-1.59842e-02
-3.88386e-02
-1.64756e-02
2.13693e-02
4.66439e-02
4.64871e-02
2.77312e-02
8.80062e-03
1.63312e-02
6.73659e-02
1.30954e-01
1.52979e-01
1.10008e-01
-6.58202e-03
-1.49801e-01
-2.37951e-01
-2.48641e-01
-2.17647e-01
-1.24386e-01
6.99007e-03
7.23936e-02
6.84055e-02
4.11049e-02
3.55866e-03
-2.65455e-02
-3.26125e-02
-1.60215e-02
8.03799e-03
1.26763e-02
-2.08037e-02
-8.21783e-02
-1.28215e-01
-1.22994e-01
-5.00357e-02
5.06024e-02
1.42152e-01
1.87725e-01
1.74110e-01
1.22869e-01
6.24681e-02
4.67564e-03
-3.99239e-02
-7.38242e-02
-8.99043e-02
-7.86768e-02
-4.15187e-02
-4.85661e-04
2.96878e-02
5.18339e-02
6.52194e-02
6.78806e-02
5.41946e-02
1.14540e-02
-5.00980e-02
-9.05851e-02
-8.90218e-02
-5.86078e-02
-2.32828e-02
2.45912e-05
2.96719e-03
-7.32238e-03
-2.29892e-02
-4.17374e-02
-6.38389e-02
-8.95125e-02
-1.09621e-01
-1.20310e-01
-1.18592e-01
-9.77870e-02
-6.09830e-02
-1.62725e-02
3.35943e-02
8.22786e-02
1.24503e-01
1.41095e-01
1.18561e-01
6.60836e-02
2.36270e-02
1.67600e-02
3.13262e-02
4.26657e-02
3.82885e-02
1.59094e-02
-3.28396e-03
8.08491e-03
5.97152e-02
1.13800e-01
1.33484e-01
1.15076e-01
5.38532e-02
-2.23031e-02
-7.48390e-02
-7.66933e-02
-4.13109e-02
-3.32298e-03
1.12784e-02
5.08906e-03
-1.54133e-02
-3.86703e-02
-4.28770e-02
-1.16812e-02
5.56924e-02
1.32775e-01
1.83714e-01
1.96983e-01
1.89327e-01
1.65115e-01
1.05926e-01
2.25908e-02
-5.94152e-02
-1.20155e-01
-1.45584e-01
-1.47129e-01
-1.40086e-01
-1.34232e-01
-1.34938e-01
-1.31683e-01
-1.04358e-01
-4.82223e-02
1.16536e-02
4.75281e-02
5.47575e-02
4.95999e-02
3.95017e-02
3.04264e-02
3.01543e-02
3.73457e-02
4.75507e-02
4.90082e-02
2.68552e-02
-1.82550e-02
-6.88487e-02
-1.07852e-01
-1.33885e-01
-1.48051e-01
-1.52325e-01
-1.53515e-01
-1.53566e-01
-1.39710e-01
-9.63604e-02
-3.07497e-02
4.22308e-02
1.04937e-01
1.47036e-01
1.74497e-01
1.83859e-01
1.70199e-01
1.25985e-01
4.43816e-02
-5.38284e-02
-1.32630e-01
-1.59339e-01
-1.53523e-01
-1.41401e-01
-1.34423e-01
-1.27958e-01
-1.11526e-01
-8.40199e-02
-5.64572e-02
-3.44280e-02
-1.53031e-02
5.68936e-03
3.48399e-02
7.21922e-02
1.12442e-01
1.46309e-01
1.77631e-01
2.13346e-01
2.49140e-01
2.81168e-01
2.98028e-01
2.90888e-01
2.59250e-01
2.14376e-01
1.65842e-01
1.22258e-01
8.76087e-02
4.61893e-02
-1.21865e-02
-7.84121e-02
-1.20437e-01
-1.37382e-01
-1.24235e-01
-8.44813e-02
-4.29758e-02
-2.11788e-02
-2.57611e-02
-2.75296e-02
-8.33682e-03
1.32275e-02
1.40873e-02
-5.16678e-06
-1.44407e-02
-2.95683e-02
-5.24159e-02
-8.80229e-02
-1.27808e-01
-1.52382e-01
-1.60206e-01
-1.60852e-01
-1.57351e-01
-1.38651e-01
-8.48642e-02
-1.28598e-02
5.46793e-02
1.03470e-01
1.25528e-01
1.22620e-01
1.02192e-01
6.75506e-02
2.29305e-02
-2.25338e-02
-6.38856e-02
-1.00029e-01
-1.31516e-01
-1.53035e-01
-1.51729e-01
-1.12363e-01
-4.35855e-02
1.41103e-02
3.72221e-02
3.08929e-02
9.04650e-03
-9.60685e-03
-1.67874e-02
-1.52189e-02
-1.40108e-02
-1.40741e-02
-1.11184e-02
-5.81912e-04
2.81691e-02
7.84465e-02
1.18712e-01
1.26373e-01
1.01573e-01
4.60974e-02
-2.02199e-02
-6.12590e-02
-7.27443e-02
-7.60155e-02
-7.13112e-02
-4.44198e-02
1.34571e-02
8.28717e-02
1.17520e-01
1.20330e-01
1.16193e-01
1.09740e-01
9.59187e-02
6.64060e-02
1.88908e-02
-4.38654e-02
-1.03794e-01
-1.40330e-01
-1.51885e-01
-1.53835e-01
-1.53878e-01
-1.50055e-01
-1.36076e-01
-1.08203e-01
-7.85644e-02
-5.93482e-02
-4.65460e-02
-3.09826e-02
-9.46684e-03
1.32868e-02
3.20759e-02
4.58769e-02
5.23680e-02
5.46050e-02
5.31917e-02
5.45753e-02
6.61444e-02
1.00422e-01
1.46546e-01
1.79195e-01
1.95240e-01
2.02279e-01
1.97032e-01
1.57457e-01
4.63396e-02
-1.14311e-01
-2.36977e-01
-2.99514e-01
-3.08103e-01
-2.75837e-01
-1.97294e-01
-9.10414e-02
-9.76179e-03
3.51205e-02
6.28055e-02
9.12146e-02
1.25224e-01
1.49693e-01
1.45900e-01
1.11341e-01
3.18183e-02
-8.52301e-02
-2.23783e-01
-3.19803e-01
-3.26469e-01
-2.28654e-01
-4.42383e-02
1.22405e-01
2.15765e-01
2.50363e-01
2.45412e-01
1.98875e-01
1.38145e-01
1.00583e-01
9.06260e-02
9.37851e-02
1.13740e-01
1.39592e-01
1.41912e-01
1.19219e-01
9.26352e-02
7.20107e-02
6.20230e-02
7.17759e-02
9.22976e-02
9.26345e-02
6.29369e-02
-1.06218e-02
-1.24764e-01
-2.45411e-01
-3.24230e-01
-3.51781e-01
-3.45103e-01
-3.23329e-01
-2.84102e-01
-2.05477e-01
-9.55601e-02
1.33558e-02
1.14102e-01
1.78984e-01
1.62213e-01
6.81737e-02
-4.81001e-02
-1.58341e-01
-2.53064e-01
-2.88290e-01
-2.63740e-01
-1.97118e-01
-1.15702e-01
-3.51368e-02
4.01976e-02
1.08460e-01
1.72656e-01
2.34183e-01
2.66538e-01
2.77522e-01
2.78140e-01
2.56776e-01
1.95242e-01
1.07323e-01
2.02448e-02
-5.04402e-02
-1.07864e-01
-1.64438e-01
-2.27527e-01
-2.73220e-01
-2.80637e-01
-2.50718e-01
-1.80969e-01
-9.65895e-02
-4.98124e-02
-3.22779e-02
-7.61461e-03
4.33047e-02
1.22130e-01
2.03937e-01
2.63774e-01
2.81583e-01
2.60182e-01
1.96277e-01
1.16965e-01
5.94364e-02
2.98460e-02
2.08668e-02
2.03569e-02
1.78329e-02
9.03736e-03
-7.71857e-03
-2.59143e-02
-3.45689e-02
-2.57366e-02
9.15619e-03
5.76299e-02
8.07023e-02
6.76009e-02
2.12052e-02
-3.19498e-02
-6.46801e-02
-7.57158e-02
-5.85134e-02
6.30496e-03
9.81887e-02
1.81912e-01
2.24420e-01
2.26656e-01
2.06241e-01
1.56839e-01
6.99067e-02
-2.61271e-02
-1.16817e-01
-1.88552e-01
-2.29730e-01
-2.61094e-01
-2.85377e-01
-2.88249e-01
-2.76684e-01
-2.55312e-01
-2.14544e-01
-1.50521e-01
-7.79011e-02
-2.68657e-02
-8.20324e-03
-1.08121e-02
-2.28331e-02
-3.19599e-02
-2.31482e-02
1.87891e-02
8.48923e-02
1.37571e-01
1.61530e-01
1.64620e-01
1.55377e-01
1.34292e-01
1.11247e-01
9.01402e-02
7.65023e-02
8.13670e-02
1.02097e-01
1.24387e-01
1.38427e-01
1.35722e-01
1.20402e-01
9.23795e-02
4.97549e-02
7.59366e-03
-2.24143e-02
-4.72982e-02
-8.55761e-02
-1.39813e-01
-1.97568e-01
-2.41026e-01
-2.59168e-01
-2.60569e-01
-2.60434e-01
-2.65062e-01
-2.65627e-01
-2.51053e-01
-1.92139e-01
-9.05834e-02
1.08604e-02
9.69715e-02
1.43655e-01
1.44616e-01
1.08644e-01
5.49397e-02
1.24468e-02
1.16627e-03
2.07512e-02
7.01661e-02
1.33139e-01
1.76746e-01
1.91489e-01
1.86534e-01
1.73328e-01
1.64329e-01
1.66681e-01
1.86674e-01
2.20251e-01
2.45582e-01
2.56440e-01
2.61061e-01
2.54665e-01
2.27452e-01
1.75420e-01
1.06210e-01
4.06686e-02
-5.78939e-03
-2.45177e-02
-3.43150e-02
-5.30120e-02
-8.10587e-02
-1.09531e-01
-1.27522e-01
-1.31631e-01
-1.29965e-01
-1.38925e-01
-1.69412e-01
-2.08671e-01
-2.45704e-01
-2.70748e-01
-2.73529e-01
-2.54006e-01
-2.15049e-01
-1.50993e-01
-8.23484e-02
-3.65479e-02
-1.30620e-02
3.35433e-03
2.13605e-02
4.27255e-02
6.44138e-02
8.26424e-02
9.43783e-02
9.90760e-02
8.81951e-02
5.00222e-02
-1.70957e-02
-8.10445e-02
-1.16284e-01
-1.25351e-01
-1.16594e-01
-8.85577e-02
-4.77207e-02
-1.23907e-02
5.54200e-03
8.81613e-03
2.92131e-03
-7.05391e-03
-1.66251e-02
-2.45975e-02
-2.55149e-02
-1.44881e-02
1.68251e-02
7.25436e-02
1.35581e-01
1.85058e-01
2.04867e-01
1.92364e-01
1.52462e-01
1.07756e-01
7.42387e-02
5.07938e-02
2.42277e-02
-1.16161e-02
-4.79882e-02
-7.88747e-02
-9.73064e-02
-1.02284e-01
-9.84651e-02
-8.78176e-02
-7.20417e-02
-5.16801e-02
-2.76379e-02
-5.80442e-03
7.94988e-03
1.36853e-02
1.15101e-02
8.44548e-03
1.31850e-02
2.33122e-02
2.46017e-02
2.38038e-04
-5.38770e-02
-1.13593e-01
-1.48566e-01
-1.59283e-01
-1.51316e-01
-1.20582e-01
-5.75732e-02
1.97533e-02
9.21497e-02
1.41895e-01
1.60389e-01
1.64124e-01
1.57498e-01
1.39712e-01
1.09854e-01
6.73249e-02
2.78215e-02
4.91331e-03
1.13463e-03
8.30657e-03
2.59404e-02
5.13752e-02
7.99075e-02
1.10335e-01
1.39829e-01
1.69008e-01
1.85249e-01
1.77680e-01
1.48421e-01
1.11157e-01
7.53848e-02
4.64796e-02
2.50110e-02
4.47305e-03
-1.29442e-02
-2.59414e-02
-3.60097e-02
-4.16455e-02
-4.21433e-02
-4.14604e-02
-4.00393e-02
-3.45404e-02
-2.17778e-02
1.57267e-03
2.66784e-02
3.90925e-02
3.41186e-02
1.63228e-02
-8.49918e-03
-3.22744e-02
-4.89720e-02
-6.06872e-02
-7.55884e-02
-9.57954e-02
-1.17686e-01
-1.37021e-01
-1.50594e-01
-1.56254e-01
-1.56285e-01
-1.55868e-01
-1.59555e-01
-1.65856e-01
-1.67670e-01
-1.58742e-01
-1.27078e-01
-6.89977e-02
3.15707e-03
5.84304e-02
9.33151e-02
1.17187e-01
1.30928e-01
1.34728e-01
1.29829e-01
1.17976e-01
1.01832e-01
8.32684e-02
6.13093e-02
3.25024e-02
-3.60601e-03
-4.38120e-02
-8.46719e-02
-1.23195e-01
-1.44655e-01
-1.44530e-01
-1.29444e-01
-1.18994e-01
-1.22003e-01
-1.36435e-01
-1.57311e-01
-1.70039e-01
-1.63673e-01
-1.34539e-01
-8.03130e-02
-1.90208e-02
2.71953e-02
4.71001e-02
5.58088e-02
6.34338e-02
6.63517e-02
6.50203e-02
5.79970e-02
4.59924e-02
3.96232e-02
4.20692e-02
5.34301e-02
7.07065e-02
9.00808e-02
1.05143e-01
1.08810e-01
1.06858e-01
1.03217e-01
1.00948e-01
1.03696e-01
1.07115e-01
1.07401e-01
9.80246e-02
8.13687e-02
6.91312e-02
6.85254e-02
7.71945e-02
9.19277e-02
1.05338e-01
1.06148e-01
9.06378e-02
5.53791e-02
9.91496e-03
-3.34370e-02
-7.07039e-02
-9.15276e-02
-9.82692e-02
-9.99204e-02
-9.62568e-02
-9.05144e-02
-8.09629e-02
-6.20643e-02
-2.78909e-02
9.61992e-03
3.07883e-02
2.78522e-02
6.41622e-03
-2.29003e-02
-5.26631e-02
-7.05835e-02
-7.58774e-02
-7.46946e-02
-7.46427e-02
-7.79453e-02
-8.08431e-02
-7.85850e-02
-6.46507e-02
-4.26178e-02
-2.24777e-02
-9.61664e-03
2.01140e-03
1.34370e-02
2.46687e-02
3.45092e-02
4.57288e-02
5.56159e-02
5.91533e-02
5.52591e-02
4.78505e-02
3.80270e-02
2.70450e-02
1.83228e-02
1.63490e-02
1.74134e-02
1.82585e-02
1.73542e-02
1.22104e-02
1.20836e-03
-7.24307e-03
-6.79589e-03
2.48683e-03
2.30454e-02
4.83055e-02
6.57225e-02
7.32110e-02
7.24030e-02
6.59067e-02
5.94749e-02
5.68881e-02
6.27155e-02
7.21460e-02
7.82030e-02
7.86073e-02
7.61283e-02
6.76989e-02
4.57269e-02
1.60719e-02
-1.30964e-02
-4.08945e-02
-6.37412e-02
-6.97360e-02
-6.32235e-02
-5.05921e-02
-4.22338e-02
-4.61405e-02
-6.00105e-02
-7.77305e-02
-9.20903e-02
-1.01938e-01
-1.08164e-01
-1.13892e-01
-1.16478e-01
-1.15059e-01
-1.06258e-01
-9.10196e-02
-7.00283e-02
-4.41632e-02
-1.76627e-02
7.93078e-03
3.22303e-02
5.23391e-02
6.82136e-02
8.10776e-02
9.24806e-02
1.01543e-01
1.07169e-01
1.06674e-01
9.99622e-02
8.95689e-02
7.69103e-02
6.12027e-02
4.59325e-02
3.83382e-02
3.51660e-02
3.22068e-02
2.86715e-02
2.42441e-02
1.78446e-02
1.51676e-02
1.27028e-02
9.70700e-03
4.33032e-03
-7.69739e-03
-2.57234e-02
-4.53733e-02
-6.63477e-02
-9.13751e-02
-1.08647e-01
-1.20672e-01
-1.32271e-01
-1.40244e-01
-1.43989e-01
-1.43230e-01
-1.30550e-01
-1.04348e-01
-7.42797e-02
-4.69520e-02
-2.62081e-02
-1.57723e-02
-1.37535e-02
-2.18219e-02
-4.25567e-02
-6.81948e-02
-8.39219e-02
-8.43306e-02
-7.28824e-02
-5.44352e-02
-3.39408e-02
-1.03126e-02
1.50088e-02
4.01516e-02
6.70851e-02
9.05891e-02
1.09025e-01
1.26161e-01
1.37719e-01
1.36350e-01
1.18446e-01
9.00468e-02
6.15478e-02
3.57637e-02
1.86886e-02
1.00018e-02
2.89979e-03
-6.63423e-03
-1.72015e-02
-2.88266e-02
-4.07542e-02
-4.90487e-02
-5.51879e-02
-6.22335e-02
-6.89174e-02
-7.12590e-02
-6.99352e-02
-6.30602e-02
-5.09246e-02
-3.67811e-02
-2.15430e-02
-7.77592e-03
7.02341e-04
-1.05483e-03
-9.04168e-03
-1.74269e-02
-2.23449e-02
-1.90538e-02
-1.28217e-02
-6.27159e-03
-1.41159e-03
1.00811e-03
2.54057e-03
6.02603e-03
1.15705e-02
2.07932e-02
3.42436e-02
4.71461e-02
5.80700e-02
6.33239e-02
5.82222e-02
4.42981e-02
2.51588e-02
7.12894e-03
-1.31566e-03
-4.08720e-03
-7.87581e-03
-9.71212e-03
-3.90037e-03
6.42056e-03
1.65181e-02
2.32203e-02
2.22201e-02
1.21611e-02
-2.64315e-03
-1.46871e-02
-2.16001e-02
-2.48630e-02
-2.42891e-02
-1.94390e-02
-9.50995e-03
7.33806e-03
2.89897e-02
5.18517e-02
6.08094e-02
5.35255e-02
3.71879e-02
1.89374e-02
1.26099e-02
2.08364e-02
3.77661e-02
5.85736e-02
7.70962e-02
8.91816e-02
9.81407e-02
1.04079e-01
1.05458e-01
1.04762e-01
1.01729e-01
9.66318e-02
9.31674e-02
8.95500e-02
8.11732e-02
6.53467e-02
4.44493e-02
2.04109e-02
-6.15423e-04
-1.72544e-02
-2.77891e-02
-3.44358e-02
-3.98731e-02
-4.11800e-02
-4.18389e-02
-4.38012e-02
-4.56718e-02
-4.58136e-02
-4.67040e-02
-4.75455e-02
-4.88258e-02
-4.96850e-02
-5.09492e-02
-5.64023e-02
-6.81701e-02
-8.17793e-02
-9.23363e-02
-1.00337e-01
-1.02720e-01
-1.01048e-01
-9.63153e-02
-8.60131e-02
-6.71939e-02
-4.53271e-02
-2.18672e-02
-4.72897e-05
2.19904e-02
4.35145e-02
6.38500e-02
8.71477e-02
1.08395e-01
1.20384e-01
1.17216e-01
1.02996e-01
8.51444e-02
6.64066e-02
5.14486e-02
3.75223e-02
2.06325e-02
-1.56040e-03
-2.70593e-02
-4.94433e-02
-6.45861e-02
-7.39206e-02
-7.77823e-02
-7.77183e-02
-7.67927e-02
-7.49693e-02
-7.20338e-02
-6.71164e-02
-6.46780e-02
-6.50804e-02
-6.71498e-02
-7.49459e-02
-8.39145e-02
-8.95095e-02
-8.89816e-02
-8.31909e-02
-7.13442e-02
-5.58673e-02
-4.35782e-02
-3.44156e-02
-2.82931e-02
-2.24684e-02
-8.59975e-03
1.08824e-02
3.61000e-02
6.76196e-02
1.00100e-01
1.30234e-01
1.51561e-01
1.57586e-01
1.52308e-01
1.39327e-01
1.21543e-01
1.02367e-01
8.71499e-02
7.35085e-02
6.39711e-02
5.45865e-02
4.41573e-02
3.55924e-02
3.14536e-02
3.30107e-02
4.12015e-02
5.15715e-02
6.13572e-02
6.46478e-02
5.93075e-02
5.35893e-02
4.72566e-02
4.38777e-02
4.25524e-02
3.86917e-02
3.68643e-02
3.85243e-02
4.15503e-02
4.19347e-02
3.81399e-02
3.22944e-02
2.57853e-02
2.07335e-02
1.74616e-02
1.11754e-02
6.64923e-03
2.90668e-03
-1.75118e-03
-3.96602e-03
-5.41960e-03
-1.35382e-02
-2.48949e-02
-3.52524e-02
-4.65200e-02
-5.78943e-02
-6.73476e-02
-7.77654e-02
-8.74082e-02
-9.27894e-02
-9.51651e-02
-8.75762e-02
-6.35606e-02
-3.47379e-02
-7.50507e-03
1.63490e-02
3.36248e-02
4.40818e-02
4.85262e-02
5.12951e-02
5.06542e-02
4.65407e-02
4.34537e-02
3.80098e-02
3.32317e-02
3.01553e-02
2.37779e-02
2.02941e-02
1.86309e-02
1.45248e-02
1.04783e-02
6.67150e-03
-1.85939e-03
-1.20890e-02
-1.80904e-02
-2.05186e-02
-1.88914e-02
-1.55549e-02
-1.43036e-02
-1.38917e-02
-1.45081e-02
-1.63626e-02
-2.18805e-02
-3.01328e-02
-3.92750e-02
-4.89645e-02
-5.41585e-02
-5.37167e-02
-4.79035e-02
-3.55604e-02
-1.98246e-02
-8.78244e-03
-8.21840e-03
-1.45788e-02
-2.25610e-02
-3.17544e-02
-3.86838e-02
-3.93557e-02
-3.83789e-02
-3.84564e-02
-3.86456e-02
-3.83168e-02
-3.80228e-02
-3.79325e-02
-3.43871e-02
-2.65473e-02
-1.85386e-02
-7.55630e-03
4.93346e-03
1.12535e-02
1.12598e-02
1.03761e-02
1.00574e-02
1.01396e-02
1.01701e-02
9.23748e-03
5.28459e-03
-1.93822e-03
-1.12965e-02
-2.51105e-02
-4.09871e-02
-5.51995e-02
-6.41607e-02
-6.82097e-02
-6.94451e-02
-6.87747e-02
-6.48315e-02
-6.08287e-02
-5.50068e-02
-4.81502e-02
-4.12722e-02
-3.74035e-02
-3.75997e-02
-3.81295e-02
-3.79617e-02
-3.69111e-02
-3.03525e-02
-2.27296e-02
-1.54555e-02
-9.29799e-03
-2.32918e-03
3.33679e-03
1.09922e-02
2.35790e-02
3.95345e-02
5.69317e-02
7.25105e-02
8.32415e-02
8.88877e-02
9.07058e-02
8.74706e-02
8.29451e-02
7.92140e-02
7.55481e-02
7.52971e-02
8.05517e-02
8.40886e-02
8.36449e-02
8.17618e-02
7.41035e-02
6.15943e-02
4.59965e-02
2.72986e-02
9.26367e-03
-6.07703e-03
-1.55541e-02
-2.21300e-02
-2.57708e-02
-2.57238e-02
-2.67420e-02
-2.62495e-02
-2.49253e-02
-2.49021e-02
-2.58121e-02
-3.24123e-02
-4.47443e-02
-6.01708e-02
-7.63889e-02
-8.61235e-02
-8.41635e-02
-7.07142e-02
-5.08095e-02
-3.34956e-02
-2.24051e-02
-1.65374e-02
-1.27750e-02
-1.21894e-02
-1.26920e-02
-1.25067e-02
-9.35367e-03
-3.96516e-03
-4.98081e-05
2.46698e-03
6.57137e-03
1.04892e-02
1.12978e-02
1.14229e-02
1.19349e-02
1.38293e-02
1.71703e-02
1.74169e-02
1.31234e-02
8.53318e-03
1.84934e-03
-2.64233e-03
-5.99611e-03
-1.03063e-02
-1.61220e-02
-2.56200e-02
-3.67708e-02
-4.67770e-02
-5.57064e-02
-6.21229e-02
-6.64363e-02
-7.17769e-02
-7.33707e-02
-7.13709e-02
-6.45102e-02
-5.59141e-02
-4.54107e-02
-3.40607e-02
-2.51128e-02
-1.98240e-02
-1.41737e-02
-1.14217e-02
-1.00164e-02
-6.41990e-03
-1.48509e-03
2.57814e-03
1.27122e-02
3.07413e-02
4.73480e-02
5.64955e-02
6.06694e-02
6.04011e-02
5.92950e-02
5.58860e-02
5.16307e-02
5.06483e-02
5.13019e-02
5.49454e-02
5.81468e-02
5.63610e-02
5.07975e-02
4.53110e-02
3.90015e-02
3.41473e-02
3.23275e-02
2.89792e-02
2.49949e-02
2.38578e-02
2.38661e-02
2.46134e-02
2.37432e-02
1.82422e-02
1.14041e-02
4.99295e-03
6.12730e-04
3.36460e-04
6.50115e-04
-3.82837e-03
-1.09113e-02
-1.44152e-02
-1.54060e-02
-1.28598e-02
-1.09971e-02
-1.12606e-02
-1.14642e-02
-1.36839e-02
-2.03656e-02
-2.96677e-02
-3.64920e-02
-3.86737e-02
-3.52380e-02
-2.58652e-02
-8.50146e-03
1.13712e-02
2.55852e-02
3.24770e-02
3.13317e-02
2.46100e-02
1.45012e-02
-1.30739e-05
-1.60952e-02
-2.45911e-02
-2.31976e-02
-1.50226e-02
-3.20386e-03
8.41463e-03
1.44237e-02
1.58062e-02
1.63852e-02
1.81405e-02
1.88555e-02
1.84765e-02
1.61957e-02
1.37221e-02
1.21693e-02
9.44611e-03
7.07536e-03
6.93093e-03
5.57097e-03
1.62158e-03
-2.68900e-03
-9.78014e-03
-2.02829e-02
-2.96242e-02
-3.51815e-02
-3.92486e-02
-4.32391e-02
-4.14659e-02
-3.29451e-02
-1.97170e-02
-4.24611e-03
1.18556e-02
2.47572e-02
3.39707e-02
3.85917e-02
4.09152e-02
4.03351e-02
3.70910e-02
3.01856e-02
2.08166e-02
1.70239e-02
2.24581e-02
3.19407e-02
4.26693e-02
5.02279e-02
5.48182e-02
6.07005e-02
6.24586e-02
6.30800e-02
6.64427e-02
7.05173e-02
7.06945e-02
6.71736e-02
5.95032e-02
4.80765e-02
3.43511e-02
2.26597e-02
1.22110e-02
-1.13326e-03
-1.87807e-02
-3.69750e-02
-5.37293e-02
-6.68594e-02
-7.71545e-02
-8.54858e-02
-8.96214e-02
-9.36200e-02
-9.60120e-02
-9.56309e-02
-9.51740e-02
-9.53179e-02
-9.56398e-02
-9.89158e-02
-1.01996e-01
-1.00599e-01
-9.55659e-02
-8.69878e-02
-7.44181e-02
-6.03525e-02
-4.70768e-02
-3.16012e-02
-1.59667e-02
-2.83579e-03
5.43517e-03
1.14279e-02
1.73244e-02
2.47497e-02
3.49425e-02
4.55422e-02
5.58607e-02
6.53182e-02
7.37192e-02
7.84820e-02
7.94278e-02
8.07024e-02
8.26728e-02
8.45786e-02
8.73763e-02
9.24944e-02
9.44984e-02
9.16192e-02
8.49806e-02
7.65846e-02
6.90970e-02
5.97070e-02
5.04203e-02
4.29978e-02
3.63298e-02
3.08705e-02
2.49125e-02
2.11342e-02
1.45273e-02
1.11985e-02
8.11465e-03
6.93819e-04
-9.01756e-03
-2.14069e-02
-3.41936e-02
-4.51338e-02
-4.94764e-02
-4.69459e-02
-3.97825e-02
-3.49750e-02
-3.09728e-02
-2.44334e-02
-1.69355e-02
-9.47635e-03
-4.37152e-03
-3.12247e-03
-5.80318e-03
-5.93858e-03
-1.65865e-03
3.26067e-04
-3.34603e-04
-8.33362e-04
-3.02184e-03
-8.74266e-03
-1.34523e-02
-1.65015e-02
-2.16976e-02
-2.50433e-02
-2.50425e-02
-2.17989e-02
-1.67073e-02
-1.25783e-02
-6.76411e-03
2.73792e-04
9.07295e-03
1.70116e-02
2.23716e-02
2.32255e-02
1.92086e-02
1.15602e-02
7.45300e-03
5.31188e-03
4.55343e-03
4.64570e-03
3.10994e-03
-2.85274e-04
-1.67862e-03
-1.26011e-03
-1.35881e-04
2.69496e-03
3.11982e-03
-1.64113e-03
-7.52639e-03
-9.77734e-03
-7.68369e-03
-4.71370e-03
-3.84456e-03
-9.13315e-03
-1.61393e-02
-2.38293e-02
-2.71148e-02
-2.64535e-02
-2.30492e-02
-1.58257e-02
-1.21500e-02
-1.16880e-02
-1.42299e-02
-1.88284e-02
-2.61704e-02
-3.29378e-02
-3.83532e-02
-3.93470e-02
-3.91262e-02
-4.42050e-02
-5.10122e-02
-5.31991e-02
-5.49331e-02
-5.25654e-02
-4.51964e-02
-3.55957e-02
-2.77261e-02
-2.18876e-02
-1.67447e-02
-1.14825e-02
-4.69369e-03
1.32872e-04
5.55616e-03
1.11378e-02
1.77876e-02
2.16751e-02
2.13176e-02
1.90924e-02
1.19387e-02
2.35700e-03
-3.84178e-03
-8.21560e-03
-8.69787e-03
-4.36032e-03
-2.07858e-06
6.27218e-03
9.88673e-03
1.01842e-02
1.19500e-02
1.02078e-02
7.88268e-03
8.00619e-03
8.42199e-03
8.30776e-03
7.57794e-03
7.36621e-03
8.00842e-03
8.13004e-03
6.98146e-03
2.86640e-04
-6.72917e-03
-1.29380e-02
-1.67571e-02
-1.67064e-02
-1.62066e-02
-1.67051e-02
-2.00410e-02
-2.63742e-02
-2.90932e-02
-2.87354e-02
-2.88720e-02
-2.84668e-02
-2.81950e-02
-2.82548e-02
-2.68603e-02
-2.06689e-02
-1.56598e-02
-1.29356e-02
-8.47567e-03
-4.30833e-03
-2.84767e-03
3.09734e-03
9.76239e-03
1.63964e-02
2.15221e-02
2.61654e-02
2.87322e-02
2.93732e-02
3.10645e-02
3.19133e-02
3.34544e-02
3.64508e-02
3.76138e-02
3.55334e-02
3.06555e-02
2.36417e-02
1.45363e-02
3.61501e-03
-5.70222e-03
-1.35228e-02
-1.85185e-02
-2.18793e-02
-2.20675e-02
-1.81595e-02
-1.41064e-02
-1.01148e-02
-8.18716e-03
-9.42453e-03
-1.33066e-02
-1.74532e-02
-2.08172e-02
-2.47864e-02
-2.84884e-02
-3.09428e-02
-3.41016e-02
-3.79141e-02
-4.11042e-02
-4.19344e-02
-4.26154e-02
-4.32123e-02
-4.18105e-02
-3.98992e-02
-3.51604e-02
-3.03919e-02
-2.87449e-02
-2.65624e-02
-2.11763e-02
-1.71995e-02
-1.46833e-02
-8.08126e-03
-2.40218e-03
3.99627e-03
1.33275e-02
2.01760e-02
2.37812e-02
2.72837e-02
3.03960e-02
3.03337e-02
2.80898e-02
2.35167e-02
1.86980e-02
1.50221e-02
9.26638e-03
6.06288e-03
6.55482e-03
7.01351e-03
7.67016e-03
1.15457e-02
1.36227e-02
1.15389e-02
7.58764e-03
6.71121e-03
7.35055e-03
7.19687e-03
4.94980e-03
-7.53490e-04
-5.63232e-03
-1.06349e-02
-1.65934e-02
-1.95587e-02
-2.23433e-02
-2.25137e-02
-1.93012e-02
-1.65931e-02
-1.50207e-02
-9.37124e-03
-1.76305e-03
6.17812e-03
1.43556e-02
2.12720e-02
2.92083e-02
3.74017e-02
4.32918e-02
4.60808e-02
4.81448e-02
5.00083e-02
5.21223e-02
5.55117e-02
5.95160e-02
6.63996e-02
6.90667e-02
6.81558e-02
6.78325e-02
6.74023e-02
6.50728e-02
6.21407e-02
5.95194e-02
5.90906e-02
6.04401e-02
5.95835e-02
5.61976e-02
5.16785e-02
4.16098e-02
2.80786e-02
1.06423e-02
-7.31166e-03
-2.09464e-02
-3.22076e-02
-4.31316e-02
-5.21384e-02
-5.92031e-02
-6.52872e-02
-6.93744e-02
-7.18808e-02
-6.97816e-02
-6.45671e-02
-5.71415e-02
-4.47021e-02
-3.37464e-02
-2.62377e-02
-2.08736e-02
-1.61187e-02
-1.41708e-02
-1.02565e-02
-4.30174e-03
-2.16731e-03
-2.87626e-03
-2.97792e-03
-2.56150e-03
-1.10393e-04
7.29483e-03
1.64689e-02
2.42520e-02
3.08286e-02
3.42474e-02
3.38702e-02
2.96629e-02
2.27438e-02
2.02176e-02
1.63427e-02
1.10329e-02
1.06219e-02
1.54073e-02
2.06105e-02
2.26973e-02
2.49365e-02
2.88292e-02
3.30175e-02
3.52641e-02
3.49922e-02
3.34459e-02
2.99244e-02
2.48241e-02
2.12976e-02
1.70713e-02
1.23601e-02
1.51482e-02
2.17024e-02
2.60276e-02
2.88989e-02
2.69236e-02
2.21541e-02
1.71363e-02
1.20166e-02
6.83732e-03
1.06392e-03
-1.29561e-03
-6.51317e-04
2.07736e-03
8.31820e-03
1.28760e-02
1.69669e-02
2.17058e-02
2.33608e-02
1.98457e-02
1.30982e-02
6.88388e-03
9.29505e-04
-8.28489e-04
-9.79238e-05
1.11311e-03
1.60027e-03
-1.22338e-04
-5.54907e-03
-1.17576e-02
-1.26190e-02
-8.83913e-03
-1.55657e-03
2.03155e-03
3.93290e-03
5.88625e-03
5.82648e-03
2.76611e-03
6.92446e-04
9.82658e-04
1.31298e-03
1.18749e-03
6.18760e-04
-2.81851e-03
-7.90406e-03
-1.13230e-02
-1.28765e-02
-1.59155e-02
-1.98751e-02
-2.19234e-02
-2.09348e-02
-1.98853e-02
-1.95405e-02
-1.88256e-02
-1.87656e-02
-2.02799e-02
-2.15183e-02
-2.17838e-02
-2.20638e-02
-2.07718e-02
-1.64298e-02
-1.08383e-02
-5.42585e-03
1.81510e-03
5.39589e-03
5.00152e-03
2.45918e-03
-1.70689e-03
-7.68709e-03
-1.21360e-02
-1.78627e-02
-2.19388e-02
-2.15598e-02
-1.95527e-02
-1.33019e-02
-7.34053e-03
-4.47863e-04
5.10141e-03
6.71817e-03
5.06496e-03
3.12505e-03
-5.17124e-04
-6.67703e-03
-9.22370e-03
-7.82624e-03
-6.63501e-03
-8.71916e-03
-9.35188e-03
-4.86718e-03
1.34066e-03
7.31316e-03
1.35146e-02
1.94186e-02
2.47503e-02
2.67721e-02
2.85710e-02
3.23097e-02
3.68153e-02
4.02595e-02
4.31739e-02
4.68479e-02
4.78426e-02
4.70606e-02
4.37045e-02
3.98496e-02
3.80510e-02
3.71854e-02
3.55965e-02
3.23216e-02
2.96640e-02
2.94524e-02
3.00548e-02
3.28036e-02
3.60069e-02
3.77341e-02
3.66003e-02
3.27673e-02
2.76365e-02
2.13647e-02
1.34366e-02
2.79987e-03
-8.45817e-03
-1.72994e-02
-2.29405e-02
-2.90645e-02
-3.46396e-02
-4.01989e-02
-4.41538e-02
-4.49189e-02
-4.44511e-02
-4.43231e-02
-4.44170e-02
-4.44116e-02
-4.42629e-02
-4.37861e-02
-4.04368e-02
-3.51871e-02
-3.15134e-02
-2.99331e-02
-2.81014e-02
-2.77966e-02
-3.00258e-02
-3.17230e-02
-3.14847e-02
-2.90386e-02
-2.58517e-02
-2.58461e-02
-2.81564e-02
-3.14140e-02
-3.33597e-02
-3.52448e-02
-3.87509e-02
-3.88487e-02
-3.58563e-02
-3.23593e-02
-2.72466e-02
-1.95923e-02
-1.29605e-02
-6.66101e-03
-3.21686e-04
5.72182e-03
1.00156e-02
1.20472e-02
9.17412e-03
5.15800e-03
-9.18505e-04
-6.38736e-03
-6.61989e-03
-5.53591e-03
-5.36781e-03
-5.48095e-03
-4.56468e-03
-2.22488e-03
6.21095e-04
1.12028e-03
-4.56546e-04
-4.27005e-03
-5.95688e-03
-7.99431e-03
-1.35674e-02
-1.76664e-02
-1.85797e-02
-1.97825e-02
-2.01303e-02
-1.98066e-02
-1.98713e-02
-2.25708e-02
-2.70736e-02
-2.93255e-02
-3.07935e-02
-3.11100e-02
-2.97541e-02
-2.85824e-02
-2.85837e-02
-2.85408e-02
-2.51982e-02
-1.84751e-02
-1.25619e-02
-6.31423e-03
-3.58061e-03
-3.24463e-04
6.30075e-03
9.74239e-03
1.38457e-02
1.89139e-02
1.98347e-02
1.81584e-02
1.18798e-02
5.03880e-03
-2.19194e-03
-8.18169e-03
-1.50062e-02
-1.91654e-02
-2.44586e-02
-3.02203e-02
-3.26999e-02
-3.26577e-02
-2.89525e-02
-2.56958e-02
-2.05524e-02
-1.49213e-02
-1.09839e-02
-5.14193e-03
6.38291e-05
5.31397e-03
9.23547e-03
9.61697e-03
8.09560e-03
4.33383e-03
1.95492e-03
8.05043e-04
2.43354e-03
6.37288e-03
8.91551e-03
7.28594e-03
4.73842e-03
3.08356e-03
4.10733e-03
8.34688e-03
1.19254e-02
1.75592e-02
2.32691e-02
2.37732e-02
1.82319e-02
6.99950e-03
-2.44661e-03
-6.86633e-03
-8.62228e-03
-5.73158e-03
-2.68647e-03
-1.65464e-03
1.28552e-03
4.51073e-03
7.48902e-03
9.77922e-03
1.23615e-02
1.75982e-02
2.48653e-02
3.22106e-02
3.42851e-02
3.33857e-02
3.18923e-02
2.69926e-02
2.21805e-02
2.08310e-02
1.99942e-02
1.85480e-02
1.82963e-02
1.82780e-02
1.64395e-02
1.31072e-02
9.68733e-03
8.92136e-03
7.97274e-03
6.87656e-03
7.66507e-03
8.72164e-03
9.71827e-03
1.30325e-02
1.88854e-02
2.18019e-02
2.12607e-02
1.99393e-02
1.58085e-02
1.01684e-02
5.94329e-03
1.57741e-03
-2.68923e-03
-3.75216e-03
-3.19060e-03
-3.11636e-03
-3.36355e-03
-2.55709e-03
-2.31512e-03
-2.96831e-03
-3.17660e-03
-5.46981e-03
-1.15563e-02
-1.43477e-02
-1.20971e-02
-5.98367e-03
-1.12982e-03
4.95935e-03
1.00540e-02
1.25657e-02
1.35080e-02
1.02919e-02
7.41034e-03
3.71060e-03
-1.18309e-03
-3.88527e-03
-3.56202e-03
-1.84567e-03
-1.90313e-03
-3.49019e-03
-4.68028e-03
-8.87368e-03
-1.41602e-02
-1.61075e-02
-1.64003e-02
-1.75350e-02
-1.94055e-02
-2.10266e-02
-2.33798e-02
-2.60669e-02
-2.68978e-02
-2.51377e-02
-2.36447e-02
-2.31607e-02
-2.47497e-02
-2.73733e-02
-2.77889e-02
-2.77081e-02
-2.80998e-02
-2.66804e-02
-2.39928e-02
-2.05666e-02
-1.63344e-02
-1.02768e-02
-1.90669e-03
6.36331e-03
1.47184e-02
2.31315e-02
2.80444e-02
3.04828e-02
3.24496e-02
3.35608e-02
3.28454e-02
3.20117e-02
3.18611e-02
3.26281e-02
3.18333e-02
3.09312e-02
2.82092e-02
2.37322e-02
2.00982e-02
1.88919e-02
1.92191e-02
1.93461e-02
1.92470e-02
2.03806e-02
2.53053e-02
2.94313e-02
3.09408e-02
3.09245e-02
2.93689e-02
2.59794e-02
2.09286e-02
1.80538e-02
1.31499e-02
7.07824e-03
4.10933e-03
9.33091e-04
-7.28645e-05
7.07269e-04
4.12181e-03
7.40738e-03
1.00919e-02
1.52395e-02
1.91961e-02
1.88882e-02
1.53422e-02
1.09129e-02
7.25568e-03
5.82596e-03
3.36996e-03
-2.53861e-03
-6.64871e-03
-7.02737e-03
-9.55040e-03
-9.93984e-03
-7.27669e-03
-5.89598e-03
-6.32484e-03
-6.59226e-03
-4.31002e-03
1.19566e-03
5.77221e-03
7.46622e-03
1.05028e-02
1.17027e-02
9.56216e-03
6.11078e-03
4.89440e-03
4.43442e-03
2.03587e-03
-1.29916e-03
-5.09925e-03
-7.69709e-03
-7.24635e-03
-4.07996e-03
1.09255e-03
5.06881e-03
5.00763e-03
4.37375e-03
4.51144e-03
4.67895e-03
5.49328e-03
6.98035e-03
1.17238e-02
1.65210e-02
1.95149e-02
2.20779e-02
2.42874e-02
2.27344e-02
1.84061e-02
1.56994e-02
1.36356e-02
1.00732e-02
8.96223e-03
8.85947e-03
9.00678e-03
9.60005e-03
1.14813e-02
1.12655e-02
9.07305e-03
5.69392e-03
2.82064e-03
-1.19073e-03
-6.94387e-03
-1.07475e-02
-1.51228e-02
-1.98864e-02
-2.27893e-02
-2.79775e-02
-3.31977e-02
-3.47641e-02
-3.55340e-02
-3.66436e-02
-3.56592e-02
-3.15639e-02
-2.51741e-02
-1.93577e-02
-1.31679e-02
-9.58742e-03
-9.72822e-03
-1.12633e-02
-1.53713e-02
-1.96804e-02
-1.85141e-02
-1.32927e-02
-9.22881e-03
-5.49286e-03
-8.61007e-04
2.04731e-03
1.90235e-03
1.32637e-03
1.37447e-03
7.39133e-04
-3.34026e-03
-8.02016e-03
-1.13038e-02
-1.18027e-02
-1.14345e-02
-1.15870e-02
-1.05464e-02
-7.22108e-03
-3.86640e-03
-3.10374e-03
-4.99498e-03
-6.44000e-03
-8.58586e-03
-1.22041e-02
-1.30582e-02
-1.26072e-02
-1.26792e-02
-1.20162e-02
-7.83884e-03
-1.95740e-03
-9.71539e-05
-9.92469e-04
-2.58156e-03
-5.87584e-03
-8.87333e-03
-9.44461e-03
-9.89340e-03
-8.88232e-03
-6.53997e-03
-2.57774e-03
-4.17201e-05
2.61380e-03
5.25422e-03
7.57964e-03
7.37785e-03
3.64617e-03
-1.01812e-03
-3.02415e-03
-5.58747e-03
-8.76158e-03
-8.28374e-03
-5.54268e-03
-3.11965e-03
-2.61988e-03
-3.01517e-03
-3.10928e-03
-2.15761e-03
7.90981e-04
2.76026e-03
2.35147e-03
-1.57751e-04
-2.34952e-03
-3.68768e-03
-5.40274e-03
-1.03359e-02
-1.50024e-02
-1.60486e-02
-1.59149e-02
-1.32085e-02
-1.02224e-02
-7.51491e-03
-4.79422e-03
-4.47964e-03
-3.61918e-03
-9.04185e-06
3.27488e-03
4.78939e-03
2.25638e-03
-2.06024e-03
-5.78709e-03
-8.66730e-03
-1.19143e-02
-1.39605e-02
-1.25198e-02
-7.73418e-03
-4.52334e-03
-7.08621e-04
4.13696e-03
6.13202e-03
5.65401e-03
6.50520e-03
7.55145e-03
5.80441e-03
4.61996e-03
2.35006e-03
-1.45764e-03
-3.18103e-03
-1.20728e-03
4.61160e-03
1.28387e-02
1.96091e-02
2.67715e-02
3.09758e-02
3.28688e-02
3.29540e-02
3.09321e-02
2.82831e-02
2.44363e-02
1.85917e-02
1.48744e-02
1.48210e-02
1.52596e-02
1.76982e-02
2.27048e-02
2.61006e-02
2.48242e-02
1.99777e-02
1.45735e-02
1.23547e-02
7.25191e-03
2.29596e-03
1.36834e-04
-3.37800e-03
-5.40879e-03
-6.87756e-03
-8.47540e-03
-8.62767e-03
-9.05310e-03
-9.35777e-03
-7.79655e-03
-4.89571e-03
-1.34441e-03
8.26926e-04
1.75479e-03
5.24774e-03
8.14691e-03
9.47919e-03
8.89665e-03
7.45682e-03
6.36633e-03
6.02272e-03
2.83792e-03
-3.13564e-04
-3.98631e-04
3.47191e-04
3.28592e-03
7.00173e-03
9.04432e-03
8.26271e-03
4.77651e-03
5.02816e-05
-3.55711e-03
-9.63922e-03
-1.49513e-02
-1.85059e-02
-2.13578e-02
-2.31477e-02
-2.25750e-02
-2.08882e-02
-1.95743e-02
-2.05245e-02
-2.32041e-02
-2.63481e-02
-2.72320e-02
-2.69139e-02
-2.65933e-02
-2.54304e-02
-2.30983e-02
-2.09383e-02
-1.86057e-02
-1.65144e-02
-1.61860e-02
-1.58561e-02
-1.56810e-02
-1.71199e-02
-1.73341e-02
-1.65380e-02
-1.49551e-02
-1.42381e-02
-1.32335e-02
-1.32854e-02
-1.45167e-02
-1.49472e-02
-1.67409e-02
-2.09152e-02
-2.35157e-02
-2.55774e-02
-2.62984e-02
-2.49303e-02
-2.32423e-02
-2.31682e-02
-2.52292e-02
-2.58534e-02
-2.51728e-02
-2.29535e-02
-1.92741e-02
-1.56771e-02
-1.32178e-02
-1.28078e-02
-1.30886e-02
-1.29058e-02
-1.14149e-02
-8.75129e-03
-4.95009e-03
-3.58848e-03
-3.08813e-03
-1.28809e-03
-6.00412e-04
-8.88002e-04
8.91581e-04
6.68974e-03
1.08332e-02
1.33226e-02
1.57108e-02
1.65337e-02
1.50427e-02
1.15469e-02
9.50326e-03
9.40832e-03
6.28321e-03
1.56353e-03
-9.11035e-04
-8.84483e-04
5.07568e-04
4.35797e-03
8.29644e-03
1.02875e-02
1.01978e-02
1.10462e-02
1.16041e-02
1.15040e-02
1.04703e-02
9.55104e-03
9.60513e-03
9.73976e-03
9.67768e-03
9.63111e-03
9.62221e-03
9.05952e-03
7.94263e-03
7.64710e-03
8.10754e-03
8.15687e-03
7.01542e-03
7.28014e-03
8.54552e-03
9.36662e-03
1.00958e-02
1.45131e-02
1.86036e-02
1.95719e-02
2.03103e-02
2.00257e-02
1.87086e-02
1.79034e-02
1.78432e-02
1.77379e-02
1.74536e-02
1.78850e-02
1.89587e-02
2.06709e-02
2.11244e-02
2.10946e-02
2.02607e-02
1.82486e-02
1.71642e-02
1.63783e-02
1.54300e-02
1.49280e-02
1.54300e-02
1.52104e-02
1.49410e-02
1.38633e-02
1.25683e-02
9.21953e-03
5.39584e-03
3.92345e-03
4.14087e-03
4.17825e-03
3.89931e-03
4.49034e-03
5.64590e-03
6.88272e-03
7.37951e-03
7.45747e-03
7.07888e-03
4.82219e-03
2.62032e-03
8.35493e-04
-2.35179e-03
-4.77804e-03
-6.49219e-03
-9.12831e-03
-1.05117e-02
-1.08034e-02
-1.09872e-02
-1.02624e-02
-8.82128e-03
-8.34506e-03
-7.94105e-03
-7.69154e-03
-7.38866e-03
-7.05245e-03
-6.07665e-03
-3.94486e-03
-2.31684e-03
-1.81231e-03
-1.79540e-03
-1.06117e-03
1.27653e-03
4.28020e-03
5.16500e-03
5.92696e-03
7.89327e-03
9.92806e-03
1.08360e-02
1.04710e-02
1.00571e-02
9.23812e-03
6.89228e-03
4.57605e-03
3.23087e-03
3.03144e-03
3.00023e-03
2.42880e-03
1.13153e-03
-8.39829e-04
-2.63575e-03
-2.79999e-03
-2.45870e-03
-2.38861e-03
-2.31301e-03
-2.03402e-03
-5.43991e-04
1.68009e-03
3.08381e-03
3.04263e-03
2.73733e-03
2.66207e-03
2.59299e-03
2.61066e-03
4.07299e-03
6.57494e-03
7.42458e-03
8.14317e-03
9.58259e-03
1.02302e-02
1.00521e-02
1.13079e-02
1.21603e-02
1.12506e-02
9.42001e-03
7.41162e-03
4.98880e-03
2.47230e-03
3.07548e-04
-1.42246e-03
-1.75150e-03
-1.89390e-03
-2.63566e-03
-2.84757e-03
-3.08819e-03
-3.74123e-03
-4.76692e-03
-5.11101e-03
-5.12069e-03
-6.20350e-03
-7.58866e-03
-8.12111e-03
-9.01465e-03
-9.74065e-03
-9.38982e-03
-8.40563e-03
-7.23731e-03
-6.21548e-03
-5.32338e-03
-4.69539e-03
-4.30010e-03
-4.22708e-03
-4.28171e-03
-4.16535e-03
-3.83279e-03
-3.05473e-03
-2.41060e-03
-2.17200e-03
-2.14375e-03
-2.10693e-03
-2.05982e-03
-2.02353e-03
-1.98699e-03
-1.82146e-03
-1.68949e-03
-1.66149e-03
-1.71794e-03
-1.81505e-03
-1.78759e-03
-1.70943e-03
-1.45114e-03
-1.05705e-03
-8.64551e-04
-6.41430e-04
-5.19219e-04
-5.85111e-04
-7.82193e-04
-1.24832e-03
-1.65174e-03
-1.68587e-03
-1.59193e-03
-1.55654e-03
-1.54192e-03
-1.48161e-03
-1.25117e-03
-1.07964e-03
-9.26278e-04
-7.95481e-04
-7.84529e-04
-8.28681e-04
-7.82252e-04
-7.42382e-04
-8.10128e-04
-9.43243e-04
-9.98043e-04
-1.00472e-03
-1.02231e-03
-1.04651e-03
-1.08799e-03
-1.13724e-03
-1.14851e-03
-1.11239e-03
-1.10033e-03
-1.09678e-03
-1.09509e-03
-1.05551e-03
-1.02127e-03
-1.04324e-03
-1.09054e-03
-1.12323e-03
-1.15115e-03
-1.21921e-03
-1.26252e-03
-1.23847e-03
-1.21554e-03
-1.22108e-03
-1.20226e-03
-1.16333e-03
-1.12437e-03
-1.07998e-03
-1.04084e-03
-1.00513e-03
-9.72399e-04
-9.48000e-04
-9.23955e-04
-8.90187e-04
-8.51216e-04
-8.15693e-04
-7.75205e-04
-7.37706e-04
-7.08058e-04
-6.72883e-04
-6.36309e-04
-6.02209e-04
-5.70521e-04
-5.37606e-04
-5.06583e-04
-4.77681e-04
-4.48018e-04
-4.18845e-04
-3.92321e-04
-3.68185e-04
-3.44479e-04
-3.21727e-04
-2.99529e-04
-2.76776e-04
-2.54321e-04
-2.31750e-04
-2.08888e-04
-1.86597e-04
-1.64359e-04
-1.42175e-04
-1.20398e-04
-9.90673e-05
-7.81155e-05
-5.75232e-05
-3.73031e-05
-1.74505e-05
2.08185e-06
2.13469e-05
4.03203e-05
5.89423e-05
7.72226e-05
9.51787e-05
1.12812e-04
1.30129e-04
1.47138e-04
1.63844e-04
1.80248e-04
