2.51836e-04
2.53053e-04
2.56038e-04
2.61355e-04
2.63529e-04
2.59361e-04
2.56113e-04
2.50363e-04
2.34130e-04
2.16893e-04
2.22435e-04
2.45136e-04
2.65884e-04
2.71495e-04
2.70961e-04
2.72757e-04
2.65403e-04
2.00044e-04
9.43879e-05
3.75824e-05
3.30465e-05
6.94102e-06
-2.53103e-05
-2.81419e-05
-3.26076e-05
-8.02120e-08
6.81327e-05
8.66884e-05
1.37591e-05
-1.21206e-04
-8.35045e-05
8.18673e-05
1.07918e-04
6.40441e-05
1.41731e-04
3.79984e-04
4.71772e-04
4.40768e-04
3.95175e-04
2.65941e-04
7.22294e-05
1.70262e-05
3.37144e-04
6.06937e-04
7.44779e-04
8.95063e-04
9.56307e-04
8.85806e-04
6.64611e-04
4.17916e-04
3.62980e-05
-3.18683e-04
-5.56122e-04
-5.26237e-04
-5.32077e-04
-6.61748e-04
-6.84012e-04
-7.55996e-04
-1.06178e-03
-9.41542e-04
-1.84620e-04
4.18388e-04
6.99856e-04
5.60680e-04
-2.74041e-04
-4.85419e-04
2.28878e-04
4.71511e-04
-6.77669e-05
-6.84057e-04
-1.14731e-03
-1.23878e-03
-5.92727e-04
1.07463e-04
3.25788e-04
6.31142e-04
1.01635e-03
9.99466e-04
2.28253e-04
-2.47971e-04
-3.31484e-04
-5.94176e-04
-1.03099e-03
-1.59018e-03
-2.75438e-03
-3.42595e-03
-3.27100e-03
-3.04705e-03
-2.05688e-03
-4.23870e-04
7.16883e-04
6.80950e-04
-1.90296e-04
-4.80314e-04
-7.60346e-05
3.81588e-04
4.93068e-04
-6.87649e-04
-2.15724e-03
-2.21351e-03
-1.27158e-03
-2.38158e-04
3.76178e-04
3.33116e-04
-4.81931e-04
-3.31624e-04
1.00097e-03
2.06674e-03
1.78405e-03
1.24998e-03
1.34746e-03
1.79127e-03
1.65067e-03
1.35808e-03
7.77872e-04
-1.48520e-04
-4.44418e-04
-3.67866e-04
-6.03779e-04
5.76518e-04
2.80965e-03
4.79518e-03
6.32789e-03
6.34449e-03
3.88448e-03
6.47566e-04
-1.85920e-03
-3.67840e-03
-5.26663e-03
-5.78344e-03
-4.62055e-03
-2.81985e-03
-2.21181e-03
-2.85266e-03
-3.59115e-03
-3.60533e-03
-2.67514e-03
-2.13795e-03
-1.95061e-03
-4.98705e-04
1.99546e-03
4.71480e-03
6.24089e-03
5.43070e-03
1.97654e-03
-2.14356e-03
-4.51613e-03
-5.41976e-03
-5.61193e-03
-5.32794e-03
-4.28974e-03
-3.52430e-03
-2.13475e-03
2.09275e-05
1.58105e-03
1.84577e-03
1.95972e-03
3.48323e-03
4.06716e-03
3.75786e-03
3.72771e-03
4.05748e-03
4.52776e-03
4.46138e-03
2.09821e-03
-1.98754e-03
-4.62962e-03
-5.17664e-03
-4.92128e-03
-2.50142e-03
1.42186e-03
2.78930e-03
1.65739e-03
-2.28553e-04
-1.71832e-03
-2.18397e-03
-4.58843e-04
7.66513e-04
-1.42303e-03
-2.87157e-03
-3.60548e-04
1.07808e-03
4.77628e-04
-1.16954e-03
-3.34916e-03
-4.12215e-03
-3.29757e-03
-2.81448e-03
-2.40847e-03
-1.24441e-03
-7.31765e-05
2.92766e-04
6.76187e-04
9.67444e-04
1.80650e-03
3.43215e-03
5.29776e-03
5.99749e-03
4.29794e-03
3.29941e-03
3.58943e-03
3.56424e-03
2.09287e-03
3.02813e-04
5.86112e-04
1.94079e-03
1.82066e-03
-3.99916e-04
-3.44681e-03
-5.16824e-03
-4.26406e-03
-1.36124e-03
1.74886e-03
3.67015e-03
3.88269e-03
3.64698e-03
1.52642e-03
-3.80651e-03
-9.57831e-03
-1.21632e-02
-1.22297e-02
-1.01419e-02
-5.49301e-03
1.13690e-04
4.33861e-03
5.14503e-03
4.99350e-03
5.14170e-03
4.98355e-03
4.88738e-03
4.82054e-03
4.03305e-03
1.62606e-03
-5.56863e-04
2.04728e-04
8.22431e-04
6.00731e-04
1.27054e-03
1.88704e-03
1.89970e-03
1.80050e-03
4.67956e-04
-2.08716e-03
-3.02648e-03
-1.98098e-03
-1.47229e-03
-1.16181e-03
-1.41301e-03
-2.23431e-03
-4.19332e-03
-3.33032e-03
-7.17129e-04
1.92881e-03
3.64709e-03
4.82391e-03
4.86037e-03
3.05016e-03
1.76750e-03
1.53089e-04
-1.44976e-03
-1.54965e-03
3.86793e-04
4.55940e-03
6.90610e-03
6.33577e-03
3.49771e-03
7.91643e-04
-7.73505e-04
-1.70451e-03
-1.67819e-03
-3.13922e-04
2.86684e-04
1.83436e-04
-2.92450e-04
-1.40112e-03
-2.41588e-03
-1.61459e-03
5.51540e-04
2.00693e-03
3.80320e-03
6.75709e-03
7.68378e-03
6.51522e-03
3.61221e-03
3.29721e-04
-2.00849e-03
-2.48304e-03
-1.44715e-03
-8.82775e-04
1.85040e-04
7.76761e-04
9.76800e-04
3.34493e-03
6.77568e-03
8.47648e-03
1.00088e-02
1.25916e-02
1.27894e-02
8.57322e-03
3.33170e-03
1.10209e-04
-2.16788e-03
-2.94438e-03
-2.66877e-03
-2.58865e-03
-3.66177e-03
-4.34578e-03
-3.32635e-03
-3.54084e-03
-5.21152e-03
-5.79697e-03
-5.71115e-03
-5.28646e-03
-3.22899e-03
-9.63450e-04
2.06999e-04
-4.43293e-04
-3.34141e-03
-7.85052e-03
-1.05146e-02
-8.39238e-03
-5.78226e-03
-5.06028e-03
-5.09787e-03
-4.44242e-03
-2.09731e-03
-1.52921e-04
1.98676e-03
2.74146e-03
2.65987e-03
4.37672e-03
8.31244e-03
9.90910e-03
8.83262e-03
4.70139e-03
5.67364e-04
-2.48317e-03
-4.68819e-03
-6.99534e-03
-8.90395e-03
-8.39818e-03
-6.32411e-03
-2.51260e-03
3.14191e-03
6.51320e-03
7.00543e-03
6.82244e-03
6.49605e-03
5.81270e-03
5.97069e-03
5.19061e-03
3.04523e-03
3.90443e-04
-2.45525e-03
-3.99687e-03
-3.88474e-03
-3.67628e-03
-3.71099e-03
-2.95580e-03
-2.84616e-04
3.19554e-03
5.71001e-03
6.33086e-03
4.83663e-03
2.90568e-03
2.38640e-03
3.13147e-03
1.51072e-03
-2.12532e-03
-4.22848e-03
-4.39243e-03
-3.77779e-03
-3.21014e-03
-2.95304e-03
-3.00049e-03
-2.96629e-03
-2.17999e-03
-2.01673e-03
-3.76965e-03
-5.12826e-03
-3.34201e-03
-2.12294e-03
-2.20654e-03
-4.46563e-03
-9.75226e-03
-1.48168e-02
-1.58563e-02
-1.26406e-02
-8.02949e-03
-3.34048e-03
3.76576e-04
4.65365e-03
8.77238e-03
1.12748e-02
1.06029e-02
6.89019e-03
1.56894e-03
-2.77111e-03
-5.47861e-03
-7.63529e-03
-8.80569e-03
-7.94775e-03
-4.76206e-03
-1.85187e-03
-6.83094e-04
1.21870e-03
1.68690e-03
2.87562e-04
6.13043e-05
1.88669e-03
3.47833e-03
2.78973e-03
4.38453e-04
-3.56794e-03
-8.47452e-03
-1.15774e-02
-1.13477e-02
-1.05423e-02
-1.06712e-02
-9.56233e-03
-5.47941e-03
-1.68956e-03
-9.23752e-04
-1.11383e-03
6.04949e-04
2.95728e-03
4.34046e-03
4.29064e-03
1.59122e-03
-1.21019e-03
-2.17496e-03
-2.54293e-03
-3.47662e-03
-5.64630e-03
-7.09799e-03
-7.25818e-03
-6.43649e-03
-1.49546e-03
5.66015e-03
1.28036e-02
1.83201e-02
2.00658e-02
1.77113e-02
1.17668e-02
4.60708e-03
-1.04479e-03
-2.42000e-03
-3.26672e-04
3.96744e-03
6.80253e-03
6.31134e-03
3.36166e-03
2.25380e-04
-1.41372e-03
-1.56863e-03
-1.64350e-05
2.25133e-03
4.38408e-03
3.99201e-03
1.90226e-03
9.14618e-04
1.50199e-03
1.47987e-03
3.05995e-04
-9.39629e-04
-1.93630e-03
-1.70774e-03
-1.81627e-04
8.97431e-04
7.31462e-04
3.07471e-04
4.70954e-04
1.20948e-03
3.29842e-03
6.01197e-03
6.40755e-03
4.88450e-03
2.03865e-03
-3.64871e-03
-9.74814e-03
-1.08419e-02
-8.70627e-03
-6.85807e-03
-5.10781e-03
-2.53649e-03
6.10247e-04
3.52744e-03
5.34217e-03
4.32940e-03
1.82756e-03
9.84935e-04
1.52040e-03
3.33151e-03
4.58197e-03
3.73543e-03
1.76784e-03
-1.71303e-04
-1.11293e-03
-5.71772e-04
1.27236e-03
4.69866e-03
7.66850e-03
8.21041e-03
6.83409e-03
3.36565e-03
1.29936e-03
1.71186e-03
2.46462e-03
2.20391e-03
4.65920e-04
-2.31094e-03
-4.44916e-03
-3.11733e-03
1.53399e-03
4.12341e-03
3.49277e-03
2.32840e-03
9.53816e-05
-2.88336e-03
-2.34586e-03
6.16958e-04
1.39658e-03
-6.98840e-05
-2.57517e-03
-5.77475e-03
-8.18326e-03
-9.80403e-03
-9.40209e-03
-9.21715e-03
-8.36239e-03
-4.44186e-03
7.08108e-04
5.94886e-03
9.09488e-03
1.07092e-02
1.17241e-02
1.15705e-02
1.01331e-02
6.58385e-03
3.72998e-03
2.95677e-03
2.36647e-03
8.19633e-04
-9.94319e-04
-2.50312e-03
-3.48652e-03
-4.48943e-03
-5.27458e-03
-2.92680e-03
1.87631e-03
6.19569e-03
9.76858e-03
1.11360e-02
9.61299e-03
7.36642e-03
5.17825e-03
3.40353e-03
4.90605e-04
-4.78381e-03
-9.78468e-03
-1.28834e-02
-1.42728e-02
-1.34154e-02
-1.16518e-02
-9.31838e-03
-8.00563e-03
-6.34249e-03
-5.40134e-03
-5.40168e-03
-4.60295e-03
-4.08562e-03
-2.04687e-03
3.33618e-03
9.08474e-03
1.21829e-02
1.21684e-02
8.37343e-03
3.12763e-03
-1.38450e-03
-4.63493e-03
-2.44740e-03
2.43713e-03
6.88863e-03
1.06353e-02
1.13406e-02
1.05778e-02
1.09817e-02
1.31195e-02
1.58493e-02
2.06095e-02
2.73416e-02
3.31212e-02
3.49523e-02
3.19779e-02
2.29481e-02
8.96697e-03
-5.00567e-03
-1.38413e-02
-1.98037e-02
-2.56595e-02
-3.11121e-02
-3.57747e-02
-4.03432e-02
-4.26235e-02
-4.34827e-02
-4.51946e-02
-4.52566e-02
-4.24915e-02
-3.70420e-02
-2.94034e-02
-2.10448e-02
-1.49999e-02
-1.19047e-02
-8.95062e-03
-3.74980e-03
4.81629e-03
1.70611e-02
3.15080e-02
4.59987e-02
6.04602e-02
7.36877e-02
8.15463e-02
8.38384e-02
8.12288e-02
7.51420e-02
6.52220e-02
4.83620e-02
2.64911e-02
4.69721e-03
-1.65128e-02
-3.38952e-02
-4.60677e-02
-5.70517e-02
-6.64346e-02
-6.77750e-02
-5.83695e-02
-4.44539e-02
-2.80543e-02
-1.20544e-02
1.74577e-03
1.64687e-02
2.95688e-02
3.78187e-02
4.04267e-02
3.64695e-02
2.76310e-02
1.34582e-02
-4.40664e-03
-1.94959e-02
-3.31455e-02
-4.46021e-02
-5.22506e-02
-5.43580e-02
-4.95504e-02
-3.98427e-02
-2.63377e-02
-9.76267e-03
5.89115e-03
1.71864e-02
2.41536e-02
2.90149e-02
3.13619e-02
3.06274e-02
2.78781e-02
2.36163e-02
1.79261e-02
1.14604e-02
2.88323e-03
-7.16504e-03
-1.29676e-02
-1.36084e-02
-1.29851e-02
-1.16584e-02
-9.61744e-03
-9.47364e-03
-9.31423e-03
-7.26985e-03
-3.48094e-03
3.39560e-04
4.32988e-03
8.81527e-03
1.23339e-02
1.05780e-02
3.60232e-03
-5.11357e-03
-1.36261e-02
-2.14080e-02
-2.61323e-02
-2.88687e-02
-3.05228e-02
-3.04630e-02
-2.76974e-02
-2.05548e-02
-1.09817e-02
-2.63662e-04
1.29825e-02
2.63639e-02
3.65831e-02
4.25769e-02
4.48267e-02
4.60967e-02
4.50678e-02
4.07824e-02
3.51448e-02
2.93694e-02
2.58404e-02
2.60496e-02
2.85514e-02
2.98070e-02
3.04250e-02
3.03528e-02
2.85020e-02
2.41605e-02
1.81959e-02
1.12296e-02
3.08918e-03
-7.34352e-03
-2.26860e-02
-4.03053e-02
-5.56513e-02
-6.72743e-02
-7.43538e-02
-7.87844e-02
-7.77431e-02
-7.22622e-02
-6.44130e-02
-5.27790e-02
-4.03123e-02
-2.97464e-02
-2.07598e-02
-1.09882e-02
4.37851e-03
2.11317e-02
3.16772e-02
3.73834e-02
3.71000e-02
3.13105e-02
2.29551e-02
1.59069e-02
1.07364e-02
8.90744e-03
1.11570e-02
1.50936e-02
1.86759e-02
2.26859e-02
2.43055e-02
2.04111e-02
1.20284e-02
3.07265e-03
-3.91462e-03
-1.21268e-02
-2.24188e-02
-3.20123e-02
-4.09876e-02
-4.87789e-02
-5.52257e-02
-5.68118e-02
-5.25895e-02
-4.26914e-02
-3.00759e-02
-1.65956e-02
-3.08686e-03
1.02640e-02
2.18237e-02
3.03340e-02
3.82933e-02
4.56923e-02
5.05639e-02
5.19136e-02
5.14214e-02
4.91557e-02
4.28137e-02
3.13229e-02
1.70754e-02
5.51718e-03
-2.61786e-04
-4.47916e-03
-8.68581e-03
-1.28259e-02
-1.72236e-02
-1.85601e-02
-1.84273e-02
-2.00931e-02
-2.42885e-02
-2.98913e-02
-3.29754e-02
-3.21357e-02
-2.79986e-02
-2.03057e-02
-9.98620e-03
5.83642e-04
9.93256e-03
1.67786e-02
2.02895e-02
2.05162e-02
1.74535e-02
9.03992e-03
-3.18945e-03
-1.68391e-02
-2.60187e-02
-2.91231e-02
-2.97338e-02
-2.91088e-02
-2.65904e-02
-2.35889e-02
-1.94819e-02
-1.21704e-02
-3.55907e-03
4.02394e-03
7.88090e-03
9.96785e-03
1.24657e-02
1.59205e-02
2.06755e-02
2.58620e-02
3.23946e-02
3.72458e-02
3.71719e-02
3.22414e-02
2.49318e-02
1.98317e-02
1.63815e-02
1.12222e-02
6.96838e-03
4.94000e-03
2.60224e-03
3.61557e-04
-2.20761e-03
-7.26704e-03
-1.36591e-02
-1.66016e-02
-1.63560e-02
-1.27713e-02
-6.13039e-03
1.63737e-03
7.54979e-03
9.22241e-03
7.74263e-03
5.26710e-03
3.68452e-03
5.44786e-03
8.33253e-03
1.00744e-02
1.24023e-02
1.32112e-02
1.14482e-02
8.97334e-03
7.26474e-03
4.03422e-03
1.12130e-03
-1.44908e-03
-3.45321e-03
-4.76397e-03
-6.12439e-03
-7.67181e-03
-7.37837e-03
-5.23697e-03
-2.86213e-03
-2.32481e-03
-6.09178e-03
-1.11774e-02
-1.51756e-02
-1.82850e-02
-2.05954e-02
-2.21812e-02
-2.02730e-02
-1.56345e-02
-1.12188e-02
-8.80448e-03
-6.47888e-03
-4.70584e-03
-4.88052e-03
-6.68181e-03
-8.63036e-03
-9.31496e-03
-9.07997e-03
-7.85120e-03
-5.66469e-03
-4.75694e-03
-4.45979e-03
-1.73766e-03
1.97613e-03
3.52284e-03
2.72349e-03
-1.19742e-03
-4.33973e-03
-5.80416e-03
-5.87110e-03
-3.99028e-03
-8.34169e-04
3.46498e-03
6.94068e-03
9.76253e-03
1.25424e-02
1.31959e-02
1.29653e-02
1.36405e-02
1.67391e-02
2.08303e-02
2.56930e-02
3.32960e-02
4.07173e-02
4.37110e-02
4.24094e-02
3.67663e-02
2.55358e-02
1.00052e-02
-8.87063e-03
-2.32571e-02
-3.07449e-02
-3.57132e-02
-3.80035e-02
-3.88575e-02
-3.80817e-02
-3.56977e-02
-3.10838e-02
-2.50686e-02
-2.00469e-02
-1.74821e-02
-1.44987e-02
-6.78897e-03
5.11887e-03
1.88721e-02
3.31160e-02
4.48845e-02
5.50286e-02
6.28232e-02
6.71457e-02
6.52444e-02
5.61740e-02
4.41120e-02
3.14196e-02
1.91045e-02
1.07344e-02
6.12596e-03
1.08826e-03
-4.81081e-03
-1.04158e-02
-1.38985e-02
-1.33264e-02
-8.77034e-03
-2.94880e-03
1.34953e-03
3.24371e-03
1.29370e-03
-6.38932e-03
-1.94138e-02
-3.56465e-02
-5.08106e-02
-6.20255e-02
-7.04761e-02
-7.60257e-02
-7.75351e-02
-7.55575e-02
-7.15779e-02
-6.55467e-02
-5.57382e-02
-4.35883e-02
-3.24136e-02
-2.12642e-02
-8.91006e-03
1.29725e-03
8.45695e-03
1.13496e-02
1.18372e-02
1.25623e-02
1.29638e-02
1.33193e-02
1.46427e-02
1.62235e-02
1.70481e-02
1.88339e-02
2.13480e-02
2.52449e-02
3.20864e-02
3.90324e-02
4.39393e-02
4.53815e-02
4.12985e-02
3.54368e-02
3.07048e-02
2.49302e-02
2.00048e-02
1.60889e-02
1.38015e-02
1.37958e-02
1.53903e-02
1.84005e-02
2.11903e-02
2.00943e-02
1.57216e-02
8.97389e-03
1.41015e-03
-4.81102e-03
-7.01428e-03
-7.03738e-03
-6.49531e-03
-5.83760e-03
-4.21037e-03
-1.38064e-03
2.48515e-03
6.80572e-03
1.12030e-02
1.43474e-02
1.44338e-02
1.24877e-02
9.70589e-03
7.30306e-03
4.85077e-03
2.46158e-03
1.77164e-04
-3.32723e-03
-5.66855e-03
-7.48052e-03
-7.43283e-03
-5.96558e-03
-3.89895e-03
-2.10351e-03
-2.00420e-03
-5.33912e-04
2.71255e-03
3.75903e-03
2.81100e-03
-7.62273e-04
-5.76446e-03
-1.16076e-02
-1.68825e-02
-1.97467e-02
-2.04385e-02
-1.80133e-02
-1.10946e-02
-3.82716e-03
-1.73487e-04
-9.13455e-04
-4.07327e-03
-8.09246e-03
-1.39277e-02
-1.89970e-02
-2.24890e-02
-2.39508e-02
-2.21086e-02
-1.97856e-02
-1.70146e-02
-1.24409e-02
-7.64404e-03
-7.58444e-04
8.58664e-03
1.86721e-02
2.58439e-02
3.09950e-02
3.46132e-02
3.58522e-02
3.56341e-02
3.55032e-02
3.48052e-02
3.36757e-02
3.35242e-02
3.37163e-02
3.20674e-02
2.78800e-02
2.30476e-02
1.73069e-02
9.60907e-03
1.76782e-03
-6.36163e-03
-1.25085e-02
-1.50201e-02
-1.58854e-02
-1.88156e-02
-2.16645e-02
-2.31025e-02
-2.39931e-02
-2.29294e-02
-2.11088e-02
-1.77989e-02
-1.64619e-02
-2.01698e-02
-2.63952e-02
-3.33527e-02
-3.91521e-02
-3.86178e-02
-3.53932e-02
-3.18264e-02
-2.75036e-02
-2.05787e-02
-9.52861e-03
6.69094e-03
2.40166e-02
3.84278e-02
4.72248e-02
5.27781e-02
5.65063e-02
5.83659e-02
5.75359e-02
5.30631e-02
4.67235e-02
4.02506e-02
3.27729e-02
2.37087e-02
1.16517e-02
-7.31374e-04
-1.24697e-02
-2.44275e-02
-3.34612e-02
-3.85258e-02
-4.01727e-02
-3.90008e-02
-3.75728e-02
-3.55154e-02
-3.07550e-02
-2.17264e-02
-1.00370e-02
8.60607e-04
1.08787e-02
1.83126e-02
2.48817e-02
3.06576e-02
3.34292e-02
3.19353e-02
2.75431e-02
2.06783e-02
7.48013e-03
-1.22014e-02
-3.29211e-02
-5.04099e-02
-6.28024e-02
-7.06070e-02
-7.61128e-02
-8.05408e-02
-8.40620e-02
-8.32267e-02
-7.56907e-02
-6.28376e-02
-4.46486e-02
-2.01928e-02
7.35088e-03
3.36115e-02
5.69408e-02
7.88812e-02
9.96321e-02
1.18643e-01
1.29190e-01
1.30994e-01
1.28636e-01
1.23784e-01
1.17787e-01
1.13755e-01
1.12196e-01
1.11781e-01
1.06535e-01
8.91419e-02
5.79296e-02
2.05775e-02
-1.39031e-02
-4.31790e-02
-6.91319e-02
-9.22094e-02
-1.12692e-01
-1.30173e-01
-1.42730e-01
-1.47904e-01
-1.48423e-01
-1.46674e-01
-1.42371e-01
-1.31934e-01
-1.16896e-01
-9.96714e-02
-7.87154e-02
-5.64553e-02
-3.37138e-02
-8.23267e-03
1.41680e-02
3.20667e-02
5.07034e-02
6.70372e-02
7.64573e-02
8.00195e-02
7.90008e-02
7.20537e-02
6.13779e-02
4.83896e-02
3.29522e-02
1.67276e-02
-7.62986e-04
-2.00508e-02
-3.60295e-02
-4.32279e-02
-4.23942e-02
-3.50876e-02
-1.84456e-02
3.39445e-03
1.97452e-02
2.89593e-02
3.34097e-02
3.16230e-02
2.43275e-02
1.49269e-02
2.26041e-03
-1.47357e-02
-3.22379e-02
-4.68881e-02
-5.82354e-02
-6.85797e-02
-7.80146e-02
-8.59017e-02
-9.01472e-02
-9.05898e-02
-8.93721e-02
-8.90056e-02
-8.85323e-02
-8.50584e-02
-7.57123e-02
-6.02617e-02
-4.14644e-02
-2.40626e-02
-8.70422e-03
6.28151e-03
1.93613e-02
2.93805e-02
4.14986e-02
5.91785e-02
7.94568e-02
1.00194e-01
1.25219e-01
1.48053e-01
1.65190e-01
1.79730e-01
1.90661e-01
1.95573e-01
1.91508e-01
1.76821e-01
1.53346e-01
1.24341e-01
9.32753e-02
6.25290e-02
3.06876e-02
-7.07881e-03
-4.54827e-02
-8.18704e-02
-1.12565e-01
-1.32969e-01
-1.42391e-01
-1.42522e-01
-1.36576e-01
-1.26150e-01
-1.14434e-01
-1.04732e-01
-9.68255e-02
-8.80162e-02
-7.82586e-02
-6.50426e-02
-4.97055e-02
-3.21342e-02
-1.05733e-02
1.81044e-02
4.90565e-02
7.41515e-02
9.25389e-02
1.01165e-01
1.00623e-01
9.56724e-02
8.56685e-02
6.82895e-02
4.73179e-02
2.45978e-02
5.18196e-03
-7.12428e-03
-1.30831e-02
-1.49513e-02
-1.45655e-02
-1.48211e-02
-1.77119e-02
-2.18678e-02
-2.68447e-02
-3.43418e-02
-4.25981e-02
-5.17674e-02
-6.39042e-02
-7.92726e-02
-9.18450e-02
-9.60854e-02
-9.47879e-02
-9.35419e-02
-9.33709e-02
-9.11971e-02
-8.58129e-02
-7.85051e-02
-6.90850e-02
-5.71105e-02
-4.19947e-02
-2.63079e-02
-1.44349e-02
-5.76680e-03
3.35322e-03
1.34805e-02
2.11239e-02
2.70569e-02
3.11368e-02
3.30246e-02
3.17578e-02
3.09959e-02
3.05978e-02
3.35442e-02
4.21158e-02
5.64778e-02
7.32493e-02
8.86746e-02
1.01312e-01
1.12412e-01
1.22343e-01
1.28997e-01
1.31143e-01
1.27367e-01
1.14160e-01
9.32604e-02
6.97320e-02
4.58113e-02
1.94953e-02
-7.12388e-03
-2.85053e-02
-4.24005e-02
-4.89535e-02
-5.22328e-02
-5.34752e-02
-5.49905e-02
-5.50424e-02
-5.11211e-02
-4.43369e-02
-3.69732e-02
-2.74014e-02
-1.49820e-02
-1.76924e-03
7.41880e-03
1.38001e-02
1.96165e-02
2.53049e-02
3.19459e-02
3.90004e-02
4.57436e-02
4.98124e-02
5.15818e-02
4.97564e-02
4.11054e-02
2.50899e-02
5.08721e-03
-1.49245e-02
-3.18735e-02
-3.89582e-02
-3.89652e-02
-3.89971e-02
-3.96797e-02
-3.92443e-02
-3.65240e-02
-3.20392e-02
-2.60667e-02
-1.55259e-02
-2.47040e-03
7.90660e-03
1.42856e-02
1.75804e-02
2.21883e-02
2.80881e-02
3.24551e-02
3.49716e-02
3.49255e-02
3.06846e-02
2.14639e-02
6.60488e-03
-1.16728e-02
-2.51636e-02
-3.61903e-02
-4.56600e-02
-5.41418e-02
-6.25831e-02
-7.07364e-02
-7.80792e-02
-8.41562e-02
-8.81288e-02
-8.94521e-02
-8.77390e-02
-7.90994e-02
-6.49333e-02
-4.93386e-02
-3.39647e-02
-1.88902e-02
-5.54425e-03
6.85215e-03
1.73926e-02
2.54979e-02
3.24633e-02
3.85418e-02
4.37965e-02
4.81761e-02
5.19017e-02
5.69794e-02
6.30950e-02
6.87440e-02
7.23316e-02
7.36871e-02
7.17732e-02
6.88520e-02
6.40564e-02
5.77746e-02
5.10726e-02
4.46183e-02
4.00020e-02
3.64531e-02
3.18193e-02
2.59150e-02
1.91881e-02
1.22879e-02
4.24132e-03
-3.63002e-03
-8.43008e-03
-1.02700e-02
-1.02248e-02
-9.13462e-03
-8.73450e-03
-1.13320e-02
-1.61254e-02
-1.80709e-02
-1.88099e-02
-2.14116e-02
-2.45622e-02
-2.77255e-02
-3.44195e-02
-4.17818e-02
-4.64139e-02
-4.90537e-02
-4.91544e-02
-4.61141e-02
-3.97211e-02
-3.26254e-02
-2.67490e-02
-2.01343e-02
-1.27285e-02
-7.52968e-03
-3.80711e-03
2.87231e-04
4.07090e-03
8.07554e-03
1.15387e-02
1.37868e-02
1.64877e-02
1.87763e-02
2.13463e-02
2.58316e-02
2.95001e-02
2.97702e-02
2.85141e-02
2.48241e-02
2.10295e-02
1.79209e-02
1.49551e-02
1.10609e-02
7.87135e-03
8.61273e-03
1.15869e-02
1.46088e-02
1.87305e-02
2.50772e-02
2.99248e-02
3.09165e-02
2.96239e-02
2.43143e-02
1.67580e-02
1.20719e-02
9.65723e-03
1.09501e-02
1.58180e-02
2.06947e-02
2.39697e-02
2.43546e-02
2.26800e-02
1.70087e-02
5.46627e-03
-1.10517e-02
-2.90912e-02
-4.65094e-02
-6.03792e-02
-6.72936e-02
-7.10156e-02
-7.52117e-02
-7.82629e-02
-7.86660e-02
-7.60235e-02
-6.91287e-02
-5.82953e-02
-4.84287e-02
-4.21457e-02
-3.44019e-02
-2.58799e-02
-1.90975e-02
-1.31360e-02
-7.21868e-03
-1.63961e-03
3.46635e-03
7.90749e-03
1.10100e-02
1.20339e-02
1.47316e-02
1.92367e-02
2.37530e-02
2.86419e-02
3.32724e-02
3.51613e-02
3.70309e-02
3.82010e-02
3.66912e-02
3.16266e-02
2.55111e-02
1.99152e-02
1.45896e-02
1.04292e-02
7.87785e-03
6.33841e-03
6.42193e-03
6.17971e-03
5.61106e-03
6.24330e-03
1.07985e-02
1.86789e-02
2.60596e-02
3.33025e-02
3.65850e-02
3.75956e-02
3.77070e-02
3.49725e-02
2.79415e-02
1.60579e-02
4.25604e-03
-5.42490e-03
-1.26717e-02
-1.56174e-02
-1.59811e-02
-1.61643e-02
-1.54357e-02
-1.54434e-02
-1.72888e-02
-2.04131e-02
-2.43901e-02
-2.88118e-02
-3.26395e-02
-3.27868e-02
-2.86575e-02
-2.08776e-02
-1.23879e-02
-6.63299e-03
-2.67215e-03
1.12038e-03
2.90455e-03
3.20828e-03
2.87075e-03
1.16534e-03
-1.04920e-03
-2.20616e-03
-2.57825e-03
-2.25544e-03
-3.22887e-03
-5.01063e-03
-5.78972e-03
-7.61343e-03
-1.10035e-02
-1.28680e-02
-1.31246e-02
-1.23005e-02
-1.00038e-02
-8.02578e-03
-6.32001e-03
-4.78939e-03
-3.75838e-03
-3.15035e-04
6.12230e-03
1.28168e-02
1.83263e-02
2.13822e-02
2.27491e-02
2.30194e-02
2.06837e-02
1.75662e-02
1.66105e-02
1.51727e-02
1.19440e-02
9.58839e-03
5.18865e-03
1.58257e-04
-5.00558e-03
-1.02896e-02
-1.48249e-02
-1.80293e-02
-1.95260e-02
-2.12677e-02
-2.39186e-02
-2.52994e-02
-2.49953e-02
-2.48002e-02
-2.63885e-02
-2.85769e-02
-2.95720e-02
-2.94395e-02
-2.80342e-02
-2.63203e-02
-2.42831e-02
-2.23695e-02
-2.20339e-02
-2.08322e-02
-1.74492e-02
-1.33643e-02
-7.87827e-03
-1.80269e-03
4.09249e-03
8.92159e-03
1.22593e-02
1.38237e-02
1.30381e-02
1.04754e-02
9.02463e-03
6.95350e-03
2.69528e-03
-1.63415e-03
-4.87735e-03
-6.90584e-03
-6.96494e-03
-3.92790e-03
1.61518e-03
7.59507e-03
1.25407e-02
1.45970e-02
1.18966e-02
7.90289e-03
6.90111e-03
7.46750e-03
7.84371e-03
9.75458e-03
1.34523e-02
1.56658e-02
1.55440e-02
1.53700e-02
1.70765e-02
2.07024e-02
2.51136e-02
3.03406e-02
3.56066e-02
3.83715e-02
3.81768e-02
3.78123e-02
3.74978e-02
3.50817e-02
3.09328e-02
2.60719e-02
2.32711e-02
2.34569e-02
2.47893e-02
2.67901e-02
2.77995e-02
2.76348e-02
2.67731e-02
2.40034e-02
1.88787e-02
1.28372e-02
6.95996e-03
-3.01763e-04
-9.37574e-03
-1.68331e-02
-2.04659e-02
-2.14766e-02
-2.22448e-02
-2.45603e-02
-2.68620e-02
-2.84621e-02
-3.15868e-02
-3.43281e-02
-3.51578e-02
-3.55149e-02
-3.59047e-02
-3.62025e-02
-3.57427e-02
-3.67615e-02
-3.96968e-02
-4.13998e-02
-4.03593e-02
-3.68153e-02
-3.25470e-02
-2.70836e-02
-2.10586e-02
-1.52682e-02
-9.10402e-03
-3.07861e-03
2.05059e-03
5.16863e-03
8.39721e-03
1.22932e-02
1.64106e-02
1.92057e-02
2.12871e-02
2.29572e-02
2.32557e-02
2.20175e-02
1.92571e-02
1.47109e-02
1.13239e-02
1.01053e-02
9.74701e-03
1.01854e-02
1.03877e-02
1.03873e-02
9.46423e-03
7.17608e-03
5.03629e-03
3.77114e-03
2.92683e-03
1.14514e-03
-1.44274e-03
-2.41524e-03
-2.51025e-03
-7.00540e-04
2.90092e-03
4.19963e-03
3.64007e-03
3.60386e-03
3.95045e-03
4.62918e-03
6.80775e-03
1.04876e-02
1.43220e-02
1.77230e-02
2.05362e-02
1.98983e-02
1.62001e-02
1.32820e-02
1.14378e-02
8.69227e-03
5.61964e-03
3.89630e-03
2.23010e-03
5.21353e-04
-8.02197e-04
-1.45192e-03
-3.87088e-03
-6.54359e-03
-7.88861e-03
-8.55333e-03
-9.07041e-03
-8.39137e-03
-7.71511e-03
-6.75568e-03
-6.46827e-03
-6.82378e-03
-6.43648e-03
-7.20614e-03
-8.17402e-03
-9.68873e-03
-1.13629e-02
-1.28001e-02
-1.31867e-02
-1.39033e-02
-1.41840e-02
-1.31600e-02
-1.33828e-02
-1.41808e-02
-1.41526e-02
-1.41686e-02
-1.25305e-02
-1.04788e-02
-1.00238e-02
-8.07019e-03
-4.49294e-03
-1.56947e-03
-5.55827e-04
-1.21574e-03
-2.60460e-03
-3.40700e-03
-5.60840e-03
-9.75007e-03
-1.53565e-02
-2.09265e-02
-2.64872e-02
-3.08421e-02
-3.43919e-02
-3.49665e-02
-2.99415e-02
-2.38324e-02
-2.01134e-02
-1.96272e-02
-2.04084e-02
-2.02788e-02
-1.85243e-02
-1.48049e-02
-1.09669e-02
-6.61866e-03
-3.29798e-03
-2.99310e-04
2.30995e-03
3.88476e-03
3.56966e-03
2.33333e-03
1.64066e-03
3.00166e-03
6.61562e-03
1.06754e-02
1.49846e-02
1.83381e-02
2.03916e-02
1.94609e-02
1.61032e-02
1.31320e-02
1.22179e-02
1.14596e-02
9.84528e-03
9.24859e-03
9.36338e-03
8.09690e-03
7.96071e-03
9.58154e-03
1.20737e-02
1.63175e-02
2.14761e-02
2.52536e-02
2.74452e-02
2.97697e-02
3.33803e-02
3.59469e-02
3.60534e-02
3.60707e-02
3.67168e-02
3.62086e-02
3.36849e-02
3.00337e-02
2.34208e-02
1.61528e-02
1.12188e-02
8.47723e-03
6.50886e-03
6.27538e-03
8.26242e-03
1.04061e-02
1.08488e-02
1.07415e-02
9.82776e-03
6.52265e-03
3.09708e-03
2.06749e-03
2.74700e-04
-9.29284e-04
-2.50852e-03
-4.01418e-03
-2.88651e-03
-1.03804e-03
4.53434e-04
1.22353e-03
-3.40765e-05
-2.43744e-03
-4.12998e-03
-4.14940e-03
-5.12992e-03
-6.48920e-03
-7.27620e-03
-8.09060e-03
-1.00760e-02
-1.32034e-02
-1.50704e-02
-1.49789e-02
-1.42709e-02
-1.20448e-02
-9.66272e-03
-6.37655e-03
-2.44857e-03
3.08150e-04
4.90647e-04
1.15183e-04
3.21496e-04
1.18034e-03
3.05793e-03
4.40664e-03
4.38336e-03
4.80670e-03
5.82544e-03
5.09920e-03
3.22467e-03
1.34682e-03
1.70996e-03
3.02611e-03
1.61544e-03
-1.37064e-03
-5.86413e-03
-9.78558e-03
-1.10591e-02
-1.12866e-02
-1.05552e-02
-1.01301e-02
-9.84209e-03
-9.29584e-03
-9.21717e-03
-9.51250e-03
-1.02079e-02
-1.01745e-02
-1.00353e-02
-1.00963e-02
-9.58386e-03
-7.99727e-03
-4.69131e-03
-1.79458e-03
5.42946e-04
1.49485e-03
1.59925e-03
1.54719e-03
7.75125e-04
-1.47179e-03
-2.83031e-03
-2.55316e-03
-2.25036e-03
-1.44889e-03
5.59720e-04
2.35711e-03
3.31292e-03
3.33404e-03
3.51146e-03
4.78246e-03
4.98759e-03
5.34819e-03
7.90752e-03
1.17820e-02
1.43627e-02
1.61991e-02
1.62581e-02
1.36025e-02
1.06774e-02
7.30842e-03
4.70429e-03
1.94438e-03
1.36298e-03
4.19420e-03
6.10871e-03
5.83432e-03
5.57978e-03
5.58551e-03
3.29353e-03
-9.73116e-04
-5.44768e-03
-1.04123e-02
-1.32583e-02
-1.36726e-02
-1.48107e-02
-1.62695e-02
-1.63689e-02
-1.60164e-02
-1.54838e-02
-1.48743e-02
-1.24399e-02
-9.00525e-03
-6.52647e-03
-4.48967e-03
-1.72247e-03
1.80069e-03
5.54509e-03
8.08277e-03
1.12547e-02
1.38214e-02
1.40262e-02
1.36564e-02
1.37809e-02
1.39264e-02
1.38168e-02
1.34108e-02
9.70208e-03
4.74128e-03
2.26652e-03
3.39204e-04
-3.60763e-03
-8.71045e-03
-1.35642e-02
-1.69313e-02
-2.04066e-02
-2.31013e-02
-2.46215e-02
-2.55245e-02
-2.55276e-02
-2.56789e-02
-2.64727e-02
-2.85044e-02
-2.74960e-02
-2.30709e-02
-1.84231e-02
-1.41813e-02
-1.10922e-02
-8.42463e-03
-5.78845e-03
-2.02066e-03
1.41142e-03
5.58021e-03
9.08236e-03
1.21573e-02
1.49744e-02
1.70248e-02
1.84349e-02
1.86550e-02
1.75592e-02
1.46807e-02
1.09429e-02
6.99501e-03
4.57731e-03
3.84792e-03
1.73745e-03
-1.00038e-04
-7.63797e-04
-2.68127e-03
-3.56895e-03
-3.20615e-03
-2.50665e-03
-1.51958e-03
-1.23344e-04
3.79399e-04
2.44433e-04
-9.81131e-04
-2.43812e-03
-2.91635e-03
-2.82199e-03
-2.80874e-03
-2.80656e-03
-4.39668e-03
-4.01963e-03
-1.18549e-03
1.12992e-03
1.27514e-03
1.85746e-03
4.90452e-03
8.20341e-03
9.57068e-03
1.09446e-02
1.24595e-02
1.37097e-02
1.58240e-02
1.65595e-02
1.63031e-02
1.61787e-02
1.53443e-02
1.18645e-02
7.63252e-03
3.32537e-03
4.19229e-04
-1.45482e-03
-2.65763e-03
-4.77703e-03
-6.20109e-03
-8.75169e-03
-1.22604e-02
-1.39955e-02
-1.57679e-02
-1.70444e-02
-1.93178e-02
-2.06132e-02
-2.21301e-02
-2.54556e-02
-2.76004e-02
-2.81137e-02
-2.96251e-02
-2.91175e-02
-2.66287e-02
-2.37259e-02
-2.04565e-02
-1.69634e-02
-1.27899e-02
-9.18391e-03
-5.71606e-03
-4.23657e-03
-4.43138e-03
-4.43636e-03
-3.32400e-03
-1.65522e-03
-3.26357e-04
1.32912e-03
2.99661e-03
3.47893e-03
5.19466e-03
7.13561e-03
7.27504e-03
6.83688e-03
4.89892e-03
1.87849e-03
-2.56468e-03
-3.23567e-03
-1.37944e-04
2.30989e-03
4.06908e-03
5.73014e-03
7.91771e-03
1.09695e-02
1.49366e-02
1.93613e-02
2.37886e-02
2.67064e-02
2.68634e-02
2.50216e-02
2.16737e-02
1.85293e-02
1.56150e-02
1.32091e-02
1.22757e-02
1.26084e-02
1.27982e-02
1.27224e-02
1.27908e-02
1.30038e-02
1.48061e-02
1.67019e-02
1.65811e-02
1.61609e-02
1.67098e-02
1.70901e-02
1.81520e-02
1.88654e-02
1.75626e-02
1.61754e-02
1.42654e-02
1.26069e-02
1.03028e-02
8.11644e-03
6.89785e-03
5.72982e-03
2.00842e-03
-9.72485e-04
-8.63385e-04
-3.39893e-04
-3.91031e-04
-2.09510e-03
-4.74615e-03
-7.18664e-03
-7.83438e-03
-9.54555e-03
-1.32104e-02
-1.55062e-02
-1.76796e-02
-2.11737e-02
-2.55036e-02
-2.92901e-02
-3.18885e-02
-3.28830e-02
-3.22584e-02
-2.97078e-02
-2.77364e-02
-2.40088e-02
-1.68715e-02
-1.00561e-02
-5.73383e-03
-3.63986e-03
-3.06076e-03
-2.35309e-03
-2.02777e-03
-1.55119e-03
-1.72473e-03
-7.14041e-04
1.52774e-03
2.34714e-03
2.13089e-03
2.43361e-03
3.88513e-03
5.71370e-03
6.53371e-03
6.42901e-03
7.18536e-03
9.58343e-03
1.07051e-02
1.21916e-02
1.41702e-02
1.34919e-02
1.16358e-02
1.25058e-02
1.18696e-02
1.07800e-02
1.09451e-02
1.29173e-02
1.65304e-02
1.93853e-02
2.02013e-02
1.97833e-02
1.92163e-02
1.87865e-02
1.70666e-02
1.48313e-02
1.25074e-02
1.17612e-02
1.20990e-02
1.08178e-02
7.28218e-03
2.06620e-03
-3.77239e-03
-7.25810e-03
-9.07376e-03
-9.40468e-03
-8.78938e-03
-6.97270e-03
-5.01086e-03
-4.29073e-03
-4.76349e-03
-5.11877e-03
-6.37899e-03
-8.14787e-03
-8.74516e-03
-1.06420e-02
-1.39466e-02
-1.55370e-02
-1.52895e-02
-1.50263e-02
-1.50002e-02
-1.48621e-02
-1.47806e-02
-1.42248e-02
-1.14999e-02
-8.63195e-03
-7.19423e-03
-6.90467e-03
-6.88014e-03
-6.76490e-03
-6.71035e-03
-6.58938e-03
-6.31852e-03
-4.48344e-03
-2.40573e-03
-2.12991e-03
-6.12333e-04
3.08428e-03
8.24046e-03
1.18111e-02
1.50375e-02
1.79484e-02
2.17059e-02
2.43322e-02
2.43910e-02
2.41069e-02
2.43917e-02
2.45345e-02
2.44893e-02
2.45695e-02
2.46653e-02
2.46565e-02
2.37612e-02
2.05262e-02
1.63740e-02
1.15296e-02
5.50556e-03
9.75488e-06
-4.78667e-03
-8.99493e-03
-1.15389e-02
-1.08304e-02
-7.46400e-03
-3.95696e-03
-1.47921e-03
2.12230e-04
2.30789e-03
4.08868e-03
4.25530e-03
4.03034e-03
4.10633e-03
5.12344e-03
6.63156e-03
5.47996e-03
3.44159e-03
-2.51812e-04
-3.99212e-03
-6.62429e-03
-9.09235e-03
-1.02202e-02
-1.07048e-02
-1.30775e-02
-1.47481e-02
-1.43414e-02
-1.55167e-02
-1.69568e-02
-1.68287e-02
-1.65365e-02
-1.65979e-02
-1.65108e-02
-1.62813e-02
-1.53945e-02
-1.30952e-02
-1.06073e-02
-8.70974e-03
-9.20116e-03
-1.12224e-02
-9.22047e-03
-4.09581e-03
-7.03197e-04
-1.72800e-04
-5.62446e-04
-8.81066e-04
-7.97090e-04
-6.09188e-04
-1.93690e-03
-4.30854e-03
-6.59052e-03
-8.09781e-03
-1.01971e-02
-1.16764e-02
-1.14285e-02
-1.08591e-02
-8.95262e-03
-6.66113e-03
-4.26051e-03
-1.69854e-03
1.21001e-03
4.06203e-03
6.54062e-03
6.35513e-03
2.78705e-03
6.14000e-05
-3.10437e-04
-1.46445e-03
-1.87154e-03
-7.25545e-04
1.42803e-04
-7.37120e-04
-2.18589e-03
-2.81971e-03
-2.82676e-03
-1.80125e-03
6.07283e-04
9.48748e-04
-1.57987e-03
-2.99408e-03
-2.56765e-03
-2.29944e-03
-2.43840e-03
-3.54017e-03
-5.74542e-03
-6.34293e-03
-5.97770e-03
-6.13743e-03
-8.36948e-03
-9.31825e-03
-6.99983e-03
-5.38143e-03
-5.52136e-03
-5.73282e-03
-4.68044e-03
-2.17615e-03
-1.18748e-03
-7.13001e-04
-5.51783e-04
2.37449e-04
1.87068e-03
2.26576e-03
3.29100e-03
5.00533e-03
3.54207e-03
2.00823e-03
1.73818e-03
7.48603e-04
-9.94837e-04
-1.29669e-03
-8.81434e-04
1.81452e-03
3.98684e-03
4.02802e-03
5.55679e-03
7.71766e-03
8.51981e-03
8.10305e-03
6.83265e-03
4.59332e-03
3.24124e-03
3.60989e-03
3.85584e-03
3.50699e-03
1.41077e-03
-1.72058e-03
-3.41072e-03
-4.36791e-03
-6.78518e-03
-8.87373e-03
-1.01091e-02
-9.77961e-03
-9.30205e-03
-8.27658e-03
-7.16081e-03
-5.52601e-03
-3.73212e-03
-2.43172e-03
-1.10857e-03
-2.47317e-03
-2.68136e-03
2.13270e-04
7.24736e-04
-2.32418e-04
-3.48118e-04
-3.26641e-05
6.19962e-04
2.37448e-03
3.92415e-03
3.92938e-03
3.68505e-03
3.72785e-03
3.04854e-03
1.45858e-03
7.45194e-05
6.40917e-04
3.13014e-03
4.02001e-03
3.63973e-03
3.68025e-03
5.67248e-03
8.27735e-03
1.00075e-02
1.04615e-02
8.61548e-03
6.97523e-03
7.10353e-03
7.62857e-03
9.14310e-03
1.09446e-02
1.12786e-02
1.09459e-02
1.09853e-02
1.23626e-02
1.32116e-02
1.44380e-02
1.56695e-02
1.61136e-02
1.54309e-02
1.45858e-02
1.41960e-02
1.44635e-02
1.25183e-02
1.05933e-02
9.30950e-03
6.64884e-03
3.60840e-03
1.17783e-03
-1.75288e-03
-3.86462e-03
-3.95221e-03
-3.72126e-03
-3.78679e-03
-3.22737e-03
-7.16797e-04
1.51257e-03
1.04343e-03
-1.44166e-03
-3.83006e-03
-4.08169e-03
-3.71909e-03
-3.67846e-03
-3.66521e-03
-3.63456e-03
-3.67760e-03
-4.92275e-03
-7.00152e-03
-8.03140e-03
-9.29019e-03
-1.03690e-02
-1.06160e-02
-1.04097e-02
-1.03994e-02
-1.05334e-02
-1.08242e-02
-1.07606e-02
-1.06651e-02
-1.06844e-02
-1.07018e-02
-1.06943e-02
-1.05442e-02
-8.53066e-03
-6.17354e-03
-4.04472e-03
-3.01436e-03
-1.26165e-03
1.37164e-03
3.06230e-03
4.22044e-03
4.50321e-03
4.36327e-03
4.33966e-03
4.37570e-03
4.37372e-03
4.36435e-03
4.36524e-03
4.19287e-03
3.19301e-03
1.65890e-04
-3.62051e-03
-3.82566e-03
-2.95948e-03
-2.92073e-03
-3.06440e-03
-3.15276e-03
-3.87797e-03
-3.80584e-03
-3.37672e-03
-2.67594e-03
-3.86944e-04
3.20580e-03
6.32812e-03
9.48931e-03
1.17899e-02
1.20122e-02
1.18851e-02
1.20163e-02
1.20560e-02
1.20196e-02
1.20132e-02
1.27090e-02
1.51731e-02
1.61816e-02
1.56578e-02
1.35129e-02
1.17449e-02
1.17867e-02
1.19954e-02
1.20735e-02
1.17430e-02
1.09808e-02
1.13382e-02
1.18386e-02
1.17956e-02
1.20789e-02
1.21966e-02
1.18836e-02
9.47957e-03
5.31188e-03
1.80980e-03
-4.86085e-05
-2.31413e-03
-4.84259e-03
-8.69911e-03
-1.41076e-02
-1.87117e-02
-2.12853e-02
-2.36224e-02
-2.51119e-02
-2.62803e-02
-2.72754e-02
-2.75526e-02
-2.81744e-02
-2.90306e-02
-2.86574e-02
-2.63245e-02
-2.43611e-02
-2.33095e-02
-2.33190e-02
-2.45442e-02
-2.39084e-02
-2.15967e-02
-2.06294e-02
-2.00058e-02
-1.73949e-02
-1.40585e-02
-1.07481e-02
-7.42806e-03
-3.36331e-03
-4.68843e-04
7.52456e-04
1.80925e-03
4.21101e-03
6.11487e-03
8.09551e-03
1.03263e-02
1.23808e-02
1.26657e-02
1.18301e-02
1.01818e-02
1.00423e-02
1.18373e-02
1.28497e-02
1.26367e-02
1.24880e-02
1.25605e-02
1.25759e-02
1.25489e-02
1.22714e-02
1.20334e-02
1.23670e-02
1.24507e-02
1.31008e-02
1.54721e-02
1.66603e-02
1.64873e-02
1.63503e-02
1.57667e-02
1.34308e-02
1.17401e-02
1.21560e-02
1.26507e-02
1.25131e-02
1.24003e-02
1.13904e-02
9.07429e-03
8.29904e-03
7.23165e-03
5.25891e-03
4.87979e-03
3.97831e-03
1.70333e-03
7.85670e-04
-9.15301e-04
-2.88763e-03
-5.20815e-03
-8.14102e-03
-1.00141e-02
-1.10758e-02
-1.31539e-02
-1.35262e-02
-1.11024e-02
-9.28249e-03
-9.47572e-03
-9.86277e-03
-9.82427e-03
-9.53704e-03
-9.17820e-03
-9.18996e-03
-9.75395e-03
-1.13615e-02
-1.37450e-02
-1.60432e-02
-1.73781e-02
-1.71485e-02
-1.60947e-02
-1.43454e-02
-1.34168e-02
-1.43997e-02
-1.65961e-02
-1.54813e-02
-1.32985e-02
-1.19494e-02
-1.03162e-02
-8.81341e-03
-6.44613e-03
-4.78392e-03
-3.90119e-03
-4.83692e-03
-6.25658e-03
-4.83335e-03
-2.44183e-03
-4.89890e-04
1.84614e-03
4.54966e-03
7.34322e-03
8.64998e-03
8.45463e-03
8.13795e-03
7.71592e-03
8.40525e-03
1.09481e-02
1.24659e-02
1.22154e-02
1.15684e-02
9.78633e-03
7.64231e-03
6.11280e-03
4.67582e-03
4.50250e-03
4.72598e-03
4.70891e-03
4.64975e-03
4.18603e-03
3.27750e-03
1.85313e-03
8.52356e-04
9.32479e-04
1.08249e-03
1.02572e-03
9.91733e-04
1.00237e-03
9.99982e-04
9.89172e-04
9.82818e-04
9.77745e-04
9.74626e-04
1.03955e-03
1.12134e-03
1.08580e-03
2.76480e-04
-2.19633e-04
8.48729e-04
1.30222e-03
1.08559e-03
1.02112e-03
1.07010e-03
-5.10082e-05
-2.55731e-03
-3.24361e-03
-2.75988e-03
-2.50767e-03
-2.56851e-03
-2.60348e-03
-2.58874e-03
-2.45538e-03
-7.52243e-04
1.93743e-03
4.47847e-03
5.07125e-03
4.72429e-03
4.67715e-03
4.52713e-03
3.34236e-03
2.63252e-03
2.24152e-03
1.53496e-03
1.03042e-03
-2.06712e-04
-1.26709e-03
1.43030e-04
1.44592e-03
3.08218e-03
4.91346e-03
4.64546e-03
4.36620e-03
4.80867e-03
5.02843e-03
5.10046e-03
5.02951e-03
4.94456e-03
4.94231e-03
4.95101e-03
4.94259e-03
5.06165e-03
6.14159e-03
6.58872e-03
5.02358e-03
2.04705e-03
2.54668e-04
9.69339e-04
2.85078e-03
5.42550e-03
7.90117e-03
8.64246e-03
6.74076e-03
5.22705e-03
5.03591e-03
4.77359e-03
3.42221e-03
2.42961e-03
1.87295e-03
1.40778e-03
1.06956e-03
-3.09738e-04
-2.01231e-03
-3.34877e-03
-5.25952e-03
-7.08295e-03
-9.15745e-03
-9.58739e-03
-9.27139e-03
-9.22503e-03
-9.20485e-03
-9.15765e-03
-9.15965e-03
-9.17175e-03
-9.06053e-03
-8.41220e-03
-6.18749e-03
-5.58584e-03
-7.44524e-03
-8.95801e-03
-9.02538e-03
-8.74515e-03
-8.68199e-03
-8.22682e-03
-7.00417e-03
-5.15949e-03
-4.31620e-03
-2.47279e-03
-9.75375e-04
-2.60938e-04
2.02150e-03
3.08262e-03
2.74364e-03
2.96907e-03
3.16295e-03
2.34422e-03
9.34796e-04
1.84740e-04
4.76671e-04
7.13002e-04
1.57693e-03
1.67830e-03
1.69613e-03
1.70351e-03
6.90023e-04
-7.23383e-04
-1.11602e-03
3.71424e-04
2.98208e-03
3.65509e-03
3.22872e-03
1.82284e-03
-3.95018e-04
-8.04650e-04
-3.24090e-04
-1.20837e-04
-1.77502e-04
-1.98916e-04
-1.81496e-04
-1.34596e-04
-3.95372e-05
-1.58720e-05
-3.29159e-05
-3.70278e-05
-3.41961e-04
-1.30219e-03
-2.80013e-03
-2.67783e-03
-1.49099e-03
-3.76673e-04
-1.91490e-04
-2.30603e-03
-3.88654e-03
-4.71455e-03
-4.45044e-03
-3.77315e-03
-2.87199e-03
-1.25728e-03
7.15284e-04
1.35806e-03
3.40528e-03
5.35968e-03
6.28904e-03
7.68463e-03
7.20041e-03
3.99800e-03
2.05073e-03
2.15135e-03
1.54058e-03
6.92677e-04
-1.01452e-03
-2.97429e-03
-3.10400e-03
-2.26566e-03
-1.57769e-03
-3.97618e-04
7.69006e-04
1.69490e-03
2.25997e-03
2.43943e-03
2.76001e-03
2.78036e-03
2.49856e-03
1.52134e-03
-1.77173e-03
-4.61040e-03
-5.38416e-03
-5.66928e-03
-6.88071e-03
-7.58927e-03
-8.20756e-03
-9.84931e-03
-1.01215e-02
-9.40345e-03
-7.57572e-03
-5.29290e-03
-4.45141e-03
-3.97073e-03
-1.48255e-03
2.70214e-04
1.02265e-03
1.11479e-03
1.04111e-03
1.81095e-03
1.76326e-03
1.21814e-03
2.37320e-03
4.88029e-03
7.73203e-03
1.02318e-02
1.11058e-02
1.08913e-02
1.08838e-02
1.10402e-02
1.07136e-02
9.53262e-03
8.47930e-03
8.44798e-03
8.95483e-03
9.12147e-03
8.66480e-03
8.03692e-03
6.50670e-03
4.71221e-03
3.38336e-03
1.49490e-04
-3.02233e-03
-6.51132e-04
3.94929e-03
4.94790e-03
4.24561e-03
4.20062e-03
3.32361e-03
1.30946e-03
8.23404e-05
4.27711e-05
8.61998e-05
9.03345e-04
1.37682e-03
2.36913e-03
3.96939e-03
4.99499e-03
5.05016e-03
4.97188e-03
5.00735e-03
4.45083e-03
2.64292e-03
2.11978e-03
2.86205e-03
2.06556e-03
1.35148e-03
6.43935e-04
1.62932e-04
8.90446e-04
1.92587e-03
3.63789e-03
5.55609e-03
4.96268e-03
2.24310e-03
1.08112e-03
1.43837e-03
1.98376e-03
2.29801e-03
4.04727e-03
5.51482e-03
3.81021e-03
2.28958e-03
3.38109e-03
5.06264e-03
5.79554e-03
6.18452e-03
6.28511e-03
5.87612e-03
5.73789e-03
5.31663e-03
3.55482e-03
2.61175e-03
3.90369e-03
5.33644e-03
5.65249e-03
5.01028e-03
4.36091e-03
3.54240e-03
2.00440e-03
-5.39489e-05
-1.83414e-03
-3.85381e-03
-4.61405e-03
-5.71272e-03
-7.58405e-03
-9.38497e-03
-1.14711e-02
-1.41034e-02
-1.54010e-02
-1.50922e-02
-1.48517e-02
-1.49790e-02
-1.58332e-02
-1.58959e-02
-1.51871e-02
-1.44056e-02
-1.36492e-02
-1.22630e-02
-1.13406e-02
-1.24645e-02
-1.37362e-02
-1.36340e-02
-1.12947e-02
-7.83007e-03
-6.01864e-03
-4.76365e-03
-5.05947e-03
-5.33889e-03
-3.73605e-03
-3.07882e-03
-3.66428e-03
-3.84370e-03
-2.23531e-03
-5.37140e-04
3.85770e-05
4.73608e-04
7.33239e-04
1.47486e-04
-9.45985e-04
-2.24160e-03
-5.56132e-03
-7.07603e-03
-6.53358e-03
-6.27656e-03
-6.42896e-03
-7.07200e-03
-8.99952e-03
-1.03519e-02
-1.02727e-02
-9.87530e-03
-8.06335e-03
-6.05860e-03
-5.62416e-03
-3.91014e-03
-1.49705e-03
7.87012e-04
1.47257e-03
1.82837e-03
2.79230e-03
2.64007e-03
2.34184e-03
3.14337e-03
6.34728e-03
9.03363e-03
1.00210e-02
1.01812e-02
8.85451e-03
6.98567e-03
5.86848e-03
5.36602e-03
4.41634e-03
3.53720e-03
3.11860e-03
3.41668e-03
3.57831e-03
3.50179e-03
2.87821e-03
3.18211e-03
4.25072e-03
3.04545e-03
1.13412e-03
8.42583e-04
1.94020e-03
2.20984e-03
2.40865e-03
2.74333e-03
3.55381e-03
3.88247e-03
4.30432e-03
4.90906e-03
3.36980e-03
2.49818e-03
4.15775e-03
4.55351e-03
2.93166e-03
2.01933e-03
2.66760e-03
2.61739e-03
1.45612e-03
-6.02242e-04
-1.74510e-03
-2.27172e-03
-2.18825e-03
1.25758e-05
2.27042e-03
2.48943e-03
8.17557e-05
-2.17109e-03
-3.03762e-03
-4.03809e-03
-4.89146e-03
-4.98689e-03
-4.85524e-03
-4.85607e-03
-4.87845e-03
-4.82718e-03
-4.61908e-03
-4.50538e-03
-4.52497e-03
-4.54067e-03
-4.61005e-03
-4.17777e-03
-1.50022e-03
1.50380e-03
3.76571e-03
6.08617e-03
6.36905e-03
6.61870e-03
8.95058e-03
1.04713e-02
1.04058e-02
1.02141e-02
1.02747e-02
9.59663e-03
7.59396e-03
6.43744e-03
5.78433e-03
3.82785e-03
1.52317e-03
-7.29866e-04
-3.30584e-03
-4.64328e-03
-3.01513e-03
4.35017e-04
2.35413e-03
2.90055e-03
2.64127e-03
2.50266e-03
3.25729e-03
5.13863e-03
7.42881e-03
9.07444e-03
9.95467e-03
1.01687e-02
1.04223e-02
1.04749e-02
1.06040e-02
1.07553e-02
1.07609e-02
1.03946e-02
7.85233e-03
5.04037e-03
3.68144e-03
3.31589e-03
3.38178e-03
3.21552e-03
1.54738e-03
6.03526e-04
8.34815e-04
2.94594e-04
-3.31755e-04
-1.06083e-03
-3.18761e-03
-4.13883e-03
-4.76294e-03
-6.56172e-03
-7.58151e-03
-6.98629e-03
-6.14950e-03
-7.47638e-03
-1.03524e-02
-1.17549e-02
-1.00195e-02
-7.46386e-03
-6.45894e-03
-4.93009e-03
-4.47556e-03
-4.45383e-03
-4.02163e-03
-3.65377e-03
-3.69558e-03
-3.74387e-03
-3.09929e-03
-2.02214e-03
-1.96940e-03
-2.54322e-03
-1.71890e-03
-6.36434e-04
-1.09397e-03
-1.68223e-03
-2.22644e-03
-1.97697e-03
-4.57840e-04
5.18807e-04
2.61535e-03
3.99829e-03
3.43799e-03
2.72303e-03
2.97805e-03
3.42005e-03
3.86341e-03
3.90956e-03
3.71234e-03
3.71248e-03
3.83810e-03
4.60846e-03
4.28006e-03
3.55160e-03
3.45282e-03
3.14150e-03
5.63229e-04
-1.09848e-03
-9.13855e-04
-6.22472e-04
-3.22246e-05
2.60308e-04
-1.01004e-03
-2.07736e-03
-7.18076e-04
1.13496e-04
-5.14701e-04
-6.13077e-04
2.74783e-04
7.03516e-04
1.33949e-03
1.96464e-03
2.38592e-03
1.98469e-03
6.64971e-04
-7.78293e-04
-2.97289e-03
-4.73262e-03
-4.56847e-03
-3.57119e-03
-3.51301e-03
-3.70120e-03
-3.66984e-03
-3.62069e-03
-3.62506e-03
-3.58717e-03
-3.45684e-03
-2.97467e-03
-3.07152e-03
-3.47459e-03
-3.47629e-03
-3.39151e-03
-4.20081e-03
-6.43713e-03
-7.29330e-03
-7.54869e-03
-9.27791e-03
-1.06708e-02
-1.05696e-02
-1.01027e-02
-9.97820e-03
-9.97228e-03
-1.00020e-02
-1.13109e-02
-1.22943e-02
-1.15379e-02
-1.05268e-02
-9.89106e-03
-9.48231e-03
-9.38468e-03
-9.26790e-03
-7.59659e-03
-5.25805e-03
-2.94954e-03
-1.76860e-03
-1.89957e-03
-2.89394e-03
-4.48688e-03
-3.11403e-03
-1.44335e-03
-4.46067e-04
1.32950e-03
3.52180e-03
4.89151e-03
4.84834e-03
5.07098e-03
5.13653e-03
5.35156e-03
6.97349e-03
8.16279e-03
8.16765e-03
9.12742e-03
1.07362e-02
1.10006e-02
1.02798e-02
8.32258e-03
6.58183e-03
5.49114e-03
5.38678e-03
6.63318e-03
6.30107e-03
4.72353e-03
3.94709e-03
3.33333e-03
1.72463e-03
7.95019e-04
9.38800e-04
1.23654e-03
2.76266e-03
4.24849e-03
5.12723e-03
6.68842e-03
8.82649e-03
9.82297e-03
8.96791e-03
7.56635e-03
5.84036e-03
4.06608e-03
4.34027e-03
4.88411e-03
4.71552e-03
4.41468e-03
3.60854e-03
3.01752e-03
3.01181e-03
2.86921e-03
2.27134e-03
1.97090e-03
1.66107e-03
1.12858e-03
3.42943e-04
-8.69781e-04
-1.91690e-03
-2.54717e-03
-3.08401e-03
-4.45295e-03
-6.71984e-03
-7.67837e-03
-7.17284e-03
-5.96473e-03
-4.81302e-03
-4.22412e-03
-4.19552e-03
-4.18185e-03
-3.79190e-03
-3.66370e-03
-3.23542e-03
-2.77956e-03
-3.16152e-03
-3.17174e-03
-3.45197e-03
-3.59022e-03
-3.43180e-03
-3.26473e-03
-3.19749e-03
-3.13957e-03
-3.05976e-03
-2.38290e-03
-6.81978e-04
9.78975e-04
2.31607e-03
3.58520e-03
3.77357e-03
3.50363e-03
3.41745e-03
3.41187e-03
3.42037e-03
3.17090e-03
1.84806e-03
6.30521e-04
-3.37098e-04
-8.63653e-04
-8.03439e-04
-6.54447e-04
-6.33082e-04
-6.36960e-04
-8.63001e-04
-1.13976e-03
-6.70206e-04
-3.32018e-04
8.90092e-05
9.38464e-04
5.70043e-04
-1.71393e-04
-4.21400e-04
-3.75725e-04
-1.09062e-03
-2.11158e-03
-2.14736e-03
-1.91825e-03
-2.52927e-03
-3.42507e-03
-3.38585e-03
-3.36067e-03
-4.20891e-03
-4.96252e-03
-5.52471e-03
-5.59019e-03
-5.30287e-03
-5.01430e-03
-4.06947e-03
-2.89125e-03
-2.77177e-03
-2.76396e-03
-1.81853e-03
-8.61115e-04
6.52341e-05
7.60210e-04
1.08367e-03
1.71206e-03
2.63347e-03
3.13688e-03
3.41825e-03
4.07046e-03
4.32864e-03
4.48462e-03
4.48639e-03
4.67617e-03
5.34403e-03
5.77840e-03
5.57033e-03
5.27965e-03
5.14189e-03
5.32528e-03
5.52692e-03
4.88912e-03
4.40186e-03
4.31935e-03
3.97794e-03
3.72655e-03
3.56849e-03
3.13228e-03
2.57089e-03
2.29489e-03
1.84805e-03
1.31120e-03
8.06050e-04
4.36897e-04
7.14603e-04
1.09624e-03
9.08639e-04
4.11327e-04
1.29357e-04
-1.84890e-04
-4.60184e-04
-4.35105e-04
-1.67109e-04
-1.32851e-04
-3.14803e-04
-2.53258e-04
-3.56218e-05
5.06522e-05
-7.12857e-06
-5.63669e-05
-8.14846e-05
-1.61073e-04
-3.83552e-04
-5.54965e-04
-5.50624e-04
-5.11707e-04
-4.81627e-04
-4.29484e-04
-5.03292e-04
-6.43997e-04
-8.01854e-04
-8.54144e-04
-8.73381e-04
-8.36161e-04
-7.57984e-04
-7.24940e-04
-7.08757e-04
-6.84293e-04
-6.49927e-04
-5.27080e-04
-4.06730e-04
-4.62338e-04
-6.22961e-04
-6.28153e-04
-5.64930e-04
-5.47649e-04
-5.47060e-04
-5.79932e-04
-6.38226e-04
-6.38162e-04
-5.98528e-04
-5.61840e-04
-5.35031e-04
-5.11554e-04
-4.87941e-04
-4.65006e-04
-4.43142e-04
-4.21376e-04
-3.98763e-04
-3.78675e-04
-3.62032e-04
-3.52704e-04
-3.47898e-04
-3.26928e-04
-2.88402e-04
-2.61554e-04
-2.26830e-04
-2.15103e-04
-2.31134e-04
-2.30818e-04
-2.15782e-04
-2.03718e-04
-1.94419e-04
-1.84737e-04
-1.72104e-04
-1.57795e-04
-1.48378e-04
-1.36179e-04
-1.24700e-04
-1.19656e-04
-1.17451e-04
-1.14558e-04
-1.14427e-04
-1.12836e-04
-1.05442e-04
-1.01386e-04
-9.94612e-05
-9.69452e-05
-9.41082e-05
-9.10904e-05
-8.60776e-05
-8.54791e-05
-8.62550e-05
-8.51815e-05
-8.46261e-05
-8.36247e-05
-8.13076e-05
-7.73599e-05
-7.32641e-05
-6.97130e-05
-6.66261e-05
-6.37076e-05
-6.13671e-05
-5.88889e-05
-5.59004e-05
-5.33788e-05
-5.13443e-05
-4.96407e-05
-4.82087e-05
-4.69329e-05
-4.56537e-05
-4.44511e-05
-4.33175e-05
-4.22452e-05
-4.12169e-05
-4.02182e-05
-3.92467e-05
-3.83013e-05
-3.73801e-05
-3.64819e-05
-3.56056e-05
-3.47508e-05
-3.39176e-05
