-1.07529e-04
1.11303e-04
1.61053e-03
-6.76548e-04
-5.32587e-03
-2.77193e-03
2.49899e-03
4.02238e-03
-1.07344e-03
-1.93105e-03
2.21312e-03
2.33777e-03
1.58007e-03
-8.98485e-04
-2.59012e-03
-1.91956e-03
-3.38759e-04
2.62555e-03
2.52985e-03
1.70705e-03
-1.72772e-03
-3.93100e-03
2.02167e-03
3.04419e-03
1.62109e-03
1.59061e-03
1.22943e-03
8.42361e-04
4.59639e-04
4.17058e-04
5.23620e-05
-1.63621e-04
-9.67807e-04
-5.22852e-03
-4.68077e-03
3.56929e-03
4.74857e-03
-6.49927e-04
-7.68879e-03
-4.94645e-03
5.25771e-03
8.87666e-03
3.44472e-03
-2.88099e-03
-8.92562e-03
-8.41570e-03
-6.34839e-03
-1.54712e-04
9.37727e-03
9.12672e-03
2.79868e-03
-4.33805e-03
-6.27488e-03
-3.13269e-04
1.24845e-03
4.67590e-04
6.19337e-04
-1.07032e-03
-5.51122e-03
-6.35753e-03
-6.46971e-03
-2.97518e-03
-5.16086e-04
-1.77341e-04
3.25148e-03
2.46459e-03
1.15396e-03
2.06833e-03
4.11129e-03
8.61705e-03
6.52083e-03
7.34747e-04
2.30344e-03
8.32616e-03
7.27015e-03
5.06072e-03
1.40187e-03
-3.52822e-03
-1.73611e-03
4.10307e-03
3.62417e-03
1.88079e-03
1.30971e-03
1.80921e-03
6.31159e-03
5.77176e-03
7.21755e-04
-3.70220e-04
3.18969e-04
-1.22294e-03
-5.93868e-03
-1.57041e-02
-2.10536e-02
-2.11483e-02
-8.17076e-03
6.85158e-03
1.17093e-02
7.21889e-03
-5.70477e-03
-1.18073e-02
-5.45804e-03
3.50307e-03
8.88807e-03
5.30943e-04
-1.07125e-02
-1.21790e-02
-1.47338e-02
-1.55285e-02
-1.58421e-02
-7.81296e-03
-8.20539e-04
1.42692e-03
9.31187e-03
1.92635e-02
2.12856e-02
1.71493e-02
1.01720e-02
6.83601e-03
3.66470e-03
1.97009e-03
4.32733e-03
1.12197e-02
8.46122e-03
-2.84413e-03
-8.02389e-03
-5.25624e-03
2.76155e-03
9.42917e-03
1.61985e-02
1.97490e-02
1.05998e-02
-1.78639e-03
-8.26521e-03
-1.03277e-02
-1.35964e-02
-1.59919e-02
-1.29258e-02
-1.00498e-02
-6.25228e-03
3.93537e-03
9.88287e-03
7.79909e-03
1.11026e-02
1.20056e-02
9.76136e-03
1.34227e-02
1.43617e-02
1.11937e-02
2.16639e-04
-2.05292e-02
-3.36078e-02
-2.88948e-02
-2.76508e-02
-2.33959e-02
-1.37899e-02
-4.28589e-03
3.62293e-03
7.11866e-03
7.30029e-03
2.40869e-03
7.32393e-04
6.02769e-03
7.21378e-03
8.64133e-03
7.83987e-03
4.41474e-03
-5.89458e-03
-1.24373e-02
-9.52279e-03
-1.71761e-03
5.62921e-03
4.14005e-03
1.79839e-03
8.34759e-03
1.41705e-02
1.25856e-02
5.53596e-03
-1.89162e-06
-3.87918e-03
-7.70438e-04
6.28199e-04
-3.56811e-03
-7.41157e-03
-8.03423e-03
-5.47765e-03
-3.61220e-03
-1.83987e-03
4.58693e-04
5.95087e-03
8.83878e-03
1.24838e-02
1.72196e-02
1.44615e-02
8.47266e-03
5.42045e-03
4.41353e-03
-2.17555e-03
-6.42379e-03
-5.48011e-03
-6.39462e-03
-1.44738e-02
-1.59574e-02
-3.31079e-03
1.39982e-02
1.59438e-02
7.50922e-03
-4.42097e-04
-6.52377e-03
-2.24182e-03
4.34178e-03
6.65628e-03
7.30179e-03
1.86277e-03
-3.77345e-04
-6.32408e-03
-1.13396e-02
-1.59101e-02
-1.62789e-02
-1.33623e-02
-1.28595e-02
-1.52113e-02
-9.33019e-03
-6.38886e-03
-1.40855e-02
-1.57486e-02
-5.72942e-03
7.44083e-03
1.13217e-02
1.59929e-02
1.68766e-02
1.43807e-02
1.20903e-02
7.99566e-03
-7.35062e-04
-6.13779e-03
-3.26501e-03
4.17452e-03
1.16359e-03
-3.61706e-03
4.39332e-03
1.30725e-02
1.26716e-02
6.57871e-03
8.96424e-04
-4.07907e-03
-6.86502e-03
-4.47369e-03
2.59102e-04
8.40117e-03
1.66251e-02
1.54295e-02
7.88560e-03
-3.32713e-03
-1.42872e-02
-1.06326e-02
-3.32940e-03
-1.08848e-03
3.10420e-03
4.59161e-03
1.08385e-02
1.27948e-02
4.25309e-03
-6.01512e-03
-1.53732e-02
-2.25676e-02
-2.20608e-02
-1.55675e-02
-1.00368e-02
-3.52188e-03
-3.58137e-04
7.28364e-04
4.24673e-03
4.40748e-03
-3.75651e-04
-6.45214e-03
-3.82787e-03
-5.85501e-03
-1.33409e-03
9.07645e-03
3.15702e-02
4.39122e-02
3.54230e-02
1.56255e-02
-9.80120e-03
-3.31386e-02
-4.45145e-02
-4.76241e-02
-5.15609e-02
-4.27014e-02
-3.82419e-03
5.36253e-02
9.37068e-02
9.04812e-02
6.70182e-02
4.08628e-02
-1.96429e-02
-9.41174e-02
-1.44524e-01
-1.39115e-01
-8.74251e-02
2.73748e-03
1.01087e-01
1.77030e-01
2.20886e-01
1.89309e-01
1.14897e-01
1.31107e-02
-9.73783e-02
-1.79672e-01
-2.07902e-01
-1.84484e-01
-1.51244e-01
-1.04731e-01
-5.10770e-02
-1.42420e-02
-1.00814e-03
1.26986e-02
7.95969e-02
1.82051e-01
1.87293e-01
1.43561e-01
1.05154e-01
6.28869e-02
-1.95508e-02
-1.14242e-01
-1.70381e-01
-1.36632e-01
-6.43761e-02
-3.05260e-02
-3.33082e-02
-4.90981e-02
-5.33793e-02
-3.56033e-02
-1.34045e-02
8.03927e-02
2.17340e-01
2.91963e-01
2.47066e-01
1.71106e-01
6.76686e-02
-5.98699e-02
-1.44545e-01
-1.30033e-01
-5.06332e-02
-1.77749e-02
-4.54909e-02
-1.00042e-01
-1.37024e-01
-1.28770e-01
-9.87896e-02
-7.64786e-02
-5.29913e-02
-1.23106e-02
7.52327e-02
1.51630e-01
2.05232e-01
2.05115e-01
1.45726e-01
2.47209e-02
-8.96762e-02
-1.74167e-01
-1.91301e-01
-8.68584e-02
3.87376e-02
1.32348e-01
1.69467e-01
1.36217e-01
9.30775e-02
4.89251e-02
-1.81179e-03
-6.81769e-02
-1.08219e-01
-1.15393e-01
-1.29944e-01
-1.54749e-01
-1.51746e-01
-1.44824e-01
-1.41134e-01
-1.53687e-01
-1.69027e-01
-1.73980e-01
-1.55160e-01
-9.60629e-02
-1.17449e-02
8.50852e-02
1.63767e-01
2.07259e-01
2.46026e-01
2.85364e-01
2.96492e-01
2.71028e-01
2.29511e-01
1.81736e-01
1.28154e-01
6.54005e-02
1.41146e-02
-1.86358e-02
-5.91768e-02
-1.18490e-01
-1.54924e-01
-1.57028e-01
-1.43842e-01
-1.07566e-01
-3.24764e-03
8.58110e-02
9.35146e-02
7.66895e-02
4.96948e-02
-1.39544e-03
-9.41295e-02
-1.48436e-01
-1.24633e-01
-6.40412e-02
8.03886e-03
6.53502e-02
7.73589e-02
5.57357e-02
1.79292e-02
-2.41906e-02
-6.19281e-02
-8.54932e-02
-8.92307e-02
-7.29845e-02
-5.17445e-02
-3.25253e-02
-2.51606e-02
-3.64210e-02
-6.05621e-02
-8.56600e-02
-8.80690e-02
-7.18576e-02
-5.50092e-02
-3.78814e-02
-1.69308e-02
1.63766e-02
5.44869e-02
6.69164e-02
5.79292e-02
4.96334e-02
4.44807e-02
4.94684e-02
5.74102e-02
6.54475e-02
8.19636e-02
1.12022e-01
1.36314e-01
1.24817e-01
9.00608e-02
3.66879e-02
-1.30170e-02
-3.63561e-02
-4.69069e-02
-5.46829e-02
-5.11483e-02
-4.57994e-02
-3.79874e-02
-2.41580e-02
1.60897e-03
3.68038e-02
4.63771e-02
3.68423e-02
2.82550e-02
2.08997e-02
1.26994e-02
5.43479e-03
-4.19093e-03
-1.17388e-02
-1.95436e-02
-4.24168e-02
-7.36748e-02
-8.37210e-02
-7.10037e-02
-4.82610e-02
-1.67957e-02
1.65289e-02
3.94690e-02
4.24539e-02
3.68157e-02
3.39679e-02
3.01749e-02
3.16456e-02
3.45903e-02
2.91275e-02
1.06893e-02
-9.56395e-03
-2.35301e-02
-2.73093e-02
-2.80203e-02
-2.83881e-02
-2.94136e-02
-3.26047e-02
-4.23187e-02
-5.83459e-02
-6.00579e-02
-4.34909e-02
-1.46915e-02
2.17864e-02
4.34076e-02
4.33025e-02
3.54579e-02
1.71967e-02
-9.64563e-03
-3.33469e-02
-4.30964e-02
-3.35775e-02
-1.97538e-02
-1.27856e-03
1.10631e-02
1.75634e-02
1.78090e-02
-1.00556e-02
-7.05216e-02
-9.53774e-02
-7.58993e-02
-4.41916e-02
-7.48315e-03
3.46675e-02
5.92584e-02
5.86971e-02
4.92646e-02
4.11438e-02
4.11452e-02
4.68755e-02
5.91827e-02
8.35286e-02
1.10384e-01
1.15959e-01
1.04638e-01
9.18382e-02
7.73513e-02
6.44939e-02
5.04782e-02
3.51598e-02
1.17572e-02
-1.74600e-02
-4.84415e-02
-9.11205e-02
-1.39195e-01
-1.66336e-01
-1.59386e-01
-1.41500e-01
-1.21517e-01
-1.07123e-01
-8.67406e-02
-6.03665e-02
-2.40161e-02
1.18720e-02
3.93950e-02
7.66176e-02
1.13972e-01
1.15205e-01
9.43870e-02
7.22525e-02
5.41566e-02
3.96445e-02
2.66846e-02
6.53521e-03
-1.80291e-02
-5.06964e-02
-7.72235e-02
-7.75970e-02
-6.24919e-02
-3.49426e-02
-3.59578e-03
1.31539e-02
1.48039e-02
9.71697e-04
-2.12721e-02
-2.47537e-02
-1.28042e-02
3.70768e-03
2.07126e-02
3.31569e-02
5.11993e-02
6.38361e-02
8.60930e-02
1.00743e-01
9.28101e-02
6.36003e-02
1.75857e-02
-3.96774e-02
-6.16299e-02
-4.80546e-02
-2.36235e-02
-6.03533e-03
-9.06322e-03
-3.29693e-02
-6.58281e-02
-8.97377e-02
-9.47315e-02
-8.71013e-02
-7.13443e-02
-4.74958e-02
-1.98877e-02
5.52493e-03
2.25673e-02
3.42440e-02
3.93241e-02
3.36610e-02
6.41559e-03
-1.81206e-02
-1.83095e-02
-6.92974e-03
2.48950e-03
1.91891e-02
5.23629e-02
8.69607e-02
9.22605e-02
7.98531e-02
6.59137e-02
5.19321e-02
3.77450e-02
2.90783e-02
1.69256e-02
-2.85326e-03
-3.03122e-02
-5.02573e-02
-5.61937e-02
-4.87111e-02
-3.27306e-02
-4.14980e-03
2.35217e-02
3.27028e-02
3.00633e-02
2.09836e-02
1.94428e-03
-3.40644e-02
-5.72691e-02
-5.46328e-02
-4.41525e-02
-3.07328e-02
-1.77982e-02
-1.27775e-02
-7.73933e-03
2.73160e-03
2.78111e-02
4.78487e-02
4.20954e-02
2.59419e-02
1.61797e-02
1.50441e-02
1.35115e-02
9.26578e-03
-3.17739e-03
-1.98531e-02
-4.01517e-02
-6.21532e-02
-8.16520e-02
-8.77094e-02
-7.93190e-02
-6.29090e-02
-4.74018e-02
-3.71910e-02
-1.75016e-02
8.00568e-03
3.60868e-02
5.71148e-02
6.63189e-02
6.14872e-02
4.82722e-02
2.94216e-02
2.33633e-02
3.44332e-02
5.19913e-02
5.74561e-02
4.90125e-02
3.94335e-02
3.08268e-02
2.45617e-02
2.52672e-02
2.38077e-02
9.58911e-03
-3.21025e-02
-7.66298e-02
-9.34927e-02
-8.50890e-02
-6.66049e-02
-4.49229e-02
-1.98837e-02
2.13264e-03
1.62983e-02
1.69674e-02
1.80931e-02
3.04998e-02
6.94705e-02
8.08068e-02
6.69230e-02
5.18482e-02
3.50559e-02
1.96352e-02
6.75991e-03
-3.01236e-04
-5.45535e-03
-9.99416e-03
-1.37727e-02
-1.66237e-02
-1.89471e-02
-2.21298e-02
-2.40366e-02
-2.52655e-02
-3.11684e-02
-3.80819e-02
-2.95358e-02
-1.72560e-02
-8.84283e-03
-1.04284e-02
-2.60579e-02
-3.70843e-02
-3.66308e-02
-3.09721e-02
-1.87599e-02
-8.47418e-03
-4.82274e-03
3.44446e-03
8.59120e-03
1.56773e-02
1.90074e-02
1.20841e-02
-1.11418e-03
-7.68870e-03
-4.97273e-03
1.21476e-03
4.83431e-03
7.41097e-03
9.76612e-03
9.21575e-03
8.01798e-03
7.55709e-03
6.13180e-03
5.28754e-03
6.20581e-03
5.72246e-03
7.53690e-03
1.72279e-02
3.00331e-02
3.23170e-02
2.61995e-02
1.77846e-02
1.05381e-02
5.25738e-03
1.07995e-03
-3.72937e-04
4.29622e-04
3.60032e-04
-3.24086e-04
-1.16773e-03
-3.68441e-03
-5.10458e-03
-5.47095e-03
-6.19441e-03
-8.67315e-03
-1.06418e-02
-1.12335e-02
-9.89907e-03
-7.77637e-03
-5.57038e-03
-4.27330e-03
-3.88120e-03
-3.83584e-03
-3.35690e-03
-2.50969e-03
-1.58305e-03
-6.67895e-04
-1.53376e-04
1.50712e-04
5.74305e-04
8.99952e-04
1.10528e-03
1.24435e-03
1.28177e-03
1.24274e-03
1.09484e-03
8.48157e-04
5.26479e-04
