-1.54383e-03
-1.54932e-03
-1.55436e-03
-1.55893e-03
-1.56306e-03
-1.56672e-03
-1.56993e-03
-1.57268e-03
-1.57498e-03
-1.57683e-03
-1.57822e-03
-1.57917e-03
-1.57965e-03
-1.57970e-03
-1.57927e-03
-1.57843e-03
-1.57711e-03
-1.57537e-03
-1.57312e-03
-1.57056e-03
-1.56757e-03
-1.56407e-03
-1.55957e-03
-1.55504e-03
-1.55146e-03
-1.54844e-03
-1.53907e-03
-1.52331e-03
-1.52310e-03
-1.58315e-03
-1.64341e-03
-1.56799e-03
-1.49282e-03
-1.47787e-03
-1.47855e-03
-1.47279e-03
-1.46079e-03
-1.44927e-03
-1.43887e-03
-1.42833e-03
-1.41708e-03
-1.40510e-03
-1.39295e-03
-1.38014e-03
-1.36771e-03
-1.35475e-03
-1.34127e-03
-1.32462e-03
-1.30974e-03
-1.30074e-03
-1.29629e-03
-1.26339e-03
-1.20245e-03
-1.21597e-03
-1.51453e-03
-1.81542e-03
-1.48080e-03
-1.14851e-03
-1.10126e-03
-1.12854e-03
-1.12775e-03
-1.09866e-03
-1.07404e-03
-1.05551e-03
-1.03867e-03
-1.01900e-03
-9.98606e-04
-9.77997e-04
-9.57445e-04
-9.37221e-04
-9.16791e-04
-8.95614e-04
-8.70803e-04
-8.48319e-04
-8.33962e-04
-8.25593e-04
-7.80456e-04
-6.98736e-04
-7.14730e-04
-1.10333e-03
-1.49534e-03
-1.05691e-03
-6.21906e-04
-5.59502e-04
-5.94893e-04
-5.93688e-04
-5.55863e-04
-5.23985e-04
-5.00444e-04
-4.79182e-04
-4.54628e-04
-4.29183e-04
-4.03840e-04
-3.78584e-04
-3.54340e-04
-3.29910e-04
-3.04775e-04
-2.74087e-04
-2.47467e-04
-2.33696e-04
-2.29718e-04
-1.68354e-04
-5.01461e-05
-8.49807e-05
-7.03253e-04
-1.32702e-03
-6.51687e-04
1.81283e-05
1.04533e-04
3.77754e-05
2.79086e-05
7.52291e-05
1.12855e-04
1.37327e-04
1.57860e-04
1.83497e-04
2.10098e-04
2.36466e-04
2.62242e-04
2.86617e-04
3.10923e-04
3.36128e-04
3.68572e-04
3.95412e-04
4.04490e-04
4.00175e-04
4.73582e-04
6.24142e-04
5.66465e-04
-2.84161e-04
-1.14247e-03
-2.35552e-04
6.63652e-04
7.69944e-04
6.67906e-04
6.43064e-04
6.95734e-04
7.35114e-04
7.56455e-04
7.72321e-04
7.94979e-04
8.18797e-04
8.42152e-04
8.64507e-04
8.85028e-04
9.05366e-04
9.26668e-04
9.56742e-04
9.79761e-04
9.80939e-04
9.65513e-04
1.04533e-03
1.21953e-03
1.13840e-03
8.48534e-05
-9.78135e-04
1.22996e-04
1.21469e-03
1.33398e-03
1.19787e-03
1.15616e-03
1.20955e-03
1.24638e-03
1.26121e-03
1.26903e-03
1.28533e-03
1.30273e-03
1.31972e-03
1.33511e-03
1.34861e-03
1.36159e-03
1.37585e-03
1.39965e-03
1.41566e-03
1.40671e-03
1.37922e-03
1.45881e-03
1.64505e-03
1.54296e-03
3.44311e-04
-8.65373e-04
3.66146e-04
1.58661e-03
1.71060e-03
1.54607e-03
1.48840e-03
1.53750e-03
1.56840e-03
1.57388e-03
1.57201e-03
1.57895e-03
1.58789e-03
1.59566e-03
1.60259e-03
1.60570e-03
1.60884e-03
1.61325e-03
1.63360e-03
1.64115e-03
1.61032e-03
1.54978e-03
1.65837e-03
1.93402e-03
1.75747e-03
-1.42873e-04
-2.05960e-03
-1.40743e-04
1.76178e-03
1.94049e-03
1.66700e-03
1.56080e-03
1.62414e-03
1.65827e-03
1.65444e-03
1.63827e-03
1.63846e-03
1.64041e-03
1.64277e-03
1.64182e-03
1.64035e-03
1.63818e-03
1.63848e-03
1.64853e-03
1.65130e-03
1.62788e-03
1.58578e-03
1.65611e-03
1.83892e-03
1.71965e-03
4.51083e-04
-8.28675e-04
4.51782e-04
1.72112e-03
1.84109e-03
1.65909e-03
1.58939e-03
1.63235e-03
1.65635e-03
1.65450e-03
1.64498e-03
1.64575e-03
1.64837e-03
1.65074e-03
1.65173e-03
1.65106e-03
1.65041e-03
1.65136e-03
1.66286e-03
1.66641e-03
1.64439e-03
1.60314e-03
1.67481e-03
1.85851e-03
1.74055e-03
4.72930e-04
-8.05518e-04
4.75861e-04
1.74645e-03
1.86737e-03
1.68661e-03
1.61790e-03
1.66208e-03
1.68706e-03
1.68643e-03
1.67791e-03
1.67987e-03
1.68349e-03
1.68707e-03
1.68907e-03
1.68959e-03
1.68996e-03
1.69209e-03
1.70461e-03
1.70934e-03
1.68835e-03
1.64827e-03
1.72096e-03
1.90582e-03
1.78889e-03
5.22401e-04
-7.55036e-04
5.27501e-04
1.79913e-03
1.92120e-03
1.74147e-03
1.67390e-03
1.71912e-03
1.74524e-03
1.74564e-03
1.73823e-03
1.74124e-03
1.74598e-03
1.75059e-03
1.75370e-03
1.75526e-03
1.75673e-03
1.75989e-03
1.77351e-03
1.77926e-03
1.75936e-03
1.72032e-03
1.79410e-03
1.97999e-03
1.86414e-03
5.98682e-04
-6.77701e-04
6.05877e-04
1.87856e-03
2.00166e-03
1.82297e-03
1.75643e-03
1.80268e-03
1.82984e-03
1.83124e-03
1.82489e-03
1.82889e-03
1.83469e-03
1.84027e-03
1.84445e-03
1.84698e-03
1.84953e-03
1.85360e-03
1.86831e-03
1.87494e-03
1.85618e-03
1.81796e-03
1.89293e-03
2.07961e-03
1.96498e-03
7.00203e-04
-5.74846e-04
7.09349e-04
1.98346e-03
2.10685e-03
1.92972e-03
1.86375e-03
1.91241e-03
1.93859e-03
1.93991e-03
1.93342e-03
1.94920e-03
1.95834e-03
1.94331e-03
1.90419e-03
1.97481e-03
2.15956e-03
2.06025e-03
8.16619e-04
-4.89900e-04
6.97355e-04
2.01041e-03
2.51730e-03
2.43800e-03
2.95531e-04
-3.50363e-03
-3.48681e-03
3.86989e-04
2.56220e-03
2.07068e-03
4.07223e-04
-1.49792e-03
-2.84515e-03
-1.56029e-03
9.10704e-04
3.65144e-03
4.72761e-03
3.42407e-03
8.74890e-04
-3.32229e-04
-4.48383e-04
-3.08491e-04
1.08818e-03
3.58524e-03
3.60016e-03
1.06794e-03
-3.65892e-04
-3.42939e-04
1.02654e-04
3.96918e-04
-6.99269e-04
-4.27126e-03
-8.09981e-03
-9.67525e-03
-8.52169e-03
-3.80963e-03
2.17777e-03
3.88667e-03
-9.57459e-04
-6.56245e-03
-5.41617e-03
2.47162e-05
4.43621e-03
4.50513e-03
2.74582e-04
-5.26392e-03
-7.73569e-03
-3.58894e-03
2.98432e-03
4.50956e-03
1.55594e-03
-1.64296e-03
-3.12802e-03
-1.75011e-04
5.10330e-03
7.68851e-03
4.82808e-03
7.73191e-04
1.18140e-04
1.82056e-03
2.73392e-03
1.97093e-03
5.12878e-04
4.57523e-04
1.77819e-03
2.65845e-03
2.77636e-03
1.89371e-03
-1.17637e-04
-7.77890e-04
1.73381e-03
4.36804e-03
5.09308e-03
4.38939e-03
2.62435e-03
3.48980e-04
-2.45799e-03
-5.64452e-03
-8.27009e-03
-1.13410e-02
-1.52183e-02
-1.61076e-02
-1.11554e-02
-4.03675e-03
3.77258e-04
-7.84443e-05
-3.31329e-03
-4.83084e-03
-2.76274e-03
1.84321e-03
4.14243e-03
3.22731e-03
2.96595e-03
4.37426e-03
4.74974e-03
2.43898e-03
-1.34330e-03
-3.94883e-03
-4.48439e-03
-3.09104e-03
-1.14122e-05
2.38805e-03
3.16333e-03
2.76206e-03
2.88967e-04
-4.68091e-03
-9.08495e-03
-8.55662e-03
-4.71074e-03
-6.91713e-04
2.45721e-03
2.43748e-03
-1.28547e-03
-6.32967e-03
-1.00183e-02
-1.04124e-02
-8.34490e-03
-5.81346e-03
-4.04884e-03
-3.15168e-03
-2.33373e-03
-1.03735e-03
2.12857e-03
6.49198e-03
8.54343e-03
2.30700e-03
-1.05750e-02
-1.96659e-02
-1.72779e-02
-8.26583e-03
-2.15596e-03
-2.87774e-03
-6.44112e-03
-7.49901e-03
-3.32881e-03
2.27654e-03
3.05537e-03
-1.78033e-03
-7.41629e-03
-8.06616e-03
-3.31405e-03
2.18292e-03
3.80165e-03
1.86192e-03
-1.81791e-04
2.31980e-03
8.29737e-03
1.29864e-02
1.15591e-02
6.15789e-03
2.68544e-03
2.89180e-03
5.48862e-03
7.47642e-03
5.32010e-03
-2.16011e-03
-1.14463e-02
-1.60806e-02
-1.50445e-02
-1.27255e-02
-1.10208e-02
-8.91793e-03
-6.76651e-03
-4.27946e-03
-2.96876e-03
-3.01865e-03
-4.57726e-03
-6.76095e-03
-5.97520e-03
-2.50274e-03
-1.73458e-04
-2.90734e-03
-7.92120e-03
-9.61431e-03
-4.99621e-03
2.47011e-03
5.75156e-03
2.74710e-03
-2.95758e-03
-4.67938e-03
-2.41556e-04
6.76390e-03
1.30383e-02
1.51654e-02
1.37044e-02
1.02684e-02
7.26604e-03
6.23405e-03
7.18229e-03
7.61266e-03
6.22519e-03
2.54086e-03
-4.33353e-03
-1.31863e-02
-2.19260e-02
-2.56487e-02
-2.20422e-02
-1.26332e-02
-2.80537e-03
3.22563e-03
3.88079e-03
3.26243e-04
-4.25768e-03
-5.54078e-03
-3.59286e-03
-3.09965e-04
3.30972e-03
5.49358e-03
5.83166e-03
5.67187e-03
5.88002e-03
5.72577e-03
3.15279e-03
-2.38956e-03
-8.34680e-03
-1.11473e-02
-6.82247e-03
2.68886e-03
1.07543e-02
1.38416e-02
1.24180e-02
1.10517e-02
1.20761e-02
1.16174e-02
6.54562e-03
-1.01652e-03
-7.77889e-03
-1.03155e-02
-8.00435e-03
-5.68799e-03
-5.23082e-03
-3.05263e-03
1.88935e-03
3.81443e-03
1.86825e-03
-7.68398e-04
-2.26361e-03
-3.57525e-03
-7.16790e-03
-1.16186e-02
-1.30911e-02
-9.94529e-03
-4.60731e-03
8.26036e-04
6.46509e-03
1.49157e-02
2.54303e-02
3.27883e-02
3.13371e-02
1.94217e-02
3.75786e-03
-6.56964e-03
-7.41339e-03
-2.54685e-03
1.47741e-03
8.65336e-04
-1.70193e-03
-4.09753e-04
3.68133e-03
3.74450e-03
-5.05729e-03
-2.02953e-02
-3.27793e-02
-3.36469e-02
-2.16546e-02
-3.36411e-03
1.06472e-02
1.47852e-02
1.05387e-02
4.13616e-03
1.55740e-03
4.49594e-03
1.00391e-02
1.27347e-02
1.03269e-02
4.76117e-03
-1.05427e-03
-6.61355e-03
-1.14727e-02
-1.54543e-02
-1.83236e-02
-1.95025e-02
-1.81728e-02
-1.52367e-02
-1.22285e-02
-1.02957e-02
-9.20645e-03
-1.13056e-02
-1.82515e-02
-2.65897e-02
-2.82451e-02
-1.73519e-02
3.10101e-03
2.41966e-02
3.94351e-02
4.52035e-02
4.13970e-02
3.26608e-02
2.44082e-02
1.85393e-02
1.37142e-02
1.00998e-02
8.45794e-03
1.13554e-02
1.94770e-02
2.75706e-02
2.90604e-02
2.11000e-02
4.29170e-03
-1.54602e-02
-3.06506e-02
-3.70560e-02
-3.57589e-02
-3.07659e-02
-2.38694e-02
-1.57636e-02
-8.46533e-03
-4.67125e-03
-7.13750e-03
-1.51293e-02
-2.37791e-02
-2.91832e-02
-3.02678e-02
-2.66588e-02
-1.96699e-02
-1.09204e-02
-2.35621e-03
4.23556e-03
8.50884e-03
1.16412e-02
1.43920e-02
1.58654e-02
1.68442e-02
1.80592e-02
1.97453e-02
1.94369e-02
1.46277e-02
7.58145e-03
3.75085e-03
5.02209e-03
1.01521e-02
1.56768e-02
1.98919e-02
2.13359e-02
1.83741e-02
1.05538e-02
-2.85403e-03
-1.86822e-02
-3.08227e-02
-3.73609e-02
-3.91648e-02
-3.73588e-02
-3.25607e-02
-2.46214e-02
-1.39680e-02
-3.02515e-03
2.51695e-03
1.48661e-03
-1.09350e-03
1.96477e-03
1.13485e-02
2.16796e-02
2.60471e-02
2.21785e-02
1.35892e-02
4.34802e-03
-4.38001e-03
-1.27126e-02
-2.02569e-02
-2.55486e-02
-2.59117e-02
-2.21042e-02
-1.73947e-02
-1.31150e-02
-8.25757e-03
-1.84998e-03
4.15247e-03
6.84754e-03
6.59185e-03
6.78448e-03
1.12657e-02
2.02273e-02
2.83553e-02
2.82798e-02
1.78898e-02
2.44504e-03
-1.06112e-02
-1.69924e-02
-1.78507e-02
-1.72868e-02
-1.67849e-02
-1.58644e-02
-1.41752e-02
-1.14214e-02
-9.98051e-03
-1.13905e-02
-1.52584e-02
-1.66424e-02
-1.04601e-02
1.99350e-03
1.48262e-02
2.42392e-02
2.86779e-02
2.50667e-02
1.66443e-02
5.81850e-03
-8.60453e-03
-2.34325e-02
-3.25134e-02
-3.26129e-02
-2.56129e-02
-1.75574e-02
-1.50822e-02
-1.97248e-02
-2.73568e-02
-3.29373e-02
-3.65714e-02
-4.14172e-02
-5.05781e-02
-6.23723e-02
-7.03023e-02
-6.91384e-02
-5.68320e-02
-3.65341e-02
-1.37004e-02
7.85443e-03
2.81894e-02
4.69016e-02
6.31948e-02
7.50920e-02
8.14701e-02
8.09912e-02
7.28966e-02
5.92568e-02
4.41233e-02
3.29160e-02
2.96341e-02
3.27655e-02
3.33468e-02
2.21023e-02
-4.13704e-03
-3.93391e-02
-7.10797e-02
-8.91573e-02
-9.38099e-02
-9.25954e-02
-9.07651e-02
-8.66712e-02
-7.93059e-02
-7.08771e-02
-6.36678e-02
-6.07155e-02
-6.09095e-02
-5.91347e-02
-4.85486e-02
-2.51714e-02
8.15322e-03
4.77758e-02
8.81713e-02
1.25358e-01
1.55843e-01
1.75463e-01
1.81674e-01
1.76076e-01
1.64261e-01
1.51365e-01
1.41046e-01
1.33533e-01
1.25317e-01
1.14114e-01
1.01027e-01
9.03028e-02
8.63386e-02
8.93210e-02
9.52666e-02
1.00816e-01
1.02990e-01
1.01690e-01
9.91388e-02
9.62262e-02
9.39285e-02
9.58881e-02
1.03313e-01
1.07607e-01
9.73645e-02
6.98540e-02
3.35635e-02
-4.60938e-03
-4.12002e-02
-7.14626e-02
-9.11814e-02
-1.00282e-01
-1.02713e-01
-1.02270e-01
-9.99413e-02
-9.58816e-02
-9.15564e-02
-8.89253e-02
-8.97538e-02
-9.52364e-02
-1.04785e-01
-1.17901e-01
-1.32725e-01
-1.45414e-01
-1.51887e-01
-1.46620e-01
-1.19927e-01
-6.93273e-02
-1.02146e-02
3.97009e-02
7.84337e-02
1.12488e-01
1.41826e-01
1.60378e-01
1.64793e-01
1.55800e-01
1.36426e-01
1.09818e-01
7.70572e-02
3.81594e-02
-6.48206e-03
-5.46409e-02
-9.93995e-02
-1.33039e-01
-1.54559e-01
-1.68815e-01
-1.81079e-01
-1.91463e-01
-1.98191e-01
-2.02043e-01
-2.03044e-01
-1.95052e-01
-1.73292e-01
-1.41388e-01
-1.05098e-01
-6.89675e-02
-3.43839e-02
-1.97070e-03
2.86506e-02
6.02416e-02
9.43001e-02
1.26058e-01
1.46660e-01
1.48166e-01
1.32963e-01
1.12724e-01
9.42409e-02
7.60854e-02
5.65842e-02
3.70234e-02
1.66311e-02
-5.05477e-03
-2.74299e-02
-4.65805e-02
-6.19571e-02
-7.79491e-02
-9.55830e-02
-1.13289e-01
-1.28783e-01
-1.39200e-01
-1.41810e-01
-1.35469e-01
-1.19484e-01
-9.33571e-02
-5.89804e-02
-1.92399e-02
2.49463e-02
7.28280e-02
1.20636e-01
1.62795e-01
1.94927e-01
2.15247e-01
2.25900e-01
2.30264e-01
2.30547e-01
2.26024e-01
2.12657e-01
1.86411e-01
1.47484e-01
1.00544e-01
5.19131e-02
6.82213e-03
-3.49130e-02
-7.40436e-02
-1.08160e-01
-1.35142e-01
-1.57521e-01
-1.78825e-01
-1.98646e-01
-2.13362e-01
-2.19078e-01
-2.13776e-01
-1.95958e-01
-1.68052e-01
-1.37547e-01
-1.11405e-01
-9.11774e-02
-7.32856e-02
-5.48472e-02
-3.61752e-02
-1.78413e-02
-5.21066e-04
1.51320e-02
2.51282e-02
2.62376e-02
1.81041e-02
5.28067e-03
-6.38654e-03
-1.43357e-02
-1.94578e-02
-2.58421e-02
-3.62799e-02
-5.03495e-02
-6.48402e-02
-7.39100e-02
-7.34401e-02
-6.35423e-02
-4.75420e-02
-2.77436e-02
-5.85718e-03
1.56822e-02
3.53216e-02
5.50613e-02
7.98442e-02
1.12187e-01
1.47131e-01
1.75101e-01
1.88996e-01
1.88640e-01
1.78162e-01
1.62140e-01
1.42811e-01
1.21352e-01
9.80613e-02
7.34548e-02
5.09841e-02
3.28095e-02
2.02896e-02
1.60165e-02
2.06742e-02
3.02822e-02
3.83787e-02
4.17540e-02
3.95879e-02
3.42366e-02
2.82924e-02
2.07284e-02
1.06538e-02
-1.08591e-03
-1.04934e-02
-1.49591e-02
-1.47556e-02
-1.21704e-02
-1.11604e-02
-1.47492e-02
-2.11935e-02
-2.72997e-02
-3.31268e-02
-4.13599e-02
-5.13692e-02
-6.03545e-02
-6.81317e-02
-7.41246e-02
-7.18356e-02
-5.29614e-02
-1.71500e-02
2.33926e-02
5.51160e-02
7.40581e-02
8.09905e-02
7.43734e-02
5.51854e-02
2.96894e-02
4.30289e-03
-1.88080e-02
-3.94736e-02
-5.81790e-02
-7.40984e-02
-8.67711e-02
-9.62022e-02
-1.02416e-01
-1.04082e-01
-1.00506e-01
-9.35782e-02
-8.51128e-02
-7.57465e-02
-6.52651e-02
-5.43500e-02
-4.34852e-02
-3.19963e-02
-1.91789e-02
-6.37527e-03
4.92777e-03
1.54871e-02
2.74238e-02
4.13767e-02
5.36399e-02
5.91070e-02
5.29811e-02
3.53783e-02
1.17407e-02
-1.08316e-02
-2.72876e-02
-3.52618e-02
-3.49317e-02
-2.47725e-02
-4.34143e-03
2.03282e-02
4.10502e-02
5.18767e-02
5.10977e-02
3.62158e-02
8.03606e-03
-2.43141e-02
-5.10602e-02
-6.56277e-02
-6.81643e-02
-6.00381e-02
-4.11887e-02
-1.46678e-02
1.45369e-02
4.30887e-02
7.08444e-02
9.39239e-02
1.06953e-01
1.10925e-01
1.11826e-01
1.11929e-01
1.10150e-01
1.04643e-01
9.53166e-02
8.55246e-02
7.71392e-02
7.02545e-02
6.39870e-02
5.72805e-02
4.88712e-02
3.70438e-02
2.08270e-02
1.63317e-03
-1.82117e-02
-3.53532e-02
-4.92054e-02
-5.97193e-02
-6.66078e-02
-6.73748e-02
-6.14932e-02
-4.97576e-02
-3.17024e-02
-9.37547e-03
1.20206e-02
2.87600e-02
3.75125e-02
3.73090e-02
3.13179e-02
2.44222e-02
1.84683e-02
1.08630e-02
-2.29645e-03
-1.88318e-02
-3.02777e-02
-3.01919e-02
-1.86671e-02
-2.99568e-03
7.65489e-03
1.06788e-02
8.12209e-03
3.70217e-03
-1.50302e-03
-5.79946e-03
-8.61382e-03
-1.10562e-02
-1.20637e-02
-8.56701e-03
-4.48293e-05
1.22515e-02
2.57360e-02
3.56262e-02
4.01548e-02
3.92591e-02
3.33008e-02
2.47109e-02
1.56460e-02
6.88475e-03
-1.00680e-04
-1.46690e-03
7.12112e-03
2.49434e-02
4.50423e-02
5.98939e-02
6.83885e-02
7.12653e-02
6.64823e-02
5.16848e-02
3.07034e-02
7.61495e-03
-1.59952e-02
-4.04157e-02
-6.38550e-02
-8.44412e-02
-9.98763e-02
-1.10707e-01
-1.18262e-01
-1.20793e-01
-1.20205e-01
-1.17471e-01
-1.11302e-01
-1.00709e-01
-8.47050e-02
-6.27411e-02
-3.76716e-02
-1.43995e-02
4.54858e-03
1.75691e-02
2.49466e-02
2.84179e-02
2.86876e-02
2.69719e-02
2.42445e-02
1.98522e-02
1.36428e-02
6.78918e-03
5.21013e-04
-4.39742e-03
-8.05372e-03
-1.06293e-02
-1.33566e-02
-1.66592e-02
-1.93115e-02
-2.16220e-02
-2.45978e-02
-2.67378e-02
-2.47340e-02
-1.90813e-02
-1.06828e-02
-1.62781e-03
4.53900e-03
4.22655e-03
-3.24838e-03
-1.54754e-02
-3.05325e-02
-4.52506e-02
-5.64035e-02
-6.39194e-02
-6.91384e-02
-7.17908e-02
-7.25221e-02
-7.13827e-02
-6.58441e-02
-5.41474e-02
-3.61979e-02
-1.60687e-02
2.17691e-04
1.21545e-02
2.17716e-02
2.83540e-02
3.16146e-02
3.25330e-02
3.12274e-02
2.88676e-02
2.62971e-02
2.42390e-02
2.46404e-02
2.88677e-02
3.50946e-02
3.97999e-02
4.12005e-02
4.06844e-02
4.15349e-02
4.36934e-02
4.65152e-02
5.05504e-02
5.53296e-02
5.89845e-02
5.90931e-02
5.57399e-02
5.04959e-02
4.30297e-02
3.44267e-02
2.81760e-02
2.39351e-02
2.09730e-02
1.89635e-02
1.61166e-02
1.32560e-02
1.13926e-02
1.08884e-02
1.15593e-02
1.33047e-02
1.51298e-02
1.64657e-02
1.72108e-02
1.54767e-02
1.14040e-02
6.88185e-03
2.63305e-03
-2.25071e-03
-8.64688e-03
-1.46740e-02
-1.72030e-02
-1.54253e-02
-1.05097e-02
-3.84403e-03
2.08150e-03
4.75627e-03
4.35282e-03
3.22441e-03
3.62591e-03
5.46299e-03
8.69195e-03
1.11383e-02
1.11373e-02
9.18254e-03
7.01244e-03
6.03769e-03
7.56974e-03
1.34220e-02
2.16583e-02
2.87595e-02
3.33954e-02
3.51336e-02
3.29310e-02
2.66549e-02
1.75564e-02
7.32755e-03
-2.70749e-03
-1.22001e-02
-1.98814e-02
-2.58461e-02
-3.01745e-02
-3.34005e-02
-3.57080e-02
-3.58571e-02
-3.44589e-02
-3.00668e-02
-2.20875e-02
-1.25909e-02
-4.16662e-03
2.74810e-05
-1.78406e-03
-8.50051e-03
-1.78150e-02
-2.68686e-02
-3.39785e-02
-4.07595e-02
-4.58828e-02
-4.76443e-02
-4.57812e-02
-4.17282e-02
-3.66922e-02
-3.01310e-02
-2.23582e-02
-1.44406e-02
-6.48308e-03
8.77010e-05
4.33780e-03
7.44234e-03
1.08242e-02
1.32795e-02
1.34857e-02
1.11803e-02
6.84031e-03
1.88797e-03
-9.15344e-04
1.19886e-03
7.69369e-03
1.77964e-02
2.76758e-02
3.39399e-02
3.72385e-02
3.72380e-02
3.33900e-02
2.59971e-02
1.57874e-02
5.04159e-03
-5.05856e-03
-1.44909e-02
-2.15826e-02
-2.64327e-02
-3.01877e-02
-3.28417e-02
-3.43440e-02
-3.51661e-02
-3.68368e-02
-3.94071e-02
-4.11154e-02
-3.92624e-02
-3.25706e-02
-2.16678e-02
-8.56705e-03
4.41765e-03
1.60049e-02
2.58346e-02
3.34735e-02
3.96575e-02
4.37045e-02
4.42779e-02
4.13026e-02
3.58836e-02
3.01813e-02
2.50995e-02
2.12493e-02
1.79795e-02
1.60445e-02
1.51349e-02
1.26475e-02
8.30102e-03
3.33782e-03
-3.61959e-03
-1.11863e-02
-1.66539e-02
-1.77595e-02
-1.51017e-02
-1.01726e-02
-5.01154e-03
-1.75812e-03
8.89795e-04
3.70119e-03
5.03868e-03
4.64675e-03
2.18504e-03
-2.13513e-03
-5.96180e-03
-6.64797e-03
-4.02146e-03
4.19505e-04
3.98208e-03
4.90726e-03
4.66176e-03
4.60697e-03
4.33217e-03
2.78835e-03
-2.47613e-04
-4.10388e-03
-6.08174e-03
-4.26967e-03
1.43800e-04
4.52559e-03
6.86663e-03
6.66168e-03
4.65089e-03
2.27750e-03
6.07681e-04
-3.84666e-04
-1.56443e-03
-2.26707e-03
-1.82162e-03
4.13306e-04
3.89022e-03
7.47407e-03
1.10585e-02
1.28027e-02
1.13240e-02
7.58678e-03
1.44636e-03
-8.78509e-03
-2.07058e-02
-3.07704e-02
-3.95617e-02
-4.78703e-02
-5.41571e-02
-5.69487e-02
-5.67267e-02
-5.43202e-02
-5.04425e-02
-4.55728e-02
-3.93494e-02
-3.19861e-02
-2.47882e-02
-1.94506e-02
-1.41039e-02
-7.38525e-03
-1.63411e-03
2.39159e-03
4.50782e-03
4.82405e-03
3.96070e-03
3.06689e-03
4.15996e-03
7.07721e-03
1.07217e-02
1.36620e-02
1.54253e-02
1.54267e-02
1.35775e-02
1.05723e-02
7.26745e-03
4.83248e-03
1.73791e-03
-4.04277e-03
-1.06932e-02
-1.48973e-02
-1.52001e-02
-1.31044e-02
-1.07297e-02
-8.61046e-03
-6.01090e-03
-2.29400e-03
2.07543e-03
7.58764e-03
1.48362e-02
2.21299e-02
2.89614e-02
3.51235e-02
3.94252e-02
4.14706e-02
4.28470e-02
4.49709e-02
4.66566e-02
4.85332e-02
5.03114e-02
5.03767e-02
4.85576e-02
4.61143e-02
4.38866e-02
4.19129e-02
3.94864e-02
3.52602e-02
2.85529e-02
1.99311e-02
1.12202e-02
4.35495e-03
5.15958e-04
9.75632e-05
1.93109e-03
5.35018e-03
1.04802e-02
1.57407e-02
2.00834e-02
2.19746e-02
1.93218e-02
1.23438e-02
3.40636e-03
-6.11930e-03
-1.23807e-02
-1.32231e-02
-1.10134e-02
-8.40950e-03
-6.16787e-03
-4.52514e-03
-3.91316e-03
-4.29138e-03
-6.34272e-03
-1.07272e-02
-1.75194e-02
-2.56605e-02
-3.32010e-02
-3.85206e-02
-3.97834e-02
-3.69331e-02
-2.98828e-02
-2.00603e-02
-1.09010e-02
-3.60132e-03
2.26226e-03
5.94124e-03
7.98894e-03
1.03078e-02
1.15546e-02
1.06709e-02
7.27732e-03
2.14483e-03
-4.28054e-03
-1.07059e-02
-1.48809e-02
-1.54768e-02
-1.26187e-02
-6.52169e-03
1.90706e-03
1.22258e-02
2.36503e-02
3.25242e-02
3.79354e-02
4.22204e-02
4.52138e-02
4.47726e-02
4.11441e-02
3.52014e-02
2.96004e-02
2.54253e-02
2.01612e-02
1.36103e-02
6.34065e-03
-1.47321e-03
-9.20566e-03
-1.65876e-02
-2.26134e-02
-2.70329e-02
-2.95053e-02
-3.16683e-02
-3.32792e-02
-3.45249e-02
-3.46252e-02
-3.34341e-02
-3.14879e-02
-2.89263e-02
-2.83889e-02
-3.02683e-02
-3.23093e-02
-3.30411e-02
-3.25243e-02
-3.06283e-02
-2.75100e-02
-2.48260e-02
-2.53909e-02
-2.89708e-02
-3.38751e-02
-3.78122e-02
-4.09657e-02
-4.34955e-02
-4.62692e-02
-4.97296e-02
-5.21926e-02
-5.29125e-02
-5.17681e-02
-4.81734e-02
-4.34497e-02
-3.94091e-02
-3.68883e-02
-3.49883e-02
-3.22905e-02
-2.82548e-02
-2.43257e-02
-2.16049e-02
-1.88896e-02
-1.55771e-02
-1.33376e-02
-1.22085e-02
-1.09813e-02
-1.05557e-02
-1.18789e-02
-1.34245e-02
-1.18047e-02
-8.32656e-03
-4.15518e-03
2.33874e-04
4.50408e-03
8.82283e-03
1.37685e-02
1.94288e-02
2.45066e-02
2.85005e-02
3.11878e-02
3.25964e-02
3.28907e-02
3.38878e-02
3.66891e-02
3.94862e-02
4.22371e-02
4.60408e-02
5.04231e-02
5.47854e-02
5.96083e-02
6.56649e-02
7.24331e-02
7.91616e-02
8.51663e-02
9.01133e-02
9.46750e-02
9.82169e-02
9.85254e-02
9.52447e-02
8.85972e-02
7.79542e-02
6.52212e-02
5.07319e-02
3.52550e-02
1.97147e-02
4.81233e-03
-8.77757e-03
-2.12888e-02
-3.32615e-02
-4.50491e-02
-5.52359e-02
-6.26608e-02
-6.55122e-02
-6.38747e-02
-5.81949e-02
-4.80151e-02
-3.51875e-02
-2.17721e-02
-7.80917e-03
6.24127e-03
1.74937e-02
2.47218e-02
2.85149e-02
2.85352e-02
2.45812e-02
1.71405e-02
7.36197e-03
-2.27171e-03
-1.07011e-02
-1.73076e-02
-2.16783e-02
-2.37933e-02
-2.41271e-02
-2.33941e-02
-2.21808e-02
-2.13139e-02
-1.99656e-02
-1.68112e-02
-1.06213e-02
-2.70931e-03
5.10293e-03
1.33923e-02
2.17595e-02
2.90578e-02
3.46637e-02
3.79859e-02
3.92480e-02
3.76471e-02
3.26714e-02
2.46857e-02
1.51340e-02
5.07497e-03
-4.76473e-03
-1.46010e-02
-2.39911e-02
-3.30307e-02
-4.09407e-02
-4.55301e-02
-4.66271e-02
-4.48670e-02
-3.96442e-02
-3.23290e-02
-2.44255e-02
-1.66824e-02
-8.81458e-03
-2.01095e-03
2.49786e-03
4.47795e-03
4.57990e-03
4.67454e-03
6.65858e-03
1.12547e-02
1.77854e-02
2.41904e-02
2.82356e-02
2.94203e-02
2.83859e-02
2.38919e-02
1.58879e-02
6.71131e-03
-1.81274e-03
-9.00628e-03
-1.45982e-02
-1.78074e-02
-1.88131e-02
-1.80588e-02
-1.68766e-02
-1.50821e-02
-1.29282e-02
-1.12774e-02
-1.00440e-02
-8.29671e-03
-7.72060e-03
-9.50924e-03
-1.08051e-02
-1.14784e-02
-1.24095e-02
-1.27263e-02
-1.31961e-02
-1.54901e-02
-1.89870e-02
-2.13500e-02
-2.25479e-02
-2.36584e-02
-2.30770e-02
-2.02553e-02
-1.74218e-02
-1.45937e-02
-1.07179e-02
-6.83383e-03
-4.09141e-03
-1.42832e-03
1.85503e-03
4.63858e-03
6.91032e-03
9.12173e-03
1.07737e-02
1.12615e-02
1.12808e-02
1.13403e-02
1.04335e-02
7.67069e-03
3.78799e-03
-1.33049e-03
-6.86164e-03
-1.25420e-02
-1.76060e-02
-2.15444e-02
-2.37068e-02
-2.41632e-02
-2.36205e-02
-2.19830e-02
-1.91600e-02
-1.50897e-02
-1.11021e-02
-8.35483e-03
-6.23092e-03
-4.15914e-03
-2.49973e-03
-1.28401e-03
1.86377e-05
-1.36771e-05
-2.29723e-03
-5.25897e-03
-7.42249e-03
-1.02018e-02
-1.31290e-02
-1.51695e-02
-1.47998e-02
-1.12266e-02
-5.42374e-03
9.40933e-04
5.86199e-03
1.07171e-02
1.53234e-02
1.97343e-02
2.53699e-02
3.17989e-02
3.57815e-02
3.72768e-02
3.74720e-02
3.74317e-02
3.75117e-02
3.70335e-02
3.54673e-02
3.33418e-02
3.04469e-02
2.59390e-02
2.14139e-02
1.86615e-02
1.54668e-02
1.22323e-02
1.00205e-02
7.30205e-03
4.62648e-03
1.97625e-03
-1.20836e-03
-5.06443e-03
-1.02785e-02
-1.49684e-02
-1.78346e-02
-1.87850e-02
-1.79149e-02
-1.68032e-02
-1.58110e-02
-1.44043e-02
-1.10244e-02
-6.37307e-03
-1.82288e-03
1.90005e-03
5.06022e-03
9.03874e-03
1.30726e-02
1.53367e-02
1.58044e-02
1.57456e-02
1.51453e-02
1.32722e-02
1.13342e-02
1.12805e-02
1.32083e-02
1.52816e-02
1.60131e-02
1.49435e-02
1.16005e-02
6.67425e-03
2.42351e-05
-8.36739e-03
-1.74352e-02
-2.59629e-02
-3.26884e-02
-3.70085e-02
-3.90100e-02
-3.94355e-02
-3.93408e-02
-3.83662e-02
-3.58951e-02
-3.22697e-02
-2.55034e-02
-1.56420e-02
-6.30286e-03
2.84556e-04
4.20740e-03
7.25253e-03
1.12846e-02
1.49338e-02
1.56614e-02
1.37919e-02
1.03164e-02
5.73266e-03
1.18540e-03
-3.54084e-03
-6.39054e-03
-6.38518e-03
-4.44737e-03
-1.52324e-03
1.85508e-03
5.06310e-03
8.41992e-03
1.18124e-02
1.48797e-02
1.60604e-02
1.49000e-02
1.14932e-02
7.15156e-03
1.68601e-03
-6.16927e-03
-1.48137e-02
-2.22194e-02
-2.76223e-02
-3.07311e-02
-3.29906e-02
-3.43536e-02
-3.28564e-02
-2.78836e-02
-2.03389e-02
-1.18336e-02
-2.87742e-03
4.75980e-03
1.16983e-02
1.87541e-02
2.55247e-02
3.24671e-02
3.69711e-02
3.80067e-02
3.72331e-02
3.52705e-02
3.24068e-02
2.96307e-02
2.81592e-02
2.61240e-02
2.27254e-02
1.91769e-02
1.62279e-02
1.51205e-02
1.52277e-02
1.64101e-02
1.87413e-02
2.06198e-02
2.24270e-02
2.29142e-02
2.11005e-02
1.94973e-02
1.78978e-02
1.47980e-02
9.77294e-03
4.21487e-03
-1.98131e-03
-8.74418e-03
-1.49501e-02
-1.92999e-02
-2.19629e-02
-2.41742e-02
-2.54493e-02
-2.43730e-02
-2.14235e-02
-1.73373e-02
-1.33861e-02
-1.00961e-02
-6.80708e-03
-4.12521e-03
-1.97566e-03
1.60938e-04
2.43929e-03
4.64943e-03
6.22494e-03
7.28358e-03
9.02174e-03
1.06914e-02
1.11136e-02
1.14569e-02
1.31775e-02
1.56469e-02
1.73576e-02
1.73703e-02
1.68728e-02
1.64250e-02
1.31453e-02
8.02933e-03
3.38728e-03
-1.66729e-03
-6.08513e-03
-8.98945e-03
-1.06780e-02
-1.05926e-02
-8.71383e-03
-6.26233e-03
-4.50191e-03
-3.99073e-03
-4.04483e-03
-4.58402e-03
-6.15477e-03
-8.40693e-03
-1.13317e-02
-1.47482e-02
-1.70353e-02
-1.81455e-02
-1.88010e-02
-1.78040e-02
-1.49877e-02
-1.03423e-02
-5.15783e-03
-1.23098e-03
2.12559e-03
4.39206e-03
4.95836e-03
3.78559e-03
9.47263e-04
-2.26992e-03
-6.63902e-03
-1.27453e-02
-1.95817e-02
-2.59728e-02
-3.10100e-02
-3.38147e-02
-3.37403e-02
-3.21338e-02
-2.82808e-02
-2.20627e-02
-1.45009e-02
-7.00621e-03
-2.03143e-03
5.66949e-04
2.05864e-03
2.53109e-03
1.99610e-03
7.35924e-04
-4.88836e-04
-1.64381e-03
-1.99578e-03
-2.22646e-03
-4.10675e-03
-8.53430e-03
-1.55020e-02
-2.36195e-02
-3.04008e-02
-3.48861e-02
-3.76243e-02
-3.85866e-02
-3.67612e-02
-3.38453e-02
-3.17125e-02
-2.85568e-02
-2.41085e-02
-1.89524e-02
-1.39220e-02
-1.01453e-02
-6.31284e-03
-2.49354e-03
3.01553e-04
2.52532e-03
4.57429e-03
6.05653e-03
7.49215e-03
1.07915e-02
1.53813e-02
2.00211e-02
2.39357e-02
2.66825e-02
2.84645e-02
2.89482e-02
2.76675e-02
2.51566e-02
2.39792e-02
2.40194e-02
2.41809e-02
2.43752e-02
2.45471e-02
2.34972e-02
2.00493e-02
1.59962e-02
1.26468e-02
9.29912e-03
6.32705e-03
4.51172e-03
5.25403e-03
8.27016e-03
1.06001e-02
1.21592e-02
1.48265e-02
1.76520e-02
2.00054e-02
2.20623e-02
2.36361e-02
2.52355e-02
2.76060e-02
2.92873e-02
3.00051e-02
2.95093e-02
2.80196e-02
2.41056e-02
1.79005e-02
1.10975e-02
4.40540e-03
-2.19182e-03
-8.31182e-03
-1.33068e-02
-1.71784e-02
-1.97775e-02
-2.13210e-02
-2.23458e-02
-2.35768e-02
-2.41552e-02
-2.35499e-02
-2.22426e-02
-2.15898e-02
-2.16120e-02
-2.18484e-02
-2.20874e-02
-2.11836e-02
-1.78293e-02
-1.27083e-02
-6.87466e-03
-1.32883e-03
3.55560e-03
7.25449e-03
1.11822e-02
1.51645e-02
1.75148e-02
1.79648e-02
1.72751e-02
1.56829e-02
1.35133e-02
1.01123e-02
5.44315e-03
1.97232e-03
1.32724e-04
-3.19664e-04
9.63980e-04
4.02954e-03
6.40443e-03
6.98679e-03
6.87441e-03
6.28437e-03
4.61841e-03
2.36963e-03
1.05441e-04
-2.13844e-03
-4.38287e-03
-6.11959e-03
-6.76108e-03
-6.37595e-03
-4.57869e-03
-1.01424e-03
3.18928e-03
4.92914e-03
4.88691e-03
4.13204e-03
2.22460e-03
-1.15089e-04
-1.18787e-03
-5.00560e-04
-4.96433e-04
-1.10249e-03
-1.53637e-06
1.72842e-03
2.37804e-03
2.88276e-03
3.97435e-03
4.48623e-03
4.44866e-03
4.92286e-03
6.11612e-03
6.81601e-03
6.92285e-03
6.34965e-03
4.55577e-03
2.21559e-03
4.32690e-04
-2.34180e-04
-2.31660e-04
1.02171e-03
3.94331e-03
6.17990e-03
7.28849e-03
8.98867e-03
1.06553e-02
1.06095e-02
9.82412e-03
1.03734e-02
1.11880e-02
1.13213e-02
1.01104e-02
7.76238e-03
6.19195e-03
4.17082e-03
5.42656e-04
-4.44647e-03
-1.08740e-02
-1.78612e-02
-2.30851e-02
-2.45951e-02
-2.38564e-02
-2.20504e-02
-1.92443e-02
-1.52103e-02
-1.12093e-02
-8.52857e-03
-6.50355e-03
-4.23070e-03
-1.79264e-03
-6.32048e-04
-1.91638e-03
-3.73404e-03
-4.80076e-03
-6.39594e-03
-8.77380e-03
-1.07706e-02
-1.08161e-02
-8.47463e-03
-4.97261e-03
-1.56195e-03
2.34888e-03
6.18861e-03
8.95716e-03
1.12528e-02
1.31172e-02
1.31896e-02
1.06769e-02
6.91127e-03
4.63111e-03
4.40675e-03
4.14122e-03
2.31458e-03
-6.06905e-05
-1.14642e-03
-1.31632e-03
-3.40583e-03
-6.86597e-03
-1.09783e-02
-1.44415e-02
-1.66482e-02
-1.83555e-02
-1.81585e-02
-1.70050e-02
-1.57867e-02
-1.48309e-02
-1.32150e-02
-1.08844e-02
-8.50251e-03
-6.88395e-03
-6.45181e-03
-5.97288e-03
-4.86142e-03
-4.31809e-03
-3.92332e-03
-2.79644e-03
-1.01143e-03
9.24802e-04
9.30482e-04
-2.07791e-04
-2.10740e-03
-4.45168e-03
-6.27936e-03
-6.79494e-03
-6.07788e-03
-4.78309e-03
-4.17992e-03
-4.18154e-03
-4.32543e-03
-4.86542e-03
-5.45986e-03
-5.41198e-03
-5.94297e-03
-6.43093e-03
-6.98670e-03
-8.14859e-03
-9.29941e-03
-1.03996e-02
-1.08753e-02
-1.14773e-02
-1.26393e-02
-1.27749e-02
-1.17411e-02
-1.01693e-02
-6.88420e-03
-1.94137e-03
4.25227e-03
1.09887e-02
1.77668e-02
2.39398e-02
2.83767e-02
3.10104e-02
3.25166e-02
3.30474e-02
3.30989e-02
3.24373e-02
3.06363e-02
2.90012e-02
2.85058e-02
2.74976e-02
2.52261e-02
2.36203e-02
2.20981e-02
1.95168e-02
1.54787e-02
1.08625e-02
6.93654e-03
4.19730e-03
1.96067e-03
3.29804e-04
3.83833e-04
1.24362e-03
1.31704e-03
7.90477e-04
-9.75648e-04
-2.52513e-03
-4.70970e-03
-8.12275e-03
-1.16093e-02
-1.45085e-02
-1.56552e-02
-1.57445e-02
-1.45555e-02
-1.10233e-02
-6.93548e-03
-4.15948e-03
-2.13965e-03
7.25339e-05
2.45309e-03
3.71459e-03
2.68694e-03
4.36811e-04
-3.07083e-03
-8.31174e-03
-1.28830e-02
-1.52270e-02
-1.62072e-02
-1.62181e-02
-1.39742e-02
-1.06499e-02
-6.56080e-03
-1.99480e-03
1.99625e-03
4.24674e-03
4.83603e-03
4.29542e-03
1.91563e-03
-2.20516e-03
-5.83455e-03
-7.47027e-03
-7.91537e-03
-7.22187e-03
-6.15569e-03
-4.41123e-03
-2.16525e-03
-2.97444e-04
8.39527e-04
1.23096e-03
3.69509e-04
3.24355e-04
2.13729e-03
4.02893e-03
4.54625e-03
4.44474e-03
4.59372e-03
4.30262e-03
1.67550e-03
-3.52483e-03
-9.35836e-03
-1.50842e-02
-1.94982e-02
-2.22355e-02
-2.38380e-02
-2.39164e-02
-2.23887e-02
-1.91235e-02
-1.33987e-02
-6.42572e-03
-3.43661e-05
4.31724e-03
6.37541e-03
7.33774e-03
7.93451e-03
6.90080e-03
4.64961e-03
1.65925e-03
-1.83856e-03
-4.19663e-03
-4.84089e-03
-4.15814e-03
-1.75315e-03
1.61403e-03
4.31280e-03
7.08585e-03
1.10348e-02
1.45151e-02
1.60781e-02
1.70585e-02
1.80759e-02
1.91979e-02
1.96214e-02
2.01384e-02
2.18816e-02
2.36775e-02
2.42477e-02
2.41972e-02
2.41932e-02
2.37005e-02
2.20543e-02
1.98689e-02
1.75740e-02
1.46849e-02
1.16927e-02
1.05747e-02
1.12288e-02
1.26077e-02
1.37654e-02
1.48745e-02
1.54163e-02
1.55373e-02
1.51157e-02
1.33530e-02
1.03358e-02
7.32439e-03
6.33374e-03
6.50774e-03
6.17917e-03
5.14375e-03
4.05124e-03
1.77582e-03
-1.64980e-03
-4.47859e-03
-6.65167e-03
-8.79931e-03
-1.09931e-02
-1.26735e-02
-1.37577e-02
-1.49414e-02
-1.54962e-02
-1.49727e-02
-1.37091e-02
-1.25420e-02
-1.13759e-02
-1.07780e-02
-1.07160e-02
-1.13647e-02
-1.30952e-02
-1.47625e-02
-1.58473e-02
-1.75513e-02
-1.93625e-02
-1.99794e-02
-1.93240e-02
-1.80095e-02
-1.70072e-02
-1.60052e-02
-1.44468e-02
-1.15298e-02
-8.66082e-03
-6.44387e-03
-4.47645e-03
-2.37184e-03
5.21015e-04
4.05138e-03
6.33183e-03
6.82105e-03
6.73250e-03
6.25319e-03
4.60515e-03
1.77479e-03
-1.62797e-03
-4.47871e-03
-7.29830e-03
-1.00151e-02
-1.10614e-02
-1.16507e-02
-1.27371e-02
-1.26538e-02
-1.14249e-02
-1.13209e-02
-1.24483e-02
-1.31217e-02
-1.37998e-02
-1.49838e-02
-1.49685e-02
-1.33183e-02
-1.16473e-02
-1.00373e-02
-6.68040e-03
-2.70134e-03
2.09846e-04
2.47495e-03
4.16635e-03
4.17566e-03
2.41013e-03
4.69423e-05
-2.29102e-03
-4.55651e-03
-6.23944e-03
-6.72651e-03
-6.61941e-03
-6.53610e-03
-6.53151e-03
-6.56995e-03
-6.64140e-03
-6.64823e-03
-6.11663e-03
-5.02845e-03
-4.01270e-03
-2.28701e-03
4.26489e-04
3.26740e-03
5.51056e-03
8.41718e-03
1.06277e-02
1.10752e-02
1.09570e-02
1.14549e-02
1.21109e-02
1.15836e-02
1.10673e-02
1.05202e-02
8.90140e-03
6.62957e-03
4.33091e-03
2.14366e-03
1.79687e-05
-2.12324e-03
-4.41324e-03
-6.81971e-03
-8.53898e-03
-8.40971e-03
-7.15604e-03
-6.58112e-03
-6.07041e-03
-4.49954e-03
-2.79951e-03
-1.55072e-03
1.75784e-04
1.27001e-03
6.42500e-04
6.03981e-05
-5.35372e-05
-6.58347e-04
-1.34963e-03
-2.34336e-04
2.00622e-03
4.24373e-03
6.93032e-03
1.08457e-02
1.50003e-02
1.80289e-02
1.92152e-02
1.78009e-02
1.47879e-02
1.18811e-02
1.03101e-02
8.58274e-03
6.81637e-03
6.77141e-03
8.58489e-03
1.05182e-02
1.16901e-02
1.23690e-02
1.17959e-02
1.00382e-02
6.94570e-03
4.60526e-03
4.11935e-03
4.35850e-03
4.45633e-03
4.31397e-03
4.24292e-03
4.83526e-03
6.07160e-03
6.67329e-03
6.68525e-03
6.59398e-03
6.41156e-03
6.28914e-03
7.36781e-03
1.02800e-02
1.31606e-02
1.54805e-02
1.76767e-02
1.93253e-02
1.97885e-02
1.97630e-02
1.98718e-02
1.94577e-02
1.72766e-02
1.37612e-02
1.02892e-02
6.95217e-03
4.34757e-03
2.12277e-03
-2.25724e-04
-2.00759e-03
-1.89750e-03
-4.42424e-04
2.73161e-04
-4.01940e-04
-1.75968e-03
-2.28642e-03
-2.16837e-03
-2.58062e-03
-3.77699e-03
-4.92455e-03
-6.07331e-03
-7.06461e-03
-8.24096e-03
-9.35844e-03
-1.04524e-02
-1.09088e-02
-1.14644e-02
-1.27008e-02
-1.33324e-02
-1.27933e-02
-1.15088e-02
-1.04041e-02
-9.26928e-03
-8.18722e-03
-7.00225e-03
-6.47253e-03
-6.48491e-03
-6.54423e-03
-6.64587e-03
-6.73552e-03
-6.20640e-03
-4.47311e-03
-2.60952e-03
-1.41721e-03
-8.39484e-04
-1.53336e-03
-2.65046e-03
-3.89957e-03
-4.99266e-03
-6.06717e-03
-6.54325e-03
-7.08567e-03
-8.25615e-03
-8.91099e-03
-8.89502e-03
-8.30968e-03
-7.25049e-03
-6.17179e-03
-3.95876e-03
-1.06939e-03
1.16515e-03
3.42534e-03
5.02385e-03
6.26511e-03
6.73505e-03
6.14836e-03
4.98154e-03
4.00071e-03
2.38293e-03
-3.99370e-04
-3.87337e-03
-6.72180e-03
-8.97136e-03
-1.06744e-02
-1.11925e-02
-1.05346e-02
-9.21287e-03
-8.53508e-03
-8.57802e-03
-9.27032e-03
-1.04371e-02
-1.09644e-02
-1.14166e-02
-1.24937e-02
-1.36614e-02
-1.49662e-02
-1.55852e-02
-1.50505e-02
-1.32585e-02
-1.09740e-02
-8.75507e-03
-6.53306e-03
-4.23413e-03
-2.42531e-03
-1.92910e-03
-2.63903e-03
-3.86243e-03
-4.39523e-03
-4.89364e-03
-6.03565e-03
-6.73137e-03
-6.78041e-03
-6.08566e-03
-4.77461e-03
-4.17423e-03
-4.69972e-03
-5.90597e-03
-7.12096e-03
-8.86553e-03
-1.03769e-02
-1.08565e-02
-1.20094e-02
-1.44003e-02
-1.51154e-02
-1.39465e-02
-1.26026e-02
-1.08521e-02
-9.21963e-03
-8.19876e-03
-7.12593e-03
-5.98912e-03
-4.69167e-03
-4.22775e-03
-4.90911e-03
-5.61228e-03
-4.97534e-03
-4.35473e-03
-4.32715e-03
-4.03125e-03
-2.98563e-03
-1.19526e-03
1.75909e-03
3.96822e-03
4.95546e-03
6.47460e-03
8.64382e-03
1.08951e-02
1.31584e-02
1.58521e-02
1.86034e-02
2.07427e-02
2.36229e-02
2.64416e-02
2.81685e-02
2.86367e-02
2.86510e-02
2.82275e-02
2.64663e-02
2.34560e-02
2.05345e-02
1.96062e-02
1.92076e-02
1.75686e-02
1.58137e-02
1.52223e-02
1.47682e-02
1.37205e-02
1.31269e-02
1.26306e-02
1.16298e-02
1.05300e-02
8.73469e-03
6.88684e-03
6.20170e-03
6.87572e-03
8.81516e-03
1.06294e-02
1.11208e-02
1.09613e-02
1.09707e-02
1.11337e-02
1.06063e-02
8.76722e-03
6.92926e-03
6.40479e-03
6.55982e-03
6.56035e-03
6.41414e-03
6.95601e-03
8.74886e-03
1.05004e-02
1.11282e-02
1.16206e-02
1.21224e-02
1.14855e-02
1.09876e-02
1.10475e-02
1.05839e-02
8.85520e-03
7.01811e-03
5.93581e-03
4.98749e-03
4.04398e-03
2.26325e-03
-1.01500e-04
-1.85813e-03
-2.30671e-03
-2.24426e-03
-2.30975e-03
-1.87421e-03
-1.04452e-04
2.32585e-03
4.09921e-03
4.53659e-03
4.46589e-03
4.51218e-03
4.08059e-03
2.38170e-03
-3.21632e-06
-2.27054e-03
-3.90105e-03
-5.02399e-03
-6.28283e-03
-6.34082e-03
-4.53549e-03
-2.06609e-03
-2.72338e-04
2.70804e-04
2.17179e-04
-4.48489e-04
-2.11819e-03
-3.72329e-03
-4.88868e-03
-7.10032e-03
-9.43081e-03
-1.00380e-02
-1.05829e-02
-1.04878e-02
-9.33480e-03
-8.19176e-03
-7.10148e-03
-6.12950e-03
-4.42864e-03
-2.18579e-03
-3.29185e-04
8.57323e-04
1.38218e-03
1.61658e-04
-1.59606e-03
-2.76718e-03
-4.30273e-03
-5.92478e-03
-7.58524e-03
-9.89590e-03
-1.15855e-02
-1.28209e-02
-1.32737e-02
-1.27266e-02
-1.15507e-02
-1.04086e-02
-8.73409e-03
-7.03947e-03
-5.89249e-03
-4.76937e-03
-4.27722e-03
-4.29021e-03
-4.33928e-03
-4.37607e-03
-4.44461e-03
-4.38426e-03
-3.77294e-03
-3.13071e-03
-3.70119e-03
-4.30803e-03
-4.86018e-03
-5.89924e-03
-7.02304e-03
-8.72655e-03
-1.03685e-02
-1.15150e-02
-1.31213e-02
-1.46411e-02
-1.57236e-02
-1.79514e-02
-2.08754e-02
-2.26084e-02
-2.36743e-02
-2.41429e-02
-2.42350e-02
-2.37437e-02
-2.20183e-02
-1.96257e-02
-1.73441e-02
-1.57867e-02
-1.47787e-02
-1.30676e-02
-1.13091e-02
-1.07301e-02
-1.08411e-02
-1.09535e-02
-1.09493e-02
-1.09099e-02
-1.08699e-02
-1.08741e-02
-1.10093e-02
-1.11046e-02
-1.04285e-02
-8.66496e-03
-7.56317e-03
-7.68595e-03
-6.59969e-03
-4.85150e-03
-4.13889e-03
-4.15834e-03
-4.37519e-03
-4.96628e-03
-5.45965e-03
-4.87791e-03
-4.95417e-03
-5.55977e-03
-4.51601e-03
-2.80279e-03
-1.58037e-03
7.31563e-05
1.77258e-03
2.81395e-03
3.72573e-03
4.76560e-03
7.14287e-03
1.00238e-02
1.11727e-02
1.16955e-02
1.26422e-02
1.26204e-02
1.21005e-02
1.26864e-02
1.26992e-02
1.15474e-02
1.08947e-02
1.08970e-02
1.09340e-02
1.08967e-02
1.13782e-02
1.26180e-02
1.37980e-02
1.48041e-02
1.52260e-02
1.63649e-02
1.87452e-02
1.99402e-02
1.99539e-02
1.97834e-02
1.92696e-02
1.81952e-02
1.70636e-02
1.53635e-02
1.36733e-02
1.25296e-02
1.13723e-02
1.08555e-02
1.09901e-02
1.12030e-02
1.06476e-02
8.76586e-03
6.93374e-03
6.48573e-03
6.69507e-03
6.19907e-03
4.84220e-03
4.16457e-03
4.80190e-03
6.17633e-03
6.79785e-03
6.62260e-03
6.40311e-03
6.96334e-03
8.75682e-03
1.05192e-02
1.15457e-02
1.26785e-02
1.38879e-02
1.46350e-02
1.34459e-02
1.10635e-02
8.72378e-03
6.66176e-03
4.55868e-03
1.73721e-03
-1.70778e-03
-4.08691e-03
-5.22140e-03
-5.65779e-03
-4.43862e-03
-2.75730e-03
-1.59919e-03
1.16443e-04
1.89249e-03
2.48551e-03
1.87659e-03
6.69968e-04
-4.28979e-04
-2.12487e-03
-4.24413e-03
-5.97903e-03
-7.71206e-03
-9.99183e-03
-1.08801e-02
-1.08528e-02
-1.20152e-02
-1.39085e-02
-1.33115e-02
-1.14188e-02
-1.06800e-02
-1.07856e-02
-1.08613e-02
-1.08357e-02
-1.13568e-02
-1.24956e-02
-1.31549e-02
-1.37252e-02
-1.42752e-02
-1.37321e-02
-1.31622e-02
-1.24829e-02
-1.13182e-02
-1.08558e-02
-1.09880e-02
-1.05235e-02
-8.78347e-03
-6.97556e-03
-5.87895e-03
-4.79958e-03
-3.83168e-03
-2.77551e-03
-1.67999e-03
1.96939e-04
1.97026e-03
1.95629e-03
6.71570e-04
-7.88443e-05
-5.59664e-04
-1.03023e-03
-9.72790e-04
-1.61188e-03
-2.16412e-03
-2.21069e-03
-2.11159e-03
-2.06151e-03
-2.16374e-03
-2.30991e-03
-1.82252e-03
-3.13156e-05
2.28871e-03
4.03234e-03
5.09366e-03
6.23338e-03
6.73957e-03
6.55917e-03
6.41075e-03
7.49244e-03
9.91785e-03
1.16913e-02
1.29280e-02
1.34343e-02
1.28964e-02
1.11522e-02
8.89887e-03
6.63148e-03
4.29004e-03
2.06575e-03
9.85871e-04
1.14507e-03
6.24614e-04
6.88398e-05
-1.80885e-05
4.86008e-05
1.19764e-04
1.22067e-04
1.84254e-06
-1.30566e-04
4.57125e-04
2.27923e-03
4.01537e-03
4.53704e-03
4.98922e-03
6.09106e-03
6.71454e-03
6.80713e-03
6.74847e-03
6.14008e-03
4.93424e-03
4.34009e-03
4.35218e-03
4.45975e-03
4.56049e-03
4.54588e-03
3.95327e-03
2.82305e-03
2.26783e-03
1.70625e-03
5.72874e-04
9.05937e-06
1.75936e-05
3.07092e-05
-3.44710e-07
5.03520e-04
1.70702e-03
2.80044e-03
3.88865e-03
4.94050e-03
6.63391e-03
8.34299e-03
9.44688e-03
1.05834e-02
1.12475e-02
1.12801e-02
1.00988e-02
7.74559e-03
6.11856e-03
4.48099e-03
2.29776e-03
1.74810e-05
-1.69476e-03
-2.74576e-03
-3.82265e-03
-4.34782e-03
-4.43305e-03
-4.40072e-03
-3.77808e-03
-2.56034e-03
-2.01716e-03
-2.10047e-03
-1.77559e-03
-6.36260e-04
1.08984e-03
3.51211e-03
5.16280e-03
6.21254e-03
6.68414e-03
7.28097e-03
7.93465e-03
7.29588e-03
6.19815e-03
5.10497e-03
4.06204e-03
1.81374e-03
-1.03419e-03
-2.74594e-03
-4.42491e-03
-6.05359e-03
-6.61729e-03
-6.53396e-03
-6.43007e-03
-6.44311e-03
-6.49807e-03
-6.49583e-03
-6.38458e-03
-6.33783e-03
-6.94118e-03
-8.20709e-03
-8.78911e-03
-8.64442e-03
-8.51247e-03
-9.13413e-03
-1.03904e-02
-1.08766e-02
-1.07690e-02
-1.13078e-02
-1.26508e-02
-1.31839e-02
-1.24208e-02
-1.17175e-02
-1.29838e-02
-1.43561e-02
-1.38061e-02
-1.25847e-02
-1.13591e-02
-1.03216e-02
-8.65951e-03
-6.97381e-03
-5.87437e-03
-4.69926e-03
-3.67416e-03
-3.09990e-03
-3.20703e-03
-2.60567e-03
-2.05635e-03
-2.02864e-03
-2.08768e-03
-2.02031e-03
-1.96221e-03
-2.54911e-03
-3.78751e-03
-4.39188e-03
-4.34263e-03
-4.21929e-03
-4.22654e-03
-4.35286e-03
-4.36318e-03
-3.74333e-03
-2.60882e-03
-2.15286e-03
-1.63565e-03
9.42955e-05
1.91875e-03
2.50567e-03
2.37977e-03
2.25925e-03
2.25338e-03
2.30115e-03
2.39857e-03
2.39688e-03
1.80329e-03
6.71253e-04
1.41270e-04
-4.20490e-04
-1.63194e-03
-2.26345e-03
-1.72948e-03
-4.45370e-04
6.78949e-04
1.80545e-03
2.82621e-03
3.99919e-03
5.01748e-03
6.07361e-03
7.14952e-03
8.93341e-03
1.06888e-02
1.12427e-02
1.11396e-02
1.10332e-02
1.10175e-02
1.10272e-02
1.11397e-02
1.12642e-02
1.07034e-02
8.87520e-03
7.07115e-03
6.51137e-03
6.57806e-03
6.63364e-03
7.11978e-03
8.28983e-03
9.47197e-03
1.06249e-02
1.11385e-02
1.12626e-02
1.12741e-02
1.01554e-02
7.75292e-03
6.04803e-03
4.93312e-03
3.99969e-03
2.84497e-03
1.80754e-03
7.38776e-04
-3.57225e-04
-2.12436e-03
-3.78964e-03
-4.32755e-03
-4.80656e-03
-5.84089e-03
-6.41200e-03
-6.97287e-03
-8.11807e-03
-8.77070e-03
-8.80238e-03
-8.18964e-03
-6.98417e-03
-5.88961e-03
-4.75296e-03
-3.74559e-03
-2.57104e-03
-1.46361e-03
-3.63754e-04
1.49803e-04
6.92472e-04
1.74680e-03
2.27986e-03
2.89329e-03
4.10269e-03
4.63354e-03
4.05147e-03
3.35062e-03
3.48182e-03
3.00861e-03
1.91449e-03
1.57509e-04
-1.51083e-03
-2.68754e-03
-4.34123e-03
-5.42994e-03
-5.34263e-03
-5.88456e-03
-6.50990e-03
-6.59920e-03
-5.95050e-03
-4.75121e-03
-4.19393e-03
-3.74410e-03
-2.71794e-03
-1.58059e-03
1.33932e-04
1.84005e-03
3.00519e-03
4.11979e-03
4.51703e-03
4.45542e-03
4.98163e-03
6.21187e-03
6.82617e-03
6.79148e-03
6.68923e-03
6.67920e-03
6.70670e-03
6.71334e-03
6.71101e-03
6.71068e-03
6.70690e-03
6.68844e-03
6.69626e-03
6.76933e-03
6.78867e-03
6.27448e-03
5.15384e-03
4.08349e-03
2.41453e-03
2.19876e-04
-2.06587e-03
-4.30648e-03
-6.43273e-03
-8.14920e-03
-9.75543e-03
-1.14807e-02
-1.19771e-02
-1.25522e-02
-1.29252e-02
-1.29267e-02
-1.34483e-02
-1.46468e-02
-1.53588e-02
-1.54303e-02
-1.47649e-02
-1.30267e-02
-1.13325e-02
-1.02109e-02
-8.61358e-03
-6.99538e-03
-5.87284e-03
-4.24556e-03
-2.55480e-03
-1.39069e-03
-2.73390e-04
1.98881e-04
2.06572e-04
2.25149e-04
1.59082e-04
-4.43865e-04
-1.06014e-03
-4.58252e-04
8.28334e-05
2.04877e-04
7.44344e-04
1.34440e-03
7.30734e-04
1.36031e-04
6.82770e-05
5.68804e-05
4.83171e-05
6.18328e-04
1.85009e-03
2.47502e-03
2.42933e-03
2.22609e-03
2.18520e-03
2.83520e-03
4.06963e-03
4.55970e-03
4.47687e-03
4.97813e-03
6.21172e-03
6.82692e-03
6.76902e-03
6.67654e-03
6.76177e-03
6.80719e-03
6.21914e-03
5.04889e-03
4.49936e-03
4.04845e-03
2.94530e-03
1.73517e-03
5.17921e-04
1.13781e-04
2.03946e-04
-3.15148e-04
-1.54972e-03
-2.16848e-03
-2.13850e-03
-2.03710e-03
-2.01145e-03
-2.01502e-03
-2.06452e-03
-2.17450e-03
-2.09876e-03
-1.37429e-03
-7.20155e-04
-1.94300e-03
-3.72012e-03
-4.36317e-03
-4.82165e-03
-5.82521e-03
-6.39586e-03
-6.98605e-03
-8.12615e-03
-8.71435e-03
-8.72308e-03
-8.60117e-03
-8.49533e-03
-8.55967e-03
-9.20634e-03
-9.91026e-03
-9.29033e-03
-8.16534e-03
-6.98585e-03
-5.92664e-03
-4.24476e-03
-2.54295e-03
-1.47838e-03
-3.70791e-04
7.01975e-04
1.81969e-03
2.33629e-03
2.88063e-03
3.93754e-03
4.48412e-03
5.06334e-03
6.21454e-03
6.81955e-03
6.76851e-03
6.58663e-03
6.63329e-03
7.29250e-03
7.93777e-03
7.29350e-03
6.65408e-03
6.60078e-03
6.69220e-03
6.71712e-03
6.67529e-03
6.70112e-03
6.78427e-03
6.72112e-03
6.10040e-03
5.51233e-03
6.12599e-03
6.56494e-03
6.57987e-03
7.70003e-03
1.00268e-02
1.10995e-02
1.15914e-02
1.32321e-02
1.50380e-02
1.56177e-02
1.54810e-02
1.54742e-02
1.55935e-02
1.50458e-02
1.32993e-02
1.16102e-02
1.05896e-02
8.91412e-03
6.59405e-03
4.85765e-03
4.42190e-03
4.06485e-03
2.91660e-03
1.68900e-03
5.94769e-04
2.30888e-04
-3.70399e-04
-2.16693e-03
-3.40588e-03
-2.74645e-03
-2.01273e-03
-1.94346e-03
-2.08269e-03
-2.12036e-03
-2.02387e-03
-1.96987e-03
-2.48456e-03
-3.65760e-03
-4.78452e-03
-6.03587e-03
-7.07177e-03
-7.61939e-03
-7.48053e-03
-8.09395e-03
-8.74390e-03
-8.80953e-03
-8.15430e-03
-6.99153e-03
-6.45429e-03
-5.89481e-03
-4.73765e-03
-4.18072e-03
-4.28448e-03
-4.31774e-03
-3.69689e-03
-3.03335e-03
-3.66733e-03
-4.30745e-03
-4.36748e-03
-4.27062e-03
-4.24110e-03
-4.29016e-03
-4.29529e-03
-4.19582e-03
-4.15048e-03
-4.74538e-03
-5.98522e-03
-6.58818e-03
-6.54292e-03
-6.41711e-03
-6.41202e-03
-6.53933e-03
-6.59692e-03
-6.01457e-03
-4.73538e-03
-4.05904e-03
-4.18312e-03
-4.90436e-03
-5.45455e-03
-4.77582e-03
-4.73454e-03
-5.83349e-03
-6.44854e-03
-6.96008e-03
-8.15566e-03
-9.33157e-03
-9.86947e-03
-9.20221e-03
-9.19284e-03
-9.80106e-03
-9.25134e-03
-8.62571e-03
-8.55371e-03
-8.72809e-03
-8.77643e-03
-8.17299e-03
-7.02281e-03
-6.47200e-03
-5.92512e-03
-4.78381e-03
-4.16771e-03
-4.18719e-03
-4.37737e-03
-4.42985e-03
-3.81396e-03
-2.57712e-03
-1.97878e-03
-1.99943e-03
-2.10482e-03
-2.20427e-03
-2.19906e-03
-1.62701e-03
-4.58926e-04
1.80301e-04
6.74053e-04
1.17911e-03
1.15067e-03
1.77573e-03
2.24161e-03
2.24054e-03
2.68393e-03
3.86907e-03
5.03318e-03
6.14630e-03
6.73807e-03
7.33713e-03
7.79645e-03
7.01857e-03
6.98695e-03
8.75716e-03
1.06033e-02
1.11413e-02
1.14848e-02
1.25708e-02
1.37806e-02
1.49777e-02
1.54641e-02
1.55226e-02
1.55738e-02
1.49624e-02
1.31716e-02
1.15390e-02
1.10559e-02
9.99741e-03
7.63924e-03
6.43282e-03
6.47159e-03
6.63849e-03
6.67134e-03
6.71625e-03
6.74138e-03
6.15344e-03
4.92721e-03
4.32831e-03
4.36683e-03
4.46296e-03
4.47140e-03
4.44098e-03
4.44018e-03
4.44831e-03
4.44608e-03
4.41422e-03
4.42640e-03
4.52802e-03
4.56190e-03
3.93571e-03
2.71238e-03
2.21733e-03
2.29387e-03
1.77279e-03
5.51366e-04
-1.50878e-06
7.13293e-05
-3.39987e-04
-1.49671e-03
-2.65107e-03
-3.89803e-03
-4.93013e-03
-5.51018e-03
-5.40772e-03
-5.90225e-03
-6.35812e-03
-6.98788e-03
-8.64636e-03
-1.03057e-02
-1.14353e-02
-1.31370e-02
-1.48707e-02
-1.54429e-02
-1.53153e-02
-1.51873e-02
-1.52767e-02
-1.54297e-02
-1.49783e-02
-1.32496e-02
-1.08683e-02
-8.58010e-03
-6.92774e-03
-5.88575e-03
-4.77432e-03
-4.24441e-03
-4.23619e-03
-4.31731e-03
-4.42663e-03
-4.44457e-03
-3.84612e-03
-2.61319e-03
-2.02166e-03
-2.05786e-03
-2.16074e-03
-2.17127e-03
-2.14185e-03
-2.11130e-03
-2.12315e-03
-2.20337e-03
-2.24351e-03
-1.71628e-03
-5.28092e-04
5.59574e-04
1.70996e-03
2.81337e-03
4.02860e-03
4.53735e-03
4.38001e-03
4.29650e-03
4.95357e-03
6.15782e-03
6.19800e-03
5.55621e-03
5.57034e-03
5.00718e-03
3.99835e-03
2.75956e-03
1.64808e-03
4.74538e-04
-1.09326e-04
-1.12002e-04
4.59771e-04
1.65320e-03
2.79738e-03
4.00387e-03
4.59641e-03
4.56331e-03
3.90194e-03
2.76442e-03
2.23625e-03
1.67980e-03
5.22107e-04
-8.37692e-05
-8.34091e-06
1.67481e-04
2.21919e-05
-6.74802e-04
-7.25742e-04
1.14937e-03
2.37790e-03
2.40368e-03
2.24032e-03
2.18918e-03
2.13955e-03
2.11802e-03
2.70747e-03
3.93320e-03
4.52874e-03
4.48921e-03
4.39466e-03
4.39406e-03
4.41819e-03
4.39183e-03
4.37508e-03
4.47974e-03
4.59039e-03
4.00835e-03
2.25680e-03
5.70101e-04
-4.43670e-04
-2.09659e-03
-4.41435e-03
-6.22954e-03
-6.72893e-03
-6.58211e-03
-6.46265e-03
-6.47475e-03
-6.60972e-03
-6.71643e-03
-6.13726e-03
-4.40443e-03
-2.68602e-03
-1.58193e-03
1.08580e-05
1.69447e-03
2.86913e-03
4.00944e-03
4.49679e-03
4.43387e-03
4.35036e-03
4.45805e-03
4.60543e-03
4.02442e-03
2.20424e-03
4.84082e-04
-5.67509e-05
-5.72303e-04
-1.65528e-03
-1.76357e-03
-1.14965e-03
-9.97497e-04
-3.39656e-04
-4.26994e-04
-1.62183e-03
-2.27357e-03
-2.24117e-03
-2.13349e-03
-2.18323e-03
-2.22926e-03
-1.75427e-03
-6.56556e-04
5.05289e-04
2.32346e-03
4.04780e-03
4.49936e-03
4.34766e-03
4.83352e-03
6.08529e-03
6.74386e-03
6.72689e-03
6.51202e-03
6.36697e-03
6.95508e-03
8.79083e-03
1.05972e-02
1.11548e-02
1.10808e-02
1.09992e-02
1.05365e-02
9.46762e-03
8.28496e-03
6.48663e-03
4.85680e-03
4.37772e-03
3.88580e-03
2.65059e-03
1.99933e-03
2.60810e-03
3.94514e-03
4.55033e-03
4.45828e-03
4.35874e-03
4.45389e-03
4.52615e-03
3.93724e-03
2.69188e-03
2.08655e-03
2.13393e-03
2.26109e-03
2.26157e-03
2.13430e-03
2.08909e-03
2.68953e-03
3.92915e-03
4.52300e-03
4.48303e-03
4.38437e-03
4.37756e-03
4.40379e-03
4.40803e-03
4.40601e-03
4.41099e-03
4.40999e-03
4.37596e-03
4.36068e-03
4.47161e-03
4.60207e-03
4.01721e-03
2.19815e-03
4.71441e-04
-5.26437e-05
-5.37329e-04
-1.65788e-03
-2.17319e-03
-2.13298e-03
-2.63529e-03
-3.84785e-03
-4.44141e-03
-4.41960e-03
-4.41116e-03
-4.43341e-03
-3.87372e-03
-2.67400e-03
-2.06233e-03
-1.99345e-03
-2.06206e-03
-2.69059e-03
-3.88689e-03
-4.37903e-03
-4.32866e-03
-4.88793e-03
-6.05644e-03
-6.64350e-03
-7.12146e-03
-8.23297e-03
-9.41780e-03
-1.06192e-02
-1.11120e-02
-1.11629e-02
-1.11972e-02
-1.06488e-02
-8.94212e-03
-7.15653e-03
-5.99790e-03
-4.89597e-03
-4.41642e-03
-4.45875e-03
-4.50849e-03
-4.42050e-03
-4.38678e-03
-4.96252e-03
-6.08721e-03
-6.63726e-03
-7.17908e-03
-8.28251e-03
-8.82572e-03
-8.81655e-03
-8.79195e-03
-8.73938e-03
-8.14397e-03
-7.10796e-03
-6.63854e-03
-5.52202e-03
-2.68451e-03
-3.59208e-04
7.66448e-04
1.82331e-03
2.33624e-03
1.85168e-03
6.22117e-04
-5.53973e-04
-1.68795e-03
-2.13036e-03
-2.08796e-03
-2.12073e-03
-2.11553e-03
-1.48715e-03
-3.30351e-04
-2.58774e-04
-8.67729e-04
-9.33933e-04
-1.50784e-03
-1.91486e-03
-1.89741e-03
-2.30110e-03
-3.40481e-03
-4.53452e-03
-5.64464e-03
-6.06139e-03
-5.98222e-03
-5.94446e-03
-5.91782e-03
-5.40783e-03
-4.32135e-03
-3.29358e-03
-1.68235e-03
4.74215e-04
2.61450e-03
4.17854e-03
5.14408e-03
6.16201e-03
6.61888e-03
6.56436e-03
6.44145e-03
6.42066e-03
6.49520e-03
6.46312e-03
5.84554e-03
4.80562e-03
4.42031e-03
3.88286e-03
1.80583e-03
-4.00252e-04
-8.92899e-04
-1.27685e-03
-1.58515e-03
-1.67463e-03
-2.10851e-03
-2.59682e-03
-2.53648e-03
-3.04527e-03
-3.48794e-03
-3.49390e-03
-3.40115e-03
-3.34248e-03
-3.32081e-03
-3.27844e-03
-3.22207e-03
-3.20909e-03
-3.24787e-03
-3.15490e-03
-2.57398e-03
-1.99309e-03
-2.49982e-03
-2.98043e-03
-3.00233e-03
-2.96688e-03
-2.90014e-03
-2.35391e-03
-1.36333e-03
-9.57843e-04
-5.53366e-04
8.90219e-04
2.82133e-03
4.18972e-03
4.95071e-03
6.26621e-03
8.01782e-03
9.31956e-03
1.01502e-02
1.14194e-02
1.22395e-02
1.16638e-02
1.09858e-02
1.03380e-02
9.43856e-03
8.96857e-03
8.35676e-03
6.96786e-03
6.02697e-03
5.95639e-03
5.02845e-03
4.08565e-03
4.38144e-03
4.74244e-03
5.17378e-03
6.41420e-03
7.66940e-03
7.96796e-03
7.75198e-03
7.64167e-03
7.64021e-03
7.12335e-03
5.67479e-03
4.29209e-03
3.84465e-03
3.51484e-03
2.66372e-03
1.73920e-03
8.21214e-04
4.35925e-04
4.39650e-04
4.48013e-04
4.43246e-04
4.60610e-04
3.88051e-04
-7.56472e-05
-5.34394e-04
-1.15094e-04
2.93028e-04
3.00624e-04
2.05655e-04
1.56819e-04
1.63041e-04
1.39155e-04
3.92625e-05
-3.28493e-05
3.34756e-04
1.15881e-03
1.50012e-03
1.04707e-03
2.16735e-04
-1.76004e-04
-5.51112e-04
-1.27532e-03
-1.60643e-03
-1.58137e-03
-1.85011e-03
-2.56268e-03
-3.22460e-03
-3.90707e-03
-4.53163e-03
-5.16397e-03
-5.35762e-03
-5.29946e-03
-5.55024e-03
-5.83445e-03
-5.41134e-03
-5.00383e-03
-4.85701e-03
-4.54908e-03
-4.20114e-03
-4.12443e-03
-3.42786e-03
-2.75469e-03
-2.71509e-03
-2.38439e-03
-2.08462e-03
-2.03871e-03
-2.03822e-03
-1.97298e-03
-1.92488e-03
-2.22322e-03
-2.82955e-03
-3.03802e-03
-2.93360e-03
-3.13901e-03
-3.74925e-03
-4.00907e-03
-3.62033e-03
-2.89240e-03
-2.54084e-03
-2.52453e-03
-2.52260e-03
-2.46947e-03
-2.40461e-03
-2.36227e-03
-2.30862e-03
-2.21464e-03
-2.14589e-03
-2.35709e-03
-2.83773e-03
-3.03567e-03
-2.98077e-03
-2.85699e-03
-2.51079e-03
-1.97695e-03
-1.73655e-03
-1.45184e-03
-6.56986e-04
8.37030e-05
6.94065e-05
-2.31075e-04
-1.05137e-05
2.51928e-04
2.89538e-04
2.52700e-04
2.31127e-04
2.49854e-04
2.78964e-04
2.60663e-04
7.08645e-05
-1.32499e-04
-1.02956e-04
-2.93310e-04
-4.53229e-04
-4.42401e-04
-3.90626e-04
-3.63501e-04
-3.62044e-04
-3.24588e-04
-1.44693e-04
6.02213e-05
8.75445e-05
2.84807e-04
2.73443e-04
-5.47932e-05
-2.22777e-04
-1.96520e-04
-1.39465e-04
-1.05440e-04
-9.40361e-05
-9.94025e-05
-8.30647e-05
9.00683e-05
3.97435e-04
5.28136e-04
5.28896e-04
6.25530e-04
7.52977e-04
7.38332e-04
8.56906e-04
9.50319e-04
9.33465e-04
9.00875e-04
8.91424e-04
8.75092e-04
7.43650e-04
5.15346e-04
4.06185e-04
3.07444e-04
1.13097e-04
2.38347e-05
4.35662e-05
8.16010e-05
1.02548e-04
9.72850e-05
9.15818e-05
1.91800e-04
4.69695e-04
7.20132e-04
7.69175e-04
7.38863e-04
7.86006e-04
8.44321e-04
7.46298e-04
6.62358e-04
6.38755e-04
5.50929e-04
4.02703e-04
4.04348e-04
5.34113e-04
5.30810e-04
3.95912e-04
3.27479e-04
3.21944e-04
2.76452e-04
2.24526e-04
2.78567e-04
3.23405e-04
3.23501e-04
3.58913e-04
4.42930e-04
4.77595e-04
4.62780e-04
4.39325e-04
4.19433e-04
4.12981e-04
4.40513e-04
4.62655e-04
4.03794e-04
3.52885e-04
3.70261e-04
4.23796e-04
4.34756e-04
4.14375e-04
4.13018e-04
4.19964e-04
4.02228e-04
4.06633e-04
3.82409e-04
3.17245e-04
2.76518e-04
2.62476e-04
2.52522e-04
2.39211e-04
2.24952e-04
2.11786e-04
1.99668e-04
1.88044e-04
1.76754e-04
1.65642e-04
1.54651e-04
1.44854e-04
1.37099e-04
1.28417e-04
1.09012e-04
8.07085e-05
6.58355e-05
6.16466e-05
5.95413e-05
6.46233e-05
7.65604e-05
7.86201e-05
7.22627e-05
6.56099e-05
6.04690e-05
5.60862e-05
5.17696e-05
4.76648e-05
4.38954e-05
4.05049e-05
3.74109e-05
3.46107e-05
3.20938e-05
2.98932e-05
2.79703e-05
2.62737e-05
2.47659e-05
2.36595e-05
2.30999e-05
2.25215e-05
2.02059e-05
1.66346e-05
1.58544e-05
1.72831e-05
1.89627e-05
2.04949e-05
2.20650e-05
2.37265e-05
2.54604e-05
2.75008e-05
3.02705e-05
3.29801e-05
3.43281e-05
3.59482e-05
3.83280e-05
4.09201e-05
4.35157e-05
4.61810e-05
4.89976e-05
5.18169e-05
5.43076e-05
5.66911e-05
5.98484e-05
6.34020e-05
6.67063e-05
7.00160e-05
7.34503e-05
7.69296e-05
8.04245e-05
8.39591e-05
8.75211e-05
9.10536e-05
9.45958e-05
9.81699e-05
1.01749e-04
1.05357e-04
1.09016e-04
1.12708e-04
1.16428e-04
1.20182e-04
1.23973e-04
1.27796e-04
1.31648e-04
1.35530e-04
1.39441e-04
1.43380e-04
1.47346e-04
