4.24628e-05
1.12002e-05
-3.43845e-06
2.07599e-05
7.31361e-05
4.63220e-05
-1.09846e-04
-2.12691e-04
-2.84443e-05
3.53699e-04
5.41863e-04
3.30851e-04
-2.75516e-05
-2.47404e-04
1.08810e-04
8.82487e-04
1.09262e-03
-2.26571e-05
-1.69632e-03
-2.17341e-03
-8.43066e-04
9.32009e-04
1.44290e-03
3.73965e-04
-1.25529e-03
-2.13592e-03
-1.53026e-03
1.21377e-04
1.42174e-03
1.46428e-03
6.70332e-04
-3.25647e-04
-1.45945e-03
-2.07829e-03
-7.98036e-04
1.89365e-03
3.17266e-03
2.18421e-03
2.20678e-03
5.47782e-03
8.54255e-03
6.74355e-03
1.33671e-03
-2.36293e-03
-2.68654e-03
-3.16502e-03
-6.68746e-03
-1.18288e-02
-1.52975e-02
-1.52894e-02
-1.20126e-02
-6.91818e-03
-2.00504e-03
1.04306e-03
1.87657e-03
2.09728e-03
4.76416e-03
1.15088e-02
1.89387e-02
2.01286e-02
1.21754e-02
6.61026e-04
-6.07017e-03
-5.65338e-03
-2.11639e-03
-7.16961e-05
-1.64223e-03
-6.71163e-03
-1.21598e-02
-1.25139e-02
-5.49528e-03
4.06851e-03
9.30134e-03
9.02745e-03
7.55078e-03
8.18085e-03
1.01816e-02
1.08551e-02
8.17464e-03
2.85173e-03
-8.85362e-04
5.01507e-04
3.86393e-03
2.18238e-03
-5.08027e-03
-1.06678e-02
-1.07756e-02
-9.69934e-03
-9.54302e-03
-4.89320e-03
5.37988e-03
1.04792e-02
1.81850e-03
-1.22178e-02
-1.60645e-02
-6.59597e-03
6.50294e-03
1.48326e-02
1.57208e-02
7.31395e-03
-9.13250e-03
-2.36712e-02
-2.45362e-02
-1.14771e-02
3.85401e-03
9.84407e-03
3.37023e-03
-9.88220e-03
-1.86899e-02
-1.41987e-02
-3.58241e-05
9.38229e-03
5.55174e-03
-3.14967e-03
-2.04160e-03
1.20801e-02
2.86969e-02
3.61824e-02
3.18956e-02
2.10980e-02
9.85406e-03
4.56891e-05
-9.38086e-03
-1.77020e-02
-2.19503e-02
-2.20556e-02
-2.22554e-02
-2.42777e-02
-2.31933e-02
-1.46235e-02
-2.73350e-03
4.49566e-03
5.79591e-03
7.16943e-03
1.31690e-02
2.20332e-02
2.83416e-02
2.71612e-02
1.76748e-02
5.99787e-03
1.37168e-03
5.63088e-03
9.57779e-03
4.04690e-03
-9.22585e-03
-2.23497e-02
-3.19367e-02
-3.78772e-02
-3.57996e-02
-2.05164e-02
3.75370e-03
2.52356e-02
3.71707e-02
4.14558e-02
3.97445e-02
2.95757e-02
1.16852e-02
-5.90915e-03
-1.49198e-02
-1.40073e-02
-7.51346e-03
-1.05733e-03
8.09444e-04
-2.98477e-03
-9.08038e-03
-1.41112e-02
-1.93515e-02
-2.72344e-02
-3.52254e-02
-3.84902e-02
-3.70141e-02
-3.38872e-02
-2.78812e-02
-1.47242e-02
4.13295e-03
2.13006e-02
3.30979e-02
4.30835e-02
5.40055e-02
6.17386e-02
5.99870e-02
4.72475e-02
2.70272e-02
4.68913e-03
-1.41797e-02
-2.52229e-02
-2.81871e-02
-2.76119e-02
-2.91296e-02
-3.49109e-02
-4.22306e-02
-4.53373e-02
-3.91203e-02
-2.25049e-02
6.20776e-04
2.43745e-02
4.46440e-02
5.93879e-02
6.59540e-02
6.05473e-02
4.23585e-02
1.80441e-02
-4.31925e-04
-5.10339e-03
-3.75316e-04
2.31333e-04
-1.19061e-02
-3.05466e-02
-4.14533e-02
-3.87743e-02
-3.02667e-02
-2.54543e-02
-2.43831e-02
-2.12906e-02
-1.41339e-02
-4.38749e-03
8.29064e-03
2.38778e-02
3.71335e-02
4.27595e-02
4.36321e-02
4.56168e-02
4.54378e-02
3.38772e-02
1.16626e-02
-7.75589e-03
-1.45060e-02
-1.29827e-02
-1.26716e-02
-1.57015e-02
-1.76735e-02
-1.50360e-02
-7.43431e-03
3.18849e-03
1.17519e-02
1.16152e-02
6.78539e-04
-1.51158e-02
-2.66511e-02
-3.00295e-02
-2.89631e-02
-2.86532e-02
-2.90093e-02
-2.61832e-02
-2.04023e-02
-1.76510e-02
-2.19613e-02
-3.02213e-02
-3.70880e-02
-4.11296e-02
-4.40688e-02
-4.82354e-02
-5.54466e-02
-6.15011e-02
-5.21290e-02
-1.55448e-02
3.71782e-02
7.64861e-02
8.62315e-02
8.07811e-02
8.21481e-02
9.03383e-02
8.80804e-02
6.93494e-02
4.99456e-02
4.74162e-02
5.66868e-02
5.16097e-02
1.41941e-02
-3.92283e-02
-6.90746e-02
-5.40538e-02
-1.41886e-02
1.43291e-02
1.89562e-02
1.57830e-02
2.15327e-02
3.38554e-02
3.87609e-02
2.73610e-02
3.20875e-03
-2.18788e-02
-3.84842e-02
-4.78229e-02
-5.81505e-02
-7.28946e-02
-8.62572e-02
-9.06107e-02
-8.34971e-02
-6.71242e-02
-4.58013e-02
-2.40978e-02
-3.88297e-03
1.57084e-02
3.21592e-02
3.70271e-02
2.42799e-02
-1.47278e-03
-2.84744e-02
-4.56856e-02
-4.49073e-02
-2.21205e-02
1.73393e-02
5.88782e-02
8.83777e-02
1.00162e-01
9.56832e-02
8.02585e-02
6.23915e-02
5.01353e-02
4.47798e-02
4.06799e-02
3.19001e-02
1.70788e-02
-9.29787e-04
-1.79943e-02
-3.29816e-02
-4.96644e-02
-7.09038e-02
-9.19060e-02
-1.05555e-01
-1.13193e-01
-1.20179e-01
-1.20228e-01
-9.67924e-02
-4.51642e-02
1.67642e-02
6.55559e-02
9.24377e-02
1.03033e-01
1.06531e-01
1.10604e-01
1.18147e-01
1.21356e-01
1.04948e-01
6.25749e-02
7.05082e-03
-4.08399e-02
-7.10407e-02
-8.81026e-02
-1.00144e-01
-1.09757e-01
-1.15022e-01
-1.14353e-01
-1.07866e-01
-9.52400e-02
-7.36749e-02
-3.92204e-02
8.00104e-03
5.93177e-02
1.00887e-01
1.24304e-01
1.32914e-01
1.35382e-01
1.34825e-01
1.27456e-01
1.09591e-01
8.05848e-02
4.05834e-02
-7.06707e-03
-5.09531e-02
-7.78238e-02
-8.62553e-02
-8.66187e-02
-8.48698e-02
-7.53544e-02
-5.39310e-02
-2.90396e-02
-1.28464e-02
-8.22674e-03
-1.08214e-02
-1.70178e-02
-2.27379e-02
-2.07065e-02
-7.56003e-03
9.39422e-03
1.95685e-02
2.15558e-02
2.34889e-02
3.26635e-02
4.78388e-02
5.99254e-02
5.87729e-02
4.20877e-02
1.89308e-02
1.50765e-03
-6.38043e-03
-9.12311e-03
-9.03514e-03
-2.95468e-03
9.89634e-03
2.30925e-02
2.91272e-02
2.64834e-02
1.88905e-02
1.08941e-02
5.45908e-03
2.57704e-03
-1.26009e-03
-9.73020e-03
-2.19413e-02
-3.29647e-02
-3.93174e-02
-4.18400e-02
-4.29959e-02
-4.36283e-02
-4.32556e-02
-4.19819e-02
-4.04173e-02
-3.76647e-02
-3.09724e-02
-1.95013e-02
-7.95723e-03
-2.78582e-03
-3.26357e-03
-3.98078e-04
1.27718e-02
3.40733e-02
5.79968e-02
8.15740e-02
9.87906e-02
9.70296e-02
6.97709e-02
2.93428e-02
-3.04994e-03
-1.88402e-02
-2.64960e-02
-3.74697e-02
-5.55373e-02
-7.63980e-02
-8.87769e-02
-7.88165e-02
-4.30038e-02
4.33968e-03
4.36716e-02
6.80014e-02
8.12524e-02
8.38293e-02
7.07449e-02
4.32398e-02
1.22895e-02
-1.17163e-02
-2.68151e-02
-3.58365e-02
-4.03145e-02
-4.02723e-02
-3.74118e-02
-3.62498e-02
-4.13223e-02
-5.26945e-02
-6.51968e-02
-7.35998e-02
-7.72119e-02
-7.74564e-02
-7.35434e-02
-6.38503e-02
-4.96154e-02
-3.34874e-02
-1.60718e-02
2.68622e-03
2.06645e-02
3.60641e-02
5.12495e-02
7.01386e-02
9.15046e-02
1.07526e-01
1.09502e-01
9.50858e-02
7.11064e-02
4.92548e-02
3.73088e-02
3.43737e-02
3.50580e-02
3.57623e-02
3.43683e-02
2.74159e-02
1.27894e-02
-6.03473e-03
-2.31958e-02
-3.75715e-02
-5.25125e-02
-6.89837e-02
-8.32321e-02
-9.12203e-02
-9.15788e-02
-8.35025e-02
-6.57482e-02
-3.96429e-02
-1.06529e-02
1.52810e-02
3.60705e-02
5.26024e-02
6.40143e-02
6.60040e-02
5.49262e-02
3.31542e-02
9.21297e-03
-7.33145e-03
-1.07948e-02
-8.17147e-04
1.83909e-02
3.95977e-02
5.49948e-02
5.86589e-02
4.74221e-02
2.19540e-02
-1.09202e-02
-3.88132e-02
-5.08797e-02
-4.55774e-02
-3.00501e-02
-1.27975e-02
6.65682e-04
6.96473e-03
4.88727e-03
-2.33021e-03
-8.61400e-03
-1.07913e-02
-1.03638e-02
-8.86740e-03
-5.19379e-03
4.13470e-04
3.14708e-03
-1.75967e-03
-1.28239e-02
-2.35254e-02
-2.87484e-02
-2.74470e-02
-2.00555e-02
-7.05137e-03
9.03769e-03
2.29961e-02
3.01625e-02
2.96371e-02
2.36065e-02
1.51027e-02
7.36083e-03
3.47919e-03
4.10335e-03
5.66534e-03
3.10356e-03
-4.94460e-03
-1.50113e-02
-2.29970e-02
-2.77407e-02
-2.96007e-02
-2.76059e-02
-2.00243e-02
-6.98180e-03
8.93353e-03
2.39438e-02
3.37873e-02
3.47293e-02
2.66847e-02
1.49547e-02
6.39351e-03
3.40291e-03
3.28630e-03
3.05082e-03
2.43261e-03
2.15148e-03
1.75820e-03
2.32638e-04
-2.61739e-03
-5.92458e-03
-7.93542e-03
-6.60960e-03
-1.55329e-03
4.64650e-03
8.42594e-03
8.67278e-03
7.02826e-03
5.15928e-03
3.35401e-03
1.81678e-03
1.59482e-03
3.43095e-03
6.54311e-03
9.08447e-03
9.47600e-03
7.25366e-03
3.18451e-03
-1.23220e-03
-4.64086e-03
-6.28773e-03
-5.90498e-03
-3.87004e-03
-1.92972e-03
-2.97262e-03
-8.89854e-03
-1.84436e-02
-2.76898e-02
-3.29350e-02
-3.29640e-02
-2.88326e-02
-2.23752e-02
-1.53372e-02
-9.23673e-03
-5.05482e-03
-2.90772e-03
-2.40858e-03
-3.22176e-03
-4.73310e-03
-5.53538e-03
-4.16471e-03
-6.25031e-04
3.54110e-03
6.70346e-03
7.93774e-03
6.69196e-03
3.24620e-03
-1.95485e-04
-6.34847e-04
2.56821e-03
7.17838e-03
1.14639e-02
1.63637e-02
2.29535e-02
2.94255e-02
3.24692e-02
3.06094e-02
2.45985e-02
1.56706e-02
5.28259e-03
-4.13258e-03
-1.03723e-02
-1.33390e-02
-1.44685e-02
-1.47508e-02
-1.44839e-02
-1.42211e-02
-1.43426e-02
-1.39176e-02
-1.13331e-02
-5.89115e-03
1.80769e-03
1.04089e-02
1.79034e-02
2.19219e-02
2.09182e-02
1.50446e-02
5.93306e-03
-3.78998e-03
-1.15649e-02
-1.69057e-02
-2.17230e-02
-2.66514e-02
-2.82488e-02
-2.30717e-02
-1.36217e-02
-5.58306e-03
8.75221e-04
1.12895e-02
2.64719e-02
3.81552e-02
3.91702e-02
3.31612e-02
2.88501e-02
2.81028e-02
2.55207e-02
1.77971e-02
7.27781e-03
-3.52964e-03
-1.53562e-02
-2.85291e-02
-3.98093e-02
-4.48564e-02
-4.18234e-02
-3.15708e-02
-1.63607e-02
3.26643e-04
1.40713e-02
2.14525e-02
2.22713e-02
1.97914e-02
1.84153e-02
2.02457e-02
2.35575e-02
2.50413e-02
2.34157e-02
1.98620e-02
1.51862e-02
8.39440e-03
-1.24992e-03
-1.24855e-02
-2.33357e-02
-3.25760e-02
-3.86289e-02
-3.87638e-02
-3.17114e-02
-2.03486e-02
-9.58247e-03
-1.89603e-03
2.98013e-03
4.32742e-03
-3.22014e-04
-1.09344e-02
-2.26051e-02
-2.97516e-02
-3.10410e-02
-2.78588e-02
-1.97409e-02
-5.11123e-03
1.35101e-02
2.87757e-02
3.48352e-02
3.25654e-02
2.73404e-02
2.33491e-02
2.13561e-02
2.03399e-02
1.92816e-02
1.75114e-02
1.46127e-02
1.02242e-02
4.18479e-03
-2.68679e-03
-8.34495e-03
-1.12633e-02
-1.23134e-02
-1.32999e-02
-1.34585e-02
-9.55680e-03
-5.17777e-04
9.61036e-03
1.51382e-02
1.42310e-02
9.51488e-03
4.17491e-03
-5.63131e-04
-4.34194e-03
-6.24561e-03
-5.60023e-03
-3.23930e-03
-1.37360e-03
-2.18561e-03
-6.49116e-03
-1.32593e-02
-2.03319e-02
-2.58691e-02
-2.89951e-02
-2.91338e-02
-2.57208e-02
-1.91161e-02
-1.10840e-02
-3.31291e-03
3.81132e-03
1.00359e-02
1.39372e-02
1.44751e-02
1.33445e-02
1.38633e-02
1.71801e-02
2.10733e-02
2.26651e-02
2.14440e-02
1.93014e-02
1.82426e-02
1.81649e-02
1.66543e-02
1.14920e-02
3.64386e-03
-3.38830e-03
-7.62521e-03
-1.07497e-02
-1.51123e-02
-2.02339e-02
-2.38686e-02
-2.51570e-02
-2.47618e-02
-2.28177e-02
-1.88248e-02
-1.31489e-02
-6.61623e-03
9.93400e-04
1.04339e-02
2.09068e-02
2.98658e-02
3.48566e-02
3.45884e-02
2.87579e-02
1.84152e-02
6.56810e-03
-2.93558e-03
-7.98496e-03
-9.02386e-03
-7.25104e-03
-2.96416e-03
3.52155e-03
9.87756e-03
1.20245e-02
7.21441e-03
-3.33778e-03
-1.51807e-02
-2.38046e-02
-2.67932e-02
-2.39067e-02
-1.68541e-02
-9.46838e-03
-6.55692e-03
-1.07405e-02
-1.99978e-02
-2.89478e-02
-3.29200e-02
-3.11957e-02
-2.67260e-02
-2.29583e-02
-2.07099e-02
-1.78227e-02
-1.16866e-02
-1.87437e-03
9.67418e-03
2.03433e-02
2.83163e-02
3.30082e-02
3.49647e-02
3.49215e-02
3.20925e-02
2.40032e-02
9.59272e-03
-7.49121e-03
-2.02603e-02
-2.37828e-02
-1.87012e-02
-9.32361e-03
8.13341e-04
1.10018e-02
2.15843e-02
3.11616e-02
3.64271e-02
3.52740e-02
2.95898e-02
2.37568e-02
2.02387e-02
1.78264e-02
1.44292e-02
9.96463e-03
5.73414e-03
2.45367e-03
3.17897e-04
1.02187e-05
2.04874e-03
5.25374e-03
6.81357e-03
4.02904e-03
-4.14189e-03
-1.62702e-02
-2.81039e-02
-3.37621e-02
-2.95648e-02
-1.78082e-02
-5.57511e-03
1.71544e-03
4.77117e-03
7.12735e-03
8.80174e-03
6.59702e-03
5.74076e-04
-3.70625e-03
-5.53054e-04
1.14935e-02
3.07235e-02
5.20250e-02
6.40087e-02
5.45618e-02
2.56037e-02
-3.07132e-03
-1.23621e-02
-3.47739e-03
6.73866e-03
5.51514e-03
-8.32283e-03
-3.11150e-02
-5.67178e-02
-7.27711e-02
-6.72913e-02
-4.32412e-02
-1.81557e-02
-4.82262e-03
1.00658e-03
9.39556e-03
1.96423e-02
2.19210e-02
1.17546e-02
-4.43291e-03
-1.81866e-02
-2.74578e-02
-3.43155e-02
-3.86498e-02
-3.80605e-02
-3.24855e-02
-2.53857e-02
-1.99353e-02
-1.65713e-02
-1.45578e-02
-1.33981e-02
-1.16068e-02
-6.72911e-03
1.36169e-03
9.10209e-03
1.32811e-02
1.51289e-02
1.80615e-02
2.19508e-02
2.21556e-02
1.46927e-02
1.03149e-03
-1.34526e-02
-2.56313e-02
-3.74759e-02
-5.07198e-02
-5.95438e-02
-5.28812e-02
-2.65846e-02
9.67790e-03
4.06532e-02
5.86406e-02
6.60013e-02
6.78699e-02
6.72449e-02
6.59377e-02
6.51958e-02
6.44782e-02
6.23616e-02
5.86550e-02
5.31041e-02
4.31829e-02
2.67278e-02
6.49082e-03
-1.12002e-02
-2.24548e-02
-2.77808e-02
-2.83130e-02
-2.37661e-02
-1.51859e-02
-6.79657e-03
-2.74770e-03
-3.15719e-03
-4.85887e-03
-5.31461e-03
-4.46743e-03
-3.39574e-03
-2.79900e-03
-3.15223e-03
-4.78679e-03
-6.97893e-03
-7.87899e-03
-6.46957e-03
-3.97637e-03
-2.25313e-03
-1.60283e-03
-1.67786e-03
-3.66197e-03
-9.29260e-03
-1.76672e-02
-2.52937e-02
-2.99003e-02
-3.25221e-02
-3.53035e-02
-3.88673e-02
-4.24350e-02
-4.49159e-02
-4.49739e-02
-4.12137e-02
-3.34716e-02
-2.37065e-02
-1.51566e-02
-1.05208e-02
-1.05111e-02
-1.35646e-02
-1.69632e-02
-1.85081e-02
-1.71442e-02
-1.25112e-02
-5.04776e-03
3.35218e-03
1.01040e-02
1.40242e-02
1.58227e-02
1.63089e-02
1.53988e-02
1.33170e-02
1.13867e-02
1.06865e-02
1.08737e-02
1.12086e-02
1.20480e-02
1.45749e-02
1.94695e-02
2.64113e-02
3.47265e-02
4.41529e-02
5.45398e-02
6.43191e-02
6.95079e-02
6.58346e-02
5.29824e-02
3.60561e-02
2.18211e-02
1.39059e-02
1.21796e-02
1.53160e-02
2.19069e-02
2.92692e-02
3.32531e-02
3.08265e-02
2.26023e-02
1.21943e-02
3.10014e-03
-3.49376e-03
-8.10113e-03
-1.11540e-02
-1.27183e-02
-1.37360e-02
-1.65138e-02
-2.31139e-02
-3.33182e-02
-4.43941e-02
-5.27705e-02
-5.61382e-02
-5.45834e-02
-5.02170e-02
-4.56406e-02
-4.24407e-02
-4.08787e-02
-4.04609e-02
-4.04439e-02
-4.00182e-02
-3.84209e-02
-3.48411e-02
-2.83349e-02
-1.84703e-02
-6.59386e-03
4.16529e-03
1.08693e-02
1.28745e-02
1.17920e-02
9.80857e-03
8.51644e-03
8.91980e-03
1.16002e-02
1.65173e-02
2.28496e-02
2.93025e-02
3.44118e-02
3.65946e-02
3.42624e-02
2.65358e-02
1.43442e-02
6.83131e-04
-1.07183e-02
-1.71962e-02
-1.77546e-02
-1.25870e-02
-3.02343e-03
8.26544e-03
1.82323e-02
2.51577e-02
2.89196e-02
2.97132e-02
2.76707e-02
2.39789e-02
2.10096e-02
2.02944e-02
2.09120e-02
2.05431e-02
1.76429e-02
1.22246e-02
5.44922e-03
-8.24302e-04
-4.78275e-03
-5.90133e-03
-5.21355e-03
-3.94808e-03
-2.37141e-03
-3.94310e-04
1.46917e-03
2.49911e-03
2.59551e-03
1.88271e-03
-1.99300e-04
-4.66682e-03
-1.19364e-02
-2.13683e-02
-3.15347e-02
-4.05284e-02
-4.63776e-02
-4.79313e-02
-4.54217e-02
-3.99744e-02
-3.27766e-02
-2.49497e-02
-1.77872e-02
-1.24525e-02
-9.20841e-03
-7.21449e-03
-5.25183e-03
-2.74386e-03
-2.82032e-04
7.53742e-04
-7.29916e-04
-4.55703e-03
-9.20827e-03
-1.27366e-02
-1.37660e-02
-1.18836e-02
-7.40223e-03
-1.01577e-03
6.33658e-03
1.36674e-02
2.03323e-02
2.61084e-02
3.06328e-02
3.28638e-02
3.17081e-02
2.71658e-02
2.04518e-02
1.30003e-02
5.92621e-03
5.18913e-04
-1.57491e-03
6.97424e-04
6.87178e-03
1.50446e-02
2.27519e-02
2.78627e-02
2.94286e-02
2.81341e-02
2.56895e-02
2.36019e-02
2.25142e-02
2.23249e-02
2.22763e-02
2.09462e-02
1.72010e-02
1.14059e-02
5.36309e-03
8.96410e-04
-1.16727e-03
-8.13234e-04
1.43507e-03
4.27455e-03
5.80165e-03
4.49542e-03
2.24747e-04
-5.87403e-03
-1.22190e-02
-1.76009e-02
-2.16607e-02
-2.48102e-02
-2.74576e-02
-2.93882e-02
-3.01090e-02
-2.98555e-02
-2.94940e-02
-2.95194e-02
-2.96221e-02
-2.94744e-02
-2.94066e-02
-2.97759e-02
-2.99463e-02
-2.84335e-02
-2.41689e-02
-1.76865e-02
-1.09066e-02
-5.82454e-03
-3.14156e-03
-1.95630e-03
-7.53574e-04
1.37877e-03
4.39587e-03
7.72968e-03
1.06940e-02
1.25111e-02
1.26274e-02
1.11187e-02
8.70344e-03
6.44380e-03
5.54796e-03
7.01185e-03
1.07433e-02
1.51312e-02
1.81281e-02
1.87979e-02
1.76587e-02
1.56953e-02
1.37159e-02
1.25469e-02
1.30029e-02
1.52829e-02
1.86371e-02
2.17912e-02
2.36194e-02
2.35100e-02
2.15065e-02
1.78875e-02
1.25868e-02
5.29433e-03
-3.72442e-03
-1.32981e-02
-2.18392e-02
-2.76432e-02
-2.87671e-02
-2.40459e-02
-1.48352e-02
-5.06701e-03
1.33902e-03
2.88240e-03
3.04517e-04
-4.80755e-03
-1.05095e-02
-1.46717e-02
-1.59316e-02
-1.44854e-02
-1.13547e-02
-7.28890e-03
-2.76030e-03
1.62773e-03
5.47453e-03
8.95346e-03
1.23215e-02
1.54338e-02
1.80808e-02
2.01448e-02
2.10222e-02
1.94832e-02
1.48932e-02
8.21423e-03
1.23224e-03
-4.97314e-03
-1.03990e-02
-1.54529e-02
-2.03862e-02
-2.51205e-02
-2.90565e-02
-3.13121e-02
-3.15894e-02
-3.05650e-02
-2.90522e-02
-2.69656e-02
-2.35286e-02
-1.83380e-02
-1.18065e-02
-4.73640e-03
2.14564e-03
8.31486e-03
1.35071e-02
1.77282e-02
2.10210e-02
2.33072e-02
2.46044e-02
2.52022e-02
2.53995e-02
2.52397e-02
2.47214e-02
2.40138e-02
2.31289e-02
2.16325e-02
1.90767e-02
1.56388e-02
1.20602e-02
9.02420e-03
6.80547e-03
5.37015e-03
4.51938e-03
4.07045e-03
3.95444e-03
3.97510e-03
3.45732e-03
1.57839e-03
-1.68193e-03
-5.29816e-03
-8.10118e-03
-9.46459e-03
-8.93784e-03
-5.86333e-03
-1.93723e-04
6.58546e-03
1.20969e-02
1.47630e-02
1.44511e-02
1.16548e-02
6.76827e-03
3.86520e-04
-6.42270e-03
-1.24649e-02
-1.67684e-02
-1.85364e-02
-1.74103e-02
-1.42060e-02
-1.09164e-02
-9.42506e-03
-1.02947e-02
-1.28949e-02
-1.63448e-02
-1.99005e-02
-2.27985e-02
-2.43732e-02
-2.43799e-02
-2.29619e-02
-2.03980e-02
-1.70736e-02
-1.36086e-02
-1.06239e-02
-8.45523e-03
-7.01984e-03
-5.87141e-03
-4.38879e-03
-2.21354e-03
4.40703e-04
3.10429e-03
5.70975e-03
8.66144e-03
1.22680e-02
1.61098e-02
1.90168e-02
1.96073e-02
1.71967e-02
1.24954e-02
7.28931e-03
3.16015e-03
6.77538e-04
-1.93689e-04
6.37125e-04
3.08473e-03
6.39012e-03
9.45865e-03
1.16315e-02
1.28084e-02
1.31098e-02
1.27956e-02
1.22851e-02
1.17501e-02
1.08837e-02
9.26350e-03
6.97757e-03
4.58063e-03
2.52455e-03
8.29701e-04
-6.12231e-04
-1.50353e-03
-1.10413e-03
9.77034e-04
4.02424e-03
6.46930e-03
7.11475e-03
5.84973e-03
3.18288e-03
-4.17556e-04
-4.53227e-03
-8.65375e-03
-1.23871e-02
-1.55724e-02
-1.80109e-02
-1.95484e-02
-2.03593e-02
-2.06913e-02
-2.02765e-02
-1.85994e-02
-1.57872e-02
-1.26205e-02
-9.58628e-03
-6.59146e-03
-3.54385e-03
-6.18090e-04
2.26710e-03
5.49183e-03
9.01427e-03
1.20482e-02
1.35870e-02
1.29529e-02
1.01012e-02
5.87475e-03
1.85660e-03
-7.31430e-04
-1.91641e-03
-2.37482e-03
-2.17701e-03
-7.23640e-04
2.16938e-03
5.66313e-03
8.43305e-03
9.54281e-03
9.03844e-03
7.94006e-03
7.48705e-03
7.98119e-03
8.39282e-03
7.30803e-03
4.30058e-03
3.18972e-04
-3.06871e-03
-4.74751e-03
-4.61323e-03
-3.43034e-03
-2.17165e-03
-1.32966e-03
-7.37947e-04
4.31976e-05
1.23976e-03
2.74754e-03
4.31896e-03
5.68476e-03
6.54458e-03
6.63592e-03
5.98854e-03
5.05570e-03
4.36916e-03
4.02632e-03
3.60229e-03
2.60874e-03
9.80632e-04
-9.28827e-04
-2.78687e-03
-4.63941e-03
-6.73956e-03
-8.96816e-03
-1.05825e-02
-1.08464e-02
-9.92098e-03
-8.84800e-03
-8.56648e-03
-9.18602e-03
-1.02290e-02
-1.11448e-02
-1.15030e-02
-1.10697e-02
-9.97874e-03
-8.72266e-03
-7.86969e-03
-7.83390e-03
-8.71135e-03
-9.97842e-03
-1.06420e-02
-1.00864e-02
-8.70406e-03
-7.23915e-03
-5.74842e-03
-3.82471e-03
-1.68845e-03
-3.31501e-04
-3.93760e-04
-1.33008e-03
-1.81980e-03
-5.77685e-04
3.06619e-03
8.87623e-03
1.58081e-02
2.25763e-02
2.82040e-02
3.20904e-02
3.39813e-02
3.41146e-02
3.29301e-02
3.04035e-02
2.59746e-02
1.95284e-02
1.20186e-02
4.75929e-03
-1.49750e-03
-6.35515e-03
-9.15894e-03
-9.26473e-03
-6.86335e-03
-2.88830e-03
1.77551e-03
6.60580e-03
1.10722e-02
1.44171e-02
1.59638e-02
1.54702e-02
1.31934e-02
9.84770e-03
6.30437e-03
3.24424e-03
9.11971e-04
-8.35657e-04
-2.49404e-03
-4.84639e-03
-8.50313e-03
-1.32638e-02
-1.82045e-02
-2.24781e-02
-2.58845e-02
-2.84302e-02
-2.99193e-02
-3.02528e-02
-2.97381e-02
-2.86388e-02
-2.66883e-02
-2.35066e-02
-1.93967e-02
-1.52219e-02
-1.16748e-02
-8.92738e-03
-7.02282e-03
-6.04376e-03
-5.82910e-03
-5.92028e-03
-5.95189e-03
-5.72784e-03
-4.86646e-03
-2.81719e-03
4.36337e-04
4.21615e-03
7.87559e-03
1.13713e-02
1.47737e-02
1.74603e-02
1.82513e-02
1.64838e-02
1.27652e-02
8.66093e-03
5.46989e-03
3.40727e-03
1.80466e-03
1.39732e-05
-2.03654e-03
-4.05866e-03
-5.75610e-03
-6.78788e-03
-6.66688e-03
-4.99540e-03
-1.89375e-03
1.98313e-03
5.78292e-03
8.87231e-03
1.10661e-02
1.24804e-02
1.32060e-02
1.32198e-02
1.26654e-02
1.20203e-02
1.17040e-02
1.16906e-02
1.16016e-02
1.11673e-02
1.05016e-02
9.99285e-03
9.91836e-03
1.01131e-02
1.00791e-02
9.57159e-03
8.78931e-03
7.88253e-03
6.54267e-03
4.51549e-03
2.21219e-03
2.39013e-04
-1.44337e-03
-3.26647e-03
-5.10999e-03
-6.32166e-03
-6.72699e-03
-6.84959e-03
-6.99122e-03
-6.63363e-03
-5.13550e-03
-2.66325e-03
-1.78868e-04
1.38136e-03
1.76438e-03
1.41132e-03
9.85108e-04
8.32167e-04
7.10263e-04
5.52367e-05
-1.44822e-03
-3.57277e-03
-5.75827e-03
-7.44185e-03
-8.10535e-03
-7.37123e-03
-5.40861e-03
-3.11726e-03
-1.50789e-03
-8.86267e-04
-9.19564e-04
-1.32364e-03
-2.04846e-03
-2.96543e-03
-3.91361e-03
-4.99441e-03
-6.28097e-03
-7.38760e-03
-7.94223e-03
-8.28179e-03
-9.02191e-03
-1.00827e-02
-1.08946e-02
-1.13359e-02
-1.16852e-02
-1.18599e-02
-1.15206e-02
-1.07970e-02
-1.00654e-02
-9.21471e-03
-7.98250e-03
-6.84639e-03
-6.65744e-03
-7.40886e-03
-8.09394e-03
-7.81714e-03
-6.46466e-03
-4.41544e-03
-2.09692e-03
1.37645e-04
2.05295e-03
3.45810e-03
4.09882e-03
3.95610e-03
3.68623e-03
4.19970e-03
5.67791e-03
7.38746e-03
8.62489e-03
9.28993e-03
9.53825e-03
9.50109e-03
9.47208e-03
9.82596e-03
1.05749e-02
1.14214e-02
1.22516e-02
1.30494e-02
1.34250e-02
1.28035e-02
1.11727e-02
9.20495e-03
7.62420e-03
6.75384e-03
6.53161e-03
6.49883e-03
5.97489e-03
4.59188e-03
2.72990e-03
1.17918e-03
5.01157e-04
8.13609e-04
1.82291e-03
2.84175e-03
3.11375e-03
2.39406e-03
1.06959e-03
-5.06474e-04
-2.38831e-03
-4.52579e-03
-6.24926e-03
-6.66834e-03
-5.48673e-03
-3.24430e-03
-8.96267e-04
7.23902e-04
1.27525e-03
9.71537e-04
3.43144e-04
-5.51936e-05
3.08280e-04
1.86110e-03
4.47478e-03
7.16564e-03
8.68351e-03
8.47094e-03
6.80665e-03
4.15061e-03
8.26150e-04
-2.70383e-03
-5.84145e-03
-8.37551e-03
-1.05618e-02
-1.24518e-02
-1.34677e-02
-1.29708e-02
-1.09761e-02
-7.99629e-03
-4.42517e-03
-5.63105e-04
2.81332e-03
4.56481e-03
4.24354e-03
2.63557e-03
8.76084e-04
-6.72266e-04
-2.25306e-03
-3.82163e-03
-5.07491e-03
-6.21042e-03
-7.82218e-03
-9.84386e-03
-1.13202e-02
-1.15044e-02
-1.05250e-02
-8.75270e-03
-6.23208e-03
-3.15266e-03
-2.27397e-04
2.02949e-03
3.95222e-03
6.01297e-03
7.87490e-03
8.75454e-03
8.46385e-03
7.43310e-03
5.83950e-03
3.45171e-03
3.44093e-04
-2.81084e-03
-5.39888e-03
-7.38343e-03
-8.95938e-03
-1.00279e-02
-1.02955e-02
-9.59022e-03
-7.86065e-03
-5.02841e-03
-1.26659e-03
2.70223e-03
5.95536e-03
8.02999e-03
9.06149e-03
9.41103e-03
9.44126e-03
9.50802e-03
9.65463e-03
9.43185e-03
8.30931e-03
6.32218e-03
4.00625e-03
1.86077e-03
2.18572e-04
-5.68505e-04
-3.46251e-04
5.24095e-04
1.50402e-03
2.55836e-03
3.92253e-03
5.34621e-03
6.20837e-03
6.40753e-03
6.53632e-03
7.09940e-03
8.04942e-03
9.08873e-03
9.82497e-03
9.74936e-03
8.50466e-03
6.30746e-03
3.71375e-03
1.03885e-03
-1.58200e-03
-3.71172e-03
-4.76046e-03
-4.64830e-03
-3.97603e-03
-3.40795e-03
-3.20660e-03
-3.29074e-03
-3.51295e-03
-3.93272e-03
-4.88566e-03
-6.53947e-03
-8.31510e-03
-9.08955e-03
-8.31349e-03
-6.43746e-03
-4.16636e-03
-1.82359e-03
2.99973e-04
1.62521e-03
1.87747e-03
1.55465e-03
1.28183e-03
1.12128e-03
9.21446e-04
9.93530e-04
1.71097e-03
2.67598e-03
2.94009e-03
2.00271e-03
1.31664e-04
-2.17913e-03
-4.59013e-03
-6.74136e-03
-8.34608e-03
-9.50563e-03
-1.06476e-02
-1.19520e-02
-1.31158e-02
-1.38196e-02
-1.41269e-02
-1.42070e-02
-1.39084e-02
-1.28858e-02
-1.11095e-02
-8.90580e-03
-6.58706e-03
-4.23189e-03
-1.84285e-03
4.71690e-04
2.45342e-03
3.76264e-03
4.25734e-03
4.26760e-03
4.30629e-03
4.45992e-03
4.41603e-03
4.22596e-03
4.35794e-03
4.69282e-03
4.21858e-03
2.40889e-03
2.37929e-04
-9.96782e-04
-1.33444e-03
-1.61801e-03
-1.88940e-03
-1.47755e-03
-3.89164e-04
5.95004e-04
1.20171e-03
1.99914e-03
3.41222e-03
5.30558e-03
7.52644e-03
1.00665e-02
1.26107e-02
1.45460e-02
1.55004e-02
1.55090e-02
1.47748e-02
1.36253e-02
1.24865e-02
1.15155e-02
1.05431e-02
9.50856e-03
8.59573e-03
7.73839e-03
6.51164e-03
4.78972e-03
3.07317e-03
1.94383e-03
1.63033e-03
2.15303e-03
3.32382e-03
4.42835e-03
4.58033e-03
3.60933e-03
2.16204e-03
8.60879e-04
-2.11657e-04
-1.15292e-03
-1.91562e-03
-2.47533e-03
-2.95525e-03
-3.48792e-03
-4.04904e-03
-4.45047e-03
-4.49064e-03
-4.30892e-03
-4.47223e-03
-5.34316e-03
-6.47388e-03
-7.16624e-03
-7.42972e-03
-7.85012e-03
-8.53707e-03
-8.97103e-03
-8.81373e-03
-8.11929e-03
-6.76321e-03
-4.57098e-03
-2.03100e-03
-1.01233e-04
9.31501e-04
1.48118e-03
1.67097e-03
1.13958e-03
-3.85575e-05
-1.09494e-03
-1.51813e-03
-1.58141e-03
-1.65686e-03
-1.72691e-03
-1.67112e-03
-1.62888e-03
-1.69488e-03
-1.73653e-03
-1.69296e-03
-1.68592e-03
-1.73975e-03
-1.74487e-03
-1.70941e-03
-1.75107e-03
-1.75620e-03
-1.66391e-03
-1.90311e-03
-3.08534e-03
-5.19034e-03
-7.54701e-03
-9.63175e-03
-1.12943e-02
-1.21614e-02
-1.16118e-02
-9.56443e-03
-6.91222e-03
-4.64691e-03
-3.00404e-03
-1.75755e-03
-9.14286e-04
-6.70362e-04
-9.89314e-04
-1.68168e-03
-2.70825e-03
-3.89174e-03
-4.69371e-03
-4.63378e-03
-3.83376e-03
-2.74954e-03
-1.49757e-03
1.15716e-04
2.01718e-03
3.81722e-03
5.28441e-03
6.48240e-03
7.28529e-03
7.44960e-03
7.24453e-03
7.43053e-03
8.32550e-03
9.37745e-03
9.97480e-03
1.02001e-02
1.03713e-02
1.04357e-02
1.02524e-02
1.02005e-02
1.08115e-02
1.19029e-02
1.26587e-02
1.25095e-02
1.14767e-02
9.73357e-03
7.32211e-03
4.51962e-03
1.83217e-03
-4.53450e-04
-2.41158e-03
-4.01930e-03
-4.94912e-03
-5.07658e-03
-4.88469e-03
-4.92958e-03
-5.10838e-03
-4.75945e-03
-3.54190e-03
-1.74386e-03
2.89621e-04
2.56668e-03
5.02912e-03
7.08978e-03
8.02067e-03
7.71084e-03
6.68530e-03
5.55152e-03
4.65183e-03
4.22569e-03
4.41386e-03
4.94437e-03
5.14747e-03
4.54011e-03
3.27927e-03
1.92776e-03
8.53644e-04
1.04243e-04
-3.35282e-04
-4.01384e-04
-2.15781e-04
-2.39899e-04
-8.83656e-04
-1.96176e-03
-2.87612e-03
-3.30747e-03
-3.42083e-03
-3.41650e-03
-3.39318e-03
-3.64586e-03
-4.48710e-03
-5.58678e-03
-6.14388e-03
-6.06371e-03
-6.25412e-03
-7.26449e-03
-8.41553e-03
-8.95773e-03
-9.36866e-03
-1.04886e-02
-1.19332e-02
-1.24619e-02
-1.17241e-02
-1.05981e-02
-9.85620e-03
-9.46472e-03
-9.32494e-03
-9.73447e-03
-1.07245e-02
-1.15994e-02
-1.15733e-02
-1.05229e-02
-8.93812e-03
-7.44524e-03
-6.53420e-03
-6.30234e-03
-6.28429e-03
-5.80211e-03
-4.61911e-03
-2.97468e-03
-1.00960e-03
1.34521e-03
3.79877e-03
5.52988e-03
5.90388e-03
5.01285e-03
3.34922e-03
1.34736e-03
-4.77299e-04
-1.48200e-03
-1.42325e-03
-7.58300e-04
2.02742e-05
1.08980e-03
2.93051e-03
5.47489e-03
8.07876e-03
1.01969e-02
1.16697e-02
1.24255e-02
1.23640e-02
1.16030e-02
1.05416e-02
9.61961e-03
9.15085e-03
9.35049e-03
1.02226e-02
1.13735e-02
1.21983e-02
1.23967e-02
1.22365e-02
1.21860e-02
1.23492e-02
1.24514e-02
1.23846e-02
1.24111e-02
1.26244e-02
1.25115e-02
1.15098e-02
9.77743e-03
7.94632e-03
6.23961e-03
4.38820e-03
2.29455e-03
1.95535e-04
-1.80748e-03
-3.71031e-03
-5.13832e-03
-5.63269e-03
-5.52228e-03
-5.80152e-03
-6.86556e-03
-7.95123e-03
-8.12500e-03
-7.36518e-03
-6.39702e-03
-5.81176e-03
-5.65812e-03
-5.61003e-03
-5.32656e-03
-4.70347e-03
-3.90587e-03
-3.15292e-03
-2.60432e-03
-2.48733e-03
-3.03740e-03
-4.11788e-03
-5.13481e-03
-5.61866e-03
-5.68040e-03
-5.68127e-03
-5.72819e-03
-5.73047e-03
-5.69218e-03
-5.67828e-03
-5.68201e-03
-5.70605e-03
-5.76125e-03
-5.69606e-03
-5.21148e-03
-4.23037e-03
-3.05577e-03
-2.10447e-03
-1.67953e-03
-2.00283e-03
-3.14476e-03
-4.80222e-03
-6.39479e-03
-7.56525e-03
-8.36094e-03
-8.85767e-03
-8.93365e-03
-8.52799e-03
-7.82333e-03
-6.89954e-03
-5.44675e-03
-3.15783e-03
-2.38362e-04
2.69723e-03
5.23101e-03
7.36556e-03
9.19298e-03
1.05630e-02
1.11795e-02
1.09190e-02
1.00294e-02
9.00451e-03
8.29753e-03
8.03564e-03
8.04568e-03
8.10305e-03
8.00483e-03
7.49795e-03
6.32937e-03
4.50189e-03
2.30228e-03
5.53043e-05
-1.95630e-03
-3.42265e-03
-4.09617e-03
-4.00253e-03
-3.32305e-03
-2.14569e-03
-5.78658e-04
1.00999e-03
2.26040e-03
3.21311e-03
4.10631e-03
4.77487e-03
4.84807e-03
4.44366e-03
4.10418e-03
3.98118e-03
3.63627e-03
2.77046e-03
1.63538e-03
4.84066e-04
-7.78218e-04
-2.24073e-03
-3.55039e-03
-4.23628e-03
-4.29439e-03
-4.24693e-03
-4.64600e-03
-5.62684e-03
-6.80251e-03
-7.55469e-03
-7.46935e-03
-6.68179e-03
-5.70341e-03
-4.89282e-03
-4.13633e-03
-3.10111e-03
-1.70054e-03
-2.32319e-04
9.66699e-04
1.83693e-03
2.56648e-03
3.26490e-03
3.87546e-03
4.32498e-03
4.59184e-03
4.60844e-03
4.25433e-03
3.46729e-03
2.25811e-03
6.45781e-04
-1.16816e-03
-2.73039e-03
-3.62692e-03
-3.84285e-03
-3.62038e-03
-3.06368e-03
-2.16192e-03
-1.07343e-03
-7.82453e-05
6.81537e-04
1.18699e-03
1.32175e-03
9.96509e-04
4.20993e-04
-2.73185e-05
-2.03633e-04
-2.45965e-04
-2.82855e-04
-3.00765e-04
-2.99700e-04
-3.31071e-04
-3.57004e-04
-2.02943e-04
2.70451e-04
1.01451e-03
1.75588e-03
2.11709e-03
1.88976e-03
1.32423e-03
1.00090e-03
1.26752e-03
1.87920e-03
2.35426e-03
2.53034e-03
2.58197e-03
2.62687e-03
2.60956e-03
2.53546e-03
2.52497e-03
2.58894e-03
2.57447e-03
2.45042e-03
2.43328e-03
2.73143e-03
3.24068e-03
3.66471e-03
3.86282e-03
3.93649e-03
3.95741e-03
3.80382e-03
3.36610e-03
2.79989e-03
2.32434e-03
1.87048e-03
1.20014e-03
4.10758e-04
-3.90113e-05
1.33641e-04
7.29803e-04
1.36388e-03
1.64348e-03
1.15865e-03
-2.47586e-04
-2.06782e-03
-3.54575e-03
-4.61234e-03
-5.83451e-03
-7.26639e-03
-8.10566e-03
-7.77996e-03
-6.77773e-03
-5.91350e-03
-5.35099e-03
-4.75599e-03
-3.98507e-03
-3.21957e-03
-2.69354e-03
-2.49224e-03
-2.46006e-03
-2.22221e-03
-1.65153e-03
-1.13360e-03
-1.09734e-03
-1.43857e-03
-1.79605e-03
-2.16164e-03
-2.71260e-03
-3.23380e-03
-3.30040e-03
-2.90426e-03
-2.51351e-03
-2.39609e-03
-2.41126e-03
-2.38586e-03
-2.34286e-03
-2.31747e-03
-2.25419e-03
-2.15980e-03
-2.15471e-03
-2.27817e-03
-2.53965e-03
-3.03791e-03
-3.89068e-03
-4.89230e-03
-5.45015e-03
-5.16373e-03
-4.30089e-03
-3.44757e-03
-2.77283e-03
-1.94796e-03
-8.57863e-04
2.53826e-04
1.26407e-03
2.33379e-03
3.50908e-03
4.63020e-03
5.76623e-03
7.12816e-03
8.45900e-03
9.24452e-03
9.53493e-03
1.00363e-02
1.10368e-02
1.20117e-02
1.25292e-02
1.28018e-02
1.30203e-02
1.28694e-02
1.21042e-02
1.10833e-02
1.01854e-02
9.32675e-03
8.29490e-03
7.19810e-03
6.24331e-03
5.39002e-03
4.50826e-03
3.60215e-03
2.69189e-03
1.69778e-03
4.62767e-04
-1.09425e-03
-2.97742e-03
-5.02158e-03
-6.80877e-03
-7.90319e-03
-8.26837e-03
-8.32914e-03
-8.48602e-03
-8.58744e-03
-8.16799e-03
-7.12481e-03
-6.05463e-03
-5.60006e-03
-5.62313e-03
-5.40946e-03
-4.70739e-03
-4.05271e-03
-3.95414e-03
-4.27909e-03
-4.83410e-03
-5.82751e-03
-7.34863e-03
-8.78589e-03
-9.41005e-03
-9.26300e-03
-8.91437e-03
-8.56849e-03
-7.97641e-03
-7.00414e-03
-5.85732e-03
-4.64699e-03
-3.30270e-03
-1.81912e-03
-2.44862e-04
1.47681e-03
3.32162e-03
4.94312e-03
5.99231e-03
6.61117e-03
7.20028e-03
7.93411e-03
8.69094e-03
9.34355e-03
9.84872e-03
1.01197e-02
1.00646e-02
9.65907e-03
8.90442e-03
7.84941e-03
6.58057e-03
5.07767e-03
3.19046e-03
1.06783e-03
-6.47606e-04
-1.53632e-03
-2.07870e-03
-2.99450e-03
-4.17553e-03
-4.94795e-03
-5.21032e-03
-5.40502e-03
-5.50906e-03
-5.01915e-03
-3.95286e-03
-3.00428e-03
-2.56579e-03
-2.36949e-03
-2.20026e-03
-2.22450e-03
-2.50582e-03
-2.88186e-03
-3.39319e-03
-4.19678e-03
-4.95031e-03
-4.95022e-03
-4.01519e-03
-2.61065e-03
-1.06670e-03
6.61231e-04
2.36486e-03
3.44204e-03
3.67901e-03
3.63591e-03
3.88104e-03
4.29664e-03
4.39161e-03
3.94133e-03
3.08651e-03
2.09099e-03
1.26732e-03
8.41458e-04
7.45749e-04
7.16374e-04
6.66716e-04
7.53743e-04
1.06810e-03
1.48127e-03
1.83086e-03
1.95184e-03
1.60335e-03
6.37912e-04
-6.49534e-04
-1.69339e-03
-2.24744e-03
-2.49296e-03
-2.57879e-03
-2.49140e-03
-2.42023e-03
-2.78467e-03
-3.63209e-03
-4.54038e-03
-5.17532e-03
-5.53152e-03
-5.49934e-03
-4.74328e-03
-3.22813e-03
-1.37469e-03
5.30235e-04
2.54206e-03
4.61891e-03
6.40081e-03
7.72817e-03
8.79577e-03
9.57527e-03
9.67285e-03
8.97081e-03
7.90082e-03
6.83220e-03
5.64321e-03
4.20393e-03
2.71195e-03
1.44323e-03
4.97939e-04
-1.68619e-04
-7.14685e-04
-1.37845e-03
-2.14635e-03
-2.64632e-03
-2.72004e-03
-2.70851e-03
-2.90934e-03
-2.99649e-03
-2.50857e-03
-1.56735e-03
-6.39621e-04
4.86647e-05
3.74367e-04
6.14853e-05
-9.18404e-04
-1.98352e-03
-2.60751e-03
-2.87970e-03
-2.99897e-03
-2.70418e-03
-1.80863e-03
-7.95316e-04
-2.19007e-04
6.37226e-05
4.27650e-04
7.21246e-04
5.76488e-04
2.01720e-04
1.08413e-04
2.55960e-04
1.20753e-04
-4.93414e-04
-1.31186e-03
-2.14249e-03
-3.05292e-03
-3.96741e-03
-4.70464e-03
-5.28360e-03
-5.80569e-03
-6.09367e-03
-5.95817e-03
-5.69683e-03
-5.78052e-03
-6.04955e-03
-5.86535e-03
-5.03169e-03
-4.06679e-03
-3.27504e-03
-2.21274e-03
-3.84601e-04
1.94819e-03
4.03477e-03
5.40557e-03
6.07013e-03
6.23944e-03
6.21658e-03
6.24920e-03
6.29671e-03
6.05464e-03
5.36741e-03
4.47315e-03
3.72230e-03
3.25961e-03
3.08237e-03
3.11214e-03
3.16488e-03
2.99166e-03
2.53968e-03
2.02272e-03
1.66540e-03
1.53940e-03
1.67451e-03
2.08695e-03
2.62520e-03
2.98213e-03
3.05082e-03
3.03289e-03
3.06769e-03
2.90357e-03
2.19006e-03
9.96212e-04
-1.99056e-04
-1.02227e-03
-1.45317e-03
-1.60132e-03
-1.53168e-03
-1.43772e-03
-1.61981e-03
-2.11720e-03
-2.58623e-03
-2.73600e-03
-2.62062e-03
-2.36323e-03
-1.89346e-03
-1.21401e-03
-6.13067e-04
-3.13901e-04
-1.32493e-04
2.43695e-04
8.32273e-04
1.40591e-03
1.77928e-03
1.87250e-03
1.72887e-03
1.59738e-03
1.79328e-03
2.32739e-03
2.85468e-03
3.04774e-03
2.82672e-03
2.21735e-03
1.23041e-03
-1.22700e-05
-1.23067e-03
-2.15279e-03
-2.69070e-03
-2.91069e-03
-2.95891e-03
-2.96115e-03
-2.96343e-03
-2.94952e-03
-2.93295e-03
-2.95024e-03
-2.99463e-03
-2.96194e-03
-2.68845e-03
-2.07944e-03
-1.39198e-03
-1.15511e-03
-1.56908e-03
-2.19009e-03
-2.59330e-03
-3.01006e-03
-3.78407e-03
-4.49856e-03
-4.52978e-03
-4.12401e-03
-4.12687e-03
-4.74673e-03
-5.40585e-03
-5.73891e-03
-5.93264e-03
-6.17238e-03
-6.42023e-03
-6.62888e-03
-6.66705e-03
-6.21003e-03
-5.25644e-03
-4.30016e-03
-3.56578e-03
-2.65550e-03
-1.43130e-03
-4.72314e-04
-8.15658e-05
3.48391e-04
1.30335e-03
2.36925e-03
2.98329e-03
3.21710e-03
3.33323e-03
3.35600e-03
3.49652e-03
4.16336e-03
5.18474e-03
5.88951e-03
6.17763e-03
6.71873e-03
7.73203e-03
8.50320e-03
8.45313e-03
7.96875e-03
7.78207e-03
8.11497e-03
8.65495e-03
9.05017e-03
9.12473e-03
8.93282e-03
8.57992e-03
8.04307e-03
7.35062e-03
6.81113e-03
6.62482e-03
6.41149e-03
5.65696e-03
4.55614e-03
3.64475e-03
2.80921e-03
1.45411e-03
-3.25755e-04
-1.67671e-03
-2.23608e-03
-2.66417e-03
-3.61852e-03
-4.83805e-03
-5.59207e-03
-5.69661e-03
-5.62249e-03
-5.79326e-03
-6.00318e-03
-5.67860e-03
-4.71265e-03
-3.80483e-03
-3.71553e-03
-4.37171e-03
-5.06978e-03
-5.43634e-03
-5.63912e-03
-5.79449e-03
-5.70088e-03
-5.19726e-03
-4.39999e-03
-3.50118e-03
-2.62129e-03
-1.85769e-03
-1.21042e-03
-5.41441e-04
2.20921e-04
9.52216e-04
1.56583e-03
2.18084e-03
2.83919e-03
3.24187e-03
3.04790e-03
2.28839e-03
1.30027e-03
3.31104e-04
-5.52777e-04
-1.32164e-03
-1.92268e-03
-2.33160e-03
-2.54563e-03
-2.58372e-03
-2.53385e-03
-2.52860e-03
-2.59775e-03
-2.62762e-03
-2.47077e-03
-2.10552e-03
-1.62796e-03
-1.10978e-03
-5.34764e-04
6.73444e-05
4.98982e-04
5.97799e-04
5.07190e-04
5.27549e-04
6.66978e-04
6.42707e-04
3.97902e-04
3.10045e-04
6.82220e-04
1.27631e-03
1.57408e-03
1.34013e-03
7.42208e-04
1.32106e-04
-1.96578e-04
-1.40997e-04
1.49996e-04
4.70760e-04
8.48330e-04
1.46675e-03
2.28810e-03
3.01472e-03
3.43691e-03
3.62232e-03
3.67646e-03
3.63451e-03
3.59661e-03
3.66965e-03
3.72913e-03
3.50715e-03
2.98615e-03
2.43535e-03
2.01847e-03
1.73687e-03
1.70961e-03
2.12612e-03
2.83892e-03
3.41232e-03
3.71915e-03
4.02188e-03
4.30836e-03
4.13341e-03
3.35094e-03
2.46152e-03
1.79398e-03
1.00461e-03
-1.51444e-04
-1.14926e-03
-1.45166e-03
-1.40366e-03
-1.68447e-03
-2.25761e-03
-2.61158e-03
-2.65033e-03
-2.70131e-03
-2.82269e-03
-2.77498e-03
-2.61366e-03
-2.75816e-03
-3.53052e-03
-4.89283e-03
-6.49738e-03
-7.85709e-03
-8.61071e-03
-8.79204e-03
-8.57562e-03
-7.93576e-03
-6.94958e-03
-6.16502e-03
-6.01098e-03
-6.07081e-03
-5.62194e-03
-4.69957e-03
-3.85163e-03
-3.20942e-03
-2.52665e-03
-1.89670e-03
-1.56038e-03
-1.29719e-03
-7.91826e-04
-3.14939e-04
-1.87154e-04
5.50605e-06
8.38131e-04
1.98189e-03
2.74002e-03
3.24372e-03
4.13979e-03
5.31587e-03
6.01433e-03
6.05517e-03
6.01617e-03
6.16788e-03
6.21944e-03
6.05448e-03
5.98692e-03
6.13715e-03
6.22918e-03
6.14934e-03
6.16636e-03
6.29299e-03
6.35808e-03
6.23187e-03
5.96729e-03
5.45113e-03
4.55835e-03
3.65193e-03
3.31534e-03
3.45178e-03
3.28081e-03
2.39654e-03
1.25112e-03
4.04292e-04
-7.87212e-05
-2.97014e-04
-2.35463e-04
-8.82958e-05
-2.83212e-04
-9.30817e-04
-1.74258e-03
-2.62507e-03
-3.76543e-03
-5.02705e-03
-5.88466e-03
-6.16368e-03
-6.22576e-03
-6.29612e-03
-6.18560e-03
-5.78862e-03
-5.29732e-03
-4.81270e-03
-4.24432e-03
-3.63907e-03
-3.20431e-03
-3.00409e-03
-2.91641e-03
-2.79067e-03
-2.41436e-03
-1.63475e-03
-7.60137e-04
-3.94387e-04
-6.50613e-04
-1.01853e-03
-1.25841e-03
-1.72296e-03
-2.47042e-03
-2.84345e-03
-2.45588e-03
-1.83476e-03
-1.50563e-03
-1.12149e-03
-2.16693e-04
7.69571e-04
9.95097e-04
4.23322e-04
-2.74389e-04
-7.29958e-04
-1.08469e-03
-1.36322e-03
-1.35238e-03
-1.14336e-03
-1.14918e-03
-1.38203e-03
-1.29467e-03
-4.77573e-04
7.45671e-04
1.76391e-03
2.44687e-03
3.07984e-03
3.69992e-03
3.93281e-03
3.58303e-03
3.04824e-03
2.80194e-03
2.83277e-03
2.84353e-03
2.85868e-03
3.20259e-03
3.90216e-03
4.54832e-03
4.86086e-03
4.98821e-03
5.10866e-03
5.03429e-03
4.59798e-03
4.04521e-03
3.69808e-03
3.41561e-03
2.79926e-03
1.83712e-03
9.34960e-04
2.97173e-04
-2.83246e-04
-1.04413e-03
-1.87280e-03
-2.52929e-03
-2.86979e-03
-2.74733e-03
-2.04294e-03
-1.01057e-03
-2.52104e-04
-8.60489e-05
-1.61041e-04
-8.25131e-05
2.58395e-05
-1.62599e-04
-5.68150e-04
-8.66166e-04
-1.06347e-03
-1.41790e-03
-1.88112e-03
-2.10352e-03
-1.92646e-03
-1.57663e-03
-1.26761e-03
-1.05383e-03
-9.92010e-04
-1.12812e-03
-1.35477e-03
-1.54902e-03
-1.76345e-03
-2.07321e-03
-2.34965e-03
-2.50979e-03
-2.62946e-03
-2.67381e-03
-2.36753e-03
-1.62088e-03
-7.76369e-04
-1.32007e-04
4.54499e-04
1.16077e-03
1.80546e-03
2.10312e-03
2.13754e-03
2.14757e-03
2.15216e-03
2.07670e-03
1.99330e-03
1.98121e-03
1.96145e-03
1.86138e-03
1.79411e-03
1.80917e-03
1.78575e-03
1.61616e-03
1.34746e-03
1.03363e-03
6.10410e-04
2.15906e-05
-6.38318e-04
-1.20069e-03
-1.55610e-03
-1.77417e-03
-1.98243e-03
-2.16316e-03
-2.07320e-03
-1.51570e-03
-7.01829e-04
-1.16048e-04
3.15675e-05
-3.18641e-06
7.64710e-05
1.63796e-04
3.73502e-06
-3.77453e-04
-7.22648e-04
-9.46321e-04
-1.21129e-03
-1.60136e-03
-1.94762e-03
-2.04977e-03
-1.89198e-03
-1.59668e-03
-1.21862e-03
-7.46055e-04
-2.30673e-04
2.00781e-04
4.61235e-04
5.63159e-04
5.64528e-04
4.91469e-04
3.50431e-04
1.50970e-04
-5.49316e-05
-2.16170e-04
-3.40578e-04
-4.75691e-04
-6.24154e-04
-7.20119e-04
-7.13208e-04
-6.32313e-04
-5.14092e-04
-3.70890e-04
-2.38383e-04
-2.14736e-04
-3.41428e-04
-4.89072e-04
-4.73972e-04
-2.87826e-04
-1.06158e-04
-5.43655e-05
-5.81348e-05
1.37531e-05
1.80029e-04
3.64396e-04
5.19980e-04
6.58317e-04
7.72294e-04
8.13917e-04
7.68718e-04
7.10777e-04
7.53698e-04
9.25228e-04
1.12680e-03
1.21920e-03
1.16367e-03
1.06834e-03
1.08464e-03
1.25818e-03
1.48377e-03
1.60748e-03
1.56821e-03
1.41659e-03
1.24151e-03
1.09210e-03
9.71902e-04
8.58266e-04
7.12936e-04
5.01685e-04
2.34701e-04
-3.00193e-05
-2.36381e-04
-3.72703e-04
-4.51297e-04
-4.81734e-04
-4.78537e-04
-4.64728e-04
-4.53899e-04
-4.48005e-04
-4.57620e-04
-4.98272e-04
-5.57147e-04
-6.05195e-04
-6.42498e-04
-7.00506e-04
-7.84648e-04
-8.53412e-04
-8.68374e-04
-8.31242e-04
-7.57345e-04
-6.49093e-04
-5.14278e-04
-3.82211e-04
-2.75139e-04
-1.89974e-04
-1.19069e-04
-6.66889e-05
-3.40503e-05
-1.40127e-05
-8.13032e-06
-2.20918e-05
-4.01425e-05
-3.74816e-05
-1.83020e-05
-6.44330e-06
1.77177e-06
3.51022e-05
9.23276e-05
1.35392e-04
1.47512e-04
1.56075e-04
1.81789e-04
2.05260e-04
2.03815e-04
1.87491e-04
1.76728e-04
1.70097e-04
1.54751e-04
1.31037e-04
1.08548e-04
8.99409e-05
7.26152e-05
5.74185e-05
4.61291e-05
3.70421e-05
2.79039e-05
1.90087e-05
1.11680e-05
4.23556e-06
-1.74336e-06
-6.74181e-06
-1.13219e-05
-1.55627e-05
-1.84116e-05
-1.92126e-05
-1.86863e-05
-1.77403e-05
-1.65344e-05
-1.50391e-05
-1.35326e-05
-1.21434e-05
-1.09553e-05
-9.88946e-06
-8.93914e-06
-8.08137e-06
-7.27228e-06
-6.49547e-06
-5.75079e-06
0.00000e+00
