2.82453e-06
2.99334e-06
2.87203e-06
3.03798e-06
2.91583e-06
3.08613e-06
2.96260e-06
3.13407e-06
3.00944e-06
3.18006e-06
3.05339e-06
3.22408e-06
3.09778e-06
3.27149e-06
3.14451e-06
3.31962e-06
3.19205e-06
3.36388e-06
3.23354e-06
3.40891e-06
3.28073e-06
3.45691e-06
3.32639e-06
3.50316e-06
3.37052e-06
3.54881e-06
3.41627e-06
3.59449e-06
3.46107e-06
3.63849e-06
3.50557e-06
3.68710e-06
3.54884e-06
3.72950e-06
3.59293e-06
3.77477e-06
3.63976e-06
3.81854e-06
3.68107e-06
3.86335e-06
3.72619e-06
3.90765e-06
3.76762e-06
3.95474e-06
3.81325e-06
4.00067e-06
3.85509e-06
4.04576e-06
3.90079e-06
4.08916e-06
3.94513e-06
4.13453e-06
3.98774e-06
4.17911e-06
4.03041e-06
4.22282e-06
4.07464e-06
4.26440e-06
4.11503e-06
4.30787e-06
4.15625e-06
4.34895e-06
4.19909e-06
4.39039e-06
4.23834e-06
4.43649e-06
4.28178e-06
4.47934e-06
4.32275e-06
4.52166e-06
4.36508e-06
4.56419e-06
4.40478e-06
4.60736e-06
4.44533e-06
4.65005e-06
4.48333e-06
4.68632e-06
4.52387e-06
4.72858e-06
4.56473e-06
4.76839e-06
4.59759e-06
4.80576e-06
4.64153e-06
4.84585e-06
4.67469e-06
4.88324e-06
4.71467e-06
4.92390e-06
4.75137e-06
4.96246e-06
4.79318e-06
5.00191e-06
4.82808e-06
5.04526e-06
4.86392e-06
5.07959e-06
4.90078e-06
5.11828e-06
4.93832e-06
5.15661e-06
4.97426e-06
5.19396e-06
5.00969e-06
5.23093e-06
5.04721e-06
5.26918e-06
5.08218e-06
5.30618e-06
5.11649e-06
5.34337e-06
5.14692e-06
5.37871e-06
5.17971e-06
5.40767e-06
5.21381e-06
5.44310e-06
5.24956e-06
5.47914e-06
5.27868e-06
5.51198e-06
5.30924e-06
5.54107e-06
5.33970e-06
5.57799e-06
5.37432e-06
5.61423e-06
5.40501e-06
5.64545e-06
5.43758e-06
5.67778e-06
5.46707e-06
5.70700e-06
5.49387e-06
5.73838e-06
5.52290e-06
5.76924e-06
5.55031e-06
5.79697e-06
5.57804e-06
5.82681e-06
5.60603e-06
5.85622e-06
5.63329e-06
5.88368e-06
5.65763e-06
5.90914e-06
5.68223e-06
5.93713e-06
5.70656e-06
5.96422e-06
5.73318e-06
5.99205e-06
5.75467e-06
6.01558e-06
5.77650e-06
6.04326e-06
5.80099e-06
6.06904e-06
5.82301e-06
6.09105e-06
5.84435e-06
6.11608e-06
5.86718e-06
6.13957e-06
5.88665e-06
6.16340e-06
5.90837e-06
6.18879e-06
5.92936e-06
6.20983e-06
5.94747e-06
6.22711e-06
5.96497e-06
6.25036e-06
5.98138e-06
6.27015e-06
6.00478e-06
6.29329e-06
6.01880e-06
6.30897e-06
6.03555e-06
6.32881e-06
6.04892e-06
6.34630e-06
6.06565e-06
6.36592e-06
6.07870e-06
6.38354e-06
6.09377e-06
6.40067e-06
6.10700e-06
6.41674e-06
6.12227e-06
6.43232e-06
6.13229e-06
6.44832e-06
6.14231e-06
6.45806e-06
6.15123e-06
6.47684e-06
6.16445e-06
6.48424e-06
6.16940e-06
6.50184e-06
6.18260e-06
6.50853e-06
6.18691e-06
6.52334e-06
6.19359e-06
6.53869e-06
6.20482e-06
6.54702e-06
6.20938e-06
6.55770e-06
6.21498e-06
6.56877e-06
6.22118e-06
6.57830e-06
6.22375e-06
6.58412e-06
6.22808e-06
6.59681e-06
6.23262e-06
6.60389e-06
6.23678e-06
6.61378e-06
6.24023e-06
6.62016e-06
6.24199e-06
6.63027e-06
6.24621e-06
6.63608e-06
6.24664e-06
6.64132e-06
6.24552e-06
6.64645e-06
6.24420e-06
6.65011e-06
6.24317e-06
6.65230e-06
6.23998e-06
6.65670e-06
6.23652e-06
6.65945e-06
6.23007e-06
6.66007e-06
6.22168e-06
6.65588e-06
6.21928e-06
6.66358e-06
6.21445e-06
6.66552e-06
6.21287e-06
6.67476e-06
6.19969e-06
6.66342e-06
6.19389e-06
6.66328e-06
6.18383e-06
6.66402e-06
6.17568e-06
6.66293e-06
6.16772e-06
6.66419e-06
6.15861e-06
6.66352e-06
6.14745e-06
6.66003e-06
6.13800e-06
6.66056e-06
6.12290e-06
6.65814e-06
6.10985e-06
6.65554e-06
6.09751e-06
6.65236e-06
6.08133e-06
6.64830e-06
6.06712e-06
6.64518e-06
6.04936e-06
6.63909e-06
6.03058e-06
6.63622e-06
6.01239e-06
6.63614e-06
5.99779e-06
6.62792e-06
5.97627e-06
6.62302e-06
5.95697e-06
6.61970e-06
5.93631e-06
6.61629e-06
5.91737e-06
6.61381e-06
5.89620e-06
6.61014e-06
5.87303e-06
6.60642e-06
5.84899e-06
6.60402e-06
5.82281e-06
6.60186e-06
5.79961e-06
6.59836e-06
5.77086e-06
6.59390e-06
5.74288e-06
6.59132e-06
5.71335e-06
6.58800e-06
5.68142e-06
6.58690e-06
5.64920e-06
6.58751e-06
5.61593e-06
6.58842e-06
5.57936e-06
6.58966e-06
5.54376e-06
6.59303e-06
5.50606e-06
6.59657e-06
5.46744e-06
6.60284e-06
5.42404e-06
6.61102e-06
5.37737e-06
6.62021e-06
5.32754e-06
6.63046e-06
5.27583e-06
6.64741e-06
5.21902e-06
6.66604e-06
5.15866e-06
6.69081e-06
5.09226e-06
6.71812e-06
5.02119e-06
6.76263e-06
4.95034e-06
6.79984e-06
4.83172e-06
6.82492e-06
4.75375e-06
7.00124e-06
4.76654e-06
7.04746e-06
4.25057e-06
6.59914e-06
4.05971e-06
8.04909e-06
6.19017e-06
9.02564e-06
1.49769e-06
-3.73931e-07
-4.26703e-06
1.57721e-05
3.72840e-05
4.51951e-05
-4.49573e-05
-2.37871e-04
-4.34944e-04
-2.61541e-04
-7.02121e-05
1.61965e-05
5.86699e-05
5.86628e-05
-1.53595e-05
-2.12281e-04
-4.85170e-04
-5.04393e-04
-4.93758e-04
-2.48527e-04
-2.88133e-05
1.81156e-05
3.09384e-05
1.86293e-06
2.46373e-06
-2.17074e-06
9.01245e-06
2.69274e-06
3.48404e-06
-2.79772e-06
1.30601e-05
2.92743e-05
3.61227e-05
-3.77473e-05
-2.07068e-04
-3.96588e-04
-3.06667e-04
-3.06994e-04
-4.23613e-04
-2.29636e-04
-5.14925e-05
9.36908e-06
2.64902e-05
8.83751e-06
2.79999e-06
-1.23014e-06
4.83111e-06
4.91274e-06
7.62960e-06
4.77044e-06
6.05825e-06
3.98333e-06
5.90941e-06
4.38217e-06
6.07289e-06
4.47179e-06
5.92468e-06
4.44087e-06
5.84304e-06
4.48275e-06
5.80613e-06
4.51395e-06
5.75180e-06
4.52498e-06
5.70494e-06
4.54427e-06
5.66505e-06
4.55762e-06
5.62541e-06
4.56572e-06
5.58876e-06
4.57500e-06
5.55572e-06
4.58364e-06
5.52200e-06
4.58542e-06
5.49126e-06
4.58972e-06
5.46035e-06
4.59391e-06
5.43498e-06
4.59365e-06
5.40755e-06
4.59710e-06
5.38574e-06
4.60053e-06
5.36285e-06
4.60243e-06
5.34379e-06
4.60853e-06
5.32454e-06
4.60834e-06
5.30581e-06
4.61042e-06
5.29057e-06
4.61336e-06
5.27266e-06
4.61747e-06
5.25822e-06
4.61742e-06
5.24603e-06
4.62420e-06
5.23518e-06
4.62604e-06
5.22363e-06
4.63138e-06
5.21331e-06
4.63711e-06
5.20668e-06
4.64148e-06
5.19727e-06
4.64897e-06
5.19028e-06
4.65384e-06
5.18785e-06
4.66142e-06
5.18173e-06
4.66786e-06
5.17508e-06
4.67266e-06
5.17374e-06
4.68533e-06
5.17246e-06
4.69249e-06
5.16925e-06
4.69965e-06
5.17093e-06
4.71088e-06
5.17201e-06
4.72293e-06
5.17465e-06
4.73227e-06
5.17857e-06
4.74447e-06
5.18349e-06
4.75596e-06
5.18488e-06
4.76795e-06
5.18946e-06
4.77970e-06
5.19575e-06
4.79518e-06
5.20485e-06
4.81032e-06
5.20972e-06
4.82215e-06
5.21911e-06
4.84106e-06
5.22867e-06
4.86061e-06
5.24002e-06
4.87636e-06
5.26032e-06
4.91472e-06
5.26778e-06
4.92025e-06
5.28861e-06
4.94435e-06
5.30572e-06
4.96729e-06
5.32526e-06
4.99344e-06
5.34530e-06
5.01902e-06
5.36564e-06
5.04513e-06
5.38793e-06
5.06913e-06
5.40802e-06
5.09975e-06
5.43043e-06
5.12352e-06
5.45422e-06
5.15385e-06
5.47995e-06
5.18359e-06
5.50557e-06
5.21409e-06
5.53172e-06
5.24486e-06
5.56035e-06
5.27770e-06
5.58875e-06
5.31374e-06
5.62289e-06
5.35362e-06
5.65653e-06
5.38819e-06
5.69010e-06
5.42584e-06
5.72305e-06
5.46559e-06
5.75911e-06
5.50371e-06
5.79696e-06
5.54759e-06
5.83505e-06
5.59066e-06
5.87635e-06
5.63416e-06
5.91621e-06
5.67734e-06
5.95733e-06
5.72182e-06
5.99672e-06
5.76744e-06
6.04172e-06
5.81327e-06
6.08251e-06
5.86001e-06
6.12914e-06
5.90892e-06
6.17662e-06
5.96170e-06
6.22598e-06
6.00933e-06
6.27433e-06
6.06710e-06
6.32545e-06
6.12151e-06
6.38066e-06
6.18000e-06
6.43419e-06
6.23680e-06
6.49007e-06
6.29534e-06
6.54772e-06
6.35460e-06
6.60444e-06
6.41351e-06
6.66026e-06
6.47168e-06
6.71672e-06
6.53322e-06
6.77270e-06
6.59226e-06
6.83714e-06
6.65792e-06
6.89524e-06
6.72418e-06
6.96164e-06
6.78600e-06
7.02216e-06
6.85275e-06
7.08920e-06
6.91974e-06
7.15448e-06
6.99193e-06
7.22601e-06
7.06671e-06
7.29462e-06
7.13702e-06
7.36524e-06
7.21094e-06
7.44207e-06
7.28706e-06
7.51608e-06
7.36501e-06
7.59070e-06
7.44473e-06
7.66569e-06
7.52323e-06
7.74303e-06
7.59873e-06
7.82025e-06
7.68139e-06
7.89730e-06
7.76000e-06
7.97440e-06
7.84057e-06
8.05379e-06
7.91886e-06
8.13163e-06
8.00019e-06
8.21341e-06
8.08403e-06
8.29447e-06
8.16743e-06
8.37697e-06
8.25404e-06
8.46514e-06
8.34526e-06
8.55145e-06
8.43351e-06
8.64080e-06
8.52351e-06
8.72766e-06
8.61288e-06
8.81734e-06
8.70292e-06
8.90328e-06
8.79211e-06
8.99453e-06
8.88291e-06
9.08145e-06
8.97568e-06
9.17680e-06
9.06977e-06
9.26564e-06
9.16144e-06
9.36046e-06
9.25711e-06
9.45477e-06
9.35486e-06
9.54821e-06
9.44782e-06
9.64335e-06
9.54509e-06
9.73849e-06
9.64459e-06
9.83736e-06
9.74430e-06
9.93560e-06
9.84722e-06
1.00350e-05
9.94599e-06
1.01338e-05
1.00493e-05
1.02391e-05
1.01509e-05
1.03382e-05
1.02553e-05
1.04433e-05
1.03572e-05
1.05415e-05
1.04614e-05
1.06439e-05
1.05639e-05
1.07457e-05
1.06680e-05
1.08488e-05
1.07717e-05
1.09515e-05
1.08759e-05
1.10555e-05
1.09795e-05
1.11610e-05
1.10888e-05
1.12675e-05
1.11970e-05
1.13751e-05
1.13038e-05
1.14783e-05
1.14088e-05
1.15847e-05
1.15156e-05
1.16886e-05
1.16221e-05
1.17965e-05
1.17292e-05
1.19033e-05
1.18373e-05
1.20092e-05
1.19442e-05
1.21154e-05
1.20536e-05
1.22246e-05
1.21636e-05
1.23330e-05
1.22691e-05
1.24371e-05
1.23780e-05
1.25440e-05
1.24854e-05
1.26523e-05
1.25966e-05
1.27632e-05
1.27073e-05
1.28692e-05
1.28147e-05
1.29771e-05
1.29210e-05
1.30814e-05
1.30285e-05
1.31896e-05
1.31356e-05
1.32973e-05
1.32484e-05
1.34040e-05
1.33560e-05
1.35095e-05
1.34623e-05
1.36190e-05
1.35719e-05
1.37294e-05
1.36814e-05
1.38360e-05
1.37884e-05
1.39422e-05
1.38950e-05
1.40459e-05
1.40005e-05
1.41547e-05
1.41094e-05
1.42595e-05
1.42127e-05
1.43609e-05
1.43141e-05
1.44597e-05
1.44161e-05
1.45616e-05
1.45160e-05
1.46605e-05
1.46158e-05
1.47640e-05
1.47169e-05
1.48599e-05
1.48173e-05
1.49642e-05
1.49293e-05
1.50557e-05
1.50131e-05
1.51552e-05
1.51114e-05
1.52527e-05
1.52099e-05
1.53486e-05
1.53056e-05
1.54443e-05
1.54019e-05
1.55393e-05
1.54975e-05
1.56338e-05
1.55913e-05
1.57233e-05
1.56842e-05
1.58160e-05
1.57733e-05
1.59036e-05
1.58627e-05
1.59896e-05
1.59467e-05
1.60753e-05
1.60356e-05
1.61621e-05
1.61203e-05
1.62442e-05
1.62033e-05
1.63291e-05
1.62870e-05
1.64109e-05
1.63726e-05
1.64884e-05
1.64456e-05
1.65654e-05
1.65221e-05
1.66410e-05
1.66021e-05
1.67208e-05
1.66754e-05
1.67926e-05
1.67507e-05
1.68672e-05
1.68226e-05
1.69384e-05
1.68960e-05
1.70131e-05
1.69688e-05
1.70795e-05
1.70333e-05
1.71459e-05
1.70982e-05
1.72080e-05
1.71614e-05
1.72700e-05
1.72247e-05
1.73319e-05
1.72846e-05
1.73924e-05
1.73432e-05
1.74451e-05
1.73960e-05
1.74981e-05
1.74484e-05
1.75462e-05
1.74934e-05
1.75929e-05
1.75402e-05
1.76406e-05
1.75872e-05
1.76856e-05
1.76306e-05
1.77272e-05
1.76699e-05
1.77638e-05
1.77076e-05
1.77990e-05
1.77417e-05
1.78327e-05
1.77750e-05
1.78633e-05
1.78026e-05
1.78905e-05
1.78310e-05
1.79182e-05
1.78574e-05
1.79420e-05
1.78790e-05
1.79632e-05
1.79002e-05
1.79818e-05
1.79163e-05
1.79996e-05
1.79343e-05
1.80148e-05
1.79479e-05
1.80207e-05
1.79533e-05
1.80319e-05
1.79607e-05
1.80376e-05
1.79646e-05
1.80401e-05
1.79667e-05
1.80398e-05
1.79646e-05
1.80361e-05
1.79583e-05
1.80287e-05
1.79500e-05
1.80186e-05
1.79393e-05
1.80055e-05
1.79203e-05
1.79859e-05
1.79007e-05
1.79672e-05
1.78784e-05
1.79412e-05
1.78495e-05
1.79130e-05
1.78208e-05
1.78831e-05
1.77908e-05
1.78497e-05
1.77539e-05
1.78128e-05
1.77161e-05
1.77711e-05
1.76672e-05
1.77224e-05
1.76207e-05
1.76750e-05
1.75682e-05
1.76237e-05
1.75145e-05
1.75690e-05
1.74579e-05
1.75084e-05
1.73952e-05
1.74480e-05
1.73298e-05
1.73806e-05
1.72613e-05
1.73092e-05
1.71860e-05
1.72358e-05
1.71074e-05
1.71559e-05
1.70254e-05
1.70728e-05
1.69406e-05
1.69883e-05
1.68525e-05
1.68993e-05
1.67604e-05
1.68070e-05
1.66655e-05
1.67126e-05
1.65709e-05
1.66098e-05
1.64629e-05
1.65091e-05
1.63551e-05
1.63996e-05
1.62416e-05
1.62856e-05
1.61248e-05
1.61677e-05
1.59996e-05
1.60449e-05
1.58732e-05
1.59157e-05
1.57398e-05
1.57848e-05
1.56048e-05
1.56503e-05
1.54626e-05
1.55057e-05
1.53150e-05
1.53613e-05
1.51675e-05
1.52132e-05
1.50128e-05
1.50632e-05
1.48556e-05
1.49039e-05
1.46908e-05
1.47400e-05
1.45219e-05
1.45758e-05
1.43517e-05
1.44069e-05
1.41759e-05
1.42323e-05
1.39919e-05
1.40514e-05
1.38054e-05
1.38690e-05
1.36147e-05
1.36809e-05
1.34181e-05
1.34898e-05
1.32209e-05
1.32934e-05
1.30167e-05
1.30960e-05
1.28106e-05
1.28907e-05
1.25946e-05
1.26825e-05
1.23798e-05
1.24729e-05
1.21562e-05
1.22557e-05
1.19289e-05
1.20342e-05
1.16942e-05
1.18085e-05
1.14571e-05
1.15772e-05
1.12105e-05
1.13421e-05
1.09629e-05
1.11005e-05
1.07009e-05
1.08561e-05
1.04413e-05
1.06098e-05
1.01760e-05
1.03574e-05
9.90403e-06
1.01042e-05
9.62623e-06
9.84388e-06
9.33847e-06
9.57926e-06
9.05053e-06
9.31390e-06
8.75471e-06
9.04527e-06
8.44844e-06
8.76820e-06
8.13649e-06
8.49563e-06
7.82050e-06
8.21724e-06
7.49577e-06
7.94871e-06
7.16670e-06
7.66144e-06
6.79095e-06
7.35276e-06
6.46046e-06
7.20829e-06
6.26152e-06
6.88637e-06
5.45295e-06
6.08105e-06
5.04164e-06
7.18870e-06
6.93539e-06
7.68483e-06
1.86277e-06
-2.19993e-06
-3.85105e-06
1.40992e-05
3.79068e-05
4.22338e-05
-4.68116e-05
-2.43434e-04
-4.34625e-04
-2.58721e-04
-6.01244e-05
1.15817e-05
3.16695e-05
8.57073e-06
-4.44695e-07
-5.86466e-06
1.23095e-06
1.90846e-06
4.79582e-06
1.58918e-06
2.36133e-06
1.35588e-07
1.73371e-06
2.90474e-07
1.59159e-06
4.29360e-08
1.02015e-06
-3.89577e-07
5.32527e-07
-7.18851e-07
1.04061e-07
-1.07591e-06
-3.45962e-07
-1.45915e-06
-7.94516e-07
-1.84688e-06
-1.24045e-06
-2.24027e-06
-1.68584e-06
-2.64343e-06
-2.13261e-06
-3.05440e-06
-2.58130e-06
-3.47055e-06
-3.03189e-06
-3.89091e-06
-3.48354e-06
-4.31953e-06
-3.94021e-06
-4.75386e-06
-4.39864e-06
-5.18920e-06
-4.85800e-06
-5.63159e-06
-5.32287e-06
-6.07570e-06
-5.78426e-06
-6.53249e-06
-6.25874e-06
-6.98650e-06
-6.73137e-06
-7.44674e-06
-7.20801e-06
-7.91279e-06
-7.68642e-06
-8.38148e-06
-8.17133e-06
-8.85470e-06
-8.65705e-06
-9.33090e-06
-9.14573e-06
-9.81077e-06
-9.63648e-06
-1.02955e-05
-1.01355e-05
-1.07875e-05
-1.06392e-05
-1.12790e-05
-1.11410e-05
-1.17756e-05
-1.16475e-05
-1.22709e-05
-1.21528e-05
-1.27737e-05
-1.26646e-05
-1.32771e-05
-1.31780e-05
-1.37811e-05
-1.36872e-05
-1.42907e-05
-1.42084e-05
-1.48038e-05
-1.47312e-05
-1.53179e-05
-1.52533e-05
-1.58339e-05
-1.57802e-05
-1.63556e-05
-1.63103e-05
-1.68772e-05
-1.68411e-05
-1.74016e-05
-1.73731e-05
-1.79294e-05
-1.79073e-05
-1.84584e-05
-1.84506e-05
-1.89882e-05
-1.89888e-05
-1.95204e-05
-1.95311e-05
-2.00548e-05
-2.00783e-05
-2.05928e-05
-2.06252e-05
-2.11327e-05
-2.11765e-05
-2.16721e-05
-2.17277e-05
-2.22094e-05
-2.22783e-05
-2.27521e-05
-2.28363e-05
-2.32944e-05
-2.33952e-05
-2.38421e-05
-2.39555e-05
-2.43840e-05
-2.45176e-05
-2.49286e-05
-2.50803e-05
-2.54715e-05
-2.56492e-05
-2.60182e-05
-2.62201e-05
-2.65632e-05
-2.67925e-05
-2.71107e-05
-2.73668e-05
-2.76560e-05
-2.79484e-05
-2.81976e-05
-2.85329e-05
-2.87391e-05
-2.91132e-05
-2.92656e-05
-2.96930e-05
-2.98076e-05
-3.03178e-05
-3.03597e-05
-3.08932e-05
-3.07681e-05
-3.13690e-05
-3.13216e-05
-3.23856e-05
-3.23659e-05
-3.30267e-05
-3.14865e-05
-3.13567e-05
-3.12186e-05
-3.66524e-05
-4.13260e-05
-4.25826e-05
-2.52460e-05
-1.03558e-06
2.67887e-06
-8.59624e-05
-2.83198e-04
-4.73976e-04
-2.98689e-04
-9.96710e-05
-2.85820e-05
-8.06445e-06
-3.17822e-05
-4.03636e-05
-4.64034e-05
-3.88639e-05
-3.88089e-05
-3.54709e-05
-3.93020e-05
-3.80700e-05
-4.09237e-05
-3.88557e-05
-4.09281e-05
-3.91502e-05
-4.13285e-05
-3.98649e-05
-4.19071e-05
-4.04944e-05
-4.23795e-05
-4.10537e-05
-4.28720e-05
-4.16334e-05
-4.33887e-05
-4.22012e-05
-4.38951e-05
-4.27568e-05
-4.44085e-05
-4.33111e-05
-4.49205e-05
-4.38570e-05
-4.54349e-05
-4.43990e-05
-4.59478e-05
-4.49349e-05
-4.64580e-05
-4.54652e-05
-4.69710e-05
-4.59939e-05
-4.74823e-05
-4.65144e-05
-4.79860e-05
-4.70307e-05
-4.84905e-05
-4.75434e-05
-4.89879e-05
-4.80398e-05
-4.94825e-05
-4.85466e-05
-4.99813e-05
-4.90440e-05
-5.04728e-05
-4.95359e-05
-5.09579e-05
-5.00211e-05
-5.14435e-05
-5.05044e-05
-5.19253e-05
-5.09853e-05
-5.24038e-05
-5.14560e-05
-5.28767e-05
-5.19244e-05
-5.33482e-05
-5.23904e-05
-5.38163e-05
-5.28481e-05
-5.42789e-05
-5.32999e-05
-5.47362e-05
-5.37490e-05
-5.51884e-05
-5.41897e-05
-5.56356e-05
-5.46202e-05
-5.60798e-05
-5.50470e-05
-5.65036e-05
-5.54413e-05
-5.69406e-05
-5.58751e-05
-5.73656e-05
-5.62833e-05
-5.77854e-05
-5.66815e-05
-5.81965e-05
-5.70747e-05
-5.86046e-05
-5.74585e-05
-5.90073e-05
-5.78352e-05
-5.94018e-05
-5.82043e-05
-5.97894e-05
-5.85605e-05
-6.01731e-05
-5.89162e-05
-6.05527e-05
-5.92609e-05
-6.09254e-05
-5.95990e-05
-6.12936e-05
-5.99268e-05
-6.16523e-05
-6.02440e-05
-6.20096e-05
-6.05545e-05
-6.23598e-05
-6.08567e-05
-6.27072e-05
-6.11381e-05
-6.30446e-05
-6.14155e-05
-6.33776e-05
-6.16851e-05
-6.37169e-05
-6.19455e-05
-6.40364e-05
-6.21512e-05
-6.43317e-05
-6.23953e-05
-6.47681e-05
-6.27272e-05
-6.50503e-05
-6.25080e-05
-6.48190e-05
-6.26536e-05
-6.65454e-05
-6.51541e-05
-6.76429e-05
-6.05308e-05
-5.81312e-05
-5.52341e-05
-7.53436e-05
-9.84291e-05
-1.04699e-04
-1.25056e-05
1.86468e-04
3.83170e-04
2.01748e-04
2.61395e-07
-7.53099e-05
-9.49376e-05
-7.33713e-05
-6.13064e-05
-5.55203e-05
-6.04629e-05
-6.79167e-05
-7.88792e-05
-8.30543e-05
-6.56095e-05
-2.33789e-05
5.13883e-06
-7.99646e-05
-3.64857e-04
-7.53031e-04
-7.67133e-04
-3.93235e-04
-1.21577e-04
-3.05968e-05
-3.19441e-05
-6.50445e-05
-7.77470e-05
-7.76062e-05
-6.80130e-05
-6.56799e-05
-6.25696e-05
-6.55633e-05
-6.48937e-05
-7.16712e-05
-7.39732e-05
-7.60731e-05
-5.68128e-05
-3.44685e-05
-2.94099e-05
-1.19536e-04
-3.13318e-04
-5.03286e-04
-3.25122e-04
-1.32376e-04
-6.86844e-05
-5.50116e-05
-5.97319e-05
-2.78706e-05
-3.46744e-06
-8.25568e-05
-3.65518e-04
-7.50238e-04
-7.64261e-04
-3.89052e-04
-1.22672e-04
-3.96734e-05
-4.77448e-05
-6.56353e-05
-3.89452e-05
-7.00289e-06
-7.30444e-05
-3.45444e-04
-7.38197e-04
-7.94191e-04
-4.64417e-04
-1.53551e-04
2.03028e-04
6.79709e-04
9.59916e-04
9.59415e-04
7.05709e-04
2.24613e-04
-5.91341e-05
-1.34384e-04
-5.97874e-05
1.28979e-04
3.77490e-04
4.36184e-04
6.78501e-04
8.95166e-04
9.74475e-04
9.55579e-04
7.26380e-04
3.06030e-04
-5.00313e-05
-3.93767e-04
-7.74077e-04
-7.57464e-04
-3.78533e-04
-1.08033e-04
-2.42465e-05
-2.92053e-05
-6.89514e-05
-8.63784e-05
-7.62714e-05
-3.53208e-05
5.40930e-07
-4.95515e-05
-2.91225e-04
-7.12555e-04
-9.70373e-04
-1.06722e-03
-1.13125e-03
-1.11210e-03
-8.44519e-04
-1.60393e-04
6.53860e-04
1.23345e-03
1.47465e-03
1.06039e-03
3.26833e-04
-2.97317e-04
-8.73414e-04
-1.09252e-03
-8.57121e-04
-1.90981e-04
5.93937e-04
1.19915e-03
1.71799e-03
1.89367e-03
1.71330e-03
1.32914e-03
1.03264e-03
6.74057e-04
-6.09555e-06
-6.84488e-04
-1.02831e-03
-1.10173e-03
-1.04889e-03
-9.27236e-04
-8.48300e-04
-9.94286e-04
-1.58531e-03
-2.47835e-03
-2.73901e-03
-2.14454e-03
-1.25149e-03
-4.48375e-04
1.35532e-04
9.19127e-04
1.86181e-03
2.65545e-03
2.93281e-03
2.71738e-03
2.21199e-03
1.93097e-03
2.01993e-03
2.43231e-03
2.99556e-03
3.88985e-03
4.99282e-03
5.75119e-03
5.53379e-03
4.14525e-03
2.37351e-03
9.74725e-04
1.71332e-04
-7.34191e-05
-1.47055e-04
-4.84374e-04
-1.20038e-03
-2.72024e-03
-4.76996e-03
-6.80967e-03
-8.31554e-03
-8.88133e-03
-8.94326e-03
-8.96681e-03
-9.02125e-03
-8.86443e-03
-8.03762e-03
-6.50748e-03
-4.63201e-03
-3.46311e-03
-3.10882e-03
-2.71830e-03
-1.58268e-03
1.52373e-04
1.41475e-03
2.09187e-03
2.88030e-03
4.04920e-03
5.47670e-03
6.52404e-03
6.91977e-03
6.96079e-03
6.90462e-03
6.85212e-03
6.80388e-03
6.76729e-03
6.85565e-03
7.19898e-03
7.71003e-03
7.73649e-03
6.91212e-03
5.42965e-03
3.79373e-03
2.23410e-03
1.21165e-03
8.99776e-04
9.60287e-04
1.10259e-03
9.88566e-04
2.52236e-04
-1.23030e-03
-3.37462e-03
-5.46462e-03
-7.09620e-03
-8.36687e-03
-8.94473e-03
-9.02785e-03
-8.71323e-03
-7.91438e-03
-6.94207e-03
-6.20904e-03
-5.96954e-03
-5.97417e-03
-5.74420e-03
-4.92876e-03
-3.59457e-03
-2.09060e-03
-1.97137e-04
2.06306e-03
4.29700e-03
5.69040e-03
6.05391e-03
5.71831e-03
4.94285e-03
4.31318e-03
4.19489e-03
4.29558e-03
4.06941e-03
3.93270e-03
4.25123e-03
4.99238e-03
5.50045e-03
4.93367e-03
3.38424e-03
1.37036e-03
-7.49001e-04
-2.82043e-03
-4.60727e-03
-5.75642e-03
-6.06269e-03
-5.55104e-03
-4.26755e-03
-2.95336e-03
-2.12721e-03
-2.06496e-03
-2.63117e-03
-3.22758e-03
-3.55235e-03
-3.13086e-03
-2.12442e-03
-8.72574e-04
4.16757e-04
1.26333e-03
1.84875e-03
2.03168e-03
1.77285e-03
1.23192e-03
8.76902e-04
1.02014e-03
1.82664e-03
3.18515e-03
4.64202e-03
5.44788e-03
5.28644e-03
4.83789e-03
4.44743e-03
4.49560e-03
4.71926e-03
5.18960e-03
6.10015e-03
6.89833e-03
6.70876e-03
5.03830e-03
2.35516e-03
-3.28407e-04
-2.26036e-03
-3.46743e-03
-4.64796e-03
-5.53949e-03
-5.81154e-03
-5.62206e-03
-5.21996e-03
-5.15141e-03
-5.41914e-03
-5.61098e-03
-5.95352e-03
-6.94243e-03
-8.58950e-03
-1.03255e-02
-1.15365e-02
-1.19994e-02
-1.16953e-02
-1.03232e-02
-7.84855e-03
-4.24559e-03
-2.20514e-04
3.09786e-03
4.79931e-03
5.09289e-03
4.77940e-03
4.39496e-03
4.55634e-03
5.05452e-03
5.88448e-03
6.87341e-03
7.77489e-03
8.51346e-03
9.13852e-03
9.96955e-03
1.07158e-02
1.07754e-02
9.98273e-03
8.70221e-03
7.56597e-03
7.29525e-03
7.54248e-03
7.19610e-03
5.92784e-03
3.69632e-03
1.10527e-03
-1.45618e-03
-3.47288e-03
-4.67720e-03
-5.26769e-03
-5.36984e-03
-4.68676e-03
-3.51613e-03
-2.64139e-03
-2.02828e-03
-1.96035e-03
-2.52098e-03
-3.57373e-03
-5.16782e-03
-7.23952e-03
-8.84081e-03
-9.43963e-03
-8.72410e-03
-7.06230e-03
-5.31941e-03
-3.98702e-03
-2.92782e-03
-1.86645e-03
-8.27145e-04
-1.61851e-04
-3.55702e-04
-1.26275e-03
-1.90854e-03
-1.90545e-03
-1.07964e-03
6.32777e-04
3.01394e-03
5.87852e-03
8.44687e-03
9.78934e-03
9.64629e-03
8.33205e-03
6.64901e-03
5.05999e-03
3.18522e-03
9.90209e-04
-1.16748e-03
-2.48101e-03
-2.89694e-03
-2.93534e-03
-2.91366e-03
-2.85602e-03
-2.55711e-03
-1.89765e-03
-1.24629e-03
-9.66860e-04
-8.31732e-04
-5.26896e-04
-2.43408e-05
1.22873e-04
-4.16092e-04
-1.50033e-03
-2.17391e-03
-1.92200e-03
-1.40959e-03
-1.09285e-03
-5.70107e-04
8.64678e-04
3.08305e-03
5.56869e-03
7.38940e-03
8.08590e-03
8.08851e-03
7.67523e-03
6.78164e-03
4.79405e-03
1.88284e-03
-6.71041e-04
-2.29916e-03
-2.78836e-03
-2.75754e-03
-2.94423e-03
-3.70067e-03
-4.71397e-03
-5.34742e-03
-5.09330e-03
-4.13309e-03
-2.67992e-03
-8.57050e-04
6.37602e-04
1.06882e-03
4.42505e-04
-8.54424e-04
-2.56634e-03
-4.16517e-03
-5.23628e-03
-5.84109e-03
-5.38045e-03
-3.27428e-03
-9.03141e-05
3.49691e-03
6.59986e-03
8.72128e-03
9.86080e-03
1.01932e-02
9.90278e-03
8.90450e-03
7.40300e-03
6.04551e-03
5.22831e-03
5.26601e-03
6.02811e-03
6.81496e-03
6.96950e-03
6.35848e-03
5.27947e-03
3.94239e-03
2.53144e-03
1.50320e-03
8.58242e-04
1.95630e-04
-3.71017e-04
-6.82491e-04
-1.06656e-03
-1.78207e-03
-2.49469e-03
-2.77226e-03
-2.68669e-03
-2.55526e-03
-2.87833e-03
-4.12243e-03
-6.03204e-03
-7.49543e-03
-8.16319e-03
-8.22626e-03
-8.27726e-03
-8.11653e-03
-6.67640e-03
-4.15890e-03
-1.44387e-03
7.13232e-04
2.21301e-03
3.29995e-03
3.83314e-03
3.22067e-03
1.37907e-03
-1.39771e-03
-4.47463e-03
-7.12099e-03
-8.63378e-03
-8.88012e-03
-7.86438e-03
-5.57539e-03
-2.36556e-03
7.05334e-04
2.89436e-03
3.99347e-03
4.05521e-03
3.38155e-03
2.32476e-03
1.01798e-03
-4.48749e-04
-1.54643e-03
-1.96023e-03
-1.61661e-03
-2.75931e-04
1.91480e-03
4.89326e-03
8.39444e-03
1.17424e-02
1.45476e-02
1.63926e-02
1.71256e-02
1.70724e-02
1.61323e-02
1.39990e-02
1.06229e-02
6.59233e-03
2.64536e-03
-5.14043e-04
-2.33478e-03
-2.67571e-03
-2.03125e-03
-1.27648e-03
-9.65918e-04
-1.96743e-03
-4.30815e-03
-7.04831e-03
-9.41286e-03
-1.12703e-02
-1.26232e-02
-1.35294e-02
-1.36655e-02
-1.25460e-02
-9.95678e-03
-6.36998e-03
-2.69988e-03
3.75444e-04
1.93775e-03
2.10617e-03
1.57709e-03
9.61981e-04
3.98058e-04
5.62192e-05
4.50028e-05
4.90906e-04
1.70029e-03
3.21564e-03
4.81525e-03
5.95125e-03
6.32690e-03
5.96693e-03
4.91971e-03
3.68168e-03
3.13940e-03
3.29143e-03
3.83435e-03
4.18552e-03
4.13695e-03
3.63747e-03
2.78127e-03
1.44967e-03
2.17925e-04
-3.60515e-04
-1.26467e-05
9.36234e-04
2.06282e-03
3.19755e-03
4.02742e-03
4.14826e-03
3.26946e-03
1.39817e-03
-1.24304e-03
-4.16163e-03
-6.96699e-03
-9.28429e-03
-1.00944e-02
-8.84845e-03
-6.26889e-03
-3.28846e-03
-5.45958e-04
1.70130e-03
2.75964e-03
2.47453e-03
1.33321e-03
-4.36505e-04
-2.57429e-03
-4.74927e-03
-6.38773e-03
-6.57681e-03
-5.00629e-03
-2.13379e-03
1.15560e-03
3.80978e-03
4.65571e-03
3.35692e-03
8.48572e-04
-1.67159e-03
-3.62434e-03
-4.56387e-03
-4.35148e-03
-3.35618e-03
-2.47069e-03
-1.90645e-03
-1.88848e-03
-2.41390e-03
-2.98672e-03
-3.53730e-03
-3.70404e-03
-3.48940e-03
-3.09340e-03
-2.89133e-03
-2.68474e-03
-1.97864e-03
-6.50694e-04
1.14047e-03
2.64723e-03
3.09441e-03
2.76440e-03
2.46631e-03
3.36203e-03
5.65392e-03
8.38550e-03
1.06791e-02
1.22383e-02
1.30391e-02
1.27212e-02
1.10349e-02
8.51250e-03
6.01345e-03
4.01760e-03
2.13323e-03
4.44820e-04
-4.98472e-04
-4.82425e-04
1.64465e-04
6.02877e-04
2.58158e-04
-3.72774e-04
-7.09486e-04
-8.77760e-04
-1.26758e-03
-2.13772e-03
-3.87520e-03
-5.90629e-03
-7.16620e-03
-7.81698e-03
-8.75669e-03
-1.03968e-02
-1.23925e-02
-1.41287e-02
-1.50390e-02
-1.51375e-02
-1.49932e-02
-1.43182e-02
-1.23625e-02
-9.33311e-03
-6.36287e-03
-4.16415e-03
-2.69727e-03
-1.60969e-03
-8.33007e-04
-6.46467e-04
-9.40039e-04
-4.15232e-04
2.12350e-03
6.30594e-03
1.08213e-02
1.46547e-02
1.78701e-02
2.04142e-02
2.17473e-02
2.15781e-02
1.99405e-02
1.74917e-02
1.51919e-02
1.33176e-02
1.18695e-02
1.05001e-02
9.14857e-03
7.47620e-03
5.29303e-03
2.51544e-03
-6.46811e-04
-3.78742e-03
-6.38855e-03
-8.63950e-03
-1.07413e-02
-1.22057e-02
-1.22882e-02
-1.08972e-02
-8.95469e-03
-7.29255e-03
-6.42105e-03
-5.97475e-03
-5.83592e-03
-5.73733e-03
-5.44575e-03
-5.06712e-03
-5.07309e-03
-5.42731e-03
-5.51349e-03
-5.17895e-03
-4.68315e-03
-3.92170e-03
-2.96571e-03
-1.93429e-03
-8.51747e-04
1.32976e-04
8.03430e-04
9.80281e-04
1.01531e-03
1.40619e-03
2.38747e-03
3.43835e-03
3.65571e-03
3.28541e-03
3.36939e-03
4.33386e-03
5.57591e-03
5.78357e-03
4.39413e-03
1.80078e-03
-1.47777e-03
-5.24257e-03
-9.25952e-03
-1.32529e-02
-1.69056e-02
-1.98265e-02
-2.21629e-02
-2.44864e-02
-2.71562e-02
-2.97411e-02
-3.17304e-02
-3.32643e-02
-3.51670e-02
-3.78739e-02
-4.12887e-02
-4.50389e-02
-4.91635e-02
-5.32955e-02
-5.75257e-02
-6.21621e-02
-6.70535e-02
-7.19655e-02
-7.67088e-02
-8.11746e-02
-8.55027e-02
-8.92908e-02
-9.21142e-02
-9.28435e-02
-9.02227e-02
-8.32880e-02
-7.26802e-02
-5.99904e-02
-4.59384e-02
-3.06525e-02
-1.44059e-02
2.30325e-03
1.82849e-02
3.28872e-02
4.62710e-02
5.82991e-02
6.92700e-02
7.95604e-02
8.93381e-02
9.81221e-02
1.05179e-01
1.10132e-01
1.13059e-01
1.13719e-01
1.12054e-01
1.09073e-01
1.06151e-01
1.03582e-01
1.00401e-01
9.57242e-02
8.86153e-02
7.94227e-02
6.89923e-02
5.74847e-02
4.42198e-02
2.89359e-02
1.18267e-02
-6.73005e-03
-2.63758e-02
-4.57719e-02
-6.36995e-02
-7.90537e-02
-9.10291e-02
-1.00398e-01
-1.08925e-01
-1.17167e-01
-1.24454e-01
-1.29315e-01
-1.30726e-01
-1.28283e-01
-1.21944e-01
-1.12185e-01
-9.93997e-02
-8.41846e-02
-6.63806e-02
-4.52067e-02
-2.03604e-02
7.53711e-03
3.72736e-02
6.73523e-02
9.51389e-02
1.19018e-01
1.39174e-01
1.55881e-01
1.69478e-01
1.80481e-01
1.89280e-01
1.96102e-01
2.01586e-01
2.05628e-01
2.07325e-01
2.06436e-01
2.03244e-01
1.97399e-01
1.89026e-01
1.78896e-01
1.68044e-01
1.56815e-01
1.45222e-01
1.33506e-01
1.22075e-01
1.10988e-01
9.97507e-02
8.75939e-02
7.45077e-02
6.03370e-02
4.51765e-02
2.85593e-02
1.01209e-02
-1.16573e-02
-3.62950e-02
-6.03994e-02
-8.03746e-02
-9.46610e-02
-1.04480e-01
-1.12712e-01
-1.20650e-01
-1.27340e-01
-1.31832e-01
-1.34537e-01
-1.36830e-01
-1.39813e-01
-1.43433e-01
-1.47521e-01
-1.51268e-01
-1.54257e-01
-1.55965e-01
-1.55721e-01
-1.53550e-01
-1.49546e-01
-1.43552e-01
-1.37425e-01
-1.32522e-01
-1.27909e-01
-1.21702e-01
-1.14438e-01
-1.07677e-01
-1.01013e-01
-9.46335e-02
-8.85946e-02
-8.23337e-02
-7.41622e-02
-6.51149e-02
-5.48950e-02
-4.17321e-02
-2.49822e-02
-6.03080e-03
1.15236e-02
2.54223e-02
3.58737e-02
4.35470e-02
4.96672e-02
5.60420e-02
6.35897e-02
7.08736e-02
7.54124e-02
7.74734e-02
7.88777e-02
8.23161e-02
9.17377e-02
1.07370e-01
1.19954e-01
1.19737e-01
1.06318e-01
8.50407e-02
5.87358e-02
2.85327e-02
-1.88611e-03
-2.80723e-02
-4.68053e-02
-5.96696e-02
-7.21122e-02
-8.35524e-02
-8.97082e-02
-9.07847e-02
-8.97782e-02
-8.93029e-02
-8.99554e-02
-9.15525e-02
-9.40318e-02
-9.67179e-02
-9.90798e-02
-1.00685e-01
-9.98293e-02
-9.46201e-02
-8.53671e-02
-7.31145e-02
-5.92593e-02
-4.58651e-02
-3.49003e-02
-2.57962e-02
-1.60213e-02
-3.80947e-03
1.07603e-02
2.64152e-02
4.13870e-02
5.46358e-02
6.68856e-02
7.96474e-02
9.25194e-02
1.03740e-01
1.12948e-01
1.21269e-01
1.28114e-01
1.32596e-01
1.35161e-01
1.38006e-01
1.39822e-01
1.40639e-01
1.41771e-01
1.44130e-01
1.46103e-01
1.44336e-01
1.37371e-01
1.26956e-01
1.14949e-01
1.01779e-01
8.75181e-02
7.29989e-02
5.79094e-02
4.13288e-02
2.43072e-02
6.00218e-03
-1.32764e-02
-3.14581e-02
-4.90223e-02
-6.70173e-02
-8.31934e-02
-9.61844e-02
-1.06793e-01
-1.15360e-01
-1.21093e-01
-1.24140e-01
-1.24949e-01
-1.23281e-01
-1.18882e-01
-1.11748e-01
-1.01811e-01
-8.88941e-02
-7.32669e-02
-5.62169e-02
-3.77786e-02
-1.84711e-02
5.37379e-04
1.90988e-02
3.64037e-02
5.12104e-02
6.23988e-02
7.04071e-02
7.71284e-02
8.26423e-02
8.59346e-02
8.62416e-02
8.45235e-02
8.10633e-02
7.61621e-02
6.99268e-02
6.20974e-02
5.19872e-02
3.89987e-02
2.29370e-02
5.55902e-03
-1.13122e-02
-2.70442e-02
-4.15574e-02
-5.43856e-02
-6.47770e-02
-7.24708e-02
-7.74105e-02
-8.04846e-02
-8.24099e-02
-8.36066e-02
-8.44225e-02
-8.49128e-02
-8.50155e-02
-8.41276e-02
-8.12334e-02
-7.55854e-02
-6.72219e-02
-5.70434e-02
-4.60391e-02
-3.44711e-02
-2.21909e-02
-9.01171e-03
4.56500e-03
1.77922e-02
3.02968e-02
4.15042e-02
5.11625e-02
5.89086e-02
6.37610e-02
6.50303e-02
6.33023e-02
6.00400e-02
5.60106e-02
5.05173e-02
4.34212e-02
3.52130e-02
2.63938e-02
1.78660e-02
1.07021e-02
5.22092e-03
1.26003e-03
-1.34452e-03
-2.68991e-03
-3.34483e-03
-2.86054e-03
-1.37833e-03
1.47950e-03
6.01977e-03
1.17041e-02
1.78196e-02
2.34987e-02
2.78293e-02
3.01927e-02
3.02727e-02
2.77577e-02
2.28973e-02
1.63429e-02
9.31024e-03
3.00918e-03
-1.63629e-03
-4.90121e-03
-7.47812e-03
-9.82969e-03
-1.25843e-02
-1.59524e-02
-1.98575e-02
-2.44681e-02
-2.89798e-02
-3.21395e-02
-3.34488e-02
-3.31026e-02
-3.17128e-02
-2.94685e-02
-2.66603e-02
-2.32439e-02
-1.98135e-02
-1.71630e-02
-1.52272e-02
-1.39949e-02
-1.33629e-02
-1.32311e-02
-1.30791e-02
-1.21598e-02
-1.00933e-02
-6.97986e-03
-3.51358e-03
4.17486e-05
3.42413e-03
6.50859e-03
9.00776e-03
1.02985e-02
1.04333e-02
9.81470e-03
8.92897e-03
7.76897e-03
5.86982e-03
2.94032e-03
-7.80316e-04
-4.56271e-03
-7.61892e-03
-9.71500e-03
-1.10821e-02
-1.21172e-02
-1.26962e-02
-1.22694e-02
-1.05738e-02
-7.45428e-03
-2.76960e-03
2.89420e-03
8.59539e-03
1.33751e-02
1.67848e-02
1.81409e-02
1.74729e-02
1.53231e-02
1.23278e-02
8.53730e-03
4.71785e-03
1.38955e-03
-6.07498e-04
-7.09007e-04
1.53183e-03
5.53628e-03
9.99256e-03
1.45213e-02
1.86499e-02
2.14862e-02
2.27363e-02
2.31924e-02
2.30272e-02
2.25473e-02
2.23445e-02
2.25743e-02
2.30367e-02
2.32276e-02
2.28959e-02
2.21627e-02
2.06278e-02
1.85137e-02
1.61354e-02
1.38821e-02
1.15878e-02
8.94376e-03
6.08684e-03
3.21090e-03
2.65549e-04
-3.04854e-03
-7.23601e-03
-1.22400e-02
-1.81289e-02
-2.47247e-02
-3.13993e-02
-3.66897e-02
-4.01687e-02
-4.24513e-02
-4.41812e-02
-4.55485e-02
-4.64206e-02
-4.62791e-02
-4.47491e-02
-4.21727e-02
-3.90376e-02
-3.54097e-02
-3.11780e-02
-2.59326e-02
-1.96200e-02
-1.22261e-02
-4.28134e-03
3.54573e-03
1.07205e-02
1.69288e-02
2.20694e-02
2.68145e-02
3.13058e-02
3.52024e-02
3.87369e-02
4.25305e-02
4.68353e-02
5.13750e-02
5.53596e-02
5.89086e-02
6.21394e-02
6.40462e-02
6.40544e-02
6.21493e-02
5.81985e-02
5.19861e-02
4.39504e-02
3.44871e-02
2.45366e-02
1.50104e-02
6.72318e-03
-2.83873e-04
-6.31692e-03
-1.18982e-02
-1.75117e-02
-2.38350e-02
-3.08059e-02
-3.83154e-02
-4.63268e-02
-5.51162e-02
-6.49097e-02
-7.55239e-02
-8.62777e-02
-9.62841e-02
-1.04770e-01
-1.11201e-01
-1.14963e-01
-1.16252e-01
-1.15474e-01
-1.12925e-01
-1.08870e-01
-1.03288e-01
-9.62724e-02
-8.78954e-02
-7.75190e-02
-6.49737e-02
-5.06792e-02
-3.55026e-02
-2.04213e-02
-6.68332e-03
5.10305e-03
1.45153e-02
2.15192e-02
2.74392e-02
3.33369e-02
3.97940e-02
4.69412e-02
5.48742e-02
6.34305e-02
7.20466e-02
8.02450e-02
8.78268e-02
9.44033e-02
9.88338e-02
1.00292e-01
9.94421e-02
9.70358e-02
9.37046e-02
9.06384e-02
8.85352e-02
8.75432e-02
8.73857e-02
8.74255e-02
8.70249e-02
8.57925e-02
8.39444e-02
8.14898e-02
7.79432e-02
7.33043e-02
6.76051e-02
6.07409e-02
5.23579e-02
4.22471e-02
3.02131e-02
1.68606e-02
2.96548e-03
-1.01236e-02
-2.16311e-02
-3.13586e-02
-3.88248e-02
-4.37531e-02
-4.59596e-02
-4.57699e-02
-4.42507e-02
-4.22150e-02
-4.07116e-02
-3.98690e-02
-3.93799e-02
-3.87836e-02
-3.79945e-02
-3.70066e-02
-3.54969e-02
-3.31408e-02
-3.02937e-02
-2.74094e-02
-2.47242e-02
-2.23724e-02
-2.10210e-02
-2.10869e-02
-2.26020e-02
-2.52312e-02
-2.84841e-02
-3.21626e-02
-3.56631e-02
-3.82433e-02
-3.86483e-02
-3.60549e-02
-3.04212e-02
-2.23563e-02
-1.30912e-02
-3.51227e-03
5.38632e-03
1.28382e-02
1.85288e-02
2.22465e-02
2.44713e-02
2.67171e-02
2.97722e-02
3.41030e-02
3.96486e-02
4.59776e-02
5.17674e-02
5.47973e-02
5.43566e-02
5.15766e-02
4.73710e-02
4.19868e-02
3.55095e-02
2.76747e-02
1.81210e-02
7.92898e-03
-1.87409e-03
-1.06270e-02
-1.81989e-02
-2.54316e-02
-3.36865e-02
-4.29179e-02
-5.20768e-02
-6.06179e-02
-6.82335e-02
-7.52506e-02
-8.13783e-02
-8.54369e-02
-8.57947e-02
-8.13272e-02
-7.22531e-02
-6.01732e-02
-4.71693e-02
-3.46105e-02
-2.32608e-02
-1.31333e-02
-4.22053e-03
3.24300e-03
9.20140e-03
1.52225e-02
2.18125e-02
2.77552e-02
3.16281e-02
3.33597e-02
3.38289e-02
3.35295e-02
3.31287e-02
3.24318e-02
3.09616e-02
2.81572e-02
2.33201e-02
1.70276e-02
1.00419e-02
3.14622e-03
-3.69599e-03
-1.13371e-02
-1.94957e-02
-2.71804e-02
-3.37795e-02
-3.95628e-02
-4.46281e-02
-4.81354e-02
-4.95916e-02
-4.97555e-02
-4.87183e-02
-4.58992e-02
-4.08135e-02
-3.36629e-02
-2.58590e-02
-1.89546e-02
-1.37481e-02
-9.99300e-03
-6.60829e-03
-2.25425e-03
3.58923e-03
9.72987e-03
1.49467e-02
1.82959e-02
1.92238e-02
1.76277e-02
1.41518e-02
9.86832e-03
5.61628e-03
2.22922e-03
-2.23882e-04
-1.96686e-03
-2.72021e-03
-2.25727e-03
-7.80644e-04
1.55957e-03
5.11821e-03
9.95195e-03
1.58813e-02
2.24231e-02
2.86912e-02
3.40504e-02
3.79732e-02
4.06842e-02
4.21496e-02
4.21576e-02
4.03718e-02
3.65672e-02
3.11762e-02
2.51468e-02
1.94584e-02
1.48713e-02
1.17351e-02
1.02995e-02
1.07817e-02
1.22292e-02
1.33908e-02
1.36144e-02
1.29459e-02
1.17286e-02
1.03131e-02
9.11225e-03
8.97826e-03
9.88977e-03
1.11002e-02
1.24086e-02
1.31419e-02
1.28953e-02
1.24022e-02
1.21450e-02
1.28623e-02
1.44595e-02
1.72246e-02
2.10360e-02
2.51654e-02
2.87058e-02
3.06525e-02
3.07662e-02
2.97252e-02
2.76585e-02
2.43232e-02
1.96965e-02
1.45355e-02
9.06948e-03
3.29583e-03
-2.07585e-03
-6.18292e-03
-8.91905e-03
-1.09081e-02
-1.24635e-02
-1.36009e-02
-1.46340e-02
-1.59695e-02
-1.77549e-02
-1.94231e-02
-2.00017e-02
-1.89824e-02
-1.60865e-02
-1.16615e-02
-6.75662e-03
-2.32929e-03
1.01438e-03
2.68928e-03
2.92211e-03
2.05030e-03
9.26247e-05
-2.99869e-03
-7.17701e-03
-1.19349e-02
-1.71651e-02
-2.31709e-02
-2.98310e-02
-3.63670e-02
-4.17793e-02
-4.56206e-02
-4.76518e-02
-4.79593e-02
-4.60666e-02
-4.18735e-02
-3.53348e-02
-2.69176e-02
-1.78696e-02
-9.28016e-03
-2.30746e-03
2.60457e-03
5.59454e-03
6.47304e-03
4.87525e-03
1.19889e-03
-3.73946e-03
-8.84776e-03
-1.39611e-02
-1.84520e-02
-2.20090e-02
-2.43850e-02
-2.56832e-02
-2.62465e-02
-2.60950e-02
-2.55954e-02
-2.45888e-02
-2.30361e-02
-2.12799e-02
-1.92976e-02
-1.66259e-02
-1.27166e-02
-8.05467e-03
-3.09548e-03
2.12303e-03
6.74915e-03
1.02112e-02
1.28445e-02
1.50242e-02
1.64151e-02
1.69155e-02
1.65264e-02
1.48833e-02
1.21755e-02
8.91465e-03
5.62147e-03
3.00865e-03
1.15121e-03
-1.53564e-05
-6.21730e-04
-9.53484e-04
-1.50554e-03
-2.61017e-03
-3.58459e-03
-4.10562e-03
-4.29535e-03
-4.05328e-03
-2.89643e-03
-5.87126e-04
2.54053e-03
6.18627e-03
1.01038e-02
1.42528e-02
1.88687e-02
2.38121e-02
2.89009e-02
3.37515e-02
3.78003e-02
4.05809e-02
4.20439e-02
4.26542e-02
4.29025e-02
4.24231e-02
4.12587e-02
3.95110e-02
3.75981e-02
3.59070e-02
3.44782e-02
3.26912e-02
3.00152e-02
2.61555e-02
2.10151e-02
1.48638e-02
8.59530e-03
2.73277e-03
-2.33845e-03
-6.40600e-03
-9.43727e-03
-1.14756e-02
-1.27272e-02
-1.35691e-02
-1.42929e-02
-1.52074e-02
-1.66998e-02
-1.81690e-02
-1.87556e-02
-1.85535e-02
-1.79154e-02
-1.75983e-02
-1.80146e-02
-1.92417e-02
-2.05936e-02
-2.15591e-02
-2.17507e-02
-2.09017e-02
-1.89557e-02
-1.59676e-02
-1.23020e-02
-8.63525e-03
-5.49122e-03
-2.85066e-03
-5.50681e-04
8.90295e-04
1.11924e-03
-7.46232e-05
-2.77104e-03
-6.23930e-03
-9.40405e-03
-1.16348e-02
-1.27528e-02
-1.27345e-02
-1.17577e-02
-1.02110e-02
-8.71868e-03
-7.51449e-03
-6.91179e-03
-6.54805e-03
-6.11578e-03
-6.06342e-03
-6.62619e-03
-7.75499e-03
-9.48107e-03
-1.16790e-02
-1.41691e-02
-1.65619e-02
-1.86496e-02
-2.01435e-02
-2.05258e-02
-1.99656e-02
-1.88087e-02
-1.70973e-02
-1.48411e-02
-1.20868e-02
-9.25594e-03
-6.98945e-03
-5.53558e-03
-4.89491e-03
-4.11238e-03
-2.33633e-03
8.41507e-04
5.31893e-03
1.00977e-02
1.41075e-02
1.68371e-02
1.83314e-02
1.85547e-02
1.78449e-02
1.68908e-02
1.60579e-02
1.55349e-02
1.50821e-02
1.48354e-02
1.47052e-02
1.46770e-02
1.49417e-02
1.57090e-02
1.67188e-02
1.75476e-02
1.78020e-02
1.75138e-02
1.69644e-02
1.68391e-02
1.74931e-02
1.87840e-02
2.04005e-02
2.16125e-02
2.18322e-02
2.07716e-02
1.82855e-02
1.48072e-02
1.08277e-02
7.39886e-03
4.90882e-03
3.38961e-03
3.14282e-03
3.89967e-03
4.97411e-03
5.69758e-03
5.41825e-03
4.03082e-03
1.36280e-03
-2.28241e-03
-6.30282e-03
-1.03065e-02
-1.40069e-02
-1.72270e-02
-2.01758e-02
-2.30713e-02
-2.60124e-02
-2.90449e-02
-3.20885e-02
-3.48719e-02
-3.69779e-02
-3.81641e-02
-3.83822e-02
-3.75393e-02
-3.54660e-02
-3.19478e-02
-2.71952e-02
-2.14938e-02
-1.51397e-02
-8.31004e-03
-1.58522e-03
5.14394e-03
1.18026e-02
1.80335e-02
2.37678e-02
2.88033e-02
3.31561e-02
3.69535e-02
3.99843e-02
4.20809e-02
4.32848e-02
4.38341e-02
4.39826e-02
4.42714e-02
4.42797e-02
4.34363e-02
4.16923e-02
3.92244e-02
3.64171e-02
3.31809e-02
3.00324e-02
2.72346e-02
2.47747e-02
2.23998e-02
2.00251e-02
1.73411e-02
1.41584e-02
1.05355e-02
6.75439e-03
3.18756e-03
-1.52930e-04
-2.73294e-03
-4.42078e-03
-4.96444e-03
-4.49245e-03
-3.20719e-03
-1.85167e-03
-9.59144e-04
-9.01149e-04
-1.79191e-03
-3.30286e-03
-4.94233e-03
-6.52031e-03
-7.55563e-03
-7.70723e-03
-7.05571e-03
-5.79078e-03
-4.03358e-03
-2.07927e-03
-2.95185e-04
1.11602e-03
2.14032e-03
2.65579e-03
2.40776e-03
1.84311e-03
1.24696e-03
1.17963e-03
1.92839e-03
3.19740e-03
4.55037e-03
5.22345e-03
5.08254e-03
4.09638e-03
2.39655e-03
4.35857e-04
-1.55680e-03
-3.51781e-03
-5.48591e-03
-7.47490e-03
-9.46916e-03
-1.13658e-02
-1.30715e-02
-1.46198e-02
-1.64093e-02
-1.83688e-02
-2.01028e-02
-2.11922e-02
-2.16019e-02
-2.16575e-02
-2.14173e-02
-2.06795e-02
-1.94291e-02
-1.77675e-02
-1.61269e-02
-1.48318e-02
-1.35429e-02
-1.19150e-02
-1.01083e-02
-8.47563e-03
-7.20840e-03
-6.89578e-03
-7.47457e-03
-8.43257e-03
-9.55425e-03
-1.08326e-02
-1.22204e-02
-1.32692e-02
-1.38936e-02
-1.43679e-02
-1.45550e-02
-1.45423e-02
-1.45560e-02
-1.47557e-02
-1.52596e-02
-1.57921e-02
-1.63196e-02
-1.65709e-02
-1.65658e-02
-1.64984e-02
-1.65137e-02
-1.67872e-02
-1.72905e-02
-1.75856e-02
-1.74353e-02
-1.67712e-02
-1.57391e-02
-1.45143e-02
-1.31387e-02
-1.18854e-02
-1.05173e-02
-8.81449e-03
-7.16286e-03
-6.06847e-03
-5.50415e-03
-5.04939e-03
-4.59265e-03
-3.91459e-03
-3.05068e-03
-2.08823e-03
-7.63770e-04
1.15001e-03
3.46500e-03
5.52289e-03
7.27382e-03
8.98725e-03
1.03909e-02
1.09736e-02
1.10501e-02
1.09554e-02
1.09490e-02
1.11687e-02
1.16628e-02
1.21168e-02
1.26071e-02
1.30954e-02
1.38552e-02
1.48512e-02
1.58394e-02
1.65731e-02
1.69113e-02
1.71495e-02
1.75663e-02
1.79808e-02
1.84957e-02
1.90386e-02
1.98059e-02
2.06856e-02
2.14264e-02
2.20027e-02
2.27469e-02
2.36415e-02
2.44611e-02
2.50754e-02
2.55448e-02
2.55995e-02
2.52000e-02
2.46662e-02
2.38650e-02
2.29202e-02
2.20223e-02
2.11512e-02
2.00472e-02
1.81434e-02
1.51084e-02
1.10163e-02
6.51113e-03
1.78258e-03
-2.88146e-03
-7.19855e-03
-1.12644e-02
-1.49638e-02
-1.79134e-02
-2.00243e-02
-2.15984e-02
-2.30768e-02
-2.42941e-02
-2.51081e-02
-2.54119e-02
-2.53036e-02
-2.48687e-02
-2.41433e-02
-2.27698e-02
-2.08388e-02
-1.85689e-02
-1.60505e-02
-1.37954e-02
-1.19794e-02
-1.06947e-02
-9.76679e-03
-9.05327e-03
-8.46841e-03
-7.72164e-03
-7.02218e-03
-6.71023e-03
-6.66535e-03
-6.70972e-03
-6.72931e-03
-6.67478e-03
-6.61961e-03
-6.77267e-03
-7.43061e-03
-8.63162e-03
-1.03783e-02
-1.23687e-02
-1.42006e-02
-1.55598e-02
-1.63634e-02
-1.64777e-02
-1.58766e-02
-1.46786e-02
-1.27270e-02
-1.00890e-02
-7.13584e-03
-4.15706e-03
-1.32602e-03
1.24378e-03
3.62872e-03
5.51285e-03
6.95751e-03
8.66667e-03
1.10414e-02
1.42098e-02
1.75105e-02
2.04437e-02
2.26202e-02
2.37344e-02
2.36588e-02
2.22975e-02
1.99166e-02
1.65634e-02
1.26228e-02
8.37246e-03
3.91498e-03
-2.74727e-04
-4.04400e-03
-7.34372e-03
-1.03342e-02
-1.30502e-02
-1.52966e-02
-1.71087e-02
-1.84948e-02
-1.95420e-02
-2.00768e-02
-1.96951e-02
-1.85879e-02
-1.69213e-02
-1.49153e-02
-1.26414e-02
-1.00568e-02
-7.44978e-03
-4.93575e-03
-2.12331e-03
1.02327e-03
4.19835e-03
6.80213e-03
8.87978e-03
1.06208e-02
1.19155e-02
1.28232e-02
1.31304e-02
1.26813e-02
1.12951e-02
9.38909e-03
7.35759e-03
5.30117e-03
3.30842e-03
1.51671e-03
1.91058e-04
-6.20648e-04
-8.21392e-04
-5.55014e-04
-1.06121e-04
-3.96151e-07
-3.64670e-04
-9.04796e-04
-1.73821e-03
-2.70111e-03
-3.48111e-03
-3.85920e-03
-3.88614e-03
-3.58639e-03
-2.86467e-03
-2.00625e-03
-1.20894e-03
-4.24855e-04
7.21834e-04
1.92855e-03
3.05461e-03
4.07652e-03
4.78838e-03
5.05328e-03
5.07385e-03
5.10851e-03
5.20604e-03
5.21480e-03
4.72316e-03
3.39929e-03
1.61052e-03
-3.38463e-04
-2.64878e-03
-5.61477e-03
-9.06087e-03
-1.21617e-02
-1.43650e-02
-1.54591e-02
-1.55200e-02
-1.48201e-02
-1.37649e-02
-1.25088e-02
-1.11301e-02
-9.90492e-03
-8.69951e-03
-7.20970e-03
-5.53834e-03
-3.59032e-03
-1.81298e-03
-7.36857e-05
1.64906e-03
3.18290e-03
4.70020e-03
5.91347e-03
6.76418e-03
7.29683e-03
7.71440e-03
7.93471e-03
8.12506e-03
8.61164e-03
9.35581e-03
1.05427e-02
1.17153e-02
1.27318e-02
1.37826e-02
1.50176e-02
1.64656e-02
1.76721e-02
1.85075e-02
1.90695e-02
1.96848e-02
2.03354e-02
2.09177e-02
2.17646e-02
2.27076e-02
2.33325e-02
2.32310e-02
2.25404e-02
2.11010e-02
1.91620e-02
1.69824e-02
1.45430e-02
1.20489e-02
9.34045e-03
6.58068e-03
4.06634e-03
1.80972e-03
1.01665e-04
-1.37230e-03
-2.81216e-03
-4.50056e-03
-6.46003e-03
-8.48312e-03
-1.04791e-02
-1.22404e-02
-1.36410e-02
-1.46927e-02
-1.52493e-02
-1.48911e-02
-1.37949e-02
-1.20235e-02
-9.77843e-03
-7.28159e-03
-5.02257e-03
-3.20754e-03
-1.90876e-03
-9.73013e-04
-2.71778e-04
2.60952e-04
9.55518e-04
1.72167e-03
2.35066e-03
2.88607e-03
2.92348e-03
2.29734e-03
1.25077e-03
-5.82680e-05
-1.43925e-03
-2.44285e-03
-3.09427e-03
-3.84527e-03
-4.55461e-03
-4.85135e-03
-4.66267e-03
-4.02992e-03
-3.25314e-03
-2.50399e-03
-1.49410e-03
-4.86741e-04
6.70517e-04
1.62881e-03
2.25293e-03
3.01793e-03
3.84572e-03
4.57762e-03
5.16370e-03
5.95778e-03
6.89054e-03
7.65875e-03
8.00544e-03
8.01568e-03
7.79995e-03
7.36946e-03
6.89488e-03
6.10512e-03
4.92625e-03
3.51728e-03
2.22192e-03
1.00908e-03
-3.74101e-04
-1.84258e-03
-3.65679e-03
-5.65790e-03
-7.43652e-03
-8.55854e-03
-8.93469e-03
-8.75814e-03
-8.04231e-03
-6.83863e-03
-5.13860e-03
-3.13343e-03
-1.11587e-03
6.81335e-04
1.96588e-03
2.77770e-03
3.09704e-03
3.09584e-03
2.78406e-03
2.12162e-03
1.40380e-03
8.80870e-04
3.29352e-04
-1.82855e-04
-7.17008e-04
-9.64734e-04
-7.55520e-04
-1.09882e-04
6.69058e-04
1.28376e-03
1.84335e-03
2.07303e-03
1.85904e-03
1.18677e-03
2.60633e-04
-7.50416e-04
-1.94677e-03
-3.39463e-03
-4.95067e-03
-6.62560e-03
-8.17188e-03
-9.25740e-03
-1.02569e-02
-1.07978e-02
-1.09411e-02
-1.06926e-02
-9.81129e-03
-8.35415e-03
-6.63025e-03
-4.63202e-03
-2.85906e-03
-1.27680e-03
-1.53508e-05
8.01762e-04
1.09800e-03
8.63436e-04
1.64097e-04
-7.76272e-04
-1.73639e-03
-2.76625e-03
-3.95671e-03
-5.41368e-03
-6.87220e-03
-8.36081e-03
-9.71622e-03
-1.10048e-02
-1.21835e-02
-1.27278e-02
-1.28255e-02
-1.27897e-02
-1.27451e-02
-1.27498e-02
-1.27710e-02
-1.27849e-02
-1.27675e-02
-1.27357e-02
-1.27313e-02
-1.28087e-02
-1.29212e-02
-1.27974e-02
-1.19385e-02
-1.00403e-02
-7.15282e-03
-3.68872e-03
-3.09013e-04
2.74449e-03
5.24137e-03
6.87017e-03
7.88644e-03
8.38174e-03
8.24303e-03
7.83563e-03
7.09819e-03
6.01817e-03
4.72115e-03
3.44743e-03
2.90643e-03
3.10742e-03
3.81864e-03
4.54388e-03
4.92391e-03
5.21486e-03
5.61980e-03
5.87564e-03
5.95249e-03
5.89574e-03
5.66375e-03
5.32110e-03
5.09931e-03
4.72913e-03
3.76294e-03
2.42176e-03
1.33555e-03
7.00476e-04
2.01659e-04
-4.92533e-05
-1.01757e-04
1.06181e-04
7.52827e-04
1.74643e-03
3.00975e-03
4.48725e-03
5.77448e-03
6.80889e-03
7.58902e-03
8.07995e-03
8.48482e-03
8.73342e-03
9.01180e-03
9.55962e-03
1.00688e-02
1.03791e-02
1.00289e-02
9.13247e-03
7.83492e-03
6.07813e-03
4.17808e-03
2.43134e-03
9.33416e-04
-5.88643e-04
-2.12631e-03
-3.63226e-03
-4.68418e-03
-4.99319e-03
-4.81297e-03
-4.30686e-03
-3.85506e-03
-3.30286e-03
-2.60388e-03
-1.50636e-03
-3.24030e-04
9.71677e-04
2.64347e-03
4.54454e-03
6.54669e-03
8.59490e-03
1.06016e-02
1.23814e-02
1.36604e-02
1.44516e-02
1.47710e-02
1.48263e-02
1.46387e-02
1.39865e-02
1.27850e-02
1.09246e-02
8.54402e-03
6.02243e-03
3.22728e-03
3.13900e-04
-2.42796e-03
-4.75768e-03
-6.75189e-03
-8.42584e-03
-9.75477e-03
-1.09804e-02
-1.22023e-02
-1.30391e-02
-1.36708e-02
-1.39189e-02
-1.36762e-02
-1.29275e-02
-1.19705e-02
-1.11644e-02
-1.06687e-02
-1.02436e-02
-9.81871e-03
-9.05491e-03
-7.87456e-03
-6.45251e-03
-5.17624e-03
-4.03392e-03
-2.85460e-03
-1.70783e-03
-9.22124e-04
-1.70492e-04
7.24528e-04
1.74548e-03
2.95041e-03
4.23587e-03
5.28101e-03
6.26868e-03
6.94132e-03
7.46223e-03
8.02422e-03
8.75838e-03
9.50687e-03
9.77349e-03
9.61997e-03
9.11908e-03
8.66628e-03
8.17365e-03
7.63743e-03
6.75073e-03
5.59024e-03
4.54452e-03
3.30822e-03
2.03501e-03
7.90542e-04
-4.52936e-04
-1.23378e-03
-1.78326e-03
-2.03182e-03
-2.09995e-03
-2.06518e-03
-1.83939e-03
-1.35354e-03
-8.60125e-04
-3.63925e-04
-7.83296e-05
2.19485e-05
1.09494e-05
-2.65805e-04
-9.15122e-04
-1.69995e-03
-2.33442e-03
-2.83786e-03
-2.82975e-03
-2.21524e-03
-1.32370e-03
-2.89387e-04
9.93525e-04
2.64623e-03
4.35180e-03
5.76120e-03
6.89001e-03
7.62459e-03
7.64804e-03
6.97315e-03
5.97294e-03
4.97476e-03
4.15713e-03
3.58385e-03
3.06454e-03
2.84855e-03
3.06721e-03
3.68980e-03
4.42911e-03
5.06029e-03
5.82961e-03
6.53249e-03
6.85513e-03
6.83839e-03
6.57331e-03
6.16154e-03
5.95072e-03
5.73160e-03
5.06451e-03
3.84361e-03
2.11191e-03
3.18396e-04
-1.02749e-03
-1.85629e-03
-2.09721e-03
-1.91041e-03
-1.41841e-03
-8.50950e-04
-1.22298e-04
5.68753e-04
9.05181e-04
1.01779e-03
9.66897e-04
6.61573e-04
2.21522e-05
-6.60267e-04
-1.20024e-03
-1.90314e-03
-2.83300e-03
-4.00202e-03
-5.46544e-03
-7.01812e-03
-8.75572e-03
-1.04595e-02
-1.17966e-02
-1.28444e-02
-1.35741e-02
-1.38934e-02
-1.39243e-02
-1.37356e-02
-1.32442e-02
-1.26390e-02
-1.18317e-02
-1.11892e-02
-1.11622e-02
-1.16008e-02
-1.18665e-02
-1.17378e-02
-1.12549e-02
-1.07619e-02
-1.02561e-02
-9.77611e-03
-9.07188e-03
-8.11879e-03
-7.08812e-03
-6.09598e-03
-5.31317e-03
-4.79293e-03
-4.30556e-03
-3.88941e-03
-3.41871e-03
-2.88946e-03
-2.12633e-03
-1.19524e-03
-4.04289e-04
1.54794e-04
5.90499e-04
8.44499e-04
1.05141e-03
1.49845e-03
2.01563e-03
2.81147e-03
3.69400e-03
4.43955e-03
5.00112e-03
5.75498e-03
6.66341e-03
7.50365e-03
8.06293e-03
8.36161e-03
8.14728e-03
7.64809e-03
6.90902e-03
6.12152e-03
5.56362e-03
5.09611e-03
4.92161e-03
4.88246e-03
4.65612e-03
4.03491e-03
3.14954e-03
2.10012e-03
7.61714e-04
-8.85651e-04
-2.40480e-03
-3.31727e-03
-3.84182e-03
-3.85276e-03
-3.40509e-03
-2.85013e-03
-2.11642e-03
-1.38979e-03
-8.79975e-04
-3.77158e-04
4.87190e-05
5.44522e-04
1.07293e-03
1.75938e-03
2.48914e-03
3.05468e-03
3.67367e-03
4.13339e-03
4.31400e-03
3.90816e-03
3.30095e-03
2.94739e-03
2.58732e-03
1.97347e-03
1.28442e-03
7.52047e-04
1.77915e-04
-3.38437e-04
-8.38471e-04
-1.03977e-03
-8.59392e-04
-4.54479e-04
-1.41711e-04
1.28927e-04
5.82487e-04
1.02436e-03
1.57501e-03
2.09174e-03
2.60770e-03
2.89988e-03
2.92095e-03
2.71628e-03
2.23338e-03
1.70608e-03
1.01298e-03
2.94813e-04
-3.13798e-04
-1.04325e-03
-1.69136e-03
-1.97258e-03
-2.09353e-03
-2.30429e-03
-2.66013e-03
-2.88410e-03
-3.14318e-03
-3.83288e-03
-4.97440e-03
-6.51023e-03
-8.09312e-03
-9.57469e-03
-1.05651e-02
-1.09418e-02
-1.10627e-02
-1.09951e-02
-1.05396e-02
-9.41420e-03
-8.00772e-03
-6.42389e-03
-4.87111e-03
-3.37278e-03
-2.19007e-03
-1.39841e-03
-8.24417e-04
-1.60695e-04
5.37746e-04
1.03520e-03
1.55994e-03
2.07216e-03
2.77543e-03
3.51955e-03
4.07426e-03
4.57018e-03
4.83610e-03
4.93290e-03
4.94009e-03
4.68708e-03
4.01812e-03
3.06647e-03
2.02916e-03
9.63697e-04
-1.33337e-06
-7.34630e-04
-1.07608e-03
-1.21149e-03
-1.14708e-03
-6.59791e-04
4.47731e-04
1.67089e-03
2.82173e-03
3.87156e-03
4.63071e-03
4.87365e-03
4.65527e-03
4.17220e-03
3.84439e-03
3.77779e-03
3.94475e-03
4.46051e-03
5.21412e-03
6.40076e-03
7.62094e-03
8.71487e-03
9.71339e-03
1.04583e-02
1.08207e-02
1.08721e-02
1.06189e-02
9.90222e-03
8.92828e-03
7.88710e-03
6.93928e-03
6.20442e-03
5.67715e-03
4.97815e-03
4.08223e-03
3.08551e-03
1.98529e-03
8.00892e-04
-3.58994e-04
-1.16292e-03
-1.96652e-03
-2.90522e-03
-3.81514e-03
-4.60702e-03
-5.21867e-03
-5.94936e-03
-6.60418e-03
-6.90911e-03
-6.99976e-03
-7.05506e-03
-7.03577e-03
-6.76970e-03
-6.04398e-03
-5.12511e-03
-4.32841e-03
-3.81163e-03
-3.31436e-03
-2.81217e-03
-2.13192e-03
-1.42546e-03
-8.78785e-04
-1.83747e-04
6.79197e-04
1.70299e-03
2.98329e-03
4.48568e-03
5.78341e-03
6.63642e-03
6.92292e-03
6.68456e-03
6.05666e-03
5.26694e-03
4.44129e-03
3.25488e-03
2.15340e-03
1.27086e-03
4.92362e-04
-4.68713e-04
-1.21799e-03
-1.75883e-03
-1.98126e-03
-1.96094e-03
-2.00142e-03
-2.24093e-03
-2.70895e-03
-2.97710e-03
-3.00620e-03
-2.93135e-03
-2.92925e-03
-3.22686e-03
-3.89492e-03
-4.55509e-03
-4.89616e-03
-5.22472e-03
-5.84395e-03
-6.56771e-03
-7.14013e-03
-7.66351e-03
-7.93822e-03
-8.01399e-03
-7.95791e-03
-7.68430e-03
-7.21445e-03
-6.90817e-03
-6.86640e-03
-7.08300e-03
-7.59586e-03
-8.11673e-03
-8.65025e-03
-8.96102e-03
-9.00138e-03
-8.75840e-03
-8.08153e-03
-7.16774e-03
-6.10140e-03
-4.85031e-03
-3.42538e-03
-2.18215e-03
-1.11973e-03
-1.20539e-04
8.13243e-04
1.60424e-03
2.16280e-03
2.64591e-03
2.88705e-03
2.93023e-03
2.93770e-03
2.91368e-03
2.89425e-03
2.85233e-03
2.88542e-03
3.09048e-03
3.56931e-03
4.05755e-03
4.61583e-03
5.08142e-03
5.52011e-03
5.82459e-03
6.15777e-03
6.64816e-03
6.87089e-03
6.65658e-03
6.03824e-03
5.34027e-03
4.77365e-03
3.94145e-03
2.82265e-03
1.62532e-03
8.21532e-04
1.78024e-04
-3.56307e-04
-7.88557e-04
-7.59117e-04
-1.57508e-04
5.62681e-04
1.10852e-03
1.63481e-03
2.15789e-03
2.83704e-03
3.50356e-03
3.88782e-03
4.24275e-03
4.64722e-03
4.70661e-03
4.30807e-03
3.74466e-03
2.96228e-03
2.24321e-03
1.91413e-03
1.84720e-03
1.93590e-03
2.18110e-03
2.56300e-03
2.82376e-03
3.15098e-03
3.80573e-03
4.54945e-03
5.13337e-03
5.63833e-03
5.86733e-03
5.89212e-03
5.89378e-03
5.91404e-03
5.92888e-03
5.78053e-03
5.30453e-03
4.54833e-03
3.36565e-03
2.15089e-03
1.07423e-03
1.97648e-05
-9.27707e-04
-1.66787e-03
-1.98497e-03
-2.06937e-03
-2.00856e-03
-1.77995e-03
-1.31209e-03
-8.48511e-04
-3.07169e-04
1.84322e-04
6.72373e-04
9.66620e-04
1.07070e-03
1.04429e-03
7.30850e-04
7.79501e-05
-5.97405e-04
-9.93426e-04
-1.32789e-03
-1.68061e-03
-1.69836e-03
-1.37241e-03
-1.10996e-03
-7.66195e-04
-1.27502e-04
6.18102e-04
1.22740e-03
1.77536e-03
1.95377e-03
1.72067e-03
1.25519e-03
9.98663e-04
1.00221e-03
1.02883e-03
8.20889e-04
1.42537e-04
-8.00848e-04
-1.80226e-03
-2.79373e-03
-3.79571e-03
-4.85824e-03
-5.90635e-03
-6.66869e-03
-6.75549e-03
-6.14967e-03
-5.15242e-03
-3.91010e-03
-2.41481e-03
-8.98916e-04
6.44736e-04
1.90521e-03
2.68926e-03
2.95414e-03
2.91471e-03
2.90237e-03
3.09859e-03
3.61536e-03
4.14648e-03
4.65834e-03
4.89664e-03
4.92572e-03
4.94316e-03
4.99501e-03
5.01095e-03
4.75224e-03
4.03298e-03
3.09939e-03
2.29656e-03
1.76320e-03
1.28033e-03
8.13397e-04
1.93359e-04
-5.52195e-04
-1.35527e-03
-2.55151e-03
-3.72740e-03
-4.76994e-03
-5.75792e-03
-6.75465e-03
-7.79376e-03
-8.79271e-03
-9.53246e-03
-9.82957e-03
-9.85085e-03
-9.82263e-03
-9.81061e-03
-9.84655e-03
-9.82880e-03
-9.66700e-03
-9.25533e-03
-8.76583e-03
-7.95685e-03
-6.85497e-03
-5.62347e-03
-4.54525e-03
-3.29446e-03
-2.08733e-03
-1.08993e-03
-2.84685e-04
2.46484e-04
7.26228e-04
9.57345e-04
9.98210e-04
9.87756e-04
9.77501e-04
1.00613e-03
1.03990e-03
1.00195e-03
7.75066e-04
3.59826e-04
4.32328e-05
-2.39008e-04
-6.39759e-04
-9.10072e-04
-1.19185e-03
-1.60003e-03
-1.91200e-03
-2.21350e-03
-2.62684e-03
-2.82826e-03
-2.93975e-03
-3.17552e-03
-3.60631e-03
-3.88450e-03
-3.98854e-03
-3.95951e-03
-3.74945e-03
-3.30558e-03
-2.80173e-03
-2.05264e-03
-1.11675e-03
-1.39723e-04
8.43302e-04
1.82575e-03
2.83393e-03
3.88142e-03
4.87380e-03
5.62748e-03
5.94081e-03
6.00164e-03
5.93985e-03
5.74955e-03
5.34924e-03
4.87036e-03
4.03555e-03
2.87007e-03
1.63981e-03
8.25619e-04
2.32581e-04
-2.00372e-04
-5.89323e-04
-8.64698e-04
-1.19265e-03
-1.82331e-03
-2.48658e-03
-3.04872e-03
-3.81395e-03
-4.79591e-03
-5.79960e-03
-6.59361e-03
-6.93335e-03
-6.92782e-03
-6.67889e-03
-6.20705e-03
-5.77503e-03
-5.22738e-03
-4.54266e-03
-3.54575e-03
-2.57768e-03
-1.57267e-03
-7.77268e-04
-4.53748e-05
6.90430e-04
1.19188e-03
1.67698e-03
1.96143e-03
2.23656e-03
2.61939e-03
2.89527e-03
3.17892e-03
3.68422e-03
4.16250e-03
4.63216e-03
4.86439e-03
4.99168e-03
5.25820e-03
5.62061e-03
5.64743e-03
5.31300e-03
5.08813e-03
4.93103e-03
4.64525e-03
4.19731e-03
4.00748e-03
4.19549e-03
4.61504e-03
4.85579e-03
4.93341e-03
5.14458e-03
5.63368e-03
6.18983e-03
6.67087e-03
6.72034e-03
6.28366e-03
5.81774e-03
5.29489e-03
4.80744e-03
4.08589e-03
3.13456e-03
2.10897e-03
1.12585e-03
3.35225e-04
-2.13462e-04
-7.03753e-04
-9.80154e-04
-9.92521e-04
-7.69621e-04
-2.59146e-04
2.14659e-04
6.63055e-04
9.24332e-04
1.24321e-03
1.88609e-03
2.60939e-03
3.15698e-03
3.69343e-03
4.13266e-03
4.62300e-03
5.09387e-03
5.65301e-03
6.19147e-03
6.65946e-03
6.75703e-03
6.40287e-03
5.86495e-03
4.87939e-03
3.46736e-03
1.99441e-03
4.46577e-04
-1.02591e-03
-2.47050e-03
-3.72814e-03
-4.82736e-03
-5.86054e-03
-6.61994e-03
-6.87161e-03
-6.64853e-03
-6.18171e-03
-5.89235e-03
-5.84351e-03
-5.84771e-03
-5.85559e-03
-5.82202e-03
-5.87307e-03
-6.10494e-03
-6.53963e-03
-6.79855e-03
-6.89724e-03
-6.95089e-03
-6.93870e-03
-6.69315e-03
-6.01937e-03
-5.07623e-03
-4.05309e-03
-3.01358e-03
-2.00781e-03
-1.08506e-03
-3.34239e-04
2.58741e-04
9.55469e-04
1.60507e-03
1.96382e-03
2.28070e-03
2.69801e-03
2.94057e-03
2.99821e-03
3.00228e-03
2.97958e-03
2.98228e-03
2.98151e-03
2.98443e-03
2.96623e-03
2.96254e-03
2.98386e-03
3.05439e-03
3.06949e-03
2.84191e-03
2.15085e-03
1.18254e-03
1.33676e-04
-8.43492e-04
-1.63775e-03
-2.17551e-03
-2.64144e-03
-2.86439e-03
-2.91128e-03
-2.94452e-03
-2.98326e-03
-2.96144e-03
-2.68917e-03
-2.06556e-03
-1.37342e-03
-8.00566e-04
-3.89301e-05
9.06686e-04
1.84885e-03
2.63418e-03
3.17828e-03
3.74357e-03
4.21266e-03
4.50773e-03
4.32100e-03
3.82528e-03
3.09543e-03
2.31294e-03
1.77066e-03
1.27062e-03
1.02290e-03
9.31979e-04
9.61542e-04
1.18525e-03
1.69050e-03
2.20873e-03
2.72769e-03
2.97426e-03
2.98563e-03
2.93748e-03
2.96889e-03
3.20141e-03
3.62411e-03
3.88653e-03
4.04932e-03
4.26892e-03
4.46729e-03
4.23784e-03
3.81118e-03
3.31964e-03
2.97899e-03
2.72136e-03
2.36417e-03
2.13051e-03
1.78498e-03
1.06410e-03
2.00134e-04
-5.22093e-04
-1.07251e-03
-1.86724e-03
-2.98538e-03
-4.19844e-03
-5.08527e-03
-5.84794e-03
-6.49772e-03
-6.85431e-03
-7.19415e-03
-7.54882e-03
-7.54344e-03
-7.18604e-03
-6.98766e-03
-6.90876e-03
-6.67312e-03
-6.01513e-03
-5.08354e-03
-4.07435e-03
-3.06155e-03
-2.04651e-03
-1.01420e-03
-3.90207e-05
6.94075e-04
1.00457e-03
1.07359e-03
1.07932e-03
1.00382e-03
7.55602e-04
3.21473e-04
5.85070e-05
-1.12632e-05
-1.57331e-05
1.53008e-05
4.27599e-05
8.04279e-05
4.60744e-05
-1.56015e-04
-6.15833e-04
-1.08823e-03
-1.64567e-03
-2.14540e-03
-2.63331e-03
-2.91427e-03
-3.00352e-03
-2.97683e-03
-2.73085e-03
-2.22595e-03
-1.71564e-03
-1.24425e-03
-1.01885e-03
-9.35598e-04
-7.03842e-04
-2.99636e-04
-2.72860e-05
6.26417e-05
9.22123e-05
2.05985e-05
-1.90462e-04
-5.85256e-04
-8.94564e-04
-1.23886e-03
-1.70622e-03
-1.90970e-03
-1.74902e-03
-1.33362e-03
-9.84056e-04
-6.62430e-04
-2.44188e-04
-5.07045e-05
-2.41950e-05
2.69748e-05
2.53471e-04
6.65127e-04
9.09946e-04
1.03495e-03
1.26556e-03
1.63834e-03
1.87207e-03
2.02404e-03
2.31695e-03
2.68266e-03
2.69359e-03
2.31039e-03
2.04589e-03
1.95248e-03
1.95509e-03
1.97484e-03
1.98248e-03
1.98613e-03
2.01484e-03
2.04760e-03
2.00009e-03
1.74833e-03
1.30115e-03
1.02281e-03
9.51271e-04
9.66017e-04
1.03181e-03
1.07344e-03
1.02071e-03
7.56694e-04
3.10373e-04
3.95588e-05
-2.02560e-05
-1.53031e-05
1.62833e-05
1.83777e-05
2.03225e-05
1.16144e-05
1.35726e-05
1.67999e-06
-6.45703e-06
-1.23626e-05
2.51494e-05
8.25287e-05
8.24636e-05
-1.82332e-04
-8.24341e-04
-1.58854e-03
-2.18684e-03
-2.72632e-03
-2.94154e-03
-2.80033e-03
-2.35428e-03
-1.79390e-03
-9.87686e-04
-7.02242e-05
6.24172e-04
9.65034e-04
1.21827e-03
1.68038e-03
2.14586e-03
2.63320e-03
2.93834e-03
3.19401e-03
3.58979e-03
3.90962e-03
4.26430e-03
4.68135e-03
4.70993e-03
4.30415e-03
3.82935e-03
3.28824e-03
2.76567e-03
2.11411e-03
1.36554e-03
6.45804e-04
-3.44301e-04
-1.26647e-03
-2.33114e-03
-3.30961e-03
-4.32942e-03
-5.10186e-03
-5.65376e-03
-5.94963e-03
-5.93447e-03
-5.71834e-03
-5.22006e-03
-4.75876e-03
-4.22813e-03
-3.76437e-03
-3.22403e-03
-2.72178e-03
-2.23232e-03
-1.97215e-03
-1.92426e-03
-1.92370e-03
-1.95267e-03
-1.97559e-03
-2.01195e-03
-1.97605e-03
-1.76900e-03
-1.30507e-03
-8.35921e-04
-2.88923e-04
2.16601e-04
7.20791e-04
1.01108e-03
1.03718e-03
8.39451e-04
3.58435e-04
-1.83026e-04
-8.95120e-04
-1.61364e-03
-2.12755e-03
-2.65123e-03
-3.10951e-03
-3.63101e-03
-4.10510e-03
-4.56993e-03
-4.91135e-03
-5.22563e-03
-5.60774e-03
-5.62497e-03
-5.31472e-03
-5.05630e-03
-4.73001e-03
-4.03385e-03
-3.10596e-03
-2.11189e-03
-1.14934e-03
-2.04226e-04
8.38421e-04
2.10328e-03
3.51328e-03
4.58258e-03
5.19683e-03
5.65965e-03
5.86796e-03
5.92529e-03
5.96367e-03
5.92791e-03
5.72579e-03
5.26509e-03
4.78682e-03
4.21945e-03
3.69954e-03
3.20831e-03
2.96148e-03
2.95120e-03
2.98843e-03
2.96768e-03
2.73790e-03
2.31858e-03
1.99856e-03
1.71767e-03
1.31490e-03
1.02820e-03
7.13777e-04
2.73159e-04
2.33285e-05
-3.50534e-05
-3.17117e-05
-7.49822e-06
-5.78483e-06
-8.62578e-06
-1.46097e-05
-9.45838e-06
-5.30925e-06
-1.01251e-05
-3.54418e-05
-5.87961e-05
-1.13076e-05
2.00648e-04
5.83334e-04
8.74972e-04
1.23769e-03
1.89352e-03
2.53596e-03
2.90405e-03
3.22074e-03
3.66404e-03
3.94219e-03
3.97696e-03
3.76347e-03
3.26268e-03
2.77632e-03
2.25138e-03
1.81290e-03
1.31577e-03
7.77313e-04
6.31845e-05
-6.36697e-04
-1.03387e-03
-1.28247e-03
-1.42452e-03
-1.20587e-03
-1.05437e-03
-1.15881e-03
-1.39215e-03
-1.49167e-03
-1.73492e-03
-1.92643e-03
-1.96313e-03
-2.00368e-03
-2.01753e-03
-1.99696e-03
-1.78381e-03
-1.33355e-03
-8.49296e-04
-2.98334e-04
2.21536e-04
6.96911e-04
9.43194e-04
9.52928e-04
9.50566e-04
9.99545e-04
1.19644e-03
1.38312e-03
1.25515e-03
1.10575e-03
1.03641e-03
7.35555e-04
1.11449e-04
-6.47754e-04
-1.21544e-03
-1.73606e-03
-1.95638e-03
-1.99052e-03
-1.96032e-03
-1.96100e-03
-1.98973e-03
-2.04222e-03
-1.98766e-03
-1.74179e-03
-1.28506e-03
-1.02360e-03
-9.53008e-04
-9.70831e-04
-9.91811e-04
-9.99065e-04
-9.80878e-04
-9.83929e-04
-1.00128e-03
-1.04367e-03
-1.00714e-03
-8.02025e-04
-3.48666e-04
8.69942e-05
6.07232e-04
1.15732e-03
1.90608e-03
2.64111e-03
2.99709e-03
3.00631e-03
2.71295e-03
2.20413e-03
1.90712e-03
1.91167e-03
2.17206e-03
2.60622e-03
2.83616e-03
2.95135e-03
3.21864e-03
3.66157e-03
3.88100e-03
3.72197e-03
3.31872e-03
2.98708e-03
2.69924e-03
2.23312e-03
1.81719e-03
1.31867e-03
8.22693e-04
9.76428e-05
-8.17154e-04
-1.80506e-03
-2.83505e-03
-3.88211e-03
-4.86627e-03
-5.61782e-03
-5.95407e-03
-6.03695e-03
-5.96030e-03
-5.67192e-03
-5.18569e-03
-4.89227e-03
-4.90364e-03
-5.19719e-03
-5.65047e-03
-5.74022e-03
-5.36942e-03
-4.83477e-03
-4.03501e-03
-3.07851e-03
-2.16343e-03
-1.33926e-03
-5.78087e-04
3.87771e-04
1.13676e-03
1.68699e-03
1.94684e-03
1.96535e-03
1.95697e-03
1.92746e-03
1.93034e-03
1.92208e-03
1.94389e-03
1.97303e-03
2.01707e-03
1.95605e-03
1.70236e-03
1.24279e-03
9.86219e-04
9.43801e-04
9.88585e-04
9.71624e-04
7.61000e-04
3.36761e-04
7.00216e-06
-3.05480e-04
-7.03428e-04
-9.06868e-04
-1.00092e-03
-1.22105e-03
-1.61433e-03
-1.94215e-03
-2.25098e-03
-2.66673e-03
-2.86583e-03
-2.97787e-03
-3.21362e-03
-3.63800e-03
-3.90507e-03
-4.00676e-03
-4.02938e-03
-3.95776e-03
-3.71937e-03
-3.31639e-03
-3.02315e-03
-2.75064e-03
-2.29195e-03
-1.85662e-03
-1.32583e-03
-7.95579e-04
-1.28719e-04
5.42788e-04
1.09249e-03
1.85255e-03
2.81030e-03
3.77390e-03
4.59175e-03
5.14258e-03
5.62761e-03
5.88098e-03
5.95037e-03
5.90130e-03
5.67000e-03
5.26686e-03
4.95796e-03
4.63768e-03
4.17273e-03
3.90228e-03
3.88567e-03
4.10807e-03
4.53944e-03
4.86280e-03
5.17883e-03
5.61060e-03
5.85009e-03
5.90755e-03
5.90602e-03
5.88311e-03
5.88137e-03
5.88259e-03
5.89251e-03
5.89033e-03
5.88988e-03
5.87928e-03
5.88398e-03
5.89585e-03
5.92524e-03
5.89752e-03
5.73008e-03
5.32250e-03
4.82747e-03
3.98981e-03
2.83727e-03
1.62695e-03
7.80700e-04
5.05317e-05
-6.40927e-04
-1.21391e-03
-1.92467e-03
-2.54441e-03
-2.87351e-03
-3.23334e-03
-3.90733e-03
-4.59318e-03
-4.92256e-03
-4.98096e-03
-4.94654e-03
-4.92077e-03
-4.94704e-03
-4.98440e-03
-4.94107e-03
-4.70778e-03
-4.29833e-03
-4.01842e-03
-3.77151e-03
-3.31633e-03
-2.77489e-03
-2.02164e-03
-1.32130e-03
-1.00600e-03
-9.26298e-04
-9.16515e-04
-9.69495e-04
-1.19255e-03
-1.66898e-03
-2.15084e-03
-2.63014e-03
-2.95284e-03
-3.23389e-03
-3.63667e-03
-3.84203e-03
-3.96098e-03
-4.19967e-03
-4.61384e-03
-4.87372e-03
-4.98012e-03
-5.03811e-03
-4.99948e-03
-4.71400e-03
-4.06178e-03
-3.33542e-03
-2.78835e-03
-2.23734e-03
-1.75613e-03
-1.28227e-03
-1.00900e-03
-9.37512e-04
-9.27688e-04
-1.03030e-03
-1.22922e-03
-1.45986e-03
-1.33155e-03
-1.11951e-03
-7.71281e-04
-1.11047e-04
5.95832e-04
1.13326e-03
1.68787e-03
2.17522e-03
2.64720e-03
2.89813e-03
2.95243e-03
2.98263e-03
2.99443e-03
2.94421e-03
2.69290e-03
2.25725e-03
1.98841e-03
1.92360e-03
1.91887e-03
1.94255e-03
1.95373e-03
1.98960e-03
2.01765e-03
1.97057e-03
1.71243e-03
1.26532e-03
9.84181e-04
9.27450e-04
9.57399e-04
1.03170e-03
1.00538e-03
7.90144e-04
3.04836e-04
-1.64039e-04
-6.83590e-04
-1.13924e-03
-1.66550e-03
-2.17981e-03
-2.70503e-03
-3.00665e-03
-2.99566e-03
-2.73015e-03
-2.24645e-03
-1.98076e-03
-1.94065e-03
-1.99860e-03
-2.00963e-03
-1.81785e-03
-1.34055e-03
-7.94399e-04
-1.10117e-04
5.59127e-04
1.09631e-03
1.86557e-03
2.85596e-03
3.84854e-03
4.59348e-03
4.88776e-03
4.99406e-03
5.15877e-03
5.36417e-03
5.24755e-03
5.03475e-03
4.69142e-03
4.03652e-03
3.36434e-03
2.80910e-03
2.06986e-03
1.11635e-03
9.14813e-05
-8.87245e-04
-1.63885e-03
-2.12074e-03
-2.60498e-03
-3.15032e-03
-3.88574e-03
-4.59791e-03
-4.89956e-03
-4.96561e-03
-4.95094e-03
-4.96409e-03
-4.92675e-03
-4.72905e-03
-4.27070e-03
-3.81281e-03
-3.27495e-03
-2.73874e-03
-2.06233e-03
-1.37646e-03
-8.33859e-04
-1.08203e-04
7.95100e-04
1.78026e-03
2.81893e-03
3.87478e-03
4.86422e-03
5.59844e-03
5.90817e-03
5.97772e-03
5.96056e-03
5.79168e-03
5.32447e-03
4.57262e-03
3.36236e-03
2.10404e-03
1.06581e-03
2.62134e-04
-2.15758e-04
-6.45016e-04
-9.24286e-04
-1.23429e-03
-1.66767e-03
-1.90072e-03
-1.93805e-03
-1.98704e-03
-2.16689e-03
-2.53925e-03
-2.82011e-03
-3.20276e-03
-3.89530e-03
-4.58485e-03
-4.89742e-03
-4.94711e-03
-4.91328e-03
-4.91860e-03
-4.97240e-03
-4.97383e-03
-4.71172e-03
-4.07338e-03
-3.33126e-03
-2.72050e-03
-2.02425e-03
-1.36849e-03
-8.40370e-04
-1.18058e-04
8.18163e-04
1.83403e-03
2.86960e-03
3.79917e-03
4.56259e-03
5.15979e-03
5.89512e-03
6.56802e-03
6.87201e-03
6.92868e-03
6.93463e-03
6.95162e-03
6.94143e-03
6.70544e-03
6.12171e-03
5.36747e-03
4.54385e-03
3.34655e-03
2.16338e-03
1.11594e-03
1.32084e-04
-8.20427e-04
-1.80056e-03
-2.81427e-03
-3.82808e-03
-4.76168e-03
-5.51847e-03
-6.11863e-03
-6.84367e-03
-7.53919e-03
-7.87184e-03
-7.95744e-03
-7.86803e-03
-7.62153e-03
-7.24013e-03
-7.00608e-03
-6.69726e-03
-5.99616e-03
-5.03679e-03
-4.07886e-03
-3.26821e-03
-2.60207e-03
-1.69044e-03
-6.58052e-04
8.37813e-04
2.51426e-03
3.80151e-03
4.70367e-03
5.25944e-03
5.67493e-03
5.68352e-03
5.27407e-03
4.82321e-03
4.29548e-03
3.76212e-03
3.05905e-03
2.29842e-03
1.74124e-03
1.26309e-03
1.07558e-03
1.01686e-03
8.05305e-04
3.17778e-04
-1.90283e-04
-6.63630e-04
-8.87615e-04
-9.73320e-04
-1.21103e-03
-1.62303e-03
-1.88907e-03
-1.96167e-03
-1.99269e-03
-1.99093e-03
-1.94739e-03
-1.72140e-03
-1.31590e-03
-9.85017e-04
-6.87757e-04
-2.86895e-04
-9.79093e-05
1.97654e-05
2.70190e-04
7.10254e-04
9.60074e-04
9.99431e-04
9.56390e-04
9.85974e-04
1.22570e-03
1.67036e-03
1.93551e-03
2.01561e-03
2.04141e-03
2.04944e-03
1.98335e-03
1.72688e-03
1.29048e-03
1.05206e-03
1.02442e-03
1.00196e-03
8.12772e-04
3.55619e-04
-1.08218e-04
-6.29415e-04
-1.14903e-03
-1.81002e-03
-2.52684e-03
-3.13394e-03
-3.88959e-03
-4.56244e-03
-4.87851e-03
-4.95653e-03
-4.96684e-03
-4.89136e-03
-4.66807e-03
-4.25004e-03
-3.94295e-03
-3.65517e-03
-3.27782e-03
-3.01704e-03
-2.69545e-03
-2.05754e-03
-1.35964e-03
-7.50940e-04
-4.53922e-05
6.66263e-04
1.16993e-03
1.69816e-03
2.14118e-03
2.66069e-03
3.14531e-03
3.69408e-03
4.16143e-03
4.58212e-03
4.85071e-03
5.19304e-03
5.87620e-03
6.57173e-03
6.92577e-03
7.02054e-03
6.96298e-03
6.73416e-03
6.29016e-03
5.80417e-03
5.09743e-03
4.18973e-03
3.14211e-03
1.88229e-03
4.60594e-04
-7.67955e-04
-1.79998e-03
-2.80030e-03
-3.81491e-03
-4.81235e-03
-5.58349e-03
-5.92980e-03
-5.94843e-03
-5.72674e-03
-5.24272e-03
-4.70049e-03
-3.98407e-03
-3.25504e-03
-2.73501e-03
-2.21813e-03
-1.78692e-03
-1.28888e-03
-7.64023e-04
-8.53185e-05
6.29843e-04
1.19973e-03
1.89293e-03
2.59481e-03
3.19820e-03
3.91682e-03
4.57165e-03
4.92549e-03
5.23319e-03
5.64431e-03
5.89140e-03
5.96812e-03
5.99609e-03
5.94099e-03
5.76224e-03
5.36306e-03
4.90123e-03
4.09325e-03
2.89575e-03
1.46341e-03
2.13826e-04
-8.22527e-04
-1.81973e-03
-2.83934e-03
-3.83207e-03
-4.57874e-03
-4.87933e-03
-4.91798e-03
-4.91224e-03
-4.92563e-03
-4.89776e-03
-4.68578e-03
-4.22174e-03
-3.76532e-03
-3.26971e-03
-2.77536e-03
-2.05667e-03
-1.10328e-03
-8.76478e-05
9.06709e-04
1.71026e-03
2.25522e-03
2.68888e-03
2.89138e-03
2.98070e-03
3.23875e-03
3.66085e-03
3.92990e-03
3.98453e-03
3.99422e-03
3.98555e-03
4.01613e-03
3.96814e-03
3.76272e-03
3.34640e-03
3.03591e-03
2.71689e-03
2.29326e-03
2.04014e-03
1.95518e-03
1.91326e-03
1.98538e-03
2.22991e-03
2.68841e-03
2.97489e-03
3.07550e-03
3.01231e-03
2.75752e-03
2.33031e-03
2.04680e-03
1.79487e-03
1.37788e-03
9.00161e-04
1.72037e-04
-7.75422e-04
-1.78195e-03
-2.82474e-03
-3.78098e-03
-4.57980e-03
-5.11595e-03
-5.59716e-03
-5.83447e-03
-5.90759e-03
-5.92077e-03
-5.86030e-03
-5.64360e-03
-5.27237e-03
-4.98017e-03
-4.62057e-03
-3.94698e-03
-3.30658e-03
-2.94476e-03
-2.67739e-03
-2.22673e-03
-1.79234e-03
-1.26055e-03
-7.88684e-04
-2.46424e-04
2.51672e-04
7.43322e-04
9.94672e-04
1.03372e-03
1.01299e-03
9.99530e-04
1.02885e-03
1.07752e-03
1.03767e-03
7.97407e-04
3.36056e-04
3.35888e-05
-7.61873e-05
-1.10764e-05
2.73869e-04
7.42820e-04
1.00223e-03
1.03630e-03
9.74432e-04
9.66955e-04
1.17532e-03
1.68445e-03
2.20988e-03
2.72290e-03
2.97014e-03
3.00714e-03
3.00703e-03
3.02004e-03
3.00418e-03
2.83245e-03
2.39284e-03
1.85374e-03
1.06840e-03
1.89629e-04
-5.40947e-04
-1.11411e-03
-1.87232e-03
-2.77095e-03
-3.55798e-03
-4.09636e-03
-4.55557e-03
-4.87600e-03
-5.20262e-03
-5.58884e-03
-5.57830e-03
-5.18940e-03
-4.92717e-03
-4.87460e-03
-4.91702e-03
-4.89311e-03
-4.64525e-03
-4.18662e-03
-3.92176e-03
-3.88870e-03
-3.93652e-03
-3.90953e-03
-3.65637e-03
-3.20328e-03
-2.94918e-03
-2.91781e-03
-2.91493e-03
-2.75350e-03
-2.30472e-03
-1.75176e-03
-1.02621e-03
-2.94875e-04
2.12658e-04
7.33205e-04
1.16753e-03
1.67755e-03
2.15792e-03
2.71711e-03
3.21661e-03
3.66719e-03
3.88016e-03
3.98187e-03
4.25081e-03
4.69898e-03
4.91485e-03
4.76917e-03
4.38312e-03
4.07661e-03
3.72508e-03
3.07556e-03
2.36838e-03
1.83055e-03
1.29952e-03
8.53877e-04
3.54888e-04
-1.21892e-04
-6.65370e-04
-1.16434e-03
-1.60825e-03
-1.82537e-03
-1.92523e-03
-2.20491e-03
-2.65402e-03
-2.86637e-03
-2.68785e-03
-2.27917e-03
-2.01766e-03
-1.89695e-03
-1.64363e-03
-1.23013e-03
-9.70633e-04
-9.33298e-04
-9.59904e-04
-9.53564e-04
-7.40722e-04
-3.29215e-04
1.68237e-05
3.27098e-04
6.87801e-04
7.45939e-04
6.44772e-04
7.71531e-04
7.40273e-04
3.95042e-04
1.04406e-04
-2.31858e-04
-6.67543e-04
-9.09450e-04
-9.50754e-04
-9.39295e-04
-9.15377e-04
-9.45304e-04
-9.86935e-04
-9.73125e-04
-7.48529e-04
-2.73244e-04
2.09673e-04
6.67941e-04
9.85799e-04
1.29186e-03
1.77026e-03
1.98995e-03
1.86397e-03
1.38743e-03
8.35474e-04
1.39763e-04
-5.35462e-04
-1.10167e-03
-1.87655e-03
-2.78465e-03
-3.52499e-03
-3.95044e-03
-4.21440e-03
-4.40869e-03
-4.15070e-03
-3.72973e-03
-3.24492e-03
-2.91981e-03
-2.64745e-03
-2.26128e-03
-1.99712e-03
-1.71951e-03
-1.24135e-03
-7.76225e-04
-2.56155e-04
1.82511e-04
6.47268e-04
1.14347e-03
1.88885e-03
2.86977e-03
3.83957e-03
4.66115e-03
5.20299e-03
5.68020e-03
5.92707e-03
6.00694e-03
5.98877e-03
5.78415e-03
5.32721e-03
4.78311e-03
4.06302e-03
3.32780e-03
2.80983e-03
2.28621e-03
1.84517e-03
1.34139e-03
8.63964e-04
3.21050e-04
-1.84643e-04
-6.51559e-04
-9.09850e-04
-9.66631e-04
-1.00282e-03
-9.51951e-04
-7.59620e-04
-2.99490e-04
1.74860e-04
7.52147e-04
1.24971e-03
1.70088e-03
1.90747e-03
2.00933e-03
2.27273e-03
2.71929e-03
2.94073e-03
2.83731e-03
2.55459e-03
2.41273e-03
2.21540e-03
2.27584e-03
2.69007e-03
2.94051e-03
3.01981e-03
3.00168e-03
2.98762e-03
3.00524e-03
3.04345e-03
2.99041e-03
2.75067e-03
2.33004e-03
2.09069e-03
1.97504e-03
1.75514e-03
1.37556e-03
1.08782e-03
8.12027e-04
3.48619e-04
-1.00959e-04
-6.47214e-04
-1.15400e-03
-1.64614e-03
-1.91002e-03
-1.95803e-03
-1.94179e-03
-1.88140e-03
-1.84573e-03
-1.89830e-03
-2.16157e-03
-2.60779e-03
-2.88116e-03
-2.93978e-03
-2.92783e-03
-2.88376e-03
-2.88316e-03
-2.91144e-03
-2.97254e-03
-2.95274e-03
-2.73392e-03
-2.21932e-03
-1.70237e-03
-1.21544e-03
-1.00327e-03
-9.44781e-04
-7.41794e-04
-2.80024e-04
2.13497e-04
6.91008e-04
9.86698e-04
1.23046e-03
1.67950e-03
2.12504e-03
2.67994e-03
3.19913e-03
3.72788e-03
4.03640e-03
4.05345e-03
3.76901e-03
3.11636e-03
2.42681e-03
1.85649e-03
1.10013e-03
1.45951e-04
-8.09183e-04
-1.61250e-03
-2.12839e-03
-2.58105e-03
-2.89219e-03
-3.21676e-03
-3.60056e-03
-3.61039e-03
-3.26073e-03
-3.01958e-03
-2.87302e-03
-2.63011e-03
-2.24332e-03
-2.01485e-03
-1.89841e-03
-1.67071e-03
-1.29556e-03
-1.01440e-03
-7.37252e-04
-2.48681e-04
2.31008e-04
7.27093e-04
9.89911e-04
1.06471e-03
1.09641e-03
1.04837e-03
8.20250e-04
3.29779e-04
-1.52879e-04
-6.08005e-04
-8.82577e-04
-1.13550e-03
-1.62023e-03
-2.10887e-03
-2.61346e-03
-2.87950e-03
-2.95184e-03
-2.98100e-03
-2.93316e-03
-2.71030e-03
-2.22373e-03
-1.73478e-03
-1.25333e-03
-9.50167e-04
-7.00968e-04
-3.12505e-04
-2.39899e-05
2.98260e-04
7.37215e-04
9.79624e-04
1.02682e-03
1.03334e-03
1.04109e-03
1.07851e-03
1.02662e-03
7.84260e-04
3.34408e-04
6.95435e-05
-2.20769e-06
8.76455e-06
3.42419e-05
4.91391e-05
4.70653e-05
4.29007e-05
2.01389e-05
-1.36379e-06
-5.77869e-06
8.82442e-05
2.85756e-04
4.81340e-04
2.97374e-04
9.93306e-05
2.94363e-05
1.81791e-05
3.11227e-05
1.56913e-05
-1.17987e-05
3.13351e-05
2.50492e-04
6.60325e-04
9.62252e-04
1.25790e-03
1.69267e-03
2.02395e-03
2.27953e-03
2.46744e-03
2.26228e-03
2.06583e-03
2.01146e-03
2.01082e-03
1.97860e-03
1.82559e-03
1.58195e-03
1.50200e-03
1.25558e-03
1.05850e-03
1.01599e-03
1.00136e-03
1.02477e-03
1.02747e-03
1.03154e-03
1.01542e-03
1.00442e-03
1.00017e-03
1.03717e-03
1.09390e-03
1.08627e-03
8.23231e-04
1.91335e-04
-5.45927e-04
-1.17630e-03
-1.88889e-03
-2.49403e-03
-2.80631e-03
-3.16502e-03
-3.83874e-03
-4.52887e-03
-4.86008e-03
-4.92884e-03
-4.89994e-03
-4.86725e-03
-4.85304e-03
-4.85243e-03
-4.85740e-03
-4.89359e-03
-4.94449e-03
-4.93906e-03
-4.68167e-03
-4.06038e-03
-3.28198e-03
-2.52444e-03
-1.54125e-03
-6.60149e-04
3.60483e-04
1.40088e-03
2.67477e-03
3.85590e-03
4.60637e-03
4.97125e-03
5.23711e-03
5.68214e-03
5.94832e-03
5.97714e-03
5.74382e-03
5.31757e-03
5.02347e-03
4.77296e-03
4.32513e-03
3.81094e-03
3.09065e-03
2.35806e-03
1.83440e-03
1.31058e-03
8.49206e-04
3.25452e-04
-1.46113e-04
-5.84335e-04
-8.87715e-04
-1.18449e-03
-1.65460e-03
-1.92627e-03
-1.94966e-03
-1.71444e-03
-1.27764e-03
-9.58760e-04
-6.87271e-04
-2.98975e-04
-1.73320e-05
2.98000e-04
7.41122e-04
9.88748e-04
1.03997e-03
1.03018e-03
1.01533e-03
1.04467e-03
1.07612e-03
1.02493e-03
7.79264e-04
3.67403e-04
1.33309e-04
2.21355e-05
-2.18260e-04
-6.26871e-04
-8.94364e-04
-9.66261e-04
-9.60277e-04
-8.95128e-04
-8.55163e-04
-9.05384e-04
-1.17100e-03
-1.61363e-03
-1.88098e-03
-1.93442e-03
-1.93764e-03
-1.92850e-03
-1.95097e-03
-1.90053e-03
-1.70099e-03
-1.31663e-03
-1.03331e-03
-6.69112e-04
-1.68519e-05
6.37967e-04
1.00283e-03
1.28638e-03
1.66481e-03
1.95203e-03
2.25748e-03
2.70255e-03
2.95698e-03
3.04948e-03
3.06946e-03
2.99629e-03
2.75670e-03
2.35276e-03
2.07577e-03
1.82453e-03
1.37209e-03
8.52674e-04
1.34027e-04
-5.92725e-04
-1.10623e-03
-1.61390e-03
-2.05668e-03
-2.59010e-03
-3.12650e-03
-3.65485e-03
-3.90262e-03
-3.74400e-03
-3.28161e-03
-2.71795e-03
-2.02406e-03
-1.29247e-03
-7.10575e-04
5.63229e-06
6.33554e-04
9.91107e-04
1.28376e-03
1.72327e-03
1.99265e-03
2.10312e-03
2.04166e-03
1.76617e-03
1.29841e-03
1.04818e-03
1.01842e-03
1.07299e-03
1.04223e-03
7.95555e-04
3.35989e-04
7.34589e-05
1.98422e-05
4.51975e-05
1.87253e-05
-1.31310e-04
-3.78830e-04
-4.57099e-04
-7.00323e-04
-8.88867e-04
-9.31378e-04
-9.43883e-04
-9.25548e-04
-9.24295e-04
-9.21995e-04
-9.28209e-04
-9.27465e-04
-9.28683e-04
-9.25864e-04
-9.27046e-04
-9.27842e-04
-9.31302e-04
-9.29897e-04
-9.23705e-04
-9.12735e-04
-9.14473e-04
-9.42209e-04
-9.88122e-04
-9.69122e-04
-7.50948e-04
-2.61612e-04
2.38729e-04
7.15712e-04
9.91460e-04
1.20010e-03
1.62129e-03
2.13692e-03
2.94979e-03
3.88038e-03
4.60388e-03
4.96796e-03
5.24598e-03
5.65147e-03
5.90683e-03
6.00562e-03
6.00271e-03
5.81645e-03
5.38428e-03
4.79602e-03
3.86460e-03
2.72047e-03
1.87345e-03
1.01038e-03
1.29497e-04
-5.41744e-04
-8.94630e-04
-1.20179e-03
-1.65651e-03
-1.93635e-03
-1.94391e-03
-1.68219e-03
-1.21208e-03
-9.65733e-04
-9.48466e-04
-9.51704e-04
-7.69499e-04
-2.81927e-04
2.52482e-04
7.67927e-04
1.00576e-03
9.91481e-04
9.96049e-04
1.18330e-03
1.68702e-03
2.20617e-03
2.72258e-03
2.97984e-03
3.03790e-03
3.04958e-03
3.00521e-03
2.81611e-03
2.39086e-03
1.88544e-03
1.14104e-03
2.01938e-04
-7.67557e-04
-1.77533e-03
-2.78121e-03
-3.80858e-03
-4.75234e-03
-5.52345e-03
-6.03558e-03
-6.57441e-03
-7.05566e-03
-7.54282e-03
-7.79723e-03
-7.85666e-03
-7.87155e-03
-7.87415e-03
-7.81855e-03
-7.60703e-03
-7.22371e-03
-6.94553e-03
-6.60839e-03
-5.97683e-03
-5.27312e-03
-4.67775e-03
-3.97304e-03
-3.27910e-03
-2.71352e-03
-2.02897e-03
-1.31666e-03
-7.16378e-04
9.43346e-06
6.48803e-04
9.82405e-04
1.24147e-03
1.68322e-03
2.13228e-03
2.69050e-03
3.20296e-03
3.70830e-03
3.99330e-03
4.06423e-03
3.99108e-03
3.71880e-03
3.30118e-03
3.08467e-03
3.00127e-03
2.78191e-03
2.31018e-03
1.82582e-03
1.36744e-03
1.08823e-03
7.91253e-04
1.76923e-04
-5.24963e-04
-1.15971e-03
-1.89456e-03
-2.53749e-03
-2.84935e-03
-3.11288e-03
-3.57334e-03
-4.07606e-03
-4.61330e-03
-4.92344e-03
-4.93087e-03
-4.69595e-03
-4.19975e-03
-3.75356e-03
-3.26682e-03
-2.76606e-03
-2.01160e-03
-1.04266e-03
-1.15922e-04
6.40203e-04
1.19551e-03
1.94314e-03
2.83319e-03
3.64471e-03
4.22535e-03
4.71092e-03
4.93328e-03
4.96765e-03
4.97769e-03
4.99395e-03
4.97908e-03
4.80505e-03
4.37416e-03
3.84104e-03
3.05162e-03
2.13272e-03
1.35770e-03
8.15853e-04
2.99542e-04
-1.51138e-04
-5.92288e-04
-9.13808e-04
-1.20099e-03
-1.61079e-03
-1.81337e-03
-1.93336e-03
-2.17928e-03
-2.60508e-03
-2.85982e-03
-2.92508e-03
-2.93014e-03
-2.92945e-03
-2.94549e-03
-2.89401e-03
-2.68481e-03
-2.30510e-03
-2.03412e-03
-1.69543e-03
-1.03788e-03
-2.98816e-04
2.67014e-04
7.35923e-04
9.30249e-04
1.00812e-03
1.25855e-03
1.71416e-03
2.01310e-03
2.03133e-03
1.80330e-03
1.37181e-03
1.08034e-03
8.00151e-04
3.20039e-04
-1.67086e-04
-6.62692e-04
-9.23579e-04
-9.63426e-04
-9.51309e-04
-9.26033e-04
-9.34394e-04
-9.44220e-04
-9.46801e-04
-9.16129e-04
-8.85489e-04
-9.26616e-04
-1.15583e-03
-1.57341e-03
-1.88794e-03
-2.16708e-03
-2.56264e-03
-2.84544e-03
-3.16742e-03
-3.63951e-03
-3.91825e-03
-3.92656e-03
-3.68686e-03
-3.24902e-03
-2.95949e-03
-2.71818e-03
-2.29578e-03
-1.79354e-03
-1.01691e-03
-1.07995e-04
6.64754e-04
1.20806e-03
1.74243e-03
2.21884e-03
2.66380e-03
2.89798e-03
2.99829e-03
3.24973e-03
3.65004e-03
3.89803e-03
3.95871e-03
4.05033e-03
4.21128e-03
4.39745e-03
4.22180e-03
4.05994e-03
4.01525e-03
3.95342e-03
3.74320e-03
3.33812e-03
3.02900e-03
2.74504e-03
2.34089e-03
2.04845e-03
1.72720e-03
1.27938e-03
1.03887e-03
1.01536e-03
1.05579e-03
1.03017e-03
7.78850e-04
3.31136e-04
5.25770e-05
-1.04443e-05
-4.50242e-06
3.20974e-05
3.60798e-05
3.39560e-05
1.30779e-05
7.58567e-06
1.18990e-05
5.27863e-05
8.56827e-05
4.05052e-05
-2.12771e-04
-6.45639e-04
-9.14766e-04
-9.74203e-04
-9.72902e-04
-9.35462e-04
-9.28890e-04
-9.20102e-04
-9.45105e-04
-9.71304e-04
-1.00688e-03
-9.39207e-04
-7.06962e-04
-2.97188e-04
-8.03570e-05
4.20764e-05
2.82033e-04
7.09122e-04
9.62148e-04
1.02933e-03
1.01512e-03
1.00328e-03
1.02330e-03
1.06508e-03
1.01224e-03
7.74870e-04
3.39163e-04
8.72249e-05
-3.57227e-05
-1.81792e-04
-4.00999e-04
-4.68508e-04
-7.19664e-04
-9.03334e-04
-9.26056e-04
-9.16933e-04
-9.61762e-04
-1.15621e-03
-1.43788e-03
-1.46610e-03
-1.45771e-03
-1.20921e-03
-9.83735e-04
-9.32956e-04
-9.11845e-04
-9.34949e-04
-9.42992e-04
-9.81176e-04
-1.00450e-03
-9.60066e-04
-7.14230e-04
-2.91520e-04
-1.73471e-05
7.38043e-05
1.09507e-04
3.22120e-05
-2.10943e-04
-6.55648e-04
-9.32470e-04
-1.02703e-03
-9.74155e-04
-7.37915e-04
-3.29513e-04
-2.17050e-05
2.90040e-04
7.25141e-04
9.67359e-04
1.02609e-03
1.02401e-03
1.00147e-03
9.98960e-04
9.98726e-04
1.00436e-03
1.00151e-03
1.00718e-03
1.01292e-03
1.02443e-03
1.00984e-03
9.70875e-04
9.24180e-04
9.88753e-04
1.27145e-03
1.75094e-03
1.95744e-03
1.77971e-03
1.35717e-03
1.09895e-03
9.75704e-04
7.34889e-04
3.24927e-04
6.45902e-05
-3.14521e-06
-6.94345e-06
1.90671e-05
2.20163e-05
2.55990e-05
2.47120e-05
3.37860e-05
2.29132e-05
-8.97988e-06
-5.05961e-05
1.10661e-06
2.55387e-04
7.12729e-04
9.88235e-04
1.04403e-03
9.97515e-04
9.29194e-04
9.77863e-04
1.24529e-03
1.70992e-03
1.96831e-03
1.98907e-03
1.93394e-03
1.96552e-03
2.24990e-03
2.73471e-03
2.95442e-03
2.75914e-03
2.31647e-03
2.04630e-03
2.00869e-03
1.95632e-03
1.76708e-03
1.35509e-03
1.12654e-03
1.00223e-03
7.66051e-04
3.33261e-04
4.08961e-05
-7.02292e-05
-1.54931e-05
2.61810e-04
7.17867e-04
9.77170e-04
1.02606e-03
1.00365e-03
9.83734e-04
1.01285e-03
1.05554e-03
1.00652e-03
7.45736e-04
2.87886e-04
2.49663e-05
-8.67115e-06
3.52683e-05
1.38307e-05
-2.27246e-04
-6.67911e-04
-9.43198e-04
-1.01604e-03
-1.01313e-03
-9.68698e-04
-9.29744e-04
-9.10990e-04
-9.96290e-04
-1.25049e-03
-1.60994e-03
-1.68002e-03
-1.56022e-03
-1.71867e-03
-1.85861e-03
-1.88503e-03
-1.96066e-03
-2.19339e-03
-2.62837e-03
-2.88464e-03
-2.95160e-03
-2.93969e-03
-2.91086e-03
-2.89850e-03
-2.89956e-03
-2.90161e-03
-2.90079e-03
-2.89456e-03
-2.88884e-03
-2.88206e-03
-2.87892e-03
-2.87477e-03
-2.87233e-03
-2.86374e-03
-2.85282e-03
-2.83887e-03
-2.84067e-03
-2.86110e-03
-2.88743e-03
-2.83677e-03
-2.61144e-03
-2.19439e-03
-1.88032e-03
-1.59042e-03
-1.20071e-03
-9.39429e-04
-6.68179e-04
-2.03613e-04
2.43191e-04
7.01959e-04
1.01409e-03
1.30761e-03
1.71833e-03
1.91806e-03
1.94172e-03
1.98219e-03
2.19568e-03
2.61096e-03
2.87400e-03
2.96347e-03
2.97776e-03
2.89499e-03
2.66003e-03
2.26418e-03
1.98499e-03
1.72175e-03
1.28057e-03
8.39881e-04
3.06278e-04
-1.83924e-04
-6.42466e-04
-8.80846e-04
-9.10045e-04
-8.95131e-04
-8.61133e-04
-8.68918e-04
-8.92879e-04
-9.28411e-04
-8.79530e-04
-6.70360e-04
-2.78045e-04
7.34258e-06
2.76953e-04
6.51763e-04
9.27848e-04
1.21227e-03
1.61795e-03
1.83363e-03
1.89455e-03
1.91333e-03
1.92211e-03
1.86041e-03
1.62231e-03
1.20614e-03
9.56968e-04
8.93336e-04
8.94201e-04
9.08950e-04
9.03572e-04
9.04292e-04
9.24803e-04
9.53552e-04
9.03455e-04
6.70779e-04
2.60462e-04
1.03523e-05
-5.69006e-05
-5.78783e-05
-2.15811e-05
1.55050e-05
4.74041e-05
-1.19854e-05
-2.46019e-04
-6.47211e-04
-8.63349e-04
-8.78881e-04
-8.40383e-04
-8.90000e-04
-1.14223e-03
-1.49676e-03
-1.51138e-03
-1.16320e-03
-9.05637e-04
-8.10564e-04
-8.13749e-04
-8.61926e-04
-8.96366e-04
-8.53947e-04
-6.53926e-04
-2.95093e-04
-1.67007e-05
2.59118e-04
6.42416e-04
8.48268e-04
8.96264e-04
8.86581e-04
8.63630e-04
8.54931e-04
8.54901e-04
8.57136e-04
8.53075e-04
8.42133e-04
8.26702e-04
8.21908e-04
8.39708e-04
8.74452e-04
8.55354e-04
6.66901e-04
2.40704e-04
-2.02985e-04
-6.34295e-04
-8.54581e-04
-8.70919e-04
-8.28578e-04
-7.70367e-04
-8.11005e-04
-1.01389e-03
-1.38532e-03
-1.60704e-03
-1.68346e-03
-1.69089e-03
-1.61077e-03
-1.37846e-03
-1.01494e-03
-8.16892e-04
-7.86476e-04
-7.36883e-04
-5.61060e-04
-2.29142e-04
-4.36700e-05
6.01299e-05
2.58181e-04
5.98094e-04
7.99747e-04
8.49135e-04
8.42545e-04
8.28981e-04
8.30819e-04
8.23685e-04
7.58103e-04
6.23183e-04
4.95490e-04
5.93800e-04
5.46877e-04
2.41923e-04
3.86196e-05
-2.31489e-05
2.58094e-06
5.11889e-05
2.00551e-05
-1.75486e-04
-5.20544e-04
-7.20749e-04
-7.58965e-04
-7.39841e-04
-7.17794e-04
-7.32426e-04
-7.56976e-04
-7.21379e-04
-5.34304e-04
-2.03771e-04
5.81380e-06
7.95942e-05
1.00923e-04
3.85851e-05
-1.52353e-04
-4.74010e-04
-6.53221e-04
-6.88088e-04
-6.82507e-04
-6.82730e-04
-7.00089e-04
-6.59734e-04
-4.77465e-04
-1.54150e-04
3.94242e-05
8.69663e-05
8.12636e-05
6.04562e-05
5.64934e-05
5.87730e-05
6.45208e-05
6.40357e-05
6.33501e-05
6.23808e-05
6.73196e-05
7.14021e-05
6.84825e-05
4.80253e-05
2.65594e-05
5.40998e-05
2.09774e-04
4.97995e-04
7.22907e-04
9.26624e-04
1.19274e-03
1.31433e-03
1.38593e-03
1.56291e-03
1.85962e-03
1.98061e-03
1.84429e-03
1.54569e-03
1.35340e-03
1.25379e-03
1.08291e-03
8.17802e-04
6.54950e-04
5.75492e-04
4.21539e-04
1.67802e-04
-4.00597e-05
-2.41461e-04
-5.28265e-04
-6.78750e-04
-7.18144e-04
-6.98963e-04
-6.59949e-04
-6.24890e-04
-6.58072e-04
-8.14510e-04
-1.09107e-03
-1.24267e-03
-1.26869e-03
-1.25355e-03
-1.24228e-03
-1.24064e-03
-1.20015e-03
-1.05114e-03
-7.97866e-04
-6.14861e-04
-4.39608e-04
-1.34957e-04
1.65487e-04
4.64870e-04
5.93413e-04
5.87934e-04
5.99136e-04
7.35981e-04
1.01035e-03
1.17967e-03
1.17005e-03
1.00613e-03
7.31248e-04
5.91503e-04
5.35382e-04
4.10418e-04
1.31275e-04
-1.56472e-04
-4.26143e-04
-5.48596e-04
-5.92946e-04
-7.20021e-04
-9.47506e-04
-1.08724e-03
-1.11327e-03
-1.10043e-03
-1.07055e-03
-1.05449e-03
-1.04128e-03
-1.03328e-03
-1.02018e-03
-1.00865e-03
-9.94614e-04
-9.83020e-04
-9.67506e-04
-9.51240e-04
-9.33272e-04
-9.25713e-04
-9.30110e-04
-9.36956e-04
-8.96085e-04
-7.52653e-04
-5.11502e-04
-3.66483e-04
-3.25898e-04
-3.20709e-04
-3.26033e-04
-3.25364e-04
-3.31401e-04
-3.35835e-04
-3.08812e-04
-1.94032e-04
1.04638e-05
1.69854e-04
3.14698e-04
5.05987e-04
6.01474e-04
6.65613e-04
7.93404e-04
9.63501e-04
9.56319e-04
7.67785e-04
6.29088e-04
5.75624e-04
5.64578e-04
5.77278e-04
5.91158e-04
6.01195e-04
5.64739e-04
4.42334e-04
2.34993e-04
1.16838e-04
8.99369e-05
9.75136e-05
1.03879e-04
9.33901e-05
7.75217e-05
1.00741e-04
2.02218e-04
3.75552e-04
4.66977e-04
5.10128e-04
6.03462e-04
7.67625e-04
8.61114e-04
8.73072e-04
8.53931e-04
8.30372e-04
8.23042e-04
8.25609e-04
8.02582e-04
7.05723e-04
5.09825e-04
3.17360e-04
1.09942e-04
-6.99553e-05
-2.65332e-04
-4.47155e-04
-6.17500e-04
-7.02952e-04
-7.04524e-04
-6.89747e-04
-6.64987e-04
-6.51047e-04
-6.35922e-04
-6.29507e-04
-6.24076e-04
-6.20259e-04
-5.87408e-04
-5.01451e-04
-3.58812e-04
-2.57806e-04
-1.43119e-04
6.26812e-05
2.87243e-04
4.75765e-04
6.94166e-04
9.01880e-04
1.04317e-03
1.18918e-03
1.31266e-03
1.43443e-03
1.49108e-03
1.48061e-03
1.42771e-03
1.31330e-03
1.16003e-03
1.06587e-03
1.01985e-03
9.41765e-04
7.99470e-04
6.28577e-04
4.16519e-04
2.04226e-04
5.66261e-05
-9.57572e-05
-2.18201e-04
-3.31479e-04
-3.81032e-04
-4.01094e-04
-4.54911e-04
-5.52252e-04
-6.06552e-04
-6.11823e-04
-5.98583e-04
-5.79853e-04
-5.65926e-04
-5.55059e-04
-5.45346e-04
-5.34655e-04
-5.22128e-04
-5.08481e-04
-4.94931e-04
-4.85851e-04
-4.82115e-04
-4.79130e-04
-4.56376e-04
-3.92469e-04
-2.91097e-04
-2.32347e-04
-2.20509e-04
-2.24103e-04
-2.14864e-04
-1.64239e-04
-7.81462e-05
-2.62139e-05
-1.40567e-05
-1.54155e-05
-2.20284e-05
-2.43570e-05
-2.54953e-05
-2.20288e-05
-1.63000e-05
-9.92699e-06
-1.96979e-05
-6.03195e-05
-1.30058e-04
-1.66137e-04
-1.66593e-04
-1.54806e-04
-1.53995e-04
-1.85439e-04
-2.45315e-04
-2.77256e-04
-2.78162e-04
-2.68104e-04
-2.55112e-04
-2.45335e-04
-2.36575e-04
-2.28713e-04
-2.21651e-04
-2.16949e-04
-2.11843e-04
-1.97765e-04
-1.62910e-04
-1.08460e-04
-6.93005e-05
-3.33289e-05
2.21438e-05
7.26255e-05
1.22197e-04
1.53047e-04
1.80009e-04
2.19631e-04
2.36998e-04
2.35237e-04
2.26366e-04
2.17795e-04
2.12640e-04
2.08424e-04
1.95865e-04
1.66815e-04
1.23706e-04
9.95071e-05
8.79927e-05
6.70265e-05
2.69581e-05
-1.26330e-05
-4.95034e-05
-7.11212e-05
-8.73429e-05
-1.12918e-04
-1.29066e-04
-1.45674e-04
-1.69448e-04
-1.79225e-04
-1.76566e-04
-1.69884e-04
-1.57438e-04
-1.35938e-04
-1.04015e-04
-7.92816e-05
-5.55166e-05
-2.61976e-05
-1.04114e-05
-6.69709e-06
-6.44959e-06
-2.63012e-06
1.10876e-05
3.25680e-05
4.42435e-05
4.95624e-05
6.06700e-05
7.87819e-05
8.82294e-05
8.70331e-05
8.26662e-05
8.06626e-05
8.84430e-05
1.04271e-04
1.12641e-04
1.08769e-04
9.51557e-05
7.42536e-05
6.19858e-05
5.75288e-05
5.61791e-05
5.50521e-05
5.32785e-05
5.09479e-05
4.87684e-05
4.66935e-05
4.49102e-05
4.30878e-05
4.13951e-05
3.95997e-05
3.78624e-05
3.59865e-05
3.42429e-05
3.27365e-05
3.17745e-05
3.08158e-05
2.84572e-05
2.26120e-05
1.34120e-05
6.55779e-06
5.51871e-07
-6.76813e-06
-9.57858e-06
-9.11886e-06
-8.95731e-06
-1.16429e-05
-1.72038e-05
-1.97558e-05
-1.90491e-05
-1.71775e-05
-1.49634e-05
-1.31874e-05
-1.18001e-05
-1.08411e-05
-9.81075e-06
-7.80918e-06
-3.73573e-06
1.94488e-06
5.23870e-06
6.04433e-06
6.13141e-06
6.73348e-06
9.02844e-06
1.25297e-05
1.43843e-05
1.50481e-05
1.63810e-05
1.84999e-05
1.93589e-05
1.93341e-05
2.00498e-05
2.15056e-05
2.18154e-05
2.08253e-05
1.95770e-05
1.85663e-05
1.83306e-05
1.83662e-05
1.72934e-05
1.60801e-05
1.41379e-05
1.23594e-05
1.11650e-05
9.54301e-06
7.71247e-06
6.24392e-06
5.07638e-06
3.46418e-06
2.21480e-06
8.99535e-07
-4.08019e-08
-1.01719e-06
-1.68444e-06
-2.22432e-06
-2.19265e-06
-1.79420e-06
-1.28880e-06
-8.25692e-07
-3.99564e-07
-5.67149e-08
2.63219e-07
5.27274e-07
8.65011e-07
1.31848e-06
1.95994e-06
2.47560e-06
2.95118e-06
3.25917e-06
3.52309e-06
3.66105e-06
3.74049e-06
3.68177e-06
3.58609e-06
3.51212e-06
3.32839e-06
3.05878e-06
2.80864e-06
2.60984e-06
2.47292e-06
2.26996e-06
2.02587e-06
1.77083e-06
1.53221e-06
1.29598e-06
1.05943e-06
8.15323e-07
6.14343e-07
4.33858e-07
2.67619e-07
1.32373e-07
2.09849e-08
-9.23657e-08
-2.02372e-07
-3.00869e-07
-3.86433e-07
-4.70883e-07
-5.40449e-07
-6.06476e-07
-6.70650e-07
-7.36999e-07
-7.96154e-07
-8.52208e-07
-9.04760e-07
-9.58161e-07
-1.01265e-06
-1.06886e-06
-1.12331e-06
-1.17697e-06
-1.22856e-06
-1.27966e-06
-1.32903e-06
-1.37717e-06
-1.42346e-06
-1.46822e-06
-1.51108e-06
-1.55230e-06
-1.59174e-06
-1.62952e-06
-1.66563e-06
-1.70010e-06
