-1.19390e-04
-1.20387e-04
-1.21295e-04
-1.21695e-04
-1.21156e-04
-1.19212e-04
-1.15536e-04
-1.10082e-04
-1.03278e-04
-9.56578e-05
-8.84661e-05
-8.35657e-05
-8.04636e-05
-7.96352e-05
-8.11444e-05
-8.45875e-05
-9.11491e-05
-1.00814e-04
-1.12237e-04
-1.23206e-04
-1.35142e-04
-1.50579e-04
-1.67479e-04
-1.81641e-04
-1.91339e-04
-1.97991e-04
-1.97955e-04
-1.87157e-04
-1.66841e-04
-1.35514e-04
-8.97880e-05
-3.84128e-05
1.69499e-05
8.25950e-05
1.48755e-04
2.06720e-04
2.61609e-04
3.13179e-04
3.48592e-04
3.69311e-04
3.81707e-04
3.78912e-04
3.58197e-04
3.38044e-04
3.16053e-04
2.88568e-04
2.64572e-04
2.57729e-04
2.72327e-04
3.08938e-04
3.60618e-04
4.12283e-04
4.54566e-04
4.74991e-04
4.59411e-04
4.14596e-04
3.51082e-04
2.56418e-04
1.34414e-04
-4.03236e-06
-1.53318e-04
-2.91237e-04
-4.39903e-04
-5.92154e-04
-7.43673e-04
-9.23938e-04
-1.13323e-03
-1.36065e-03
-1.58474e-03
-1.77272e-03
-1.91720e-03
-2.00919e-03
-2.00392e-03
-1.89178e-03
-1.65034e-03
-1.32625e-03
-9.58631e-04
-5.76852e-04
-1.98041e-04
1.45381e-04
4.15359e-04
5.99369e-04
7.12286e-04
7.83537e-04
8.01836e-04
7.88854e-04
7.14077e-04
5.53680e-04
3.30228e-04
7.28785e-05
-1.86421e-04
-4.57850e-04
-6.80951e-04
-7.92850e-04
-7.51715e-04
-6.14933e-04
-4.00723e-04
-9.45980e-05
2.96603e-04
7.35089e-04
1.13851e-03
1.46094e-03
1.74176e-03
1.95537e-03
2.10472e-03
2.16684e-03
2.12350e-03
1.97758e-03
1.74506e-03
1.44030e-03
1.13336e-03
7.65202e-04
3.19771e-04
-1.27585e-04
-5.56248e-04
-1.03982e-03
-1.47694e-03
-1.80135e-03
-2.07115e-03
-2.27556e-03
-2.45180e-03
-2.53870e-03
-2.50991e-03
-2.30138e-03
-1.94382e-03
-1.50538e-03
-9.76691e-04
-4.17030e-04
1.10337e-04
4.62739e-04
6.24235e-04
6.25477e-04
5.44995e-04
4.31919e-04
2.89269e-04
2.06290e-04
2.46033e-04
4.55014e-04
7.96424e-04
1.27287e-03
1.87034e-03
2.52870e-03
3.14237e-03
3.67290e-03
4.17115e-03
4.61627e-03
5.01265e-03
5.43361e-03
5.79393e-03
6.05635e-03
6.23043e-03
6.46180e-03
6.69232e-03
6.77320e-03
6.79007e-03
6.59634e-03
6.10792e-03
5.40098e-03
4.51143e-03
3.42333e-03
2.31884e-03
1.38988e-03
3.14125e-04
-8.85574e-04
-2.13450e-03
-3.36302e-03
-4.44780e-03
-5.55684e-03
-6.75971e-03
-8.00428e-03
-9.09638e-03
-1.03041e-02
-1.14547e-02
-1.24353e-02
-1.30876e-02
-1.32843e-02
-1.28987e-02
-1.20897e-02
-1.08012e-02
-9.00641e-03
-6.85812e-03
-4.61376e-03
-2.28555e-03
-4.92988e-05
1.99419e-03
3.86489e-03
5.47463e-03
6.90906e-03
8.14043e-03
9.07785e-03
9.88538e-03
1.04809e-02
1.10229e-02
1.15545e-02
1.21816e-02
1.26490e-02
1.28562e-02
1.26330e-02
1.19694e-02
1.07758e-02
9.04441e-03
6.86145e-03
4.31993e-03
1.57888e-03
-1.26940e-03
-3.61861e-03
-5.35357e-03
-6.40436e-03
-6.51401e-03
-5.97414e-03
-4.92175e-03
-3.59508e-03
-2.30128e-03
-1.26712e-03
-4.80085e-04
-1.32747e-05
1.76229e-04
-1.70085e-04
-8.81364e-04
-1.50914e-03
-2.35024e-03
-3.18257e-03
-3.69316e-03
-4.22047e-03
-4.78169e-03
-5.64259e-03
-6.76143e-03
-7.97577e-03
-9.27850e-03
-1.05463e-02
-1.14800e-02
-1.22796e-02
-1.28914e-02
-1.29834e-02
-1.24251e-02
-1.13658e-02
-9.71572e-03
-7.46950e-03
-4.74422e-03
-1.67556e-03
1.52906e-03
4.92454e-03
8.26726e-03
1.12839e-02
1.42117e-02
1.67270e-02
1.87304e-02
2.05583e-02
2.21466e-02
2.35908e-02
2.49213e-02
2.60788e-02
2.66651e-02
2.66592e-02
2.59325e-02
2.42061e-02
2.15841e-02
1.84431e-02
1.49456e-02
1.14918e-02
8.62873e-03
6.32614e-03
4.66455e-03
3.58732e-03
2.42313e-03
8.54385e-04
-1.38841e-03
-4.33414e-03
-7.89519e-03
-1.17807e-02
-1.55630e-02
-1.89968e-02
-2.17819e-02
-2.37482e-02
-2.41563e-02
-2.37305e-02
-2.24312e-02
-2.04116e-02
-1.76641e-02
-1.45713e-02
-1.12552e-02
-7.78673e-03
-4.47018e-03
-1.11579e-03
2.09861e-03
5.07188e-03
7.73015e-03
1.00421e-02
1.24012e-02
1.48680e-02
1.68729e-02
1.82875e-02
1.87802e-02
1.83561e-02
1.66724e-02
1.41088e-02
1.08242e-02
7.03396e-03
2.77571e-03
-1.47473e-03
-4.95041e-03
-7.63579e-03
-9.46363e-03
-9.82674e-03
-9.06659e-03
-7.36600e-03
-5.28421e-03
-3.34502e-03
-1.87317e-03
-8.65230e-04
-3.72677e-04
-3.53566e-04
-9.26491e-04
-1.40061e-03
-2.15671e-03
-2.81208e-03
-3.13545e-03
-3.05567e-03
-3.00576e-03
-3.08045e-03
-3.26891e-03
-3.62564e-03
-4.37512e-03
-5.27887e-03
-6.46184e-03
-7.77126e-03
-8.98284e-03
-9.97250e-03
-1.04686e-02
-1.06540e-02
-1.03388e-02
-9.58298e-03
-8.60642e-03
-7.49800e-03
-6.36698e-03
-5.15203e-03
-4.06720e-03
-3.11430e-03
-2.34050e-03
-2.03411e-03
-2.24818e-03
-2.88107e-03
-3.81216e-03
-4.87080e-03
-5.38002e-03
-5.46195e-03
-4.95421e-03
-3.86014e-03
-2.10439e-03
1.53308e-05
2.29734e-03
4.62039e-03
6.62206e-03
8.65160e-03
1.05877e-02
1.19289e-02
1.29607e-02
1.39440e-02
1.48685e-02
1.57017e-02
1.64689e-02
1.71584e-02
1.75464e-02
1.76366e-02
1.72551e-02
1.64943e-02
1.52992e-02
1.36797e-02
1.17479e-02
9.86098e-03
8.34850e-03
6.82714e-03
5.56161e-03
4.35054e-03
2.84502e-03
1.29051e-03
-2.85164e-04
-2.08623e-03
-3.78771e-03
-5.15060e-03
-6.03818e-03
-6.59225e-03
-6.73856e-03
-6.13294e-03
-4.76842e-03
-2.85835e-03
-5.23227e-04
2.00727e-03
4.65480e-03
7.18879e-03
9.26421e-03
1.07489e-02
1.16104e-02
1.18910e-02
1.17752e-02
1.12723e-02
1.04957e-02
9.71288e-03
8.92790e-03
7.57203e-03
5.59401e-03
3.07921e-03
9.01328e-05
-2.97074e-03
-6.06566e-03
-9.12211e-03
-1.15432e-02
-1.27948e-02
-1.30287e-02
-1.20425e-02
-1.01414e-02
-7.66270e-03
-5.32120e-03
-3.07726e-03
-1.35754e-03
-2.31982e-04
3.46369e-04
1.57784e-04
-8.75561e-04
-2.18951e-03
-3.64729e-03
-4.78394e-03
-5.67524e-03
-6.68764e-03
-7.70107e-03
-8.76881e-03
-9.91246e-03
-1.08434e-02
-1.14941e-02
-1.18403e-02
-1.18374e-02
-1.12461e-02
-1.00928e-02
-8.33800e-03
-6.37053e-03
-4.51894e-03
-2.95824e-03
-1.89266e-03
-1.53579e-03
-1.66257e-03
-2.33766e-03
-3.57821e-03
-4.66426e-03
-5.69506e-03
-5.91169e-03
-5.34756e-03
-4.02651e-03
-1.66028e-03
1.84569e-03
6.18176e-03
1.10973e-02
1.60243e-02
2.11557e-02
2.62372e-02
3.12869e-02
3.56204e-02
3.88112e-02
4.12231e-02
4.23695e-02
4.19340e-02
3.96209e-02
3.56996e-02
3.06985e-02
2.50399e-02
1.90897e-02
1.30954e-02
7.63460e-03
2.69456e-03
-1.54253e-03
-4.78956e-03
-6.85753e-03
-7.74538e-03
-7.73843e-03
-7.05390e-03
-5.69045e-03
-4.04633e-03
-2.28389e-03
-7.06492e-04
6.08722e-04
1.77085e-03
2.39488e-03
2.46917e-03
1.96483e-03
1.19171e-03
7.00465e-05
-1.48489e-03
-3.42662e-03
-5.52111e-03
-7.35249e-03
-8.71986e-03
-9.65256e-03
-9.91824e-03
-9.34106e-03
-8.18589e-03
-6.63900e-03
-4.71726e-03
-2.61833e-03
-6.00209e-04
1.42727e-03
2.99946e-03
3.76132e-03
3.75723e-03
3.52267e-03
3.21161e-03
2.69462e-03
1.83318e-03
5.46834e-04
-1.16165e-03
-3.11837e-03
-5.01231e-03
-6.64823e-03
-7.89004e-03
-8.82163e-03
-9.29687e-03
-9.25062e-03
-8.97782e-03
-8.39295e-03
-7.68171e-03
-6.89571e-03
-6.16809e-03
-5.63975e-03
-5.27819e-03
-5.21681e-03
-5.41969e-03
-5.95401e-03
-6.60660e-03
-7.22670e-03
-7.39493e-03
-7.17089e-03
-6.79702e-03
-6.25328e-03
-5.52830e-03
-4.63091e-03
-3.67911e-03
-2.76877e-03
-1.81174e-03
-8.54152e-04
4.11413e-04
1.59342e-03
2.53149e-03
2.90299e-03
2.91255e-03
2.69081e-03
2.05918e-03
8.73638e-04
-6.09271e-04
-2.29355e-03
-4.22696e-03
-6.17834e-03
-8.02533e-03
-9.69647e-03
-1.12157e-02
-1.22262e-02
-1.31166e-02
-1.39379e-02
-1.46633e-02
-1.53460e-02
-1.60466e-02
-1.65661e-02
-1.68931e-02
-1.67714e-02
-1.58815e-02
-1.38992e-02
-1.06627e-02
-6.53123e-03
-1.98536e-03
2.49840e-03
6.56707e-03
1.00263e-02
1.27118e-02
1.44529e-02
1.52621e-02
1.52341e-02
1.41315e-02
1.24238e-02
1.03966e-02
8.33417e-03
6.80976e-03
5.45307e-03
4.27290e-03
3.42709e-03
3.03272e-03
2.76926e-03
2.23799e-03
1.47208e-03
3.36436e-04
-1.04509e-03
-2.37322e-03
-3.30204e-03
-3.67922e-03
-3.16464e-03
-2.04148e-03
-5.89112e-04
1.07909e-03
3.07408e-03
4.97766e-03
6.02641e-03
6.36342e-03
5.90907e-03
4.48330e-03
2.22829e-03
-3.78256e-04
-3.59868e-03
-7.21388e-03
-1.08487e-02
-1.41488e-02
-1.73961e-02
-2.01010e-02
-2.18506e-02
-2.26071e-02
-2.24820e-02
-2.11425e-02
-1.84500e-02
-1.47542e-02
-1.03595e-02
-6.13397e-03
-2.49320e-03
-7.62478e-06
8.11148e-04
2.97710e-04
-1.41783e-03
-3.61798e-03
-6.09920e-03
-8.41029e-03
-1.06421e-02
-1.24006e-02
-1.35872e-02
-1.39161e-02
-1.34500e-02
-1.23538e-02
-1.08218e-02
-9.44610e-03
-8.23916e-03
-7.41446e-03
-6.87997e-03
-6.24835e-03
-5.58648e-03
-4.73182e-03
-3.51370e-03
-2.02339e-03
-1.13670e-04
2.31631e-03
4.88755e-03
7.12957e-03
9.29537e-03
1.12052e-02
1.26265e-02
1.38842e-02
1.49555e-02
1.57177e-02
1.60766e-02
1.59806e-02
1.55031e-02
1.48555e-02
1.40569e-02
1.31622e-02
1.23341e-02
1.17822e-02
1.13845e-02
1.10188e-02
1.07635e-02
1.04850e-02
1.02156e-02
9.68771e-03
8.54285e-03
6.70443e-03
4.24587e-03
1.44184e-03
-1.21137e-03
-3.39155e-03
-4.91651e-03
-5.35956e-03
-4.63554e-03
-2.81341e-03
6.22979e-05
3.73106e-03
7.83636e-03
1.17645e-02
1.52349e-02
1.82901e-02
2.09320e-02
2.29544e-02
2.43607e-02
2.50641e-02
2.53760e-02
2.54659e-02
2.51082e-02
2.45701e-02
2.38324e-02
2.27501e-02
2.10798e-02
1.91174e-02
1.68815e-02
1.43083e-02
1.11249e-02
7.40696e-03
3.45903e-03
-6.74221e-04
-4.99766e-03
-8.95864e-03
-1.22502e-02
-1.44576e-02
-1.60027e-02
-1.67766e-02
-1.67202e-02
-1.62677e-02
-1.55562e-02
-1.48207e-02
-1.40702e-02
-1.31841e-02
-1.25034e-02
-1.17460e-02
-1.10243e-02
-1.02512e-02
-9.27034e-03
-8.28430e-03
-7.60274e-03
-7.27117e-03
-7.25875e-03
-7.40434e-03
-7.47722e-03
-7.42860e-03
-7.25396e-03
-6.90659e-03
-6.45987e-03
-6.24086e-03
-6.14284e-03
-6.21882e-03
-6.58341e-03
-7.32445e-03
-8.51057e-03
-1.01215e-02
-1.20386e-02
-1.39296e-02
-1.53958e-02
-1.64672e-02
-1.70717e-02
-1.74698e-02
-1.77059e-02
-1.75473e-02
-1.70626e-02
-1.64360e-02
-1.56610e-02
-1.47717e-02
-1.38339e-02
-1.26351e-02
-1.09628e-02
-8.91954e-03
-6.44773e-03
-3.51206e-03
-2.16791e-04
3.11067e-03
6.02670e-03
8.19283e-03
9.44959e-03
1.01176e-02
9.82432e-03
9.22160e-03
8.25680e-03
7.19867e-03
6.40656e-03
5.52723e-03
4.65039e-03
4.00502e-03
3.50051e-03
3.02432e-03
2.36668e-03
1.33917e-03
-3.75737e-05
-1.87953e-03
-3.98573e-03
-5.94193e-03
-7.62549e-03
-9.11641e-03
-1.03269e-02
-1.09662e-02
-1.06491e-02
-9.76633e-03
-8.30446e-03
-6.81019e-03
-5.60694e-03
-4.63046e-03
-3.56708e-03
-2.55066e-03
-1.55740e-03
-4.30399e-04
8.74571e-04
2.16934e-03
3.75485e-03
5.70930e-03
7.72843e-03
9.69323e-03
1.13802e-02
1.25937e-02
1.33071e-02
1.31032e-02
1.21195e-02
1.05021e-02
8.53781e-03
6.48964e-03
4.76763e-03
3.57597e-03
2.89545e-03
3.24833e-03
4.75124e-03
6.82380e-03
9.26102e-03
1.14968e-02
1.32228e-02
1.41432e-02
1.42104e-02
1.32039e-02
1.10229e-02
8.00224e-03
4.26798e-03
1.86054e-04
-3.61191e-03
-7.22048e-03
-1.06766e-02
-1.35047e-02
-1.58397e-02
-1.75675e-02
-1.90458e-02
-2.00029e-02
-2.04313e-02
-2.03639e-02
-1.94307e-02
-1.79579e-02
-1.61928e-02
-1.40298e-02
-1.15838e-02
-8.56452e-03
-4.97696e-03
-1.12283e-03
2.58680e-03
6.12404e-03
9.20914e-03
1.17943e-02
1.39897e-02
1.58612e-02
1.69784e-02
1.71674e-02
1.64184e-02
1.49660e-02
1.29421e-02
1.03981e-02
7.52604e-03
4.40100e-03
8.13687e-04
-3.28021e-03
-7.49777e-03
-1.15240e-02
-1.52548e-02
-1.84961e-02
-2.07922e-02
-2.22659e-02
-2.30046e-02
-2.29216e-02
-2.20389e-02
-1.99272e-02
-1.66157e-02
-1.23572e-02
-7.33104e-03
-2.12042e-03
2.50985e-03
5.41185e-03
7.45403e-03
8.87576e-03
1.00178e-02
1.07017e-02
1.12008e-02
1.16232e-02
1.22281e-02
1.25627e-02
1.26591e-02
1.25880e-02
1.20089e-02
1.09757e-02
9.24474e-03
7.16530e-03
5.02172e-03
2.60504e-03
-4.40859e-05
-2.78164e-03
-5.33786e-03
-7.67828e-03
-9.82369e-03
-1.18368e-02
-1.37177e-02
-1.53756e-02
-1.71773e-02
-1.91162e-02
-2.10626e-02
-2.29202e-02
-2.47269e-02
-2.60553e-02
-2.70019e-02
-2.77533e-02
-2.79572e-02
-2.75925e-02
-2.70641e-02
-2.63924e-02
-2.55488e-02
-2.46233e-02
-2.36838e-02
-2.26543e-02
-2.15668e-02
-1.99872e-02
-1.78928e-02
-1.52523e-02
-1.22861e-02
-8.89299e-03
-5.16035e-03
-1.20464e-03
2.55264e-03
6.04944e-03
8.96683e-03
1.12370e-02
1.29418e-02
1.41849e-02
1.45076e-02
1.35666e-02
1.16678e-02
8.95017e-03
5.34046e-03
8.05275e-04
-4.34491e-03
-1.01910e-02
-1.62449e-02
-2.20599e-02
-2.72936e-02
-3.22708e-02
-3.66824e-02
-4.03112e-02
-4.30927e-02
-4.54642e-02
-4.78649e-02
-5.01880e-02
-5.20297e-02
-5.34477e-02
-5.41696e-02
-5.41287e-02
-5.31299e-02
-5.10546e-02
-4.76274e-02
-4.28235e-02
-3.67944e-02
-2.96352e-02
-2.17733e-02
-1.30410e-02
-4.13160e-03
4.54842e-03
1.25230e-02
1.94424e-02
2.53911e-02
3.05962e-02
3.49659e-02
3.87081e-02
4.17524e-02
4.40599e-02
4.54627e-02
4.60183e-02
4.60163e-02
4.53806e-02
4.42084e-02
4.27285e-02
4.08573e-02
3.87926e-02
3.67558e-02
3.52778e-02
3.44680e-02
3.46993e-02
3.62207e-02
3.84579e-02
4.09931e-02
4.34974e-02
4.57641e-02
4.74511e-02
4.82082e-02
4.81088e-02
4.66047e-02
4.38015e-02
4.00673e-02
3.52644e-02
2.97405e-02
2.38796e-02
1.78052e-02
1.20801e-02
6.94068e-03
2.64558e-03
-5.81158e-04
-2.90349e-03
-4.43641e-03
-5.08279e-03
-4.68522e-03
-3.57520e-03
-2.15277e-03
-4.56565e-04
1.33070e-03
2.90297e-03
4.46704e-03
5.82834e-03
6.53439e-03
6.86692e-03
6.88191e-03
6.74699e-03
6.05659e-03
5.06149e-03
3.40794e-03
1.06280e-03
-1.60998e-03
-4.83662e-03
-8.57873e-03
-1.25045e-02
-1.61742e-02
-1.95341e-02
-2.26753e-02
-2.55827e-02
-2.76500e-02
-2.84614e-02
-2.84143e-02
-2.79580e-02
-2.71714e-02
-2.62142e-02
-2.50470e-02
-2.33994e-02
-2.13587e-02
-1.91281e-02
-1.64087e-02
-1.33273e-02
-1.04081e-02
-7.52940e-03
-4.74793e-03
-2.60409e-03
-1.24521e-03
-3.32377e-04
-3.52112e-04
-1.35757e-03
-3.33317e-03
-5.82756e-03
-8.52921e-03
-1.10331e-02
-1.32629e-02
-1.48721e-02
-1.57719e-02
-1.58518e-02
-1.48690e-02
-1.29566e-02
-1.02963e-02
-7.19320e-03
-3.74726e-03
-4.06434e-04
2.71895e-03
5.45860e-03
7.59039e-03
9.28111e-03
1.08335e-02
1.23774e-02
1.40464e-02
1.57614e-02
1.73371e-02
1.85281e-02
1.91343e-02
1.93498e-02
1.91640e-02
1.83637e-02
1.70400e-02
1.51797e-02
1.28915e-02
1.04212e-02
7.92272e-03
5.55580e-03
3.30369e-03
1.35895e-03
-6.55979e-04
-2.93943e-03
-5.32676e-03
-7.55747e-03
-9.67701e-03
-1.16922e-02
-1.33090e-02
-1.41848e-02
-1.43427e-02
-1.38341e-02
-1.24454e-02
-1.04954e-02
-7.85270e-03
-4.94696e-03
-2.00928e-03
7.12128e-04
3.11584e-03
4.99610e-03
6.01324e-03
6.61196e-03
6.67797e-03
6.10695e-03
5.12920e-03
3.68695e-03
2.05152e-03
4.47838e-04
-1.19878e-03
-3.24491e-03
-5.77314e-03
-8.37400e-03
-1.09246e-02
-1.36186e-02
-1.60566e-02
-1.87308e-02
-2.15511e-02
-2.45047e-02
-2.72495e-02
-2.96906e-02
-3.20336e-02
-3.40053e-02
-3.55533e-02
-3.67384e-02
-3.76842e-02
-3.83705e-02
-3.87645e-02
-3.88929e-02
-3.89792e-02
-3.96444e-02
-4.05909e-02
-4.14853e-02
-4.26641e-02
-4.37392e-02
-4.46443e-02
-4.51023e-02
-4.49775e-02
-4.38760e-02
-4.14212e-02
-3.76450e-02
-3.26282e-02
-2.67827e-02
-2.05430e-02
-1.40882e-02
-8.12879e-03
-3.32213e-03
2.42062e-04
2.65199e-03
3.94898e-03
4.42845e-03
4.76522e-03
5.63625e-03
7.02935e-03
9.14236e-03
1.21958e-02
1.59962e-02
2.00969e-02
2.41523e-02
2.79204e-02
3.10251e-02
3.31474e-02
3.45448e-02
3.50678e-02
3.46561e-02
3.33300e-02
3.08122e-02
2.74658e-02
2.35874e-02
1.96457e-02
1.58295e-02
1.23961e-02
9.74898e-03
8.01738e-03
7.23037e-03
7.23061e-03
7.97823e-03
9.10388e-03
1.01505e-02
1.11679e-02
1.18189e-02
1.23409e-02
1.26885e-02
1.33054e-02
1.41310e-02
1.50671e-02
1.65115e-02
1.83748e-02
2.02920e-02
2.18316e-02
2.30636e-02
2.38335e-02
2.39825e-02
2.33022e-02
2.15000e-02
1.89321e-02
1.58403e-02
1.28471e-02
9.94670e-03
7.19318e-03
4.94068e-03
3.01604e-03
1.51437e-03
7.46788e-04
4.67349e-04
7.31631e-04
1.26728e-03
2.28718e-03
3.84243e-03
5.42823e-03
7.32513e-03
9.40630e-03
1.16764e-02
1.44749e-02
1.80191e-02
2.19039e-02
2.59894e-02
3.01034e-02
3.42214e-02
3.79050e-02
4.06535e-02
4.24438e-02
4.28314e-02
4.14669e-02
3.84003e-02
3.33549e-02
2.72762e-02
2.08664e-02
1.43386e-02
8.37321e-03
3.38837e-03
-2.28291e-04
-2.44906e-03
-3.52553e-03
-3.73600e-03
-3.39895e-03
-3.15140e-03
-3.66554e-03
-5.19134e-03
-7.90645e-03
-1.19441e-02
-1.71194e-02
-2.26580e-02
-2.83398e-02
-3.41192e-02
-3.99531e-02
-4.58880e-02
-5.12511e-02
-5.59035e-02
-6.01932e-02
-6.36936e-02
-6.69287e-02
-7.00149e-02
-7.32763e-02
-7.65617e-02
-7.97558e-02
-8.32068e-02
-8.66520e-02
-9.00110e-02
-9.25193e-02
-9.42614e-02
-9.46149e-02
-9.29105e-02
-8.93025e-02
-8.41191e-02
-7.74824e-02
-6.97041e-02
-6.13896e-02
-5.28923e-02
-4.53109e-02
-3.89460e-02
-3.39921e-02
-3.04506e-02
-2.77247e-02
-2.54161e-02
-2.32348e-02
-2.10151e-02
-1.87251e-02
-1.60026e-02
-1.29857e-02
-9.97882e-03
-7.32594e-03
-5.13275e-03
-3.48161e-03
-2.70299e-03
-2.83284e-03
-3.63905e-03
-5.11749e-03
-7.25482e-03
-9.45266e-03
-1.19127e-02
-1.46829e-02
-1.76563e-02
-2.05987e-02
-2.34520e-02
-2.61093e-02
-2.81166e-02
-2.96345e-02
-3.08787e-02
-3.17540e-02
-3.26684e-02
-3.33837e-02
-3.37910e-02
-3.39300e-02
-3.38935e-02
-3.36093e-02
-3.32189e-02
-3.23910e-02
-3.10750e-02
-2.96221e-02
-2.78955e-02
-2.53979e-02
-2.23072e-02
-1.89963e-02
-1.55311e-02
-1.22711e-02
-9.48377e-03
-7.41515e-03
-6.03251e-03
-5.38941e-03
-5.14158e-03
-5.43530e-03
-6.53006e-03
-7.72775e-03
-8.76802e-03
-9.46752e-03
-1.02426e-02
-1.11819e-02
-1.18176e-02
-1.22699e-02
-1.22384e-02
-1.15953e-02
-1.02652e-02
-7.95632e-03
-4.34040e-03
1.02060e-03
8.15852e-03
1.73618e-02
2.89837e-02
4.28670e-02
5.82738e-02
7.46635e-02
9.17128e-02
1.09250e-01
1.26536e-01
1.44002e-01
1.62317e-01
1.79267e-01
1.94370e-01
2.07589e-01
2.19118e-01
2.29831e-01
2.38937e-01
2.47128e-01
2.54922e-01
2.61497e-01
2.66959e-01
2.71609e-01
2.76284e-01
2.80419e-01
2.84263e-01
2.87943e-01
2.91890e-01
2.96112e-01
3.00549e-01
3.05022e-01
3.09337e-01
3.13461e-01
3.17533e-01
3.21978e-01
3.27040e-01
3.32807e-01
3.38890e-01
3.44910e-01
3.50639e-01
3.55634e-01
3.58993e-01
3.59967e-01
3.57376e-01
3.49353e-01
3.35858e-01
3.16990e-01
2.93136e-01
2.66356e-01
2.38376e-01
2.11239e-01
1.84659e-01
1.58319e-01
1.32101e-01
1.05919e-01
7.93723e-02
5.21139e-02
2.43626e-02
-4.03635e-03
-3.30022e-02
-6.24296e-02
-9.14871e-02
-1.19640e-01
-1.46295e-01
-1.70438e-01
-1.91001e-01
-2.07301e-01
-2.19376e-01
-2.27144e-01
-2.31701e-01
-2.34486e-01
-2.36143e-01
-2.37295e-01
-2.38921e-01
-2.41844e-01
-2.46163e-01
-2.51692e-01
-2.57663e-01
-2.63577e-01
-2.68891e-01
-2.73059e-01
-2.76182e-01
-2.77844e-01
-2.78426e-01
-2.78116e-01
-2.76944e-01
-2.75056e-01
-2.72228e-01
-2.68350e-01
-2.63565e-01
-2.58022e-01
-2.51833e-01
-2.45424e-01
-2.39476e-01
-2.34015e-01
-2.29307e-01
-2.25536e-01
-2.22210e-01
-2.19009e-01
-2.15492e-01
-2.11386e-01
-2.06607e-01
-2.00889e-01
-1.94225e-01
-1.86502e-01
-1.77797e-01
-1.68259e-01
-1.57549e-01
-1.45899e-01
-1.33495e-01
-1.20597e-01
-1.07495e-01
-9.57640e-02
-8.53032e-02
-7.58121e-02
-6.82590e-02
-6.28715e-02
-5.97246e-02
-5.87674e-02
-5.93931e-02
-6.13593e-02
-6.44949e-02
-6.79883e-02
-7.16994e-02
-7.52564e-02
-7.81105e-02
-8.04877e-02
-8.25221e-02
-8.44100e-02
-8.64530e-02
-8.88447e-02
-9.20861e-02
-9.60688e-02
-1.00112e-01
-1.03994e-01
-1.08005e-01
-1.11577e-01
-1.14293e-01
-1.16315e-01
-1.17324e-01
-1.17092e-01
-1.15745e-01
-1.12898e-01
-1.08863e-01
-1.03784e-01
-9.77896e-02
-9.13757e-02
-8.52296e-02
-7.98885e-02
-7.55993e-02
-7.30521e-02
-7.25079e-02
-7.40711e-02
-7.72768e-02
-8.22123e-02
-8.86886e-02
-9.62976e-02
-1.04654e-01
-1.12851e-01
-1.20107e-01
-1.25894e-01
-1.29310e-01
-1.29737e-01
-1.26723e-01
-1.18889e-01
-1.05202e-01
-8.54546e-02
-5.99109e-02
-3.00007e-02
1.62123e-03
3.21862e-02
6.16739e-02
9.00001e-02
1.16749e-01
1.41457e-01
1.64075e-01
1.84563e-01
2.03488e-01
2.21935e-01
2.39650e-01
2.55935e-01
2.71445e-01
2.85047e-01
2.95067e-01
3.03801e-01
3.11396e-01
3.17686e-01
3.22464e-01
3.25963e-01
3.28343e-01
3.29656e-01
3.29674e-01
3.28797e-01
3.27820e-01
3.27039e-01
3.26941e-01
3.28540e-01
3.32655e-01
3.39603e-01
3.49506e-01
3.61496e-01
3.74414e-01
3.86028e-01
3.93173e-01
3.96545e-01
3.96632e-01
3.93348e-01
3.86795e-01
3.78023e-01
3.67400e-01
3.54680e-01
3.40352e-01
3.24741e-01
3.07954e-01
2.90073e-01
2.71344e-01
2.50690e-01
2.27125e-01
2.01172e-01
1.73828e-01
1.46293e-01
1.18613e-01
9.09684e-02
6.33056e-02
3.61221e-02
9.99593e-03
-1.41316e-02
-3.54556e-02
-5.32294e-02
-6.76648e-02
-7.94725e-02
-9.06491e-02
-1.02574e-01
-1.15327e-01
-1.28794e-01
-1.42994e-01
-1.58021e-01
-1.73584e-01
-1.89709e-01
-2.06257e-01
-2.23702e-01
-2.39919e-01
-2.54989e-01
-2.68509e-01
-2.80296e-01
-2.91250e-01
-3.00261e-01
-3.08008e-01
-3.15631e-01
-3.22459e-01
-3.28401e-01
-3.33572e-01
-3.38489e-01
-3.43299e-01
-3.48371e-01
-3.53493e-01
-3.58792e-01
-3.63939e-01
-3.68770e-01
-3.73439e-01
-3.77994e-01
-3.82715e-01
-3.87709e-01
-3.93335e-01
-3.99649e-01
-4.06513e-01
-4.13829e-01
-4.21026e-01
-4.27414e-01
-4.32059e-01
-4.34244e-01
-4.33325e-01
-4.28234e-01
-4.18185e-01
-4.02373e-01
-3.80696e-01
-3.54338e-01
-3.25684e-01
-2.97728e-01
-2.70229e-01
-2.42949e-01
-2.15885e-01
-1.88965e-01
-1.62435e-01
-1.36475e-01
-1.11565e-01
-8.82477e-02
-6.65336e-02
-4.61566e-02
-2.66852e-02
-6.90003e-03
1.27132e-02
3.06898e-02
4.66166e-02
6.13425e-02
7.32313e-02
8.15508e-02
8.78938e-02
9.22378e-02
9.50424e-02
9.74726e-02
9.94411e-02
1.01627e-01
1.04004e-01
1.06414e-01
1.08861e-01
1.11904e-01
1.15324e-01
1.18701e-01
1.22100e-01
1.25603e-01
1.29287e-01
1.33107e-01
1.36995e-01
1.41082e-01
1.45223e-01
1.49426e-01
1.53421e-01
1.57085e-01
1.60368e-01
1.63262e-01
1.65903e-01
1.68571e-01
1.71284e-01
1.74205e-01
1.77771e-01
1.82059e-01
1.87473e-01
1.94015e-01
2.02157e-01
2.11414e-01
2.21318e-01
2.31425e-01
2.41700e-01
2.52187e-01
2.62303e-01
2.71725e-01
2.80267e-01
2.88380e-01
2.96193e-01
3.03566e-01
3.10436e-01
3.17145e-01
3.24078e-01
3.31716e-01
3.40254e-01
3.49040e-01
3.57492e-01
3.65314e-01
3.72211e-01
3.78402e-01
3.83091e-01
3.86213e-01
3.86986e-01
3.85195e-01
3.80817e-01
3.73647e-01
3.63759e-01
3.51421e-01
3.36560e-01
3.20194e-01
3.02836e-01
2.85510e-01
2.68560e-01
2.51442e-01
2.35536e-01
2.20197e-01
2.05529e-01
1.91765e-01
1.77495e-01
1.62707e-01
1.48142e-01
1.34030e-01
1.21648e-01
1.10751e-01
1.00455e-01
9.09418e-02
8.12149e-02
7.06163e-02
5.91032e-02
4.68366e-02
3.40222e-02
2.00209e-02
4.60860e-03
-1.13788e-02
-2.86272e-02
-4.79953e-02
-6.79897e-02
-8.82396e-02
-1.09676e-01
-1.31849e-01
-1.54324e-01
-1.76740e-01
-1.98872e-01
-2.20645e-01
-2.41730e-01
-2.61999e-01
-2.81143e-01
-2.99208e-01
-3.16132e-01
-3.31952e-01
-3.47418e-01
-3.62234e-01
-3.76008e-01
-3.88725e-01
-4.00003e-01
-4.09671e-01
-4.18202e-01
-4.25979e-01
-4.33204e-01
-4.39482e-01
-4.45132e-01
-4.50365e-01
-4.54732e-01
-4.58275e-01
-4.61007e-01
-4.63160e-01
-4.65185e-01
-4.67006e-01
-4.68300e-01
-4.68803e-01
-4.67691e-01
-4.64322e-01
-4.58195e-01
-4.48393e-01
-4.34335e-01
-4.15805e-01
-3.93141e-01
-3.66772e-01
-3.37995e-01
-3.09353e-01
-2.80961e-01
-2.52542e-01
-2.24308e-01
-1.96512e-01
-1.69853e-01
-1.45007e-01
-1.22936e-01
-1.04096e-01
-8.79595e-02
-7.34358e-02
-5.98651e-02
-4.69412e-02
-3.42130e-02
-2.02739e-02
-4.08895e-03
1.35177e-02
3.11953e-02
4.88515e-02
6.75036e-02
8.53038e-02
1.01605e-01
1.18567e-01
1.36456e-01
1.53251e-01
1.68891e-01
1.84486e-01
2.00905e-01
2.16041e-01
2.29670e-01
2.42163e-01
2.53978e-01
2.65341e-01
2.75778e-01
2.86109e-01
2.96214e-01
3.05790e-01
3.15000e-01
3.24074e-01
3.32872e-01
3.41363e-01
3.48960e-01
3.55311e-01
3.60441e-01
3.64073e-01
3.66291e-01
3.66912e-01
3.65609e-01
3.62385e-01
3.57359e-01
3.50898e-01
3.43522e-01
3.35571e-01
3.27029e-01
3.18417e-01
3.10851e-01
3.03820e-01
2.97081e-01
2.89871e-01
2.82515e-01
2.75396e-01
2.68175e-01
2.61125e-01
2.54100e-01
2.46948e-01
2.39425e-01
2.31866e-01
2.23822e-01
2.15717e-01
2.07397e-01
1.99029e-01
1.91029e-01
1.83292e-01
1.76142e-01
1.69039e-01
1.62136e-01
1.54843e-01
1.46830e-01
1.37914e-01
1.28279e-01
1.17958e-01
1.06544e-01
9.42998e-02
8.13801e-02
6.77426e-02
5.39978e-02
4.06826e-02
2.81861e-02
1.59199e-02
3.63779e-03
-8.88175e-03
-2.14993e-02
-3.53746e-02
-4.96966e-02
-6.38561e-02
-7.75400e-02
-9.11071e-02
-1.04978e-01
-1.18862e-01
-1.32782e-01
-1.46626e-01
-1.60390e-01
-1.73379e-01
-1.84812e-01
-1.95671e-01
-2.07074e-01
-2.18597e-01
-2.30285e-01
-2.43041e-01
-2.56029e-01
-2.68301e-01
-2.79829e-01
-2.90080e-01
-2.98528e-01
-3.05472e-01
-3.11218e-01
-3.15062e-01
-3.16379e-01
-3.15484e-01
-3.12833e-01
-3.08659e-01
-3.02732e-01
-2.95245e-01
-2.86828e-01
-2.77428e-01
-2.67285e-01
-2.56965e-01
-2.46525e-01
-2.36330e-01
-2.26339e-01
-2.16378e-01
-2.06361e-01
-1.97143e-01
-1.89150e-01
-1.81990e-01
-1.75508e-01
-1.69643e-01
-1.63796e-01
-1.57195e-01
-1.49314e-01
-1.40128e-01
-1.29436e-01
-1.17970e-01
-1.05889e-01
-9.33679e-02
-8.02831e-02
-6.73231e-02
-5.46860e-02
-4.19908e-02
-3.02015e-02
-2.02759e-02
-1.24283e-02
-5.74805e-03
-8.02621e-04
2.89695e-03
5.67548e-03
7.87084e-03
1.01395e-02
1.25401e-02
1.52184e-02
1.84039e-02
2.21606e-02
2.66314e-02
3.14165e-02
3.64000e-02
4.14608e-02
4.66559e-02
5.20902e-02
5.81042e-02
6.48242e-02
7.25274e-02
8.14229e-02
9.14435e-02
1.02236e-01
1.13460e-01
1.25106e-01
1.36631e-01
1.47593e-01
1.57937e-01
1.67176e-01
1.74647e-01
1.79124e-01
1.81228e-01
1.81022e-01
1.77914e-01
1.72429e-01
1.64430e-01
1.53977e-01
1.41837e-01
1.28605e-01
1.14623e-01
1.00608e-01
8.68430e-02
7.37770e-02
6.11128e-02
4.81835e-02
3.63896e-02
2.60467e-02
1.76224e-02
1.11717e-02
6.70773e-03
4.24819e-03
2.89852e-03
2.87068e-03
4.24613e-03
6.76351e-03
1.06500e-02
1.59113e-02
2.21283e-02
2.92078e-02
3.71943e-02
4.54896e-02
5.37762e-02
6.14922e-02
6.85890e-02
7.46943e-02
7.99045e-02
8.40134e-02
8.71949e-02
8.95762e-02
9.08382e-02
9.08236e-02
8.95702e-02
8.68167e-02
8.29244e-02
7.82744e-02
7.24963e-02
6.61382e-02
5.93068e-02
5.19705e-02
4.46152e-02
3.76945e-02
3.14254e-02
2.57186e-02
2.06630e-02
1.61764e-02
1.16861e-02
7.03781e-03
2.28597e-03
-2.82343e-03
-8.19590e-03
-1.35341e-02
-1.92808e-02
-2.54298e-02
-3.18736e-02
-3.88033e-02
-4.67015e-02
-5.52540e-02
-6.36426e-02
-7.21582e-02
-8.07308e-02
-8.95388e-02
-9.90284e-02
-1.08951e-01
-1.18500e-01
-1.27561e-01
-1.36445e-01
-1.45301e-01
-1.53855e-01
-1.61592e-01
-1.68632e-01
-1.74591e-01
-1.79643e-01
-1.84046e-01
-1.87750e-01
-1.90073e-01
-1.91104e-01
-1.90777e-01
-1.89270e-01
-1.86814e-01
-1.83665e-01
-1.80069e-01
-1.76201e-01
-1.72094e-01
-1.67897e-01
-1.63913e-01
-1.60193e-01
-1.56484e-01
-1.52688e-01
-1.48677e-01
-1.44410e-01
-1.40089e-01
-1.35789e-01
-1.31465e-01
-1.27192e-01
-1.23209e-01
-1.18967e-01
-1.14621e-01
-1.10376e-01
-1.05941e-01
-1.01451e-01
-9.64602e-02
-9.08423e-02
-8.50156e-02
-7.85249e-02
-7.11991e-02
-6.25108e-02
-5.24120e-02
-4.06475e-02
-2.75130e-02
-1.33662e-02
1.94791e-03
1.84979e-02
3.60707e-02
5.37656e-02
7.21514e-02
9.06929e-02
1.08772e-01
1.26495e-01
1.44048e-01
1.60284e-01
1.73132e-01
1.82808e-01
1.89232e-01
1.93142e-01
1.94158e-01
1.92622e-01
1.89270e-01
1.83937e-01
1.77357e-01
1.69870e-01
1.61912e-01
1.53604e-01
1.44850e-01
1.36531e-01
1.28620e-01
1.20777e-01
1.13673e-01
1.07389e-01
1.01926e-01
9.68181e-02
9.18699e-02
8.66556e-02
8.06975e-02
7.42465e-02
6.72503e-02
5.98210e-02
5.16761e-02
4.28248e-02
3.35377e-02
2.39781e-02
1.45497e-02
5.78969e-03
-2.16079e-03
-9.01500e-03
-1.51953e-02
-2.10110e-02
-2.60267e-02
-3.00054e-02
-3.29507e-02
-3.50528e-02
-3.61267e-02
-3.57985e-02
-3.42519e-02
-3.16497e-02
-2.79929e-02
-2.36993e-02
-1.88069e-02
-1.37448e-02
-9.08932e-03
-5.45449e-03
-2.38660e-03
-6.62020e-05
9.95100e-04
9.57070e-04
6.63941e-05
-1.55084e-03
-3.76680e-03
-6.23549e-03
-9.15674e-03
-1.32266e-02
-1.81304e-02
-2.32481e-02
-2.88651e-02
-3.49666e-02
-4.09798e-02
-4.67578e-02
-5.24437e-02
-5.78589e-02
-6.24149e-02
-6.61658e-02
-6.92344e-02
-7.11226e-02
-7.18361e-02
-7.14713e-02
-7.04211e-02
-6.91053e-02
-6.75623e-02
-6.60117e-02
-6.47532e-02
-6.41091e-02
-6.44321e-02
-6.50197e-02
-6.57979e-02
-6.66129e-02
-6.75657e-02
-6.83156e-02
-6.87212e-02
-6.81329e-02
-6.62928e-02
-6.32018e-02
-5.85676e-02
-5.16909e-02
-4.27247e-02
-3.24751e-02
-2.13571e-02
-9.75694e-03
1.37524e-03
1.13419e-02
1.93440e-02
2.57460e-02
3.03255e-02
3.43110e-02
3.78919e-02
4.09788e-02
4.35850e-02
4.61395e-02
4.90981e-02
5.20772e-02
5.51727e-02
5.79669e-02
6.09700e-02
6.40079e-02
6.63341e-02
6.77903e-02
6.89077e-02
6.95823e-02
6.96218e-02
6.89506e-02
6.75956e-02
6.57316e-02
6.34654e-02
6.10295e-02
5.85425e-02
5.62485e-02
5.44157e-02
5.32099e-02
5.29410e-02
5.32570e-02
5.37955e-02
5.43507e-02
5.49105e-02
5.54004e-02
5.57348e-02
5.60437e-02
5.62048e-02
5.59647e-02
5.50917e-02
5.36427e-02
5.15694e-02
4.88580e-02
4.54040e-02
4.15588e-02
3.76216e-02
3.38621e-02
3.08576e-02
2.85353e-02
2.71841e-02
2.68350e-02
2.76238e-02
2.94480e-02
3.20034e-02
3.52514e-02
3.89335e-02
4.25032e-02
4.58125e-02
4.89664e-02
5.17536e-02
5.38592e-02
5.53881e-02
5.67328e-02
5.74176e-02
5.76633e-02
5.73814e-02
5.65200e-02
5.51529e-02
5.32565e-02
5.08789e-02
4.79464e-02
4.44666e-02
4.06683e-02
3.69200e-02
3.35491e-02
3.12456e-02
3.01659e-02
2.98547e-02
2.94520e-02
2.82827e-02
2.60302e-02
2.29136e-02
1.85661e-02
1.33341e-02
7.83085e-03
2.25860e-03
-2.65091e-03
-7.01567e-03
-1.05527e-02
-1.28676e-02
-1.39415e-02
-1.37742e-02
-1.28844e-02
-1.15501e-02
-9.70675e-03
-7.58629e-03
-5.18296e-03
-2.81928e-03
-8.41103e-04
4.66812e-04
1.32432e-03
1.92573e-03
2.05832e-03
1.39511e-03
4.22545e-04
-7.75051e-04
-1.76488e-03
-2.17871e-03
-2.13321e-03
-2.31398e-03
-2.39315e-03
-1.83213e-03
-6.63732e-04
8.88129e-04
2.71933e-03
4.57066e-03
6.02186e-03
6.85125e-03
7.16069e-03
6.90542e-03
6.10886e-03
4.76880e-03
2.54802e-03
3.61629e-05
-2.43742e-03
-4.91186e-03
-6.96152e-03
-8.82646e-03
-1.02949e-02
-1.14742e-02
-1.28257e-02
-1.40814e-02
-1.50551e-02
-1.56400e-02
-1.57646e-02
-1.55175e-02
-1.53545e-02
-1.53798e-02
-1.56455e-02
-1.62399e-02
-1.72101e-02
-1.85907e-02
-2.02162e-02
-2.15618e-02
-2.23693e-02
-2.22091e-02
-2.12040e-02
-1.94370e-02
-1.71292e-02
-1.43775e-02
-1.11414e-02
-7.36812e-03
-2.95502e-03
1.55540e-03
6.10136e-03
1.03724e-02
1.42077e-02
1.77776e-02
2.10786e-02
2.40524e-02
2.67792e-02
2.93566e-02
3.17207e-02
3.40517e-02
3.60461e-02
3.76094e-02
3.87426e-02
3.92320e-02
3.91912e-02
3.86074e-02
3.72443e-02
3.52630e-02
3.30639e-02
3.05622e-02
2.74436e-02
2.39859e-02
2.01487e-02
1.58580e-02
1.12344e-02
6.50182e-03
1.77951e-03
-2.45734e-03
-6.28160e-03
-9.77267e-03
-1.26202e-02
-1.52616e-02
-1.71950e-02
-1.82096e-02
-1.90587e-02
-1.93903e-02
-1.90487e-02
-1.84138e-02
-1.78185e-02
-1.73702e-02
-1.69567e-02
-1.67549e-02
-1.70150e-02
-1.77222e-02
-1.91128e-02
-2.13025e-02
-2.40436e-02
-2.73961e-02
-3.10991e-02
-3.51924e-02
-3.97200e-02
-4.44998e-02
-4.88670e-02
-5.25258e-02
-5.55364e-02
-5.81112e-02
-6.02953e-02
-6.17757e-02
-6.24558e-02
-6.27717e-02
-6.23989e-02
-6.15013e-02
-5.98669e-02
-5.73971e-02
-5.44233e-02
-5.10366e-02
-4.73737e-02
-4.34527e-02
-3.93083e-02
-3.48747e-02
-3.07443e-02
-2.70782e-02
-2.38117e-02
-2.12457e-02
-1.91476e-02
-1.73383e-02
-1.59076e-02
-1.51177e-02
-1.46785e-02
-1.44572e-02
-1.41230e-02
-1.40180e-02
-1.39523e-02
-1.36634e-02
-1.32856e-02
-1.25738e-02
-1.17354e-02
-1.08452e-02
-9.65667e-03
-8.27642e-03
-6.75603e-03
-4.76560e-03
-2.67768e-03
-3.89835e-04
1.70294e-03
3.27422e-03
4.38533e-03
5.10412e-03
5.36993e-03
5.48992e-03
5.62394e-03
5.61871e-03
5.35987e-03
5.02371e-03
4.66043e-03
4.24714e-03
3.52016e-03
2.43523e-03
1.09465e-03
-3.71895e-04
-1.95764e-03
-3.44556e-03
-5.14757e-03
-7.10139e-03
-9.02322e-03
-1.10843e-02
-1.32670e-02
-1.54872e-02
-1.78785e-02
-2.02987e-02
-2.25481e-02
-2.46838e-02
-2.67997e-02
-2.87135e-02
-3.04803e-02
-3.23492e-02
-3.45114e-02
-3.65776e-02
-3.82258e-02
-3.91280e-02
-3.94290e-02
-3.96402e-02
-3.96882e-02
-3.97425e-02
-3.97449e-02
-3.96886e-02
-3.98121e-02
-3.98897e-02
-3.98220e-02
-3.96430e-02
-3.96371e-02
-3.96224e-02
-3.95895e-02
-3.95595e-02
-3.95939e-02
-3.96479e-02
-3.94164e-02
-3.91347e-02
-3.89006e-02
-3.87752e-02
-3.88863e-02
-3.92811e-02
-3.96638e-02
-3.98813e-02
-3.98643e-02
-3.98561e-02
-3.98889e-02
-3.99479e-02
-4.00154e-02
-4.00574e-02
-4.00238e-02
-3.98506e-02
-3.94632e-02
-3.87951e-02
-3.77973e-02
-3.64894e-02
-3.48976e-02
-3.27988e-02
-3.03590e-02
-2.78604e-02
-2.51055e-02
-2.17579e-02
-1.75024e-02
-1.23927e-02
-6.45457e-03
1.75644e-04
7.41170e-03
1.53779e-02
2.39731e-02
3.26095e-02
4.08881e-02
4.84110e-02
5.52505e-02
6.14551e-02
6.74813e-02
7.33018e-02
7.86917e-02
8.38963e-02
8.84832e-02
9.21224e-02
9.46444e-02
9.61139e-02
9.67864e-02
9.66305e-02
9.56659e-02
9.36274e-02
9.08667e-02
8.72165e-02
8.26119e-02
7.72046e-02
7.15968e-02
6.64999e-02
6.15680e-02
5.72275e-02
5.33780e-02
5.02871e-02
4.78868e-02
4.59707e-02
4.47112e-02
4.40054e-02
4.40530e-02
4.43308e-02
4.47387e-02
4.55172e-02
4.62430e-02
4.72160e-02
4.81153e-02
4.88470e-02
4.91836e-02
4.94655e-02
4.98593e-02
5.02808e-02
5.08573e-02
5.14717e-02
5.18717e-02
5.17981e-02
5.12414e-02
4.99947e-02
4.78834e-02
4.47842e-02
4.04788e-02
3.52695e-02
2.98756e-02
2.47124e-02
1.97222e-02
1.51489e-02
1.13902e-02
8.50486e-03
6.43902e-03
5.24248e-03
4.93203e-03
5.47803e-03
6.42077e-03
7.54657e-03
8.83224e-03
1.00812e-02
1.10708e-02
1.19897e-02
1.25384e-02
1.26220e-02
1.25945e-02
1.26102e-02
1.25547e-02
1.22239e-02
1.15060e-02
1.05321e-02
9.03069e-03
6.96701e-03
4.50546e-03
1.51263e-03
-2.20641e-03
-6.01476e-03
-9.89972e-03
-1.34961e-02
-1.70809e-02
-2.05778e-02
-2.39988e-02
-2.71703e-02
-3.00864e-02
-3.25465e-02
-3.46887e-02
-3.67135e-02
-3.83940e-02
-3.96335e-02
-4.02932e-02
-4.06911e-02
-4.06740e-02
-4.05831e-02
-4.04076e-02
-4.00637e-02
-3.95256e-02
-3.88139e-02
-3.79706e-02
-3.67911e-02
-3.53971e-02
-3.39652e-02
-3.25213e-02
-3.13140e-02
-3.01423e-02
-2.89187e-02
-2.75978e-02
-2.60195e-02
-2.41633e-02
-2.22248e-02
-2.00640e-02
-1.79614e-02
-1.57969e-02
-1.37007e-02
-1.19041e-02
-1.03172e-02
-8.76017e-03
-7.31894e-03
-6.17004e-03
-5.36179e-03
-4.73200e-03
-4.55499e-03
-4.89463e-03
-5.62653e-03
-6.45837e-03
-7.32357e-03
-8.48891e-03
-9.77049e-03
-1.06743e-02
-1.17626e-02
-1.28698e-02
-1.38416e-02
-1.52730e-02
-1.67787e-02
-1.83275e-02
-1.99287e-02
-2.15543e-02
-2.31533e-02
-2.47035e-02
-2.60866e-02
-2.72520e-02
-2.83350e-02
-2.90654e-02
-2.96884e-02
-3.02752e-02
-3.05444e-02
-3.01092e-02
-2.85779e-02
-2.59843e-02
-2.25484e-02
-1.82321e-02
-1.34794e-02
-8.74521e-03
-4.04542e-03
5.58115e-04
4.94511e-03
8.99173e-03
1.27866e-02
1.62905e-02
1.97979e-02
2.33021e-02
2.66987e-02
3.01919e-02
3.30516e-02
3.53484e-02
3.69571e-02
3.80085e-02
3.85444e-02
3.84345e-02
3.79188e-02
3.67818e-02
3.49029e-02
3.25027e-02
2.95725e-02
2.63436e-02
2.28191e-02
1.95541e-02
1.65247e-02
1.38607e-02
1.14340e-02
9.40100e-03
7.76172e-03
5.95389e-03
4.31851e-03
2.75557e-03
1.04267e-03
-7.37143e-04
-2.08794e-03
-2.84181e-03
-3.45093e-03
-3.73396e-03
-3.71713e-03
-3.55027e-03
-3.15871e-03
-2.48251e-03
-1.49927e-03
-2.93740e-04
9.68634e-04
1.90669e-03
2.17384e-03
1.80918e-03
7.20082e-04
-4.97623e-04
-2.18718e-03
-3.77090e-03
-5.53346e-03
-7.57032e-03
-9.55303e-03
-1.13231e-02
-1.30437e-02
-1.45447e-02
-1.56569e-02
-1.64365e-02
-1.69222e-02
-1.73333e-02
-1.75334e-02
-1.75227e-02
-1.72211e-02
-1.68284e-02
-1.64414e-02
-1.60384e-02
-1.54447e-02
-1.50019e-02
-1.46523e-02
-1.44858e-02
-1.44059e-02
-1.45135e-02
-1.49935e-02
-1.59547e-02
-1.71434e-02
-1.84631e-02
-2.00160e-02
-2.16183e-02
-2.32443e-02
-2.49264e-02
-2.65392e-02
-2.76546e-02
-2.83042e-02
-2.83469e-02
-2.77994e-02
-2.70145e-02
-2.60010e-02
-2.47584e-02
-2.34407e-02
-2.22592e-02
-2.12509e-02
-2.03655e-02
-1.96109e-02
-1.91899e-02
-1.88604e-02
-1.87409e-02
-1.87048e-02
-1.84967e-02
-1.80980e-02
-1.75150e-02
-1.67927e-02
-1.60154e-02
-1.52951e-02
-1.43422e-02
-1.29538e-02
-1.14410e-02
-9.85402e-03
-8.37955e-03
-6.85662e-03
-5.50540e-03
-4.07094e-03
-2.54460e-03
-1.24356e-03
4.51011e-05
1.31424e-03
2.29914e-03
3.13606e-03
3.62198e-03
4.07456e-03
4.77130e-03
5.63739e-03
6.58863e-03
7.76278e-03
9.00876e-03
1.01203e-02
1.15022e-02
1.32447e-02
1.49129e-02
1.66466e-02
1.82034e-02
1.96389e-02
2.06005e-02
2.11759e-02
2.13747e-02
2.12341e-02
2.08290e-02
2.01041e-02
1.93153e-02
1.86406e-02
1.82640e-02
1.80963e-02
1.79821e-02
1.80361e-02
1.84215e-02
1.93558e-02
2.08738e-02
2.23217e-02
2.37253e-02
2.50747e-02
2.61007e-02
2.69938e-02
2.78446e-02
2.86917e-02
2.92884e-02
2.95990e-02
2.96369e-02
2.91646e-02
2.83220e-02
2.72920e-02
2.59450e-02
2.45610e-02
2.28445e-02
2.09099e-02
1.88051e-02
1.65696e-02
1.43456e-02
1.22879e-02
1.04998e-02
9.43985e-03
8.52168e-03
7.69113e-03
6.94747e-03
6.24286e-03
5.80873e-03
5.59978e-03
5.50581e-03
5.57685e-03
5.58809e-03
5.45111e-03
5.17982e-03
5.02024e-03
4.73408e-03
4.24357e-03
3.51536e-03
2.55429e-03
1.42502e-03
2.31887e-04
-1.16047e-03
-2.50877e-03
-3.64474e-03
-5.19932e-03
-7.18125e-03
-9.67817e-03
-1.27981e-02
-1.65493e-02
-2.08012e-02
-2.55381e-02
-3.06547e-02
-3.58569e-02
-4.10012e-02
-4.57964e-02
-4.99190e-02
-5.33117e-02
-5.60765e-02
-5.84122e-02
-6.03984e-02
-6.18391e-02
-6.26383e-02
-6.27024e-02
-6.18732e-02
-6.03831e-02
-5.81406e-02
-5.51551e-02
-5.16579e-02
-4.78362e-02
-4.40363e-02
-4.04634e-02
-3.71386e-02
-3.42836e-02
-3.15329e-02
-2.86897e-02
-2.61643e-02
-2.40854e-02
-2.19653e-02
-1.99481e-02
-1.80486e-02
-1.64319e-02
-1.49633e-02
-1.35001e-02
-1.23279e-02
-1.12369e-02
-1.01230e-02
-8.98222e-03
-7.97434e-03
-6.73293e-03
-5.41816e-03
-4.23923e-03
-2.92161e-03
-1.63077e-03
-3.38193e-04
1.00303e-03
2.17340e-03
3.47394e-03
4.98170e-03
6.51024e-03
8.41583e-03
1.07863e-02
1.33074e-02
1.57357e-02
1.78158e-02
1.95192e-02
2.05625e-02
2.09817e-02
2.09729e-02
2.06715e-02
2.05561e-02
2.07546e-02
2.13317e-02
2.23881e-02
2.38877e-02
2.54586e-02
2.71474e-02
2.89987e-02
3.07159e-02
3.22034e-02
3.32968e-02
3.38791e-02
3.41369e-02
3.42145e-02
3.41963e-02
3.40366e-02
3.38528e-02
3.33712e-02
3.27778e-02
3.21938e-02
3.16924e-02
3.11231e-02
3.05893e-02
3.02579e-02
2.99613e-02
2.94358e-02
2.86131e-02
2.72660e-02
2.57709e-02
2.43531e-02
2.27249e-02
2.11760e-02
2.00224e-02
1.87730e-02
1.76352e-02
1.65984e-02
1.53638e-02
1.41381e-02
1.33501e-02
1.29838e-02
1.24531e-02
1.20442e-02
1.17308e-02
1.16502e-02
1.19919e-02
1.25173e-02
1.29426e-02
1.33206e-02
1.33321e-02
1.33650e-02
1.33920e-02
1.30094e-02
1.24199e-02
1.18341e-02
1.07453e-02
9.35678e-03
7.79786e-03
5.98650e-03
4.17326e-03
2.37783e-03
3.04521e-04
-2.11677e-03
-4.72231e-03
-7.09678e-03
-9.50937e-03
-1.18146e-02
-1.40377e-02
-1.63579e-02
-1.89003e-02
-2.15556e-02
-2.44062e-02
-2.72535e-02
-3.01249e-02
-3.30349e-02
-3.60013e-02
-3.90500e-02
-4.21836e-02
-4.53838e-02
-4.85954e-02
-5.16096e-02
-5.39618e-02
-5.56664e-02
-5.69848e-02
-5.79462e-02
-5.83301e-02
-5.80062e-02
-5.72544e-02
-5.62475e-02
-5.50301e-02
-5.36275e-02
-5.19583e-02
-5.01204e-02
-4.78587e-02
-4.54226e-02
-4.29464e-02
-4.02857e-02
-3.73357e-02
-3.42508e-02
-3.10524e-02
-2.78481e-02
-2.49723e-02
-2.19586e-02
-1.88745e-02
-1.63325e-02
-1.40687e-02
-1.23454e-02
-1.09944e-02
-9.77442e-03
-8.52872e-03
-7.49866e-03
-6.41092e-03
-5.08633e-03
-3.41350e-03
-1.55204e-03
5.28334e-04
2.90114e-03
5.56556e-03
8.39653e-03
1.12380e-02
1.40934e-02
1.67341e-02
1.93422e-02
2.16579e-02
2.36397e-02
2.55909e-02
2.73515e-02
2.90208e-02
3.07564e-02
3.21600e-02
3.33617e-02
3.45475e-02
3.54843e-02
3.64720e-02
3.76409e-02
3.87836e-02
3.99864e-02
4.12496e-02
4.19987e-02
4.23954e-02
4.25419e-02
4.25266e-02
4.21942e-02
4.14308e-02
4.04077e-02
3.88617e-02
3.68151e-02
3.44552e-02
3.22846e-02
3.07567e-02
2.93562e-02
2.83910e-02
2.78273e-02
2.77584e-02
2.81445e-02
2.85963e-02
2.91181e-02
2.97205e-02
3.04184e-02
3.14735e-02
3.28554e-02
3.44516e-02
3.62680e-02
3.80606e-02
4.00673e-02
4.22617e-02
4.45429e-02
4.66335e-02
4.79483e-02
4.86292e-02
4.89158e-02
4.90194e-02
4.87559e-02
4.81349e-02
4.70205e-02
4.52671e-02
4.28850e-02
3.99613e-02
3.65995e-02
3.31815e-02
2.95054e-02
2.58595e-02
2.21081e-02
1.81049e-02
1.43377e-02
1.08717e-02
7.70823e-03
4.73652e-03
1.53868e-03
-1.51023e-03
-4.23082e-03
-6.63455e-03
-8.30331e-03
-9.35513e-03
-9.85982e-03
-1.00399e-02
-9.89912e-03
-9.24786e-03
-8.24879e-03
-7.31549e-03
-6.66122e-03
-6.35455e-03
-6.57819e-03
-7.05278e-03
-7.75096e-03
-8.50376e-03
-9.45662e-03
-1.03313e-02
-1.11670e-02
-1.18576e-02
-1.24172e-02
-1.27392e-02
-1.32172e-02
-1.38108e-02
-1.44205e-02
-1.52407e-02
-1.61578e-02
-1.70034e-02
-1.78054e-02
-1.83809e-02
-1.87286e-02
-1.86372e-02
-1.82362e-02
-1.77244e-02
-1.68185e-02
-1.58329e-02
-1.49295e-02
-1.39917e-02
-1.31800e-02
-1.24182e-02
-1.16212e-02
-1.09472e-02
-1.03815e-02
-1.01238e-02
-1.00380e-02
-9.96121e-03
-9.85544e-03
-9.51759e-03
-9.12665e-03
-8.52991e-03
-7.97197e-03
-7.31961e-03
-6.56247e-03
-5.47806e-03
-4.11639e-03
-2.59351e-03
-8.73588e-04
7.97741e-04
2.36120e-03
3.70899e-03
4.75373e-03
5.71023e-03
6.67616e-03
7.65448e-03
8.33630e-03
8.72545e-03
9.08966e-03
8.96241e-03
8.37045e-03
7.43599e-03
5.83822e-03
3.79156e-03
1.17056e-03
-1.81162e-03
-5.04011e-03
-8.57565e-03
-1.20403e-02
-1.49888e-02
-1.77745e-02
-2.06389e-02
-2.31837e-02
-2.52678e-02
-2.69797e-02
-2.80835e-02
-2.88004e-02
-2.90676e-02
-2.91985e-02
-2.93485e-02
-2.94454e-02
-2.93287e-02
-2.90475e-02
-2.91405e-02
-2.92345e-02
-2.92623e-02
-2.92590e-02
-2.92527e-02
-2.92942e-02
-2.94386e-02
-2.97429e-02
-3.02513e-02
-3.09711e-02
-3.18627e-02
-3.27803e-02
-3.35615e-02
-3.42031e-02
-3.45871e-02
-3.50771e-02
-3.51932e-02
-3.46908e-02
-3.39898e-02
-3.31564e-02
-3.22262e-02
-3.13569e-02
-3.07237e-02
-3.02475e-02
-2.96604e-02
-2.87268e-02
-2.74011e-02
-2.54757e-02
-2.30407e-02
-2.04097e-02
-1.76575e-02
-1.46726e-02
-1.15071e-02
-7.92986e-03
-4.41673e-03
-8.69917e-04
2.70030e-03
6.42719e-03
1.01924e-02
1.37633e-02
1.71981e-02
2.05532e-02
2.36476e-02
2.65891e-02
2.94946e-02
3.19915e-02
3.41668e-02
3.59818e-02
3.73206e-02
3.79873e-02
3.83671e-02
3.85214e-02
3.82193e-02
3.75656e-02
3.68501e-02
3.61536e-02
3.53156e-02
3.44688e-02
3.38377e-02
3.33672e-02
3.29151e-02
3.26863e-02
3.28421e-02
3.29562e-02
3.29712e-02
3.28770e-02
3.26616e-02
3.23036e-02
3.18326e-02
3.12074e-02
3.02029e-02
2.91287e-02
2.82632e-02
2.78952e-02
2.80486e-02
2.85577e-02
2.91822e-02
2.98785e-02
3.04671e-02
3.05113e-02
3.03164e-02
2.97932e-02
2.88906e-02
2.78636e-02
2.64871e-02
2.48002e-02
2.29826e-02
2.09795e-02
1.88498e-02
1.69691e-02
1.52456e-02
1.34377e-02
1.16440e-02
9.96301e-03
8.21197e-03
6.46208e-03
4.83531e-03
3.12559e-03
1.43269e-03
7.57003e-05
-1.30169e-03
-2.44316e-03
-3.17759e-03
-3.56140e-03
-3.90408e-03
-4.16173e-03
-4.47425e-03
-4.86164e-03
-5.58259e-03
-6.68778e-03
-8.12522e-03
-9.73150e-03
-1.12506e-02
-1.26922e-02
-1.39589e-02
-1.46984e-02
-1.50463e-02
-1.50650e-02
-1.48682e-02
-1.43074e-02
-1.32804e-02
-1.20617e-02
-1.08394e-02
-9.95204e-03
-9.73954e-03
-1.00212e-02
-1.10178e-02
-1.26542e-02
-1.46343e-02
-1.68033e-02
-1.91293e-02
-2.12611e-02
-2.33821e-02
-2.56023e-02
-2.74796e-02
-2.89941e-02
-3.02664e-02
-3.14174e-02
-3.24914e-02
-3.37088e-02
-3.48306e-02
-3.57935e-02
-3.65301e-02
-3.67607e-02
-3.68575e-02
-3.70297e-02
-3.73551e-02
-3.79993e-02
-3.83986e-02
-3.85242e-02
-3.82943e-02
-3.77764e-02
-3.66220e-02
-3.50781e-02
-3.35486e-02
-3.16746e-02
-2.93116e-02
-2.67066e-02
-2.40269e-02
-2.14384e-02
-1.89343e-02
-1.64525e-02
-1.39457e-02
-1.17118e-02
-9.76719e-03
-7.75985e-03
-5.85389e-03
-4.25958e-03
-2.90264e-03
-1.60593e-03
-3.81511e-04
7.44645e-04
1.66908e-03
2.08753e-03
2.25128e-03
2.36911e-03
2.32413e-03
2.04650e-03
1.77011e-03
1.60791e-03
1.59690e-03
1.51326e-03
1.31700e-03
1.03756e-03
7.06502e-04
4.35205e-04
2.56842e-04
-7.88702e-07
-1.64195e-05
4.33893e-05
1.72228e-04
4.10044e-04
7.62225e-04
1.23144e-03
1.69214e-03
1.70445e-03
1.33582e-03
8.37801e-04
2.24524e-04
-4.58794e-04
-1.19676e-03
-2.24120e-03
-3.64578e-03
-5.55703e-03
-7.51216e-03
-9.45746e-03
-1.15497e-02
-1.34405e-02
-1.52533e-02
-1.71780e-02
-1.90964e-02
-2.07875e-02
-2.20521e-02
-2.29296e-02
-2.32314e-02
-2.29120e-02
-2.22363e-02
-2.11031e-02
-1.93908e-02
-1.71428e-02
-1.44905e-02
-1.15510e-02
-8.78754e-03
-6.27488e-03
-4.05568e-03
-2.15554e-03
-5.90675e-04
6.80120e-04
1.86215e-03
3.22925e-03
4.78678e-03
6.18873e-03
7.38648e-03
8.63938e-03
1.00634e-02
1.17132e-02
1.32773e-02
1.43503e-02
1.51845e-02
1.61031e-02
1.69811e-02
1.78179e-02
1.84117e-02
1.88291e-02
1.92413e-02
1.98565e-02
2.06243e-02
2.14177e-02
2.20008e-02
2.21990e-02
2.23924e-02
2.25554e-02
2.26434e-02
2.29862e-02
2.35873e-02
2.41099e-02
2.47249e-02
2.53745e-02
2.58831e-02
2.60564e-02
2.60230e-02
2.59973e-02
2.59811e-02
2.59314e-02
2.58203e-02
2.56042e-02
2.52695e-02
2.48014e-02
2.42653e-02
2.36728e-02
2.28944e-02
2.22959e-02
2.18281e-02
2.13363e-02
2.09925e-02
2.09623e-02
2.11218e-02
2.15521e-02
2.23850e-02
2.36768e-02
2.54496e-02
2.74598e-02
2.91277e-02
3.05039e-02
3.15493e-02
3.23598e-02
3.26414e-02
3.26482e-02
3.24856e-02
3.20432e-02
3.15049e-02
3.09035e-02
3.03195e-02
2.98357e-02
2.93218e-02
2.88357e-02
2.82261e-02
2.76164e-02
2.71564e-02
2.67360e-02
2.64470e-02
2.61574e-02
2.59665e-02
2.59670e-02
2.59583e-02
2.59180e-02
2.58527e-02
2.57530e-02
2.56123e-02
2.54161e-02
2.51753e-02
2.48429e-02
2.40675e-02
2.27709e-02
2.13063e-02
1.99047e-02
1.85651e-02
1.72489e-02
1.58916e-02
1.44286e-02
1.28979e-02
1.15944e-02
1.03214e-02
9.05418e-03
8.15378e-03
7.72245e-03
7.46506e-03
7.25397e-03
7.18918e-03
6.98481e-03
6.33561e-03
5.48860e-03
4.59063e-03
3.84916e-03
3.49992e-03
3.53634e-03
4.20799e-03
5.66378e-03
7.34598e-03
8.98131e-03
1.05278e-02
1.19566e-02
1.31007e-02
1.35477e-02
1.34005e-02
1.26749e-02
1.13873e-02
9.47693e-03
7.20565e-03
4.52525e-03
1.77268e-03
-9.34408e-04
-3.91549e-03
-6.67259e-03
-9.02935e-03
-1.13052e-02
-1.38408e-02
-1.64400e-02
-1.87647e-02
-2.07928e-02
-2.28240e-02
-2.47393e-02
-2.65741e-02
-2.82590e-02
-2.99227e-02
-3.14777e-02
-3.28441e-02
-3.43259e-02
-3.59200e-02
-3.73801e-02
-3.88463e-02
-4.00819e-02
-4.13368e-02
-4.27190e-02
-4.42472e-02
-4.56079e-02
-4.67554e-02
-4.79468e-02
-4.89244e-02
-4.96535e-02
-5.04639e-02
-5.10740e-02
-5.08845e-02
-5.01293e-02
-4.90066e-02
-4.75020e-02
-4.57279e-02
-4.38660e-02
-4.20410e-02
-4.05722e-02
-3.89813e-02
-3.72770e-02
-3.58085e-02
-3.44530e-02
-3.32141e-02
-3.19029e-02
-3.08460e-02
-3.01111e-02
-2.94458e-02
-2.89674e-02
-2.83205e-02
-2.75536e-02
-2.68586e-02
-2.64440e-02
-2.61970e-02
-2.58843e-02
-2.55309e-02
-2.52307e-02
-2.51041e-02
-2.52707e-02
-2.54471e-02
-2.53013e-02
-2.49603e-02
-2.45054e-02
-2.42244e-02
-2.39900e-02
-2.37681e-02
-2.32866e-02
-2.24590e-02
-2.12850e-02
-1.98244e-02
-1.82877e-02
-1.69117e-02
-1.53978e-02
-1.36208e-02
-1.18567e-02
-1.01670e-02
-8.30524e-03
-6.20508e-03
-3.92163e-03
-1.52888e-03
1.13682e-03
3.94474e-03
6.71326e-03
9.71129e-03
1.27854e-02
1.58839e-02
1.88842e-02
2.13845e-02
2.35120e-02
2.55170e-02
2.71428e-02
2.83430e-02
2.92890e-02
3.01436e-02
3.05749e-02
3.04721e-02
2.99056e-02
2.90506e-02
2.78282e-02
2.60194e-02
2.39647e-02
2.17630e-02
1.98603e-02
1.84609e-02
1.72166e-02
1.62098e-02
1.54592e-02
1.47517e-02
1.43173e-02
1.41841e-02
1.42217e-02
1.41906e-02
1.40840e-02
1.39254e-02
1.37346e-02
1.35362e-02
1.33647e-02
1.32617e-02
1.32799e-02
1.34723e-02
1.38874e-02
1.45484e-02
1.54352e-02
1.64597e-02
1.74245e-02
1.80916e-02
1.84653e-02
1.82696e-02
1.76084e-02
1.69348e-02
1.60531e-02
1.49274e-02
1.36754e-02
1.24439e-02
1.11753e-02
9.71897e-03
7.98554e-03
6.13029e-03
3.96115e-03
1.73075e-03
-6.80919e-04
-3.18054e-03
-5.54319e-03
-7.79890e-03
-1.00269e-02
-1.19887e-02
-1.37226e-02
-1.53225e-02
-1.66991e-02
-1.79016e-02
-1.85662e-02
-1.89026e-02
-1.93041e-02
-1.96159e-02
-1.97788e-02
-2.02709e-02
-2.08318e-02
-2.12630e-02
-2.14562e-02
-2.15938e-02
-2.16407e-02
-2.15033e-02
-2.10991e-02
-2.03495e-02
-1.92274e-02
-1.77673e-02
-1.61500e-02
-1.46281e-02
-1.32473e-02
-1.20276e-02
-1.11385e-02
-1.08711e-02
-1.07248e-02
-1.07478e-02
-1.08365e-02
-1.10067e-02
-1.09702e-02
-1.07004e-02
-1.04099e-02
-9.90811e-03
-9.47087e-03
-9.28359e-03
-9.47702e-03
-9.81160e-03
-9.97122e-03
-1.01319e-02
-1.02963e-02
-1.04142e-02
-1.04282e-02
-1.02546e-02
-9.86926e-03
-9.59490e-03
-9.53570e-03
-9.49195e-03
-9.46204e-03
-9.48975e-03
-9.62026e-03
-9.90535e-03
-1.03908e-02
-1.10988e-02
-1.20154e-02
-1.30396e-02
-1.40541e-02
-1.51263e-02
-1.60867e-02
-1.69706e-02
-1.79090e-02
-1.90522e-02
-2.02452e-02
-2.15571e-02
-2.30240e-02
-2.43782e-02
-2.55182e-02
-2.64277e-02
-2.70528e-02
-2.74084e-02
-2.74864e-02
-2.70973e-02
-2.62741e-02
-2.49785e-02
-2.35705e-02
-2.22866e-02
-2.10050e-02
-1.92577e-02
-1.69141e-02
-1.44861e-02
-1.18142e-02
-8.68197e-03
-5.62602e-03
-3.02614e-03
-3.69237e-04
2.40479e-03
5.08728e-03
7.95471e-03
1.11072e-02
1.42422e-02
1.72218e-02
1.99093e-02
2.21894e-02
2.43001e-02
2.62446e-02
2.77373e-02
2.88082e-02
2.96262e-02
3.04165e-02
3.09060e-02
3.11500e-02
3.11107e-02
3.03664e-02
2.92237e-02
2.78095e-02
2.61060e-02
2.37615e-02
2.12131e-02
1.86347e-02
1.58561e-02
1.31721e-02
1.07960e-02
8.26945e-03
5.96951e-03
3.71608e-03
1.71480e-03
1.73674e-05
-1.51724e-03
-3.00146e-03
-4.41955e-03
-5.98283e-03
-7.40181e-03
-8.49284e-03
-9.19894e-03
-9.73167e-03
-9.86260e-03
-9.75321e-03
-9.88473e-03
-1.00338e-02
-1.00871e-02
-9.96111e-03
-9.56238e-03
-8.80791e-03
-7.66475e-03
-6.16086e-03
-4.48858e-03
-2.84078e-03
-9.47168e-04
9.29416e-04
2.67118e-03
4.45372e-03
6.19393e-03
7.84458e-03
9.57960e-03
1.13708e-02
1.30031e-02
1.40354e-02
1.49150e-02
1.60034e-02
1.70759e-02
1.77791e-02
1.81415e-02
1.85142e-02
1.87852e-02
1.88097e-02
1.87371e-02
1.85271e-02
1.81234e-02
1.74959e-02
1.66653e-02
1.57118e-02
1.48259e-02
1.42415e-02
1.39408e-02
1.37807e-02
1.35905e-02
1.33692e-02
1.27885e-02
1.18598e-02
1.09517e-02
9.97925e-03
9.04770e-03
8.10959e-03
7.34030e-03
6.66174e-03
5.97141e-03
5.38408e-03
4.82969e-03
4.42560e-03
3.96616e-03
3.19882e-03
2.13767e-03
9.29871e-04
-2.50651e-04
-1.38614e-03
-2.21191e-03
-2.65303e-03
-2.75587e-03
-2.61837e-03
-2.14914e-03
-1.53409e-03
-8.18840e-04
-9.03616e-05
5.43760e-04
1.21579e-03
1.74841e-03
2.01685e-03
2.40815e-03
2.60392e-03
2.74534e-03
3.02211e-03
3.11744e-03
3.22955e-03
3.63569e-03
4.06603e-03
4.35675e-03
4.39372e-03
4.34015e-03
4.15042e-03
3.76014e-03
3.10282e-03
2.16756e-03
9.89083e-04
-3.11364e-04
-1.92806e-03
-3.87287e-03
-5.70654e-03
-7.85947e-03
-1.00373e-02
-1.15572e-02
-1.21034e-02
-1.22957e-02
-1.21808e-02
-1.14605e-02
-1.02167e-02
-8.66958e-03
-7.00706e-03
-5.36932e-03
-3.54135e-03
-1.67974e-03
3.59015e-04
2.32405e-03
4.60164e-03
7.19067e-03
9.91576e-03
1.25239e-02
1.48722e-02
1.66108e-02
1.79813e-02
1.90566e-02
1.97941e-02
2.03210e-02
2.04367e-02
2.03933e-02
2.01608e-02
1.99848e-02
1.99655e-02
2.01184e-02
2.01053e-02
1.98979e-02
1.97893e-02
1.95331e-02
1.90776e-02
1.84378e-02
1.76898e-02
1.69010e-02
1.59263e-02
1.48169e-02
1.34474e-02
1.20035e-02
1.08066e-02
9.90744e-03
8.91681e-03
7.78283e-03
6.99645e-03
6.33442e-03
5.69829e-03
5.27964e-03
4.97251e-03
4.54887e-03
4.07117e-03
3.61007e-03
2.96231e-03
2.15937e-03
1.32552e-03
6.23832e-04
-1.12368e-04
-9.99891e-04
-1.62642e-03
-1.98069e-03
-2.23653e-03
-2.63138e-03
-3.15631e-03
-3.68951e-03
-4.15221e-03
-4.69598e-03
-5.27395e-03
-5.69586e-03
-5.88524e-03
-6.30845e-03
-7.09232e-03
-8.13330e-03
-9.10966e-03
-1.03771e-02
-1.18546e-02
-1.32986e-02
-1.47679e-02
-1.62049e-02
-1.73288e-02
-1.82366e-02
-1.86691e-02
-1.88888e-02
-1.90891e-02
-1.94688e-02
-1.99938e-02
-2.05392e-02
-2.10062e-02
-2.14983e-02
-2.15276e-02
-2.08730e-02
-1.99851e-02
-1.90107e-02
-1.80268e-02
-1.68947e-02
-1.57400e-02
-1.44592e-02
-1.30419e-02
-1.20567e-02
-1.13128e-02
-1.04173e-02
-9.56625e-03
-9.00042e-03
-8.40913e-03
-7.97037e-03
-7.87712e-03
-8.14883e-03
-8.69936e-03
-8.72854e-03
-8.82917e-03
-8.72099e-03
-8.29509e-03
-7.73181e-03
-6.77192e-03
-5.63034e-03
-4.09912e-03
-2.22126e-03
-2.88839e-04
1.41300e-03
3.39124e-03
5.68415e-03
7.95128e-03
1.03580e-02
1.31050e-02
1.60294e-02
1.89063e-02
2.16413e-02
2.42476e-02
2.69980e-02
2.96640e-02
3.22000e-02
3.45621e-02
3.67430e-02
3.87289e-02
4.02601e-02
4.12789e-02
4.16263e-02
4.17651e-02
4.18807e-02
4.18171e-02
4.14379e-02
4.09541e-02
4.03511e-02
3.93465e-02
3.78981e-02
3.61390e-02
3.42701e-02
3.22944e-02
3.02553e-02
2.82519e-02
2.60221e-02
2.33178e-02
2.04416e-02
1.74016e-02
1.44039e-02
1.14950e-02
8.29380e-03
4.85707e-03
1.76389e-03
-1.34222e-03
-4.48380e-03
-7.56427e-03
-1.05428e-02
-1.35940e-02
-1.63967e-02
-1.91410e-02
-2.21419e-02
-2.51588e-02
-2.81249e-02
-3.09542e-02
-3.35966e-02
-3.58708e-02
-3.73709e-02
-3.82620e-02
-3.86689e-02
-3.88668e-02
-3.89126e-02
-3.86591e-02
-3.82303e-02
-3.76020e-02
-3.67612e-02
-3.57930e-02
-3.48302e-02
-3.37464e-02
-3.24250e-02
-3.10394e-02
-2.95281e-02
-2.78489e-02
-2.59574e-02
-2.39459e-02
-2.21802e-02
-2.05881e-02
-1.92501e-02
-1.80214e-02
-1.69320e-02
-1.59926e-02
-1.52215e-02
-1.45802e-02
-1.40483e-02
-1.38255e-02
-1.37879e-02
-1.37315e-02
-1.36888e-02
-1.37132e-02
-1.38644e-02
-1.41811e-02
-1.46979e-02
-1.53745e-02
-1.62112e-02
-1.73448e-02
-1.83822e-02
-1.93347e-02
-2.02953e-02
-2.10336e-02
-2.15680e-02
-2.19239e-02
-2.19224e-02
-2.15864e-02
-2.08300e-02
-1.99028e-02
-1.89181e-02
-1.80554e-02
-1.75459e-02
-1.73034e-02
-1.71714e-02
-1.68527e-02
-1.60672e-02
-1.50265e-02
-1.35521e-02
-1.17406e-02
-9.79991e-03
-7.72035e-03
-5.52084e-03
-3.33640e-03
-1.28122e-03
7.38880e-04
2.69235e-03
4.97056e-03
7.20728e-03
9.21869e-03
1.13829e-02
1.35129e-02
1.50905e-02
1.64347e-02
1.77780e-02
1.91447e-02
2.04964e-02
2.18307e-02
2.30462e-02
2.38346e-02
2.44260e-02
2.49610e-02
2.55553e-02
2.60629e-02
2.62795e-02
2.63622e-02
2.64689e-02
2.63006e-02
2.60057e-02
2.56082e-02
2.51182e-02
2.46128e-02
2.41585e-02
2.35618e-02
2.28963e-02
2.22547e-02
2.15216e-02
2.07628e-02
1.98608e-02
1.89638e-02
1.83196e-02
1.78657e-02
1.74849e-02
1.72696e-02
1.71218e-02
1.70484e-02
1.68998e-02
1.69465e-02
1.70220e-02
1.70973e-02
1.71761e-02
1.72283e-02
1.72867e-02
1.76338e-02
1.80087e-02
1.83791e-02
1.89064e-02
1.93098e-02
1.96699e-02
1.99669e-02
2.03809e-02
2.09024e-02
2.13960e-02
2.17701e-02
2.22021e-02
2.26335e-02
2.28777e-02
2.27900e-02
2.24747e-02
2.18747e-02
2.08818e-02
1.95523e-02
1.82695e-02
1.70351e-02
1.57310e-02
1.43006e-02
1.29248e-02
1.13852e-02
9.95214e-03
8.68668e-03
7.34107e-03
6.19727e-03
5.39750e-03
4.98233e-03
4.57392e-03
4.00190e-03
3.68299e-03
3.51014e-03
3.23733e-03
2.90907e-03
2.49324e-03
1.78652e-03
9.91494e-04
2.02673e-05
-7.69530e-04
-1.40340e-03
-2.08744e-03
-2.99460e-03
-4.13815e-03
-5.64103e-03
-7.03279e-03
-8.22561e-03
-9.26929e-03
-1.04395e-02
-1.15526e-02
-1.25958e-02
-1.36733e-02
-1.48231e-02
-1.57843e-02
-1.65325e-02
-1.70140e-02
-1.70195e-02
-1.69119e-02
-1.66314e-02
-1.61385e-02
-1.56687e-02
-1.50158e-02
-1.41747e-02
-1.32704e-02
-1.24531e-02
-1.15634e-02
-1.04337e-02
-9.25914e-03
-8.25120e-03
-7.14294e-03
-6.11203e-03
-5.12759e-03
-4.12088e-03
-3.31671e-03
-2.73266e-03
-2.29142e-03
-1.84038e-03
-1.17536e-03
-3.68103e-04
4.09782e-04
9.61609e-04
1.39687e-03
1.48699e-03
1.11351e-03
6.47136e-04
-6.12261e-05
-7.97226e-04
-1.61342e-03
-2.09773e-03
-2.25092e-03
-2.18973e-03
-1.75028e-03
-8.18998e-04
3.26786e-04
1.54073e-03
2.56981e-03
3.09963e-03
3.06358e-03
2.57895e-03
2.03796e-03
1.23867e-03
3.88573e-04
-7.03064e-04
-1.95585e-03
-3.23725e-03
-4.51782e-03
-5.61870e-03
-6.77464e-03
-7.80760e-03
-8.54231e-03
-8.74189e-03
-8.92126e-03
-9.04584e-03
-8.87899e-03
-8.37169e-03
-8.05068e-03
-7.83229e-03
-7.69989e-03
-7.37667e-03
-6.81065e-03
-6.04019e-03
-5.15947e-03
-4.36920e-03
-3.91448e-03
-3.77301e-03
-3.79069e-03
-3.74443e-03
-3.62996e-03
-3.47114e-03
-3.30142e-03
-3.15863e-03
-3.11152e-03
-3.17252e-03
-3.02885e-03
-2.62898e-03
-2.20970e-03
-1.54615e-03
-6.17867e-04
4.96420e-04
1.61578e-03
2.44069e-03
2.56994e-03
2.01451e-03
1.11287e-03
-6.09470e-05
-1.19693e-03
-2.32403e-03
-3.27317e-03
-4.05682e-03
-4.79525e-03
-5.62172e-03
-6.40409e-03
-7.17972e-03
-7.72652e-03
-8.17344e-03
-8.91409e-03
-9.66245e-03
-1.04513e-02
-1.11813e-02
-1.19578e-02
-1.26730e-02
-1.34084e-02
-1.39694e-02
-1.41047e-02
-1.38655e-02
-1.34143e-02
-1.26845e-02
-1.16481e-02
-1.02905e-02
-8.84732e-03
-7.76260e-03
-6.58334e-03
-5.34422e-03
-3.66000e-03
-1.69504e-03
2.54074e-04
2.34917e-03
4.54247e-03
6.62927e-03
8.52697e-03
1.05672e-02
1.23928e-02
1.41120e-02
1.59004e-02
1.76725e-02
1.92347e-02
2.04990e-02
2.15235e-02
2.19566e-02
2.19248e-02
2.15716e-02
2.10481e-02
2.03390e-02
1.94444e-02
1.84742e-02
1.75872e-02
1.66878e-02
1.56283e-02
1.45953e-02
1.35236e-02
1.24713e-02
1.20149e-02
1.20561e-02
1.24988e-02
1.31805e-02
1.41258e-02
1.53444e-02
1.67144e-02
1.80580e-02
1.94346e-02
2.09232e-02
2.24898e-02
2.38295e-02
2.51234e-02
2.63445e-02
2.71534e-02
2.77104e-02
2.80599e-02
2.83151e-02
2.86808e-02
2.91029e-02
2.94325e-02
2.95659e-02
2.96651e-02
2.97133e-02
2.96247e-02
2.94106e-02
2.93278e-02
2.91637e-02
2.88720e-02
2.84486e-02
2.79397e-02
2.73366e-02
2.64606e-02
2.56304e-02
2.47188e-02
2.34722e-02
2.19986e-02
2.05080e-02
1.90019e-02
1.74617e-02
1.59080e-02
1.42962e-02
1.22917e-02
1.02142e-02
8.47667e-03
6.70173e-03
4.95273e-03
3.62038e-03
2.31542e-03
1.01170e-03
-3.50260e-04
-1.67743e-03
-2.77474e-03
-4.06761e-03
-5.18095e-03
-6.32088e-03
-7.28200e-03
-8.09411e-03
-9.14454e-03
-1.03078e-02
-1.13529e-02
-1.23025e-02
-1.33097e-02
-1.44902e-02
-1.56176e-02
-1.64197e-02
-1.72118e-02
-1.81171e-02
-1.90209e-02
-2.00022e-02
-2.09097e-02
-2.17914e-02
-2.27647e-02
-2.35550e-02
-2.39456e-02
-2.42278e-02
-2.43842e-02
-2.44474e-02
-2.41493e-02
-2.38487e-02
-2.34213e-02
-2.30912e-02
-2.27418e-02
-2.23245e-02
-2.16860e-02
-2.10982e-02
-2.05504e-02
-2.04822e-02
-2.09042e-02
-2.15332e-02
-2.20953e-02
-2.26837e-02
-2.29433e-02
-2.28879e-02
-2.24200e-02
-2.17535e-02
-2.09174e-02
-1.99719e-02
-1.90529e-02
-1.83574e-02
-1.77097e-02
-1.70453e-02
-1.67636e-02
-1.65306e-02
-1.60584e-02
-1.53774e-02
-1.45680e-02
-1.38216e-02
-1.33287e-02
-1.29647e-02
-1.25249e-02
-1.21159e-02
-1.17891e-02
-1.14555e-02
-1.13894e-02
-1.11537e-02
-1.06316e-02
-9.81454e-03
-8.71890e-03
-7.44748e-03
-6.23079e-03
-5.30255e-03
-4.33293e-03
-3.56709e-03
-3.19525e-03
-2.58947e-03
-1.69135e-03
-6.55005e-04
4.00769e-04
1.48784e-03
2.52565e-03
3.83435e-03
5.06645e-03
6.53617e-03
8.40193e-03
1.04641e-02
1.26571e-02
1.49874e-02
1.76414e-02
2.05126e-02
2.33114e-02
2.56880e-02
2.74572e-02
2.84929e-02
2.87865e-02
2.84844e-02
2.79713e-02
2.75009e-02
2.71218e-02
2.69276e-02
2.70019e-02
2.71540e-02
2.74157e-02
2.77828e-02
2.78685e-02
2.75528e-02
2.70999e-02
2.66044e-02
2.60978e-02
2.53009e-02
2.42069e-02
2.28968e-02
2.16047e-02
2.05397e-02
1.94626e-02
1.85506e-02
1.78210e-02
1.71864e-02
1.64574e-02
1.54298e-02
1.42231e-02
1.30190e-02
1.17692e-02
1.03535e-02
8.63359e-03
6.43600e-03
4.08107e-03
1.91902e-03
-3.77239e-04
-2.83694e-03
-5.55062e-03
-8.06774e-03
-1.02442e-02
-1.21947e-02
-1.41623e-02
-1.57827e-02
-1.73095e-02
-1.83364e-02
-1.89514e-02
-1.93811e-02
-1.94626e-02
-1.95241e-02
-1.95445e-02
-1.94012e-02
-1.90889e-02
-1.88583e-02
-1.85180e-02
-1.80672e-02
-1.75878e-02
-1.72340e-02
-1.71637e-02
-1.72221e-02
-1.71197e-02
-1.68846e-02
-1.68162e-02
-1.67532e-02
-1.66875e-02
-1.66626e-02
-1.67121e-02
-1.68775e-02
-1.71829e-02
-1.76414e-02
-1.82203e-02
-1.88527e-02
-1.93776e-02
-1.96490e-02
-1.97376e-02
-1.95736e-02
-1.93325e-02
-1.90315e-02
-1.86611e-02
-1.82604e-02
-1.78877e-02
-1.76815e-02
-1.77372e-02
-1.79123e-02
-1.81540e-02
-1.82114e-02
-1.82890e-02
-1.84565e-02
-1.87197e-02
-1.91149e-02
-1.95335e-02
-1.96633e-02
-1.99369e-02
-2.04348e-02
-2.11302e-02
-2.19576e-02
-2.27610e-02
-2.33440e-02
-2.38059e-02
-2.43472e-02
-2.48486e-02
-2.51655e-02
-2.53874e-02
-2.54402e-02
-2.54968e-02
-2.55307e-02
-2.54793e-02
-2.52708e-02
-2.48489e-02
-2.41660e-02
-2.32366e-02
-2.21262e-02
-2.10486e-02
-2.01915e-02
-1.92514e-02
-1.84206e-02
-1.79323e-02
-1.74280e-02
-1.70563e-02
-1.69491e-02
-1.66511e-02
-1.61569e-02
-1.58358e-02
-1.54781e-02
-1.48195e-02
-1.41331e-02
-1.32289e-02
-1.21555e-02
-1.10365e-02
-9.78839e-03
-8.59847e-03
-7.42066e-03
-6.26496e-03
-5.33224e-03
-4.33089e-03
-3.48726e-03
-3.11151e-03
-2.89951e-03
-2.69841e-03
-2.55080e-03
-2.25773e-03
-1.79556e-03
-1.22212e-03
-5.94783e-04
-7.08865e-05
2.72703e-04
5.27778e-04
3.61028e-04
2.35110e-04
2.75471e-04
6.08267e-04
1.65310e-03
3.19811e-03
4.87567e-03
6.63902e-03
8.27365e-03
9.90596e-03
1.12644e-02
1.25309e-02
1.37103e-02
1.47558e-02
1.56345e-02
1.63385e-02
1.69589e-02
1.75580e-02
1.79505e-02
1.82419e-02
1.86103e-02
1.90047e-02
1.92818e-02
1.93688e-02
1.93886e-02
1.90234e-02
1.85064e-02
1.82657e-02
1.80965e-02
1.77678e-02
1.76219e-02
1.78168e-02
1.81817e-02
1.87464e-02
1.94558e-02
1.99395e-02
2.03149e-02
2.08119e-02
2.13228e-02
2.13643e-02
2.10635e-02
2.09578e-02
2.08759e-02
2.07653e-02
2.06342e-02
2.04870e-02
2.03546e-02
2.02756e-02
2.03169e-02
2.05436e-02
2.10505e-02
2.18275e-02
2.24596e-02
2.27225e-02
2.27397e-02
2.23146e-02
2.13817e-02
2.04085e-02
1.93865e-02
1.86740e-02
1.79976e-02
1.74309e-02
1.67678e-02
1.57754e-02
1.44947e-02
1.31581e-02
1.19623e-02
1.06936e-02
9.46771e-03
7.97596e-03
6.35972e-03
4.64311e-03
2.82361e-03
9.67301e-04
-8.99493e-04
-3.00908e-03
-4.89192e-03
-6.04571e-03
-7.11553e-03
-8.10825e-03
-8.71042e-03
-9.15110e-03
-9.54591e-03
-9.64957e-03
-9.33181e-03
-9.01376e-03
-8.52278e-03
-8.15083e-03
-8.07234e-03
-8.06026e-03
-7.84841e-03
-7.70753e-03
-7.39619e-03
-6.87947e-03
-6.17581e-03
-5.37645e-03
-4.61091e-03
-4.10407e-03
-3.62281e-03
-2.77529e-03
-2.04934e-03
-1.15859e-03
-7.38943e-05
1.30488e-03
2.91268e-03
4.79579e-03
6.73621e-03
8.50089e-03
9.68161e-03
1.05948e-02
1.12929e-02
1.17356e-02
1.19851e-02
1.20960e-02
1.19601e-02
1.17110e-02
1.13338e-02
1.07858e-02
1.01031e-02
9.35302e-03
8.75287e-03
8.44056e-03
8.07194e-03
7.60062e-03
6.90529e-03
6.30074e-03
5.76498e-03
5.38911e-03
5.09464e-03
4.91918e-03
4.63186e-03
4.19849e-03
3.68325e-03
3.09163e-03
2.19022e-03
9.53796e-04
-4.80040e-04
-1.96567e-03
-3.43820e-03
-4.73607e-03
-6.44731e-03
-8.46149e-03
-1.03655e-02
-1.20898e-02
-1.40261e-02
-1.59511e-02
-1.79505e-02
-1.96218e-02
-2.10078e-02
-2.23164e-02
-2.34897e-02
-2.44356e-02
-2.50883e-02
-2.54677e-02
-2.56409e-02
-2.57432e-02
-2.56171e-02
-2.52628e-02
-2.51445e-02
-2.48851e-02
-2.46671e-02
-2.43032e-02
-2.37753e-02
-2.31578e-02
-2.25740e-02
-2.22520e-02
-2.23563e-02
-2.24687e-02
-2.25491e-02
-2.25999e-02
-2.26188e-02
-2.25783e-02
-2.24614e-02
-2.22240e-02
-2.18470e-02
-2.12947e-02
-2.05898e-02
-1.97607e-02
-1.89720e-02
-1.82851e-02
-1.72230e-02
-1.57277e-02
-1.40019e-02
-1.21889e-02
-1.01535e-02
-8.40495e-03
-6.55098e-03
-4.55912e-03
-2.54245e-03
-6.92617e-04
8.89042e-04
2.64677e-03
4.53019e-03
6.11955e-03
7.57245e-03
9.06814e-03
1.02483e-02
1.08821e-02
1.09308e-02
1.06177e-02
9.87934e-03
9.26425e-03
8.95155e-03
8.85525e-03
9.04065e-03
9.36574e-03
9.76185e-03
9.95633e-03
1.01164e-02
1.02606e-02
1.03370e-02
1.03027e-02
1.00668e-02
9.63177e-03
9.24891e-03
8.71906e-03
8.03360e-03
7.26816e-03
6.59166e-03
6.17610e-03
6.01183e-03
6.16570e-03
6.17724e-03
6.36072e-03
6.78062e-03
7.20308e-03
7.81468e-03
8.31525e-03
8.85199e-03
9.32806e-03
9.60067e-03
9.76207e-03
9.73519e-03
9.69289e-03
9.60174e-03
9.42127e-03
9.00551e-03
8.06551e-03
7.10566e-03
5.98854e-03
4.58757e-03
3.32082e-03
1.90343e-03
1.97770e-04
-1.56445e-03
-3.20399e-03
-4.33134e-03
-5.36967e-03
-6.34367e-03
-7.04201e-03
-7.58648e-03
-7.57933e-03
-7.55984e-03
-7.64657e-03
-8.20742e-03
-9.35806e-03
-1.07383e-02
-1.22021e-02
-1.38208e-02
-1.54017e-02
-1.67871e-02
-1.77077e-02
-1.85294e-02
-1.87494e-02
-1.86741e-02
-1.87335e-02
-1.86761e-02
-1.86582e-02
-1.87098e-02
-1.88068e-02
-1.89487e-02
-1.91157e-02
-1.93004e-02
-1.94705e-02
-1.96025e-02
-1.96403e-02
-1.95436e-02
-1.92254e-02
-1.87149e-02
-1.82872e-02
-1.77958e-02
-1.72654e-02
-1.68468e-02
-1.66534e-02
-1.65696e-02
-1.66162e-02
-1.65415e-02
-1.63489e-02
-1.63326e-02
-1.62939e-02
-1.62033e-02
-1.60470e-02
-1.58506e-02
-1.55321e-02
-1.47691e-02
-1.38058e-02
-1.28169e-02
-1.19498e-02
-1.10611e-02
-9.97978e-03
-8.90739e-03
-8.04012e-03
-7.10126e-03
-6.23066e-03
-5.36174e-03
-4.34568e-03
-3.39028e-03
-2.80935e-03
-2.57489e-03
-2.29001e-03
-2.01121e-03
-1.81337e-03
-1.48367e-03
-1.01334e-03
-4.51847e-04
9.59878e-05
5.49122e-04
1.12962e-03
1.80130e-03
2.42975e-03
2.85777e-03
3.26702e-03
3.82516e-03
4.18798e-03
4.48223e-03
4.95660e-03
5.60667e-03
6.33678e-03
7.06150e-03
7.91155e-03
8.83169e-03
1.00083e-02
1.13033e-02
1.24817e-02
1.35271e-02
1.44803e-02
1.54069e-02
1.63650e-02
1.71222e-02
1.77681e-02
1.83275e-02
1.87201e-02
1.92609e-02
1.96576e-02
1.99217e-02
2.00098e-02
1.99724e-02
1.95555e-02
1.92179e-02
1.87638e-02
1.81605e-02
1.74906e-02
1.68531e-02
1.60234e-02
1.48218e-02
1.36242e-02
1.24216e-02
1.11545e-02
1.01913e-02
9.84382e-03
9.58782e-03
9.47061e-03
9.35833e-03
9.34193e-03
9.45647e-03
9.53248e-03
9.79032e-03
1.00017e-02
1.00140e-02
9.76991e-03
9.47977e-03
9.20402e-03
8.96565e-03
8.85686e-03
8.88295e-03
8.85585e-03
8.99854e-03
9.09008e-03
9.03765e-03
8.77421e-03
8.28179e-03
7.92159e-03
7.75996e-03
7.31941e-03
6.84270e-03
6.42395e-03
5.86518e-03
5.19363e-03
4.55979e-03
4.08945e-03
3.65685e-03
3.32211e-03
2.93683e-03
2.55459e-03
2.34704e-03
2.36997e-03
2.14600e-03
1.90849e-03
1.69159e-03
1.30442e-03
1.00935e-03
5.94962e-04
-2.65242e-04
-1.18149e-03
-1.71975e-03
-2.05025e-03
-1.80048e-03
-1.30661e-03
-5.84604e-04
4.04470e-04
1.60410e-03
2.88341e-03
3.94211e-03
4.48269e-03
4.78965e-03
5.05449e-03
5.47316e-03
5.97641e-03
6.47865e-03
7.15187e-03
7.90844e-03
8.63557e-03
9.50766e-03
1.03974e-02
1.11116e-02
1.17400e-02
1.24325e-02
1.30098e-02
1.33327e-02
1.38103e-02
1.44445e-02
1.51193e-02
1.56480e-02
1.58294e-02
1.58260e-02
1.58726e-02
1.59808e-02
1.61288e-02
1.62939e-02
1.64214e-02
1.65212e-02
1.68461e-02
1.71152e-02
1.72745e-02
1.74900e-02
1.74967e-02
1.74548e-02
1.73897e-02
1.72730e-02
1.71047e-02
1.68538e-02
1.66021e-02
1.66750e-02
1.69576e-02
1.74046e-02
1.76827e-02
1.75764e-02
1.69350e-02
1.59301e-02
1.45714e-02
1.30492e-02
1.18656e-02
1.08486e-02
9.89432e-03
8.94879e-03
8.24009e-03
7.79507e-03
7.52707e-03
7.34151e-03
7.33292e-03
7.33369e-03
7.39301e-03
7.48626e-03
7.30482e-03
7.08202e-03
6.88308e-03
6.76000e-03
6.69476e-03
6.38504e-03
6.13173e-03
5.97434e-03
5.69547e-03
5.57590e-03
5.41208e-03
5.17386e-03
4.90540e-03
4.65804e-03
4.53753e-03
4.60430e-03
4.62929e-03
4.56421e-03
4.39106e-03
4.09546e-03
3.67481e-03
3.16160e-03
2.61599e-03
2.17673e-03
1.95492e-03
1.83035e-03
1.80259e-03
1.69575e-03
1.78669e-03
1.81335e-03
1.42957e-03
7.87200e-04
8.69285e-06
-5.12685e-04
-8.47114e-04
-1.17820e-03
-1.39570e-03
-1.40796e-03
-1.44021e-03
-1.50051e-03
-1.54327e-03
-1.52252e-03
-1.37810e-03
-1.05608e-03
-5.09648e-04
2.66390e-04
1.23356e-03
2.24331e-03
3.13443e-03
3.96521e-03
4.54309e-03
4.89611e-03
5.18005e-03
5.59087e-03
6.05919e-03
6.49968e-03
7.09724e-03
7.77136e-03
8.45280e-03
9.26276e-03
9.74768e-03
9.96791e-03
1.00499e-02
9.92928e-03
9.82588e-03
9.71081e-03
9.27560e-03
8.75546e-03
8.17330e-03
7.34745e-03
6.64657e-03
6.36996e-03
6.36448e-03
6.16089e-03
5.99533e-03
5.61825e-03
5.05297e-03
4.70556e-03
4.39653e-03
3.85713e-03
3.07362e-03
2.11660e-03
1.13246e-03
3.31025e-04
-3.86280e-04
-1.04159e-03
-1.17673e-03
-1.09825e-03
-1.11241e-03
-1.23238e-03
-1.44796e-03
-1.72780e-03
-2.03439e-03
-2.27108e-03
-2.41332e-03
-2.62823e-03
-2.65280e-03
-2.66011e-03
-2.67497e-03
-2.68339e-03
-2.67325e-03
-2.63540e-03
-2.55600e-03
-2.43469e-03
-2.27162e-03
-2.09549e-03
-1.94089e-03
-1.89796e-03
-1.98662e-03
-2.00202e-03
-2.24567e-03
-2.79084e-03
-3.40840e-03
-4.32839e-03
-5.55385e-03
-6.97905e-03
-8.31717e-03
-9.33742e-03
-1.05889e-02
-1.19077e-02
-1.30421e-02
-1.42361e-02
-1.53316e-02
-1.66002e-02
-1.77830e-02
-1.85662e-02
-1.92065e-02
-1.98755e-02
-2.06802e-02
-2.15467e-02
-2.25433e-02
-2.35744e-02
-2.47069e-02
-2.57937e-02
-2.67701e-02
-2.74528e-02
-2.80295e-02
-2.80029e-02
-2.72708e-02
-2.59667e-02
-2.44137e-02
-2.28265e-02
-2.15201e-02
-2.04767e-02
-1.94814e-02
-1.87030e-02
-1.79154e-02
-1.72840e-02
-1.67414e-02
-1.61792e-02
-1.58281e-02
-1.58676e-02
-1.59028e-02
-1.59046e-02
-1.58992e-02
-1.58954e-02
-1.58893e-02
-1.58722e-02
-1.58180e-02
-1.57024e-02
-1.54859e-02
-1.51480e-02
-1.46525e-02
-1.40849e-02
-1.38271e-02
-1.37584e-02
-1.35781e-02
-1.32588e-02
-1.28104e-02
-1.23014e-02
-1.17680e-02
-1.10022e-02
-1.00224e-02
-8.97841e-03
-8.05210e-03
-7.16323e-03
-6.20557e-03
-5.34886e-03
-4.48472e-03
-3.46065e-03
-2.37260e-03
-1.19787e-03
-7.94602e-05
1.34872e-03
3.28538e-03
5.50194e-03
7.60125e-03
9.41666e-03
1.10275e-02
1.22295e-02
1.28476e-02
1.30328e-02
1.28818e-02
1.28074e-02
1.28437e-02
1.29581e-02
1.31362e-02
1.33508e-02
1.35772e-02
1.37703e-02
1.38887e-02
1.38464e-02
1.36587e-02
1.36139e-02
1.34634e-02
1.31337e-02
1.26100e-02
1.19011e-02
1.10649e-02
1.02462e-02
9.62449e-03
9.09540e-03
8.50114e-03
7.98158e-03
7.72347e-03
7.59808e-03
7.39039e-03
7.12466e-03
6.87269e-03
6.74431e-03
6.80267e-03
6.73856e-03
6.54376e-03
6.51354e-03
6.38679e-03
6.07018e-03
5.51982e-03
4.70666e-03
3.66609e-03
2.45001e-03
8.95526e-04
-8.22711e-04
-2.39109e-03
-3.70929e-03
-5.05119e-03
-6.39030e-03
-7.55187e-03
-8.88647e-03
-9.64828e-03
-1.01820e-02
-1.06858e-02
-1.12857e-02
-1.18146e-02
-1.21076e-02
-1.21995e-02
-1.20876e-02
-1.22570e-02
-1.25592e-02
-1.29376e-02
-1.33816e-02
-1.38086e-02
-1.41984e-02
-1.47139e-02
-1.50347e-02
-1.53498e-02
-1.59229e-02
-1.64536e-02
-1.71244e-02
-1.78614e-02
-1.85573e-02
-1.93061e-02
-2.00225e-02
-2.07777e-02
-2.14650e-02
-2.21327e-02
-2.26534e-02
-2.31327e-02
-2.33927e-02
-2.32048e-02
-2.26795e-02
-2.20714e-02
-2.13932e-02
-2.03768e-02
-1.90157e-02
-1.74436e-02
-1.59127e-02
-1.43827e-02
-1.25376e-02
-1.06022e-02
-8.73928e-03
-7.06441e-03
-5.41266e-03
-3.88186e-03
-2.63891e-03
-1.90759e-03
-1.71201e-03
-1.48573e-03
-1.29840e-03
-1.27316e-03
-1.22747e-03
-1.16291e-03
-1.10684e-03
-1.07246e-03
-1.06492e-03
-1.07565e-03
-1.08404e-03
-1.05532e-03
-9.46779e-04
-7.10084e-04
-3.06762e-04
2.84528e-04
1.03922e-03
1.88048e-03
2.62641e-03
3.07372e-03
3.32631e-03
3.61553e-03
4.15227e-03
4.57550e-03
4.67451e-03
4.59334e-03
4.60323e-03
4.67283e-03
4.50899e-03
4.30688e-03
4.13006e-03
4.02749e-03
4.08852e-03
4.36483e-03
4.56594e-03
4.67148e-03
4.87779e-03
4.97920e-03
5.11306e-03
5.02800e-03
4.90543e-03
4.78635e-03
4.68344e-03
4.61692e-03
4.62399e-03
4.72874e-03
4.98699e-03
5.34282e-03
5.48658e-03
5.55239e-03
5.51468e-03
5.29276e-03
4.82163e-03
4.04910e-03
2.97249e-03
1.66096e-03
2.93532e-04
-7.93765e-04
-1.20781e-03
-1.20120e-03
-1.24356e-03
-1.33838e-03
-1.38921e-03
-1.36311e-03
-1.53676e-03
-1.92876e-03
-2.26004e-03
-2.73544e-03
-3.35340e-03
-4.07100e-03
-4.71731e-03
-5.25998e-03
-6.00805e-03
-6.39073e-03
-6.63086e-03
-6.69153e-03
-6.71616e-03
-6.66558e-03
-6.45521e-03
-5.98679e-03
-5.27046e-03
-4.65073e-03
-3.96000e-03
-3.33650e-03
-2.84529e-03
-2.18827e-03
-1.98190e-03
-1.94280e-03
-1.79648e-03
-1.55170e-03
-1.24526e-03
-9.57309e-04
-7.26330e-04
-3.08923e-04
3.38039e-04
1.19144e-03
2.18188e-03
3.14356e-03
3.87936e-03
4.49525e-03
5.18180e-03
6.13065e-03
7.30240e-03
8.84612e-03
1.05598e-02
1.21932e-02
1.39833e-02
1.55485e-02
1.64287e-02
1.69853e-02
1.72728e-02
1.74258e-02
1.75874e-02
1.77369e-02
1.81054e-02
1.87372e-02
1.96093e-02
2.06391e-02
2.17405e-02
2.29756e-02
2.38189e-02
2.42468e-02
2.46156e-02
2.48778e-02
2.51587e-02
2.53790e-02
2.54193e-02
2.54972e-02
2.54960e-02
2.51319e-02
2.48297e-02
2.44344e-02
2.39142e-02
2.33679e-02
2.28598e-02
2.22282e-02
2.15521e-02
2.09723e-02
2.03576e-02
1.98988e-02
1.96908e-02
1.93336e-02
1.90574e-02
1.87556e-02
1.83806e-02
1.77484e-02
1.71154e-02
1.63412e-02
1.55047e-02
1.47293e-02
1.39182e-02
1.31915e-02
1.23984e-02
1.12921e-02
9.96333e-03
8.60275e-03
7.14894e-03
5.59489e-03
4.19064e-03
2.68165e-03
1.01543e-03
-5.36521e-04
-2.16771e-03
-3.88245e-03
-5.65061e-03
-7.36335e-03
-8.58672e-03
-9.39189e-03
-1.00256e-02
-1.06074e-02
-1.12358e-02
-1.16811e-02
-1.17581e-02
-1.18424e-02
-1.19322e-02
-1.19477e-02
-1.18170e-02
-1.14680e-02
-1.08459e-02
-9.93919e-03
-8.79640e-03
-7.59650e-03
-6.51018e-03
-5.21023e-03
-3.90535e-03
-2.85848e-03
-1.82553e-03
-1.04569e-03
-5.08677e-04
1.34973e-04
8.14517e-04
1.65694e-03
2.49356e-03
3.14685e-03
3.63977e-03
3.90302e-03
4.27350e-03
4.49074e-03
4.62980e-03
4.71615e-03
4.91524e-03
5.00089e-03
5.09397e-03
4.91761e-03
4.66657e-03
4.31064e-03
3.58399e-03
2.73229e-03
1.97587e-03
1.41713e-03
7.21675e-04
2.44071e-04
-8.38417e-05
-4.10763e-04
-7.04620e-04
-1.20491e-03
-1.92421e-03
-2.76196e-03
-3.56771e-03
-4.09588e-03
-4.53573e-03
-5.23877e-03
-5.67768e-03
-6.04870e-03
-6.04555e-03
-6.03023e-03
-6.03581e-03
-6.02316e-03
-5.95553e-03
-5.81007e-03
-5.55660e-03
-5.20605e-03
-4.77204e-03
-4.34597e-03
-4.02393e-03
-4.05017e-03
-4.43720e-03
-4.45213e-03
-4.47106e-03
-4.62809e-03
-4.94707e-03
-5.49378e-03
-6.19693e-03
-6.69244e-03
-7.08144e-03
-7.59000e-03
-8.12853e-03
-8.64929e-03
-9.26799e-03
-9.63846e-03
-1.01715e-02
-1.08869e-02
-1.16569e-02
-1.23340e-02
-1.30738e-02
-1.40614e-02
-1.52108e-02
-1.62422e-02
-1.69295e-02
-1.75484e-02
-1.79910e-02
-1.82741e-02
-1.82780e-02
-1.80814e-02
-1.76755e-02
-1.72515e-02
-1.66153e-02
-1.61054e-02
-1.58957e-02
-1.59284e-02
-1.62034e-02
-1.62276e-02
-1.61508e-02
-1.60140e-02
-1.58168e-02
-1.55816e-02
-1.53564e-02
-1.51506e-02
-1.46571e-02
-1.38595e-02
-1.30536e-02
-1.21128e-02
-1.11594e-02
-1.03909e-02
-9.68062e-03
-8.90319e-03
-8.19353e-03
-7.40297e-03
-6.42115e-03
-5.71847e-03
-5.26944e-03
-4.60961e-03
-3.79143e-03
-2.91182e-03
-1.91667e-03
-1.30534e-03
-1.08135e-03
-8.50168e-04
-6.46144e-04
-6.05388e-04
-8.04810e-04
-1.01711e-03
-1.18159e-03
-1.23779e-03
-1.11135e-03
-6.88564e-04
4.23331e-05
8.22656e-04
1.81132e-03
2.93800e-03
3.99579e-03
4.63457e-03
4.50697e-03
3.92314e-03
3.06930e-03
2.01228e-03
1.10594e-03
3.34288e-04
-1.18630e-04
-3.21941e-04
-3.86566e-04
-2.45247e-04
-1.26471e-04
-5.25111e-05
-7.58253e-06
1.40260e-05
1.41399e-05
-1.11547e-05
-7.46452e-05
-1.91917e-04
-3.83969e-04
-6.62326e-04
-1.03117e-03
-1.46075e-03
-1.89752e-03
-2.21227e-03
-2.30939e-03
-2.33078e-03
-2.30850e-03
-2.46757e-03
-2.54330e-03
-2.39553e-03
-1.94618e-03
-1.54334e-03
-1.55518e-03
-1.57061e-03
-1.51527e-03
-1.39597e-03
-1.20559e-03
-9.62442e-04
-6.91890e-04
-4.70597e-04
-3.27873e-04
-1.69252e-05
5.16320e-04
1.25329e-03
2.14005e-03
3.01945e-03
3.72969e-03
4.34758e-03
4.71403e-03
4.93207e-03
5.19202e-03
5.41333e-03
5.52380e-03
5.73344e-03
6.05135e-03
6.43093e-03
6.80153e-03
7.03855e-03
7.04471e-03
7.01043e-03
6.93047e-03
6.77807e-03
6.52597e-03
6.17476e-03
5.73098e-03
5.27180e-03
4.83434e-03
4.21838e-03
3.43356e-03
2.62651e-03
1.93220e-03
1.30074e-03
8.74484e-04
5.46836e-04
1.09551e-04
-3.43440e-04
-7.46235e-04
-1.31128e-03
-2.03190e-03
-2.75259e-03
-3.36785e-03
-3.92209e-03
-4.42764e-03
-5.21186e-03
-5.73752e-03
-6.25964e-03
-6.76776e-03
-7.40543e-03
-8.09932e-03
-8.64725e-03
-8.83879e-03
-8.81673e-03
-8.78997e-03
-8.73985e-03
-8.61659e-03
-8.37634e-03
-7.98242e-03
-7.42107e-03
-6.71680e-03
-5.96430e-03
-5.28780e-03
-4.50671e-03
-3.33986e-03
-1.92368e-03
-8.30023e-04
3.05184e-04
1.75152e-03
2.83557e-03
3.90608e-03
4.82957e-03
5.50409e-03
5.77896e-03
6.19817e-03
6.49385e-03
6.72113e-03
6.82981e-03
7.02195e-03
7.29642e-03
7.62780e-03
7.94689e-03
8.19862e-03
8.23990e-03
8.05264e-03
7.81337e-03
7.35253e-03
7.27620e-03
7.53574e-03
7.80088e-03
8.09626e-03
8.71002e-03
9.33023e-03
9.82452e-03
1.04035e-02
1.09955e-02
1.14292e-02
1.15097e-02
1.13788e-02
1.12673e-02
1.12102e-02
1.12030e-02
1.12689e-02
1.14081e-02
1.16401e-02
1.19415e-02
1.23032e-02
1.26315e-02
1.29216e-02
1.33318e-02
1.35501e-02
1.32877e-02
1.24718e-02
1.15183e-02
1.03762e-02
9.38938e-03
8.65404e-03
8.31473e-03
8.18324e-03
8.55586e-03
8.67435e-03
8.35642e-03
7.89044e-03
7.35344e-03
6.86286e-03
6.50700e-03
6.07405e-03
5.58724e-03
5.16866e-03
4.90979e-03
4.65282e-03
4.39691e-03
3.86538e-03
3.08840e-03
2.40849e-03
1.78011e-03
1.30209e-03
8.94393e-04
6.38295e-04
3.82601e-04
2.08802e-04
1.78639e-04
2.40322e-05
-3.13232e-04
-8.31327e-04
-1.51380e-03
-2.28186e-03
-2.99722e-03
-3.45825e-03
-3.88184e-03
-4.72215e-03
-5.34873e-03
-5.45983e-03
-5.44866e-03
-5.59680e-03
-5.93926e-03
-6.44846e-03
-7.08000e-03
-7.69014e-03
-8.18733e-03
-8.65238e-03
-8.64448e-03
-8.17294e-03
-7.14623e-03
-5.78175e-03
-4.20711e-03
-2.69816e-03
-1.54707e-03
-5.68794e-04
-6.89913e-05
-1.20786e-04
-3.59668e-04
-5.35674e-04
-6.34777e-04
-6.53136e-04
-5.76839e-04
-3.80629e-04
-4.26612e-05
4.59351e-04
1.11680e-03
1.89621e-03
2.67616e-03
3.34962e-03
4.07099e-03
4.70985e-03
5.04944e-03
5.20089e-03
5.30700e-03
5.37219e-03
5.55660e-03
5.60164e-03
5.67109e-03
5.78712e-03
5.91446e-03
6.02677e-03
6.07197e-03
6.00680e-03
5.74920e-03
5.32561e-03
5.01216e-03
4.66619e-03
4.25440e-03
3.50946e-03
2.43436e-03
1.50030e-03
9.46834e-04
5.00799e-04
2.50328e-04
1.25800e-04
1.87332e-04
2.05130e-04
1.58766e-04
6.87798e-05
-3.91826e-05
-1.33507e-04
-1.68088e-04
-9.64608e-05
1.33422e-04
5.56487e-04
1.18503e-03
1.98067e-03
2.82604e-03
3.58026e-03
4.38120e-03
5.01487e-03
5.30495e-03
5.52682e-03
5.28630e-03
4.64920e-03
3.84756e-03
2.97055e-03
2.05966e-03
1.04812e-03
3.40213e-04
-3.83207e-04
-1.30828e-03
-2.35421e-03
-3.66377e-03
-5.04108e-03
-6.14745e-03
-6.91993e-03
-7.67961e-03
-8.52876e-03
-9.33531e-03
-1.01522e-02
-1.08988e-02
-1.18972e-02
-1.27647e-02
-1.35171e-02
-1.42163e-02
-1.46962e-02
-1.49691e-02
-1.48778e-02
-1.46188e-02
-1.44408e-02
-1.40472e-02
-1.34130e-02
-1.28172e-02
-1.21121e-02
-1.13781e-02
-1.07585e-02
-1.00524e-02
-9.03721e-03
-7.81474e-03
-6.55089e-03
-5.26719e-03
-4.17671e-03
-3.05562e-03
-2.12516e-03
-1.34971e-03
-7.52676e-04
-5.06752e-04
-3.10165e-04
-1.67808e-04
1.07765e-04
5.40254e-04
1.07037e-03
1.63637e-03
2.08672e-03
2.32169e-03
2.52665e-03
2.66954e-03
2.67136e-03
2.89046e-03
3.61553e-03
4.39752e-03
5.25643e-03
5.78309e-03
5.95643e-03
5.93774e-03
5.93083e-03
5.93029e-03
5.88859e-03
5.76485e-03
5.51246e-03
5.10220e-03
4.52193e-03
3.81215e-03
3.06047e-03
2.47327e-03
2.20195e-03
1.85292e-03
1.46106e-03
1.10220e-03
5.87548e-04
-4.89549e-05
-6.60441e-04
-1.12194e-03
-1.59114e-03
-1.97357e-03
-2.06070e-03
-1.73336e-03
-1.51125e-03
-1.46694e-03
-1.43181e-03
-1.63964e-03
-1.96949e-03
-2.65607e-03
-3.45796e-03
-4.19653e-03
-4.69315e-03
-5.08544e-03
-5.48262e-03
-5.49932e-03
-5.14360e-03
-4.33442e-03
-3.28587e-03
-2.10428e-03
-9.85597e-04
-1.99561e-04
2.14057e-04
2.95545e-04
1.70961e-04
4.05792e-05
-1.23812e-04
-3.65392e-04
-7.25748e-04
-1.20990e-03
-1.80064e-03
-2.40617e-03
-2.87697e-03
-3.00566e-03
-2.94161e-03
-2.85712e-03
-2.86048e-03
-3.11230e-03
-3.19690e-03
-3.40927e-03
-3.29617e-03
-3.25270e-03
-3.45594e-03
-3.83013e-03
-3.81247e-03
-3.81940e-03
-3.85582e-03
-3.65490e-03
-3.33561e-03
-2.67458e-03
-1.88944e-03
-1.19136e-03
-6.24113e-04
1.11624e-04
4.05264e-04
5.42217e-04
7.85943e-04
1.11447e-03
1.43264e-03
1.68612e-03
2.13210e-03
2.78352e-03
3.57694e-03
4.36489e-03
5.01186e-03
5.51392e-03
5.41647e-03
5.07368e-03
4.72544e-03
4.14940e-03
3.63758e-03
3.31532e-03
3.07880e-03
3.33741e-03
3.96822e-03
4.73132e-03
5.41296e-03
5.62499e-03
5.63845e-03
5.48940e-03
5.30459e-03
4.86401e-03
4.28287e-03
3.38159e-03
2.36486e-03
1.19640e-03
2.61324e-04
-7.42670e-04
-1.99999e-03
-3.29600e-03
-4.32217e-03
-5.01086e-03
-5.39280e-03
-5.82006e-03
-6.13989e-03
-6.25975e-03
-6.63158e-03
-6.92978e-03
-7.00438e-03
-7.08558e-03
-7.17398e-03
-7.24124e-03
-7.25751e-03
-7.20371e-03
-7.05590e-03
-6.81829e-03
-6.48115e-03
-6.16114e-03
-6.23896e-03
-6.66571e-03
-7.46675e-03
-8.29899e-03
-9.02757e-03
-9.81930e-03
-1.05397e-02
-1.09537e-02
-1.12105e-02
-1.17645e-02
-1.22985e-02
-1.26255e-02
-1.28192e-02
-1.27867e-02
-1.26773e-02
-1.24586e-02
-1.20666e-02
-1.14673e-02
-1.06589e-02
-9.72130e-03
-8.75139e-03
-7.65037e-03
-6.56837e-03
-5.42312e-03
-4.15150e-03
-2.97237e-03
-1.92112e-03
-9.07907e-04
5.21660e-05
7.43431e-04
1.48137e-03
2.45890e-03
3.50468e-03
4.41213e-03
5.20002e-03
5.62342e-03
5.74685e-03
6.05618e-03
6.52212e-03
6.80011e-03
6.97783e-03
7.03562e-03
7.20346e-03
7.52989e-03
8.01865e-03
8.64590e-03
9.35143e-03
9.98696e-03
1.04188e-02
1.07760e-02
1.09915e-02
1.12324e-02
1.14279e-02
1.15367e-02
1.17119e-02
1.16678e-02
1.15564e-02
1.13813e-02
1.11260e-02
1.07864e-02
1.04200e-02
1.00238e-02
9.42438e-03
8.91309e-03
8.38661e-03
7.96476e-03
7.79464e-03
7.78072e-03
7.96371e-03
8.07062e-03
8.02884e-03
7.76895e-03
7.30038e-03
7.01378e-03
7.08541e-03
7.23374e-03
7.16000e-03
7.06615e-03
7.01412e-03
7.02120e-03
7.14797e-03
7.35825e-03
7.37182e-03
7.37305e-03
7.39260e-03
7.41789e-03
7.43782e-03
7.43493e-03
7.38509e-03
7.26319e-03
7.04366e-03
6.71234e-03
6.27304e-03
5.76364e-03
5.27628e-03
4.91218e-03
4.42976e-03
3.56931e-03
2.66413e-03
1.90298e-03
1.24091e-03
8.50691e-04
6.57732e-04
4.32265e-04
-1.58903e-04
-1.17876e-03
-2.59823e-03
-4.28802e-03
-5.97079e-03
-7.22706e-03
-7.89835e-03
-8.16359e-03
-8.09155e-03
-7.87871e-03
-7.79659e-03
-7.90527e-03
-8.25209e-03
-8.87319e-03
-9.78711e-03
-1.09486e-02
-1.22464e-02
-1.34186e-02
-1.41999e-02
-1.48799e-02
-1.55847e-02
-1.61721e-02
-1.67609e-02
-1.71371e-02
-1.71214e-02
-1.70898e-02
-1.70456e-02
-1.69125e-02
-1.66351e-02
-1.61588e-02
-1.54674e-02
-1.45852e-02
-1.36313e-02
-1.27639e-02
-1.18769e-02
-1.08479e-02
-9.82748e-03
-8.67185e-03
-7.28705e-03
-5.84059e-03
-4.41435e-03
-3.29645e-03
-2.28346e-03
-1.30503e-03
-6.63632e-04
-3.35873e-04
3.20507e-05
4.27529e-04
1.03748e-03
1.83821e-03
2.69559e-03
3.45663e-03
4.32376e-03
5.43255e-03
6.35282e-03
7.07176e-03
7.62587e-03
7.78668e-03
7.61778e-03
7.24948e-03
6.70042e-03
6.26571e-03
5.73098e-03
5.12413e-03
4.50504e-03
3.69512e-03
2.77126e-03
1.95276e-03
1.52336e-03
1.42803e-03
1.23277e-03
9.38647e-04
6.19063e-04
4.01621e-04
3.60452e-04
2.50394e-04
3.08388e-05
-2.85938e-04
-6.83309e-04
-1.11217e-03
-1.47642e-03
-1.69876e-03
-1.98109e-03
-2.30846e-03
-2.61231e-03
-2.78790e-03
-2.67773e-03
-2.21450e-03
-1.99592e-03
-2.20453e-03
-2.66046e-03
-2.96262e-03
-3.11911e-03
-3.51971e-03
-3.76568e-03
-4.19625e-03
-4.66597e-03
-5.26570e-03
-5.70864e-03
-6.03399e-03
-6.20002e-03
-6.32832e-03
-6.48032e-03
-6.87934e-03
-7.30772e-03
-7.90559e-03
-8.35365e-03
-8.75556e-03
-9.07936e-03
-9.50794e-03
-9.99854e-03
-1.05045e-02
-1.11885e-02
-1.16158e-02
-1.15827e-02
-1.14516e-02
-1.12989e-02
-1.13701e-02
-1.14494e-02
-1.14533e-02
-1.13378e-02
-1.10397e-02
-1.05253e-02
-9.75548e-03
-8.85941e-03
-8.20764e-03
-7.48837e-03
-6.73413e-03
-5.81626e-03
-4.88479e-03
-4.16709e-03
-3.61837e-03
-3.10145e-03
-2.77342e-03
-2.44663e-03
-1.99139e-03
-1.62708e-03
-1.04445e-03
-7.59108e-04
-4.41859e-04
-9.03637e-05
2.49809e-04
8.24424e-04
1.65579e-03
2.68157e-03
3.74558e-03
4.65701e-03
5.46623e-03
5.92676e-03
6.14183e-03
6.49116e-03
6.69120e-03
6.82369e-03
6.86611e-03
7.06618e-03
7.39767e-03
7.54744e-03
7.66063e-03
7.72673e-03
7.65734e-03
7.46638e-03
7.44732e-03
7.34755e-03
7.10000e-03
6.67931e-03
6.09448e-03
5.37422e-03
4.64881e-03
4.02538e-03
3.42960e-03
2.94053e-03
2.48280e-03
2.11404e-03
1.72877e-03
1.32436e-03
7.87523e-04
4.36264e-04
2.33265e-04
2.24764e-04
1.89551e-04
9.12199e-05
-4.43490e-05
-2.15671e-04
-3.79243e-04
-5.15956e-04
-5.16749e-04
-4.65854e-04
-8.88696e-04
-1.37498e-03
-1.71558e-03
-1.86396e-03
-1.86823e-03
-1.53736e-03
-1.59051e-03
-1.66618e-03
-1.64903e-03
-1.51854e-03
-1.20152e-03
-8.05372e-04
-9.84939e-04
-1.34727e-03
-1.58366e-03
-1.86909e-03
-2.30965e-03
-3.14339e-03
-4.12497e-03
-4.98765e-03
-5.61551e-03
-6.18494e-03
-6.03557e-03
-5.65545e-03
-5.03211e-03
-4.16843e-03
-3.40560e-03
-2.61574e-03
-1.91549e-03
-1.54879e-03
-1.32878e-03
-8.79713e-04
-7.32528e-04
-5.53053e-04
-3.44993e-04
-1.45735e-04
2.96817e-04
1.03482e-03
2.03547e-03
3.21727e-03
4.37038e-03
5.24615e-03
5.86345e-03
6.32788e-03
6.72608e-03
6.95848e-03
7.12718e-03
7.19268e-03
7.36324e-03
7.64851e-03
8.01687e-03
8.37570e-03
8.70912e-03
9.20496e-03
9.56091e-03
9.85964e-03
9.67599e-03
9.17531e-03
8.57232e-03
7.70100e-03
6.83082e-03
5.90989e-03
5.01198e-03
4.10378e-03
3.76206e-03
4.01363e-03
4.50133e-03
5.21896e-03
5.83181e-03
6.26673e-03
6.97488e-03
7.64754e-03
8.09730e-03
8.37498e-03
8.36064e-03
8.13085e-03
7.65827e-03
7.22818e-03
6.98910e-03
7.00899e-03
7.04359e-03
7.06399e-03
7.08169e-03
7.11397e-03
7.17463e-03
7.30742e-03
7.46262e-03
7.34293e-03
7.12515e-03
6.83878e-03
6.49862e-03
6.14064e-03
5.85993e-03
5.70916e-03
5.47892e-03
5.14762e-03
4.77433e-03
4.42084e-03
4.24347e-03
4.31491e-03
4.57849e-03
5.21172e-03
5.44542e-03
5.57995e-03
5.60462e-03
5.48440e-03
5.48139e-03
5.71081e-03
6.14995e-03
6.53143e-03
7.01630e-03
7.58692e-03
8.10845e-03
8.46515e-03
8.78937e-03
8.96865e-03
8.89516e-03
8.79317e-03
8.67524e-03
8.52200e-03
8.33337e-03
8.11769e-03
7.92795e-03
7.74815e-03
7.30246e-03
6.92839e-03
6.74723e-03
6.54123e-03
6.31537e-03
6.16794e-03
6.13161e-03
5.96830e-03
5.61090e-03
5.06446e-03
4.33532e-03
3.53281e-03
2.72194e-03
1.87031e-03
1.36460e-03
9.47986e-04
6.77987e-04
4.28378e-04
2.98077e-04
3.74123e-04
4.04863e-04
3.43167e-04
1.77242e-04
-1.12950e-04
-5.30433e-04
-1.06175e-03
-1.63641e-03
-2.20268e-03
-2.96232e-03
-3.86966e-03
-4.77787e-03
-5.41222e-03
-5.51939e-03
-5.44719e-03
-5.45964e-03
-5.56030e-03
-5.72899e-03
-5.92595e-03
-6.10559e-03
-6.17282e-03
-6.11930e-03
-6.20439e-03
-6.11711e-03
-5.78694e-03
-5.56946e-03
-5.55849e-03
-5.48245e-03
-5.29557e-03
-4.98963e-03
-4.57876e-03
-4.09478e-03
-3.63909e-03
-3.28158e-03
-2.84715e-03
-2.36869e-03
-2.00101e-03
-1.80951e-03
-1.25873e-03
-3.48831e-04
2.06849e-04
4.29664e-04
7.63965e-04
1.21405e-03
1.68467e-03
2.02783e-03
2.11028e-03
2.12697e-03
2.02728e-03
1.74998e-03
1.18118e-03
4.30301e-04
1.17095e-04
-2.40565e-06
8.10256e-05
1.39445e-04
1.38200e-04
9.48557e-05
2.43576e-05
-4.22536e-05
-6.52561e-05
6.89748e-06
2.25731e-04
6.39078e-04
1.26499e-03
2.08704e-03
2.99671e-03
3.88175e-03
4.87651e-03
5.80033e-03
6.34885e-03
6.56608e-03
6.84589e-03
7.14947e-03
7.31942e-03
7.23752e-03
7.07259e-03
6.80866e-03
6.42534e-03
5.92390e-03
5.37048e-03
4.85911e-03
4.61557e-03
4.74029e-03
4.88798e-03
5.19976e-03
5.23096e-03
5.39150e-03
5.44192e-03
5.34613e-03
5.28435e-03
5.07135e-03
4.84359e-03
4.45618e-03
4.01523e-03
3.10210e-03
2.16155e-03
1.25316e-03
8.11501e-04
5.67075e-04
3.16675e-04
1.78707e-04
2.49162e-04
2.92718e-04
2.91025e-04
2.56588e-04
2.03491e-04
1.39349e-04
8.10913e-05
3.56819e-05
1.90147e-05
3.30565e-05
8.55835e-05
1.64425e-04
2.58789e-04
3.32068e-04
3.48416e-04
2.46523e-04
-2.18018e-05
-5.15087e-04
-1.24220e-03
-2.18941e-03
-3.21869e-03
-4.19438e-03
-5.10729e-03
-5.83426e-03
-6.62341e-03
-7.03289e-03
-7.00446e-03
-6.59185e-03
-5.64810e-03
-4.48808e-03
-3.52096e-03
-2.79545e-03
-2.46858e-03
-2.17073e-03
-1.99443e-03
-2.03676e-03
-1.74811e-03
-1.14062e-03
-8.00578e-04
-3.82114e-04
9.78460e-05
5.76977e-04
1.25929e-03
2.12669e-03
3.03597e-03
3.85007e-03
4.68293e-03
5.34718e-03
5.55382e-03
5.38862e-03
5.33260e-03
5.46346e-03
5.82208e-03
6.35654e-03
6.73872e-03
7.08521e-03
7.30346e-03
7.29889e-03
7.26585e-03
7.21392e-03
7.11895e-03
6.96862e-03
6.75280e-03
6.47961e-03
6.17163e-03
5.90013e-03
5.70215e-03
5.33752e-03
4.78255e-03
4.07570e-03
3.33946e-03
2.67665e-03
2.06313e-03
1.92826e-03
1.91079e-03
1.78879e-03
1.83792e-03
1.88539e-03
1.89814e-03
1.88413e-03
1.83412e-03
1.74494e-03
1.60588e-03
1.41817e-03
1.18193e-03
9.25197e-04
6.79035e-04
5.37810e-04
5.09394e-04
3.71545e-04
3.93447e-04
3.12028e-04
1.29754e-04
1.75117e-04
2.23755e-04
2.23025e-04
1.54302e-04
-8.22450e-06
-2.92236e-04
-7.07243e-04
-1.24903e-03
-1.86102e-03
-2.44091e-03
-2.83115e-03
-3.30867e-03
-4.38354e-03
-5.49738e-03
-6.32448e-03
-6.87188e-03
-7.18777e-03
-7.44314e-03
-7.87411e-03
-8.49191e-03
-9.08581e-03
-9.17161e-03
-9.13534e-03
-8.97435e-03
-8.88271e-03
-8.58306e-03
-8.01666e-03
-7.52709e-03
-7.25110e-03
-7.06382e-03
-6.99772e-03
-6.84166e-03
-6.57668e-03
-6.26127e-03
-5.89108e-03
-5.21045e-03
-4.60186e-03
-4.24453e-03
-4.02518e-03
-4.00000e-03
-4.00538e-03
-4.03639e-03
-4.16885e-03
-4.36479e-03
-4.35642e-03
-4.32847e-03
-4.32681e-03
-4.34291e-03
-4.38469e-03
-4.43884e-03
-4.49887e-03
-4.53231e-03
-4.51715e-03
-4.38885e-03
-4.18113e-03
-4.16707e-03
-4.15780e-03
-4.13020e-03
-4.03057e-03
-3.53686e-03
-2.91785e-03
-2.58897e-03
-2.42706e-03
-2.27720e-03
-2.43641e-03
-2.36931e-03
-2.08507e-03
-2.05065e-03
-2.01288e-03
-2.36847e-03
-2.42938e-03
-2.17513e-03
-1.69148e-03
-1.49612e-03
-1.16788e-03
-6.92747e-04
-3.89580e-04
-1.56444e-04
-1.70587e-06
2.88137e-04
7.40203e-04
1.29866e-03
1.88087e-03
2.31270e-03
2.44958e-03
2.43444e-03
2.19969e-03
1.60352e-03
6.60235e-04
7.96803e-05
1.66048e-04
6.42684e-04
1.53855e-03
2.54296e-03
3.54268e-03
4.70468e-03
5.88894e-03
6.76678e-03
6.98384e-03
6.80486e-03
6.68503e-03
6.64541e-03
6.64968e-03
6.65727e-03
6.62211e-03
6.48862e-03
6.21328e-03
5.75852e-03
5.13524e-03
4.38332e-03
3.66532e-03
3.05897e-03
2.22293e-03
1.46279e-03
7.76577e-04
3.37154e-04
6.17052e-05
-1.73450e-04
-3.30563e-04
-6.38877e-04
-1.12295e-03
-1.72063e-03
-2.35089e-03
-2.83258e-03
-3.01628e-03
-2.93512e-03
-2.60067e-03
-2.42991e-03
-1.97937e-03
-1.50198e-03
-1.34780e-03
-1.12179e-03
-7.71741e-04
-3.66335e-04
6.12958e-05
7.10800e-04
1.55469e-03
2.46214e-03
3.20041e-03
3.49328e-03
3.37460e-03
2.91486e-03
2.01430e-03
9.54717e-04
1.60796e-04
-3.71216e-04
-7.69139e-04
-1.15274e-03
-1.46145e-03
-1.88770e-03
-2.36506e-03
-2.80965e-03
-3.36297e-03
-3.95803e-03
-4.40010e-03
-4.57155e-03
-4.87370e-03
-5.34570e-03
-5.94408e-03
-6.56876e-03
-7.13007e-03
-7.73418e-03
-8.33035e-03
-9.09475e-03
-9.93279e-03
-1.06911e-02
-1.14020e-02
-1.18635e-02
-1.21784e-02
-1.27225e-02
-1.31597e-02
-1.32557e-02
-1.30889e-02
-1.28956e-02
-1.25732e-02
-1.18453e-02
-1.11760e-02
-1.05136e-02
-9.91878e-03
-9.16711e-03
-8.08245e-03
-6.99438e-03
-5.87116e-03
-4.65687e-03
-3.59786e-03
-2.67861e-03
-1.60087e-03
-4.84491e-04
6.22254e-04
1.49249e-03
2.36675e-03
3.30001e-03
4.12336e-03
4.80361e-03
5.17998e-03
5.48111e-03
5.65578e-03
5.78610e-03
5.87505e-03
6.05582e-03
6.09761e-03
6.14067e-03
6.19697e-03
6.23547e-03
6.22745e-03
6.13681e-03
5.92926e-03
5.57485e-03
5.06690e-03
4.42301e-03
3.73234e-03
3.07582e-03
2.36917e-03
1.66969e-03
9.64365e-04
6.25203e-04
3.93081e-04
7.71668e-05
-2.56806e-04
-5.41396e-04
-9.88413e-04
-1.57168e-03
-2.22450e-03
-2.74983e-03
-3.10805e-03
-3.83675e-03
-4.45343e-03
-4.71768e-03
-4.92646e-03
-4.97950e-03
-4.78500e-03
-4.45055e-03
-4.05350e-03
-3.86262e-03
-3.77810e-03
-3.76090e-03
-3.67507e-03
-3.68772e-03
-3.70200e-03
-3.91432e-03
-4.18013e-03
-4.42013e-03
-4.64657e-03
-5.00669e-03
-5.28514e-03
-5.59327e-03
-5.87170e-03
-6.05409e-03
-6.31780e-03
-6.64658e-03
-6.94523e-03
-7.13634e-03
-7.35036e-03
-7.52636e-03
-7.60766e-03
-7.75168e-03
-7.96211e-03
-8.18573e-03
-8.36302e-03
-8.36477e-03
-8.16465e-03
-8.14097e-03
-8.16069e-03
-8.17698e-03
-8.16753e-03
-8.09782e-03
-7.92279e-03
-7.60424e-03
-7.09289e-03
-6.43043e-03
-5.89067e-03
-5.38541e-03
-4.75916e-03
-4.08702e-03
-3.48775e-03
-2.86337e-03
-2.09190e-03
-1.28783e-03
-6.30567e-04
-5.52768e-05
4.61894e-04
8.39016e-04
1.30462e-03
1.58875e-03
1.73952e-03
1.89181e-03
2.00901e-03
2.00289e-03
1.84420e-03
1.75266e-03
1.82046e-03
2.11762e-03
2.73732e-03
3.69068e-03
4.67451e-03
5.48965e-03
6.15199e-03
6.68537e-03
7.13087e-03
7.57192e-03
8.09764e-03
8.57325e-03
8.82008e-03
8.89398e-03
8.86608e-03
8.67502e-03
8.45435e-03
8.21168e-03
7.97520e-03
7.72843e-03
7.33749e-03
6.97514e-03
6.54742e-03
6.09118e-03
5.72620e-03
5.57763e-03
5.55247e-03
5.46354e-03
5.29430e-03
5.05378e-03
4.76419e-03
4.46174e-03
4.22142e-03
4.09428e-03
3.95552e-03
3.80745e-03
3.70077e-03
3.64001e-03
3.48142e-03
3.42241e-03
3.52280e-03
3.63765e-03
3.71279e-03
3.76635e-03
3.93294e-03
4.07162e-03
4.30598e-03
4.64383e-03
5.03826e-03
5.39264e-03
5.60567e-03
5.72007e-03
5.62377e-03
5.19272e-03
4.57931e-03
3.97444e-03
3.31053e-03
2.62529e-03
1.82952e-03
1.03986e-03
4.52613e-04
9.56088e-05
-2.39903e-04
-6.32166e-04
-1.02489e-03
-1.49635e-03
-1.96359e-03
-2.26893e-03
-2.50813e-03
-2.87718e-03
-3.03612e-03
-3.14381e-03
-3.15749e-03
-3.01517e-03
-2.83111e-03
-2.63367e-03
-2.39969e-03
-1.99004e-03
-1.58219e-03
-1.26264e-03
-9.80541e-04
-7.87137e-04
-6.24689e-04
-5.23824e-04
-3.75347e-04
-2.28813e-04
-3.12110e-04
-5.52861e-04
-7.93636e-04
-9.68568e-04
-1.02927e-03
-1.11800e-03
-1.36226e-03
-1.42409e-03
-1.40443e-03
-1.53717e-03
-1.61804e-03
-1.80622e-03
-1.86488e-03
-1.95690e-03
-1.96181e-03
-1.95946e-03
-1.95107e-03
-1.91702e-03
-1.83353e-03
-1.68542e-03
-1.45297e-03
-1.14159e-03
-7.60600e-04
-3.73651e-04
-1.96437e-05
3.13529e-04
4.27967e-04
4.93220e-04
6.58047e-04
9.19103e-04
1.25778e-03
1.60714e-03
1.91736e-03
2.24938e-03
2.57922e-03
2.92103e-03
3.07838e-03
3.22006e-03
3.43529e-03
3.55847e-03
3.61072e-03
3.55348e-03
3.46175e-03
3.32233e-03
3.11433e-03
2.82328e-03
2.45814e-03
2.04471e-03
1.65844e-03
1.37967e-03
1.18073e-03
9.63565e-04
6.62778e-04
4.33125e-04
2.38042e-04
-1.15015e-05
-2.66346e-04
-4.82831e-04
-7.32038e-04
-9.74770e-04
-1.14415e-03
-1.29807e-03
-1.36023e-03
-1.31652e-03
-1.30507e-03
-1.14377e-03
-9.70291e-04
-7.41324e-04
-5.46469e-04
-3.66746e-04
-3.24467e-04
-2.60024e-04
-1.66376e-04
-2.66439e-05
2.16995e-04
3.55892e-04
5.19329e-04
6.97084e-04
8.60826e-04
1.09527e-03
1.38783e-03
1.68308e-03
1.89928e-03
1.92702e-03
1.80378e-03
1.67057e-03
1.44954e-03
1.21822e-03
1.02828e-03
9.16786e-04
8.11843e-04
6.30914e-04
4.99495e-04
4.50682e-04
3.49411e-04
2.72062e-04
1.66503e-04
3.75384e-05
-8.85899e-05
-1.68044e-04
-1.71716e-04
-1.70746e-04
-1.70019e-04
-1.62065e-04
-1.44547e-04
-1.16067e-04
-8.02484e-05
-4.42921e-05
-2.16489e-05
-2.94319e-05
-8.89406e-05
-2.19645e-04
-4.36860e-04
-7.40664e-04
-1.11272e-03
-1.49708e-03
-1.82181e-03
-2.04875e-03
-2.07997e-03
-1.98064e-03
-1.87899e-03
-1.77214e-03
-1.66695e-03
-1.63834e-03
-1.63906e-03
-1.66414e-03
-1.71407e-03
-1.78751e-03
-1.87269e-03
-1.95509e-03
-1.99870e-03
-1.98032e-03
-1.92614e-03
-1.84218e-03
-1.76625e-03
-1.65426e-03
-1.53953e-03
-1.38484e-03
-1.23433e-03
-1.06513e-03
-9.48341e-04
-8.59193e-04
-7.46848e-04
-6.22475e-04
-4.94009e-04
-3.09821e-04
-7.19473e-05
1.89217e-04
4.38555e-04
6.70389e-04
8.40204e-04
1.00560e-03
1.18507e-03
1.34870e-03
1.49804e-03
1.60363e-03
1.71664e-03
1.81622e-03
1.92032e-03
2.05281e-03
2.18440e-03
2.26744e-03
2.32562e-03
2.41092e-03
2.47301e-03
2.55050e-03
2.57647e-03
2.54675e-03
2.46965e-03
2.32469e-03
2.14157e-03
1.92094e-03
1.68514e-03
1.49562e-03
1.31313e-03
1.16155e-03
1.03696e-03
9.36153e-04
8.86700e-04
8.85270e-04
9.00197e-04
8.99863e-04
9.09090e-04
8.95082e-04
8.82490e-04
8.73376e-04
8.57076e-04
8.28721e-04
8.14475e-04
8.15512e-04
8.26746e-04
8.36532e-04
8.38076e-04
8.43379e-04
8.12898e-04
7.60442e-04
7.05438e-04
6.19815e-04
5.26715e-04
4.28558e-04
3.09336e-04
1.99258e-04
9.57294e-05
1.14424e-05
-5.40937e-05
-8.83777e-05
-1.36023e-04
-2.19961e-04
-3.20199e-04
-4.40708e-04
-5.45990e-04
-6.28162e-04
-6.93420e-04
-7.66092e-04
-8.37639e-04
-9.13636e-04
-9.72159e-04
-9.95165e-04
-1.02130e-03
-1.04331e-03
-1.04561e-03
-1.03513e-03
-1.02593e-03
-1.01328e-03
-9.94132e-04
-9.80377e-04
-9.50810e-04
-9.03413e-04
-8.69615e-04
-8.44535e-04
-8.27880e-04
-8.06508e-04
-7.77611e-04
-7.40892e-04
-6.96999e-04
-6.48408e-04
-6.00230e-04
-5.60978e-04
-5.39704e-04
-5.28289e-04
-5.17097e-04
-5.06582e-04
-5.00149e-04
-4.96852e-04
-4.86454e-04
-4.77833e-04
-4.73532e-04
-4.73637e-04
-4.78110e-04
-4.85157e-04
-4.92020e-04
-4.92968e-04
-4.83546e-04
-4.66436e-04
-4.42708e-04
-4.31309e-04
-4.26750e-04
-4.16555e-04
-3.97881e-04
-3.80009e-04
-3.62706e-04
-3.39454e-04
-3.16811e-04
-2.91692e-04
-2.73275e-04
-2.59725e-04
-2.52967e-04
-2.49344e-04
-2.50792e-04
-2.55877e-04
-2.52493e-04
-2.48872e-04
-2.45837e-04
-2.42279e-04
-2.36439e-04
-2.27537e-04
-2.19802e-04
-2.13962e-04
-2.09761e-04
-2.07041e-04
-2.05056e-04
-2.02671e-04
-1.99252e-04
-1.98396e-04
-1.93784e-04
-1.83929e-04
-1.69173e-04
-1.48193e-04
-1.33150e-04
-1.16138e-04
-1.06316e-04
-9.80865e-05
-9.10918e-05
-8.31451e-05
-7.16297e-05
-6.06069e-05
-5.13515e-05
-4.11006e-05
-3.28946e-05
-2.44399e-05
-1.64382e-05
-8.45636e-06
-1.88490e-06
2.77184e-06
3.83902e-06
3.31121e-06
2.70975e-06
3.10154e-06
1.90356e-06
5.44800e-08
-1.15838e-06
-1.82881e-06
-2.76042e-06
-6.13682e-06
-1.09151e-05
-1.46659e-05
-1.93163e-05
-2.36327e-05
-2.70637e-05
-3.01086e-05
-3.22931e-05
-3.29361e-05
-3.26631e-05
-3.23522e-05
-3.21249e-05
-3.19204e-05
-3.18417e-05
-3.18960e-05
-3.22686e-05
-3.28112e-05
-3.28494e-05
-3.28832e-05
-3.30125e-05
-3.31264e-05
-3.31051e-05
-3.28101e-05
-3.25809e-05
-3.22582e-05
-3.16025e-05
-3.02883e-05
-2.85982e-05
-2.70556e-05
-2.53894e-05
-2.37449e-05
-2.21287e-05
-2.04119e-05
-1.85805e-05
-1.68338e-05
-1.51914e-05
-1.35612e-05
-1.18851e-05
-9.98817e-06
-7.86113e-06
-5.81540e-06
-3.58984e-06
-1.31521e-06
9.92517e-07
3.27541e-06
5.53702e-06
7.82713e-06
1.01453e-05
1.24164e-05
1.46157e-05
1.67687e-05
1.89335e-05
2.10718e-05
2.32361e-05
2.54345e-05
2.75987e-05
2.97201e-05
3.18079e-05
3.38153e-05
3.57477e-05
3.76241e-05
3.94638e-05
4.13110e-05
4.31692e-05
4.50474e-05
4.69395e-05
4.88211e-05
5.07032e-05
5.25677e-05
5.44188e-05
5.62607e-05
5.80934e-05
5.99184e-05
6.17318e-05
6.35356e-05
6.53321e-05
6.71225e-05
6.89060e-05
7.06819e-05
7.24500e-05
7.42106e-05
7.59638e-05
7.77098e-05
7.94488e-05
8.11810e-05
8.29065e-05
8.46252e-05
8.63373e-05
8.80428e-05
8.97417e-05
9.14339e-05
9.31194e-05
9.47982e-05
