-3.66646e-04
-3.66981e-04
-3.67131e-04
-3.68424e-04
-3.69068e-04
-3.69888e-04
-3.68536e-04
-3.64911e-04
-3.56830e-04
-3.46666e-04
-3.34894e-04
-3.25429e-04
-3.19526e-04
-3.20028e-04
-3.25419e-04
-3.36299e-04
-3.50236e-04
-3.71998e-04
-3.96890e-04
-4.18285e-04
-4.22835e-04
-4.05140e-04
-3.62145e-04
-3.04927e-04
-2.48959e-04
-2.04459e-04
-1.79143e-04
-1.67157e-04
-1.59046e-04
-1.48628e-04
-1.34674e-04
-1.45869e-04
-1.90888e-04
-2.50861e-04
-2.95263e-04
-3.10255e-04
-2.85192e-04
-2.39990e-04
-2.03606e-04
-1.89540e-04
-2.04579e-04
-2.21715e-04
-2.31993e-04
-2.45269e-04
-2.60934e-04
-2.80597e-04
-2.93256e-04
-2.93849e-04
-2.61275e-04
-2.01936e-04
-1.20857e-04
-2.76862e-05
5.02491e-05
5.41336e-05
-6.47217e-05
-3.20711e-04
-6.62936e-04
-1.00086e-03
-1.21951e-03
-1.28696e-03
-1.21775e-03
-1.08066e-03
-9.37841e-04
-8.28842e-04
-7.71080e-04
-7.35037e-04
-6.60375e-04
-5.25869e-04
-3.22469e-04
-8.40060e-05
1.77990e-04
4.36431e-04
6.73933e-04
8.49816e-04
9.27278e-04
9.11808e-04
7.76923e-04
5.30920e-04
2.16787e-04
-1.03825e-04
-4.03113e-04
-6.62481e-04
-7.85354e-04
-7.34820e-04
-5.35006e-04
-3.51639e-04
-2.86571e-04
-2.99972e-04
-3.44036e-04
-3.89064e-04
-3.42058e-04
-2.98442e-04
-2.02671e-04
-6.60382e-05
1.70197e-04
4.89482e-04
8.63553e-04
1.25556e-03
1.68631e-03
2.11660e-03
2.48066e-03
2.66187e-03
2.73403e-03
2.65720e-03
2.29109e-03
1.63679e-03
7.87492e-04
-9.05807e-05
-9.16247e-04
-1.56821e-03
-1.86346e-03
-1.87799e-03
-1.75540e-03
-1.51374e-03
-1.14614e-03
-7.45812e-04
-3.15925e-04
-1.65517e-05
1.09734e-04
9.44578e-05
-3.25111e-05
-2.30443e-04
-4.58927e-04
-6.77701e-04
-8.60005e-04
-9.77481e-04
-9.85220e-04
-9.80791e-04
-7.46279e-04
-4.04566e-04
-2.27540e-04
-3.52641e-04
-8.62289e-04
-1.51279e-03
-2.04808e-03
-2.31011e-03
-2.20502e-03
-1.76194e-03
-1.07073e-03
-3.07402e-04
5.76903e-04
1.64019e-03
2.72581e-03
3.53928e-03
3.90332e-03
3.66563e-03
2.76326e-03
1.39339e-03
-6.40352e-05
-1.31862e-03
-2.17678e-03
-2.58967e-03
-2.69899e-03
-2.71832e-03
-2.70230e-03
-2.46450e-03
-1.66782e-03
-2.69234e-04
1.53809e-03
3.44880e-03
4.80650e-03
5.47143e-03
5.30102e-03
4.17521e-03
2.24536e-03
-1.82819e-04
-2.48789e-03
-4.09142e-03
-4.63262e-03
-3.97730e-03
-2.47075e-03
-6.42491e-04
1.00841e-03
2.02452e-03
2.20378e-03
1.51956e-03
1.79279e-04
-1.51029e-03
-3.25297e-03
-4.60054e-03
-5.38844e-03
-5.53247e-03
-5.07116e-03
-4.26699e-03
-3.25259e-03
-2.24604e-03
-1.61955e-03
-1.36687e-03
-1.37885e-03
-1.56508e-03
-1.79962e-03
-2.02666e-03
-1.86357e-03
-1.41578e-03
-8.37054e-04
-7.30937e-05
7.51609e-04
1.42957e-03
1.59283e-03
9.05285e-04
-7.90964e-04
-3.55873e-03
-6.94124e-03
-1.01352e-02
-1.25723e-02
-1.38745e-02
-1.35750e-02
-1.16818e-02
-8.53290e-03
-4.58502e-03
-4.43181e-04
3.40014e-03
6.58878e-03
9.00208e-03
1.05221e-02
1.10573e-02
1.05032e-02
8.87117e-03
6.26750e-03
3.11727e-03
-2.21447e-04
-3.14053e-03
-4.95720e-03
-5.85939e-03
-6.17541e-03
-6.09776e-03
-5.63995e-03
-5.13719e-03
-4.66283e-03
-4.17106e-03
-3.81122e-03
-3.77925e-03
-4.27373e-03
-5.21308e-03
-6.44522e-03
-7.56433e-03
-8.26101e-03
-8.20105e-03
-7.40532e-03
-6.07588e-03
-4.42333e-03
-2.79914e-03
-1.41636e-03
-4.92704e-04
-1.44831e-04
-6.09326e-05
9.30877e-05
5.06455e-04
1.38092e-03
2.49485e-03
3.54568e-03
4.18390e-03
4.27877e-03
3.65460e-03
2.11257e-03
-1.24418e-04
-2.58574e-03
-4.86942e-03
-6.69505e-03
-7.88723e-03
-8.47389e-03
-8.46586e-03
-7.74126e-03
-6.42851e-03
-4.71221e-03
-2.69236e-03
-5.48955e-04
1.41131e-03
3.01800e-03
4.09559e-03
4.42876e-03
4.05704e-03
3.18114e-03
1.90089e-03
1.15305e-04
-1.94442e-03
-3.96598e-03
-5.59439e-03
-6.57750e-03
-6.71861e-03
-5.91090e-03
-3.59873e-03
-2.44376e-04
3.57913e-03
7.28838e-03
1.03249e-02
1.22687e-02
1.29230e-02
1.21047e-02
9.70331e-03
5.70690e-03
3.85353e-04
-5.55940e-03
-1.10632e-02
-1.58739e-02
-1.91376e-02
-2.03136e-02
-1.93147e-02
-1.62013e-02
-1.15395e-02
-6.00678e-03
-5.56213e-04
4.26990e-03
8.19548e-03
1.07667e-02
1.18502e-02
1.16221e-02
1.04182e-02
8.49104e-03
6.09388e-03
3.37225e-03
3.18433e-04
-3.16989e-03
-6.57407e-03
-9.40263e-03
-1.11967e-02
-1.19344e-02
-1.17060e-02
-1.08367e-02
-9.73328e-03
-8.92542e-03
-8.37807e-03
-7.89622e-03
-7.12015e-03
-5.96399e-03
-4.40946e-03
-2.72182e-03
-1.14684e-03
8.65470e-05
9.90113e-04
1.81031e-03
2.63662e-03
3.39023e-03
4.12103e-03
4.53592e-03
4.41355e-03
3.90380e-03
2.92435e-03
1.92876e-03
1.10271e-03
7.86399e-04
8.33849e-04
9.22034e-04
6.62695e-04
-4.00428e-04
-2.63294e-03
-5.89251e-03
-9.88145e-03
-1.42870e-02
-1.81141e-02
-2.03842e-02
-2.04033e-02
-1.79084e-02
-1.32111e-02
-7.19867e-03
-3.67351e-04
6.70157e-03
1.32672e-02
1.87284e-02
2.26732e-02
2.51285e-02
2.59271e-02
2.46819e-02
2.15627e-02
1.67672e-02
1.12543e-02
5.56736e-03
-1.91183e-04
-5.61629e-03
-1.03980e-02
-1.40696e-02
-1.71582e-02
-1.95909e-02
-2.10044e-02
-2.10061e-02
-1.91963e-02
-1.55913e-02
-1.05647e-02
-4.92595e-03
5.13009e-04
5.37290e-03
9.57026e-03
1.27940e-02
1.49391e-02
1.56028e-02
1.45058e-02
1.16876e-02
7.19657e-03
1.77954e-03
-3.35173e-03
-6.68514e-03
-7.88441e-03
-6.31427e-03
-2.55299e-03
2.83625e-03
8.92623e-03
1.45192e-02
1.84817e-02
1.99841e-02
1.87937e-02
1.49407e-02
8.84022e-03
1.18404e-03
-6.81803e-03
-1.45772e-02
-2.10124e-02
-2.59419e-02
-2.85863e-02
-2.89990e-02
-2.73438e-02
-2.40091e-02
-1.98089e-02
-1.51113e-02
-1.04847e-02
-6.18669e-03
-2.42259e-03
8.44320e-04
3.62326e-03
6.19286e-03
8.71836e-03
1.15362e-02
1.46118e-02
1.74704e-02
1.95229e-02
1.98002e-02
1.75324e-02
1.25744e-02
5.31302e-03
-3.32920e-03
-1.16541e-02
-1.84972e-02
-2.34497e-02
-2.59201e-02
-2.52686e-02
-2.16734e-02
-1.60487e-02
-9.91878e-03
-4.12648e-03
4.26075e-04
2.93883e-03
3.12986e-03
1.42141e-03
-1.35933e-03
-4.45279e-03
-6.73030e-03
-7.40547e-03
-5.94192e-03
-2.22875e-03
3.62844e-03
1.08216e-02
1.82425e-02
2.49358e-02
3.02224e-02
3.34572e-02
3.39890e-02
3.15065e-02
2.57801e-02
1.73855e-02
7.60090e-03
-2.40665e-03
-1.15134e-02
-1.89425e-02
-2.47431e-02
-2.87760e-02
-3.10533e-02
-3.20526e-02
-3.24489e-02
-3.26891e-02
-3.30473e-02
-3.35178e-02
-3.38490e-02
-3.34241e-02
-3.13015e-02
-2.69417e-02
-2.07273e-02
-1.30409e-02
-4.63859e-03
3.93925e-03
1.16174e-02
1.78716e-02
2.18504e-02
2.28668e-02
2.10300e-02
1.69548e-02
1.15304e-02
6.05393e-03
1.55088e-03
-1.19506e-03
-1.85356e-03
-8.82941e-04
1.32303e-03
4.05910e-03
6.68595e-03
8.60023e-03
9.97920e-03
1.06281e-02
1.06982e-02
1.09259e-02
1.19409e-02
1.42608e-02
1.84687e-02
2.47880e-02
3.31859e-02
4.32672e-02
5.44748e-02
6.61238e-02
7.88798e-02
9.27085e-02
1.07438e-01
1.21873e-01
1.35079e-01
1.47423e-01
1.59530e-01
1.71836e-01
1.84664e-01
1.97240e-01
2.09188e-01
2.20969e-01
2.31780e-01
2.40950e-01
2.47311e-01
2.48898e-01
2.42898e-01
2.26418e-01
1.98306e-01
1.60747e-01
1.18832e-01
7.59401e-02
3.52696e-02
2.91481e-03
-1.76661e-02
-2.91232e-02
-3.35479e-02
-3.49793e-02
-3.73284e-02
-4.43237e-02
-5.89689e-02
-8.22043e-02
-1.10891e-01
-1.41841e-01
-1.74722e-01
-2.06472e-01
-2.33527e-01
-2.55302e-01
-2.72080e-01
-2.83943e-01
-2.90475e-01
-2.93026e-01
-2.91499e-01
-2.85544e-01
-2.74886e-01
-2.59294e-01
-2.39143e-01
-2.15886e-01
-1.92541e-01
-1.70892e-01
-1.51523e-01
-1.34529e-01
-1.19257e-01
-1.03977e-01
-8.69929e-02
-6.61766e-02
-4.00507e-02
-9.39471e-03
2.30926e-02
5.48063e-02
8.42867e-02
1.08340e-01
1.26314e-01
1.38074e-01
1.41505e-01
1.35667e-01
1.22190e-01
1.03029e-01
7.90278e-02
5.23394e-02
2.80572e-02
9.22993e-03
-3.96787e-03
-1.00980e-02
-8.71939e-03
-4.13294e-04
1.39987e-02
3.25786e-02
5.31073e-02
7.35603e-02
9.15412e-02
1.06356e-01
1.16791e-01
1.21568e-01
1.19868e-01
1.11798e-01
9.83971e-02
7.98157e-02
5.77568e-02
3.57405e-02
1.55049e-02
-8.11713e-04
-1.19283e-02
-1.86579e-02
-2.21653e-02
-2.40871e-02
-2.56416e-02
-2.80669e-02
-3.23521e-02
-3.92058e-02
-4.88131e-02
-6.08375e-02
-7.42447e-02
-8.75025e-02
-9.97564e-02
-1.09499e-01
-1.14579e-01
-1.13942e-01
-1.06810e-01
-9.31491e-02
-7.39806e-02
-5.13547e-02
-2.72426e-02
-3.20497e-03
1.97298e-02
3.99741e-02
5.67381e-02
6.95364e-02
7.86393e-02
8.43602e-02
8.69900e-02
8.72552e-02
8.58905e-02
8.36626e-02
8.09191e-02
7.72104e-02
7.14386e-02
6.24821e-02
4.92616e-02
3.18639e-02
1.14709e-02
-1.04198e-02
-3.20464e-02
-5.24380e-02
-7.08078e-02
-8.64872e-02
-9.90422e-02
-1.08773e-01
-1.15741e-01
-1.19944e-01
-1.21316e-01
-1.19178e-01
-1.12636e-01
-1.00459e-01
-8.21987e-02
-5.88933e-02
-3.25179e-02
-7.29290e-03
1.36061e-02
2.96468e-02
4.02437e-02
4.45539e-02
4.30691e-02
3.57205e-02
2.31365e-02
7.28481e-03
-1.00515e-02
-2.65473e-02
-4.13925e-02
-5.35801e-02
-6.24245e-02
-6.83603e-02
-7.12915e-02
-7.09198e-02
-6.75905e-02
-6.18627e-02
-5.43147e-02
-4.55598e-02
-3.57731e-02
-2.46638e-02
-1.17795e-02
3.23408e-03
2.00778e-02
3.74461e-02
5.41858e-02
6.93841e-02
8.27272e-02
9.39433e-02
1.03357e-01
1.11379e-01
1.18873e-01
1.25273e-01
1.28804e-01
1.27829e-01
1.20871e-01
1.08364e-01
9.10227e-02
6.99576e-02
4.77632e-02
2.59442e-02
6.63036e-03
-1.06063e-02
-2.59391e-02
-3.91466e-02
-4.98118e-02
-5.68660e-02
-6.03903e-02
-5.93901e-02
-5.37252e-02
-4.34061e-02
-2.90779e-02
-1.23652e-02
4.88837e-03
2.11185e-02
3.54947e-02
4.75499e-02
5.62723e-02
6.09268e-02
6.18072e-02
5.93168e-02
5.39174e-02
4.62928e-02
3.68141e-02
2.58366e-02
1.44845e-02
3.53923e-03
-6.90038e-03
-1.64562e-02
-2.50910e-02
-3.29781e-02
-4.03712e-02
-4.70810e-02
-5.29291e-02
-5.77424e-02
-6.13020e-02
-6.42682e-02
-6.78791e-02
-7.24779e-02
-7.79201e-02
-8.38141e-02
-8.90452e-02
-9.29179e-02
-9.44181e-02
-9.29978e-02
-8.87021e-02
-8.18321e-02
-7.25226e-02
-6.14798e-02
-4.94353e-02
-3.71009e-02
-2.47920e-02
-1.32842e-02
-3.95203e-03
3.26404e-03
8.32658e-03
1.11636e-02
1.18424e-02
1.06154e-02
8.15623e-03
5.69265e-03
4.73375e-03
6.23907e-03
1.04330e-02
1.67525e-02
2.39483e-02
3.07747e-02
3.67079e-02
4.16552e-02
4.63016e-02
5.06062e-02
5.45419e-02
5.82917e-02
6.20072e-02
6.59664e-02
7.00688e-02
7.42564e-02
7.86487e-02
8.37750e-02
8.96466e-02
9.58866e-02
1.02009e-01
1.07387e-01
1.12048e-01
1.16633e-01
1.21739e-01
1.27915e-01
1.35461e-01
1.43873e-01
1.52055e-01
1.58437e-01
1.62138e-01
1.61939e-01
1.56946e-01
1.47084e-01
1.32864e-01
1.13401e-01
8.70300e-02
5.41152e-02
1.89525e-02
-1.70860e-02
-5.21365e-02
-8.35427e-02
-1.09679e-01
-1.29774e-01
-1.44315e-01
-1.55124e-01
-1.60961e-01
-1.61352e-01
-1.57275e-01
-1.48177e-01
-1.33652e-01
-1.14725e-01
-9.28924e-02
-6.97976e-02
-4.67455e-02
-2.36723e-02
-1.73702e-03
1.79521e-02
3.32446e-02
4.41832e-02
5.10472e-02
5.27659e-02
4.96603e-02
4.24857e-02
3.27776e-02
2.25108e-02
1.31747e-02
6.01196e-03
1.65348e-03
5.92796e-04
2.73279e-03
7.29500e-03
1.34269e-02
2.01513e-02
2.66203e-02
3.18166e-02
3.55167e-02
3.73491e-02
3.71943e-02
3.52769e-02
3.19407e-02
2.72191e-02
2.15736e-02
1.56164e-02
1.00990e-02
5.66635e-03
2.96061e-03
2.06498e-03
2.52163e-03
3.65006e-03
4.69558e-03
4.84728e-03
3.73422e-03
8.66203e-04
-3.84611e-03
-9.69896e-03
-1.58430e-02
-2.22758e-02
-2.86099e-02
-3.46342e-02
-4.01820e-02
-4.49010e-02
-4.90375e-02
-5.28806e-02
-5.67406e-02
-6.07725e-02
-6.45775e-02
-6.78308e-02
-7.05884e-02
-7.28601e-02
-7.46608e-02
-7.63412e-02
-7.80834e-02
-7.96740e-02
-8.09792e-02
-8.16517e-02
-8.14518e-02
-8.02564e-02
-7.81632e-02
-7.54463e-02
-7.18771e-02
-6.73574e-02
-6.18140e-02
-5.54886e-02
-4.84460e-02
-4.11642e-02
-3.41764e-02
-2.77365e-02
-2.21199e-02
-1.73630e-02
-1.33252e-02
-9.93064e-03
-6.61555e-03
-2.62741e-03
2.85004e-03
1.02581e-02
1.95990e-02
3.03811e-02
4.17248e-02
5.27510e-02
6.30066e-02
7.26284e-02
8.06511e-02
8.64425e-02
8.92896e-02
8.83424e-02
8.25565e-02
7.13515e-02
5.48609e-02
3.50396e-02
1.30808e-02
-9.89664e-03
-3.16538e-02
-5.15979e-02
-6.96836e-02
-8.46933e-02
-9.45117e-02
-9.81064e-02
-9.43628e-02
-8.28156e-02
-6.40901e-02
-4.14313e-02
-1.81677e-02
3.81796e-03
2.19829e-02
3.60220e-02
4.55848e-02
5.13989e-02
5.39182e-02
5.34672e-02
5.07359e-02
4.64304e-02
4.11193e-02
3.55548e-02
3.04254e-02
2.59085e-02
2.20201e-02
1.83050e-02
1.42658e-02
9.75131e-03
4.89541e-03
-2.90053e-04
-5.65977e-03
-1.08897e-02
-1.56439e-02
-1.94584e-02
-2.17526e-02
-2.18221e-02
-1.86822e-02
-1.17496e-02
-8.17646e-04
1.34724e-02
2.94192e-02
4.59105e-02
6.10255e-02
7.38763e-02
8.51392e-02
9.60420e-02
1.07225e-01
1.18465e-01
1.28764e-01
1.37357e-01
1.44354e-01
1.49682e-01
1.52421e-01
1.51624e-01
1.47155e-01
1.39412e-01
1.28576e-01
1.14135e-01
9.63114e-02
7.57653e-02
5.34414e-02
3.14219e-02
1.18148e-02
-4.85011e-03
-1.99389e-02
-3.17508e-02
-4.06928e-02
-4.83102e-02
-5.58082e-02
-6.43225e-02
-7.50378e-02
-8.81449e-02
-1.03303e-01
-1.19651e-01
-1.36739e-01
-1.53133e-01
-1.67268e-01
-1.78106e-01
-1.83084e-01
-1.81713e-01
-1.73029e-01
-1.58028e-01
-1.38705e-01
-1.18033e-01
-9.84610e-02
-8.10789e-02
-6.72331e-02
-5.71944e-02
-5.09162e-02
-4.76791e-02
-4.61575e-02
-4.53157e-02
-4.42818e-02
-4.21952e-02
-3.86087e-02
-3.37294e-02
-2.80596e-02
-2.21261e-02
-1.64247e-02
-1.17889e-02
-8.81630e-03
-7.90077e-03
-9.47044e-03
-1.37803e-02
-2.00828e-02
-2.70851e-02
-3.27649e-02
-3.45076e-02
-3.05342e-02
-2.00834e-02
-3.50710e-03
1.76036e-02
4.24313e-02
6.87094e-02
9.61998e-02
1.22782e-01
1.47743e-01
1.70972e-01
1.90536e-01
2.05757e-01
2.17794e-01
2.26623e-01
2.32511e-01
2.35199e-01
2.34575e-01
2.30398e-01
2.23449e-01
2.14715e-01
2.04821e-01
1.94305e-01
1.82625e-01
1.68734e-01
1.53021e-01
1.33797e-01
1.09779e-01
8.24299e-02
5.61621e-02
2.96724e-02
2.12705e-03
-2.66414e-02
-5.76503e-02
-8.95124e-02
-1.21169e-01
-1.50757e-01
-1.75487e-01
-1.94652e-01
-2.09217e-01
-2.19180e-01
-2.23669e-01
-2.21643e-01
-2.14617e-01
-2.05066e-01
-1.95241e-01
-1.85514e-01
-1.74914e-01
-1.62909e-01
-1.49951e-01
-1.37241e-01
-1.24937e-01
-1.13662e-01
-1.03413e-01
-9.42908e-02
-8.57947e-02
-7.67681e-02
-6.57033e-02
-5.20348e-02
-3.59160e-02
-1.79859e-02
-2.41624e-04
1.58883e-02
2.97850e-02
4.14365e-02
5.13121e-02
6.07344e-02
7.08753e-02
8.22339e-02
9.41732e-02
1.05706e-01
1.15246e-01
1.21638e-01
1.23418e-01
1.20069e-01
1.12327e-01
1.01944e-01
8.94737e-02
7.51238e-02
5.97352e-02
4.46198e-02
3.05467e-02
1.87965e-02
9.02575e-03
1.02632e-03
-5.85178e-03
-1.29163e-02
-2.04616e-02
-2.78642e-02
-3.45679e-02
-4.00639e-02
-4.42823e-02
-4.72717e-02
-4.85755e-02
-4.82066e-02
-4.61814e-02
-4.28838e-02
-3.93447e-02
-3.66903e-02
-3.51801e-02
-3.46571e-02
-3.47242e-02
-3.54820e-02
-3.67507e-02
-3.82446e-02
-3.93064e-02
-3.97021e-02
-3.96623e-02
-3.91877e-02
-3.86853e-02
-3.83505e-02
-3.80141e-02
-3.69627e-02
-3.43831e-02
-3.01558e-02
-2.49358e-02
-1.91676e-02
-1.34821e-02
-8.53966e-03
-4.72211e-03
-2.30668e-03
-1.39259e-03
-2.07514e-03
-3.68011e-03
-5.25392e-03
-6.15166e-03
-6.01410e-03
-4.77249e-03
-2.71501e-03
-2.74141e-04
2.19869e-03
4.41075e-03
6.37743e-03
8.23709e-03
9.98079e-03
1.12797e-02
1.24427e-02
1.40145e-02
1.71968e-02
2.16117e-02
2.69204e-02
3.29014e-02
3.88497e-02
4.45008e-02
4.93129e-02
5.31778e-02
5.58092e-02
5.69903e-02
5.66125e-02
5.48076e-02
5.19781e-02
4.84566e-02
4.45019e-02
4.08424e-02
3.76097e-02
3.50107e-02
3.35113e-02
3.29571e-02
3.29696e-02
3.34973e-02
3.42321e-02
3.52419e-02
3.66920e-02
3.87900e-02
4.15879e-02
4.50660e-02
4.88001e-02
5.25431e-02
5.59501e-02
5.87443e-02
6.07064e-02
6.10809e-02
5.93027e-02
5.45144e-02
4.60879e-02
3.37607e-02
1.82326e-02
9.80889e-04
-1.76475e-02
-3.61453e-02
-5.38999e-02
-7.03627e-02
-8.42546e-02
-9.60605e-02
-1.05678e-01
-1.13341e-01
-1.19426e-01
-1.23958e-01
-1.27732e-01
-1.31200e-01
-1.34140e-01
-1.36183e-01
-1.37328e-01
-1.37336e-01
-1.36098e-01
-1.33414e-01
-1.29036e-01
-1.22807e-01
-1.14501e-01
-1.04744e-01
-9.36905e-02
-8.24217e-02
-7.16937e-02
-6.22717e-02
-5.42707e-02
-4.74266e-02
-4.18598e-02
-3.71833e-02
-3.29507e-02
-2.84230e-02
-2.36187e-02
-1.80995e-02
-1.15742e-02
-3.63803e-03
5.67878e-03
1.59050e-02
2.62581e-02
3.65580e-02
4.66467e-02
5.59732e-02
6.44274e-02
7.19419e-02
7.79837e-02
8.23058e-02
8.54665e-02
8.79287e-02
8.99804e-02
9.18338e-02
9.33003e-02
9.42747e-02
9.48066e-02
9.48477e-02
9.43998e-02
9.35527e-02
9.25173e-02
9.12803e-02
8.99273e-02
8.84932e-02
8.66630e-02
8.39783e-02
8.00661e-02
7.45611e-02
6.68312e-02
5.68690e-02
4.53779e-02
3.29732e-02
2.09167e-02
1.03175e-02
1.52850e-03
-5.15277e-03
-1.00612e-02
-1.31259e-02
-1.43180e-02
-1.30426e-02
-8.91574e-03
-1.88397e-03
7.70251e-03
1.90565e-02
3.08345e-02
4.26296e-02
5.46329e-02
6.69627e-02
7.89729e-02
8.94800e-02
9.81648e-02
1.03347e-01
1.02993e-01
9.58812e-02
8.19779e-02
6.30413e-02
4.16288e-02
2.17897e-02
2.43549e-03
-1.49203e-02
-3.09279e-02
-4.60346e-02
-5.81978e-02
-6.79737e-02
-7.50686e-02
-7.88623e-02
-7.89175e-02
-7.57499e-02
-6.91931e-02
-5.81350e-02
-4.38463e-02
-2.75524e-02
-1.06387e-02
5.66436e-03
1.98776e-02
3.19070e-02
4.24127e-02
5.13542e-02
5.86332e-02
6.36371e-02
6.50976e-02
6.19313e-02
5.34694e-02
4.01254e-02
2.32328e-02
5.35983e-03
-1.26187e-02
-2.99691e-02
-4.69300e-02
-6.16525e-02
-7.47153e-02
-8.61844e-02
-9.53258e-02
-1.02738e-01
-1.08941e-01
-1.14499e-01
-1.19317e-01
-1.23280e-01
-1.26480e-01
-1.29711e-01
-1.32966e-01
-1.35033e-01
-1.34432e-01
-1.31149e-01
-1.25783e-01
-1.18639e-01
-1.09858e-01
-9.99476e-02
-8.99306e-02
-8.14349e-02
-7.53017e-02
-7.12318e-02
-6.82168e-02
-6.55431e-02
-6.28728e-02
-6.02687e-02
-5.75037e-02
-5.44647e-02
-5.14298e-02
-4.80062e-02
-4.40713e-02
-3.94826e-02
-3.40265e-02
-2.77529e-02
-2.10487e-02
-1.44050e-02
-7.91105e-03
-1.60494e-03
4.57137e-03
1.05741e-02
1.62438e-02
2.15521e-02
2.65560e-02
3.14155e-02
3.63091e-02
4.10440e-02
4.57784e-02
5.04308e-02
5.44909e-02
5.80583e-02
6.08074e-02
6.29195e-02
6.48500e-02
6.66387e-02
6.84186e-02
7.02514e-02
7.21645e-02
7.36157e-02
7.40801e-02
7.32511e-02
7.09098e-02
6.72113e-02
6.24858e-02
5.71948e-02
5.17050e-02
4.69614e-02
4.29831e-02
3.98070e-02
3.79628e-02
3.70991e-02
3.69939e-02
3.75291e-02
3.83659e-02
3.92727e-02
3.99973e-02
4.02999e-02
4.01483e-02
3.90795e-02
3.70415e-02
3.36733e-02
2.89427e-02
2.30478e-02
1.61504e-02
8.57956e-03
5.06279e-04
-7.71726e-03
-1.64450e-02
-2.52188e-02
-3.35102e-02
-4.11773e-02
-4.78812e-02
-5.34889e-02
-5.73755e-02
-5.96756e-02
-6.01162e-02
-5.86165e-02
-5.52399e-02
-5.05278e-02
-4.47919e-02
-3.83383e-02
-3.13997e-02
-2.42136e-02
-1.67053e-02
-8.92464e-03
-1.55866e-03
4.95667e-03
1.06174e-02
1.57497e-02
2.02772e-02
2.44077e-02
2.80355e-02
3.08076e-02
3.25043e-02
3.29562e-02
3.19734e-02
2.96780e-02
2.64653e-02
2.24753e-02
1.80991e-02
1.35741e-02
9.43552e-03
5.91505e-03
3.31923e-03
1.56083e-03
4.77982e-04
-2.03634e-05
-1.52720e-04
1.75050e-04
7.57263e-04
1.90275e-03
3.73561e-03
6.26497e-03
9.54219e-03
1.35657e-02
1.80641e-02
2.26218e-02
2.72053e-02
3.13131e-02
3.47349e-02
3.77575e-02
4.05941e-02
4.29982e-02
4.47677e-02
4.53466e-02
4.46243e-02
4.26961e-02
3.98098e-02
3.65366e-02
3.34236e-02
3.07669e-02
2.86268e-02
2.73202e-02
2.66916e-02
2.68950e-02
2.79315e-02
2.99292e-02
3.28857e-02
3.65722e-02
4.06826e-02
4.49104e-02
4.89893e-02
5.27812e-02
5.58089e-02
5.76923e-02
5.80163e-02
5.64909e-02
5.30467e-02
4.78294e-02
4.13184e-02
3.40036e-02
2.60794e-02
1.80529e-02
9.28190e-03
-2.13534e-04
-1.01602e-02
-2.00544e-02
-2.95843e-02
-3.87740e-02
-4.72328e-02
-5.51526e-02
-6.24896e-02
-6.90004e-02
-7.44059e-02
-7.85768e-02
-8.09751e-02
-8.11316e-02
-7.88764e-02
-7.42810e-02
-6.78506e-02
-6.05640e-02
-5.31528e-02
-4.60709e-02
-3.94946e-02
-3.35720e-02
-2.81307e-02
-2.31443e-02
-1.85390e-02
-1.45756e-02
-1.09990e-02
-8.07573e-03
-5.60188e-03
-3.50483e-03
-2.01280e-03
-1.30806e-03
-1.71331e-03
-3.41420e-03
-6.27687e-03
-9.99325e-03
-1.42161e-02
-1.87399e-02
-2.30056e-02
-2.66223e-02
-2.97066e-02
-3.24881e-02
-3.51951e-02
-3.81393e-02
-4.14468e-02
-4.50373e-02
-4.86131e-02
-5.16907e-02
-5.40345e-02
-5.51134e-02
-5.51114e-02
-5.44224e-02
-5.34812e-02
-5.24741e-02
-5.13505e-02
-5.01679e-02
-4.88857e-02
-4.75727e-02
-4.59892e-02
-4.38738e-02
-4.10806e-02
-3.77348e-02
-3.43428e-02
-3.13722e-02
-2.89525e-02
-2.67685e-02
-2.44213e-02
-2.13145e-02
-1.72796e-02
-1.27653e-02
-7.67604e-03
-2.09587e-03
3.49997e-03
9.03194e-03
1.42390e-02
1.89434e-02
2.31600e-02
2.70289e-02
3.05553e-02
3.36631e-02
3.64901e-02
3.88281e-02
4.05022e-02
4.12228e-02
4.06152e-02
3.85852e-02
3.53033e-02
3.10991e-02
2.61781e-02
2.05171e-02
1.42141e-02
7.46056e-03
6.66877e-04
-6.04181e-03
-1.23735e-02
-1.82344e-02
-2.38756e-02
-2.88558e-02
-3.32942e-02
-3.70524e-02
-4.00824e-02
-4.26808e-02
-4.47817e-02
-4.61267e-02
-4.66229e-02
-4.62444e-02
-4.50777e-02
-4.33160e-02
-4.09279e-02
-3.76996e-02
-3.38329e-02
-2.94630e-02
-2.48408e-02
-1.99779e-02
-1.48789e-02
-9.39552e-03
-3.88479e-03
1.66716e-03
7.25844e-03
1.27943e-02
1.84236e-02
2.40272e-02
2.96986e-02
3.50522e-02
3.98345e-02
4.39476e-02
4.73788e-02
4.98066e-02
5.14198e-02
5.24934e-02
5.30821e-02
5.32093e-02
5.29193e-02
5.23355e-02
5.13485e-02
5.02181e-02
4.91374e-02
4.84504e-02
4.84745e-02
4.94053e-02
5.12419e-02
5.38234e-02
5.69445e-02
6.00086e-02
6.26493e-02
6.47886e-02
6.63495e-02
6.73338e-02
6.80023e-02
6.85088e-02
6.91104e-02
6.98909e-02
7.11103e-02
7.27340e-02
7.46641e-02
7.69216e-02
7.94237e-02
8.21006e-02
8.50940e-02
8.82671e-02
9.17975e-02
9.53750e-02
9.86520e-02
1.00954e-01
1.02254e-01
1.02691e-01
1.02232e-01
1.00904e-01
9.85201e-02
9.48258e-02
8.98498e-02
8.35200e-02
7.58277e-02
6.73821e-02
5.81730e-02
4.79890e-02
3.71204e-02
2.57704e-02
1.43456e-02
2.85651e-03
-8.11766e-03
-1.80551e-02
-2.73894e-02
-3.70565e-02
-4.74200e-02
-5.79528e-02
-6.85981e-02
-7.93090e-02
-8.97726e-02
-1.00458e-01
-1.11267e-01
-1.21983e-01
-1.32543e-01
-1.42449e-01
-1.51207e-01
-1.58810e-01
-1.65423e-01
-1.71266e-01
-1.76170e-01
-1.79823e-01
-1.82241e-01
-1.83495e-01
-1.83840e-01
-1.83144e-01
-1.81398e-01
-1.78522e-01
-1.74535e-01
-1.69641e-01
-1.63781e-01
-1.56845e-01
-1.48795e-01
-1.39077e-01
-1.27472e-01
-1.13961e-01
-9.85836e-02
-8.16465e-02
-6.34364e-02
-4.39293e-02
-2.32700e-02
-1.68386e-03
1.99845e-02
4.19469e-02
6.36718e-02
8.42345e-02
1.03493e-01
1.21508e-01
1.38996e-01
1.55208e-01
1.69775e-01
1.82463e-01
1.93235e-01
2.02575e-01
2.11333e-01
2.18904e-01
2.24702e-01
2.28639e-01
2.30885e-01
2.31606e-01
2.31176e-01
2.29859e-01
2.27450e-01
2.23388e-01
2.17067e-01
2.08534e-01
1.98012e-01
1.86316e-01
1.73246e-01
1.59023e-01
1.43913e-01
1.28451e-01
1.13628e-01
9.99851e-02
8.74495e-02
7.47366e-02
6.17253e-02
4.80547e-02
3.35174e-02
1.89112e-02
5.14522e-03
-8.35660e-03
-2.17393e-02
-3.49507e-02
-4.81156e-02
-6.08644e-02
-7.41500e-02
-8.76295e-02
-1.00734e-01
-1.13525e-01
-1.25599e-01
-1.36703e-01
-1.46135e-01
-1.53964e-01
-1.60205e-01
-1.65145e-01
-1.69110e-01
-1.72260e-01
-1.74476e-01
-1.75849e-01
-1.76295e-01
-1.75638e-01
-1.73595e-01
-1.70009e-01
-1.64929e-01
-1.58694e-01
-1.51741e-01
-1.44272e-01
-1.37148e-01
-1.30874e-01
-1.25553e-01
-1.20937e-01
-1.16539e-01
-1.11900e-01
-1.06767e-01
-1.01490e-01
-9.64416e-02
-9.20474e-02
-8.83359e-02
-8.50755e-02
-8.21249e-02
-7.97788e-02
-7.80621e-02
-7.68925e-02
-7.63406e-02
-7.63463e-02
-7.64700e-02
-7.64622e-02
-7.60395e-02
-7.51919e-02
-7.42316e-02
-7.31955e-02
-7.21408e-02
-7.08995e-02
-6.93710e-02
-6.82066e-02
-6.74653e-02
-6.67139e-02
-6.57976e-02
-6.44462e-02
-6.28139e-02
-6.11866e-02
-5.98065e-02
-5.85746e-02
-5.74868e-02
-5.65533e-02
-5.54095e-02
-5.37160e-02
-5.15338e-02
-4.90976e-02
-4.67353e-02
-4.44042e-02
-4.18594e-02
-3.88982e-02
-3.54439e-02
-3.14887e-02
-2.71303e-02
-2.24115e-02
-1.74435e-02
-1.24522e-02
-7.15074e-03
-1.37353e-03
4.80782e-03
1.10736e-02
1.75511e-02
2.41463e-02
3.07070e-02
3.72726e-02
4.39639e-02
5.09865e-02
5.83997e-02
6.62834e-02
7.44513e-02
8.30143e-02
9.17923e-02
1.00812e-01
1.09537e-01
1.17749e-01
1.25537e-01
1.32590e-01
1.38829e-01
1.44182e-01
1.48308e-01
1.50987e-01
1.52502e-01
1.53012e-01
1.52740e-01
1.51846e-01
1.50495e-01
1.48842e-01
1.47008e-01
1.44910e-01
1.42374e-01
1.39248e-01
1.35389e-01
1.30396e-01
1.24020e-01
1.16555e-01
1.08610e-01
1.01160e-01
9.43607e-02
8.80993e-02
8.26650e-02
7.65846e-02
6.97249e-02
6.28893e-02
5.66063e-02
5.09254e-02
4.60458e-02
4.17319e-02
3.80593e-02
3.50038e-02
3.25366e-02
3.04808e-02
2.87441e-02
2.74236e-02
2.65212e-02
2.58614e-02
2.51892e-02
2.42906e-02
2.29149e-02
2.10002e-02
1.85522e-02
1.54852e-02
1.19652e-02
8.00752e-03
3.53459e-03
-1.41398e-03
-6.81189e-03
-1.26374e-02
-1.85748e-02
-2.42644e-02
-2.97373e-02
-3.46241e-02
-3.86339e-02
-4.19556e-02
-4.43344e-02
-4.54396e-02
-4.57044e-02
-4.52418e-02
-4.42712e-02
-4.30334e-02
-4.17018e-02
-4.03318e-02
-3.88717e-02
-3.74111e-02
-3.60658e-02
-3.49475e-02
-3.40320e-02
-3.33684e-02
-3.30141e-02
-3.24948e-02
-3.17421e-02
-3.06344e-02
-2.91159e-02
-2.71468e-02
-2.47004e-02
-2.14603e-02
-1.73170e-02
-1.22246e-02
-6.37736e-03
-8.96045e-05
6.16614e-03
1.21247e-02
1.76878e-02
2.26775e-02
2.73471e-02
3.15003e-02
3.50565e-02
3.80980e-02
4.04332e-02
4.22307e-02
4.34512e-02
4.41194e-02
4.42663e-02
4.38276e-02
4.28262e-02
4.13256e-02
3.91501e-02
3.63316e-02
3.29905e-02
2.94208e-02
2.59826e-02
2.28759e-02
1.98971e-02
1.68554e-02
1.35723e-02
1.01129e-02
6.73478e-03
3.45231e-03
4.73912e-04
-2.03286e-03
-4.11099e-03
-6.08892e-03
-7.98115e-03
-9.91674e-03
-1.19361e-02
-1.39960e-02
-1.61993e-02
-1.84578e-02
-2.07215e-02
-2.28855e-02
-2.48670e-02
-2.68016e-02
-2.87072e-02
-3.06048e-02
-3.23987e-02
-3.40587e-02
-3.56281e-02
-3.72243e-02
-3.88691e-02
-4.05998e-02
-4.24791e-02
-4.47409e-02
-4.73758e-02
-5.00886e-02
-5.27830e-02
-5.54842e-02
-5.79724e-02
-6.02961e-02
-6.22817e-02
-6.36392e-02
-6.41194e-02
-6.36198e-02
-6.21721e-02
-5.96080e-02
-5.61240e-02
-5.18937e-02
-4.71482e-02
-4.21816e-02
-3.74049e-02
-3.26508e-02
-2.81647e-02
-2.43493e-02
-2.11853e-02
-1.88653e-02
-1.74047e-02
-1.66914e-02
-1.66664e-02
-1.72380e-02
-1.83725e-02
-1.99787e-02
-2.19256e-02
-2.42071e-02
-2.68382e-02
-2.96713e-02
-3.25225e-02
-3.50857e-02
-3.72455e-02
-3.94036e-02
-4.14205e-02
-4.33085e-02
-4.49890e-02
-4.63651e-02
-4.73537e-02
-4.80717e-02
-4.84396e-02
-4.84793e-02
-4.82643e-02
-4.76706e-02
-4.64308e-02
-4.43524e-02
-4.15707e-02
-3.82869e-02
-3.45440e-02
-3.05456e-02
-2.64733e-02
-2.24301e-02
-1.85312e-02
-1.48556e-02
-1.12326e-02
-7.43335e-03
-3.55658e-03
2.25914e-04
3.80738e-03
7.07113e-03
9.88814e-03
1.23215e-02
1.44568e-02
1.61054e-02
1.74651e-02
1.84608e-02
1.92020e-02
1.99133e-02
2.06503e-02
2.13649e-02
2.18617e-02
2.20752e-02
2.21507e-02
2.23732e-02
2.30534e-02
2.42436e-02
2.57288e-02
2.74803e-02
2.94566e-02
3.16446e-02
3.40532e-02
3.65820e-02
3.91175e-02
4.14937e-02
4.37384e-02
4.58656e-02
4.80303e-02
5.00756e-02
5.20153e-02
5.37453e-02
5.52282e-02
5.64534e-02
5.75202e-02
5.84206e-02
5.92157e-02
6.00838e-02
6.11081e-02
6.23276e-02
6.34234e-02
6.43928e-02
6.50404e-02
6.55599e-02
6.58818e-02
6.58853e-02
6.55990e-02
6.48000e-02
6.35038e-02
6.17177e-02
5.95496e-02
5.70641e-02
5.44449e-02
5.17183e-02
4.87502e-02
4.57679e-02
4.30424e-02
4.05430e-02
3.82258e-02
3.63372e-02
3.47558e-02
3.30807e-02
3.14125e-02
2.97080e-02
2.79832e-02
2.62197e-02
2.45910e-02
2.29758e-02
2.12611e-02
1.95621e-02
1.78210e-02
1.60388e-02
1.42708e-02
1.25263e-02
1.04844e-02
8.33451e-03
6.18174e-03
4.07717e-03
1.91153e-03
-2.04420e-04
-2.41758e-03
-4.75292e-03
-7.26190e-03
-1.00486e-02
-1.31317e-02
-1.63182e-02
-1.92726e-02
-2.19260e-02
-2.43574e-02
-2.67573e-02
-2.93588e-02
-3.20833e-02
-3.45903e-02
-3.70805e-02
-3.93773e-02
-4.13308e-02
-4.29613e-02
-4.42546e-02
-4.53232e-02
-4.61444e-02
-4.67563e-02
-4.72759e-02
-4.80224e-02
-4.91391e-02
-5.07483e-02
-5.25982e-02
-5.44128e-02
-5.60545e-02
-5.74178e-02
-5.85897e-02
-5.97950e-02
-6.10520e-02
-6.24149e-02
-6.36432e-02
-6.44545e-02
-6.46628e-02
-6.39416e-02
-6.22110e-02
-5.95662e-02
-5.60967e-02
-5.21448e-02
-4.80466e-02
-4.37166e-02
-3.91316e-02
-3.44179e-02
-2.95890e-02
-2.48899e-02
-2.05283e-02
-1.66598e-02
-1.32245e-02
-1.00427e-02
-7.11348e-03
-4.43526e-03
-1.91060e-03
8.15863e-04
3.80554e-03
6.93298e-03
1.03542e-02
1.39308e-02
1.75307e-02
2.10901e-02
2.45491e-02
2.79994e-02
3.12823e-02
3.43037e-02
3.70156e-02
3.94076e-02
4.12790e-02
4.26830e-02
4.37692e-02
4.45583e-02
4.49938e-02
4.50070e-02
4.47163e-02
4.40344e-02
4.30739e-02
4.19573e-02
4.07195e-02
3.93831e-02
3.78882e-02
3.64252e-02
3.50114e-02
3.37568e-02
3.23103e-02
3.06027e-02
2.85425e-02
2.62388e-02
2.36376e-02
2.10452e-02
1.83330e-02
1.55132e-02
1.24761e-02
9.12183e-03
5.58129e-03
2.06113e-03
-1.35217e-03
-4.51065e-03
-7.32630e-03
-9.91913e-03
-1.20930e-02
-1.36871e-02
-1.48166e-02
-1.54018e-02
-1.54427e-02
-1.51475e-02
-1.44671e-02
-1.32918e-02
-1.17246e-02
-1.00581e-02
-8.47531e-03
-7.19775e-03
-6.32920e-03
-5.80154e-03
-5.60881e-03
-5.81267e-03
-6.21332e-03
-6.67428e-03
-7.18956e-03
-7.73294e-03
-8.10188e-03
-8.38373e-03
-8.64423e-03
-9.06586e-03
-9.74686e-03
-1.07982e-02
-1.19351e-02
-1.31641e-02
-1.43951e-02
-1.54438e-02
-1.64368e-02
-1.74482e-02
-1.88237e-02
-2.07826e-02
-2.31024e-02
-2.55958e-02
-2.78501e-02
-2.97408e-02
-3.13381e-02
-3.28907e-02
-3.42164e-02
-3.56096e-02
-3.68851e-02
-3.80499e-02
-3.90508e-02
-3.99482e-02
-4.09082e-02
-4.18846e-02
-4.28540e-02
-4.37831e-02
-4.45747e-02
-4.52003e-02
-4.56939e-02
-4.61099e-02
-4.63269e-02
-4.62537e-02
-4.58757e-02
-4.51996e-02
-4.37779e-02
-4.16638e-02
-3.89689e-02
-3.57029e-02
-3.19535e-02
-2.77618e-02
-2.33528e-02
-1.86754e-02
-1.38969e-02
-8.89479e-03
-3.95604e-03
6.05684e-04
5.04551e-03
9.28468e-03
1.33799e-02
1.71952e-02
2.10088e-02
2.49815e-02
2.89449e-02
3.28294e-02
3.63284e-02
3.94942e-02
4.23924e-02
4.48099e-02
4.67772e-02
4.82221e-02
4.92910e-02
4.99179e-02
5.02146e-02
5.01227e-02
4.98043e-02
4.94645e-02
4.89019e-02
4.81356e-02
4.72580e-02
4.63294e-02
4.51722e-02
4.38850e-02
4.25373e-02
4.11283e-02
3.97304e-02
3.83455e-02
3.68751e-02
3.53841e-02
3.37161e-02
3.18845e-02
3.00551e-02
2.82642e-02
2.62265e-02
2.41009e-02
2.23315e-02
2.09032e-02
1.97884e-02
1.87084e-02
1.77291e-02
1.68926e-02
1.63308e-02
1.61082e-02
1.63250e-02
1.68930e-02
1.79987e-02
1.95605e-02
2.14232e-02
2.35194e-02
2.53734e-02
2.69505e-02
2.81817e-02
2.89634e-02
2.93293e-02
2.92360e-02
2.87781e-02
2.81284e-02
2.72737e-02
2.61071e-02
2.43749e-02
2.17044e-02
1.84799e-02
1.49588e-02
1.13484e-02
7.66659e-03
4.13001e-03
5.53119e-04
-3.02165e-03
-6.52054e-03
-9.93648e-03
-1.30759e-02
-1.60789e-02
-1.85294e-02
-2.04132e-02
-2.16233e-02
-2.21497e-02
-2.18820e-02
-2.08656e-02
-1.92839e-02
-1.72760e-02
-1.50543e-02
-1.28797e-02
-1.09578e-02
-8.94260e-03
-7.08698e-03
-5.63025e-03
-4.65625e-03
-4.39172e-03
-4.77858e-03
-5.82927e-03
-7.41004e-03
-9.52310e-03
-1.18353e-02
-1.43695e-02
-1.70055e-02
-1.96783e-02
-2.19302e-02
-2.40508e-02
-2.61253e-02
-2.82467e-02
-2.93651e-02
-2.96004e-02
-2.90800e-02
-2.75158e-02
-2.50155e-02
-2.16428e-02
-1.73544e-02
-1.22145e-02
-6.55798e-03
-5.28211e-04
5.64155e-03
1.15711e-02
1.72735e-02
2.28205e-02
2.77515e-02
3.20099e-02
3.56517e-02
3.83879e-02
4.03400e-02
4.15645e-02
4.18405e-02
4.12764e-02
3.98093e-02
3.76022e-02
3.46474e-02
3.12182e-02
2.75101e-02
2.38736e-02
2.01964e-02
1.68007e-02
1.39701e-02
1.16167e-02
9.88163e-03
8.71051e-03
8.20845e-03
8.36443e-03
9.02889e-03
9.94404e-03
1.07749e-02
1.12368e-02
1.11840e-02
1.05359e-02
9.24805e-03
7.50036e-03
5.07832e-03
1.99477e-03
-1.69304e-03
-5.93873e-03
-1.05256e-02
-1.52654e-02
-2.04353e-02
-2.58624e-02
-3.13387e-02
-3.64925e-02
-4.08914e-02
-4.43482e-02
-4.67358e-02
-4.79148e-02
-4.81259e-02
-4.74621e-02
-4.59137e-02
-4.31132e-02
-3.90630e-02
-3.36506e-02
-2.69323e-02
-1.95280e-02
-1.20209e-02
-4.33954e-03
3.14178e-03
1.00874e-02
1.64580e-02
2.22377e-02
2.72030e-02
3.11220e-02
3.38106e-02
3.53088e-02
3.57272e-02
3.49702e-02
3.29611e-02
2.96056e-02
2.51366e-02
1.97298e-02
1.35824e-02
7.60839e-03
1.76447e-03
-3.64556e-03
-8.54868e-03
-1.27144e-02
-1.63176e-02
-1.94330e-02
-2.19733e-02
-2.42434e-02
-2.64141e-02
-2.84680e-02
-3.03671e-02
-3.22556e-02
-3.38894e-02
-3.52297e-02
-3.61563e-02
-3.63669e-02
-3.59327e-02
-3.50713e-02
-3.37596e-02
-3.17971e-02
-2.92242e-02
-2.62525e-02
-2.29138e-02
-1.91820e-02
-1.51187e-02
-1.10347e-02
-6.94322e-03
-3.04294e-03
7.77677e-04
4.27614e-03
7.27015e-03
9.89822e-03
1.19252e-02
1.33941e-02
1.42930e-02
1.45408e-02
1.40998e-02
1.30269e-02
1.13369e-02
9.26526e-03
7.11188e-03
5.08352e-03
3.35575e-03
1.97843e-03
7.02360e-04
-7.20818e-04
-2.15207e-03
-3.65404e-03
-5.21032e-03
-6.58800e-03
-7.67387e-03
-8.81266e-03
-1.02278e-02
-1.19200e-02
-1.40277e-02
-1.64437e-02
-1.88218e-02
-2.09030e-02
-2.26768e-02
-2.40503e-02
-2.48723e-02
-2.52427e-02
-2.52257e-02
-2.49044e-02
-2.43852e-02
-2.36388e-02
-2.26665e-02
-2.15163e-02
-2.02490e-02
-1.86467e-02
-1.66536e-02
-1.42248e-02
-1.13649e-02
-8.22423e-03
-4.92506e-03
-1.66558e-03
1.58639e-03
4.95228e-03
8.33401e-03
1.18381e-02
1.52986e-02
1.85478e-02
2.14537e-02
2.39720e-02
2.61860e-02
2.81537e-02
2.99089e-02
3.13499e-02
3.24225e-02
3.29975e-02
3.30166e-02
3.24408e-02
3.12403e-02
2.95022e-02
2.71755e-02
2.47310e-02
2.22461e-02
1.97141e-02
1.71995e-02
1.47128e-02
1.21169e-02
1.00966e-02
8.71261e-03
8.08690e-03
8.04457e-03
8.59474e-03
9.70034e-03
1.12160e-02
1.30067e-02
1.47189e-02
1.60943e-02
1.71645e-02
1.78119e-02
1.78715e-02
1.73115e-02
1.61494e-02
1.43230e-02
1.19327e-02
9.33957e-03
6.50815e-03
3.64127e-03
9.89847e-04
-1.44254e-03
-3.63300e-03
-5.36642e-03
-6.67259e-03
-7.61830e-03
-8.36595e-03
-8.91957e-03
-9.33659e-03
-9.40149e-03
-9.11139e-03
-8.34427e-03
-7.19573e-03
-5.80845e-03
-4.29475e-03
-2.49523e-03
-4.82622e-04
1.55316e-03
3.46479e-03
5.08528e-03
6.63594e-03
7.98384e-03
9.08180e-03
9.74018e-03
9.81888e-03
9.16171e-03
7.77626e-03
5.60464e-03
2.68687e-03
-6.43938e-04
-4.47755e-03
-8.76797e-03
-1.34737e-02
-1.87113e-02
-2.41509e-02
-2.96157e-02
-3.47767e-02
-3.94060e-02
-4.32357e-02
-4.61434e-02
-4.80928e-02
-4.90007e-02
-4.89249e-02
-4.78932e-02
-4.58458e-02
-4.30566e-02
-3.95149e-02
-3.55807e-02
-3.13378e-02
-2.69304e-02
-2.24218e-02
-1.79928e-02
-1.40142e-02
-1.07411e-02
-8.33261e-03
-6.74436e-03
-5.57997e-03
-4.68646e-03
-3.91166e-03
-3.24893e-03
-2.62893e-03
-2.12068e-03
-1.48431e-03
-7.22456e-04
2.87646e-04
1.35648e-03
2.46723e-03
3.65378e-03
4.91546e-03
6.42483e-03
8.22807e-03
1.03948e-02
1.26287e-02
1.49016e-02
1.70036e-02
1.89902e-02
2.08210e-02
2.23725e-02
2.37266e-02
2.49418e-02
2.60749e-02
2.71444e-02
2.80758e-02
2.90566e-02
2.99244e-02
3.07095e-02
3.13361e-02
3.18454e-02
3.22227e-02
3.28008e-02
3.35462e-02
3.43610e-02
3.52991e-02
3.62649e-02
3.73031e-02
3.84277e-02
3.96768e-02
4.09874e-02
4.23010e-02
4.34672e-02
4.42183e-02
4.44720e-02
4.45411e-02
4.43263e-02
4.39540e-02
4.33762e-02
4.25190e-02
4.13951e-02
4.01463e-02
3.87795e-02
3.72690e-02
3.55834e-02
3.34763e-02
3.09678e-02
2.80874e-02
2.50835e-02
2.20243e-02
1.88212e-02
1.54266e-02
1.18374e-02
8.18171e-03
4.55324e-03
6.83664e-04
-3.29352e-03
-7.19193e-03
-1.13556e-02
-1.58462e-02
-2.06155e-02
-2.51968e-02
-2.92549e-02
-3.27521e-02
-3.56463e-02
-3.79395e-02
-3.99428e-02
-4.15694e-02
-4.28817e-02
-4.36678e-02
-4.39470e-02
-4.37834e-02
-4.34136e-02
-4.29583e-02
-4.25541e-02
-4.23115e-02
-4.22502e-02
-4.23093e-02
-4.25270e-02
-4.28828e-02
-4.32804e-02
-4.35940e-02
-4.38411e-02
-4.39907e-02
-4.40565e-02
-4.41671e-02
-4.44376e-02
-4.50560e-02
-4.56491e-02
-4.61242e-02
-4.62691e-02
-4.58856e-02
-4.51412e-02
-4.39144e-02
-4.23198e-02
-4.05557e-02
-3.87927e-02
-3.70507e-02
-3.53746e-02
-3.39375e-02
-3.25029e-02
-3.11469e-02
-3.00366e-02
-2.91228e-02
-2.83032e-02
-2.74297e-02
-2.62646e-02
-2.49034e-02
-2.32598e-02
-2.14901e-02
-1.97206e-02
-1.79073e-02
-1.61085e-02
-1.42326e-02
-1.23602e-02
-1.06152e-02
-8.86516e-03
-6.99595e-03
-5.05626e-03
-2.89622e-03
-6.80466e-04
1.48988e-03
3.54521e-03
5.57320e-03
7.57216e-03
9.51555e-03
1.15169e-02
1.36749e-02
1.60086e-02
1.83958e-02
2.09285e-02
2.34878e-02
2.62064e-02
2.88313e-02
3.12655e-02
3.34410e-02
3.52588e-02
3.68861e-02
3.81143e-02
3.89446e-02
3.90115e-02
3.84005e-02
3.71334e-02
3.50872e-02
3.24192e-02
2.90924e-02
2.52885e-02
2.11654e-02
1.67528e-02
1.22795e-02
7.86160e-03
3.82525e-03
3.11814e-04
-2.79692e-03
-5.28074e-03
-7.33240e-03
-8.82481e-03
-9.80288e-03
-1.00686e-02
-9.67325e-03
-8.62731e-03
-7.00567e-03
-4.87001e-03
-2.42895e-03
1.01611e-04
2.44088e-03
4.41632e-03
6.15807e-03
7.40762e-03
8.13821e-03
8.59865e-03
8.77136e-03
8.80188e-03
8.83618e-03
8.75654e-03
8.60520e-03
8.34216e-03
7.98804e-03
7.53697e-03
6.96359e-03
6.21042e-03
5.23457e-03
4.51512e-03
3.97850e-03
3.64527e-03
3.27835e-03
2.68534e-03
1.90359e-03
1.19693e-03
7.79668e-04
6.33312e-04
9.25540e-04
1.38329e-03
1.84351e-03
2.13097e-03
2.48540e-03
2.61262e-03
2.70634e-03
2.64483e-03
2.50723e-03
2.27242e-03
1.86804e-03
1.42951e-03
8.65955e-04
2.93846e-04
-4.28535e-04
-1.07099e-03
-1.65450e-03
-2.13400e-03
-2.39576e-03
-2.22179e-03
-1.54120e-03
-6.65664e-04
3.46525e-04
1.58485e-03
3.16665e-03
4.95368e-03
6.79476e-03
8.69766e-03
1.07088e-02
1.27729e-02
1.50700e-02
1.72155e-02
1.91769e-02
2.08383e-02
2.19219e-02
2.23677e-02
2.23451e-02
2.21092e-02
2.13474e-02
1.99344e-02
1.78672e-02
1.53644e-02
1.27030e-02
9.93072e-03
7.11067e-03
4.19216e-03
1.28354e-03
-1.29185e-03
-3.57634e-03
-5.66021e-03
-7.47661e-03
-9.00692e-03
-1.01789e-02
-1.10628e-02
-1.16421e-02
-1.19722e-02
-1.18718e-02
-1.14429e-02
-1.06388e-02
-9.67126e-03
-8.33167e-03
-6.66148e-03
-4.50682e-03
-2.02517e-03
4.41745e-04
2.81601e-03
4.88512e-03
6.71704e-03
8.28188e-03
9.65777e-03
1.10244e-02
1.25974e-02
1.43025e-02
1.58173e-02
1.69361e-02
1.77155e-02
1.80344e-02
1.80169e-02
1.77090e-02
1.71452e-02
1.63465e-02
1.53424e-02
1.44236e-02
1.36239e-02
1.28365e-02
1.19453e-02
1.10670e-02
1.02662e-02
9.54225e-03
8.89392e-03
8.18191e-03
7.27586e-03
6.28184e-03
5.30027e-03
4.56561e-03
3.68710e-03
2.61228e-03
1.20828e-03
-3.84393e-04
-2.01155e-03
-3.52254e-03
-4.86154e-03
-6.06406e-03
-7.17229e-03
-8.34621e-03
-9.52952e-03
-1.07091e-02
-1.21101e-02
-1.38040e-02
-1.50921e-02
-1.63226e-02
-1.74769e-02
-1.86273e-02
-1.97629e-02
-2.09811e-02
-2.21097e-02
-2.30055e-02
-2.35897e-02
-2.41958e-02
-2.48783e-02
-2.54606e-02
-2.60422e-02
-2.64143e-02
-2.66486e-02
-2.67723e-02
-2.67900e-02
-2.65996e-02
-2.63125e-02
-2.60547e-02
-2.60408e-02
-2.59736e-02
-2.58830e-02
-2.60012e-02
-2.62308e-02
-2.65958e-02
-2.70273e-02
-2.74240e-02
-2.75072e-02
-2.71223e-02
-2.60625e-02
-2.48126e-02
-2.33699e-02
-2.17049e-02
-1.99397e-02
-1.82704e-02
-1.68632e-02
-1.55930e-02
-1.46893e-02
-1.41308e-02
-1.40764e-02
-1.43168e-02
-1.47179e-02
-1.52262e-02
-1.58414e-02
-1.65070e-02
-1.72336e-02
-1.74798e-02
-1.76538e-02
-1.75522e-02
-1.71964e-02
-1.64937e-02
-1.54371e-02
-1.40900e-02
-1.22310e-02
-9.88251e-03
-7.11306e-03
-4.12444e-03
-9.94778e-04
1.96974e-03
4.49723e-03
7.11888e-03
9.77094e-03
1.25780e-02
1.53585e-02
1.77075e-02
1.94055e-02
2.05183e-02
2.11610e-02
2.14566e-02
2.11843e-02
2.06324e-02
1.97251e-02
1.85180e-02
1.73388e-02
1.61630e-02
1.50500e-02
1.37677e-02
1.25952e-02
1.14174e-02
1.01981e-02
8.92263e-03
7.69605e-03
6.60429e-03
5.66149e-03
4.99593e-03
4.47343e-03
3.88792e-03
3.10879e-03
2.29926e-03
1.64335e-03
1.24925e-03
8.97373e-04
5.82521e-04
4.01715e-04
1.92411e-04
1.39249e-05
-2.75045e-05
3.62962e-05
1.19190e-04
3.08155e-04
6.90354e-04
1.11037e-03
1.61643e-03
2.26453e-03
2.99573e-03
3.80111e-03
4.67894e-03
5.68879e-03
6.81267e-03
7.91036e-03
8.96197e-03
9.89014e-03
1.07615e-02
1.15868e-02
1.21900e-02
1.29045e-02
1.35610e-02
1.42016e-02
1.47992e-02
1.53350e-02
1.57207e-02
1.58957e-02
1.60088e-02
1.60648e-02
1.59806e-02
1.58681e-02
1.56913e-02
1.54580e-02
1.51234e-02
1.48731e-02
1.46177e-02
1.44695e-02
1.43807e-02
1.44893e-02
1.46827e-02
1.50334e-02
1.55045e-02
1.60046e-02
1.65236e-02
1.69811e-02
1.74988e-02
1.80068e-02
1.85037e-02
1.87966e-02
1.87506e-02
1.83090e-02
1.75335e-02
1.64361e-02
1.50959e-02
1.35605e-02
1.18304e-02
1.00322e-02
8.10185e-03
6.15909e-03
4.05601e-03
1.82589e-03
-6.85666e-04
-3.24643e-03
-5.88638e-03
-8.30738e-03
-1.00844e-02
-1.12246e-02
-1.20398e-02
-1.25118e-02
-1.29281e-02
-1.32283e-02
-1.34805e-02
-1.35595e-02
-1.32899e-02
-1.26395e-02
-1.17143e-02
-1.07185e-02
-9.59941e-03
-8.48107e-03
-7.47708e-03
-6.49900e-03
-5.41824e-03
-4.29863e-03
-3.17447e-03
-1.90612e-03
-6.11038e-04
7.31859e-04
2.12831e-03
3.64705e-03
5.12002e-03
6.33888e-03
6.88694e-03
7.07604e-03
6.94942e-03
6.83494e-03
6.89342e-03
7.00930e-03
7.32327e-03
7.66135e-03
8.19093e-03
8.74634e-03
9.28994e-03
9.78654e-03
1.03094e-02
1.09060e-02
1.15775e-02
1.24294e-02
1.32427e-02
1.41916e-02
1.50774e-02
1.59072e-02
1.65690e-02
1.70319e-02
1.71854e-02
1.72008e-02
1.70552e-02
1.67264e-02
1.61075e-02
1.52609e-02
1.44517e-02
1.35965e-02
1.27083e-02
1.18145e-02
1.07851e-02
9.53136e-03
8.34720e-03
7.26567e-03
6.25327e-03
5.31144e-03
4.60599e-03
4.12469e-03
3.80326e-03
3.49323e-03
3.29132e-03
3.23961e-03
3.20112e-03
3.26068e-03
3.34895e-03
3.49078e-03
3.67547e-03
3.91811e-03
4.27787e-03
4.83612e-03
5.52594e-03
6.21752e-03
6.92462e-03
7.51156e-03
8.11292e-03
8.64576e-03
9.16519e-03
9.44326e-03
9.64165e-03
9.86626e-03
1.00243e-02
1.01776e-02
1.03469e-02
1.04689e-02
1.06378e-02
1.09224e-02
1.11349e-02
1.14168e-02
1.14333e-02
1.12159e-02
1.07853e-02
1.02445e-02
9.58280e-03
8.96309e-03
8.63060e-03
8.27357e-03
7.77375e-03
6.91925e-03
5.64448e-03
4.04728e-03
2.22395e-03
2.59436e-04
-1.71289e-03
-3.63950e-03
-5.55252e-03
-7.32155e-03
-9.14826e-03
-1.09727e-02
-1.27527e-02
-1.43138e-02
-1.58147e-02
-1.71213e-02
-1.84130e-02
-1.96119e-02
-2.03417e-02
-2.06692e-02
-2.07595e-02
-2.07736e-02
-2.09157e-02
-2.14645e-02
-2.20505e-02
-2.25881e-02
-2.29161e-02
-2.30926e-02
-2.32577e-02
-2.32966e-02
-2.31886e-02
-2.29628e-02
-2.26536e-02
-2.23549e-02
-2.19070e-02
-2.13585e-02
-2.06823e-02
-1.99378e-02
-1.93310e-02
-1.88214e-02
-1.84393e-02
-1.80972e-02
-1.79180e-02
-1.79403e-02
-1.81977e-02
-1.85754e-02
-1.92796e-02
-2.01031e-02
-2.11493e-02
-2.23619e-02
-2.37009e-02
-2.49861e-02
-2.63441e-02
-2.77716e-02
-2.91326e-02
-3.05643e-02
-3.18742e-02
-3.30165e-02
-3.39203e-02
-3.46643e-02
-3.51221e-02
-3.54689e-02
-3.54721e-02
-3.52419e-02
-3.48643e-02
-3.43781e-02
-3.37512e-02
-3.29407e-02
-3.21864e-02
-3.14227e-02
-3.07327e-02
-3.00318e-02
-2.93610e-02
-2.86245e-02
-2.78600e-02
-2.70029e-02
-2.61699e-02
-2.53140e-02
-2.43661e-02
-2.33469e-02
-2.23167e-02
-2.13555e-02
-2.05707e-02
-1.96579e-02
-1.87476e-02
-1.78030e-02
-1.69905e-02
-1.61051e-02
-1.51587e-02
-1.40903e-02
-1.29182e-02
-1.15062e-02
-9.81483e-03
-7.97234e-03
-6.16804e-03
-4.34355e-03
-2.32530e-03
2.78764e-05
2.77312e-03
5.48333e-03
8.10421e-03
1.04599e-02
1.26627e-02
1.48673e-02
1.70586e-02
1.94112e-02
2.18051e-02
2.40421e-02
2.61777e-02
2.82669e-02
3.03561e-02
3.23792e-02
3.43309e-02
3.62956e-02
3.78659e-02
3.90387e-02
4.00614e-02
4.08835e-02
4.16241e-02
4.24834e-02
4.34741e-02
4.43210e-02
4.47573e-02
4.45724e-02
4.38857e-02
4.29389e-02
4.18951e-02
4.08663e-02
3.98536e-02
3.87571e-02
3.76006e-02
3.61286e-02
3.45837e-02
3.29045e-02
3.10756e-02
2.92865e-02
2.75854e-02
2.59770e-02
2.46815e-02
2.35230e-02
2.23665e-02
2.12170e-02
2.02831e-02
1.96888e-02
1.93702e-02
1.92169e-02
1.91197e-02
1.91382e-02
1.92993e-02
1.96685e-02
2.03371e-02
2.12867e-02
2.24563e-02
2.37088e-02
2.49825e-02
2.60808e-02
2.71260e-02
2.80155e-02
2.87080e-02
2.92425e-02
2.96697e-02
3.00491e-02
3.03726e-02
3.06724e-02
3.08785e-02
3.10659e-02
3.12109e-02
3.13175e-02
3.14628e-02
3.15434e-02
3.15231e-02
3.14403e-02
3.12420e-02
3.09998e-02
3.08290e-02
3.03864e-02
2.97585e-02
2.89626e-02
2.80414e-02
2.69175e-02
2.53962e-02
2.35488e-02
2.15572e-02
1.93578e-02
1.70359e-02
1.48198e-02
1.26470e-02
1.05342e-02
8.60169e-03
6.92788e-03
5.44192e-03
4.04763e-03
2.67572e-03
1.25002e-03
-3.53330e-04
-1.90973e-03
-3.23863e-03
-4.20215e-03
-4.95134e-03
-5.67991e-03
-6.71695e-03
-7.96562e-03
-9.51205e-03
-1.11985e-02
-1.29313e-02
-1.45945e-02
-1.62335e-02
-1.78571e-02
-1.92294e-02
-2.04214e-02
-2.15492e-02
-2.26477e-02
-2.38286e-02
-2.52097e-02
-2.64455e-02
-2.76267e-02
-2.85461e-02
-2.93696e-02
-3.02029e-02
-3.09995e-02
-3.18654e-02
-3.29593e-02
-3.44723e-02
-3.63024e-02
-3.83069e-02
-4.01354e-02
-4.17037e-02
-4.30486e-02
-4.40800e-02
-4.48581e-02
-4.53767e-02
-4.57319e-02
-4.59307e-02
-4.60858e-02
-4.62662e-02
-4.62760e-02
-4.61025e-02
-4.57287e-02
-4.53008e-02
-4.49000e-02
-4.46996e-02
-4.47088e-02
-4.46926e-02
-4.46410e-02
-4.45911e-02
-4.45633e-02
-4.45577e-02
-4.42914e-02
-4.39998e-02
-4.35762e-02
-4.29761e-02
-4.22302e-02
-4.12349e-02
-4.01263e-02
-3.91255e-02
-3.78846e-02
-3.65464e-02
-3.49239e-02
-3.30457e-02
-3.09252e-02
-2.88659e-02
-2.68861e-02
-2.51715e-02
-2.37198e-02
-2.24805e-02
-2.14311e-02
-2.03333e-02
-1.90467e-02
-1.78367e-02
-1.64788e-02
-1.50039e-02
-1.34081e-02
-1.18688e-02
-1.03518e-02
-8.76207e-03
-7.17602e-03
-5.58783e-03
-4.03884e-03
-2.37298e-03
-7.78709e-04
9.39935e-04
2.53525e-03
3.99690e-03
5.29560e-03
6.59233e-03
7.86986e-03
9.49367e-03
1.10942e-02
1.26810e-02
1.40088e-02
1.50725e-02
1.61489e-02
1.71532e-02
1.81605e-02
1.90620e-02
2.00070e-02
2.08959e-02
2.20221e-02
2.33667e-02
2.48126e-02
2.62808e-02
2.77672e-02
2.89901e-02
2.98628e-02
3.04572e-02
3.08040e-02
3.10875e-02
3.12952e-02
3.15246e-02
3.17947e-02
3.19311e-02
3.18451e-02
3.16450e-02
3.13467e-02
3.09201e-02
3.02193e-02
2.92180e-02
2.80601e-02
2.67735e-02
2.55049e-02
2.40661e-02
2.25981e-02
2.09014e-02
1.89726e-02
1.69546e-02
1.50162e-02
1.32117e-02
1.17986e-02
1.06912e-02
9.70263e-03
8.83996e-03
8.18277e-03
7.68158e-03
7.15018e-03
6.61754e-03
6.01134e-03
5.47802e-03
5.03229e-03
4.67158e-03
4.26215e-03
3.76402e-03
3.38823e-03
2.84977e-03
2.20034e-03
1.58696e-03
1.11102e-03
7.76677e-04
5.32783e-04
4.85102e-04
5.67096e-04
7.92885e-04
1.06557e-03
1.37181e-03
1.67370e-03
2.00391e-03
2.28858e-03
2.57144e-03
2.82125e-03
2.97237e-03
3.18151e-03
3.43915e-03
3.78103e-03
4.17901e-03
4.55486e-03
4.85214e-03
5.19107e-03
5.50564e-03
5.60728e-03
5.51365e-03
5.36969e-03
5.18402e-03
4.85625e-03
4.35056e-03
3.68195e-03
2.86216e-03
1.83286e-03
7.78201e-04
-2.04176e-04
-1.08679e-03
-1.64328e-03
-1.96852e-03
-2.13151e-03
-2.09246e-03
-1.95702e-03
-1.77285e-03
-1.51340e-03
-1.10128e-03
-5.34485e-04
2.71484e-05
6.37215e-04
1.21405e-03
1.60536e-03
1.61044e-03
1.31253e-03
6.89926e-04
-1.81239e-04
-1.18195e-03
-2.04148e-03
-2.50897e-03
-2.75209e-03
-2.82927e-03
-2.93862e-03
-2.92667e-03
-2.81345e-03
-2.61759e-03
-2.45340e-03
-2.07350e-03
-1.55915e-03
-1.01120e-03
-4.42074e-04
7.89222e-05
3.86008e-04
4.12080e-04
2.89192e-04
-1.12660e-04
-6.34583e-04
-1.19567e-03
-1.60704e-03
-1.84293e-03
-1.99089e-03
-2.04006e-03
-2.23185e-03
-2.62462e-03
-3.26678e-03
-3.98631e-03
-4.65699e-03
-5.16800e-03
-5.47159e-03
-5.65017e-03
-5.72841e-03
-5.80879e-03
-5.88193e-03
-5.93985e-03
-5.86925e-03
-5.67872e-03
-5.45727e-03
-5.14862e-03
-4.77856e-03
-4.39876e-03
-3.92746e-03
-3.29096e-03
-2.53496e-03
-1.41920e-03
-1.84906e-04
9.27109e-04
1.97870e-03
2.94900e-03
3.76140e-03
4.61188e-03
5.54712e-03
6.42507e-03
7.14706e-03
7.75692e-03
8.23937e-03
8.48346e-03
8.55892e-03
8.35589e-03
8.02001e-03
7.70732e-03
7.41037e-03
7.20077e-03
7.12166e-03
7.17011e-03
7.29574e-03
7.49641e-03
7.85413e-03
8.51781e-03
9.29367e-03
1.00630e-02
1.07379e-02
1.12716e-02
1.18041e-02
1.22241e-02
1.25877e-02
1.27048e-02
1.25780e-02
1.21712e-02
1.15195e-02
1.07229e-02
9.94722e-03
9.13955e-03
8.29132e-03
7.62754e-03
6.99218e-03
6.44772e-03
6.03885e-03
5.87176e-03
5.93452e-03
6.04996e-03
6.31624e-03
6.66482e-03
7.18912e-03
7.69604e-03
8.05199e-03
8.16265e-03
7.93335e-03
7.80182e-03
8.03313e-03
8.64370e-03
9.39343e-03
1.00757e-02
1.04798e-02
1.05632e-02
1.05446e-02
1.05169e-02
1.05808e-02
1.05665e-02
1.02908e-02
9.58876e-03
8.49769e-03
7.26478e-03
5.81916e-03
4.24228e-03
2.60131e-03
9.74425e-04
-4.91956e-04
-1.82160e-03
-2.86758e-03
-3.62385e-03
-3.96546e-03
-3.94913e-03
-3.90206e-03
-3.91896e-03
-4.04048e-03
-4.06094e-03
-3.79594e-03
-3.34854e-03
-2.67903e-03
-2.14382e-03
-1.69209e-03
-1.27839e-03
-1.06269e-03
-1.00054e-03
-9.68086e-04
-1.07278e-03
-1.37471e-03
-1.68680e-03
-2.12807e-03
-2.57366e-03
-3.12914e-03
-3.76776e-03
-4.61245e-03
-5.59019e-03
-6.70370e-03
-7.85473e-03
-9.00931e-03
-1.00450e-02
-1.09872e-02
-1.19498e-02
-1.28435e-02
-1.38036e-02
-1.45818e-02
-1.51741e-02
-1.56147e-02
-1.58584e-02
-1.58663e-02
-1.56375e-02
-1.51924e-02
-1.45928e-02
-1.37093e-02
-1.25503e-02
-1.12210e-02
-9.94285e-03
-8.66464e-03
-7.41733e-03
-6.30114e-03
-5.22868e-03
-4.28081e-03
-3.62819e-03
-3.20457e-03
-2.82924e-03
-2.40689e-03
-1.88797e-03
-1.48626e-03
-1.32020e-03
-1.68746e-03
-2.12450e-03
-2.57215e-03
-3.08230e-03
-3.53057e-03
-3.98118e-03
-4.40877e-03
-4.81275e-03
-5.13560e-03
-5.30921e-03
-5.41380e-03
-5.44497e-03
-5.16368e-03
-4.71090e-03
-4.13782e-03
-3.35419e-03
-2.38317e-03
-1.41704e-03
-4.81082e-04
3.61525e-04
9.95129e-04
1.40491e-03
1.84690e-03
2.53021e-03
3.37663e-03
4.01948e-03
4.28816e-03
3.93488e-03
2.97791e-03
1.72027e-03
2.27753e-04
-1.47364e-03
-3.27831e-03
-5.14038e-03
-7.01822e-03
-8.81560e-03
-1.04506e-02
-1.19410e-02
-1.32721e-02
-1.44425e-02
-1.53747e-02
-1.60835e-02
-1.65689e-02
-1.67348e-02
-1.65030e-02
-1.60473e-02
-1.54539e-02
-1.50109e-02
-1.49348e-02
-1.51569e-02
-1.53631e-02
-1.54036e-02
-1.52267e-02
-1.48404e-02
-1.44019e-02
-1.38325e-02
-1.32317e-02
-1.26199e-02
-1.20921e-02
-1.16357e-02
-1.12343e-02
-1.10396e-02
-1.09537e-02
-1.08587e-02
-1.08300e-02
-1.08487e-02
-1.09130e-02
-1.10409e-02
-1.12557e-02
-1.15032e-02
-1.17402e-02
-1.19672e-02
-1.23573e-02
-1.28993e-02
-1.35765e-02
-1.42504e-02
-1.48111e-02
-1.52228e-02
-1.55344e-02
-1.58658e-02
-1.62666e-02
-1.67420e-02
-1.71293e-02
-1.74615e-02
-1.78290e-02
-1.83527e-02
-2.03392e-02
-2.07501e-02
-2.10313e-02
-2.12353e-02
-2.14049e-02
-2.15420e-02
-2.16383e-02
-2.16990e-02
-2.15915e-02
-2.13085e-02
-2.08405e-02
-2.02612e-02
-1.94846e-02
-1.85951e-02
-1.75589e-02
-1.64228e-02
-1.53560e-02
-1.44057e-02
-1.34068e-02
-1.23667e-02
-1.12937e-02
-1.02738e-02
-9.34944e-03
-8.57415e-03
-7.76157e-03
-6.85433e-03
-5.82986e-03
-4.85204e-03
-3.81479e-03
-2.60631e-03
-1.37412e-03
-1.08743e-04
1.04029e-03
2.01443e-03
2.94270e-03
4.10125e-03
5.49155e-03
7.35996e-03
9.31197e-03
1.11068e-02
1.26344e-02
1.37163e-02
1.44878e-02
1.49816e-02
1.53274e-02
1.55245e-02
1.56650e-02
1.58022e-02
1.58733e-02
1.58465e-02
1.56667e-02
1.53492e-02
1.49146e-02
1.44961e-02
1.40725e-02
1.35393e-02
1.28518e-02
1.22809e-02
1.19290e-02
1.17143e-02
1.15073e-02
1.11741e-02
1.07644e-02
1.03947e-02
1.01658e-02
1.02825e-02
1.08588e-02
1.17845e-02
1.30203e-02
1.43424e-02
1.57272e-02
1.71494e-02
1.84212e-02
1.95885e-02
2.06245e-02
2.16536e-02
2.26101e-02
2.34311e-02
2.40600e-02
2.45676e-02
2.49282e-02
2.51060e-02
2.51940e-02
2.53123e-02
2.52973e-02
2.50038e-02
2.44556e-02
2.36896e-02
2.28617e-02
2.19009e-02
2.09226e-02
2.00285e-02
1.91045e-02
1.80861e-02
1.68653e-02
1.56842e-02
1.43745e-02
1.30018e-02
1.17519e-02
1.05668e-02
9.43363e-03
8.46437e-03
7.53581e-03
6.65056e-03
5.96297e-03
5.35032e-03
4.79484e-03
4.28296e-03
3.89766e-03
3.62439e-03
3.38853e-03
3.33744e-03
3.39499e-03
3.53838e-03
3.76105e-03
4.01375e-03
4.30811e-03
4.61619e-03
4.88437e-03
5.03003e-03
5.01619e-03
4.92908e-03
4.74851e-03
4.54788e-03
4.28871e-03
3.86802e-03
3.25896e-03
2.50598e-03
1.71224e-03
8.15364e-04
-1.11880e-04
-1.11080e-03
-2.26102e-03
-3.58797e-03
-5.08754e-03
-6.45394e-03
-7.50984e-03
-8.34391e-03
-9.01612e-03
-9.66494e-03
-1.02766e-02
-1.07493e-02
-1.11736e-02
-1.16154e-02
-1.19970e-02
-1.23581e-02
-1.27695e-02
-1.31333e-02
-1.34137e-02
-1.36882e-02
-1.39377e-02
-1.41055e-02
-1.42354e-02
-1.44217e-02
-1.46405e-02
-1.47760e-02
-1.48137e-02
-1.47539e-02
-1.45116e-02
-1.42167e-02
-1.39495e-02
-1.38611e-02
-1.40230e-02
-1.44347e-02
-1.47909e-02
-1.49825e-02
-1.50642e-02
-1.49507e-02
-1.47547e-02
-1.45163e-02
-1.42511e-02
-1.39010e-02
-1.33925e-02
-1.27696e-02
-1.20940e-02
-1.14545e-02
-1.07497e-02
-9.93092e-03
-8.93310e-03
-7.77132e-03
-6.54100e-03
-5.41164e-03
-4.25067e-03
-3.10654e-03
-2.02816e-03
-9.92713e-04
3.81642e-06
9.59645e-04
1.84291e-03
2.63620e-03
3.27103e-03
3.78703e-03
4.27026e-03
4.78664e-03
5.27991e-03
5.70478e-03
6.12465e-03
6.54112e-03
6.99927e-03
7.45705e-03
7.94612e-03
8.41416e-03
8.83506e-03
9.19290e-03
9.49652e-03
9.76139e-03
1.00106e-02
1.02690e-02
1.04725e-02
1.06282e-02
1.06769e-02
1.06605e-02
1.06450e-02
1.05806e-02
1.04503e-02
1.02764e-02
1.01359e-02
1.00165e-02
9.83406e-03
9.69247e-03
9.55152e-03
9.47197e-03
9.42243e-03
9.31543e-03
9.21497e-03
9.11659e-03
9.01628e-03
8.96649e-03
8.97963e-03
9.01404e-03
9.02020e-03
8.92384e-03
8.75725e-03
8.54016e-03
8.35085e-03
8.16696e-03
8.00341e-03
7.88240e-03
7.75278e-03
7.62267e-03
7.47646e-03
7.28868e-03
7.08044e-03
6.87079e-03
6.66508e-03
6.45874e-03
6.26558e-03
6.05494e-03
5.82026e-03
5.57674e-03
5.29249e-03
5.01222e-03
4.72460e-03
4.44049e-03
4.14573e-03
3.84537e-03
3.56325e-03
3.32825e-03
3.11595e-03
2.93180e-03
2.81010e-03
2.69624e-03
2.51841e-03
2.32253e-03
2.12480e-03
1.93057e-03
1.82549e-03
1.79333e-03
1.83631e-03
1.95229e-03
2.09830e-03
2.24545e-03
2.37189e-03
2.46984e-03
2.53722e-03
2.61043e-03
2.71036e-03
2.77724e-03
2.83709e-03
2.87923e-03
2.87044e-03
2.82563e-03
2.76718e-03
2.71122e-03
2.64522e-03
2.55575e-03
2.43074e-03
2.28433e-03
2.14194e-03
1.98004e-03
1.80466e-03
1.64558e-03
1.50496e-03
1.39089e-03
1.26964e-03
1.12762e-03
9.79924e-04
8.25828e-04
6.63646e-04
4.94398e-04
3.13905e-04
1.26310e-04
-7.20323e-05
-2.62211e-04
-4.36097e-04
-6.03789e-04
-7.70960e-04
-9.57964e-04
-1.13216e-03
-1.30168e-03
-1.46056e-03
-1.58964e-03
-1.69952e-03
-1.80196e-03
-1.89539e-03
-1.98426e-03
-2.07494e-03
-2.16297e-03
-2.25331e-03
-2.34906e-03
-2.44130e-03
-2.51809e-03
-2.57832e-03
-2.62574e-03
-2.66200e-03
-2.69227e-03
-2.72395e-03
-2.74603e-03
-2.75257e-03
-2.75176e-03
-2.74020e-03
-2.72483e-03
-2.71265e-03
-2.70741e-03
-2.70743e-03
-2.71347e-03
-2.71129e-03
-2.69093e-03
-2.66275e-03
-2.63576e-03
-2.61323e-03
-2.59850e-03
-2.58991e-03
-2.58601e-03
-2.58424e-03
-2.58525e-03
-2.58707e-03
-2.58521e-03
-2.58194e-03
-2.57539e-03
-2.56408e-03
-2.55173e-03
-2.53713e-03
-2.52152e-03
-2.50170e-03
-2.47770e-03
-2.45026e-03
-2.41834e-03
-2.38265e-03
-2.34544e-03
-2.30877e-03
-2.27385e-03
-2.24283e-03
-2.21231e-03
-2.18208e-03
-2.14966e-03
-2.11562e-03
-2.07795e-03
-2.03893e-03
-1.99974e-03
-1.96083e-03
-1.92178e-03
-1.88249e-03
-1.84327e-03
-1.80480e-03
-1.76771e-03
-1.73151e-03
-1.69556e-03
-1.66016e-03
-1.62528e-03
-1.59070e-03
-1.55666e-03
-1.52346e-03
-1.49103e-03
-1.45927e-03
-1.42811e-03
-1.39786e-03
-1.36868e-03
-1.34016e-03
-1.31216e-03
-1.28465e-03
-1.25765e-03
-1.23098e-03
-1.20471e-03
-1.17886e-03
-1.15330e-03
-1.12814e-03
-1.10338e-03
-1.07915e-03
-1.05549e-03
-1.03244e-03
-1.00977e-03
-9.87369e-04
-9.65251e-04
-9.43312e-04
-9.21506e-04
-8.99790e-04
-8.78205e-04
-8.56694e-04
-8.35206e-04
-8.13712e-04
-7.92213e-04
-7.70695e-04
-7.49141e-04
-7.27539e-04
-7.05882e-04
-6.84172e-04
-6.62410e-04
-6.40602e-04
-6.18754e-04
-5.96869e-04
-5.74949e-04
-5.52997e-04
-5.31016e-04
-5.09009e-04
-4.86979e-04
-4.64929e-04
-4.42863e-04
-4.20783e-04
-3.98692e-04
-3.76592e-04
-3.54485e-04
