8.43393e-06
1.28441e-05
9.12234e-06
1.24046e-05
5.47844e-06
7.20998e-06
3.74963e-06
1.24417e-05
1.25345e-05
1.78320e-05
9.90997e-06
2.91072e-06
-8.21260e-06
-6.80890e-06
-1.24583e-05
-1.08047e-05
-1.91261e-05
-2.02811e-05
-2.42453e-05
-9.62299e-06
8.47771e-07
-1.34866e-05
-3.53782e-05
-3.71596e-05
-4.70342e-05
-4.93157e-05
-5.52985e-05
-3.42545e-05
-4.39511e-06
-2.95006e-06
-2.37703e-06
-3.64889e-05
-7.87436e-05
-8.42599e-05
-1.02797e-04
-9.13097e-05
-6.34819e-05
-5.84957e-06
-5.33547e-05
-9.52185e-05
-1.59585e-04
-2.81945e-04
-3.78867e-04
-4.14108e-04
-3.69646e-04
-1.57971e-04
4.71246e-05
6.81603e-05
-8.91837e-05
-1.78141e-04
-2.01063e-04
-1.95113e-04
-1.99891e-04
-2.04184e-04
-2.19884e-04
-2.24604e-04
-2.36001e-04
-2.33453e-04
-2.42316e-04
-2.53136e-04
-2.91323e-04
-2.94117e-04
-1.95511e-04
5.57840e-05
1.80677e-04
2.05240e-04
2.24160e-04
2.40387e-04
1.50537e-04
-1.44396e-04
-4.72309e-04
-8.10694e-04
-8.76228e-04
-5.88211e-04
-3.34516e-04
3.77247e-05
4.23276e-04
8.67492e-04
8.85772e-04
2.70980e-04
-3.71430e-04
-2.50538e-04
7.82196e-04
1.70179e-03
1.79978e-03
1.19662e-03
5.33082e-04
3.61866e-04
3.81125e-04
1.67984e-04
-3.74462e-04
-5.00557e-04
1.74605e-04
1.24879e-03
2.12525e-03
2.12860e-03
1.32548e-03
7.34829e-04
1.28313e-03
2.34599e-03
2.94289e-03
2.72648e-03
2.79334e-03
3.50815e-03
3.66508e-03
2.61438e-03
8.12037e-04
-2.50637e-04
5.52982e-05
7.22953e-04
1.19906e-03
8.64624e-04
3.52312e-04
2.35985e-04
8.13642e-04
2.55661e-03
4.01608e-03
4.46361e-03
4.16191e-03
3.55387e-03
3.36926e-03
3.19177e-03
1.90870e-03
-2.14070e-04
-1.94650e-03
-2.52678e-03
-2.07090e-03
-1.93784e-04
2.08878e-03
4.37059e-03
5.34239e-03
4.61073e-03
2.26670e-03
1.92460e-04
2.25177e-04
6.64918e-04
3.49713e-04
-7.60456e-04
-1.63702e-03
-1.54321e-03
-2.34273e-03
-4.00865e-03
-5.54232e-03
-5.90061e-03
-4.78879e-03
-2.87716e-03
-8.15285e-04
2.60449e-04
-1.13893e-03
-4.06824e-03
-5.70365e-03
-4.47731e-03
-1.72698e-03
-1.11869e-04
-3.85049e-04
-8.31947e-04
-1.30437e-03
-2.67757e-03
-4.47988e-03
-5.92458e-03
-6.38616e-03
-6.62454e-03
-7.28051e-03
-7.65886e-03
-5.51308e-03
-1.69998e-03
1.91416e-03
4.05824e-03
4.27870e-03
3.48439e-03
2.46029e-03
5.01545e-04
-2.11936e-03
-3.05994e-03
-2.59665e-03
-1.84913e-03
-2.76413e-03
-4.58770e-03
-5.54646e-03
-4.80574e-03
-1.59008e-03
2.23228e-03
3.95428e-03
2.82576e-03
9.73424e-04
9.64761e-04
2.86610e-03
4.36785e-03
2.45692e-03
-2.29162e-03
-5.89722e-03
-5.65920e-03
-3.49980e-03
-1.46354e-03
-8.72044e-04
-1.66609e-03
-3.15573e-03
-3.00966e-03
1.52651e-04
4.58242e-03
7.52591e-03
6.69039e-03
3.76264e-03
2.31455e-03
2.91973e-03
5.70693e-03
8.78445e-03
1.07440e-02
9.90398e-03
5.59807e-03
1.32194e-03
-2.61076e-04
5.60048e-04
5.70146e-04
-2.47438e-03
-6.82896e-03
-9.99670e-03
-9.40576e-03
-6.16805e-03
-2.04943e-03
2.49489e-03
7.36772e-03
1.06829e-02
1.17197e-02
9.53409e-03
5.61012e-03
1.06330e-03
-3.96560e-03
-8.09475e-03
-1.09324e-02
-1.29121e-02
-1.31175e-02
-1.07731e-02
-6.44237e-03
-3.23878e-03
-2.12607e-03
-2.84248e-03
-3.00202e-03
-1.44918e-03
3.05481e-04
6.48127e-04
-7.15225e-04
-2.76313e-03
-4.89506e-03
-6.77570e-03
-7.67102e-03
-6.93120e-03
-3.38545e-03
1.71011e-03
5.33645e-03
6.52657e-03
7.31050e-03
8.63616e-03
8.06952e-03
3.65014e-03
-2.21201e-03
-6.30190e-03
-7.04658e-03
-5.46696e-03
-3.62064e-03
-2.70740e-03
-2.35243e-03
-2.57727e-03
-1.44053e-03
7.23584e-04
1.93663e-03
1.01936e-03
-7.39865e-04
-1.35100e-03
-9.04244e-04
2.23360e-04
5.97113e-04
7.40877e-04
2.16746e-03
5.64658e-03
1.07079e-02
1.57315e-02
1.64427e-02
1.10716e-02
2.36823e-03
-4.33300e-03
-6.06938e-03
-3.77937e-03
-1.86355e-03
-2.85684e-03
-4.78274e-03
-5.29526e-03
-3.42244e-03
-7.93396e-05
2.83184e-03
4.22227e-03
3.83944e-03
3.22587e-03
6.09410e-03
1.18561e-02
1.73149e-02
1.88640e-02
1.62568e-02
1.11462e-02
7.71059e-03
8.68424e-03
1.17341e-02
1.25858e-02
9.72689e-03
3.80178e-03
-4.17078e-03
-1.28449e-02
-1.99724e-02
-2.55856e-02
-2.91157e-02
-2.99718e-02
-2.61527e-02
-1.84716e-02
-8.68536e-03
1.10823e-03
7.91319e-03
9.90390e-03
6.73285e-03
9.77603e-04
-3.41494e-03
-6.76415e-03
-8.50690e-03
-8.23194e-03
-7.84180e-03
-1.03607e-02
-1.48401e-02
-1.82454e-02
-1.73326e-02
-1.18246e-02
-4.65771e-03
4.82700e-04
1.85471e-03
-5.46652e-04
-4.17426e-03
-6.93538e-03
-9.24502e-03
-1.07416e-02
-1.02973e-02
-7.93473e-03
-6.20237e-03
-5.22335e-03
-2.11951e-03
4.10276e-03
1.16449e-02
1.58466e-02
1.29074e-02
4.05081e-03
-5.43711e-03
-1.01680e-02
-8.48827e-03
-2.26911e-03
7.19197e-03
1.75134e-02
2.48973e-02
2.57747e-02
2.07613e-02
1.46031e-02
1.13465e-02
9.06703e-03
3.66014e-03
-5.56416e-03
-1.55481e-02
-2.16362e-02
-2.12543e-02
-1.59038e-02
-8.79237e-03
-2.19126e-03
3.72153e-03
9.27231e-03
1.38797e-02
1.76147e-02
1.99024e-02
2.07675e-02
2.05025e-02
1.85127e-02
1.49224e-02
1.16745e-02
1.04879e-02
1.05968e-02
1.07923e-02
1.04752e-02
8.98631e-03
7.05980e-03
5.07440e-03
2.93093e-03
1.00594e-04
-3.31506e-03
-8.11518e-03
-1.24629e-02
-1.43695e-02
-1.33553e-02
-1.05033e-02
-7.09262e-03
-2.18721e-03
2.63102e-03
5.16326e-03
3.44691e-03
-2.72227e-04
-3.22508e-03
-4.88714e-03
-4.03959e-03
-9.36342e-04
4.05065e-03
7.59455e-03
6.72358e-03
2.37844e-03
-2.82736e-03
-8.25722e-03
-1.25759e-02
-1.43533e-02
-1.31903e-02
-1.02879e-02
-7.36831e-03
-3.80453e-03
1.55385e-04
3.70392e-03
6.11468e-03
8.08996e-03
1.05708e-02
1.35650e-02
1.49577e-02
1.33119e-02
7.27109e-03
-3.23579e-03
-1.46763e-02
-2.36221e-02
-2.92077e-02
-3.13522e-02
-3.11431e-02
-2.72748e-02
-1.84572e-02
-7.16107e-03
2.75294e-03
8.92426e-03
1.22588e-02
1.57671e-02
2.00480e-02
2.34762e-02
2.40386e-02
2.23025e-02
2.11422e-02
2.24615e-02
2.42161e-02
2.24603e-02
1.58297e-02
6.69204e-03
-1.48163e-03
-7.33307e-03
-1.05964e-02
-9.11231e-03
-2.34976e-03
5.93343e-03
1.12887e-02
1.03270e-02
5.29141e-03
1.67473e-03
2.71399e-03
6.07401e-03
6.92197e-03
2.82220e-03
-5.11374e-03
-1.22923e-02
-1.62261e-02
-1.68074e-02
-1.54431e-02
-1.45417e-02
-1.41639e-02
-1.43850e-02
-1.23202e-02
-7.54983e-03
-6.01182e-04
5.78114e-03
8.52275e-03
6.51068e-03
2.96084e-04
-6.36944e-03
-1.07544e-02
-1.12066e-02
-7.37634e-03
-1.56956e-03
1.88617e-03
-7.98772e-04
-8.19901e-03
-1.55992e-02
-1.84050e-02
-1.58827e-02
-1.04749e-02
-4.04212e-03
3.14235e-03
1.00141e-02
1.54088e-02
1.73007e-02
1.55078e-02
1.31317e-02
1.08497e-02
7.52484e-03
2.98290e-03
-2.31321e-03
-6.01655e-03
-6.95764e-03
-7.12184e-03
-8.66528e-03
-1.15464e-02
-1.41303e-02
-1.29399e-02
-8.16332e-03
-3.08216e-03
6.94950e-04
5.11546e-03
1.04833e-02
1.58717e-02
1.78244e-02
1.33905e-02
5.33574e-03
-1.63024e-03
-2.90052e-03
4.21504e-04
3.75705e-03
3.20600e-03
-7.52683e-04
-5.78097e-03
-9.28811e-03
-1.09343e-02
-1.05807e-02
-8.92706e-03
-9.06723e-03
-1.31340e-02
-1.97625e-02
-2.39078e-02
-2.28074e-02
-1.83615e-02
-1.42665e-02
-1.10651e-02
-6.30059e-03
5.72386e-04
9.12797e-03
1.92795e-02
2.87350e-02
3.32083e-02
3.07916e-02
2.37368e-02
1.58635e-02
9.75814e-03
6.38274e-03
5.43435e-03
7.93113e-03
1.30427e-02
1.95229e-02
2.72360e-02
3.45466e-02
3.93008e-02
4.14713e-02
4.23119e-02
4.32620e-02
4.41429e-02
4.47025e-02
4.38387e-02
3.91585e-02
3.16210e-02
2.36921e-02
1.76681e-02
1.47834e-02
1.44936e-02
1.60310e-02
1.86800e-02
2.15277e-02
2.22619e-02
1.98809e-02
1.48648e-02
6.40565e-03
-3.44377e-03
-1.20270e-02
-1.75823e-02
-1.88405e-02
-1.73827e-02
-1.52927e-02
-1.33643e-02
-1.18254e-02
-1.06164e-02
-9.32171e-03
-9.33844e-03
-1.13149e-02
-1.28297e-02
-1.00669e-02
-1.21755e-03
1.23689e-02
2.76027e-02
3.98825e-02
4.66835e-02
4.81484e-02
4.62052e-02
4.15424e-02
3.48321e-02
2.59621e-02
1.67071e-02
8.56258e-03
1.71734e-04
-1.07403e-02
-2.41979e-02
-3.85547e-02
-5.15767e-02
-6.06215e-02
-6.57032e-02
-6.80325e-02
-6.70810e-02
-6.22659e-02
-5.36926e-02
-4.59876e-02
-4.37423e-02
-4.71477e-02
-5.18203e-02
-5.55258e-02
-5.82864e-02
-6.14228e-02
-6.54388e-02
-7.05480e-02
-7.71562e-02
-8.60345e-02
-9.62347e-02
-1.05728e-01
-1.12401e-01
-1.15310e-01
-1.15185e-01
-1.12380e-01
-1.08300e-01
-1.03108e-01
-9.66393e-02
-8.81480e-02
-7.81167e-02
-6.64930e-02
-5.31615e-02
-3.90379e-02
-2.45457e-02
-1.00866e-02
6.75348e-03
2.81800e-02
5.46366e-02
8.37198e-02
1.11765e-01
1.36156e-01
1.55018e-01
1.66956e-01
1.70806e-01
1.65263e-01
1.52941e-01
1.37959e-01
1.21983e-01
1.04235e-01
8.38828e-02
6.26675e-02
4.23807e-02
2.41629e-02
1.19673e-02
8.43206e-03
3.54215e-03
-1.29667e-02
-3.70409e-02
-6.17960e-02
-8.46788e-02
-1.05037e-01
-1.21717e-01
-1.35453e-01
-1.47311e-01
-1.54677e-01
-1.55141e-01
-1.51241e-01
-1.46373e-01
-1.42252e-01
-1.36723e-01
-1.24846e-01
-1.03578e-01
-7.22781e-02
-3.58054e-02
-1.29165e-04
3.17621e-02
6.02903e-02
8.78237e-02
1.15520e-01
1.42851e-01
1.68834e-01
1.93367e-01
2.16927e-01
2.38169e-01
2.55020e-01
2.66557e-01
2.68921e-01
2.59170e-01
2.37550e-01
2.06768e-01
1.72492e-01
1.40819e-01
1.15078e-01
9.35338e-02
7.31092e-02
5.45423e-02
4.87953e-02
5.27808e-02
5.38948e-02
5.01465e-02
4.43920e-02
3.65629e-02
2.67800e-02
1.20564e-02
-1.01947e-02
-3.86890e-02
-6.63252e-02
-8.89046e-02
-1.07963e-01
-1.25844e-01
-1.38420e-01
-1.41933e-01
-1.38576e-01
-1.33585e-01
-1.29678e-01
-1.26774e-01
-1.23090e-01
-1.13557e-01
-9.48565e-02
-6.93326e-02
-4.48645e-02
-2.75006e-02
-1.99415e-02
-2.22334e-02
-3.28726e-02
-4.94525e-02
-6.91861e-02
-8.93801e-02
-1.09811e-01
-1.26315e-01
-1.34258e-01
-1.32140e-01
-1.20063e-01
-9.97557e-02
-7.35309e-02
-4.42056e-02
-1.42251e-02
1.33077e-02
3.43201e-02
4.63721e-02
4.95699e-02
4.48748e-02
3.50600e-02
2.43915e-02
1.79379e-02
1.67249e-02
1.70379e-02
1.48283e-02
7.89924e-03
-1.67073e-03
-9.62071e-03
-1.29194e-02
-1.13463e-02
-6.15538e-03
1.05662e-03
9.09119e-03
1.85579e-02
2.98007e-02
4.29159e-02
5.77065e-02
7.41088e-02
8.89517e-02
9.94613e-02
1.03335e-01
9.94912e-02
8.79356e-02
7.22132e-02
5.67231e-02
4.54109e-02
4.05235e-02
4.24866e-02
4.97520e-02
5.71874e-02
6.02019e-02
6.20465e-02
6.91721e-02
8.07970e-02
8.98084e-02
9.13950e-02
8.53664e-02
7.37862e-02
5.84547e-02
4.12478e-02
2.52425e-02
1.29021e-02
5.66790e-03
3.11988e-03
4.47942e-03
8.19991e-03
1.21360e-02
1.38298e-02
1.16392e-02
6.16754e-03
-2.15662e-03
-1.31229e-02
-2.36242e-02
-3.06268e-02
-3.24817e-02
-3.26743e-02
-3.55277e-02
-4.28310e-02
-5.46725e-02
-6.91424e-02
-8.22368e-02
-9.17516e-02
-9.67872e-02
-9.90085e-02
-1.01259e-01
-1.05107e-01
-1.10299e-01
-1.14872e-01
-1.18390e-01
-1.20967e-01
-1.23472e-01
-1.25176e-01
-1.22530e-01
-1.12181e-01
-9.22224e-02
-6.26102e-02
-2.55569e-02
1.58572e-02
5.67495e-02
9.40718e-02
1.24805e-01
1.46972e-01
1.60230e-01
1.62603e-01
1.52441e-01
1.29561e-01
9.73782e-02
6.09089e-02
2.49899e-02
-7.15992e-03
-3.36738e-02
-5.32989e-02
-6.56328e-02
-6.98675e-02
-6.70976e-02
-5.91444e-02
-4.82484e-02
-3.89740e-02
-3.48655e-02
-3.56293e-02
-4.05995e-02
-5.01867e-02
-6.10774e-02
-7.03175e-02
-7.51923e-02
-7.56348e-02
-7.44264e-02
-7.43460e-02
-7.57909e-02
-7.61572e-02
-7.32223e-02
-6.59839e-02
-5.44666e-02
-3.95882e-02
-2.38921e-02
-9.53850e-03
2.25004e-03
1.09077e-02
1.72939e-02
2.29399e-02
2.88620e-02
3.64292e-02
4.63310e-02
5.80526e-02
6.90997e-02
7.64209e-02
7.96252e-02
7.92883e-02
7.47490e-02
6.70099e-02
5.73164e-02
4.71429e-02
3.76462e-02
2.63624e-02
1.20598e-02
-3.84077e-03
-2.07605e-02
-3.73210e-02
-4.97732e-02
-5.61273e-02
-5.78623e-02
-5.49027e-02
-4.79793e-02
-3.76986e-02
-2.36421e-02
-3.55963e-03
2.19626e-02
4.93103e-02
7.19114e-02
8.35775e-02
8.20949e-02
7.00917e-02
5.26519e-02
3.49751e-02
2.15214e-02
1.48962e-02
1.33162e-02
1.56288e-02
2.00168e-02
2.54855e-02
3.07671e-02
3.42117e-02
3.58986e-02
3.47042e-02
2.96985e-02
2.11256e-02
9.61630e-03
-1.35016e-03
-1.10583e-02
-1.97387e-02
-2.73029e-02
-3.21798e-02
-3.27686e-02
-2.83027e-02
-1.97140e-02
-9.15069e-03
-1.66858e-03
-1.41535e-03
-1.05519e-02
-2.74770e-02
-4.90345e-02
-7.18854e-02
-9.14986e-02
-1.05755e-01
-1.15638e-01
-1.20700e-01
-1.19643e-01
-1.11783e-01
-9.71222e-02
-7.60449e-02
-4.93727e-02
-2.05196e-02
6.70215e-03
3.03069e-02
5.16650e-02
7.04052e-02
8.50406e-02
9.33869e-02
9.39210e-02
8.84167e-02
7.89114e-02
6.79086e-02
5.90412e-02
5.43721e-02
5.54251e-02
6.26753e-02
7.48848e-02
8.89380e-02
1.02645e-01
1.14509e-01
1.23554e-01
1.29812e-01
1.32205e-01
1.29608e-01
1.22327e-01
1.11135e-01
9.69073e-02
8.04145e-02
6.02557e-02
3.65959e-02
1.03541e-02
-1.65950e-02
-4.27986e-02
-6.53117e-02
-8.17388e-02
-9.07303e-02
-8.33902e-02
-6.28884e-02
-4.69761e-02
-3.91845e-02
-3.11419e-02
-1.93372e-02
-8.86414e-03
-6.07734e-03
-1.22391e-02
-2.22621e-02
-2.93860e-02
-3.28557e-02
-3.48835e-02
-3.56675e-02
-3.34817e-02
-2.95472e-02
-2.54959e-02
-2.28357e-02
-2.29206e-02
-2.64558e-02
-3.19660e-02
-3.61027e-02
-3.64561e-02
-3.32336e-02
-2.94395e-02
-2.84638e-02
-3.19498e-02
-4.03800e-02
-5.26796e-02
-6.74522e-02
-8.14599e-02
-9.16895e-02
-9.71528e-02
-9.81965e-02
-9.45241e-02
-8.42745e-02
-6.74526e-02
-4.54611e-02
-2.10654e-02
4.00464e-03
2.72641e-02
4.67314e-02
6.29257e-02
7.53110e-02
8.23553e-02
8.33793e-02
7.86108e-02
6.94161e-02
5.70866e-02
4.26002e-02
2.53568e-02
6.66692e-03
-1.02554e-02
-2.40950e-02
-3.45202e-02
-4.27543e-02
-5.09912e-02
-6.03318e-02
-7.01182e-02
-7.89409e-02
-8.60660e-02
-8.97809e-02
-9.01652e-02
-8.64918e-02
-7.78635e-02
-6.51030e-02
-4.94772e-02
-3.11333e-02
-1.04022e-02
1.32803e-02
3.77152e-02
6.11951e-02
8.21074e-02
9.91900e-02
1.11333e-01
1.19510e-01
1.23864e-01
1.23395e-01
1.18371e-01
1.08620e-01
9.44655e-02
7.81870e-02
6.16827e-02
4.66152e-02
3.26861e-02
1.95789e-02
8.44253e-03
-1.35321e-03
-9.46129e-03
-1.56562e-02
-2.02567e-02
-2.39749e-02
-2.66698e-02
-2.83101e-02
-2.84490e-02
-2.74988e-02
-2.67350e-02
-2.55258e-02
-2.32314e-02
-1.92559e-02
-1.43671e-02
-1.12606e-02
-1.07745e-02
-1.30570e-02
-1.77778e-02
-2.24141e-02
-2.49132e-02
-2.33813e-02
-1.62467e-02
-4.08538e-03
1.04957e-02
2.53993e-02
3.78584e-02
4.64328e-02
5.14954e-02
5.34316e-02
5.20109e-02
4.74634e-02
4.12666e-02
3.34608e-02
2.45461e-02
1.59152e-02
8.05598e-03
1.70721e-03
-2.14232e-03
-3.31250e-03
-3.01300e-03
-2.64624e-03
-3.51114e-03
-7.63722e-03
-1.39869e-02
-2.17687e-02
-2.92471e-02
-3.40084e-02
-3.51102e-02
-3.26380e-02
-2.64146e-02
-1.85100e-02
-1.03439e-02
-2.61271e-03
3.54996e-03
7.65206e-03
1.01516e-02
1.21843e-02
1.43482e-02
1.60981e-02
1.64293e-02
1.50283e-02
1.27195e-02
9.73777e-03
6.67926e-03
2.48352e-03
-2.70051e-03
-9.69018e-03
-1.74221e-02
-2.38333e-02
-2.81600e-02
-3.01483e-02
-3.04886e-02
-3.07741e-02
-3.23552e-02
-3.46923e-02
-3.62476e-02
-3.49639e-02
-3.04130e-02
-2.36903e-02
-1.48926e-02
-5.98941e-03
8.70645e-04
3.10265e-03
9.59475e-04
-4.47946e-03
-1.13700e-02
-1.66417e-02
-1.97795e-02
-1.98204e-02
-1.74234e-02
-1.18519e-02
-3.01481e-03
6.75789e-03
1.53492e-02
2.13649e-02
2.37780e-02
2.27031e-02
1.95820e-02
1.52263e-02
9.27240e-03
2.37369e-03
-2.69553e-03
-4.59975e-03
-2.50631e-03
2.70322e-03
1.06454e-02
1.87685e-02
2.55223e-02
3.12998e-02
3.51637e-02
3.64041e-02
3.50536e-02
3.06940e-02
2.24100e-02
1.21973e-02
2.21110e-03
-5.23031e-03
-8.57643e-03
-9.33534e-03
-9.09954e-03
-7.37813e-03
-3.73082e-03
1.35278e-03
6.25443e-03
1.00144e-02
1.08612e-02
7.50809e-03
-1.57524e-04
-1.08296e-02
-2.11854e-02
-2.91459e-02
-3.39997e-02
-3.63291e-02
-3.66736e-02
-3.49255e-02
-3.12610e-02
-2.63788e-02
-2.14581e-02
-1.59918e-02
-1.04043e-02
-5.67229e-03
-1.92197e-03
2.07426e-04
7.18691e-04
6.83798e-04
7.59784e-04
1.01641e-03
7.95133e-04
-1.02445e-03
-4.46796e-03
-8.11915e-03
-1.08691e-02
-1.27097e-02
-1.32034e-02
-1.15972e-02
-7.43930e-03
-8.27143e-04
5.83144e-03
1.11949e-02
1.43524e-02
1.60633e-02
1.66622e-02
1.62797e-02
1.50268e-02
1.40112e-02
1.44744e-02
1.81052e-02
2.49844e-02
3.25260e-02
3.90943e-02
4.49566e-02
5.08197e-02
5.67375e-02
6.24877e-02
6.73103e-02
7.09105e-02
7.19287e-02
6.98666e-02
6.46873e-02
5.77734e-02
5.08596e-02
4.36037e-02
3.60731e-02
2.81011e-02
1.84253e-02
6.67194e-03
-6.17270e-03
-1.76079e-02
-2.66538e-02
-3.19107e-02
-3.41054e-02
-3.47544e-02
-3.48031e-02
-3.43581e-02
-3.29054e-02
-3.14773e-02
-3.08964e-02
-3.03427e-02
-2.91568e-02
-2.87842e-02
-3.02962e-02
-3.38939e-02
-3.93336e-02
-4.58324e-02
-5.26570e-02
-5.79233e-02
-6.12303e-02
-6.23163e-02
-6.21620e-02
-6.19800e-02
-6.22960e-02
-6.39645e-02
-6.61370e-02
-6.75575e-02
-6.67466e-02
-6.44267e-02
-6.12585e-02
-5.82445e-02
-5.53557e-02
-5.30869e-02
-5.06169e-02
-4.61396e-02
-3.96133e-02
-3.04557e-02
-1.95779e-02
-8.66079e-03
2.34867e-03
1.25104e-02
2.13224e-02
2.87235e-02
3.34033e-02
3.55020e-02
3.63519e-02
3.77023e-02
3.97711e-02
4.19414e-02
4.36594e-02
4.41234e-02
4.39423e-02
4.40086e-02
4.55841e-02
4.92386e-02
5.48073e-02
6.11462e-02
6.66977e-02
6.92128e-02
6.81216e-02
6.46238e-02
6.01451e-02
5.54643e-02
5.19603e-02
4.89998e-02
4.67013e-02
4.44583e-02
4.08586e-02
3.57732e-02
2.94352e-02
2.15743e-02
1.26792e-02
4.43817e-03
-3.34952e-03
-1.17147e-02
-2.13030e-02
-3.06548e-02
-3.74564e-02
-4.16089e-02
-4.41800e-02
-4.63452e-02
-4.79032e-02
-4.71564e-02
-4.34287e-02
-3.60898e-02
-2.53446e-02
-1.28054e-02
1.67950e-04
1.08301e-02
1.74866e-02
1.99220e-02
1.86279e-02
1.53268e-02
1.14844e-02
7.31642e-03
2.06513e-03
-4.17024e-03
-1.12459e-02
-1.80396e-02
-2.40069e-02
-2.79161e-02
-2.84426e-02
-2.61227e-02
-2.26796e-02
-1.80855e-02
-1.36931e-02
-1.02381e-02
-7.25829e-03
-3.81081e-03
-9.70643e-05
2.51317e-03
4.13562e-03
4.75661e-03
5.91208e-03
8.40599e-03
1.33256e-02
1.97720e-02
2.65552e-02
3.17402e-02
3.54424e-02
3.78737e-02
3.94062e-02
4.04035e-02
4.16461e-02
4.24723e-02
4.20245e-02
3.91011e-02
3.35300e-02
2.57758e-02
1.63301e-02
6.66895e-03
-1.97892e-03
-9.14300e-03
-1.42837e-02
-1.83320e-02
-2.18460e-02
-2.43187e-02
-2.64416e-02
-2.85856e-02
-3.04129e-02
-3.07362e-02
-2.90198e-02
-2.56333e-02
-2.16673e-02
-1.76355e-02
-1.36493e-02
-9.99655e-03
-7.25826e-03
-5.49435e-03
-5.26573e-03
-6.66108e-03
-8.75619e-03
-1.09511e-02
-1.25366e-02
-1.27125e-02
-1.17986e-02
-1.09514e-02
-9.47552e-03
-7.15166e-03
-4.23923e-03
-1.68051e-03
7.97884e-04
3.78262e-03
6.21563e-03
8.23738e-03
1.02903e-02
1.24315e-02
1.41481e-02
1.43983e-02
1.31075e-02
1.11262e-02
8.68491e-03
5.69448e-03
3.09197e-03
9.22194e-04
-7.23127e-04
-1.14789e-03
-9.29088e-04
-1.08722e-03
-2.90989e-03
-6.50342e-03
-1.03639e-02
-1.27223e-02
-1.28985e-02
-1.13195e-02
-9.29448e-03
-7.78206e-03
-6.93207e-03
-5.57049e-03
-3.54409e-03
-1.39072e-03
3.51981e-04
8.12627e-04
3.78493e-04
-2.98685e-04
8.03634e-05
5.94925e-04
1.16778e-03
2.30781e-03
2.79039e-03
2.47154e-03
1.49500e-03
6.52226e-04
-6.87706e-04
-2.90822e-03
-6.17502e-03
-1.02153e-02
-1.46905e-02
-1.93705e-02
-2.26043e-02
-2.47667e-02
-2.59322e-02
-2.54836e-02
-2.46206e-02
-2.33144e-02
-2.15056e-02
-1.89785e-02
-1.46551e-02
-9.39179e-03
-2.79077e-03
3.71314e-03
9.30570e-03
1.38526e-02
1.78318e-02
2.15025e-02
2.42579e-02
2.60499e-02
2.62288e-02
2.47745e-02
2.27433e-02
2.08163e-02
1.91459e-02
1.70758e-02
1.31591e-02
6.54781e-03
-1.78637e-03
-1.13473e-02
-2.09305e-02
-2.91127e-02
-3.56888e-02
-4.11944e-02
-4.56612e-02
-4.96968e-02
-5.36629e-02
-5.72897e-02
-6.01271e-02
-6.21578e-02
-6.22804e-02
-5.89557e-02
-5.20168e-02
-4.24716e-02
-3.12029e-02
-1.88606e-02
-5.82222e-03
6.36598e-03
1.66096e-02
2.48261e-02
3.12455e-02
3.65962e-02
4.13647e-02
4.70568e-02
5.40471e-02
6.12058e-02
6.81666e-02
7.30128e-02
7.49737e-02
7.43254e-02
7.20524e-02
6.82726e-02
6.29261e-02
5.71499e-02
5.13147e-02
4.52124e-02
3.79535e-02
2.96375e-02
2.04627e-02
1.19045e-02
4.69601e-03
-7.52591e-04
-5.69885e-03
-1.02061e-02
-1.43779e-02
-1.82003e-02
-2.05233e-02
-2.08722e-02
-1.92040e-02
-1.59828e-02
-1.16836e-02
-6.15936e-03
-1.93391e-05
5.28446e-03
8.28597e-03
9.09174e-03
8.34911e-03
5.36271e-03
1.38670e-03
-2.29694e-03
-4.82219e-03
-6.63872e-03
-8.39550e-03
-1.08033e-02
-1.43986e-02
-1.81851e-02
-2.04957e-02
-2.08400e-02
-1.94704e-02
-1.71532e-02
-1.37799e-02
-9.87762e-03
-5.73093e-03
-1.71344e-03
1.48349e-03
3.06457e-03
4.30971e-03
4.89943e-03
4.49143e-03
2.90809e-03
1.23805e-03
9.17775e-04
1.97531e-03
3.42572e-03
5.46192e-03
6.71771e-03
8.15152e-03
1.06011e-02
1.37699e-02
1.61181e-02
1.65670e-02
1.52976e-02
1.25374e-02
8.07712e-03
3.15333e-03
-1.83225e-03
-6.23955e-03
-1.02409e-02
-1.46323e-02
-1.91768e-02
-2.27653e-02
-2.59628e-02
-2.86390e-02
-3.02149e-02
-3.04372e-02
-2.94479e-02
-2.86757e-02
-2.73138e-02
-2.51158e-02
-2.16339e-02
-1.75754e-02
-1.38146e-02
-1.12491e-02
-9.72762e-03
-8.98943e-03
-7.74152e-03
-5.45846e-03
-1.71563e-03
3.15565e-03
8.09147e-03
1.36369e-02
1.92813e-02
2.36401e-02
2.61852e-02
2.65769e-02
2.44680e-02
1.96999e-02
1.37551e-02
7.64410e-03
1.89882e-03
-2.66450e-03
-5.79574e-03
-7.30480e-03
-8.72562e-03
-1.03694e-02
-1.14992e-02
-1.23472e-02
-1.15402e-02
-9.41197e-03
-6.13708e-03
-1.78493e-03
3.74762e-03
9.56881e-03
1.39623e-02
1.59714e-02
1.52011e-02
1.27426e-02
9.13424e-03
5.56523e-03
3.35778e-03
2.28949e-03
1.40333e-03
1.11090e-03
7.79994e-04
-1.06247e-03
-4.35717e-03
-7.96226e-03
-1.10693e-02
-1.42558e-02
-1.64946e-02
-1.69704e-02
-1.55525e-02
-1.19820e-02
-5.89218e-03
2.63141e-03
1.14982e-02
1.91500e-02
2.36788e-02
2.40745e-02
2.13433e-02
1.73710e-02
1.30370e-02
8.01563e-03
3.17757e-03
-1.52510e-03
-5.15276e-03
-8.34297e-03
-1.04582e-02
-1.10266e-02
-1.10245e-02
-1.09687e-02
-1.10872e-02
-1.12138e-02
-1.08619e-02
-9.45421e-03
-7.53162e-03
-5.58689e-03
-3.51787e-03
-1.16000e-03
1.38148e-03
2.97317e-03
4.63245e-03
6.19104e-03
6.39516e-03
5.49494e-03
4.46540e-03
3.04381e-03
1.50632e-03
4.26320e-04
-8.76992e-04
-1.17322e-03
3.90035e-04
3.78898e-03
8.35125e-03
1.34678e-02
1.74696e-02
2.00036e-02
2.23974e-02
2.54134e-02
2.80263e-02
2.98470e-02
3.06205e-02
3.03366e-02
2.85217e-02
2.51376e-02
2.12990e-02
1.74558e-02
1.32888e-02
7.96917e-03
1.59685e-03
-5.38903e-03
-1.16370e-02
-1.68346e-02
-2.15191e-02
-2.41293e-02
-2.48647e-02
-2.50675e-02
-2.48566e-02
-2.31721e-02
-1.94906e-02
-1.44212e-02
-9.38623e-03
-4.64806e-03
-1.17235e-03
1.51507e-03
3.15195e-03
4.25941e-03
4.46660e-03
3.39994e-03
2.41820e-03
1.25335e-03
8.39680e-04
8.31641e-04
6.20588e-04
-3.37917e-04
-1.70261e-03
-4.19268e-03
-6.61042e-03
-8.70529e-03
-1.08892e-02
-1.27134e-02
-1.30720e-02
-1.12400e-02
-7.66805e-03
-3.94466e-03
-1.65083e-03
-9.65035e-04
-1.28459e-03
-2.70889e-03
-5.04832e-03
-8.06369e-03
-1.07873e-02
-1.29766e-02
-1.42484e-02
-1.34828e-02
-1.16200e-02
-9.10464e-03
-5.78016e-03
-2.47179e-03
4.91596e-04
4.47535e-03
9.14957e-03
1.22290e-02
1.32235e-02
1.21268e-02
7.81876e-03
1.91486e-03
-4.12844e-03
-9.77368e-03
-1.44271e-02
-1.82229e-02
-2.04855e-02
-2.07233e-02
-1.93246e-02
-1.73001e-02
-1.52881e-02
-1.33605e-02
-1.15529e-02
-9.60002e-03
-7.16227e-03
-4.03568e-03
-1.48237e-03
1.96765e-04
1.07379e-03
1.97285e-03
2.84228e-03
4.36835e-03
6.43659e-03
8.15690e-03
8.87966e-03
8.53106e-03
7.09275e-03
5.01290e-03
2.97703e-03
1.34456e-03
7.24567e-04
5.75909e-04
9.52904e-04
2.32724e-03
4.36605e-03
6.47245e-03
8.21249e-03
8.76177e-03
8.41117e-03
7.31406e-03
6.39363e-03
5.34424e-03
4.50568e-03
3.44449e-03
2.37910e-03
1.21095e-03
8.93028e-04
2.09132e-03
4.35987e-03
8.16714e-03
1.31117e-02
1.81101e-02
2.31384e-02
2.74228e-02
3.05887e-02
3.29887e-02
3.28141e-02
3.08245e-02
2.72272e-02
2.15934e-02
1.39047e-02
4.66048e-03
-4.83729e-03
-1.39260e-02
-2.30319e-02
-3.08125e-02
-3.61855e-02
-3.98965e-02
-4.16854e-02
-4.14293e-02
-4.03550e-02
-3.76526e-02
-3.33206e-02
-2.75061e-02
-2.09828e-02
-1.55780e-02
-1.01460e-02
-4.33886e-03
1.54434e-03
7.43306e-03
1.33166e-02
1.94258e-02
2.56217e-02
3.09410e-02
3.37594e-02
3.44340e-02
3.40717e-02
3.28141e-02
3.09051e-02
2.80689e-02
2.39977e-02
2.06845e-02
1.77730e-02
1.45911e-02
9.85668e-03
3.98521e-03
-1.95602e-03
-8.03704e-03
-1.39925e-02
-1.96189e-02
-2.40745e-02
-2.77516e-02
-3.07660e-02
-3.36575e-02
-3.50257e-02
-3.45270e-02
-3.14402e-02
-2.62068e-02
-1.98292e-02
-1.23949e-02
-4.85745e-03
1.72469e-03
7.47425e-03
1.20603e-02
1.53906e-02
1.69579e-02
1.76154e-02
1.71365e-02
1.66067e-02
1.63448e-02
1.60957e-02
1.69313e-02
1.98350e-02
2.35854e-02
2.62598e-02
2.75701e-02
2.71401e-02
2.63323e-02
2.46290e-02
2.15257e-02
1.72689e-02
1.14466e-02
4.52549e-03
-2.01712e-03
-8.15813e-03
-1.38358e-02
-1.81358e-02
-2.05408e-02
-2.09422e-02
-1.93032e-02
-1.56924e-02
-1.03475e-02
-3.90750e-03
3.14937e-03
9.30649e-03
1.40095e-02
1.77677e-02
2.00971e-02
2.05340e-02
1.88799e-02
1.51613e-02
9.90436e-03
3.99810e-03
-2.36691e-03
-9.31070e-03
-1.58145e-02
-2.18325e-02
-2.74225e-02
-3.20974e-02
-3.59876e-02
-3.83425e-02
-3.83447e-02
-3.57390e-02
-3.14406e-02
-2.56199e-02
-1.86999e-02
-1.21734e-02
-6.02247e-03
-4.14773e-04
3.81698e-03
6.48533e-03
8.11870e-03
8.64910e-03
8.64988e-03
8.53675e-03
8.53695e-03
8.99917e-03
1.00444e-02
1.06161e-02
1.07421e-02
1.07164e-02
1.03043e-02
9.36844e-03
8.50007e-03
7.16191e-03
5.21027e-03
2.78929e-03
-2.50432e-04
-2.69505e-03
-4.78515e-03
-7.03329e-03
-9.55275e-03
-1.15893e-02
-1.42674e-02
-1.64582e-02
-1.70339e-02
-1.66197e-02
-1.55638e-02
-1.51185e-02
-1.47499e-02
-1.34967e-02
-1.15744e-02
-9.16223e-03
-6.12735e-03
-3.31066e-03
-3.52221e-04
2.59808e-03
6.09551e-03
9.64945e-03
1.21907e-02
1.42647e-02
1.62173e-02
1.79217e-02
1.87868e-02
1.86908e-02
1.66475e-02
1.19919e-02
5.71647e-03
-1.67104e-03
-9.37487e-03
-1.64744e-02
-2.27886e-02
-2.64888e-02
-2.83937e-02
-2.91084e-02
-2.83787e-02
-2.55910e-02
-2.16227e-02
-1.76630e-02
-1.40075e-02
-1.09784e-02
-7.92324e-03
-5.88783e-03
-4.89976e-03
-3.59935e-03
-1.79611e-03
5.40678e-04
3.93617e-03
7.82675e-03
1.19025e-02
1.59599e-02
1.96006e-02
2.21063e-02
2.37599e-02
2.48183e-02
2.59060e-02
2.61034e-02
2.51795e-02
2.41579e-02
2.26717e-02
2.12341e-02
2.03412e-02
1.88684e-02
1.68610e-02
1.48505e-02
1.33086e-02
1.24136e-02
1.10464e-02
9.12253e-03
7.01959e-03
4.88944e-03
3.31546e-03
2.76331e-03
2.76125e-03
2.68744e-03
2.68001e-03
2.98608e-03
4.05286e-03
5.05032e-03
6.17916e-03
6.66449e-03
6.68124e-03
6.68855e-03
6.78731e-03
6.78921e-03
6.32500e-03
5.25750e-03
4.78939e-03
4.81355e-03
4.57500e-03
3.31847e-03
1.13471e-03
-2.19638e-03
-6.56400e-03
-1.19974e-02
-1.75396e-02
-2.22163e-02
-2.62630e-02
-2.95353e-02
-3.12335e-02
-3.20903e-02
-3.11800e-02
-2.88651e-02
-2.58307e-02
-2.29723e-02
-2.00757e-02
-1.71221e-02
-1.35295e-02
-9.86500e-03
-7.69994e-03
-7.03960e-03
-6.96243e-03
-6.98666e-03
-7.52278e-03
-8.66992e-03
-8.97071e-03
-7.48186e-03
-4.36185e-03
3.18148e-04
7.16271e-03
1.51782e-02
2.29035e-02
2.92316e-02
3.35453e-02
3.59218e-02
3.62549e-02
3.45432e-02
3.08966e-02
2.60304e-02
2.07299e-02
1.43563e-02
7.87254e-03
1.72780e-03
-4.05445e-03
-8.26427e-03
-1.05710e-02
-1.11094e-02
-1.07600e-02
-9.74981e-03
-8.81692e-03
-7.38427e-03
-5.82961e-03
-4.76123e-03
-3.63752e-03
-3.14719e-03
-3.25509e-03
-3.35225e-03
-2.92542e-03
-1.40411e-03
1.58368e-04
7.93033e-04
9.28542e-04
9.81573e-04
5.08470e-04
-9.30644e-04
-2.55037e-03
-3.25575e-03
-3.38628e-03
-2.87817e-03
-1.48109e-03
8.21802e-05
1.11877e-03
2.31157e-03
2.89542e-03
2.58692e-03
1.18785e-03
-7.54805e-04
-2.75975e-03
-4.84121e-03
-6.87493e-03
-8.45476e-03
-9.03679e-03
-9.17028e-03
-9.22780e-03
-8.79347e-03
-7.41834e-03
-5.80358e-03
-4.71980e-03
-3.64847e-03
-3.26552e-03
-3.29122e-03
-2.88328e-03
-1.60717e-03
-7.15400e-05
1.40394e-03
3.85746e-03
5.94478e-03
7.15732e-03
8.34829e-03
8.44543e-03
7.03687e-03
5.09070e-03
3.40145e-03
2.28409e-03
1.23678e-03
1.11540e-03
2.10773e-03
2.98685e-03
4.03664e-03
4.98817e-03
6.42830e-03
7.96726e-03
8.89601e-03
1.00125e-02
1.10392e-02
1.21170e-02
1.23004e-02
1.14016e-02
1.05618e-02
9.06980e-03
6.81336e-03
3.91351e-03
1.02778e-03
-2.40426e-03
-6.37800e-03
-1.03004e-02
-1.39165e-02
-1.69005e-02
-2.00071e-02
-2.24741e-02
-2.41689e-02
-2.52407e-02
-2.62527e-02
-2.64279e-02
-2.56570e-02
-2.48766e-02
-2.30049e-02
-1.95836e-02
-1.56695e-02
-1.21349e-02
-9.23429e-03
-5.80489e-03
-1.94313e-03
1.68156e-03
4.75365e-03
7.82645e-03
1.02151e-02
1.18427e-02
1.32654e-02
1.53288e-02
1.67745e-02
1.78148e-02
1.87914e-02
2.01384e-02
2.17670e-02
2.27925e-02
2.40122e-02
2.44648e-02
2.41690e-02
2.31670e-02
2.23012e-02
2.09178e-02
1.90239e-02
1.66188e-02
1.36754e-02
1.10549e-02
8.57972e-03
5.95342e-03
4.53242e-03
3.38160e-03
2.45338e-03
1.37649e-03
8.09838e-04
7.31318e-04
7.64465e-04
9.18254e-04
1.00218e-03
5.47037e-04
-8.93613e-04
-2.49601e-03
-3.42461e-03
-4.38653e-03
-5.25383e-03
-6.80438e-03
-8.73758e-03
-1.02540e-02
-1.12117e-02
-1.27030e-02
-1.46400e-02
-1.62530e-02
-1.72027e-02
-1.82140e-02
-1.91882e-02
-2.03771e-02
-2.10494e-02
-2.06916e-02
-1.92787e-02
-1.73068e-02
-1.54433e-02
-1.34326e-02
-1.10376e-02
-8.02430e-03
-5.62045e-03
-3.59064e-03
-1.23478e-03
1.76886e-03
4.39949e-03
6.53282e-03
8.10764e-03
8.67075e-03
8.78402e-03
8.75064e-03
8.30260e-03
7.35810e-03
6.80609e-03
6.38981e-03
5.44057e-03
4.61404e-03
3.23518e-03
1.32043e-03
-1.12169e-03
-4.16370e-03
-6.72874e-03
-8.72929e-03
-1.04017e-02
-1.14801e-02
-1.23094e-02
-1.15362e-02
-9.36647e-03
-5.98464e-03
-1.69311e-03
3.28677e-03
8.31794e-03
1.34226e-02
1.76174e-02
2.02648e-02
2.20036e-02
2.26151e-02
2.23299e-02
2.09037e-02
1.88539e-02
1.67580e-02
1.51494e-02
1.45927e-02
1.45433e-02
1.45487e-02
1.46646e-02
1.48476e-02
1.45951e-02
1.28366e-02
9.49580e-03
5.54960e-03
1.55852e-03
-2.44319e-03
-6.40987e-03
-1.00201e-02
-1.27542e-02
-1.48421e-02
-1.59991e-02
-1.55983e-02
-1.50685e-02
-1.45233e-02
-1.35468e-02
-1.31044e-02
-1.28018e-02
-1.18504e-02
-1.04222e-02
-7.93172e-03
-5.87058e-03
-4.78319e-03
-3.30086e-03
-1.91737e-03
-1.26857e-03
-6.80821e-04
3.25290e-04
4.13281e-04
-4.50044e-04
-1.02850e-03
-1.56218e-03
-2.58503e-03
-3.08280e-03
-3.15653e-03
-3.13378e-03
-3.11288e-03
-3.11332e-03
-3.12193e-03
-3.12385e-03
-3.14869e-03
-3.15792e-03
-3.11876e-03
-2.99639e-03
-3.01746e-03
-3.54395e-03
-4.60612e-03
-4.80081e-03
-3.91523e-03
-2.97187e-03
-1.48184e-03
4.34946e-04
2.36657e-03
4.35323e-03
6.33644e-03
8.42900e-03
1.03726e-02
1.18762e-02
1.27712e-02
1.42859e-02
1.62873e-02
1.80213e-02
1.87047e-02
1.84528e-02
1.71282e-02
1.49042e-02
1.15122e-02
7.16151e-03
2.21458e-03
-2.29438e-03
-6.47247e-03
-1.05802e-02
-1.37482e-02
-1.49319e-02
-1.50794e-02
-1.50840e-02
-1.45864e-02
-1.32650e-02
-1.18106e-02
-1.08522e-02
-9.25957e-03
-7.26600e-03
-5.72747e-03
-5.26303e-03
-4.91331e-03
-3.52501e-03
-1.48127e-03
5.28594e-04
2.04996e-03
3.01124e-03
4.52745e-03
6.20201e-03
6.91401e-03
6.59135e-03
5.11375e-03
3.16519e-03
1.29908e-03
-6.54993e-04
-3.07312e-03
-6.17357e-03
-8.69677e-03
-1.03529e-02
-1.13359e-02
-1.23982e-02
-1.30365e-02
-1.30649e-02
-1.26009e-02
-1.15361e-02
-1.11121e-02
-1.10577e-02
-1.06503e-02
-9.62248e-03
-9.03753e-03
-8.93990e-03
-8.99120e-03
-9.15998e-03
-9.21684e-03
-8.72826e-03
-7.29638e-03
-5.85368e-03
-5.01807e-03
-3.57845e-03
-1.13080e-03
1.92507e-03
4.10825e-03
5.06931e-03
6.10489e-03
7.01204e-03
8.10835e-03
8.67802e-03
8.81470e-03
8.85898e-03
8.45004e-03
7.32550e-03
6.23756e-03
5.56476e-03
6.33706e-03
7.90669e-03
9.31431e-03
1.14899e-02
1.29533e-02
1.41135e-02
1.46057e-02
1.45868e-02
1.45640e-02
1.46387e-02
1.47997e-02
1.45563e-02
1.31515e-02
1.07280e-02
7.67992e-03
5.17072e-03
3.17221e-03
1.14614e-03
-8.62378e-04
-2.50749e-03
-3.18364e-03
-3.30980e-03
-2.91958e-03
-1.52164e-03
4.10829e-04
2.47165e-03
4.49500e-03
6.17809e-03
7.16718e-03
7.76780e-03
7.35888e-03
6.96198e-03
6.55757e-03
5.06992e-03
3.16088e-03
1.44470e-03
4.33991e-04
-5.12598e-04
-9.06864e-04
-1.38702e-03
-2.78916e-03
-4.37615e-03
-5.43800e-03
-6.50604e-03
-7.01055e-03
-7.11323e-03
-7.13027e-03
-6.76027e-03
-5.81918e-03
-4.83302e-03
-3.40311e-03
-1.82952e-03
-8.03231e-04
3.93652e-04
9.11428e-04
6.10326e-04
-4.61604e-04
-1.49167e-03
-2.58624e-03
-3.08383e-03
-3.07800e-03
-3.09624e-03
-3.16997e-03
-3.21746e-03
-2.78650e-03
-1.72873e-03
-1.04536e-03
-9.16319e-04
-1.36827e-03
-2.81180e-03
-4.35464e-03
-5.40521e-03
-6.55458e-03
-7.19785e-03
-6.95243e-03
-5.56163e-03
-3.14109e-03
-2.04671e-04
2.40637e-03
4.80731e-03
7.48433e-03
9.10252e-03
1.03469e-02
1.04087e-02
9.12235e-03
7.52298e-03
6.09046e-03
4.00470e-03
2.60986e-03
1.45666e-03
4.84453e-04
-4.91666e-04
-1.03517e-03
-1.37928e-03
-2.33748e-03
-3.30534e-03
-4.88600e-03
-6.42476e-03
-7.00944e-03
-7.14304e-03
-7.20347e-03
-6.82979e-03
-5.44953e-03
-3.49722e-03
-1.50790e-03
4.59363e-04
2.40316e-03
4.46512e-03
6.50838e-03
8.13998e-03
8.78791e-03
8.90064e-03
8.53417e-03
7.22647e-03
5.28851e-03
2.84532e-03
-1.66668e-04
-2.66127e-03
-4.75921e-03
-6.79004e-03
-8.42886e-03
-9.13699e-03
-9.13270e-03
-8.53674e-03
-7.45121e-03
-7.36959e-03
-8.38989e-03
-9.05018e-03
-9.15045e-03
-8.76426e-03
-7.74369e-03
-6.76365e-03
-5.33383e-03
-3.83661e-03
-2.82614e-03
-1.39158e-03
6.07599e-05
1.10249e-03
2.57998e-03
4.12110e-03
5.02851e-03
6.04168e-03
6.99603e-03
8.50095e-03
1.00213e-02
1.06864e-02
1.11772e-02
1.17419e-02
1.13374e-02
1.08383e-02
1.03071e-02
9.25702e-03
8.85181e-03
8.79317e-03
8.44406e-03
7.43640e-03
6.54614e-03
5.50512e-03
4.49968e-03
3.06190e-03
1.60117e-03
8.00406e-04
-6.27608e-04
-2.98130e-03
-6.14391e-03
-8.78053e-03
-1.04154e-02
-1.09544e-02
-1.10457e-02
-1.11149e-02
-1.06849e-02
-9.31429e-03
-7.73006e-03
-6.68302e-03
-5.56950e-03
-4.97898e-03
-4.93895e-03
-5.38314e-03
-6.46340e-03
-7.04024e-03
-7.15825e-03
-7.01669e-03
-6.54772e-03
-6.00559e-03
-6.49714e-03
-6.86600e-03
-6.83431e-03
-7.31566e-03
-8.76710e-03
-1.03584e-02
-1.09083e-02
-1.09891e-02
-1.11148e-02
-1.12155e-02
-1.04158e-02
-8.00420e-03
-5.49070e-03
-3.42270e-03
-1.37746e-03
5.11488e-04
2.15695e-03
3.17683e-03
4.27655e-03
4.75195e-03
4.79066e-03
4.78620e-03
4.86765e-03
4.90430e-03
4.54591e-03
3.47572e-03
2.50051e-03
1.49215e-03
9.66498e-04
4.84920e-04
-5.36584e-04
-1.02794e-03
-1.10606e-03
-1.20510e-03
-1.29340e-03
-9.21201e-04
5.66152e-04
2.50452e-03
4.07240e-03
5.07878e-03
6.48671e-03
8.05402e-03
9.07431e-03
1.01053e-02
1.06184e-02
1.10790e-02
1.19932e-02
1.25108e-02
1.30729e-02
1.42091e-02
1.47166e-02
1.43113e-02
1.32565e-02
1.27453e-02
1.27131e-02
1.23929e-02
1.14962e-02
1.05564e-02
9.09823e-03
7.16247e-03
5.23633e-03
3.21808e-03
1.19615e-03
-8.64948e-04
-2.46194e-03
-3.17624e-03
-3.28591e-03
-2.88481e-03
-1.36277e-03
5.19795e-04
2.10159e-03
3.13206e-03
4.62011e-03
6.05464e-03
6.66859e-03
7.18438e-03
8.19490e-03
8.67222e-03
8.68688e-03
8.74872e-03
9.15901e-03
9.75680e-03
9.38367e-03
8.96349e-03
8.52905e-03
7.12474e-03
5.34372e-03
3.30996e-03
9.11930e-04
-2.10564e-03
-4.62566e-03
-6.77705e-03
-8.68783e-03
-1.01743e-02
-1.11032e-02
-1.26249e-02
-1.45338e-02
-1.61916e-02
-1.72254e-02
-1.82813e-02
-1.87882e-02
-1.88942e-02
-1.88757e-02
-1.85365e-02
-1.76903e-02
-1.67878e-02
-1.48978e-02
-1.20011e-02
-9.45394e-03
-6.99974e-03
-4.13753e-03
-1.64619e-03
9.48037e-04
3.96499e-03
6.08430e-03
7.06519e-03
8.12319e-03
9.03941e-03
1.01261e-02
1.06757e-02
1.08213e-02
1.09069e-02
1.05300e-02
9.13723e-03
7.18498e-03
5.17419e-03
3.22200e-03
1.30286e-03
-6.80686e-04
-2.82245e-03
-4.83320e-03
-6.10249e-03
-6.05102e-03
-6.09167e-03
-5.52948e-03
-5.15303e-03
-5.14065e-03
-4.65952e-03
-3.65800e-03
-3.07260e-03
-3.03698e-03
-3.04631e-03
-3.10653e-03
-3.05589e-03
-3.04464e-03
-3.03588e-03
-3.15412e-03
-3.17731e-03
-2.81734e-03
-1.71828e-03
-7.33191e-04
2.44627e-04
6.61934e-04
1.14228e-03
2.62763e-03
4.17444e-03
4.80776e-03
4.93399e-03
4.98491e-03
4.59998e-03
3.24584e-03
1.30536e-03
-7.06790e-04
-2.78143e-03
-4.71558e-03
-6.33615e-03
-7.34454e-03
-8.43375e-03
-8.93887e-03
-8.99474e-03
-8.96314e-03
-8.93165e-03
-8.95375e-03
-9.05692e-03
-9.06986e-03
-8.70544e-03
-7.66409e-03
-6.75021e-03
-5.65498e-03
-4.75465e-03
-3.70333e-03
-2.81928e-03
-1.81498e-03
-8.22572e-04
5.64240e-04
2.06783e-03
3.09101e-03
4.65944e-03
6.17245e-03
6.75825e-03
6.82224e-03
6.88699e-03
6.86448e-03
6.43926e-03
5.39181e-03
4.82402e-03
4.74632e-03
4.80919e-03
4.95611e-03
4.93814e-03
4.45541e-03
3.38062e-03
2.87067e-03
2.90684e-03
2.92479e-03
2.50892e-03
1.53055e-03
9.96806e-04
5.93700e-04
-4.23012e-04
-1.39267e-03
-2.53921e-03
-3.08561e-03
-3.07884e-03
-2.95338e-03
-2.92721e-03
-3.41102e-03
-4.46576e-03
-5.00818e-03
-5.04375e-03
-5.05243e-03
-5.09560e-03
-5.08442e-03
-4.64569e-03
-3.74130e-03
-3.28394e-03
-2.77838e-03
-1.28823e-03
2.69806e-04
8.95041e-04
9.23695e-04
8.87307e-04
8.67489e-04
8.68809e-04
7.92469e-04
8.14222e-04
1.22973e-03
2.17754e-03
2.72590e-03
3.24301e-03
4.27058e-03
4.78442e-03
4.83878e-03
4.80630e-03
4.80614e-03
4.90128e-03
4.90022e-03
4.48138e-03
3.53245e-03
2.95708e-03
2.43034e-03
1.42928e-03
1.02762e-03
9.70343e-04
5.49899e-04
-5.11654e-04
-1.15942e-03
-1.21196e-03
-7.40724e-04
2.57057e-04
7.80156e-04
1.19004e-03
2.19804e-03
3.08452e-03
4.17899e-03
5.06391e-03
6.13690e-03
7.13195e-03
8.20538e-03
8.75682e-03
8.76959e-03
8.77444e-03
8.73337e-03
8.76966e-03
8.74772e-03
8.75217e-03
8.74653e-03
8.83438e-03
8.84183e-03
8.51276e-03
7.53062e-03
6.54503e-03
5.09435e-03
3.59559e-03
2.58625e-03
1.15623e-03
-3.01053e-04
-1.33984e-03
-2.80772e-03
-4.33746e-03
-5.26997e-03
-6.34874e-03
-7.28799e-03
-8.41302e-03
-9.06643e-03
-9.09611e-03
-8.60681e-03
-7.50564e-03
-7.01013e-03
-7.06679e-03
-7.09090e-03
-6.65081e-03
-5.59712e-03
-5.11035e-03
-5.05690e-03
-4.73681e-03
-3.82353e-03
-2.89687e-03
-1.44844e-03
4.55943e-04
2.42039e-03
4.53487e-03
6.59545e-03
8.20142e-03
8.72139e-03
8.74331e-03
8.82250e-03
8.94325e-03
8.60093e-03
7.11206e-03
5.11870e-03
3.47750e-03
2.57552e-03
1.62689e-03
6.46458e-04
-8.72350e-04
-2.38380e-03
-2.94999e-03
-3.45185e-03
-4.43211e-03
-4.99951e-03
-5.08285e-03
-5.05307e-03
-4.90019e-03
-4.90362e-03
-5.34446e-03
-6.43313e-03
-7.06491e-03
-7.13656e-03
-6.71445e-03
-5.65090e-03
-4.78236e-03
-3.78331e-03
-2.80155e-03
-1.32185e-03
2.11137e-04
8.65892e-04
1.37165e-03
1.90547e-03
1.49483e-03
1.01087e-03
5.94641e-04
-4.52319e-04
-1.29020e-03
-2.42214e-03
-3.39081e-03
-4.48633e-03
-5.01099e-03
-5.04260e-03
-5.02328e-03
-4.99785e-03
-5.03574e-03
-5.05614e-03
-5.03273e-03
-4.92427e-03
-4.92425e-03
-5.36632e-03
-6.40584e-03
-6.97440e-03
-7.11208e-03
-7.10414e-03
-6.69907e-03
-5.70228e-03
-4.77387e-03
-3.66665e-03
-2.69955e-03
-1.77126e-03
-1.22594e-03
-7.25704e-04
4.48391e-04
9.25515e-04
5.40960e-04
-5.29797e-04
-9.68820e-04
-9.99882e-04
-1.42103e-03
-2.56278e-03
-3.19529e-03
-2.83014e-03
-1.42565e-03
1.10224e-04
1.17119e-03
2.69379e-03
4.21476e-03
4.76749e-03
4.84062e-03
4.90308e-03
4.98227e-03
4.56467e-03
3.17554e-03
1.56548e-03
5.25091e-04
-5.44658e-04
-1.05459e-03
-1.20222e-03
-1.20050e-03
-7.24835e-04
3.31894e-04
8.95958e-04
9.16684e-04
7.93430e-04
7.51648e-04
1.21318e-03
2.25078e-03
2.84342e-03
2.98609e-03
2.98176e-03
2.49307e-03
1.45825e-03
8.13276e-04
7.47278e-04
1.10909e-03
2.21030e-03
3.18847e-03
4.29860e-03
4.80341e-03
4.83999e-03
4.82345e-03
4.80289e-03
4.79763e-03
4.79629e-03
4.83180e-03
4.93184e-03
4.90371e-03
4.43443e-03
3.42901e-03
3.00334e-03
2.91751e-03
2.38541e-03
1.36109e-03
1.25113e-03
2.24252e-03
2.83409e-03
2.92648e-03
2.85586e-03
2.74526e-03
2.82459e-03
3.19672e-03
3.82410e-03
3.79087e-03
4.28869e-03
4.63796e-03
4.71211e-03
5.31250e-03
6.31494e-03
6.41696e-03
5.38625e-03
4.84753e-03
4.83101e-03
4.90791e-03
4.55270e-03
3.52125e-03
2.59727e-03
1.59234e-03
6.26076e-04
-7.78181e-04
-2.38749e-03
-3.38332e-03
-4.49202e-03
-4.99702e-03
-5.16375e-03
-5.12165e-03
-4.64312e-03
-3.60143e-03
-3.15789e-03
-3.12994e-03
-2.81257e-03
-1.78604e-03
-7.60209e-04
3.56393e-04
8.68349e-04
8.66012e-04
8.84469e-04
9.37655e-04
9.57307e-04
5.30932e-04
-4.05346e-04
-9.91318e-04
-1.50499e-03
-2.50743e-03
-2.91278e-03
-3.00839e-03
-3.43495e-03
-4.41622e-03
-4.90314e-03
-5.07573e-03
-5.51299e-03
-6.05094e-03
-5.55124e-03
-5.06730e-03
-5.09071e-03
-5.10255e-03
-4.80869e-03
-3.73335e-03
-2.73219e-03
-1.62487e-03
-1.13040e-03
-1.07650e-03
-9.90558e-04
-1.01095e-03
-1.44832e-03
-2.49381e-03
-3.04361e-03
-3.10428e-03
-3.08310e-03
-3.04137e-03
-3.04128e-03
-3.03006e-03
-3.07752e-03
-3.17229e-03
-3.17422e-03
-2.68995e-03
-1.65069e-03
-1.13362e-03
-1.16022e-03
-1.07638e-03
-6.82678e-04
-7.75802e-05
-5.46439e-04
-9.27137e-04
-1.01802e-03
-1.48103e-03
-2.48252e-03
-3.04493e-03
-3.10190e-03
-3.08744e-03
-3.02464e-03
-3.03669e-03
-3.06579e-03
-3.16848e-03
-3.14067e-03
-2.72176e-03
-1.76072e-03
-1.21562e-03
-6.99568e-04
2.96100e-04
8.07594e-04
9.07066e-04
1.00027e-03
9.39862e-04
4.79686e-04
-5.40184e-04
-9.53382e-04
-9.98935e-04
-1.45800e-03
-2.58964e-03
-3.15478e-03
-2.74467e-03
-1.65646e-03
-1.08991e-03
-1.14040e-03
-1.16257e-03
-7.88858e-04
1.84180e-04
7.56652e-04
1.29892e-03
2.29707e-03
2.72261e-03
2.75095e-03
3.10645e-03
4.13891e-03
5.15723e-03
6.17316e-03
6.67824e-03
7.03125e-03
8.08034e-03
9.05401e-03
1.01985e-02
1.07160e-02
1.07328e-02
1.06950e-02
1.06912e-02
1.07827e-02
1.07955e-02
1.04438e-02
9.49747e-03
8.58631e-03
7.13241e-03
5.19834e-03
3.24830e-03
1.25293e-03
-7.05477e-04
-2.76106e-03
-4.71876e-03
-6.35357e-03
-7.35328e-03
-8.42003e-03
-8.94062e-03
-9.06671e-03
-9.06089e-03
-8.68132e-03
-7.74621e-03
-6.84901e-03
-5.42122e-03
-3.49994e-03
-1.49441e-03
6.19937e-04
2.55132e-03
4.03494e-03
4.94188e-03
6.47995e-03
8.49952e-03
1.01395e-02
1.07260e-02
1.07420e-02
1.07670e-02
1.07541e-02
1.04296e-02
9.49284e-03
8.59091e-03
7.14637e-03
5.22274e-03
3.22336e-03
1.13408e-03
-7.82177e-04
-2.31892e-03
-3.34301e-03
-4.85566e-03
-6.31127e-03
-6.91249e-03
-7.39005e-03
-8.38158e-03
-8.94258e-03
-9.13072e-03
-9.09704e-03
-8.58908e-03
-7.55479e-03
-7.10493e-03
-7.09570e-03
-6.76551e-03
-5.73247e-03
-4.68377e-03
-3.60813e-03
-3.17379e-03
-3.17139e-03
-2.71169e-03
-1.71552e-03
-1.14042e-03
-1.08941e-03
-1.00649e-03
-1.03504e-03
-1.35106e-03
-2.41164e-03
-3.40056e-03
-4.53210e-03
-5.04093e-03
-5.05467e-03
-5.01903e-03
-5.03087e-03
-5.13201e-03
-5.12943e-03
-4.70182e-03
-3.75488e-03
-3.19376e-03
-2.68442e-03
-1.65614e-03
-1.16786e-03
-1.10619e-03
-1.10032e-03
-1.01779e-03
-1.01523e-03
-1.46422e-03
-2.51440e-03
-3.04598e-03
-3.08956e-03
-3.09771e-03
-3.16903e-03
-3.16930e-03
-2.69024e-03
-1.66245e-03
-1.22071e-03
-1.24977e-03
-8.33656e-04
5.18417e-04
2.07292e-03
3.11720e-03
4.53124e-03
5.96945e-03
7.03440e-03
8.55465e-03
1.00175e-02
1.05956e-02
1.11079e-02
1.20845e-02
1.26190e-02
1.26967e-02
1.27701e-02
1.27230e-02
1.23973e-02
1.14414e-02
1.05559e-02
9.08105e-03
7.18300e-03
5.20968e-03
3.20294e-03
1.14717e-03
-8.10710e-04
-2.38775e-03
-3.33653e-03
-4.50085e-03
-5.45566e-03
-6.10896e-03
-5.68168e-03
-5.17354e-03
-4.76674e-03
-3.78053e-03
-2.85439e-03
-1.41357e-03
7.43272e-05
1.13743e-03
2.66834e-03
4.10935e-03
4.64964e-03
5.08489e-03
6.19020e-03
7.17413e-03
7.82446e-03
7.32645e-03
6.85557e-03
6.81312e-03
6.46679e-03
5.58479e-03
4.56029e-03
3.08066e-03
1.47671e-03
5.98782e-04
-3.96303e-04
-1.25792e-03
-2.81071e-03
-4.71674e-03
-6.26249e-03
-7.30091e-03
-8.79987e-03
-1.03425e-02
-1.09559e-02
-1.10819e-02
-1.10328e-02
-1.06569e-02
-9.73674e-03
-8.84181e-03
-7.39216e-03
-5.44738e-03
-3.48915e-03
-1.49074e-03
4.45310e-04
2.47040e-03
4.44423e-03
6.20380e-03
7.28948e-03
7.91017e-03
7.00457e-03
5.57100e-03
4.61434e-03
3.15365e-03
1.20364e-03
-7.79701e-04
-2.45346e-03
-3.48751e-03
-4.52175e-03
-4.91938e-03
-4.94759e-03
-5.39264e-03
-6.44744e-03
-7.10900e-03
-7.14964e-03
-6.70209e-03
-5.68609e-03
-5.14656e-03
-4.67379e-03
-3.76957e-03
-3.22364e-03
-2.68085e-03
-1.66657e-03
-1.25880e-03
-1.21157e-03
-7.94479e-04
2.61950e-04
9.31093e-04
9.94545e-04
5.12279e-04
-5.82262e-04
-1.11822e-03
-1.16289e-03
-1.12811e-03
-1.09677e-03
-1.11406e-03
-1.11700e-03
-1.12603e-03
-1.13476e-03
-1.15738e-03
-1.12354e-03
-1.02721e-03
-1.00318e-03
-1.45461e-03
-2.51383e-03
-3.16412e-03
-3.22453e-03
-2.84296e-03
-1.76969e-03
-8.69049e-04
2.50416e-04
1.16412e-03
2.12818e-03
2.69646e-03
3.29359e-03
4.32169e-03
4.37159e-03
3.40707e-03
2.91774e-03
2.84775e-03
2.51882e-03
1.54742e-03
6.25003e-04
-4.93117e-04
-1.49120e-03
-2.53280e-03
-3.06207e-03
-3.08654e-03
-3.18512e-03
-3.17663e-03
-2.86081e-03
-1.79220e-03
-7.82428e-04
3.36160e-04
8.01377e-04
7.55727e-04
8.45990e-04
1.28273e-03
1.87433e-03
1.36102e-03
8.95372e-04
9.32716e-04
9.34209e-04
5.05044e-04
-6.44990e-04
-1.18504e-03
-8.31758e-04
1.53302e-04
7.58866e-04
1.27192e-03
2.25401e-03
2.65711e-03
2.73320e-03
3.17264e-03
4.19403e-03
4.75103e-03
4.81342e-03
4.80951e-03
4.78348e-03
4.76810e-03
4.67234e-03
4.68222e-03
5.13678e-03
6.17277e-03
6.71139e-03
6.77436e-03
6.83681e-03
6.81406e-03
6.48642e-03
5.46588e-03
4.52508e-03
3.33596e-03
2.45964e-03
1.84870e-03
1.90216e-03
1.38096e-03
8.78313e-04
8.40400e-04
7.96504e-04
8.63614e-04
8.31678e-04
8.53717e-04
8.21969e-04
8.46903e-04
8.26371e-04
8.47804e-04
8.27812e-04
8.45585e-04
8.28056e-04
8.44949e-04
8.29327e-04
8.43855e-04
8.27824e-04
8.41404e-04
8.31359e-04
8.49701e-04
8.34561e-04
8.26412e-04
7.96719e-04
8.44141e-04
9.41960e-04
9.54891e-04
4.63780e-04
-5.92508e-04
-1.12754e-03
-1.06053e-03
-1.04499e-03
-1.45111e-03
-2.53572e-03
-3.08217e-03
-3.15942e-03
-3.11555e-03
-3.08959e-03
-3.07373e-03
-3.08029e-03
-3.10677e-03
-3.21722e-03
-3.20799e-03
-2.75914e-03
-1.69954e-03
-1.15158e-03
-1.08761e-03
-1.12396e-03
-1.17474e-03
-1.17766e-03
-1.13240e-03
-1.02745e-03
-1.03147e-03
-1.49366e-03
-2.52654e-03
-3.07040e-03
-3.14680e-03
-3.21365e-03
-3.15891e-03
-2.75502e-03
-1.79252e-03
-1.24524e-03
-7.51313e-04
1.79870e-04
7.21957e-04
1.21359e-03
2.14731e-03
2.64343e-03
3.16082e-03
4.21519e-03
4.83304e-03
4.88132e-03
4.43997e-03
3.43412e-03
2.88664e-03
2.40649e-03
1.49998e-03
9.77467e-04
4.59791e-04
-5.83009e-04
-1.11667e-03
-1.20425e-03
-1.14692e-03
-1.01687e-03
-1.01870e-03
-1.48666e-03
-2.54033e-03
-3.11496e-03
-3.17559e-03
-3.12287e-03
-2.97247e-03
-2.99659e-03
-3.45477e-03
-4.52662e-03
-5.06803e-03
-5.17079e-03
-5.11692e-03
-5.07545e-03
-5.11308e-03
-5.21134e-03
-5.19831e-03
-4.77052e-03
-3.80808e-03
-3.23121e-03
-2.69983e-03
-1.72692e-03
-1.32240e-03
-1.21662e-03
-6.65994e-04
3.34367e-04
4.31777e-04
-5.27612e-04
-9.84222e-04
-1.07660e-03
-1.47521e-03
-2.47444e-03
-3.01835e-03
-3.07756e-03
-3.04123e-03
-2.98926e-03
-2.99428e-03
-2.99308e-03
-2.98535e-03
-2.94423e-03
-2.91712e-03
-2.93450e-03
-3.02380e-03
-2.98795e-03
-2.50523e-03
-1.48817e-03
-1.03734e-03
-9.78427e-04
-5.39726e-04
4.61570e-04
1.02896e-03
1.06688e-03
1.04287e-03
1.02577e-03
1.15910e-03
1.16161e-03
7.42980e-04
-2.84723e-04
-8.00678e-04
-8.54857e-04
-7.97803e-04
-7.38877e-04
-7.23864e-04
-7.74905e-04
-8.57340e-04
-8.04054e-04
-2.79166e-04
6.27786e-04
7.42345e-04
2.40278e-04
6.71299e-04
1.02701e-03
1.14150e-03
1.55750e-03
2.40126e-03
2.91215e-03
3.38015e-03
4.32826e-03
4.77836e-03
4.82371e-03
4.79134e-03
4.75231e-03
4.70656e-03
4.61015e-03
4.59799e-03
4.95979e-03
5.79039e-03
6.25482e-03
6.65832e-03
7.52172e-03
7.93743e-03
8.02067e-03
7.96586e-03
7.55900e-03
6.57204e-03
5.62700e-03
4.60272e-03
4.07147e-03
4.00779e-03
3.99765e-03
4.08108e-03
4.00920e-03
3.57225e-03
2.60808e-03
2.11656e-03
2.03277e-03
2.01910e-03
1.99948e-03
1.99130e-03
2.04255e-03
2.01101e-03
1.57504e-03
6.51871e-04
1.94995e-04
2.33262e-04
2.37866e-04
-1.37696e-04
-1.05387e-03
-1.48759e-03
-1.45132e-03
-1.40962e-03
-1.74990e-03
-2.60724e-03
-3.06645e-03
-3.09883e-03
-3.02575e-03
-2.87964e-03
-2.87266e-03
-3.21841e-03
-4.03543e-03
-4.41977e-03
-4.40232e-03
-4.31640e-03
-4.27045e-03
-4.31666e-03
-4.27566e-03
-3.87279e-03
-3.02036e-03
-2.57609e-03
-2.52300e-03
-2.49235e-03
-2.41244e-03
-2.34780e-03
-2.64315e-03
-3.40175e-03
-3.85361e-03
-3.83453e-03
-3.42019e-03
-2.55693e-03
-2.15005e-03
-2.14524e-03
-2.16647e-03
-1.88039e-03
-1.08730e-03
-3.61904e-04
3.42985e-04
7.10984e-04
1.02285e-03
1.73941e-03
2.06360e-03
2.09391e-03
2.03582e-03
2.00798e-03
1.98444e-03
1.94931e-03
1.84136e-03
1.81720e-03
2.07721e-03
2.73720e-03
3.03950e-03
3.02664e-03
2.94504e-03
2.87583e-03
2.82812e-03
2.78433e-03
2.71402e-03
2.65063e-03
2.60747e-03
2.62165e-03
2.56034e-03
2.23064e-03
1.53782e-03
1.17125e-03
1.10082e-03
1.09105e-03
1.07695e-03
1.03529e-03
9.81730e-04
9.40439e-04
9.25197e-04
9.48294e-04
9.03642e-04
6.22576e-04
4.58100e-05
-2.65189e-04
-4.95574e-04
-1.00641e-03
-1.51307e-03
-2.28394e-03
-3.09699e-03
-3.58778e-03
-4.09937e-03
-4.27356e-03
-4.20489e-03
-4.10758e-03
-4.03271e-03
-3.99879e-03
-3.91006e-03
-3.60332e-03
-3.05163e-03
-2.72433e-03
-2.45856e-03
-1.89845e-03
-1.40790e-03
-8.89843e-04
-6.23105e-04
-3.82206e-04
9.81764e-05
3.38044e-04
3.61578e-04
3.43761e-04
3.07736e-04
3.00115e-04
3.04258e-04
3.45992e-04
3.29382e-04
1.32531e-04
-3.09795e-04
-5.21291e-04
-5.32164e-04
-5.01304e-04
-4.76117e-04
-4.62609e-04
-4.53229e-04
-4.37246e-04
-4.32669e-04
-4.20419e-04
-3.96959e-04
-3.34354e-04
-3.20505e-04
-4.73427e-04
-8.52551e-04
-9.96162e-04
-8.22310e-04
-4.42694e-04
-2.68283e-04
-2.40055e-04
-9.85101e-05
2.21164e-04
3.91406e-04
4.02535e-04
3.84243e-04
3.61332e-04
3.56254e-04
3.55322e-04
3.51548e-04
3.34255e-04
2.97600e-04
2.89598e-04
3.90389e-04
6.36210e-04
7.54108e-04
7.62658e-04
7.19243e-04
5.75400e-04
3.26281e-04
2.16871e-04
1.93996e-04
9.32990e-05
-1.16212e-04
-2.08016e-04
-2.06904e-04
-2.61689e-04
-4.30115e-04
-5.77055e-04
-7.44655e-04
-8.78353e-04
-1.00847e-03
-1.04022e-03
-9.78450e-04
-9.23776e-04
-8.69537e-04
-8.14789e-04
-6.92518e-04
-5.04742e-04
-3.77104e-04
-2.73586e-04
-1.11576e-04
-2.34364e-05
5.22078e-05
1.84699e-04
3.10477e-04
4.76799e-04
6.39138e-04
7.33112e-04
8.69407e-04
9.80868e-04
9.96549e-04
9.95750e-04
1.04481e-03
1.04755e-03
9.98307e-04
9.02278e-04
7.66621e-04
6.86051e-04
6.42765e-04
5.74331e-04
4.74537e-04
4.06629e-04
3.53716e-04
2.64160e-04
1.90842e-04
1.16501e-04
7.91684e-05
4.98887e-05
-5.35712e-07
-2.61773e-05
-4.69158e-05
-8.84889e-05
-1.01139e-04
-9.42191e-05
-8.48907e-05
-7.25336e-05
-4.63493e-05
-4.01155e-06
2.12987e-05
4.05995e-05
7.30934e-05
8.46831e-05
8.70467e-05
9.50034e-05
1.05719e-04
8.82123e-05
7.26069e-05
6.77894e-05
6.48914e-05
6.32364e-05
6.06482e-05
5.88454e-05
5.70792e-05
5.33150e-05
4.50801e-05
3.62396e-05
4.08882e-05
4.07165e-05
3.33757e-05
3.84514e-05
4.19721e-05
4.14527e-05
3.99092e-05
3.76036e-05
3.53045e-05
3.39137e-05
3.56428e-05
4.04464e-05
4.11275e-05
3.82764e-05
3.52076e-05
3.23410e-05
3.03116e-05
2.79416e-05
2.44599e-05
1.91244e-05
1.52275e-05
1.16779e-05
9.46940e-06
7.43509e-06
6.26715e-06
5.55995e-06
5.95572e-06
6.66261e-06
6.57767e-06
7.30973e-06
8.61984e-06
1.02664e-05
1.20006e-05
1.28805e-05
1.31997e-05
1.35706e-05
1.39833e-05
1.40099e-05
1.37868e-05
1.36272e-05
1.32562e-05
1.27954e-05
1.21086e-05
1.13147e-05
1.05158e-05
9.73548e-06
8.96467e-06
8.20303e-06
7.44356e-06
6.69815e-06
5.96444e-06
5.24137e-06
4.50444e-06
3.76910e-06
3.04254e-06
2.32591e-06
1.61298e-06
9.06842e-07
2.07340e-07
-4.85797e-07
-1.17420e-06
-1.85810e-06
-2.53817e-06
-3.21463e-06
