5.83103e-04
5.81185e-04
5.78895e-04
5.76385e-04
5.73910e-04
5.71763e-04
5.70239e-04
5.69473e-04
5.69401e-04
5.69659e-04
5.69563e-04
5.68321e-04
5.65369e-04
5.60971e-04
5.55910e-04
5.50563e-04
5.45552e-04
5.41815e-04
5.38718e-04
5.34483e-04
5.28967e-04
5.21848e-04
5.10793e-04
4.95997e-04
4.81682e-04
4.71193e-04
4.65418e-04
4.61953e-04
4.58002e-04
4.53434e-04
4.48013e-04
4.40933e-04
4.31345e-04
4.18505e-04
4.02161e-04
3.83215e-04
3.64492e-04
3.51315e-04
3.48085e-04
3.51283e-04
3.55695e-04
3.61768e-04
3.69243e-04
3.77398e-04
3.94676e-04
4.29163e-04
4.73405e-04
5.21751e-04
5.81032e-04
6.50162e-04
7.17245e-04
7.70656e-04
8.01413e-04
8.05477e-04
7.80788e-04
7.28132e-04
6.57629e-04
5.87137e-04
5.31060e-04
4.96049e-04
4.79041e-04
4.75325e-04
4.80789e-04
4.90079e-04
4.96436e-04
4.91613e-04
4.66983e-04
4.15949e-04
3.38784e-04
2.48828e-04
1.76515e-04
1.55873e-04
2.01944e-04
2.89118e-04
3.55503e-04
3.74117e-04
3.50488e-04
2.92904e-04
2.25328e-04
1.85924e-04
1.93715e-04
2.37240e-04
2.93153e-04
3.40151e-04
3.78547e-04
4.15800e-04
4.54914e-04
4.93874e-04
5.20589e-04
5.13721e-04
4.71786e-04
4.32212e-04
4.14545e-04
4.01252e-04
3.71122e-04
2.98862e-04
1.58620e-04
-5.77498e-05
-3.32101e-04
-6.42358e-04
-9.64606e-04
-1.26924e-03
-1.52577e-03
-1.71028e-03
-1.82236e-03
-1.88947e-03
-1.93343e-03
-1.96948e-03
-2.00957e-03
-2.05944e-03
-2.11832e-03
-2.17807e-03
-2.22383e-03
-2.23557e-03
-2.19363e-03
-2.08754e-03
-1.93251e-03
-1.76888e-03
-1.61282e-03
-1.46532e-03
-1.35848e-03
-1.31317e-03
-1.29869e-03
-1.27186e-03
-1.19738e-03
-1.05436e-03
-8.55764e-04
-6.58446e-04
-5.21747e-04
-4.76732e-04
-5.66727e-04
-8.11638e-04
-1.11505e-03
-1.35692e-03
-1.52562e-03
-1.63645e-03
-1.68636e-03
-1.66845e-03
-1.57366e-03
-1.39796e-03
-1.16151e-03
-9.14136e-04
-6.76161e-04
-4.36730e-04
-2.32552e-04
-1.07868e-04
-4.85352e-05
-2.42838e-05
-1.79529e-05
-1.90660e-05
-2.36600e-05
-3.50444e-05
-6.05038e-05
-1.05872e-04
-1.68074e-04
-2.28867e-04
-2.50882e-04
-1.82022e-04
3.10870e-05
4.13819e-04
9.25282e-04
1.41012e-03
1.65177e-03
1.57225e-03
1.21030e-03
6.41961e-04
-4.43853e-05
-7.63424e-04
-1.43110e-03
-1.97236e-03
-2.33535e-03
-2.52322e-03
-2.60278e-03
-2.63389e-03
-2.65806e-03
-2.70317e-03
-2.77625e-03
-2.86109e-03
-2.91740e-03
-2.88719e-03
-2.70809e-03
-2.34167e-03
-1.81120e-03
-1.26003e-03
-9.21877e-04
-8.78105e-04
-1.04847e-03
-1.34155e-03
-1.70792e-03
-2.17519e-03
-2.74708e-03
-3.39106e-03
-4.12187e-03
-4.89770e-03
-5.54044e-03
-5.94331e-03
-6.14549e-03
-6.12938e-03
-5.83649e-03
-5.21842e-03
-4.29307e-03
-3.15696e-03
-1.80393e-03
-1.59202e-04
1.75637e-03
3.83033e-03
5.90696e-03
7.87420e-03
9.68381e-03
1.12448e-02
1.24539e-02
1.32519e-02
1.37154e-02
1.40403e-02
1.41970e-02
1.39857e-02
1.33100e-02
1.21959e-02
1.07690e-02
9.11652e-03
7.25697e-03
5.17180e-03
2.83551e-03
2.68561e-04
-2.37679e-03
-4.83774e-03
-7.02444e-03
-8.98773e-03
-1.07425e-02
-1.23142e-02
-1.37778e-02
-1.52839e-02
-1.69499e-02
-1.86078e-02
-2.01324e-02
-2.17565e-02
-2.36029e-02
-2.55149e-02
-2.73203e-02
-2.88195e-02
-2.97948e-02
-3.01350e-02
-2.98522e-02
-2.87790e-02
-2.67471e-02
-2.39742e-02
-2.07809e-02
-1.73026e-02
-1.37005e-02
-1.02108e-02
-7.00659e-03
-4.26014e-03
-2.21151e-03
-1.05768e-03
-8.25386e-04
-1.32603e-03
-2.18836e-03
-3.10297e-03
-3.80608e-03
-4.08124e-03
-3.84084e-03
-3.15993e-03
-2.19583e-03
-1.05629e-03
3.40449e-04
1.99810e-03
3.70420e-03
5.26949e-03
6.56856e-03
7.55281e-03
8.23719e-03
8.67415e-03
9.02021e-03
9.52895e-03
1.03813e-02
1.16021e-02
1.30152e-02
1.43811e-02
1.55425e-02
1.64731e-02
1.72229e-02
1.76531e-02
1.74132e-02
1.60487e-02
1.34608e-02
1.00766e-02
6.17467e-03
1.89593e-03
-2.64977e-03
-7.35665e-03
-1.20795e-02
-1.67132e-02
-2.11547e-02
-2.51442e-02
-2.83896e-02
-3.07555e-02
-3.22205e-02
-3.28863e-02
-3.30252e-02
-3.29958e-02
-3.28888e-02
-3.25831e-02
-3.18687e-02
-3.05099e-02
-2.83439e-02
-2.53005e-02
-2.14425e-02
-1.68870e-02
-1.18485e-02
-6.66348e-03
-1.73556e-03
2.54721e-03
6.00337e-03
8.55343e-03
1.00323e-02
1.03795e-02
9.73956e-03
8.22201e-03
5.96413e-03
3.16560e-03
1.85483e-05
-3.36406e-03
-6.88615e-03
-1.04020e-02
-1.36973e-02
-1.66581e-02
-1.95175e-02
-2.25915e-02
-2.60609e-02
-3.00260e-02
-3.44113e-02
-3.88436e-02
-4.27686e-02
-4.56941e-02
-4.74102e-02
-4.80754e-02
-4.78485e-02
-4.69020e-02
-4.54249e-02
-4.36003e-02
-4.15532e-02
-3.91218e-02
-3.59360e-02
-3.18429e-02
-2.69011e-02
-2.12203e-02
-1.50496e-02
-8.77384e-03
-2.67321e-03
3.08971e-03
8.34499e-03
1.28768e-02
1.64030e-02
1.87237e-02
1.98585e-02
1.99754e-02
1.93911e-02
1.83568e-02
1.69027e-02
1.48177e-02
1.20319e-02
8.73164e-03
5.06139e-03
1.14084e-03
-2.95866e-03
-7.19462e-03
-1.15076e-02
-1.57750e-02
-1.97722e-02
-2.31650e-02
-2.55840e-02
-2.67426e-02
-2.65780e-02
-2.53559e-02
-2.34446e-02
-2.13078e-02
-1.93583e-02
-1.77982e-02
-1.65241e-02
-1.51825e-02
-1.33267e-02
-1.07949e-02
-7.85423e-03
-5.15125e-03
-3.22962e-03
-2.23931e-03
-2.14564e-03
-2.61144e-03
-2.98390e-03
-2.61256e-03
-1.16625e-03
1.36067e-03
4.64278e-03
8.29347e-03
1.19105e-02
1.51357e-02
1.76158e-02
1.90033e-02
1.91172e-02
1.80427e-02
1.60615e-02
1.35782e-02
1.09551e-02
8.42008e-03
6.01457e-03
3.56662e-03
8.59419e-04
-2.10655e-03
-5.32484e-03
-8.94387e-03
-1.30621e-02
-1.75920e-02
-2.21768e-02
-2.63738e-02
-2.99246e-02
-3.25117e-02
-3.37366e-02
-3.35094e-02
-3.21103e-02
-2.98755e-02
-2.70741e-02
-2.37997e-02
-2.01856e-02
-1.64879e-02
-1.28352e-02
-9.24401e-03
-5.65157e-03
-2.02105e-03
1.59754e-03
5.19345e-03
8.83837e-03
1.26779e-02
1.68241e-02
2.12147e-02
2.56409e-02
2.97985e-02
3.34496e-02
3.64690e-02
3.88173e-02
4.05849e-02
4.19639e-02
4.30524e-02
4.38065e-02
4.40842e-02
4.37285e-02
4.26771e-02
4.10464e-02
3.91135e-02
3.69773e-02
3.46252e-02
3.22403e-02
3.00544e-02
2.81742e-02
2.66674e-02
2.55500e-02
2.46968e-02
2.39218e-02
2.31556e-02
2.22180e-02
2.07041e-02
1.83286e-02
1.51013e-02
1.13142e-02
7.31896e-03
3.24396e-03
-8.81912e-04
-5.05917e-03
-9.28167e-03
-1.33681e-02
-1.68109e-02
-1.89121e-02
-1.90415e-02
-1.69741e-02
-1.30275e-02
-7.83210e-03
-2.21623e-03
2.99186e-03
7.29654e-03
1.05375e-02
1.26199e-02
1.35702e-02
1.35190e-02
1.24213e-02
1.01125e-02
6.51057e-03
1.64472e-03
-4.39999e-03
-1.14226e-02
-1.90369e-02
-2.67947e-02
-3.40889e-02
-4.01327e-02
-4.42462e-02
-4.61044e-02
-4.56869e-02
-4.33330e-02
-3.94619e-02
-3.44208e-02
-2.84366e-02
-2.18269e-02
-1.50465e-02
-8.41034e-03
-2.12969e-03
3.64640e-03
8.77021e-03
1.30755e-02
1.63287e-02
1.83083e-02
1.88812e-02
1.80661e-02
1.61051e-02
1.32701e-02
9.98112e-03
6.83308e-03
4.41193e-03
3.13229e-03
3.21933e-03
4.69634e-03
7.56325e-03
1.17661e-02
1.71674e-02
2.35729e-02
3.06642e-02
3.80979e-02
4.55755e-02
5.29297e-02
5.99866e-02
6.65033e-02
7.22003e-02
7.67715e-02
7.99084e-02
8.14631e-02
8.15457e-02
8.02139e-02
7.75483e-02
7.36838e-02
6.89739e-02
6.40769e-02
5.96757e-02
5.63092e-02
5.41421e-02
5.29823e-02
5.24417e-02
5.22148e-02
5.21780e-02
5.23821e-02
5.30280e-02
5.43774e-02
5.65663e-02
5.94741e-02
6.28547e-02
6.63882e-02
6.98245e-02
7.28985e-02
7.52874e-02
7.67014e-02
7.70383e-02
7.65353e-02
7.56792e-02
7.49753e-02
7.44945e-02
7.38423e-02
7.25677e-02
7.04112e-02
6.74847e-02
6.40019e-02
6.01552e-02
5.60257e-02
5.15692e-02
4.66507e-02
4.11238e-02
3.49298e-02
2.80870e-02
2.06763e-02
1.27172e-02
4.27199e-03
-4.51418e-03
-1.36215e-02
-2.31361e-02
-3.31203e-02
-4.33526e-02
-5.31753e-02
-6.18477e-02
-6.86941e-02
-7.30284e-02
-7.43387e-02
-7.24192e-02
-6.75590e-02
-6.06167e-02
-5.22294e-02
-4.29089e-02
-3.30955e-02
-2.31726e-02
-1.35260e-02
-4.45368e-03
3.79402e-03
1.09791e-02
1.70814e-02
2.23979e-02
2.71692e-02
3.15765e-02
3.58357e-02
4.01404e-02
4.45925e-02
4.91881e-02
5.38548e-02
5.85831e-02
6.33379e-02
6.79526e-02
7.22572e-02
7.61339e-02
7.94147e-02
8.19791e-02
8.38554e-02
8.51396e-02
8.59835e-02
8.67106e-02
8.77495e-02
8.93509e-02
9.14470e-02
9.36313e-02
9.55001e-02
9.68377e-02
9.77136e-02
9.84588e-02
9.94739e-02
1.00876e-01
1.02403e-01
1.03788e-01
1.04812e-01
1.05341e-01
1.05375e-01
1.05058e-01
1.04615e-01
1.04284e-01
1.04209e-01
1.04482e-01
1.05186e-01
1.06317e-01
1.07852e-01
1.09934e-01
1.12561e-01
1.15374e-01
1.18090e-01
1.20545e-01
1.22386e-01
1.23225e-01
1.22809e-01
1.20831e-01
1.16978e-01
1.11069e-01
1.03142e-01
9.33350e-02
8.19686e-02
6.95622e-02
5.65018e-02
4.31297e-02
2.98663e-02
1.70345e-02
4.72643e-03
-7.15334e-03
-1.88791e-02
-3.08231e-02
-4.33235e-02
-5.65451e-02
-7.05496e-02
-8.52919e-02
-1.00448e-01
-1.15497e-01
-1.30072e-01
-1.43956e-01
-1.57055e-01
-1.69430e-01
-1.81258e-01
-1.92588e-01
-2.03270e-01
-2.12903e-01
-2.20974e-01
-2.26979e-01
-2.30206e-01
-2.30043e-01
-2.26391e-01
-2.19803e-01
-2.11217e-01
-2.01320e-01
-1.90268e-01
-1.77848e-01
-1.63660e-01
-1.47279e-01
-1.28390e-01
-1.06873e-01
-8.29040e-02
-5.71569e-02
-3.06728e-02
-4.80574e-03
1.90985e-02
4.00043e-02
5.73879e-02
7.10033e-02
8.09376e-02
8.72462e-02
8.99990e-02
8.92774e-02
8.52904e-02
7.85293e-02
6.91626e-02
5.73015e-02
4.31434e-02
2.69519e-02
9.07868e-03
-9.99167e-03
-2.96011e-02
-4.92760e-02
-6.85746e-02
-8.69504e-02
-1.03981e-01
-1.19499e-01
-1.33392e-01
-1.45623e-01
-1.56116e-01
-1.64870e-01
-1.72024e-01
-1.77685e-01
-1.81982e-01
-1.85024e-01
-1.86929e-01
-1.87706e-01
-1.87386e-01
-1.86100e-01
-1.83879e-01
-1.80692e-01
-1.76508e-01
-1.71410e-01
-1.65641e-01
-1.59403e-01
-1.52789e-01
-1.45830e-01
-1.38484e-01
-1.30521e-01
-1.21501e-01
-1.10789e-01
-9.76899e-02
-8.17227e-02
-6.28274e-02
-4.14411e-02
-1.82061e-02
6.17407e-03
3.09761e-02
5.54253e-02
7.86978e-02
1.00092e-01
1.19094e-01
1.35426e-01
1.49064e-01
1.60286e-01
1.69208e-01
1.75931e-01
1.80573e-01
1.83279e-01
1.84217e-01
1.83433e-01
1.80967e-01
1.76892e-01
1.71302e-01
1.64175e-01
1.55443e-01
1.45129e-01
1.33389e-01
1.20543e-01
1.06824e-01
9.24579e-02
7.77127e-02
6.27349e-02
4.75457e-02
3.21124e-02
1.64343e-02
6.33758e-04
-1.49373e-02
-2.96934e-02
-4.30200e-02
-5.45575e-02
-6.44570e-02
-7.30431e-02
-8.02654e-02
-8.60196e-02
-9.03505e-02
-9.32575e-02
-9.47660e-02
-9.48495e-02
-9.35250e-02
-9.09469e-02
-8.74559e-02
-8.36099e-02
-7.98813e-02
-7.66527e-02
-7.41820e-02
-7.24238e-02
-7.09907e-02
-6.94779e-02
-6.75547e-02
-6.49935e-02
-6.17136e-02
-5.77347e-02
-5.30333e-02
-4.74763e-02
-4.07782e-02
-3.26811e-02
-2.31637e-02
-1.23592e-02
-4.68794e-04
1.22581e-02
2.54479e-02
3.86372e-02
5.14936e-02
6.41007e-02
7.66827e-02
8.93923e-02
1.02251e-01
1.15189e-01
1.28188e-01
1.40944e-01
1.52612e-01
1.62306e-01
1.69354e-01
1.73064e-01
1.73008e-01
1.69145e-01
1.61838e-01
1.51807e-01
1.39621e-01
1.25818e-01
1.11016e-01
9.58535e-02
8.08302e-02
6.63827e-02
5.28614e-02
4.02465e-02
2.82316e-02
1.66201e-02
5.39294e-03
-5.29669e-03
-1.53260e-02
-2.47174e-02
-3.34822e-02
-4.16932e-02
-4.94905e-02
-5.70614e-02
-6.45905e-02
-7.21264e-02
-7.95947e-02
-8.69305e-02
-9.40018e-02
-1.00540e-01
-1.06213e-01
-1.10723e-01
-1.13825e-01
-1.15456e-01
-1.15734e-01
-1.14949e-01
-1.13510e-01
-1.11843e-01
-1.10360e-01
-1.09316e-01
-1.08724e-01
-1.08321e-01
-1.07730e-01
-1.06617e-01
-1.04766e-01
-1.02094e-01
-9.85348e-02
-9.40819e-02
-8.88449e-02
-8.30942e-02
-7.72757e-02
-7.18065e-02
-6.70411e-02
-6.32244e-02
-6.04143e-02
-5.84841e-02
-5.74056e-02
-5.71662e-02
-5.76194e-02
-5.85185e-02
-5.96050e-02
-6.08131e-02
-6.22208e-02
-6.37135e-02
-6.50783e-02
-6.62233e-02
-6.72311e-02
-6.83391e-02
-6.96691e-02
-7.12717e-02
-7.33389e-02
-7.60269e-02
-7.93113e-02
-8.31247e-02
-8.73822e-02
-9.20278e-02
-9.69550e-02
-1.01934e-01
-1.06666e-01
-1.10840e-01
-1.14194e-01
-1.16592e-01
-1.18030e-01
-1.18645e-01
-1.18641e-01
-1.18162e-01
-1.17236e-01
-1.15698e-01
-1.13380e-01
-1.10334e-01
-1.06708e-01
-1.02634e-01
-9.82013e-02
-9.34888e-02
-8.86145e-02
-8.36844e-02
-7.87312e-02
-7.37194e-02
-6.85598e-02
-6.31170e-02
-5.72646e-02
-5.09334e-02
-4.41077e-02
-3.68086e-02
-2.90496e-02
-2.08981e-02
-1.25555e-02
-4.23053e-03
3.99709e-03
1.20639e-02
1.98715e-02
2.73176e-02
3.43380e-02
4.09321e-02
4.70094e-02
5.23453e-02
5.68399e-02
6.05462e-02
6.33859e-02
6.53056e-02
6.63823e-02
6.66105e-02
6.58417e-02
6.38008e-02
6.03112e-02
5.55064e-02
4.96203e-02
4.28097e-02
3.52189e-02
2.70685e-02
1.86424e-02
1.02202e-02
1.96907e-03
-5.92961e-03
-1.32287e-02
-1.96744e-02
-2.50571e-02
-2.92187e-02
-3.20843e-02
-3.36835e-02
-3.41628e-02
-3.38063e-02
-3.27803e-02
-3.11732e-02
-2.90435e-02
-2.65544e-02
-2.40449e-02
-2.18089e-02
-2.00964e-02
-1.91666e-02
-1.90161e-02
-1.91920e-02
-1.91634e-02
-1.84743e-02
-1.66637e-02
-1.34692e-02
-9.00069e-03
-3.46058e-03
3.04889e-03
1.03396e-02
1.81254e-02
2.63224e-02
3.48502e-02
4.34335e-02
5.17551e-02
5.95649e-02
6.67291e-02
7.32193e-02
7.89527e-02
8.38083e-02
8.76472e-02
9.03723e-02
9.20147e-02
9.26537e-02
9.24830e-02
9.17612e-02
9.07157e-02
8.95452e-02
8.86339e-02
8.85008e-02
8.94442e-02
9.14029e-02
9.39600e-02
9.67859e-02
9.98393e-02
1.03197e-01
1.06925e-01
1.10889e-01
1.14814e-01
1.18423e-01
1.21609e-01
1.24480e-01
1.27145e-01
1.29648e-01
1.31904e-01
1.33810e-01
1.35345e-01
1.36497e-01
1.37268e-01
1.37615e-01
1.37527e-01
1.37052e-01
1.36107e-01
1.34480e-01
1.32095e-01
1.29037e-01
1.25413e-01
1.21260e-01
1.16478e-01
1.10909e-01
1.04428e-01
9.69457e-02
8.84533e-02
7.89793e-02
6.85556e-02
5.72480e-02
4.51956e-02
3.26390e-02
1.98037e-02
6.87765e-03
-6.00170e-03
-1.87427e-02
-3.12312e-02
-4.31751e-02
-5.42083e-02
-6.40844e-02
-7.26700e-02
-7.99316e-02
-8.57557e-02
-8.99843e-02
-9.23793e-02
-9.27696e-02
-9.11468e-02
-8.76285e-02
-8.24899e-02
-7.59140e-02
-6.81003e-02
-5.92907e-02
-4.98103e-02
-4.00733e-02
-3.04502e-02
-2.12377e-02
-1.26477e-02
-4.79059e-03
2.27808e-03
8.45215e-03
1.35824e-02
1.76708e-02
2.09182e-02
2.35199e-02
2.57280e-02
2.78740e-02
3.02859e-02
3.32373e-02
3.68816e-02
4.12011e-02
4.60281e-02
5.11507e-02
5.63956e-02
6.15940e-02
6.66253e-02
7.15612e-02
7.65042e-02
8.13692e-02
8.59661e-02
9.00740e-02
9.34997e-02
9.61506e-02
9.80334e-02
9.92164e-02
9.97584e-02
9.96911e-02
9.90377e-02
9.77543e-02
9.57664e-02
9.29711e-02
8.92898e-02
8.47040e-02
7.91516e-02
7.25940e-02
6.50595e-02
5.66663e-02
4.75796e-02
3.79213e-02
2.78031e-02
1.74416e-02
7.11579e-03
-3.02597e-03
-1.28786e-02
-2.23179e-02
-3.12633e-02
-3.97074e-02
-4.76344e-02
-5.50269e-02
-6.18303e-02
-6.79329e-02
-7.32227e-02
-7.77474e-02
-8.17026e-02
-8.51437e-02
-8.79479e-02
-8.98425e-02
-9.06928e-02
-9.06114e-02
-8.95351e-02
-8.73890e-02
-8.42643e-02
-8.02963e-02
-7.55924e-02
-7.02728e-02
-6.45399e-02
-5.86546e-02
-5.29273e-02
-4.76475e-02
-4.30188e-02
-3.90914e-02
-3.57698e-02
-3.28333e-02
-3.00938e-02
-2.73534e-02
-2.43936e-02
-2.11420e-02
-1.76654e-02
-1.38759e-02
-9.52905e-03
-4.31246e-03
1.87669e-03
8.76908e-03
1.60728e-02
2.34694e-02
3.05396e-02
3.69053e-02
4.23667e-02
4.68209e-02
5.02712e-02
5.28574e-02
5.47928e-02
5.61256e-02
5.68330e-02
5.69335e-02
5.64988e-02
5.56659e-02
5.44497e-02
5.28074e-02
5.07343e-02
4.83731e-02
4.60474e-02
4.40186e-02
4.23876e-02
4.10593e-02
3.99496e-02
3.91895e-02
3.88310e-02
3.87484e-02
3.88845e-02
3.92006e-02
3.96018e-02
3.98972e-02
3.98100e-02
3.91606e-02
3.78944e-02
3.59011e-02
3.31486e-02
2.97958e-02
2.61028e-02
2.23708e-02
1.88396e-02
1.56401e-02
1.27583e-02
1.00614e-02
7.38277e-03
4.66467e-03
1.99177e-03
-5.55065e-04
-2.93713e-03
-5.18262e-03
-7.33137e-03
-9.38609e-03
-1.13195e-02
-1.30861e-02
-1.46427e-02
-1.60004e-02
-1.72544e-02
-1.85058e-02
-1.98151e-02
-2.11990e-02
-2.26868e-02
-2.44247e-02
-2.65486e-02
-2.90660e-02
-3.18938e-02
-3.48655e-02
-3.78192e-02
-4.05984e-02
-4.30585e-02
-4.51263e-02
-4.68212e-02
-4.81728e-02
-4.91819e-02
-4.97343e-02
-4.96550e-02
-4.87885e-02
-4.70292e-02
-4.44198e-02
-4.11827e-02
-3.76485e-02
-3.39914e-02
-3.02227e-02
-2.62495e-02
-2.20491e-02
-1.77442e-02
-1.35172e-02
-9.53999e-03
-5.86018e-03
-2.42584e-03
8.78753e-04
4.12272e-03
7.30271e-03
1.03590e-02
1.33002e-02
1.62802e-02
1.93474e-02
2.24273e-02
2.56233e-02
2.90536e-02
3.26008e-02
3.60847e-02
3.94024e-02
4.25550e-02
4.55722e-02
4.82736e-02
5.04673e-02
5.21827e-02
5.35372e-02
5.46670e-02
5.56320e-02
5.64075e-02
5.68991e-02
5.69840e-02
5.65160e-02
5.51293e-02
5.23973e-02
4.83329e-02
4.32076e-02
3.71222e-02
3.02000e-02
2.26995e-02
1.48485e-02
6.85023e-03
-1.16271e-03
-9.09678e-03
-1.68696e-02
-2.44162e-02
-3.16549e-02
-3.83536e-02
-4.42661e-02
-4.93272e-02
-5.35104e-02
-5.67163e-02
-5.88127e-02
-5.97384e-02
-5.95518e-02
-5.84117e-02
-5.64354e-02
-5.36213e-02
-4.98956e-02
-4.52878e-02
-3.99491e-02
-3.39517e-02
-2.74547e-02
-2.08116e-02
-1.43957e-02
-8.52147e-03
-3.40641e-03
7.97690e-04
3.89000e-03
5.68787e-03
6.10612e-03
5.13692e-03
2.97479e-03
-1.40684e-05
-3.45480e-03
-7.19015e-03
-1.10952e-02
-1.49747e-02
-1.86794e-02
-2.20989e-02
-2.51535e-02
-2.77418e-02
-2.97221e-02
-3.10219e-02
-3.16706e-02
-3.16258e-02
-3.09067e-02
-2.96874e-02
-2.80607e-02
-2.59610e-02
-2.34100e-02
-2.06070e-02
-1.78706e-02
-1.54893e-02
-1.35606e-02
-1.21407e-02
-1.13117e-02
-1.12464e-02
-1.21108e-02
-1.39373e-02
-1.66245e-02
-1.99550e-02
-2.37023e-02
-2.76494e-02
-3.16711e-02
-3.57203e-02
-3.97990e-02
-4.39363e-02
-4.81549e-02
-5.24323e-02
-5.66643e-02
-6.06619e-02
-6.42874e-02
-6.75533e-02
-7.04440e-02
-7.28836e-02
-7.48053e-02
-7.61503e-02
-7.68543e-02
-7.69999e-02
-7.68573e-02
-7.65458e-02
-7.60290e-02
-7.53001e-02
-7.44391e-02
-7.36195e-02
-7.28807e-02
-7.20766e-02
-7.11776e-02
-7.02581e-02
-6.93800e-02
-6.86061e-02
-6.79828e-02
-6.74945e-02
-6.70794e-02
-6.67474e-02
-6.64839e-02
-6.61403e-02
-6.55435e-02
-6.45885e-02
-6.32917e-02
-6.17273e-02
-5.98378e-02
-5.75783e-02
-5.50073e-02
-5.20689e-02
-4.86281e-02
-4.47140e-02
-4.04731e-02
-3.60216e-02
-3.13645e-02
-2.64518e-02
-2.15292e-02
-1.69633e-02
-1.27406e-02
-8.78255e-03
-5.19534e-03
-1.91375e-03
1.30579e-03
4.44750e-03
7.38646e-03
1.01378e-02
1.27985e-02
1.54881e-02
1.82248e-02
2.09426e-02
2.36161e-02
2.62757e-02
2.89894e-02
3.17228e-02
3.43137e-02
3.66236e-02
3.85917e-02
4.02475e-02
4.15438e-02
4.22943e-02
4.23892e-02
4.18113e-02
4.04672e-02
3.82281e-02
3.49750e-02
3.06674e-02
2.54315e-02
1.94506e-02
1.29760e-02
6.22287e-03
-6.90948e-04
-7.71844e-03
-1.46915e-02
-2.13682e-02
-2.76995e-02
-3.37057e-02
-3.93288e-02
-4.44998e-02
-4.91603e-02
-5.31694e-02
-5.64112e-02
-5.88787e-02
-6.04902e-02
-6.10076e-02
-6.02175e-02
-5.80656e-02
-5.46133e-02
-5.00531e-02
-4.46250e-02
-3.85647e-02
-3.21152e-02
-2.54796e-02
-1.88067e-02
-1.21440e-02
-5.57480e-03
7.02063e-04
6.53186e-03
1.18439e-02
1.65851e-02
2.07416e-02
2.43300e-02
2.73824e-02
2.99575e-02
3.20743e-02
3.37176e-02
3.48085e-02
3.53193e-02
3.53413e-02
3.49278e-02
3.41184e-02
3.30266e-02
3.18247e-02
3.06665e-02
2.95493e-02
2.83290e-02
2.70391e-02
2.58149e-02
2.46716e-02
2.36073e-02
2.26684e-02
2.19254e-02
2.14450e-02
2.12702e-02
2.14642e-02
2.21456e-02
2.34008e-02
2.52198e-02
2.75349e-02
3.01915e-02
3.29751e-02
3.56880e-02
3.81994e-02
4.04699e-02
4.25134e-02
4.43004e-02
4.57804e-02
4.68884e-02
4.74454e-02
4.72828e-02
4.64912e-02
4.53098e-02
4.39158e-02
4.23332e-02
4.04520e-02
3.82162e-02
3.56421e-02
3.28009e-02
2.99363e-02
2.74414e-02
2.55225e-02
2.41741e-02
2.33393e-02
2.29042e-02
2.27390e-02
2.28120e-02
2.31997e-02
2.40416e-02
2.54454e-02
2.74212e-02
3.00039e-02
3.32376e-02
3.70557e-02
4.13166e-02
4.59300e-02
5.07704e-02
5.56345e-02
6.03563e-02
6.48296e-02
6.90137e-02
7.28740e-02
7.63369e-02
7.93440e-02
8.18745e-02
8.38656e-02
8.52106e-02
8.57686e-02
8.55279e-02
8.46520e-02
8.31399e-02
8.09086e-02
7.79129e-02
7.41835e-02
6.98520e-02
6.50080e-02
5.96929e-02
5.38678e-02
4.75039e-02
4.06799e-02
3.35808e-02
2.64466e-02
1.93250e-02
1.22352e-02
5.34291e-03
-1.31225e-03
-7.89619e-03
-1.44775e-02
-2.09859e-02
-2.72284e-02
-3.30154e-02
-3.82834e-02
-4.30750e-02
-4.74923e-02
-5.15184e-02
-5.51631e-02
-5.85802e-02
-6.18532e-02
-6.49359e-02
-6.76812e-02
-6.98824e-02
-7.13526e-02
-7.20977e-02
-7.23642e-02
-7.22988e-02
-7.18662e-02
-7.08094e-02
-6.89508e-02
-6.64316e-02
-6.34852e-02
-6.03489e-02
-5.70824e-02
-5.37540e-02
-5.06137e-02
-4.78220e-02
-4.53499e-02
-4.30824e-02
-4.08500e-02
-3.85079e-02
-3.59777e-02
-3.32401e-02
-3.02291e-02
-2.69239e-02
-2.35123e-02
-2.02246e-02
-1.72014e-02
-1.45999e-02
-1.25648e-02
-1.11362e-02
-1.02177e-02
-9.61573e-03
-9.22684e-03
-9.05252e-03
-8.99708e-03
-8.88249e-03
-8.53670e-03
-7.79536e-03
-6.55551e-03
-4.86882e-03
-2.83310e-03
-2.86666e-04
2.92602e-03
6.71173e-03
1.08531e-02
1.50835e-02
1.93094e-02
2.35550e-02
2.78510e-02
3.22295e-02
3.66799e-02
4.11091e-02
4.53997e-02
4.95265e-02
5.34866e-02
5.72590e-02
6.08353e-02
6.41764e-02
6.71080e-02
6.94787e-02
7.12898e-02
7.25489e-02
7.32402e-02
7.32812e-02
7.26304e-02
7.13787e-02
6.96505e-02
6.75598e-02
6.51408e-02
6.23996e-02
5.93702e-02
5.60753e-02
5.25241e-02
4.87811e-02
4.49614e-02
4.11410e-02
3.74762e-02
3.42466e-02
3.15106e-02
2.90526e-02
2.67787e-02
2.47129e-02
2.29708e-02
2.17508e-02
2.12457e-02
2.15045e-02
2.23856e-02
2.36830e-02
2.52533e-02
2.70755e-02
2.90669e-02
3.10381e-02
3.27906e-02
3.41125e-02
3.47836e-02
3.45396e-02
3.31724e-02
3.07143e-02
2.74434e-02
2.36746e-02
1.94945e-02
1.47065e-02
9.21320e-03
3.09168e-03
-3.51110e-03
-1.03111e-02
-1.69329e-02
-2.32104e-02
-2.92231e-02
-3.50579e-02
-4.07197e-02
-4.60606e-02
-5.09055e-02
-5.51427e-02
-5.86644e-02
-6.14431e-02
-6.35361e-02
-6.49929e-02
-6.58441e-02
-6.62233e-02
-6.63500e-02
-6.63476e-02
-6.62701e-02
-6.61367e-02
-6.59375e-02
-6.56619e-02
-6.53103e-02
-6.48182e-02
-6.39867e-02
-6.26518e-02
-6.07885e-02
-5.84576e-02
-5.58397e-02
-5.31664e-02
-5.04810e-02
-4.75914e-02
-4.45311e-02
-4.15206e-02
-3.85956e-02
-3.56873e-02
-3.27393e-02
-2.98460e-02
-2.72074e-02
-2.48200e-02
-2.25751e-02
-2.04369e-02
-1.84190e-02
-1.65735e-02
-1.49813e-02
-1.37023e-02
-1.27290e-02
-1.20229e-02
-1.15307e-02
-1.11357e-02
-1.06928e-02
-1.01723e-02
-9.70260e-03
-9.55115e-03
-9.95508e-03
-1.10104e-02
-1.26912e-02
-1.47771e-02
-1.68867e-02
-1.86990e-02
-2.00860e-02
-2.10492e-02
-2.17205e-02
-2.22838e-02
-2.28552e-02
-2.34217e-02
-2.39619e-02
-2.44303e-02
-2.46366e-02
-2.43899e-02
-2.36549e-02
-2.25496e-02
-2.12976e-02
-1.99687e-02
-1.85397e-02
-1.70284e-02
-1.55242e-02
-1.41838e-02
-1.30881e-02
-1.22516e-02
-1.17049e-02
-1.14285e-02
-1.13234e-02
-1.13110e-02
-1.13462e-02
-1.14004e-02
-1.14554e-02
-1.14939e-02
-1.14919e-02
-1.14142e-02
-1.12218e-02
-1.08904e-02
-1.04411e-02
-9.98893e-03
-9.68170e-03
-9.37359e-03
-8.81875e-03
-8.17721e-03
-7.67426e-03
-7.26324e-03
-6.71537e-03
-5.74677e-03
-4.31864e-03
-2.49594e-03
-2.23541e-04
2.60306e-03
6.04871e-03
1.00508e-02
1.44430e-02
1.91022e-02
2.40160e-02
2.92578e-02
3.47782e-02
4.04422e-02
4.62086e-02
5.19822e-02
5.75318e-02
6.26528e-02
6.72749e-02
7.15154e-02
7.54700e-02
7.90347e-02
8.22276e-02
8.52050e-02
8.78559e-02
9.00204e-02
9.17369e-02
9.29536e-02
9.34821e-02
9.32765e-02
9.24457e-02
9.11263e-02
8.94947e-02
8.77427e-02
8.59586e-02
8.41067e-02
8.20563e-02
7.97377e-02
7.72408e-02
7.46042e-02
7.18322e-02
6.90696e-02
6.65266e-02
6.43555e-02
6.25758e-02
6.10857e-02
5.99078e-02
5.90709e-02
5.84696e-02
5.80564e-02
5.78841e-02
5.78889e-02
5.78821e-02
5.76404e-02
5.69168e-02
5.55030e-02
5.33643e-02
5.06717e-02
4.76467e-02
4.45333e-02
4.15180e-02
3.85469e-02
3.53707e-02
3.18681e-02
2.80825e-02
2.41836e-02
2.04275e-02
1.70956e-02
1.44415e-02
1.26339e-02
1.17478e-02
1.16786e-02
1.21554e-02
1.30664e-02
1.43745e-02
1.59108e-02
1.75088e-02
1.90736e-02
2.03927e-02
2.11525e-02
2.11195e-02
2.00787e-02
1.78017e-02
1.43086e-02
9.94661e-03
4.96383e-03
-4.68197e-04
-6.24156e-03
-1.22472e-02
-1.83227e-02
-2.43442e-02
-3.02127e-02
-3.58473e-02
-4.12366e-02
-4.64455e-02
-5.15092e-02
-5.64213e-02
-6.11573e-02
-6.56980e-02
-7.00336e-02
-7.40549e-02
-7.75527e-02
-8.02799e-02
-8.20956e-02
-8.30603e-02
-8.32625e-02
-8.27581e-02
-8.15532e-02
-7.97343e-02
-7.75659e-02
-7.52635e-02
-7.28765e-02
-7.04671e-02
-6.81711e-02
-6.61912e-02
-6.46705e-02
-6.35910e-02
-6.29487e-02
-6.27550e-02
-6.29512e-02
-6.34148e-02
-6.40220e-02
-6.47413e-02
-6.56238e-02
-6.66229e-02
-6.76937e-02
-6.89848e-02
-7.05725e-02
-7.23037e-02
-7.40278e-02
-7.56428e-02
-7.70764e-02
-7.82263e-02
-7.89265e-02
-7.91637e-02
-7.90595e-02
-7.84845e-02
-7.72760e-02
-7.55151e-02
-7.32823e-02
-7.05744e-02
-6.74026e-02
-6.38122e-02
-5.98198e-02
-5.53858e-02
-5.04224e-02
-4.48961e-02
-3.89023e-02
-3.26242e-02
-2.62160e-02
-1.96890e-02
-1.30526e-02
-6.41369e-03
-6.41764e-06
5.87414e-03
1.10125e-02
1.53002e-02
1.87558e-02
2.13854e-02
2.32287e-02
2.43525e-02
2.47702e-02
2.44240e-02
2.33526e-02
2.17659e-02
1.99028e-02
1.80281e-02
1.63891e-02
1.51748e-02
1.45040e-02
1.44979e-02
1.51706e-02
1.63281e-02
1.76676e-02
1.88770e-02
1.97781e-02
2.03393e-02
2.05878e-02
2.05496e-02
2.01979e-02
1.94809e-02
1.83941e-02
1.70453e-02
1.55584e-02
1.39439e-02
1.22583e-02
1.06509e-02
9.21148e-03
8.02635e-03
7.25582e-03
6.93738e-03
6.88404e-03
6.89724e-03
6.86585e-03
6.87503e-03
7.03396e-03
7.29028e-03
7.50760e-03
7.53585e-03
7.37231e-03
7.15673e-03
7.08517e-03
7.26689e-03
7.69156e-03
8.47692e-03
9.77223e-03
1.15550e-02
1.36187e-02
1.56253e-02
1.73559e-02
1.87733e-02
1.99324e-02
2.09457e-02
2.18818e-02
2.25932e-02
2.27463e-02
2.22030e-02
2.10626e-02
1.95368e-02
1.78504e-02
1.61370e-02
1.44228e-02
1.26785e-02
1.09548e-02
9.32058e-03
7.77156e-03
6.20731e-03
4.46399e-03
2.47971e-03
2.81255e-04
-2.07710e-03
-4.45152e-03
-6.61947e-03
-8.44563e-03
-9.82934e-03
-1.05045e-02
-1.02409e-02
-9.03330e-03
-7.04449e-03
-4.54219e-03
-1.57814e-03
1.87915e-03
5.77334e-03
1.01068e-02
1.49566e-02
2.03560e-02
2.62303e-02
3.24220e-02
3.86935e-02
4.47891e-02
5.05952e-02
5.61196e-02
6.12452e-02
6.58559e-02
6.99669e-02
7.35578e-02
7.65449e-02
7.88863e-02
8.05555e-02
8.14163e-02
8.13763e-02
8.05063e-02
7.89428e-02
7.68647e-02
7.43335e-02
7.13611e-02
6.79818e-02
6.42195e-02
6.00933e-02
5.55453e-02
5.05259e-02
4.50839e-02
3.93730e-02
3.36369e-02
2.81152e-02
2.30712e-02
1.88733e-02
1.57543e-02
1.36432e-02
1.24816e-02
1.22387e-02
1.27455e-02
1.37905e-02
1.53357e-02
1.74182e-02
2.00603e-02
2.33043e-02
2.71512e-02
3.15595e-02
3.64080e-02
4.14918e-02
4.65742e-02
5.13926e-02
5.56580e-02
5.91358e-02
6.17125e-02
6.33206e-02
6.39415e-02
6.36335e-02
6.25596e-02
6.08728e-02
5.86201e-02
5.56976e-02
5.19608e-02
4.73426e-02
4.18703e-02
3.56937e-02
2.89988e-02
2.18662e-02
1.42299e-02
5.95900e-03
-3.00477e-03
-1.25349e-02
-2.24864e-02
-3.27719e-02
-4.31246e-02
-5.31211e-02
-6.24761e-02
-7.10635e-02
-7.88898e-02
-8.59982e-02
-9.24462e-02
-9.82485e-02
-1.03404e-01
-1.07883e-01
-1.11659e-01
-1.14758e-01
-1.17262e-01
-1.19294e-01
-1.20855e-01
-1.21893e-01
-1.22377e-01
-1.22280e-01
-1.21613e-01
-1.20388e-01
-1.18658e-01
-1.16496e-01
-1.13966e-01
-1.11152e-01
-1.08229e-01
-1.05377e-01
-1.02557e-01
-9.96962e-02
-9.68508e-02
-9.40911e-02
-9.14604e-02
-8.89783e-02
-8.66961e-02
-8.47467e-02
-8.31532e-02
-8.17683e-02
-8.05194e-02
-7.93343e-02
-7.80134e-02
-7.64734e-02
-7.48935e-02
-7.34715e-02
-7.23228e-02
-7.14393e-02
-7.06828e-02
-6.98595e-02
-6.88582e-02
-6.77135e-02
-6.64890e-02
-6.52006e-02
-6.37025e-02
-6.17793e-02
-5.92743e-02
-5.62036e-02
-5.27081e-02
-4.87479e-02
-4.42560e-02
-3.92862e-02
-3.38410e-02
-2.78802e-02
-2.14369e-02
-1.46644e-02
-7.80415e-03
-1.13518e-03
5.09108e-03
1.07077e-02
1.56784e-02
2.00450e-02
2.38264e-02
2.69230e-02
2.92193e-02
3.06256e-02
3.09275e-02
2.99984e-02
2.79751e-02
2.50394e-02
2.13247e-02
1.69316e-02
1.19831e-02
6.61714e-03
1.00869e-03
-4.64167e-03
-1.02024e-02
-1.55860e-02
-2.06202e-02
-2.51794e-02
-2.93263e-02
-3.31598e-02
-3.67634e-02
-4.02596e-02
-4.37585e-02
-4.72457e-02
-5.06781e-02
-5.40464e-02
-5.72399e-02
-6.00179e-02
-6.20469e-02
-6.30098e-02
-6.27277e-02
-6.11911e-02
-5.85741e-02
-5.50151e-02
-5.06791e-02
-4.57853e-02
-4.05256e-02
-3.50167e-02
-2.93836e-02
-2.37843e-02
-1.82947e-02
-1.29985e-02
-8.06819e-03
-3.58799e-03
5.22458e-04
4.28461e-03
7.68613e-03
1.07367e-02
1.34219e-02
1.56796e-02
1.74889e-02
1.89239e-02
2.00742e-02
2.09263e-02
2.12319e-02
2.08133e-02
1.97857e-02
1.84272e-02
1.70506e-02
1.56857e-02
1.43288e-02
1.31786e-02
1.23605e-02
1.18418e-02
1.15556e-02
1.14357e-02
1.14928e-02
1.18067e-02
1.24881e-02
1.36152e-02
1.51997e-02
1.72346e-02
1.97024e-02
2.25799e-02
2.57437e-02
2.89776e-02
3.22525e-02
3.56604e-02
3.92665e-02
4.30545e-02
4.68936e-02
5.06252e-02
5.40944e-02
5.71664e-02
5.97088e-02
6.15754e-02
6.27413e-02
6.33556e-02
6.35418e-02
6.33894e-02
6.29162e-02
6.21191e-02
6.10229e-02
5.96144e-02
5.78952e-02
5.59556e-02
5.39510e-02
5.20420e-02
5.03947e-02
4.91464e-02
4.83392e-02
4.79022e-02
4.77123e-02
4.76500e-02
4.76462e-02
4.76745e-02
4.77367e-02
4.78462e-02
4.80004e-02
4.81548e-02
4.82031e-02
4.79776e-02
4.72869e-02
4.60888e-02
4.46708e-02
4.33162e-02
4.20429e-02
4.08400e-02
3.97243e-02
3.87244e-02
3.79010e-02
3.73463e-02
3.71451e-02
3.73507e-02
3.80579e-02
3.93252e-02
4.10884e-02
4.32478e-02
4.57585e-02
4.85505e-02
5.15035e-02
5.45544e-02
5.76683e-02
6.07988e-02
6.38690e-02
6.67526e-02
6.92790e-02
7.12763e-02
7.26438e-02
7.33930e-02
7.36252e-02
7.33935e-02
7.26720e-02
7.14394e-02
6.97159e-02
6.75374e-02
6.49675e-02
6.21232e-02
5.92724e-02
5.67828e-02
5.47973e-02
5.32729e-02
5.21277e-02
5.12692e-02
5.06064e-02
5.00151e-02
4.92973e-02
4.81745e-02
4.64230e-02
4.40099e-02
4.09880e-02
3.74780e-02
3.36217e-02
2.95721e-02
2.54344e-02
2.12975e-02
1.72709e-02
1.35043e-02
1.01800e-02
7.48057e-03
5.57491e-03
4.61924e-03
4.68807e-03
5.71173e-03
7.57513e-03
1.01099e-02
1.32107e-02
1.68343e-02
2.09631e-02
2.54729e-02
3.00930e-02
3.46432e-02
3.90425e-02
4.32968e-02
4.74259e-02
5.13925e-02
5.50997e-02
5.84094e-02
6.11779e-02
6.32645e-02
6.45250e-02
6.48487e-02
6.42448e-02
6.28791e-02
6.10286e-02
5.88393e-02
5.63780e-02
5.37154e-02
5.09842e-02
4.84012e-02
4.61363e-02
4.42594e-02
4.27129e-02
4.14665e-02
4.05617e-02
3.99053e-02
3.93007e-02
3.86800e-02
3.80044e-02
3.71844e-02
3.62420e-02
3.52962e-02
3.42389e-02
3.28547e-02
3.10646e-02
2.87877e-02
2.58622e-02
2.21678e-02
1.77150e-02
1.26205e-02
6.97437e-03
6.59258e-04
-6.42760e-03
-1.42212e-02
-2.26295e-02
-3.14680e-02
-4.04842e-02
-4.95140e-02
-5.85895e-02
-6.76569e-02
-7.65512e-02
-8.52975e-02
-9.39837e-02
-1.02534e-01
-1.10830e-01
-1.18770e-01
-1.26164e-01
-1.32777e-01
-1.38437e-01
-1.43025e-01
-1.46407e-01
-1.48403e-01
-1.48875e-01
-1.47850e-01
-1.45542e-01
-1.42113e-01
-1.37693e-01
-1.32383e-01
-1.26155e-01
-1.18986e-01
-1.11062e-01
-1.02765e-01
-9.44747e-02
-8.64948e-02
-7.89936e-02
-7.20644e-02
-6.57238e-02
-5.99690e-02
-5.47936e-02
-5.02149e-02
-4.62961e-02
-4.31182e-02
-4.08017e-02
-3.94185e-02
-3.89534e-02
-3.93149e-02
-4.03724e-02
-4.20881e-02
-4.44561e-02
-4.73785e-02
-5.06989e-02
-5.42932e-02
-5.79696e-02
-6.14870e-02
-6.48644e-02
-6.82533e-02
-7.15561e-02
-7.45913e-02
-7.72650e-02
-7.94928e-02
-8.11949e-02
-8.22478e-02
-8.26005e-02
-8.23825e-02
-8.18258e-02
-8.11846e-02
-8.06305e-02
-8.02063e-02
-7.98039e-02
-7.92398e-02
-7.83836e-02
-7.72575e-02
-7.60349e-02
-7.47810e-02
-7.34767e-02
-7.21492e-02
-7.08755e-02
-6.97607e-02
-6.87805e-02
-6.78114e-02
-6.69099e-02
-6.61589e-02
-6.54508e-02
-6.47013e-02
-6.39480e-02
-6.32014e-02
-6.24093e-02
-6.14716e-02
-6.03469e-02
-5.91297e-02
-5.78114e-02
-5.62206e-02
-5.41967e-02
-5.15867e-02
-4.82087e-02
-4.40241e-02
-3.92130e-02
-3.39126e-02
-2.82070e-02
-2.22133e-02
-1.60542e-02
-9.81692e-03
-3.59401e-03
2.47716e-03
8.21583e-03
1.35072e-02
1.84671e-02
2.32111e-02
2.76724e-02
3.17674e-02
3.54395e-02
3.85708e-02
4.10972e-02
4.30954e-02
4.46788e-02
4.59201e-02
4.67671e-02
4.71528e-02
4.71918e-02
4.70930e-02
4.70212e-02
4.69653e-02
4.67222e-02
4.60593e-02
4.49024e-02
4.35065e-02
4.22353e-02
4.13733e-02
4.10565e-02
4.12675e-02
4.19771e-02
4.30476e-02
4.42075e-02
4.53031e-02
4.62961e-02
4.69625e-02
4.70664e-02
4.66263e-02
4.58126e-02
4.48233e-02
4.36388e-02
4.21086e-02
4.02488e-02
3.81425e-02
3.58272e-02
3.33687e-02
3.08513e-02
2.82304e-02
2.54128e-02
2.23899e-02
1.91749e-02
1.57798e-02
1.22647e-02
8.70304e-03
5.06484e-03
1.31856e-03
-2.47044e-03
-6.24044e-03
-9.97343e-03
-1.36826e-02
-1.73326e-02
-2.07304e-02
-2.36478e-02
-2.59240e-02
-2.74296e-02
-2.81252e-02
-2.80575e-02
-2.73154e-02
-2.59374e-02
-2.38942e-02
-2.11120e-02
-1.74384e-02
-1.27360e-02
-6.93659e-03
-6.60762e-05
7.73438e-03
1.62726e-02
2.52385e-02
3.42255e-02
4.28681e-02
5.09987e-02
5.84773e-02
6.51618e-02
7.10220e-02
7.61372e-02
8.05477e-02
8.41566e-02
8.67430e-02
8.82966e-02
8.90781e-02
8.92267e-02
8.87855e-02
8.77316e-02
8.60825e-02
8.39637e-02
8.14260e-02
7.85266e-02
7.54202e-02
7.23227e-02
6.94295e-02
6.67461e-02
6.41222e-02
6.15214e-02
5.90644e-02
5.70109e-02
5.55990e-02
5.49214e-02
5.49409e-02
5.54960e-02
5.64152e-02
5.75802e-02
5.89404e-02
6.04910e-02
6.23091e-02
6.46083e-02
6.75239e-02
7.09697e-02
7.47919e-02
7.87923e-02
8.27967e-02
8.66646e-02
9.02961e-02
9.36729e-02
9.68343e-02
9.97525e-02
1.02346e-01
1.04526e-01
1.06280e-01
1.07681e-01
1.08656e-01
1.09123e-01
1.09177e-01
1.08955e-01
1.08577e-01
1.08198e-01
1.07862e-01
1.07290e-01
1.06347e-01
1.05328e-01
1.04463e-01
1.03822e-01
1.03423e-01
1.03120e-01
1.02566e-01
1.01346e-01
9.91365e-02
9.58463e-02
9.16056e-02
8.65867e-02
8.08990e-02
7.45830e-02
6.77127e-02
6.03710e-02
5.25343e-02
4.41927e-02
3.54540e-02
2.65034e-02
1.76016e-02
8.98397e-03
8.15069e-04
-6.84729e-03
-1.40097e-02
-2.07373e-02
-2.70669e-02
-3.29638e-02
-3.82827e-02
-4.28686e-02
-4.66525e-02
-4.96480e-02
-5.19584e-02
-5.36912e-02
-5.49532e-02
-5.58559e-02
-5.64350e-02
-5.67200e-02
-5.68018e-02
-5.68015e-02
-5.68438e-02
-5.70851e-02
-5.76961e-02
-5.88340e-02
-6.06567e-02
-6.33110e-02
-6.67610e-02
-7.07738e-02
-7.52381e-02
-8.00958e-02
-8.52694e-02
-9.07322e-02
-9.64792e-02
-1.02453e-01
-1.08538e-01
-1.14628e-01
-1.20601e-01
-1.26315e-01
-1.31638e-01
-1.36433e-01
-1.40492e-01
-1.43665e-01
-1.45952e-01
-1.47393e-01
-1.48120e-01
-1.48336e-01
-1.48097e-01
-1.47187e-01
-1.45501e-01
-1.43145e-01
-1.40155e-01
-1.36651e-01
-1.32932e-01
-1.29267e-01
-1.25808e-01
-1.22563e-01
-1.19430e-01
-1.16261e-01
-1.12868e-01
-1.09044e-01
-1.04624e-01
-9.94997e-02
-9.35711e-02
-8.66141e-02
-7.83756e-02
-6.89485e-02
-5.87679e-02
-4.83211e-02
-3.80126e-02
-2.80847e-02
-1.87155e-02
-1.00444e-02
-2.21426e-03
4.75485e-03
1.09984e-02
1.64893e-02
2.10961e-02
2.47150e-02
2.72336e-02
2.85555e-02
2.86998e-02
2.78367e-02
2.60826e-02
2.35772e-02
2.05112e-02
1.69611e-02
1.29339e-02
8.47088e-03
3.66968e-03
-1.33844e-03
-6.45384e-03
-1.16169e-02
-1.67918e-02
-2.19627e-02
-2.71270e-02
-3.22875e-02
-3.74445e-02
-4.25898e-02
-4.77007e-02
-5.27377e-02
-5.76448e-02
-6.23613e-02
-6.68319e-02
-7.09487e-02
-7.44687e-02
-7.70813e-02
-7.85025e-02
-7.84963e-02
-7.69839e-02
-7.40361e-02
-6.98328e-02
-6.46042e-02
-5.83766e-02
-5.11085e-02
-4.28872e-02
-3.39574e-02
-2.47225e-02
-1.55926e-02
-6.89014e-03
1.29558e-03
9.01251e-03
1.63187e-02
2.31823e-02
2.94883e-02
3.50860e-02
3.98109e-02
4.35236e-02
4.61837e-02
4.78513e-02
4.84505e-02
4.79570e-02
4.65467e-02
4.43993e-02
4.16943e-02
3.86018e-02
3.52888e-02
3.19012e-02
2.86255e-02
2.56667e-02
2.30824e-02
2.08891e-02
1.92339e-02
1.83270e-02
1.83200e-02
1.91536e-02
2.05834e-02
2.24020e-02
2.44742e-02
2.67483e-02
2.92326e-02
3.19329e-02
3.48049e-02
3.77864e-02
4.08445e-02
4.39517e-02
4.70766e-02
5.01772e-02
5.31983e-02
5.60730e-02
5.87405e-02
6.11800e-02
6.34500e-02
6.56461e-02
6.78095e-02
6.99204e-02
7.19013e-02
7.36235e-02
7.49530e-02
7.58237e-02
7.63663e-02
7.68952e-02
7.74989e-02
7.81023e-02
7.88313e-02
7.96906e-02
8.03297e-02
8.04725e-02
8.00298e-02
7.88953e-02
7.70905e-02
7.48380e-02
7.22589e-02
6.92913e-02
6.58974e-02
6.20784e-02
5.78166e-02
5.30730e-02
4.77728e-02
4.17462e-02
3.48297e-02
2.70024e-02
1.83862e-02
9.20470e-03
-3.56214e-04
-1.01182e-02
-1.98527e-02
-2.93483e-02
-3.84816e-02
-4.71186e-02
-5.51266e-02
-6.24479e-02
-6.90484e-02
-7.48112e-02
-7.97019e-02
-8.38202e-02
-8.70804e-02
-8.93209e-02
-9.04653e-02
-9.05229e-02
-8.96070e-02
-8.78665e-02
-8.54885e-02
-8.25794e-02
-7.92759e-02
-7.58024e-02
-7.22515e-02
-6.85902e-02
-6.48264e-02
-6.09498e-02
-5.68448e-02
-5.23232e-02
-4.71840e-02
-4.13064e-02
-3.47275e-02
-2.76449e-02
-2.03189e-02
-1.29736e-02
-5.66271e-03
1.60537e-03
8.62474e-03
1.51966e-02
2.12714e-02
2.67271e-02
3.14100e-02
3.52480e-02
3.82165e-02
4.02827e-02
4.14574e-02
4.18265e-02
4.14077e-02
4.03119e-02
3.88179e-02
3.69596e-02
3.44253e-02
3.09629e-02
2.65314e-02
2.13138e-02
1.54915e-02
9.11470e-03
2.34917e-03
-4.51732e-03
-1.13027e-02
-1.79294e-02
-2.43961e-02
-3.06646e-02
-3.66746e-02
-4.25142e-02
-4.82871e-02
-5.39188e-02
-5.92853e-02
-6.42682e-02
-6.86448e-02
-7.21735e-02
-7.47064e-02
-7.61635e-02
-7.65450e-02
-7.60144e-02
-7.48930e-02
-7.33700e-02
-7.14602e-02
-6.90208e-02
-6.59819e-02
-6.24702e-02
-5.86319e-02
-5.46478e-02
-5.06907e-02
-4.69201e-02
-4.34658e-02
-4.03845e-02
-3.76675e-02
-3.53320e-02
-3.34816e-02
-3.22847e-02
-3.17085e-02
-3.14942e-02
-3.14766e-02
-3.15460e-02
-3.16059e-02
-3.15858e-02
-3.14335e-02
-3.11234e-02
-3.06754e-02
-3.01608e-02
-2.95947e-02
-2.89133e-02
-2.81408e-02
-2.73848e-02
-2.67132e-02
-2.61428e-02
-2.56526e-02
-2.53061e-02
-2.52225e-02
-2.53999e-02
-2.57306e-02
-2.60853e-02
-2.64234e-02
-2.68180e-02
-2.72967e-02
-2.78004e-02
-2.81737e-02
-2.82715e-02
-2.80337e-02
-2.74077e-02
-2.64018e-02
-2.51452e-02
-2.37333e-02
-2.21054e-02
-2.02027e-02
-1.80192e-02
-1.55048e-02
-1.26488e-02
-9.53893e-03
-6.30873e-03
-3.11760e-03
-1.60218e-04
2.45619e-03
4.86876e-03
7.32078e-03
1.00160e-02
1.30881e-02
1.65729e-02
2.04783e-02
2.48163e-02
2.96315e-02
3.49217e-02
4.05860e-02
4.64869e-02
5.24725e-02
5.84335e-02
6.43071e-02
7.00806e-02
7.58147e-02
8.15668e-02
8.72758e-02
9.28568e-02
9.82577e-02
1.03327e-01
1.07921e-01
1.12087e-01
1.15969e-01
1.19660e-01
1.23094e-01
1.26092e-01
1.28549e-01
1.30455e-01
1.31911e-01
1.33118e-01
1.34294e-01
1.35426e-01
1.36434e-01
1.37364e-01
1.38289e-01
1.39291e-01
1.40459e-01
1.41744e-01
1.42856e-01
1.43507e-01
1.43540e-01
1.42874e-01
1.41573e-01
1.39832e-01
1.37809e-01
1.35559e-01
1.33062e-01
1.30275e-01
1.27165e-01
1.23683e-01
1.19778e-01
1.15493e-01
1.10980e-01
1.06436e-01
1.01990e-01
9.76734e-02
9.35374e-02
8.96672e-02
8.61465e-02
8.30100e-02
8.02047e-02
7.76632e-02
7.53395e-02
7.32789e-02
7.14580e-02
6.97012e-02
6.79233e-02
6.61378e-02
6.43063e-02
6.23366e-02
6.01292e-02
5.77611e-02
5.54663e-02
5.33702e-02
5.15322e-02
5.00055e-02
4.87542e-02
4.76494e-02
4.65868e-02
4.54885e-02
4.42971e-02
4.29975e-02
4.16256e-02
4.02748e-02
3.89939e-02
3.76764e-02
3.61555e-02
3.42934e-02
3.20317e-02
2.94152e-02
2.65332e-02
2.34604e-02
2.02211e-02
1.68135e-02
1.32409e-02
9.55818e-03
5.93681e-03
2.61442e-03
-4.48488e-04
-3.47988e-03
-6.54912e-03
-9.64468e-03
-1.27413e-02
-1.57640e-02
-1.86004e-02
-2.11306e-02
-2.32968e-02
-2.51400e-02
-2.67324e-02
-2.81193e-02
-2.92203e-02
-2.99582e-02
-3.03633e-02
-3.03649e-02
-2.98462e-02
-2.88650e-02
-2.74704e-02
-2.55362e-02
-2.31507e-02
-2.06881e-02
-1.84122e-02
-1.64368e-02
-1.47555e-02
-1.34374e-02
-1.26495e-02
-1.24552e-02
-1.28969e-02
-1.41040e-02
-1.61385e-02
-1.89084e-02
-2.23449e-02
-2.63488e-02
-3.07872e-02
-3.55179e-02
-4.04104e-02
-4.54465e-02
-5.05933e-02
-5.56771e-02
-6.06233e-02
-6.54987e-02
-7.01906e-02
-7.44676e-02
-7.81246e-02
-8.09469e-02
-8.27471e-02
-8.33782e-02
-8.27889e-02
-8.10005e-02
-7.82658e-02
-7.50790e-02
-7.16924e-02
-6.81732e-02
-6.45858e-02
-6.10280e-02
-5.76389e-02
-5.44696e-02
-5.15165e-02
-4.88190e-02
-4.64115e-02
-4.43108e-02
-4.26259e-02
-4.15152e-02
-4.11085e-02
-4.14791e-02
-4.25968e-02
-4.43080e-02
-4.63519e-02
-4.85196e-02
-5.06209e-02
-5.24551e-02
-5.38327e-02
-5.46266e-02
-5.48215e-02
-5.44028e-02
-5.32923e-02
-5.14668e-02
-4.89749e-02
-4.57982e-02
-4.20046e-02
-3.78483e-02
-3.36022e-02
-2.94761e-02
-2.55138e-02
-2.17645e-02
-1.84283e-02
-1.56843e-02
-1.36247e-02
-1.23050e-02
-1.16819e-02
-1.16154e-02
-1.20278e-02
-1.28946e-02
-1.41663e-02
-1.57709e-02
-1.76582e-02
-1.98672e-02
-2.25081e-02
-2.56848e-02
-2.93689e-02
-3.33256e-02
-3.72671e-02
-4.09813e-02
-4.44873e-02
-4.78173e-02
-5.07683e-02
-5.31920e-02
-5.50831e-02
-5.63428e-02
-5.68929e-02
-5.68058e-02
-5.63460e-02
-5.58900e-02
-5.54932e-02
-5.49996e-02
-5.42805e-02
-5.32878e-02
-5.21024e-02
-5.08669e-02
-4.98162e-02
-4.92537e-02
-4.93258e-02
-4.98915e-02
-5.06992e-02
-5.15164e-02
-5.23396e-02
-5.32257e-02
-5.41504e-02
-5.51329e-02
-5.62270e-02
-5.74784e-02
-5.88887e-02
-6.03756e-02
-6.17292e-02
-6.26647e-02
-6.30076e-02
-6.27349e-02
-6.19407e-02
-6.06889e-02
-5.89880e-02
-5.68562e-02
-5.43126e-02
-5.13569e-02
-4.80836e-02
-4.46944e-02
-4.12294e-02
-3.76344e-02
-3.38865e-02
-2.98921e-02
-2.55012e-02
-2.07437e-02
-1.58090e-02
-1.08519e-02
-6.00442e-03
-1.37296e-03
3.00738e-03
7.14102e-03
1.09586e-02
1.43376e-02
1.71264e-02
1.90818e-02
1.99724e-02
1.97385e-02
1.84535e-02
1.62133e-02
1.32236e-02
9.77535e-03
5.88123e-03
1.41690e-03
-3.66413e-03
-9.29394e-03
-1.52725e-02
-2.14594e-02
-2.77418e-02
-3.39889e-02
-4.00498e-02
-4.57507e-02
-5.09226e-02
-5.54831e-02
-5.94849e-02
-6.28886e-02
-6.54412e-02
-6.69400e-02
-6.73397e-02
-6.66601e-02
-6.50279e-02
-6.26543e-02
-5.97174e-02
-5.63508e-02
-5.25762e-02
-4.82788e-02
-4.32367e-02
-3.74268e-02
-3.11408e-02
-2.46627e-02
-1.82264e-02
-1.19593e-02
-5.94850e-03
-2.82385e-04
4.98346e-03
9.78362e-03
1.39787e-02
1.74551e-02
2.01848e-02
2.20640e-02
2.30408e-02
2.32549e-02
2.28879e-02
2.20531e-02
2.09024e-02
1.95796e-02
1.79953e-02
1.59581e-02
1.33632e-02
1.03360e-02
7.20982e-03
4.16827e-03
1.29294e-03
-1.35593e-03
-3.81035e-03
-6.18325e-03
-8.51314e-03
-1.07268e-02
-1.26547e-02
-1.41829e-02
-1.53481e-02
-1.61470e-02
-1.65433e-02
-1.65328e-02
-1.61144e-02
-1.52654e-02
-1.40464e-02
-1.26079e-02
-1.09332e-02
-8.94108e-03
-6.65584e-03
-4.17430e-03
-1.62290e-03
9.46479e-04
3.51615e-03
5.96805e-03
8.18608e-03
1.01519e-02
1.18576e-02
1.33049e-02
1.45546e-02
1.56823e-02
1.66913e-02
1.75200e-02
1.80672e-02
1.82323e-02
1.80028e-02
1.74964e-02
1.67083e-02
1.53677e-02
1.34319e-02
1.11461e-02
8.53728e-03
5.54575e-03
2.20186e-03
-1.42826e-03
-5.26658e-03
-9.30578e-03
-1.34983e-02
-1.76002e-02
-2.13579e-02
-2.46778e-02
-2.75769e-02
-3.01183e-02
-3.21965e-02
-3.36695e-02
-3.45105e-02
-3.46780e-02
-3.41420e-02
-3.30295e-02
-3.15325e-02
-2.96496e-02
-2.73580e-02
-2.47162e-02
-2.16439e-02
-1.80134e-02
-1.38967e-02
-9.52035e-03
-5.13422e-03
-9.07756e-04
3.10380e-03
6.84144e-03
1.02823e-02
1.34634e-02
1.64013e-02
1.90542e-02
2.13683e-02
2.33507e-02
2.51221e-02
2.67842e-02
2.82984e-02
2.96385e-02
3.08277e-02
3.18206e-02
3.26423e-02
3.35202e-02
3.46702e-02
3.61599e-02
3.79938e-02
4.01204e-02
4.24931e-02
4.50312e-02
4.76091e-02
5.01814e-02
5.27625e-02
5.52645e-02
5.75676e-02
5.96162e-02
6.13269e-02
6.25723e-02
6.32518e-02
6.33257e-02
6.27669e-02
6.14708e-02
5.92341e-02
5.60868e-02
5.23870e-02
4.83535e-02
4.41209e-02
3.98235e-02
3.56090e-02
3.16413e-02
2.79464e-02
2.44354e-02
2.11901e-02
1.84709e-02
1.66383e-02
1.58901e-02
1.60944e-02
1.71043e-02
1.87683e-02
2.09287e-02
2.34222e-02
2.61148e-02
2.89668e-02
3.20026e-02
3.51038e-02
3.80371e-02
4.07218e-02
4.32017e-02
4.55674e-02
4.78770e-02
5.00952e-02
5.20820e-02
5.36819e-02
5.48985e-02
5.58167e-02
5.64895e-02
5.70007e-02
5.74585e-02
5.78502e-02
5.81038e-02
5.82342e-02
5.82878e-02
5.82868e-02
5.82503e-02
5.82029e-02
5.81746e-02
5.82007e-02
5.83186e-02
5.85541e-02
5.89013e-02
5.92887e-02
5.96104e-02
5.98789e-02
6.01795e-02
6.05578e-02
6.09966e-02
6.14231e-02
6.18395e-02
6.23124e-02
6.28340e-02
6.33935e-02
6.40587e-02
6.48324e-02
6.55860e-02
6.61872e-02
6.65462e-02
6.66428e-02
6.65032e-02
6.61488e-02
6.56424e-02
6.50818e-02
6.44629e-02
6.37283e-02
6.29158e-02
6.20973e-02
6.13006e-02
6.05089e-02
5.96518e-02
5.86006e-02
5.72727e-02
5.57917e-02
5.43616e-02
5.31027e-02
5.19995e-02
5.09363e-02
4.99842e-02
4.92736e-02
4.87541e-02
4.83604e-02
4.81107e-02
4.79149e-02
4.76071e-02
4.72455e-02
4.69020e-02
4.63532e-02
4.54184e-02
4.41765e-02
4.27691e-02
4.13307e-02
3.98708e-02
3.82228e-02
3.60869e-02
3.33476e-02
3.02255e-02
2.68361e-02
2.31826e-02
1.93442e-02
1.54191e-02
1.14437e-02
7.42231e-03
3.35334e-03
-7.45564e-04
-4.81177e-03
-8.71396e-03
-1.22603e-02
-1.52326e-02
-1.74963e-02
-1.90611e-02
-1.99430e-02
-2.01827e-02
-1.98295e-02
-1.89580e-02
-1.76650e-02
-1.60559e-02
-1.42365e-02
-1.22256e-02
-9.97391e-03
-7.41546e-03
-4.53978e-03
-1.45104e-03
1.66218e-03
4.59145e-03
7.27370e-03
9.74752e-03
1.19278e-02
1.37262e-02
1.51562e-02
1.61425e-02
1.65076e-02
1.62380e-02
1.54534e-02
1.41337e-02
1.23168e-02
1.02464e-02
8.07045e-03
5.74150e-03
3.19044e-03
3.91355e-04
-2.59425e-03
-5.62694e-03
-8.57198e-03
-1.14510e-02
-1.44563e-02
-1.76482e-02
-2.09317e-02
-2.41525e-02
-2.71768e-02
-2.99841e-02
-3.26199e-02
-3.51430e-02
-3.74950e-02
-3.95520e-02
-4.12808e-02
-4.27136e-02
-4.39033e-02
-4.48564e-02
-4.55223e-02
-4.58359e-02
-4.57893e-02
-4.54855e-02
-4.50157e-02
-4.43527e-02
-4.35160e-02
-4.26241e-02
-4.17661e-02
-4.10010e-02
-4.03557e-02
-3.97868e-02
-3.91866e-02
-3.85187e-02
-3.78492e-02
-3.72006e-02
-3.65344e-02
-3.57605e-02
-3.48447e-02
-3.38990e-02
-3.30971e-02
-3.25761e-02
-3.22405e-02
-3.19059e-02
-3.16164e-02
-3.14620e-02
-3.14302e-02
-3.15194e-02
-3.17457e-02
-3.20956e-02
-3.24901e-02
-3.27740e-02
-3.28288e-02
-3.26591e-02
-3.23182e-02
-3.18523e-02
-3.11774e-02
-3.01655e-02
-2.87897e-02
-2.71028e-02
-2.52172e-02
-2.32285e-02
-2.12142e-02
-1.92485e-02
-1.73991e-02
-1.57214e-02
-1.42320e-02
-1.29231e-02
-1.18888e-02
-1.12378e-02
-1.09227e-02
-1.08550e-02
-1.10282e-02
-1.14760e-02
-1.22253e-02
-1.32552e-02
-1.45934e-02
-1.64605e-02
-1.89608e-02
-2.18803e-02
-2.49730e-02
-2.80599e-02
-3.11397e-02
-3.42515e-02
-3.72915e-02
-4.02387e-02
-4.32181e-02
-4.61883e-02
-4.90066e-02
-5.17019e-02
-5.43246e-02
-5.67919e-02
-5.90463e-02
-6.11054e-02
-6.29385e-02
-6.44937e-02
-6.57572e-02
-6.68221e-02
-6.78901e-02
-6.90106e-02
-7.00707e-02
-7.10884e-02
-7.20768e-02
-7.28508e-02
-7.32937e-02
-7.35059e-02
-7.35838e-02
-7.35911e-02
-7.35836e-02
-7.35966e-02
-7.36401e-02
-7.36959e-02
-7.37199e-02
-7.36483e-02
-7.34128e-02
-7.29679e-02
-7.23382e-02
-7.16358e-02
-7.09590e-02
-7.03370e-02
-6.97136e-02
-6.90094e-02
-6.82387e-02
-6.74420e-02
-6.66188e-02
-6.57343e-02
-6.47161e-02
-6.34734e-02
-6.20347e-02
-6.06591e-02
-5.95029e-02
-5.84744e-02
-5.76241e-02
-5.70805e-02
-5.67274e-02
-5.63314e-02
-5.57301e-02
-5.48723e-02
-5.38368e-02
-5.27441e-02
-5.17574e-02
-5.10613e-02
-5.06790e-02
-5.03942e-02
-5.01081e-02
-4.99096e-02
-4.97647e-02
-4.95681e-02
-4.92607e-02
-4.88340e-02
-4.83132e-02
-4.76369e-02
-4.66897e-02
-4.54872e-02
-4.41634e-02
-4.28885e-02
-4.17512e-02
-4.06982e-02
-3.96381e-02
-3.84586e-02
-3.70354e-02
-3.52977e-02
-3.32664e-02
-3.09993e-02
-2.85850e-02
-2.61808e-02
-2.39454e-02
-2.19116e-02
-2.00367e-02
-1.82605e-02
-1.64754e-02
-1.45851e-02
-1.26745e-02
-1.08803e-02
-9.18055e-03
-7.58713e-03
-6.23126e-03
-5.18131e-03
-4.41189e-03
-3.89460e-03
-3.53483e-03
-3.14172e-03
-2.53408e-03
-1.63143e-03
-5.09778e-04
6.70952e-04
1.90082e-03
3.25176e-03
4.78151e-03
6.50001e-03
8.35995e-03
1.03657e-02
1.25601e-02
1.49896e-02
1.76653e-02
2.05405e-02
2.35983e-02
2.68510e-02
3.03008e-02
3.38912e-02
3.74848e-02
4.09475e-02
4.42312e-02
4.74144e-02
5.06145e-02
5.37277e-02
5.65840e-02
5.91469e-02
6.14674e-02
6.36501e-02
6.57544e-02
6.77817e-02
6.96808e-02
7.13498e-02
7.26724e-02
7.35898e-02
7.41489e-02
7.44231e-02
7.44912e-02
7.43649e-02
7.40076e-02
7.33775e-02
7.24878e-02
7.14239e-02
7.02566e-02
6.90676e-02
6.79453e-02
6.68322e-02
6.55170e-02
6.39548e-02
6.22618e-02
6.04890e-02
5.86373e-02
5.66964e-02
5.47942e-02
5.31862e-02
5.19217e-02
5.08860e-02
4.99959e-02
4.91578e-02
4.82840e-02
4.74647e-02
4.69214e-02
4.66675e-02
4.65646e-02
4.64925e-02
4.63236e-02
4.59369e-02
4.52755e-02
4.44143e-02
4.36009e-02
4.30854e-02
4.29182e-02
4.30960e-02
4.36150e-02
4.44001e-02
4.53293e-02
4.63370e-02
4.74061e-02
4.85488e-02
4.97926e-02
5.11473e-02
5.25769e-02
5.40505e-02
5.56386e-02
5.73963e-02
5.92830e-02
6.12636e-02
6.33180e-02
6.54117e-02
6.74842e-02
6.94380e-02
7.11411e-02
7.24540e-02
7.32927e-02
7.36620e-02
7.36021e-02
7.31795e-02
7.24681e-02
7.16217e-02
7.08414e-02
7.00705e-02
6.90786e-02
6.77309e-02
6.59717e-02
6.38008e-02
6.12482e-02
5.84111e-02
5.55071e-02
5.27416e-02
5.00964e-02
4.75083e-02
4.49804e-02
4.24333e-02
3.97366e-02
3.68817e-02
3.39372e-02
3.09646e-02
2.80258e-02
2.51753e-02
2.24370e-02
1.97802e-02
1.71122e-02
1.43820e-02
1.16651e-02
9.06318e-03
6.63516e-03
4.36878e-03
2.20031e-03
1.09723e-04
-1.88271e-03
-3.72262e-03
-5.33707e-03
-6.67533e-03
-7.76298e-03
-8.68463e-03
-9.51998e-03
-1.03675e-02
-1.13160e-02
-1.22676e-02
-1.30087e-02
-1.35002e-02
-1.37771e-02
-1.38199e-02
-1.37528e-02
-1.38672e-02
-1.43027e-02
-1.49950e-02
-1.57756e-02
-1.65378e-02
-1.73801e-02
-1.83687e-02
-1.94602e-02
-2.06289e-02
-2.18314e-02
-2.29918e-02
-2.41379e-02
-2.54313e-02
-2.68734e-02
-2.82824e-02
-2.95756e-02
-3.08091e-02
-3.21615e-02
-3.37030e-02
-3.52838e-02
-3.67800e-02
-3.81516e-02
-3.94527e-02
-4.07897e-02
-4.22299e-02
-4.37625e-02
-4.53016e-02
-4.68199e-02
-4.82989e-02
-4.96230e-02
-5.07128e-02
-5.16234e-02
-5.24569e-02
-5.32900e-02
-5.40440e-02
-5.46490e-02
-5.52427e-02
-5.59653e-02
-5.68191e-02
-5.76376e-02
-5.81949e-02
-5.84544e-02
-5.84528e-02
-5.81848e-02
-5.76644e-02
-5.69086e-02
-5.58231e-02
-5.43383e-02
-5.25661e-02
-5.06525e-02
-4.87004e-02
-4.67931e-02
-4.49863e-02
-4.32893e-02
-4.16422e-02
-3.99351e-02
-3.81631e-02
-3.64542e-02
-3.49261e-02
-3.36456e-02
-3.26026e-02
-3.17566e-02
-3.10615e-02
-3.04354e-02
-2.98173e-02
-2.92934e-02
-2.90034e-02
-2.90082e-02
-2.91941e-02
-2.93495e-02
-2.95944e-02
-3.00873e-02
-3.05962e-02
-3.09209e-02
-3.11231e-02
-3.12534e-02
-3.13256e-02
-3.13422e-02
-3.12815e-02
-3.10998e-02
-3.07504e-02
-3.02184e-02
-2.95607e-02
-2.88640e-02
-2.81422e-02
-2.73175e-02
-2.62608e-02
-2.49717e-02
-2.35505e-02
-2.19713e-02
-2.01981e-02
-1.82933e-02
-1.63186e-02
-1.43048e-02
-1.22717e-02
-1.02322e-02
-8.19775e-03
-6.18325e-03
-4.21197e-03
-2.31181e-03
-5.08053e-04
1.19461e-03
2.83899e-03
4.51020e-03
6.19870e-03
7.76953e-03
9.12123e-03
1.02484e-02
1.12549e-02
1.21763e-02
1.28966e-02
1.34572e-02
1.40600e-02
1.47881e-02
1.55640e-02
1.61791e-02
1.65532e-02
1.68360e-02
1.71493e-02
1.75703e-02
1.81178e-02
1.86812e-02
1.90591e-02
1.92805e-02
1.95805e-02
1.99944e-02
2.04866e-02
2.11177e-02
2.18704e-02
2.25962e-02
2.31658e-02
2.35176e-02
2.36797e-02
2.37231e-02
2.37048e-02
2.36763e-02
2.36811e-02
2.37497e-02
2.38930e-02
2.40964e-02
2.43021e-02
2.44482e-02
2.46348e-02
2.50171e-02
2.55448e-02
2.61067e-02
2.66865e-02
2.73684e-02
2.82910e-02
2.94798e-02
3.08503e-02
3.22855e-02
3.37312e-02
3.52266e-02
3.67615e-02
3.83118e-02
3.99528e-02
4.17381e-02
4.36029e-02
4.54676e-02
4.72737e-02
4.89880e-02
5.06335e-02
5.22906e-02
5.39717e-02
5.55684e-02
5.69892e-02
5.82166e-02
5.93176e-02
6.02772e-02
6.08820e-02
6.10276e-02
6.08158e-02
6.03154e-02
5.95325e-02
5.83747e-02
5.68184e-02
5.49989e-02
5.29950e-02
5.08212e-02
4.84728e-02
4.59530e-02
4.32864e-02
4.04184e-02
3.72505e-02
3.38497e-02
3.03691e-02
2.68615e-02
2.34078e-02
2.01597e-02
1.71628e-02
1.43356e-02
1.15897e-02
8.91771e-03
6.46682e-03
4.40570e-03
2.79926e-03
1.51712e-03
3.62310e-04
-6.55933e-04
-1.54723e-03
-2.45825e-03
-3.38097e-03
-4.21244e-03
-5.04775e-03
-6.02622e-03
-7.13637e-03
-8.30945e-03
-9.44343e-03
-1.03897e-02
-1.10658e-02
-1.16095e-02
-1.22271e-02
-1.30362e-02
-1.40111e-02
-1.50428e-02
-1.61787e-02
-1.74553e-02
-1.87148e-02
-1.98527e-02
-2.09121e-02
-2.19446e-02
-2.30073e-02
-2.41680e-02
-2.54729e-02
-2.69152e-02
-2.83896e-02
-2.97279e-02
-3.08460e-02
-3.17124e-02
-3.22857e-02
-3.25796e-02
-3.26740e-02
-3.25991e-02
-3.23427e-02
-3.18890e-02
-3.12621e-02
-3.05459e-02
-2.97845e-02
-2.89511e-02
-2.79656e-02
-2.68089e-02
-2.56286e-02
-2.45314e-02
-2.34811e-02
-2.24315e-02
-2.13345e-02
-2.01391e-02
-1.88250e-02
-1.74353e-02
-1.61144e-02
-1.50620e-02
-1.43493e-02
-1.39083e-02
-1.35955e-02
-1.32666e-02
-1.28466e-02
-1.23645e-02
-1.19126e-02
-1.15295e-02
-1.12725e-02
-1.12544e-02
-1.14484e-02
-1.16851e-02
-1.19391e-02
-1.22741e-02
-1.27173e-02
-1.32389e-02
-1.37549e-02
-1.42527e-02
-1.47520e-02
-1.51781e-02
-1.54662e-02
-1.56500e-02
-1.57547e-02
-1.57640e-02
-1.56367e-02
-1.53233e-02
-1.47969e-02
-1.41125e-02
-1.34219e-02
-1.28542e-02
-1.24672e-02
-1.22251e-02
-1.20478e-02
-1.18901e-02
-1.17501e-02
-1.16806e-02
-1.17866e-02
-1.21082e-02
-1.24820e-02
-1.27117e-02
-1.27314e-02
-1.26665e-02
-1.27684e-02
-1.31440e-02
-1.37527e-02
-1.44616e-02
-1.51145e-02
-1.55949e-02
-1.58643e-02
-1.59443e-02
-1.58357e-02
-1.55388e-02
-1.50830e-02
-1.45594e-02
-1.40904e-02
-1.37049e-02
-1.34122e-02
-1.32698e-02
-1.32158e-02
-1.30699e-02
-1.28519e-02
-1.26914e-02
-1.25927e-02
-1.25203e-02
-1.24641e-02
-1.24215e-02
-1.23997e-02
-1.24210e-02
-1.25194e-02
-1.27283e-02
-1.30558e-02
-1.34516e-02
-1.37796e-02
-1.38851e-02
-1.37350e-02
-1.33863e-02
-1.29185e-02
-1.23166e-02
-1.15005e-02
-1.04863e-02
-9.35115e-03
-8.17259e-03
-7.06849e-03
-6.14910e-03
-5.32813e-03
-4.43392e-03
-3.42688e-03
-2.32240e-03
-1.15241e-03
5.55132e-06
1.10696e-03
2.26859e-03
3.56656e-03
4.89130e-03
6.19509e-03
7.51810e-03
8.82615e-03
1.00039e-02
1.08925e-02
1.14705e-02
1.18981e-02
1.22560e-02
1.26225e-02
1.31690e-02
1.38700e-02
1.44135e-02
1.46430e-02
1.45885e-02
1.42588e-02
1.37206e-02
1.31216e-02
1.25562e-02
1.20653e-02
1.17735e-02
1.17833e-02
1.20434e-02
1.24052e-02
1.26905e-02
1.28443e-02
1.29156e-02
1.29581e-02
1.30356e-02
1.32094e-02
1.35068e-02
1.38881e-02
1.42347e-02
1.44525e-02
1.45655e-02
1.46225e-02
1.46667e-02
1.47436e-02
1.48837e-02
1.50859e-02
1.52923e-02
1.54253e-02
1.55537e-02
1.57803e-02
1.60041e-02
1.61102e-02
1.61087e-02
1.60103e-02
1.58222e-02
1.55628e-02
1.51580e-02
1.44071e-02
1.33162e-02
1.21548e-02
1.10392e-02
9.98540e-03
9.02166e-03
8.14884e-03
7.32699e-03
6.47555e-03
5.56005e-03
4.71054e-03
4.01160e-03
3.36330e-03
2.73310e-03
2.16495e-03
1.62964e-03
1.12045e-03
7.34752e-04
5.20604e-04
4.27096e-04
4.33464e-04
5.32222e-04
7.03756e-04
9.08352e-04
1.07079e-03
1.07651e-03
8.64084e-04
5.74203e-04
3.86530e-04
3.68047e-04
5.71749e-04
1.02874e-03
1.68566e-03
2.35119e-03
2.71656e-03
2.65218e-03
2.35199e-03
2.11300e-03
2.16220e-03
2.39557e-03
2.56989e-03
2.54583e-03
2.35106e-03
2.15863e-03
2.04024e-03
2.01069e-03
2.10966e-03
2.35688e-03
2.72228e-03
3.10483e-03
3.39284e-03
3.59248e-03
3.76206e-03
3.93322e-03
4.10802e-03
4.24116e-03
4.23803e-03
4.06701e-03
3.87085e-03
3.76264e-03
3.71589e-03
3.68927e-03
3.63058e-03
3.46710e-03
3.13326e-03
2.60392e-03
1.94728e-03
1.31435e-03
7.92337e-04
3.62658e-04
-1.06359e-04
-7.61854e-04
-1.65859e-03
-2.68920e-03
-3.65773e-03
-4.51341e-03
-5.19626e-03
-5.53389e-03
-5.59381e-03
-5.71996e-03
-6.07746e-03
-6.64937e-03
-7.32444e-03
-7.94913e-03
-8.40813e-03
-8.67606e-03
-8.81481e-03
-8.87303e-03
-8.88668e-03
-8.88027e-03
-8.85726e-03
-8.80377e-03
-8.69839e-03
-8.52883e-03
-8.31100e-03
-8.11344e-03
-8.02634e-03
-7.99017e-03
-7.85594e-03
-7.64836e-03
-7.41323e-03
-7.05055e-03
-6.45648e-03
-5.61491e-03
-4.63647e-03
-3.65230e-03
-2.62477e-03
-1.56430e-03
-6.35914e-04
1.41003e-04
8.71327e-04
1.51183e-03
1.95819e-03
2.17715e-03
2.26615e-03
2.41985e-03
2.63527e-03
2.80367e-03
2.94248e-03
3.10310e-03
3.29765e-03
3.50353e-03
3.64731e-03
3.60488e-03
3.32416e-03
2.93110e-03
2.53498e-03
2.10789e-03
1.47918e-03
4.94784e-04
-7.14310e-04
-1.94624e-03
-3.11273e-03
-4.10284e-03
-4.83041e-03
-5.44403e-03
-6.13767e-03
-6.83635e-03
-7.48167e-03
-8.21614e-03
-9.10445e-03
-1.00843e-02
-1.11047e-02
-1.21102e-02
-1.30266e-02
-1.37766e-02
-1.43006e-02
-1.46009e-02
-1.47360e-02
-1.47048e-02
-1.44609e-02
-1.39485e-02
-1.31542e-02
-1.21429e-02
-1.09842e-02
-9.76170e-03
-8.59528e-03
-7.54705e-03
-6.52877e-03
-5.51533e-03
-4.63928e-03
-3.89735e-03
-3.15882e-03
-2.44289e-03
-1.84683e-03
-1.41532e-03
-1.10677e-03
-7.84623e-04
-3.34255e-04
2.81790e-04
9.90140e-04
1.64583e-03
2.13226e-03
2.40943e-03
2.53118e-03
2.55303e-03
2.51852e-03
2.46830e-03
2.43249e-03
2.42965e-03
2.46442e-03
2.52583e-03
2.58287e-03
2.58360e-03
2.45871e-03
2.13996e-03
1.59205e-03
8.70455e-04
1.34616e-04
-4.72160e-04
-8.70602e-04
-1.07341e-03
-1.15139e-03
-1.16043e-03
-1.14561e-03
-1.14015e-03
-1.15860e-03
-1.19613e-03
-1.22947e-03
-1.22003e-03
-1.12061e-03
-8.89605e-04
-5.14133e-04
-4.04081e-05
4.65694e-04
1.03433e-03
1.70140e-03
2.41598e-03
3.14189e-03
3.90936e-03
4.80870e-03
5.90858e-03
7.10664e-03
8.26786e-03
9.38399e-03
1.04708e-02
1.15232e-02
1.25279e-02
1.34584e-02
1.42760e-02
1.49451e-02
1.54601e-02
1.58912e-02
1.63771e-02
1.69743e-02
1.76034e-02
1.80506e-02
1.81829e-02
1.81225e-02
1.79342e-02
1.75819e-02
1.72681e-02
1.72505e-02
1.74493e-02
1.76764e-02
1.78470e-02
1.78468e-02
1.75804e-02
1.71857e-02
1.68432e-02
1.64728e-02
1.60421e-02
1.57410e-02
1.56920e-02
1.59075e-02
1.63956e-02
1.70921e-02
1.78194e-02
1.83801e-02
1.86354e-02
1.85587e-02
1.82481e-02
1.78367e-02
1.74035e-02
1.69018e-02
1.62798e-02
1.55158e-02
1.44953e-02
1.31351e-02
1.15562e-02
9.95000e-03
8.43843e-03
7.05015e-03
5.73072e-03
4.46819e-03
3.31041e-03
2.34326e-03
1.54629e-03
7.42696e-04
-1.38685e-04
-1.04485e-03
-1.92879e-03
-2.74223e-03
-3.44400e-03
-4.04207e-03
-4.58208e-03
-5.00832e-03
-5.21977e-03
-5.21953e-03
-5.07087e-03
-4.85029e-03
-4.69055e-03
-4.73701e-03
-4.96121e-03
-5.25536e-03
-5.63810e-03
-6.15055e-03
-6.76268e-03
-7.34288e-03
-7.75056e-03
-8.13010e-03
-8.70451e-03
-9.46737e-03
-1.03539e-02
-1.13327e-02
-1.23709e-02
-1.34315e-02
-1.44770e-02
-1.54682e-02
-1.63643e-02
-1.71307e-02
-1.77591e-02
-1.82908e-02
-1.87690e-02
-1.91377e-02
-1.93539e-02
-1.94757e-02
-1.95604e-02
-1.96366e-02
-1.97122e-02
-1.97666e-02
-1.97483e-02
-1.95850e-02
-1.92073e-02
-1.85921e-02
-1.78224e-02
-1.71203e-02
-1.66737e-02
-1.64299e-02
-1.62540e-02
-1.60270e-02
-1.56458e-02
-1.50735e-02
-1.43813e-02
-1.36894e-02
-1.30775e-02
-1.25468e-02
-1.20319e-02
-1.15402e-02
-1.10959e-02
-1.06286e-02
-1.00821e-02
-9.47509e-03
-8.76474e-03
-7.87911e-03
-6.87551e-03
-5.78720e-03
-4.47367e-03
-2.91420e-03
-1.30486e-03
2.21612e-04
1.62860e-03
2.97120e-03
4.33019e-03
5.73042e-03
7.11431e-03
8.38263e-03
9.53380e-03
1.06130e-02
1.16369e-02
1.26054e-02
1.35046e-02
1.43047e-02
1.49775e-02
1.54974e-02
1.57461e-02
1.55098e-02
1.47044e-02
1.34752e-02
1.21372e-02
1.09230e-02
9.77597e-03
8.70711e-03
7.83662e-03
7.06684e-03
6.22615e-03
5.29400e-03
4.30976e-03
3.32177e-03
2.40063e-03
1.62156e-03
1.03403e-03
6.14059e-04
2.56141e-04
-1.10726e-04
-4.69466e-04
-7.10393e-04
-7.25353e-04
-5.33128e-04
-2.35662e-04
4.38822e-05
3.05999e-04
6.47906e-04
1.13916e-03
1.78450e-03
2.51235e-03
3.27303e-03
4.07138e-03
4.95387e-03
5.90377e-03
6.76436e-03
7.49795e-03
8.24442e-03
9.01747e-03
9.74400e-03
1.03914e-02
1.09743e-02
1.15368e-02
1.20179e-02
1.22850e-02
1.22889e-02
1.20270e-02
1.14995e-02
1.07830e-02
1.00360e-02
9.35916e-03
8.76925e-03
8.20548e-03
7.63512e-03
7.10293e-03
6.59435e-03
6.07632e-03
5.62750e-03
5.33104e-03
5.18344e-03
5.19553e-03
5.40890e-03
5.85823e-03
6.52778e-03
7.32582e-03
8.16123e-03
8.99241e-03
9.82740e-03
1.07324e-02
1.18089e-02
1.30390e-02
1.42060e-02
1.51461e-02
1.58156e-02
1.61974e-02
1.63806e-02
1.65729e-02
1.68398e-02
1.70290e-02
1.70646e-02
1.69375e-02
1.66130e-02
1.60970e-02
1.54482e-02
1.46570e-02
1.36894e-02
1.26451e-02
1.15998e-02
1.04583e-02
9.23614e-03
8.11944e-03
7.14794e-03
6.23707e-03
5.30637e-03
4.39665e-03
3.69093e-03
3.21024e-03
2.81551e-03
2.45013e-03
2.14068e-03
1.96128e-03
1.89160e-03
1.76960e-03
1.43728e-03
8.68699e-04
2.78344e-04
-1.86868e-04
-6.10888e-04
-1.04579e-03
-1.46826e-03
-1.79880e-03
-1.99137e-03
-2.11640e-03
-2.25921e-03
-2.48601e-03
-2.83811e-03
-3.29605e-03
-3.77237e-03
-4.22995e-03
-4.71903e-03
-5.23414e-03
-5.76044e-03
-6.38926e-03
-7.19246e-03
-8.13254e-03
-9.16196e-03
-1.02381e-02
-1.13035e-02
-1.22895e-02
-1.31251e-02
-1.37585e-02
-1.41920e-02
-1.45237e-02
-1.49084e-02
-1.54388e-02
-1.60998e-02
-1.67673e-02
-1.73278e-02
-1.77411e-02
-1.80696e-02
-1.84277e-02
-1.88858e-02
-1.94272e-02
-1.99569e-02
-2.04411e-02
-2.08519e-02
-2.10800e-02
-2.10886e-02
-2.10021e-02
-2.09979e-02
-2.12066e-02
-2.15623e-02
-2.19309e-02
-2.22565e-02
-2.24360e-02
-2.23504e-02
-2.20703e-02
-2.17497e-02
-2.14315e-02
-2.11580e-02
-2.09914e-02
-2.08347e-02
-2.05371e-02
-2.01638e-02
-1.98431e-02
-1.96229e-02
-1.95993e-02
-1.98656e-02
-2.03029e-02
-2.06853e-02
-2.08901e-02
-2.09610e-02
-2.10767e-02
-2.12670e-02
-2.14846e-02
-2.18098e-02
-2.21987e-02
-2.23830e-02
-2.23293e-02
-2.22513e-02
-2.22088e-02
-2.21764e-02
-2.21378e-02
-2.20567e-02
-2.18831e-02
-2.15780e-02
-2.11525e-02
-2.06800e-02
-2.01919e-02
-1.96436e-02
-1.90678e-02
-1.85407e-02
-1.80601e-02
-1.76453e-02
-1.73892e-02
-1.72893e-02
-1.72201e-02
-1.70617e-02
-1.67109e-02
-1.61089e-02
-1.53137e-02
-1.45107e-02
-1.38754e-02
-1.35310e-02
-1.34935e-02
-1.35602e-02
-1.33711e-02
-1.28838e-02
-1.22925e-02
-1.15544e-02
-1.05895e-02
-9.46547e-03
-8.27732e-03
-7.13612e-03
-6.18332e-03
-5.46857e-03
-4.84062e-03
-4.14952e-03
-3.38290e-03
-2.69159e-03
-2.25166e-03
-2.01745e-03
-1.85086e-03
-1.63588e-03
-1.26708e-03
-6.92088e-04
4.52602e-05
8.57425e-04
1.69037e-03
2.53691e-03
3.38998e-03
4.09958e-03
4.54681e-03
4.86690e-03
5.26650e-03
5.89887e-03
6.83723e-03
8.06950e-03
9.55375e-03
1.11629e-02
1.26818e-02
1.39581e-02
1.49878e-02
1.59488e-02
1.70431e-02
1.83062e-02
1.96597e-02
2.09679e-02
2.21780e-02
2.32871e-02
2.42584e-02
2.50469e-02
2.56261e-02
2.60121e-02
2.62285e-02
2.62258e-02
2.60340e-02
2.58366e-02
2.57096e-02
2.55886e-02
2.54060e-02
2.50949e-02
2.46076e-02
2.39761e-02
2.33092e-02
2.26489e-02
2.19433e-02
2.10621e-02
1.99318e-02
1.86297e-02
1.72971e-02
1.60748e-02
1.49789e-02
1.39476e-02
1.29053e-02
1.17527e-02
1.04588e-02
9.23053e-03
8.25744e-03
7.42613e-03
6.63245e-03
5.89179e-03
5.16955e-03
4.47236e-03
3.94947e-03
3.62263e-03
3.28970e-03
2.94316e-03
2.73783e-03
2.71639e-03
2.87705e-03
3.22820e-03
3.72561e-03
4.28823e-03
4.92638e-03
5.64987e-03
6.35879e-03
6.95059e-03
7.38999e-03
7.73039e-03
8.07159e-03
8.44577e-03
8.78399e-03
8.93930e-03
8.84655e-03
8.55542e-03
8.13232e-03
7.59006e-03
6.83959e-03
5.84338e-03
4.66544e-03
3.36606e-03
2.04208e-03
8.33999e-04
-2.22585e-04
-1.25815e-03
-2.43738e-03
-3.83730e-03
-5.30168e-03
-6.58505e-03
-7.52732e-03
-8.13005e-03
-8.53788e-03
-8.82019e-03
-8.96264e-03
-8.90553e-03
-8.70410e-03
-8.53548e-03
-8.40787e-03
-8.21332e-03
-7.84820e-03
-7.23608e-03
-6.33848e-03
-5.06989e-03
-3.42790e-03
-1.66552e-03
-2.45352e-05
1.45902e-03
2.70838e-03
3.62973e-03
4.30083e-03
4.82953e-03
5.19910e-03
5.42398e-03
5.59585e-03
5.73869e-03
5.81123e-03
5.74816e-03
5.62178e-03
5.63287e-03
5.65094e-03
5.37902e-03
4.87950e-03
4.35502e-03
3.91368e-03
3.56864e-03
3.24934e-03
2.91452e-03
2.57062e-03
2.25773e-03
1.92464e-03
1.40147e-03
5.71916e-04
-5.52085e-04
-1.80284e-03
-3.02807e-03
-4.20166e-03
-5.29871e-03
-6.28726e-03
-7.14876e-03
-7.88454e-03
-8.53268e-03
-9.19605e-03
-9.99880e-03
-1.09245e-02
-1.18558e-02
-1.26677e-02
-1.32393e-02
-1.35013e-02
-1.35069e-02
-1.34307e-02
-1.34614e-02
-1.36559e-02
-1.38791e-02
-1.40517e-02
-1.41843e-02
-1.42514e-02
-1.42162e-02
-1.40516e-02
-1.37525e-02
-1.33605e-02
-1.29855e-02
-1.27347e-02
-1.25939e-02
-1.24987e-02
-1.23958e-02
-1.22406e-02
-1.20196e-02
-1.17580e-02
-1.14222e-02
-1.08788e-02
-1.02047e-02
-9.70055e-03
-9.42351e-03
-9.26815e-03
-9.16887e-03
-9.07023e-03
-8.93311e-03
-8.76218e-03
-8.62543e-03
-8.63961e-03
-8.82822e-03
-9.03842e-03
-9.18134e-03
-9.28677e-03
-9.36570e-03
-9.42121e-03
-9.45762e-03
-9.46843e-03
-9.43446e-03
-9.32670e-03
-9.11978e-03
-8.81175e-03
-8.45708e-03
-8.15402e-03
-7.89794e-03
-7.57183e-03
-7.09233e-03
-6.44824e-03
-5.71581e-03
-4.97833e-03
-4.27005e-03
-3.56650e-03
-2.85156e-03
-2.20804e-03
-1.58702e-03
-7.30782e-04
3.64632e-04
1.45182e-03
2.42695e-03
3.26951e-03
3.96647e-03
4.58006e-03
5.22558e-03
5.90723e-03
6.55800e-03
7.15857e-03
7.75977e-03
8.46678e-03
9.29185e-03
1.01562e-02
1.10062e-02
1.19498e-02
1.27453e-02
1.35734e-02
1.45191e-02
1.55161e-02
1.64774e-02
1.74852e-02
1.85519e-02
1.95454e-02
2.04961e-02
2.15215e-02
2.25713e-02
2.36190e-02
2.47818e-02
2.60149e-02
2.70930e-02
2.79181e-02
2.84977e-02
2.88602e-02
2.89834e-02
2.88078e-02
2.84314e-02
2.80404e-02
2.76910e-02
2.74059e-02
2.72185e-02
2.69946e-02
2.65058e-02
2.57425e-02
2.48201e-02
2.38241e-02
2.28354e-02
2.19246e-02
2.11253e-02
2.04068e-02
1.96784e-02
1.89145e-02
1.82092e-02
1.76364e-02
1.72002e-02
1.68150e-02
1.63707e-02
1.58190e-02
1.52112e-02
1.46717e-02
1.42687e-02
1.40670e-02
1.41716e-02
1.45197e-02
1.48401e-02
1.49443e-02
1.47999e-02
1.45445e-02
1.43212e-02
1.41602e-02
1.40910e-02
1.41367e-02
1.42831e-02
1.44613e-02
1.45701e-02
1.46289e-02
1.47368e-02
1.47834e-02
1.45913e-02
1.41279e-02
1.34502e-02
1.26634e-02
1.18139e-02
1.08727e-02
9.76228e-03
8.49927e-03
7.25268e-03
6.09224e-03
4.97561e-03
3.87101e-03
2.74708e-03
1.57356e-03
3.44951e-04
-8.98866e-04
-2.06693e-03
-3.11606e-03
-4.13874e-03
-5.14307e-03
-6.00089e-03
-6.75107e-03
-7.51932e-03
-8.29221e-03
-9.00804e-03
-9.63933e-03
-1.01997e-02
-1.07081e-02
-1.10799e-02
-1.12284e-02
-1.11674e-02
-1.09367e-02
-1.05989e-02
-1.02709e-02
-1.00476e-02
-9.90047e-03
-9.75624e-03
-9.55703e-03
-9.27088e-03
-8.92612e-03
-8.62263e-03
-8.43185e-03
-8.32424e-03
-8.26524e-03
-8.23477e-03
-8.21940e-03
-8.22075e-03
-8.25810e-03
-8.36381e-03
-8.57046e-03
-8.88922e-03
-9.27928e-03
-9.64327e-03
-9.93443e-03
-1.02025e-02
-1.04773e-02
-1.08149e-02
-1.13881e-02
-1.22482e-02
-1.31820e-02
-1.40323e-02
-1.47681e-02
-1.53717e-02
-1.58834e-02
-1.64074e-02
-1.69855e-02
-1.75539e-02
-1.80635e-02
-1.85035e-02
-1.89004e-02
-1.92423e-02
-1.94461e-02
-1.94969e-02
-1.94580e-02
-1.93690e-02
-1.92567e-02
-1.91446e-02
-1.90464e-02
-1.89657e-02
-1.88946e-02
-1.88136e-02
-1.86932e-02
-1.84991e-02
-1.82035e-02
-1.78036e-02
-1.73477e-02
-1.69431e-02
-1.66709e-02
-1.65068e-02
-1.63952e-02
-1.62727e-02
-1.60624e-02
-1.56949e-02
-1.51376e-02
-1.44424e-02
-1.37505e-02
-1.31846e-02
-1.28045e-02
-1.25842e-02
-1.24483e-02
-1.23242e-02
-1.21436e-02
-1.18572e-02
-1.14590e-02
-1.10130e-02
-1.06509e-02
-1.04613e-02
-1.04369e-02
-1.05533e-02
-1.07493e-02
-1.09143e-02
-1.09833e-02
-1.09967e-02
-1.10134e-02
-1.10808e-02
-1.12237e-02
-1.14097e-02
-1.15476e-02
-1.15885e-02
-1.15621e-02
-1.14786e-02
-1.13316e-02
-1.11087e-02
-1.07937e-02
-1.03812e-02
-9.90003e-03
-9.38809e-03
-8.80571e-03
-8.11244e-03
-7.34261e-03
-6.53471e-03
-5.70882e-03
-4.87865e-03
-4.05152e-03
-3.22957e-03
-2.41300e-03
-1.60515e-03
-8.16125e-04
-6.53747e-05
6.19770e-04
1.21180e-03
1.69691e-03
2.10000e-03
2.46838e-03
2.77489e-03
2.97596e-03
3.09258e-03
3.15010e-03
3.14814e-03
3.07606e-03
2.92356e-03
2.69497e-03
2.43339e-03
2.21662e-03
2.06153e-03
1.91592e-03
1.75231e-03
1.57963e-03
1.43352e-03
1.29261e-03
1.08672e-03
9.04091e-04
8.81197e-04
9.58890e-04
1.04332e-03
1.14548e-03
1.29219e-03
1.49877e-03
1.76666e-03
2.05999e-03
2.29947e-03
2.43553e-03
2.49314e-03
2.50958e-03
2.52741e-03
2.60187e-03
2.78784e-03
3.12220e-03
3.58984e-03
4.11708e-03
4.64033e-03
5.11687e-03
5.52775e-03
5.89636e-03
6.27930e-03
6.68173e-03
7.03541e-03
7.28692e-03
7.42092e-03
7.47434e-03
7.50720e-03
7.56634e-03
7.67913e-03
7.83793e-03
7.98750e-03
8.06986e-03
8.08680e-03
8.06012e-03
8.00383e-03
7.93163e-03
7.85519e-03
7.78192e-03
7.71447e-03
7.65163e-03
7.58956e-03
7.52335e-03
7.44874e-03
7.36429e-03
7.27359e-03
7.18725e-03
7.12315e-03
7.10363e-03
7.14818e-03
7.26090e-03
7.41234e-03
7.53452e-03
7.57573e-03
7.53595e-03
7.41720e-03
7.22056e-03
6.96249e-03
6.68608e-03
6.45872e-03
6.30928e-03
6.19981e-03
6.08156e-03
5.90553e-03
5.62928e-03
5.24384e-03
4.78583e-03
4.30006e-03
3.82190e-03
3.37841e-03
2.98249e-03
2.62678e-03
2.27702e-03
1.88599e-03
1.46940e-03
1.09776e-03
7.68538e-04
4.58694e-04
2.13529e-04
9.27611e-05
1.23778e-04
2.74681e-04
4.70957e-04
6.90370e-04
9.28591e-04
1.15992e-03
1.38935e-03
1.65878e-03
1.97792e-03
2.32539e-03
2.68992e-03
3.06294e-03
3.43371e-03
3.78918e-03
4.11291e-03
4.38504e-03
4.58658e-03
4.70762e-03
4.76337e-03
4.79675e-03
4.83943e-03
4.89535e-03
4.93899e-03
4.94067e-03
4.90440e-03
4.84456e-03
4.76968e-03
4.68715e-03
4.60280e-03
4.51937e-03
4.43678e-03
4.35298e-03
4.26575e-03
4.17461e-03
4.08300e-03
3.99964e-03
3.93864e-03
3.91638e-03
3.94555e-03
4.02234e-03
4.12663e-03
4.25446e-03
4.39631e-03
4.50284e-03
4.53988e-03
4.52827e-03
4.48796e-03
4.41864e-03
4.30638e-03
4.14659e-03
3.97394e-03
3.82037e-03
3.68584e-03
3.56703e-03
3.46264e-03
3.36901e-03
3.28016e-03
3.18725e-03
3.07834e-03
2.93950e-03
2.75896e-03
2.53489e-03
2.28300e-03
2.02780e-03
1.78703e-03
1.57108e-03
1.38076e-03
1.20345e-03
1.02440e-03
8.51533e-04
7.02601e-04
5.86898e-04
4.98606e-04
4.16803e-04
3.27173e-04
2.26831e-04
1.24707e-04
2.87238e-05
-6.37417e-05
-1.45925e-04
-2.02805e-04
-2.37536e-04
-2.65222e-04
-2.97206e-04
-3.40728e-04
-3.96449e-04
-4.53585e-04
-4.95255e-04
-5.18699e-04
-5.30070e-04
-5.33201e-04
-5.31465e-04
-5.28090e-04
-5.25394e-04
-5.24724e-04
-5.26478e-04
-5.30157e-04
-5.34284e-04
-5.36382e-04
-5.33156e-04
-5.21203e-04
-4.98381e-04
-4.65909e-04
-4.31160e-04
-4.06809e-04
-3.98066e-04
-3.99091e-04
-4.04200e-04
-4.07971e-04
-4.05014e-04
-3.92219e-04
-3.70573e-04
-3.47749e-04
-3.35347e-04
-3.36749e-04
-3.49295e-04
-3.70520e-04
-3.96192e-04
-4.19417e-04
-4.30682e-04
-4.22742e-04
-4.01702e-04
-3.80746e-04
-3.68329e-04
-3.66658e-04
-3.71775e-04
-3.79181e-04
-3.85387e-04
-3.88470e-04
-3.89701e-04
-3.93046e-04
-3.99083e-04
-4.03047e-04
-4.01127e-04
-3.92442e-04
-3.79937e-04
-3.68589e-04
-3.62439e-04
-3.64173e-04
-3.74102e-04
-3.88849e-04
-4.02923e-04
-4.13028e-04
-4.19324e-04
-4.25412e-04
-4.35141e-04
-4.50649e-04
-4.71511e-04
-4.95464e-04
-5.20831e-04
-5.46393e-04
-5.71268e-04
-5.95028e-04
-6.17578e-04
-6.39025e-04
-6.59541e-04
-6.79283e-04
-6.98347e-04
-7.16773e-04
-7.34546e-04
-7.51614e-04
-7.67908e-04
-7.83360e-04
-7.97930e-04
-8.11644e-04
-8.24620e-04
-8.37099e-04
-8.49433e-04
-8.62013e-04
-8.75121e-04
-8.88725e-04
-9.02151e-04
-9.14308e-04
-9.25092e-04
-9.34974e-04
-9.43872e-04
-9.51953e-04
-9.60085e-04
-9.68582e-04
-9.76868e-04
-9.84379e-04
-9.90463e-04
-9.94413e-04
-9.96252e-04
-9.96995e-04
-9.97245e-04
-9.96901e-04
-9.95879e-04
-9.94056e-04
-9.91250e-04
-9.87336e-04
-9.82346e-04
-9.76585e-04
-9.70532e-04
-9.64404e-04
-9.58130e-04
-9.51450e-04
-9.44240e-04
-9.36700e-04
-9.29118e-04
-9.21747e-04
-9.14583e-04
-9.07497e-04
-9.00435e-04
-8.93431e-04
-8.86584e-04
-8.79891e-04
-8.73297e-04
-8.66839e-04
-8.60537e-04
-8.54320e-04
-8.48133e-04
-8.41981e-04
-8.35904e-04
-8.29923e-04
-8.23974e-04
-8.17989e-04
-8.11961e-04
-8.05865e-04
-7.99655e-04
-7.93319e-04
-7.86878e-04
-7.80373e-04
-7.73843e-04
-7.67305e-04
-7.60755e-04
-7.54173e-04
-7.47550e-04
-7.40884e-04
-7.34178e-04
-7.27442e-04
-7.20688e-04
-7.13919e-04
-7.07134e-04
-7.00332e-04
-6.93517e-04
-6.86691e-04
-6.79857e-04
-6.73012e-04
-6.66157e-04
-6.59287e-04
-6.52403e-04
-6.45503e-04
-6.38586e-04
-6.31651e-04
-6.24697e-04
-6.17724e-04
-6.10730e-04
-6.03715e-04
-5.96678e-04
-5.89619e-04
-5.82538e-04
-5.75435e-04
0.00000e+00
0.00000e+00
0.00000e+00
0.00000e+00
0.00000e+00
0.00000e+00
