2.17087e-03
2.39557e-03
2.64111e-03
2.86727e-03
2.91388e-03
2.69319e-03
2.17703e-03
1.66500e-03
1.60061e-03
2.09535e-03
3.19332e-03
4.90124e-03
6.75934e-03
8.42990e-03
9.70804e-03
9.99047e-03
8.54427e-03
5.19808e-03
1.39277e-04
-5.68183e-03
-1.09530e-02
-1.40402e-02
-1.44956e-02
-1.29298e-02
-1.03665e-02
-7.99819e-03
-5.77581e-03
-3.81596e-03
-2.61199e-03
-2.18702e-03
-1.08689e-03
2.40412e-03
9.35867e-03
1.75257e-02
2.35754e-02
2.37149e-02
1.53255e-02
2.79323e-03
-7.03908e-03
-1.01428e-02
-6.34866e-03
1.91150e-03
1.31069e-02
2.60910e-02
3.78262e-02
4.31661e-02
3.86524e-02
2.49662e-02
7.50990e-03
-9.02649e-03
-2.06177e-02
-2.45515e-02
-2.22869e-02
-1.64466e-02
-8.49057e-03
5.32644e-04
9.19131e-03
1.57227e-02
1.80212e-02
1.49348e-02
7.09860e-03
-3.01025e-03
-1.11111e-02
-1.30541e-02
-7.01326e-03
-2.94160e-03
-7.60279e-03
-2.32932e-02
-4.55393e-02
-6.93713e-02
-8.74975e-02
-9.29272e-02
-8.38877e-02
-6.51173e-02
-4.10683e-02
-1.80524e-02
-1.45825e-03
8.66795e-03
2.18715e-02
4.48065e-02
7.11028e-02
9.14795e-02
9.74776e-02
8.79841e-02
6.69983e-02
4.00315e-02
1.22770e-02
-1.13298e-02
-3.13116e-02
-5.19461e-02
-7.05323e-02
-7.84768e-02
-6.93059e-02
-4.38118e-02
-1.51652e-02
5.12703e-03
1.53812e-02
1.92301e-02
1.87713e-02
1.64936e-02
1.56017e-02
1.56486e-02
1.32149e-02
5.73885e-03
-6.62372e-03
-2.25342e-02
-3.78088e-02
-4.65386e-02
-4.52042e-02
-3.05630e-02
-4.89470e-03
2.29883e-02
4.30425e-02
4.70837e-02
4.29215e-02
3.73314e-02
2.94817e-02
1.50522e-02
-6.48975e-03
-2.98039e-02
-4.37398e-02
-3.95528e-02
-2.01653e-02
8.37537e-03
3.93262e-02
6.23808e-02
6.35556e-02
4.14201e-02
3.95234e-03
-3.53576e-02
-6.91775e-02
-9.06144e-02
-9.79781e-02
-9.02517e-02
-7.05574e-02
-4.54813e-02
-2.70293e-02
-1.40844e-02
-2.50417e-03
1.08720e-02
2.52133e-02
3.73115e-02
4.40245e-02
4.47428e-02
3.73804e-02
2.12697e-02
-1.17511e-03
-2.43490e-02
-3.94773e-02
-3.84291e-02
-2.25560e-02
3.85325e-03
3.37937e-02
5.68892e-02
6.04952e-02
4.36309e-02
1.19202e-02
-2.53041e-02
-5.96522e-02
-7.94904e-02
-7.78805e-02
-4.20476e-02
4.86850e-02
2.11347e-01
4.39061e-01
6.80794e-01
8.80401e-01
1.00417e+00
1.00625e+00
8.58047e-01
5.45988e-01
1.04392e-01
-3.82322e-01
-7.44000e-01
-8.93492e-01
-8.26063e-01
-6.37354e-01
-4.56393e-01
-3.50874e-01
-3.61650e-01
-4.26361e-01
-4.43960e-01
-3.91339e-01
-2.87891e-01
-1.70674e-01
-7.73223e-02
-3.48551e-02
-7.41676e-02
-2.00277e-01
-3.83987e-01
-5.77222e-01
-7.01539e-01
-7.00996e-01
-5.47229e-01
-2.91583e-01
9.72184e-03
2.71997e-01
4.53516e-01
5.32353e-01
5.30606e-01
4.91908e-01
4.57620e-01
4.49669e-01
4.74873e-01
5.24682e-01
5.71382e-01
5.93553e-01
5.74972e-01
5.11104e-01
4.12194e-01
2.84184e-01
1.35829e-01
-1.82828e-02
-1.64385e-01
-2.87316e-01
-3.80405e-01
-4.30660e-01
-4.30162e-01
-3.88367e-01
-3.23546e-01
-2.53229e-01
-1.91019e-01
-1.43068e-01
-1.13238e-01
-1.00921e-01
-9.99568e-02
-9.29272e-02
-6.52634e-02
-1.48736e-02
4.38016e-02
1.02482e-01
1.57028e-01
2.03357e-01
2.37606e-01
2.57174e-01
2.54624e-01
2.25367e-01
1.74089e-01
1.07744e-01
2.94102e-02
-5.13624e-02
-1.16033e-01
-1.53345e-01
-1.59048e-01
-1.37400e-01
-1.05565e-01
-7.63811e-02
-6.38936e-02
-6.73233e-02
-8.01327e-02
-9.89623e-02
-1.17690e-01
-1.29929e-01
-1.30077e-01
-1.14353e-01
-8.50113e-02
-4.50204e-02
3.04313e-03
5.24139e-02
1.01829e-01
1.53151e-01
2.02203e-01
2.41796e-01
2.59310e-01
2.43933e-01
1.93840e-01
1.18324e-01
3.58442e-02
-4.02793e-02
-9.75332e-02
-1.30006e-01
-1.44604e-01
-1.46347e-01
-1.39900e-01
-1.28786e-01
-1.13699e-01
-9.56184e-02
-7.54150e-02
-5.34930e-02
-3.07002e-02
-8.17546e-03
1.22077e-02
2.85831e-02
4.03712e-02
5.03522e-02
6.41546e-02
8.41723e-02
1.08497e-01
1.33542e-01
1.53012e-01
1.58123e-01
1.41731e-01
1.04883e-01
5.69509e-02
8.50923e-03
-2.53291e-02
-4.53028e-02
-5.72206e-02
-6.18816e-02
-5.99287e-02
-5.37995e-02
-5.05218e-02
-6.01074e-02
-8.67309e-02
-1.23959e-01
-1.56460e-01
-1.71890e-01
-1.61940e-01
-1.26212e-01
-7.50179e-02
-2.69862e-02
9.51635e-03
3.31343e-02
4.45744e-02
5.47080e-02
6.40421e-02
7.24669e-02
8.01335e-02
8.56722e-02
8.69810e-02
8.42981e-02
8.20651e-02
7.88706e-02
7.00358e-02
5.55488e-02
3.94922e-02
2.37988e-02
8.68869e-03
-8.29388e-03
-3.27778e-02
-6.79930e-02
-1.11442e-01
-1.51525e-01
-1.80318e-01
-1.92586e-01
-1.86305e-01
-1.60650e-01
-1.20907e-01
-6.76839e-02
-4.20195e-03
6.02982e-02
1.12020e-01
1.45953e-01
1.59791e-01
1.58133e-01
1.49480e-01
1.37681e-01
1.21437e-01
9.74769e-02
6.40298e-02
2.43400e-02
-1.12018e-02
-3.40783e-02
-4.56226e-02
-4.53749e-02
-3.69389e-02
-2.84183e-02
-2.30549e-02
-2.27178e-02
-2.70702e-02
-3.36460e-02
-4.18763e-02
-5.14352e-02
-6.10982e-02
-6.82673e-02
-6.87783e-02
-5.79177e-02
-3.29125e-02
4.58483e-03
4.91997e-02
9.11367e-02
1.23379e-01
1.40522e-01
1.41772e-01
1.27131e-01
9.72155e-02
5.89153e-02
2.15419e-02
-1.12425e-02
-3.98644e-02
-6.51007e-02
-8.58730e-02
-9.90840e-02
-9.94456e-02
-8.36555e-02
-5.53668e-02
-2.30882e-02
4.25574e-03
2.12256e-02
2.79000e-02
2.62560e-02
1.86738e-02
9.82019e-03
5.13905e-03
7.99422e-03
1.45178e-02
2.09679e-02
2.40389e-02
2.11934e-02
1.22450e-02
7.50211e-04
-1.11292e-02
-2.19487e-02
-3.08189e-02
-3.70820e-02
-3.91254e-02
-3.55671e-02
-2.66833e-02
-1.61857e-02
-8.93892e-03
-8.35822e-03
-1.36775e-02
-1.90629e-02
-2.30037e-02
-2.50329e-02
-2.50322e-02
-2.42478e-02
-2.19308e-02
-1.55976e-02
-2.16448e-03
2.00308e-02
4.82479e-02
7.58039e-02
9.19597e-02
8.72649e-02
6.78888e-02
3.93659e-02
8.70732e-03
-1.71988e-02
-3.45796e-02
-3.98564e-02
-3.19478e-02
-1.40020e-02
8.42326e-03
2.88460e-02
3.91705e-02
4.14197e-02
3.51551e-02
2.11011e-02
2.98940e-03
-1.50942e-02
-2.95776e-02
-3.89058e-02
-4.20512e-02
-4.02034e-02
-3.54834e-02
-2.99094e-02
-2.62268e-02
-2.44163e-02
-1.77952e-02
-6.58937e-03
4.77337e-03
1.20545e-02
1.24114e-02
7.20675e-03
-2.19420e-03
-1.24201e-02
-1.85032e-02
-1.97678e-02
-1.83615e-02
-1.66649e-02
-1.46843e-02
-1.07350e-02
-3.20420e-03
5.36319e-03
1.13531e-02
1.25027e-02
7.44565e-03
-2.02647e-03
-1.08862e-02
-1.43586e-02
-1.02310e-02
3.75776e-04
1.21557e-02
2.27578e-02
3.09706e-02
3.50983e-02
3.45475e-02
3.12620e-02
2.75426e-02
2.57352e-02
2.84751e-02
3.64620e-02
4.49648e-02
5.04681e-02
5.06330e-02
4.54838e-02
3.68754e-02
2.61540e-02
1.44460e-02
3.59315e-03
-6.12314e-03
-1.54673e-02
-2.41250e-02
-3.10718e-02
-3.57945e-02
-3.93141e-02
-4.42524e-02
-5.19975e-02
-6.25505e-02
-7.34858e-02
-8.15748e-02
-8.51668e-02
-8.30740e-02
-7.59288e-02
-6.40470e-02
-4.65928e-02
-2.43006e-02
1.67712e-03
2.85878e-02
5.22308e-02
6.77644e-02
7.26954e-02
6.59312e-02
5.04099e-02
3.06929e-02
1.38650e-02
4.30345e-03
3.11684e-03
7.90135e-03
1.61513e-02
2.53862e-02
3.24227e-02
3.34985e-02
2.91626e-02
2.01339e-02
7.77318e-03
-3.93123e-03
-1.41026e-02
-2.41677e-02
-3.32671e-02
-3.90510e-02
-3.81596e-02
-2.78477e-02
-8.64083e-03
1.55125e-02
3.76810e-02
4.76867e-02
5.02281e-02
4.66279e-02
3.80400e-02
2.68204e-02
1.37157e-02
3.84141e-04
-1.08578e-02
-1.84191e-02
-2.22591e-02
-2.44149e-02
-2.63335e-02
-2.91389e-02
-3.14270e-02
-3.10790e-02
-2.85836e-02
-2.58668e-02
-2.37107e-02
-2.21620e-02
-2.05588e-02
-1.70811e-02
-1.08547e-02
-3.92589e-03
2.82806e-03
9.12599e-03
1.48494e-02
2.05597e-02
2.66734e-02
3.31914e-02
3.94026e-02
4.39050e-02
4.57270e-02
4.52036e-02
4.30564e-02
3.88200e-02
3.18052e-02
2.22120e-02
1.14555e-02
-1.63118e-04
-1.25807e-02
-2.51893e-02
-3.66329e-02
-4.47635e-02
-4.91839e-02
-5.03072e-02
-4.75855e-02
-4.12031e-02
-3.11169e-02
-1.76085e-02
-3.21984e-03
7.99777e-03
1.35598e-02
1.32614e-02
8.25175e-03
5.62760e-04
-8.33913e-03
-1.62472e-02
-2.15469e-02
-2.34900e-02
-2.26836e-02
-1.99300e-02
-1.57388e-02
-9.89046e-03
-2.25966e-03
6.44870e-03
1.61073e-02
2.64441e-02
3.63749e-02
4.41894e-02
4.94293e-02
5.07157e-02
4.68629e-02
3.72360e-02
2.29306e-02
7.37443e-03
-6.60211e-03
-1.70561e-02
-2.31147e-02
-2.43734e-02
-2.25798e-02
-2.05544e-02
-1.98877e-02
-2.07288e-02
-2.15792e-02
-2.04339e-02
-1.70919e-02
-1.20064e-02
-5.41434e-03
1.80593e-03
8.91110e-03
1.49840e-02
1.89257e-02
2.00736e-02
1.84558e-02
1.44930e-02
9.14691e-03
2.89163e-03
-3.49393e-03
-8.43898e-03
-1.01035e-02
-7.27898e-03
-7.34190e-04
5.71565e-03
6.56559e-03
5.93233e-04
-9.76078e-03
-2.19417e-02
-3.35154e-02
-4.13230e-02
-4.41705e-02
-4.20849e-02
-3.49988e-02
-2.35941e-02
-8.33581e-03
9.09244e-03
2.44720e-02
3.66671e-02
4.65026e-02
5.32578e-02
5.56271e-02
5.20064e-02
4.18699e-02
2.71896e-02
1.04033e-02
-4.18923e-03
-1.32324e-02
-1.53454e-02
-1.35624e-02
-1.27468e-02
-1.27312e-02
-1.19061e-02
-9.68908e-03
-6.95937e-03
-6.23135e-03
-8.30419e-03
-1.18021e-02
-1.38706e-02
-1.31479e-02
-9.94330e-03
-5.21479e-03
4.41450e-04
6.13399e-03
1.11625e-02
1.51159e-02
1.78885e-02
1.98966e-02
2.13003e-02
2.24595e-02
2.37239e-02
2.46573e-02
2.41372e-02
2.15123e-02
1.77483e-02
1.28645e-02
6.52592e-03
-1.10926e-03
-9.54821e-03
-1.74621e-02
-2.25922e-02
-2.35944e-02
-2.12479e-02
-1.69559e-02
-1.36909e-02
-1.25224e-02
-1.29458e-02
-1.46607e-02
-1.69216e-02
-1.92405e-02
-2.11586e-02
-2.22222e-02
-2.23955e-02
-2.15102e-02
-1.87778e-02
-1.33794e-02
-5.43556e-03
3.51623e-03
1.22364e-02
1.91526e-02
2.26008e-02
2.19293e-02
1.77752e-02
1.13821e-02
3.82883e-03
-3.16525e-03
-7.52396e-03
-7.90705e-03
-4.06774e-03
4.80590e-03
1.78713e-02
3.05947e-02
3.72873e-02
3.74041e-02
3.12590e-02
2.10898e-02
1.11076e-02
5.19135e-03
2.65263e-03
-1.19700e-03
-8.28893e-03
-1.79532e-02
-2.62787e-02
-2.98401e-02
-2.72945e-02
-1.98441e-02
-1.00057e-02
4.19572e-04
8.97587e-03
1.29948e-02
1.04902e-02
2.33994e-03
-6.22438e-03
-1.38923e-02
-1.99722e-02
-2.33661e-02
-2.38638e-02
-2.25270e-02
-2.07285e-02
-1.88626e-02
-1.70349e-02
-1.49986e-02
-1.22670e-02
-8.28044e-03
-2.89594e-03
3.25119e-03
9.40921e-03
1.46830e-02
1.79217e-02
1.82810e-02
1.58788e-02
1.17979e-02
8.56801e-03
7.74374e-03
9.61375e-03
1.27977e-02
1.56921e-02
1.68195e-02
1.46478e-02
8.65884e-03
6.84541e-04
-6.86771e-03
-1.33186e-02
-1.83314e-02
-2.18179e-02
-2.40299e-02
-2.49781e-02
-2.47983e-02
-2.30706e-02
-1.91792e-02
-1.27683e-02
-4.14355e-03
4.91164e-03
1.26104e-02
1.69154e-02
1.76675e-02
1.70230e-02
1.61054e-02
1.59434e-02
1.72681e-02
1.99131e-02
2.36825e-02
2.77816e-02
3.05157e-02
2.98642e-02
2.46165e-02
1.55801e-02
6.15924e-03
-8.98784e-04
-5.95410e-03
-9.03544e-03
-9.92918e-03
-9.29271e-03
-8.63585e-03
-1.04918e-02
-1.37567e-02
-1.58793e-02
-1.54581e-02
-1.22655e-02
-7.98393e-03
-3.90206e-03
-8.51808e-04
6.19980e-04
3.59009e-04
-1.39204e-03
-3.44969e-03
-4.64526e-03
-3.61441e-03
8.14243e-04
8.69737e-03
1.82540e-02
2.59312e-02
2.84282e-02
2.67993e-02
2.38561e-02
2.06199e-02
1.76025e-02
1.49871e-02
1.21353e-02
7.24471e-03
-8.31549e-04
-1.15610e-02
-2.20604e-02
-3.07764e-02
-3.79022e-02
-4.35432e-02
-4.70434e-02
-4.73945e-02
-4.41598e-02
-3.83315e-02
-3.07047e-02
-2.24491e-02
-1.59969e-02
-1.15831e-02
-6.65397e-03
-4.24760e-04
6.31850e-03
1.14165e-02
1.31240e-02
1.24572e-02
1.35238e-02
1.84181e-02
2.59107e-02
3.53285e-02
4.46135e-02
4.96570e-02
4.72537e-02
3.91188e-02
2.59190e-02
9.63650e-03
-4.83781e-03
-1.52185e-02
-2.21099e-02
-2.56093e-02
-2.68737e-02
-2.65189e-02
-2.50363e-02
-2.19490e-02
-1.65036e-02
-8.77154e-03
4.29333e-05
8.77806e-03
1.57042e-02
1.90042e-02
1.87773e-02
1.62977e-02
1.17922e-02
5.78356e-03
-9.31055e-04
-7.87889e-03
-1.43157e-02
-1.94221e-02
-2.24390e-02
-2.27428e-02
-1.97545e-02
-1.40258e-02
-6.49694e-03
7.36431e-04
5.31815e-03
6.62381e-03
5.98074e-03
4.40896e-03
2.68471e-03
1.41325e-03
9.53308e-04
1.61713e-03
3.77063e-03
7.44569e-03
1.16343e-02
1.39749e-02
1.21414e-02
6.27094e-03
-5.82127e-04
-6.11173e-03
-8.05054e-03
-5.06339e-03
6.05359e-04
6.74082e-03
1.08258e-02
9.75325e-03
2.72775e-03
-5.92590e-03
-1.30281e-02
-1.57571e-02
-1.35363e-02
-8.04102e-03
2.11995e-06
8.93764e-03
1.64690e-02
2.14867e-02
2.39936e-02
2.36801e-02
2.09669e-02
1.77835e-02
1.47670e-02
1.19013e-02
8.80146e-03
4.72577e-03
-8.74777e-04
-7.94992e-03
-1.53481e-02
-2.07941e-02
-2.35640e-02
-2.45281e-02
-2.36828e-02
-2.13106e-02
-1.82182e-02
-1.45566e-02
-1.04191e-02
-6.18296e-03
-2.19311e-03
1.80034e-03
5.94334e-03
9.62541e-03
1.18811e-02
1.18945e-02
9.57107e-03
5.82435e-03
1.23295e-03
-3.18556e-03
-6.38992e-03
-7.70889e-03
-7.03742e-03
-4.02737e-03
1.02790e-03
6.58029e-03
1.17499e-02
1.57874e-02
1.79728e-02
1.74211e-02
1.35564e-02
7.26546e-03
3.81926e-04
-6.08276e-03
-1.13197e-02
-1.48407e-02
-1.70546e-02
-1.83172e-02
-1.87334e-02
-1.83426e-02
-1.67811e-02
-1.37598e-02
-9.58757e-03
-4.43542e-03
1.11911e-03
5.73952e-03
8.81088e-03
1.14815e-02
1.39203e-02
1.57610e-02
1.65420e-02
1.60934e-02
1.49672e-02
1.40385e-02
1.32842e-02
1.19544e-02
9.25333e-03
4.56561e-03
-1.99430e-03
-9.41833e-03
-1.56940e-02
-2.00444e-02
-2.30369e-02
-2.43208e-02
-2.35782e-02
-2.12528e-02
-1.79338e-02
-1.39274e-02
-9.75663e-03
-5.77848e-03
-2.29819e-03
4.10075e-04
2.38570e-03
4.17605e-03
6.24588e-03
8.87289e-03
1.21516e-02
1.60675e-02
2.06300e-02
2.54952e-02
2.98588e-02
3.23224e-02
3.12286e-02
2.58549e-02
1.75668e-02
7.48914e-03
-3.25862e-03
-1.25181e-02
-1.79551e-02
-1.85171e-02
-1.45918e-02
-8.69821e-03
-2.94810e-03
1.34711e-05
-1.34081e-03
-5.97370e-03
-1.27924e-02
-1.97207e-02
-2.29960e-02
-2.05726e-02
-1.31838e-02
-2.70252e-03
7.73351e-03
1.42036e-02
1.68564e-02
1.63277e-02
1.33673e-02
9.35261e-03
4.49108e-03
-1.23028e-03
-7.51290e-03
-1.33519e-02
-1.75888e-02
-1.89781e-02
-1.68986e-02
-1.17294e-02
-4.55682e-03
1.75699e-03
5.23866e-03
5.50287e-03
3.45478e-03
1.41964e-03
1.68427e-03
4.69780e-03
8.62032e-03
1.15264e-02
1.22098e-02
1.04497e-02
7.15614e-03
3.80891e-03
2.09088e-03
2.57458e-03
4.21915e-03
5.42637e-03
4.87442e-03
1.63661e-03
-4.91746e-03
-1.42039e-02
-2.33343e-02
-2.86718e-02
-2.76111e-02
-2.09026e-02
-1.14186e-02
-2.41210e-03
5.63385e-03
1.39497e-02
2.21823e-02
2.88371e-02
3.16529e-02
2.85441e-02
2.05252e-02
1.10283e-02
1.81577e-03
-5.56773e-03
-1.01731e-02
-1.19970e-02
-1.21044e-02
-1.05316e-02
-7.28836e-03
-3.14066e-03
1.66015e-03
7.02780e-03
1.24960e-02
1.70494e-02
1.96670e-02
1.97549e-02
1.75216e-02
1.27324e-02
5.95045e-03
-5.83056e-04
-6.14551e-03
-1.13719e-02
-1.61631e-02
-2.00813e-02
-2.26316e-02
-2.34350e-02
-2.24317e-02
-2.01805e-02
-1.71242e-02
-1.34922e-02
-9.66923e-03
-5.97203e-03
-2.82211e-03
-6.70654e-04
3.59707e-04
9.93677e-04
2.09799e-03
4.02068e-03
6.80639e-03
9.89888e-03
1.17745e-02
1.08742e-02
8.08989e-03
5.53270e-03
3.30385e-03
1.02048e-03
-1.06330e-03
-2.39323e-03
-2.90897e-03
-2.88778e-03
-2.13955e-03
-4.16920e-04
2.38787e-03
6.43580e-03
1.13308e-02
1.55867e-02
1.65570e-02
1.29289e-02
5.84102e-03
-2.04232e-03
-7.82690e-03
-1.08646e-02
-1.18636e-02
-1.04982e-02
-6.80119e-03
-1.95124e-03
3.21773e-03
7.72033e-03
1.00693e-02
9.06167e-03
4.92186e-03
-3.24820e-04
-5.67543e-03
-1.02417e-02
-1.29707e-02
-1.31884e-02
-1.11596e-02
-7.77939e-03
-4.06601e-03
-1.70158e-03
-1.66042e-03
-3.75111e-03
-6.57088e-03
-9.28089e-03
-1.11284e-02
-1.12889e-02
-9.40901e-03
-6.05045e-03
-2.11864e-03
2.09998e-03
6.38368e-03
1.04125e-02
1.37037e-02
1.56928e-02
1.59924e-02
1.49330e-02
1.34085e-02
1.17154e-02
9.94443e-03
8.20100e-03
6.53727e-03
5.03926e-03
3.75941e-03
2.70460e-03
1.69873e-03
4.35842e-04
-1.30054e-03
-3.51183e-03
-5.86879e-03
-7.82314e-03
-9.06210e-03
-9.58951e-03
-9.85850e-03
-9.99848e-03
-1.00296e-02
-9.94886e-03
-9.75415e-03
-9.48783e-03
-9.12830e-03
-8.58956e-03
-7.79835e-03
-6.73886e-03
-5.54961e-03
-4.36034e-03
-3.19489e-03
-1.98260e-03
-5.86112e-04
1.18430e-03
3.44903e-03
6.10236e-03
8.64628e-03
1.06370e-02
1.17476e-02
1.20008e-02
1.19519e-02
1.18181e-02
1.16838e-02
1.16308e-02
1.16545e-02
1.17002e-02
1.16164e-02
1.12001e-02
1.02232e-02
8.60743e-03
6.57858e-03
4.41689e-03
2.19393e-03
-6.26609e-05
-2.34957e-03
-4.64385e-03
-6.89181e-03
-8.97407e-03
-1.07472e-02
-1.20914e-02
-1.30665e-02
-1.39514e-02
-1.47915e-02
-1.54584e-02
-1.57337e-02
-1.53156e-02
-1.38151e-02
-1.09984e-02
-7.23886e-03
-3.13127e-03
1.09918e-03
5.31496e-03
9.33224e-03
1.29597e-02
1.60002e-02
1.84098e-02
2.02171e-02
2.10404e-02
2.04229e-02
1.83811e-02
1.57558e-02
1.29940e-02
1.02582e-02
7.67069e-03
5.18203e-03
2.61074e-03
-4.01592e-04
-4.24232e-03
-9.15734e-03
-1.48176e-02
-2.00536e-02
-2.37576e-02
-2.51388e-02
-2.42472e-02
-2.23189e-02
-1.94343e-02
-1.53208e-02
-9.96052e-03
-3.96722e-03
1.52051e-03
5.73870e-03
8.35424e-03
9.84711e-03
1.10514e-02
1.23328e-02
1.38768e-02
1.56510e-02
1.72896e-02
1.80623e-02
1.70240e-02
1.34082e-02
7.47786e-03
1.21737e-03
-4.08844e-03
-8.01628e-03
-1.09440e-02
-1.32936e-02
-1.48692e-02
-1.53152e-02
-1.43885e-02
-1.24579e-02
-1.02849e-02
-8.29236e-03
-6.79321e-03
-5.99402e-03
-5.71476e-03
-5.66178e-03
-5.52205e-03
-4.87821e-03
-3.22054e-03
-2.16321e-04
3.89094e-03
7.88101e-03
1.08722e-02
1.25283e-02
1.32647e-02
1.37510e-02
1.42326e-02
1.47416e-02
1.51291e-02
1.50307e-02
1.40065e-02
1.17750e-02
8.60715e-03
5.08744e-03
1.42273e-03
-2.29920e-03
-5.96719e-03
-9.47120e-03
-1.26386e-02
-1.52927e-02
-1.73507e-02
-1.89757e-02
-1.99331e-02
-1.96901e-02
-1.77640e-02
-1.42722e-02
-1.03134e-02
-6.26781e-03
-2.19200e-03
1.91808e-03
6.22136e-03
1.08416e-02
1.57437e-02
2.04228e-02
2.38933e-02
2.47793e-02
2.20459e-02
1.67815e-02
1.12938e-02
6.59404e-03
3.00561e-03
6.54293e-05
-2.69384e-03
-5.42982e-03
-8.11438e-03
-1.05121e-02
-1.22299e-02
-1.29223e-02
-1.26313e-02
-1.19836e-02
-1.12049e-02
-1.03967e-02
-9.64969e-03
-8.99495e-03
-8.40986e-03
-7.79980e-03
-7.00417e-03
-5.83886e-03
-4.16150e-03
-1.99153e-03
6.25440e-04
3.61044e-03
6.68213e-03
9.75636e-03
1.30893e-02
1.70718e-02
2.16190e-02
2.57782e-02
2.76549e-02
2.53043e-02
1.86195e-02
1.04226e-02
2.41403e-03
-5.50537e-03
-1.28607e-02
-1.89795e-02
-2.32243e-02
-2.53820e-02
-2.62282e-02
-2.66929e-02
-2.68782e-02
-2.65587e-02
-2.53596e-02
-2.30005e-02
-1.96793e-02
-1.60190e-02
-1.22201e-02
-8.35053e-03
-4.43950e-03
-4.76922e-04
3.53525e-03
7.56163e-03
1.15291e-02
1.52914e-02
1.86730e-02
2.15219e-02
2.35396e-02
2.43661e-02
2.40145e-02
2.31848e-02
2.22513e-02
2.12886e-02
2.02713e-02
1.90187e-02
1.72882e-02
1.48717e-02
1.18443e-02
8.53869e-03
5.03831e-03
1.36192e-03
-2.36980e-03
-5.91931e-03
-8.86275e-03
-1.07054e-02
-1.11070e-02
-1.03594e-02
-9.38503e-03
-8.57006e-03
-7.97662e-03
-7.41347e-03
-6.28618e-03
-3.75629e-03
9.56769e-04
7.89044e-03
1.54281e-02
2.02094e-02
2.11333e-02
1.90689e-02
1.43966e-02
8.57729e-03
2.94748e-03
-1.63958e-03
-4.54468e-03
-5.85142e-03
-6.61181e-03
-7.22876e-03
-7.80625e-03
-8.45456e-03
-9.17567e-03
-1.00032e-02
-1.09229e-02
-1.19119e-02
-1.28079e-02
-1.33275e-02
-1.30344e-02
-1.15682e-02
-8.95490e-03
-5.82847e-03
-2.44248e-03
9.04065e-04
3.71530e-03
5.35346e-03
5.27115e-03
3.51345e-03
1.22048e-03
-9.41468e-04
-2.52808e-03
-3.21840e-03
-3.11634e-03
-2.74794e-03
-2.29987e-03
-1.82888e-03
-1.36766e-03
-9.22172e-04
-5.18513e-04
-2.26254e-04
-1.45699e-04
-3.65628e-04
-8.51061e-04
-1.42183e-03
-2.01568e-03
-2.63084e-03
-3.26973e-03
-3.96413e-03
-4.72278e-03
-5.52408e-03
-6.25813e-03
-6.74044e-03
-6.72417e-03
-6.04123e-03
-4.78588e-03
-3.35325e-03
-1.85852e-03
-3.25706e-04
1.24949e-03
2.87881e-03
4.54398e-03
6.13997e-03
7.47173e-03
8.27374e-03
8.35167e-03
7.79118e-03
7.01768e-03
6.17322e-03
5.31141e-03
4.46254e-03
3.62374e-03
2.77219e-03
1.88764e-03
9.58385e-04
8.49960e-06
-9.03490e-04
-1.67025e-03
-2.17558e-03
-2.34502e-03
-2.26238e-03
-2.10020e-03
-1.92691e-03
-1.76101e-03
-1.61467e-03
-1.46611e-03
-1.29370e-03
-1.08455e-03
-8.83615e-04
-7.78663e-04
-9.07239e-04
-1.38144e-03
-2.19406e-03
-3.08906e-03
-3.84018e-03
-4.22121e-03
-4.05973e-03
-3.39407e-03
-2.54195e-03
-1.61735e-03
-6.86635e-04
1.70793e-04
8.73388e-04
1.35476e-03
1.61763e-03
1.79790e-03
1.94382e-03
2.07472e-03
2.21377e-03
2.39098e-03
2.63349e-03
2.95332e-03
3.30950e-03
3.58757e-03
3.58633e-03
3.07855e-03
1.92875e-03
3.37910e-04
-1.02435e-03
-1.74223e-03
-1.70392e-03
-1.21329e-03
-5.52489e-04
1.50466e-04
7.49819e-04
1.11903e-03
1.15291e-03
8.81947e-04
5.17083e-04
1.43271e-04
-2.24073e-04
-3.91018e-04
-7.16293e-04
-1.04228e-03
-1.39704e-03
-1.78415e-03
-2.19496e-03
-2.56616e-03
-2.79965e-03
-2.75600e-03
-2.33955e-03
-1.58795e-03
-7.27616e-04
1.50127e-04
9.77976e-04
1.70039e-03
2.29112e-03
2.79405e-03
3.27249e-03
3.76109e-03
4.26869e-03
4.79603e-03
5.30710e-03
5.74468e-03
6.02019e-03
6.06231e-03
5.86710e-03
5.57629e-03
5.25109e-03
4.90466e-03
4.53319e-03
4.13976e-03
3.74207e-03
3.40119e-03
3.20741e-03
3.26335e-03
3.59944e-03
4.09096e-03
4.47533e-03
4.54194e-03
4.12949e-03
3.26742e-03
2.26930e-03
1.25515e-03
2.63343e-04
-6.69595e-04
-1.55035e-03
-2.39297e-03
-3.23437e-03
-4.09903e-03
-4.99936e-03
-5.89077e-03
-6.66771e-03
-7.14640e-03
-7.12883e-03
-6.50367e-03
-5.44316e-03
-4.34780e-03
-3.43411e-03
-2.82005e-03
-2.51431e-03
-2.31956e-03
-2.15777e-03
-1.99998e-03
-1.84467e-03
-1.70913e-03
-1.62507e-03
-1.60660e-03
-1.63897e-03
-1.67624e-03
-1.70290e-03
-1.71189e-03
-1.71715e-03
-1.74708e-03
-1.84962e-03
-2.06412e-03
-2.39525e-03
-2.76886e-03
-3.14088e-03
-3.50131e-03
-3.85056e-03
-4.17879e-03
-4.46217e-03
-4.64648e-03
-4.66208e-03
-4.44320e-03
-3.99688e-03
-3.44799e-03
-2.87761e-03
-2.27919e-03
-1.62447e-03
-8.79622e-04
-5.98690e-05
7.46711e-04
1.49854e-03
2.17918e-03
2.76846e-03
3.26200e-03
3.66548e-03
4.00219e-03
4.28028e-03
4.51015e-03
4.69829e-03
4.85182e-03
4.96692e-03
5.03114e-03
5.01438e-03
4.88113e-03
4.60067e-03
4.18698e-03
3.71909e-03
3.25273e-03
2.80362e-03
2.38180e-03
1.98831e-03
1.62437e-03
1.28724e-03
9.76789e-04
6.89599e-04
4.24173e-04
1.76431e-04
-5.33806e-05
-2.62743e-04
-4.40129e-04
-5.69900e-04
-6.33521e-04
-6.24667e-04
-5.63472e-04
-5.03896e-04
-4.60395e-04
-4.35375e-04
-4.27705e-04
-4.33866e-04
-4.49969e-04
-4.75089e-04
-5.10713e-04
-5.61588e-04
-6.31450e-04
-7.20223e-04
-8.16416e-04
-8.99430e-04
-9.63229e-04
-1.00773e-03
-1.03307e-03
-1.04154e-03
-1.03486e-03
-1.01538e-03
-9.84466e-04
-9.43753e-04
-8.94110e-04
-8.36822e-04
-7.72777e-04
-7.03582e-04
-6.30966e-04
-5.57444e-04
-4.84304e-04
-4.12496e-04
-3.42504e-04
-2.74898e-04
-2.09926e-04
-1.47986e-04
-8.94767e-05
-3.49472e-05
1.52223e-05
6.06090e-05
1.00950e-04
1.35980e-04
1.65567e-04
1.89596e-04
2.08059e-04
2.20995e-04
2.28543e-04
2.30912e-04
2.28386e-04
2.21303e-04
