3.45256e-04
4.28482e-04
4.55930e-04
4.21528e-04
3.78830e-04
4.83298e-04
9.12208e-04
1.78346e-03
2.87261e-03
3.66526e-03
3.88559e-03
3.63474e-03
3.35396e-03
3.08068e-03
2.37755e-03
1.15229e-03
1.62509e-04
9.31713e-05
1.10770e-03
2.22798e-03
1.13161e-03
-3.27725e-03
-1.01650e-02
-1.67676e-02
-2.03773e-02
-1.97699e-02
-1.59565e-02
-1.00146e-02
-2.71116e-03
4.90390e-03
1.13641e-02
1.51043e-02
1.53165e-02
1.33412e-02
1.22530e-02
1.36652e-02
1.83671e-02
2.67110e-02
3.69080e-02
4.55807e-02
4.87098e-02
4.27738e-02
2.75232e-02
8.80670e-03
-1.01847e-02
-2.73992e-02
-4.33538e-02
-5.60437e-02
-6.36575e-02
-6.42889e-02
-6.05726e-02
-5.55063e-02
-4.63646e-02
-3.03364e-02
-1.51655e-02
-6.24531e-03
-3.61070e-03
-3.14990e-03
1.13082e-03
1.72610e-02
4.12761e-02
5.83129e-02
5.92559e-02
4.19272e-02
1.47674e-02
-1.35894e-02
-3.49616e-02
-4.25034e-02
-3.45114e-02
-1.25421e-02
1.40756e-02
2.88797e-02
3.32863e-02
3.29265e-02
3.49009e-02
3.67695e-02
3.23282e-02
2.28592e-02
5.52389e-03
-1.89254e-02
-4.13398e-02
-5.36125e-02
-5.00813e-02
-3.04580e-02
-1.85027e-03
2.07250e-02
3.21210e-02
3.47641e-02
3.27845e-02
3.04996e-02
2.60387e-02
2.17472e-02
1.52744e-02
1.72856e-03
-1.10684e-02
-1.87882e-02
-2.11231e-02
-2.30774e-02
-2.73876e-02
-2.86673e-02
-2.47743e-02
-1.95879e-02
-1.69446e-02
-1.62477e-02
-1.31719e-02
-6.97083e-03
-3.16655e-03
-4.18248e-03
-3.47511e-03
1.92568e-03
1.10763e-02
2.10782e-02
2.71791e-02
2.76871e-02
2.54119e-02
2.42246e-02
2.35911e-02
2.02511e-02
1.42584e-02
7.12685e-03
-3.35497e-03
-1.65383e-02
-2.54604e-02
-2.61394e-02
-1.64355e-02
-5.30757e-05
1.26907e-02
1.98317e-02
1.92820e-02
1.31553e-02
1.80600e-04
-2.34127e-02
-5.05438e-02
-7.52819e-02
-9.22087e-02
-9.39088e-02
-7.34917e-02
-2.97998e-02
2.74227e-02
8.20962e-02
1.09863e-01
1.05529e-01
7.43961e-02
2.95718e-02
-9.20644e-03
-3.81643e-02
-6.10482e-02
-7.36109e-02
-7.20374e-02
-5.97785e-02
-3.72976e-02
-6.39186e-03
2.87082e-02
6.27032e-02
8.62070e-02
8.71123e-02
5.83358e-02
3.77150e-03
-5.59436e-02
-1.02754e-01
-1.24073e-01
-1.16347e-01
-8.61630e-02
-4.11384e-02
1.58494e-02
8.60353e-02
1.64310e-01
2.35263e-01
2.85615e-01
3.16474e-01
3.27194e-01
3.21657e-01
3.10561e-01
2.79542e-01
1.90985e-01
3.83122e-02
-1.48969e-01
-3.09294e-01
-3.96465e-01
-4.00722e-01
-3.48179e-01
-2.76225e-01
-2.15187e-01
-1.86858e-01
-2.03007e-01
-2.55220e-01
-3.12760e-01
-3.45344e-01
-3.31151e-01
-2.69629e-01
-1.79568e-01
-8.51229e-02
-6.71305e-03
3.90952e-02
6.27708e-02
7.15038e-02
8.23290e-02
1.22194e-01
1.92375e-01
2.83282e-01
3.69594e-01
4.35234e-01
4.61787e-01
4.52634e-01
4.24456e-01
3.79919e-01
3.20925e-01
2.44041e-01
1.49252e-01
5.20048e-02
-2.71781e-02
-7.35940e-02
-9.43586e-02
-9.51848e-02
-9.30222e-02
-1.08295e-01
-1.47420e-01
-1.97577e-01
-2.37123e-01
-2.50200e-01
-2.37005e-01
-2.09841e-01
-1.82202e-01
-1.64901e-01
-1.60236e-01
-1.59561e-01
-1.51920e-01
-1.25630e-01
-7.89075e-02
-1.39900e-02
6.06281e-02
1.30447e-01
1.76506e-01
1.79817e-01
1.34200e-01
5.41602e-02
-4.14505e-02
-1.22765e-01
-1.66627e-01
-1.84909e-01
-1.80036e-01
-1.53528e-01
-1.15476e-01
-6.62977e-02
-4.27091e-03
6.69338e-02
1.36594e-01
1.88974e-01
2.08743e-01
1.90533e-01
1.47440e-01
9.81703e-02
6.04157e-02
4.09497e-02
3.40530e-02
3.85136e-02
5.57469e-02
8.65296e-02
1.27817e-01
1.69471e-01
2.00346e-01
2.13592e-01
2.06905e-01
1.76781e-01
1.20001e-01
3.58931e-02
-6.46263e-02
-1.52590e-01
-2.20857e-01
-2.58830e-01
-2.63123e-01
-2.37154e-01
-1.89150e-01
-1.41996e-01
-1.05452e-01
-8.28269e-02
-7.23903e-02
-7.02749e-02
-6.89359e-02
-6.74202e-02
-5.51699e-02
-2.95454e-02
7.26024e-03
5.25859e-02
9.73615e-02
1.33567e-01
1.53139e-01
1.48868e-01
1.19137e-01
7.36553e-02
2.59921e-02
-1.97578e-02
-5.76650e-02
-8.04162e-02
-8.33362e-02
-6.65928e-02
-3.97513e-02
-1.06125e-02
1.39073e-02
2.52000e-02
1.70782e-02
-8.56673e-03
-3.97939e-02
-7.06705e-02
-9.63174e-02
-1.10837e-01
-1.12434e-01
-1.00346e-01
-7.40053e-02
-3.33426e-02
1.58173e-02
7.11153e-02
1.30202e-01
1.87628e-01
2.34633e-01
2.64160e-01
2.71035e-01
2.53966e-01
2.16316e-01
1.57618e-01
8.45914e-02
1.27680e-02
-4.82898e-02
-9.82113e-02
-1.35189e-01
-1.57481e-01
-1.65548e-01
-1.60507e-01
-1.47635e-01
-1.34123e-01
-1.22896e-01
-1.14518e-01
-1.07158e-01
-9.88160e-02
-8.71295e-02
-6.97422e-02
-4.57410e-02
-1.68614e-02
1.07519e-02
3.42564e-02
5.23610e-02
6.16388e-02
6.13073e-02
5.35351e-02
4.36034e-02
3.54159e-02
2.87327e-02
2.16075e-02
1.36429e-02
5.86377e-03
8.59139e-04
8.58657e-04
5.19717e-03
1.14965e-02
1.63950e-02
1.76484e-02
1.46148e-02
9.98401e-03
8.73507e-03
1.22087e-02
1.81070e-02
2.52449e-02
3.26201e-02
3.91969e-02
4.50871e-02
5.13997e-02
5.72696e-02
5.98091e-02
5.57737e-02
4.47079e-02
2.87224e-02
1.02452e-02
-1.11292e-02
-3.35957e-02
-5.19913e-02
-6.30832e-02
-6.61423e-02
-6.13033e-02
-5.10834e-02
-3.99783e-02
-3.00892e-02
-2.25949e-02
-1.75915e-02
-1.32561e-02
-7.21296e-03
-1.96108e-03
3.02397e-04
-1.89079e-03
-8.51870e-03
-1.55930e-02
-1.51112e-02
-7.24609e-03
4.34853e-03
1.63782e-02
2.31189e-02
2.06346e-02
1.02808e-02
-4.06461e-03
-1.74269e-02
-2.58990e-02
-2.69210e-02
-2.11658e-02
-1.39358e-02
-7.24317e-03
-1.70409e-03
1.22684e-03
3.83635e-04
-4.21552e-03
-1.02721e-02
-1.52472e-02
-1.64827e-02
-1.13823e-02
4.30235e-04
1.56977e-02
3.28307e-02
4.96526e-02
6.27814e-02
7.13088e-02
7.55413e-02
7.62396e-02
7.19645e-02
6.08761e-02
4.08238e-02
1.13873e-02
-2.39668e-02
-5.71824e-02
-7.72576e-02
-8.54453e-02
-8.35342e-02
-7.15296e-02
-5.33228e-02
-3.41667e-02
-1.80274e-02
-7.34216e-03
-3.67855e-03
-8.28947e-03
-1.95327e-02
-3.14730e-02
-4.19005e-02
-4.81229e-02
-4.56618e-02
-3.12274e-02
-6.11262e-03
2.39406e-02
5.02544e-02
6.72490e-02
7.62857e-02
7.89006e-02
7.56481e-02
6.81358e-02
5.93381e-02
5.22405e-02
4.81441e-02
4.61198e-02
4.31311e-02
3.68810e-02
2.67314e-02
1.31684e-02
-2.58689e-03
-1.83298e-02
-3.02190e-02
-3.62521e-02
-4.04367e-02
-4.81622e-02
-5.84284e-02
-6.98504e-02
-7.99896e-02
-8.46480e-02
-7.92141e-02
-6.06031e-02
-3.30228e-02
-3.06539e-03
2.19771e-02
3.78872e-02
4.16442e-02
3.35430e-02
1.99414e-02
6.79472e-03
-2.92671e-04
8.13795e-04
9.19650e-03
2.17729e-02
3.49253e-02
4.30398e-02
4.20496e-02
3.26122e-02
1.97039e-02
9.24114e-03
-1.19807e-03
-1.39645e-02
-3.04497e-02
-5.07239e-02
-7.11169e-02
-8.46791e-02
-8.66540e-02
-7.84594e-02
-6.08532e-02
-3.45229e-02
-1.48674e-03
3.12652e-02
5.46827e-02
7.25680e-02
8.55023e-02
9.18366e-02
9.04967e-02
8.24691e-02
7.26532e-02
6.38555e-02
5.53808e-02
4.62673e-02
3.52039e-02
2.05407e-02
1.55469e-03
-2.25382e-02
-5.06073e-02
-7.85247e-02
-9.85883e-02
-1.08360e-01
-1.06301e-01
-9.41681e-02
-7.57233e-02
-5.43118e-02
-3.33778e-02
-1.47630e-02
1.17027e-03
1.35098e-02
2.19532e-02
2.84088e-02
3.63218e-02
4.69179e-02
5.90611e-02
6.90570e-02
7.40822e-02
7.22816e-02
6.29842e-02
4.95668e-02
3.61214e-02
2.35655e-02
1.13975e-02
2.95230e-04
-8.64208e-03
-1.59490e-02
-2.22131e-02
-2.61578e-02
-2.76724e-02
-2.89283e-02
-3.07698e-02
-3.33093e-02
-3.67000e-02
-4.06771e-02
-4.42771e-02
-4.56947e-02
-4.40320e-02
-3.97884e-02
-3.40450e-02
-2.66763e-02
-1.74494e-02
-6.82199e-03
4.39525e-03
1.62190e-02
2.70872e-02
3.37855e-02
3.40571e-02
3.04528e-02
2.59562e-02
2.16472e-02
1.69597e-02
1.23846e-02
8.83497e-03
7.37061e-03
8.82188e-03
1.26407e-02
1.66174e-02
1.86115e-02
1.68373e-02
1.04670e-02
1.21508e-03
-7.35639e-03
-1.28788e-02
-1.54122e-02
-1.67898e-02
-1.80938e-02
-1.94265e-02
-2.02250e-02
-1.93958e-02
-1.60646e-02
-1.02974e-02
-3.96363e-03
1.59442e-03
7.05976e-03
1.42523e-02
2.34334e-02
3.36169e-02
4.36238e-02
5.15736e-02
5.54202e-02
5.38910e-02
4.76584e-02
3.84695e-02
2.71304e-02
1.33324e-02
-3.97177e-03
-2.22548e-02
-3.77007e-02
-5.30822e-02
-6.79149e-02
-7.71399e-02
-7.97588e-02
-7.66997e-02
-6.79062e-02
-5.47549e-02
-4.07389e-02
-2.87943e-02
-1.86437e-02
-9.84440e-03
-1.91286e-03
5.76419e-03
1.29132e-02
1.89823e-02
2.35878e-02
2.69033e-02
2.88347e-02
2.97224e-02
3.00178e-02
3.01753e-02
3.02889e-02
3.00618e-02
2.89309e-02
2.63600e-02
2.27823e-02
2.05100e-02
2.12571e-02
2.56268e-02
3.21825e-02
3.82031e-02
3.99243e-02
3.40623e-02
2.23818e-02
9.83668e-03
-1.64240e-03
-1.15331e-02
-1.99018e-02
-2.76307e-02
-3.39573e-02
-3.71754e-02
-3.61497e-02
-3.13665e-02
-2.47675e-02
-1.89843e-02
-1.76343e-02
-1.94306e-02
-2.35205e-02
-2.82827e-02
-3.15732e-02
-3.21166e-02
-2.95131e-02
-2.40564e-02
-1.50625e-02
-2.60472e-03
1.11791e-02
2.33540e-02
3.21839e-02
3.62783e-02
3.50115e-02
2.97163e-02
2.40246e-02
1.97188e-02
1.75157e-02
1.64194e-02
1.24300e-02
4.47863e-03
-4.36546e-03
-1.25044e-02
-1.92737e-02
-2.44615e-02
-2.73131e-02
-2.72629e-02
-2.48891e-02
-2.12067e-02
-1.59778e-02
-8.64198e-03
1.10625e-03
1.28483e-02
2.43461e-02
3.32403e-02
3.86700e-02
3.95037e-02
3.44167e-02
2.53398e-02
1.43572e-02
2.68950e-03
-7.83519e-03
-1.60368e-02
-2.12965e-02
-2.17374e-02
-1.68827e-02
-8.31336e-03
1.82644e-03
1.05180e-02
1.38765e-02
8.75093e-03
-1.21103e-03
-1.15722e-02
-1.88393e-02
-2.11258e-02
-1.80892e-02
-1.13846e-02
-5.34583e-03
-2.39566e-03
-3.58081e-03
-8.21864e-03
-1.23267e-02
-1.15103e-02
-7.19696e-03
-1.29963e-03
4.42595e-03
8.49994e-03
1.01248e-02
9.27103e-03
7.17204e-03
4.59980e-03
2.52463e-03
2.55007e-03
6.45406e-03
1.17854e-02
1.45344e-02
1.31133e-02
9.48978e-03
6.20339e-03
2.93037e-03
-8.88380e-04
-5.08412e-03
-8.95353e-03
-1.17923e-02
-1.30591e-02
-1.23861e-02
-1.01715e-02
-7.18444e-03
-4.18007e-03
-1.64968e-03
5.35812e-04
3.17380e-03
7.22192e-03
1.22261e-02
1.68193e-02
1.99136e-02
2.04338e-02
1.80653e-02
1.40383e-02
8.54737e-03
1.74007e-03
-5.52678e-03
-1.21081e-02
-1.64400e-02
-1.69312e-02
-1.29979e-02
-6.30969e-03
1.51897e-03
7.82603e-03
1.01785e-02
8.42708e-03
3.45477e-03
-3.85341e-03
-1.25784e-02
-2.05824e-02
-2.40549e-02
-1.99477e-02
-1.01181e-02
2.20353e-03
1.53751e-02
2.72432e-02
3.48549e-02
3.49884e-02
2.53252e-02
8.54889e-03
-8.38064e-03
-2.10122e-02
-2.85005e-02
-3.33070e-02
-3.54263e-02
-3.37272e-02
-2.72153e-02
-1.60698e-02
-3.61545e-03
6.14036e-03
9.40898e-03
6.83876e-03
1.79929e-03
-3.12058e-03
-5.75508e-03
-5.08997e-03
-1.92171e-03
2.91859e-03
9.56126e-03
1.80133e-02
2.73669e-02
3.57041e-02
4.14495e-02
4.30024e-02
3.86638e-02
2.87668e-02
1.73381e-02
6.51175e-03
-3.10149e-03
-1.12852e-02
-1.89621e-02
-2.76616e-02
-3.75422e-02
-4.70857e-02
-5.40180e-02
-5.67980e-02
-5.39179e-02
-4.52484e-02
-3.27790e-02
-1.70902e-02
1.99860e-04
1.55723e-02
2.93354e-02
4.06303e-02
4.79583e-02
5.08798e-02
4.96018e-02
4.41901e-02
3.50919e-02
2.33288e-02
1.19309e-02
4.13716e-03
-4.48075e-04
-1.81619e-03
-9.64114e-04
1.34187e-03
4.41066e-03
7.21441e-03
8.85465e-03
8.41627e-03
5.13840e-03
-8.37634e-04
-7.63592e-03
-1.44055e-02
-2.12504e-02
-2.81664e-02
-3.43373e-02
-3.72967e-02
-3.69749e-02
-3.52284e-02
-3.22967e-02
-2.81118e-02
-2.30192e-02
-1.75981e-02
-1.19300e-02
-5.90312e-03
4.81910e-04
7.05136e-03
1.34274e-02
1.92976e-02
2.43375e-02
2.79775e-02
2.97633e-02
2.99016e-02
2.84217e-02
2.50608e-02
2.00572e-02
1.40354e-02
8.42741e-03
5.63780e-03
5.54623e-03
6.79615e-03
8.61831e-03
1.03485e-02
1.11169e-02
9.95562e-03
6.19030e-03
1.66637e-04
-6.85717e-03
-1.41295e-02
-2.09362e-02
-2.62886e-02
-2.92355e-02
-2.96113e-02
-2.82875e-02
-2.54639e-02
-2.13996e-02
-1.64873e-02
-1.16520e-02
-7.53973e-03
-4.34308e-03
-1.72266e-03
8.77766e-04
3.72300e-03
6.91352e-03
1.03783e-02
1.40922e-02
1.79422e-02
2.16904e-02
2.49561e-02
2.72047e-02
2.79305e-02
2.65076e-02
2.20541e-02
1.45212e-02
5.78907e-03
-2.34079e-03
-9.69638e-03
-1.59243e-02
-2.01020e-02
-2.14406e-02
-2.00941e-02
-1.79178e-02
-1.56846e-02
-1.35801e-02
-1.16001e-02
-9.63959e-03
-7.55630e-03
-5.17249e-03
-2.40425e-03
6.41856e-04
3.56073e-03
5.97811e-03
7.67437e-03
8.73616e-03
9.37453e-03
9.70845e-03
9.95131e-03
1.02138e-02
1.05576e-02
1.10168e-02
1.15518e-02
1.20101e-02
1.21018e-02
1.14411e-02
9.63662e-03
6.54524e-03
2.68363e-03
-1.25217e-03
-4.80694e-03
-7.69966e-03
-9.96258e-03
-1.21069e-02
-1.44363e-02
-1.69223e-02
-1.92266e-02
-2.09052e-02
-2.17819e-02
-2.20847e-02
-2.19178e-02
-2.10509e-02
-1.92067e-02
-1.62352e-02
-1.15242e-02
-4.36561e-03
5.05270e-03
1.49635e-02
2.45740e-02
3.35198e-02
4.02590e-02
4.27464e-02
3.96296e-02
3.17852e-02
2.07899e-02
9.08726e-03
-5.76363e-05
-5.49997e-03
-8.99708e-03
-1.14332e-02
-1.35707e-02
-1.61039e-02
-1.93588e-02
-2.28035e-02
-2.50599e-02
-2.45817e-02
-2.01727e-02
-1.21056e-02
-1.81784e-03
8.50178e-03
1.52613e-02
1.75016e-02
1.75698e-02
1.58684e-02
1.25389e-02
8.49149e-03
5.14482e-03
3.48094e-03
3.93292e-03
5.97237e-03
8.58048e-03
1.11355e-02
1.28712e-02
1.28567e-02
1.03384e-02
5.43428e-03
-8.45624e-04
-8.31377e-03
-1.66572e-02
-2.47561e-02
-3.11602e-02
-3.41024e-02
-3.22244e-02
-2.60046e-02
-1.78659e-02
-8.58938e-03
1.20051e-03
1.02434e-02
1.70486e-02
2.00953e-02
1.88327e-02
1.47628e-02
9.14055e-03
3.87758e-03
7.81876e-04
-1.25713e-04
-8.56470e-05
4.55675e-04
1.25925e-03
2.09095e-03
3.15288e-03
4.76862e-03
7.20607e-03
1.02973e-02
1.31323e-02
1.39838e-02
1.15496e-02
5.70853e-03
-1.91738e-03
-9.64270e-03
-1.63886e-02
-2.13384e-02
-2.42363e-02
-2.48993e-02
-2.29410e-02
-1.87334e-02
-1.26067e-02
-4.92846e-03
2.91588e-03
9.31497e-03
1.27585e-02
1.23191e-02
8.82737e-03
4.15020e-03
-8.10975e-04
-5.19111e-03
-7.85849e-03
-7.78615e-03
-4.68751e-03
1.27965e-04
5.73757e-03
1.16090e-02
1.69269e-02
2.05162e-02
2.10617e-02
1.78669e-02
1.19526e-02
4.92753e-03
-2.25803e-03
-8.41544e-03
-1.19975e-02
-1.16103e-02
-7.13718e-03
-8.85239e-04
5.63089e-03
1.11752e-02
1.42709e-02
1.38104e-02
9.98554e-03
4.88782e-03
-6.83887e-04
-6.19779e-03
-1.08571e-02
-1.37904e-02
-1.42148e-02
-1.22138e-02
-9.32742e-03
-6.06294e-03
-2.52557e-03
1.05320e-03
4.37300e-03
6.86873e-03
7.87360e-03
6.90280e-03
4.32265e-03
1.02005e-03
-2.71215e-03
-6.64435e-03
-1.02639e-02
-1.28329e-02
-1.34385e-02
-1.15242e-02
-7.61253e-03
-3.27301e-03
5.30823e-04
2.97140e-03
3.51155e-03
2.55409e-03
1.87568e-03
2.78329e-03
6.02978e-03
1.12435e-02
1.61447e-02
1.82888e-02
1.63193e-02
1.08415e-02
4.15540e-03
-2.31347e-03
-7.14809e-03
-8.94027e-03
-7.22414e-03
-3.36449e-03
9.36106e-04
4.28862e-03
5.16815e-03
2.38137e-03
-3.89336e-03
-1.08650e-02
-1.45196e-02
-1.33444e-02
-8.83417e-03
-2.87546e-03
3.62137e-03
9.69615e-03
1.41441e-02
1.57570e-02
1.38773e-02
9.37579e-03
4.11565e-03
-1.13192e-03
-5.92771e-03
-9.93339e-03
-1.31654e-02
-1.60589e-02
-1.88394e-02
-2.12102e-02
-2.25573e-02
-2.21170e-02
-1.95191e-02
-1.54470e-02
-1.09898e-02
-6.70550e-03
-3.00119e-03
-7.47862e-05
2.34447e-03
5.01433e-03
8.51052e-03
1.31458e-02
1.86393e-02
2.37553e-02
2.72029e-02
2.79793e-02
2.60696e-02
2.31796e-02
2.00071e-02
1.67947e-02
1.37313e-02
1.08049e-02
8.00889e-03
5.33613e-03
2.81513e-03
4.15598e-04
-1.96210e-03
-4.31469e-03
-6.53822e-03
-8.50353e-03
-1.00669e-02
-1.12197e-02
-1.21711e-02
-1.30738e-02
-1.39602e-02
-1.48233e-02
-1.55673e-02
-1.60552e-02
-1.61181e-02
-1.54816e-02
-1.37775e-02
-1.09413e-02
-7.52231e-03
-4.04961e-03
-9.35535e-04
1.37639e-03
2.63947e-03
3.10798e-03
3.82251e-03
5.41986e-03
8.07437e-03
1.13937e-02
1.49874e-02
1.81275e-02
1.96566e-02
1.83008e-02
1.33424e-02
5.89978e-03
-2.14914e-04
-3.30935e-03
-4.37462e-03
-4.65099e-03
-4.61634e-03
-4.53711e-03
-4.58698e-03
-4.76800e-03
-4.99941e-03
-5.13506e-03
-5.03035e-03
-4.57540e-03
-3.79843e-03
-2.90489e-03
-1.95718e-03
-9.49240e-04
1.29140e-04
1.28063e-03
2.45288e-03
3.63479e-03
4.84959e-03
6.12248e-03
7.44934e-03
8.75439e-03
9.84280e-03
1.02873e-02
9.54273e-03
7.22922e-03
3.61131e-03
-4.81496e-04
-4.77496e-03
-9.14127e-03
-1.33651e-02
-1.71621e-02
-2.01492e-02
-2.19032e-02
-2.15480e-02
-1.84444e-02
-1.30966e-02
-6.99892e-03
-9.96684e-04
4.07551e-03
7.33981e-03
8.34086e-03
7.09406e-03
4.39524e-03
2.39594e-03
2.06667e-03
3.18445e-03
4.65210e-03
5.91240e-03
6.73574e-03
7.12789e-03
7.34693e-03
7.45500e-03
7.45549e-03
7.27711e-03
6.85016e-03
6.18414e-03
5.44135e-03
4.65797e-03
3.84367e-03
2.99912e-03
2.12872e-03
1.24269e-03
3.43217e-04
-5.74323e-04
-1.49367e-03
-2.38046e-03
-3.16882e-03
-3.78686e-03
-4.18722e-03
-4.42086e-03
-4.60897e-03
-4.81468e-03
-5.06384e-03
-5.34754e-03
-5.58194e-03
-5.61255e-03
-5.23551e-03
-4.30594e-03
-2.90132e-03
-1.35121e-03
1.04724e-04
1.20406e-03
1.68876e-03
1.50545e-03
9.77309e-04
2.84106e-04
-3.80732e-04
-6.87749e-04
-2.46510e-04
1.25469e-03
3.72189e-03
6.28254e-03
7.59749e-03
7.11698e-03
5.35468e-03
3.25371e-03
1.27490e-03
-2.92543e-04
-1.33697e-03
-2.09113e-03
-2.76889e-03
-3.45034e-03
-4.12784e-03
-4.71338e-03
-5.05576e-03
-5.01383e-03
-4.58110e-03
-3.98084e-03
-3.25705e-03
-2.38744e-03
-1.36581e-03
-2.28383e-04
9.45989e-04
2.17151e-03
3.50279e-03
4.99485e-03
6.65744e-03
8.45467e-03
1.03086e-02
1.20220e-02
1.32551e-02
1.35953e-02
1.27667e-02
1.09816e-02
8.84566e-03
6.53684e-03
4.09563e-03
1.57652e-03
-9.48529e-04
-3.36873e-03
-5.58523e-03
-7.52583e-03
-9.24391e-03
-1.08947e-02
-1.25049e-02
-1.40250e-02
-1.53679e-02
-1.64268e-02
-1.71286e-02
-1.71497e-02
-1.61129e-02
-1.39239e-02
-1.10855e-02
-7.92936e-03
-4.49782e-03
-8.35057e-04
2.96620e-03
6.75297e-03
1.02112e-02
1.28529e-02
1.41645e-02
1.39790e-02
1.29104e-02
1.15461e-02
1.00402e-02
8.41380e-03
6.61312e-03
4.57674e-03
2.33413e-03
-3.22694e-05
-2.49956e-03
-5.01448e-03
-7.44867e-03
-9.58186e-03
-1.11288e-02
-1.18728e-02
-1.18394e-02
-1.08678e-02
-8.81776e-03
-5.99710e-03
-2.88144e-03
2.92609e-04
3.27441e-03
5.73941e-03
7.39034e-03
8.16571e-03
8.48471e-03
8.65786e-03
8.77671e-03
8.88570e-03
8.99492e-03
9.10186e-03
9.19677e-03
9.27291e-03
9.30934e-03
9.18397e-03
8.63093e-03
7.33571e-03
5.12608e-03
2.26993e-03
-6.49200e-04
-3.28923e-03
-5.41160e-03
-6.94013e-03
-8.13611e-03
-9.12435e-03
-9.64688e-03
-9.24466e-03
-7.49862e-03
-4.46765e-03
-1.12135e-03
1.76184e-03
3.62758e-03
4.22745e-03
4.00993e-03
3.52851e-03
2.94440e-03
2.25812e-03
1.37733e-03
1.59652e-04
-1.44172e-03
-3.25861e-03
-5.23996e-03
-7.40503e-03
-9.72079e-03
-1.20434e-02
-1.40438e-02
-1.52207e-02
-1.50783e-02
-1.35337e-02
-1.13003e-02
-8.85159e-03
-6.39565e-03
-4.12495e-03
-2.16886e-03
-5.60147e-04
8.55548e-04
2.21185e-03
3.49782e-03
4.62977e-03
5.51676e-03
6.13683e-03
6.63486e-03
7.10019e-03
7.57468e-03
8.08691e-03
8.64441e-03
9.22224e-03
9.76260e-03
1.01779e-02
1.03829e-02
1.03471e-02
1.01777e-02
1.00624e-02
1.00488e-02
1.00439e-02
9.80220e-03
8.92835e-03
7.02035e-03
3.97802e-03
3.64992e-04
-3.31040e-03
-6.84271e-03
-9.87252e-03
-1.18789e-02
-1.24118e-02
-1.15219e-02
-1.01372e-02
-8.58588e-03
-6.95495e-03
-5.33156e-03
-3.75059e-03
-2.31650e-03
-1.18900e-03
-5.47164e-04
-4.09624e-04
-4.94177e-04
-6.14517e-04
-6.24707e-04
-3.37620e-04
3.81255e-04
1.51047e-03
2.81726e-03
4.17721e-03
5.43346e-03
6.35660e-03
6.69959e-03
6.34034e-03
5.47952e-03
4.44022e-03
3.39402e-03
2.51246e-03
1.97290e-03
1.87306e-03
2.10140e-03
2.35938e-03
2.44458e-03
2.18633e-03
1.48798e-03
4.60313e-04
-7.23250e-04
-1.94205e-03
-3.03612e-03
-3.78880e-03
-3.99586e-03
-3.61904e-03
-2.95475e-03
-2.16442e-03
-1.32594e-03
-5.71542e-04
-9.91264e-05
-1.62211e-04
-9.59665e-04
-2.42641e-03
-4.17611e-03
-6.05260e-03
-7.92780e-03
-9.60663e-03
-1.08784e-02
-1.15781e-02
-1.17754e-02
-1.18912e-02
-1.20945e-02
-1.23997e-02
-1.27029e-02
-1.27064e-02
-1.19834e-02
-1.01138e-02
-7.05930e-03
-3.47803e-03
2.86148e-04
4.07144e-03
7.67401e-03
1.09119e-02
1.36238e-02
1.58247e-02
1.78007e-02
1.97175e-02
2.14333e-02
2.26226e-02
2.28349e-02
2.17634e-02
1.95818e-02
1.65931e-02
1.26398e-02
7.66677e-03
2.09826e-03
-3.50550e-03
-8.56401e-03
-1.23482e-02
-1.42210e-02
-1.42072e-02
-1.35063e-02
-1.26125e-02
-1.16643e-02
-1.07207e-02
-9.68133e-03
-8.38278e-03
-6.66570e-03
-4.53144e-03
-2.14669e-03
3.00512e-04
2.49420e-03
3.97476e-03
4.28541e-03
3.29155e-03
1.57380e-03
-2.09288e-04
-1.76671e-03
-2.96914e-03
-3.89202e-03
-4.69882e-03
-5.26244e-03
-5.24255e-03
-4.22486e-03
-1.90621e-03
1.21281e-03
4.64633e-03
7.94965e-03
1.05496e-02
1.18038e-02
1.13373e-02
9.52836e-03
7.27431e-03
4.85486e-03
2.36019e-03
-1.24090e-04
-2.50866e-03
-4.62432e-03
-6.23598e-03
-7.12232e-03
-7.29617e-03
-7.19644e-03
-7.06620e-03
-6.88764e-03
-6.48119e-03
-5.51034e-03
-3.60948e-03
-6.59582e-04
2.89430e-03
6.57917e-03
1.01040e-02
1.31583e-02
1.54491e-02
1.68416e-02
1.75653e-02
1.79024e-02
1.75983e-02
1.61711e-02
1.32668e-02
9.12083e-03
4.82105e-03
1.12279e-03
-1.30668e-03
-2.01626e-03
-1.38172e-03
-9.32196e-04
-1.39789e-03
-2.65375e-03
-4.37995e-03
-6.30430e-03
-8.23473e-03
-1.00739e-02
-1.18254e-02
-1.35336e-02
-1.52742e-02
-1.70747e-02
-1.88765e-02
-2.04671e-02
-2.14954e-02
-2.15446e-02
-2.03733e-02
-1.82542e-02
-1.58930e-02
-1.35498e-02
-1.13278e-02
-9.26458e-03
-7.27961e-03
-5.19986e-03
-2.79526e-03
1.14793e-04
3.47851e-03
6.92362e-03
1.01993e-02
1.30113e-02
1.49866e-02
1.58303e-02
1.55900e-02
1.48985e-02
1.40768e-02
1.32216e-02
1.23888e-02
1.15882e-02
1.08220e-02
1.00922e-02
9.40868e-03
8.77149e-03
8.15264e-03
7.47680e-03
6.62604e-03
5.47705e-03
3.99397e-03
2.33163e-03
6.63817e-04
-9.56115e-04
-2.48563e-03
-3.85206e-03
-4.94607e-03
-5.63374e-03
-5.81675e-03
-5.55476e-03
-5.14852e-03
-4.70957e-03
-4.26960e-03
-3.85272e-03
-3.45971e-03
-3.09017e-03
-2.74002e-03
-2.40991e-03
-2.09772e-03
-1.79977e-03
-1.50518e-03
-1.20120e-03
-8.77669e-04
-5.43412e-04
-2.27846e-04
6.16137e-05
3.21950e-04
5.41235e-04
7.00235e-04
7.71930e-04
7.34893e-04
5.93637e-04
4.02389e-04
2.16457e-04
5.11628e-05
-9.10278e-05
-2.10461e-04
-3.08871e-04
-3.83549e-04
-4.26929e-04
-4.27413e-04
-3.76743e-04
-2.80278e-04
-1.67084e-04
-6.30137e-05
2.45373e-05
9.29525e-05
1.40248e-04
1.65615e-04
1.69084e-04
1.54181e-04
1.29584e-04
1.04728e-04
8.21736e-05
6.26890e-05
4.63837e-05
3.30737e-05
2.24157e-05
1.42222e-05
8.25625e-06
4.37471e-06
2.30673e-06
1.84099e-06
2.70455e-06
4.77158e-06
7.94792e-06
1.22651e-05
1.76536e-05
2.38923e-05
3.03696e-05
3.61705e-05
4.05532e-05
4.36506e-05
4.57596e-05
4.71951e-05
4.82226e-05
4.90076e-05
4.94939e-05
4.95694e-05
4.91100e-05
4.80123e-05
4.62038e-05
4.36629e-05
4.04254e-05
3.65894e-05
3.22988e-05
0.00000e+00
0.00000e+00
0.00000e+00
0.00000e+00
0.00000e+00
0.00000e+00
0.00000e+00
0.00000e+00
0.00000e+00
0.00000e+00
0.00000e+00
0.00000e+00
