-4.95086e-05
-4.78278e-05
-4.27367e-05
-4.21011e-05
-3.87546e-05
-4.00481e-05
-3.74865e-05
-3.65492e-05
-3.06292e-05
-2.71971e-05
-1.74693e-05
-1.26794e-05
-4.69828e-06
-1.71462e-08
9.90531e-06
1.34141e-05
1.99817e-05
2.26183e-05
2.86806e-05
3.50180e-05
5.56373e-05
8.46637e-05
1.16657e-04
1.42406e-04
1.53081e-04
1.38750e-04
9.59211e-05
3.15615e-05
-2.34182e-05
-5.38432e-05
-3.44380e-05
-2.94504e-05
-3.55110e-05
-2.35842e-05
-2.05738e-05
-2.76348e-05
-4.34639e-06
3.86469e-06
1.51801e-05
3.01576e-05
1.08214e-04
2.49275e-04
4.25453e-04
5.65613e-04
6.15237e-04
6.06530e-04
5.83501e-04
5.28884e-04
5.05729e-04
5.58046e-04
6.22112e-04
6.59390e-04
6.06441e-04
3.51856e-04
-8.37418e-05
-5.06491e-04
-8.00181e-04
-9.44846e-04
-8.78725e-04
-5.79422e-04
-2.23288e-04
1.19005e-04
2.55183e-04
1.10985e-04
-1.91718e-04
-6.33599e-04
-8.41599e-04
-6.32969e-04
-6.84087e-05
7.06274e-04
1.57731e-03
2.27226e-03
2.48983e-03
2.10076e-03
1.47190e-03
8.99051e-04
5.05721e-04
5.45967e-04
6.36156e-04
7.70370e-04
6.99504e-04
5.54265e-04
3.62495e-04
8.63885e-05
-2.93218e-04
-6.79855e-04
-9.46174e-04
-1.20118e-03
-1.21416e-03
-1.22146e-03
-1.14262e-03
-8.50502e-04
-3.97904e-04
3.51599e-04
1.03778e-03
1.31530e-03
1.23589e-03
1.08017e-03
1.13230e-03
1.58394e-03
2.22984e-03
2.88149e-03
2.95410e-03
1.89630e-03
2.25424e-04
-1.62164e-03
-2.72806e-03
-2.07858e-03
-1.86032e-04
1.40751e-03
2.36112e-03
2.05446e-03
4.69382e-04
-9.62947e-04
-1.79187e-03
-2.08752e-03
-1.95776e-03
-9.84164e-04
1.60605e-04
1.14000e-03
1.83316e-03
2.08759e-03
2.23487e-03
2.42028e-03
1.77692e-03
-3.09852e-05
-2.09010e-03
-3.85645e-03
-4.56322e-03
-3.38718e-03
-1.24440e-03
8.11472e-04
2.38774e-03
2.87146e-03
2.69862e-03
2.42185e-03
2.97936e-03
4.60476e-03
6.31328e-03
6.97398e-03
6.16268e-03
3.77983e-03
1.17263e-03
-1.00741e-03
-2.18186e-03
-2.58353e-03
-3.02066e-03
-3.77316e-03
-4.67900e-03
-5.44565e-03
-6.12263e-03
-5.77096e-03
-3.51690e-03
-6.26571e-04
1.45223e-03
2.39370e-03
2.16996e-03
1.30093e-03
9.15410e-04
1.04103e-03
1.58157e-03
2.29106e-03
2.76442e-03
2.82115e-03
2.43083e-03
2.11343e-03
2.54755e-03
3.85923e-03
6.40525e-03
9.06195e-03
1.06267e-02
9.27480e-03
5.11864e-03
2.24236e-04
-3.66300e-03
-4.71915e-03
-2.08539e-03
2.82627e-03
7.49081e-03
1.06344e-02
1.00356e-02
6.03345e-03
1.52193e-03
-1.23206e-03
-2.49876e-03
-2.88004e-03
-2.51263e-03
-2.51420e-03
-3.74808e-03
-6.19201e-03
-9.97651e-03
-1.39033e-02
-1.71541e-02
-1.88380e-02
-1.87468e-02
-1.64074e-02
-1.22743e-02
-7.39900e-03
-3.42531e-03
-2.75162e-04
3.03243e-03
6.24812e-03
8.92207e-03
1.04297e-02
1.11106e-02
1.23559e-02
1.51110e-02
1.92637e-02
2.37163e-02
2.68794e-02
2.70448e-02
2.25546e-02
1.46002e-02
7.46678e-03
3.43443e-03
3.24402e-03
4.86902e-03
5.04949e-03
1.61421e-03
-4.93690e-03
-1.25642e-02
-1.94740e-02
-2.43581e-02
-2.56290e-02
-2.29778e-02
-1.72003e-02
-1.02350e-02
-4.20866e-03
-7.27812e-05
2.61698e-03
3.63643e-03
3.07975e-03
1.10363e-03
-2.17202e-03
-6.28857e-03
-9.95655e-03
-1.12478e-02
-9.80436e-03
-6.48918e-03
-2.45347e-03
6.53520e-04
1.61855e-03
1.56077e-03
2.18422e-03
3.19489e-03
4.41919e-03
5.22945e-03
5.28833e-03
5.13734e-03
4.76709e-03
4.28062e-03
4.52909e-03
6.99960e-03
1.13750e-02
1.61245e-02
1.92023e-02
1.91339e-02
1.49847e-02
7.54685e-03
-1.15222e-03
-7.68341e-03
-9.50296e-03
-6.04448e-03
2.78220e-04
5.31461e-03
5.94038e-03
1.72571e-03
-4.39461e-03
-9.21365e-03
-1.15092e-02
-1.09897e-02
-8.04851e-03
-3.09659e-03
3.97413e-03
1.28252e-02
2.17838e-02
2.85279e-02
2.96680e-02
2.46476e-02
1.77927e-02
1.32859e-02
1.12391e-02
1.11979e-02
1.16007e-02
1.07035e-02
9.56953e-03
9.11700e-03
9.44773e-03
1.08949e-02
1.28434e-02
1.28796e-02
9.25346e-03
1.75083e-03
-7.39218e-03
-1.43442e-02
-1.60487e-02
-1.18267e-02
-4.04425e-03
4.65207e-03
1.18715e-02
1.50198e-02
1.28203e-02
8.25966e-03
5.62149e-03
5.83578e-03
7.86172e-03
1.14884e-02
1.62340e-02
2.07522e-02
2.42419e-02
2.65408e-02
2.70521e-02
2.61083e-02
2.46574e-02
2.13225e-02
1.59980e-02
1.12530e-02
7.64656e-03
4.92202e-03
1.05579e-03
-4.52762e-03
-1.02942e-02
-1.54760e-02
-1.96208e-02
-2.20628e-02
-2.19296e-02
-1.96731e-02
-1.65810e-02
-1.53528e-02
-1.66337e-02
-1.94298e-02
-2.31267e-02
-2.57459e-02
-2.41561e-02
-1.70543e-02
-5.60345e-03
6.96966e-03
1.65306e-02
2.15133e-02
2.28023e-02
2.28668e-02
2.32855e-02
2.48987e-02
2.85214e-02
3.26624e-02
3.51697e-02
3.54689e-02
3.40533e-02
3.05988e-02
2.46689e-02
1.79537e-02
1.14833e-02
4.43292e-03
-3.41044e-03
-1.05772e-02
-1.43196e-02
-1.33761e-02
-1.02036e-02
-8.04904e-03
-9.00177e-03
-1.19432e-02
-1.36298e-02
-1.32712e-02
-1.24248e-02
-1.18907e-02
-1.17061e-02
-1.21170e-02
-1.24398e-02
-1.07698e-02
-7.26644e-03
-3.39197e-03
-4.91856e-04
-5.79651e-04
-2.75026e-03
-4.49517e-03
-4.86803e-03
-4.41589e-03
-4.15862e-03
-3.39179e-03
-1.79483e-03
-8.27525e-04
-3.13237e-03
-9.50890e-03
-1.69649e-02
-2.17207e-02
-2.34025e-02
-2.23470e-02
-1.78787e-02
-8.70096e-03
3.99651e-03
1.48977e-02
1.87506e-02
1.64685e-02
1.19934e-02
1.00822e-02
1.11609e-02
1.27644e-02
1.17315e-02
8.74388e-03
4.85812e-03
2.12541e-03
2.26013e-03
3.53796e-03
4.64920e-03
4.57767e-03
3.05271e-03
9.23683e-04
1.66147e-03
7.56392e-03
1.71938e-02
2.62728e-02
2.79576e-02
1.82495e-02
-2.31804e-04
-1.92359e-02
-3.28432e-02
-3.98556e-02
-4.16572e-02
-3.95449e-02
-3.38268e-02
-2.50962e-02
-1.48924e-02
-5.39388e-03
1.34947e-03
3.28283e-03
-2.28893e-03
-9.97324e-03
-1.45773e-02
-1.65668e-02
-1.65251e-02
-1.43913e-02
-1.24971e-02
-8.81942e-03
-4.70770e-03
-2.42089e-03
-2.82780e-03
-5.77434e-03
-9.77420e-03
-9.92812e-03
-3.35127e-03
7.81843e-03
1.86715e-02
2.33688e-02
1.73811e-02
1.18926e-04
-2.42677e-02
-5.11874e-02
-7.22236e-02
-8.00656e-02
-7.97447e-02
-7.04133e-02
-5.88526e-02
-5.09878e-02
-4.86474e-02
-5.19786e-02
-5.96934e-02
-6.68600e-02
-6.97659e-02
-6.79933e-02
-6.07409e-02
-5.17021e-02
-4.50942e-02
-4.40054e-02
-4.68019e-02
-4.97575e-02
-4.96964e-02
-4.74378e-02
-4.48957e-02
-4.28127e-02
-4.24598e-02
-4.27482e-02
-4.18721e-02
-4.19089e-02
-4.65448e-02
-5.40463e-02
-6.21971e-02
-6.88758e-02
-6.96156e-02
-6.66227e-02
-6.10269e-02
-5.49316e-02
-5.25340e-02
-5.48384e-02
-5.80408e-02
-5.68484e-02
-4.67732e-02
-2.90241e-02
-9.38179e-03
8.67025e-03
2.07649e-02
2.83098e-02
3.82786e-02
5.15668e-02
6.86422e-02
8.53349e-02
9.48251e-02
9.26997e-02
7.94780e-02
6.19514e-02
4.64400e-02
3.63919e-02
3.27732e-02
3.33844e-02
3.41800e-02
3.35292e-02
3.23566e-02
3.29026e-02
3.85159e-02
5.08517e-02
6.79118e-02
8.45693e-02
9.45092e-02
9.65699e-02
9.10099e-02
7.74412e-02
5.80641e-02
3.56573e-02
1.53349e-02
2.77196e-03
3.90847e-03
1.81994e-02
4.05059e-02
6.13119e-02
7.17994e-02
6.62125e-02
4.67926e-02
1.39711e-02
-2.71532e-02
-6.65978e-02
-1.00160e-01
-1.21784e-01
-1.31721e-01
-1.38142e-01
-1.40448e-01
-1.36927e-01
-1.22910e-01
-9.59974e-02
-6.09894e-02
-2.33831e-02
9.12502e-03
2.90371e-02
3.89590e-02
4.03150e-02
3.23901e-02
1.60907e-02
-9.02691e-03
-4.33060e-02
-8.09022e-02
-1.16810e-01
-1.46689e-01
-1.67885e-01
-1.81907e-01
-1.85552e-01
-1.73603e-01
-1.43440e-01
-9.43798e-02
-3.25858e-02
2.39545e-02
6.93991e-02
1.00121e-01
1.12053e-01
1.11208e-01
9.97417e-02
7.88118e-02
5.52543e-02
3.63351e-02
2.37856e-02
1.80356e-02
1.46135e-02
9.49819e-03
3.34832e-03
-1.55913e-03
-1.29716e-03
8.88123e-03
3.00746e-02
6.04735e-02
9.28480e-02
1.27793e-01
1.57632e-01
1.81500e-01
2.03660e-01
2.22755e-01
2.39343e-01
2.51049e-01
2.53388e-01
2.45176e-01
2.26044e-01
1.92789e-01
1.48647e-01
9.95260e-02
5.17801e-02
1.62425e-02
-1.10308e-02
-2.87160e-02
-4.28530e-02
-5.62876e-02
-7.02090e-02
-8.31400e-02
-8.88554e-02
-8.29322e-02
-6.21949e-02
-3.11703e-02
1.98778e-03
3.49225e-02
6.05102e-02
7.21581e-02
8.17637e-02
8.48195e-02
7.95289e-02
6.47973e-02
4.04619e-02
8.81841e-03
-1.52685e-02
-3.05692e-02
-3.32867e-02
-3.16872e-02
-3.64159e-02
-5.29583e-02
-8.15134e-02
-1.17411e-01
-1.55998e-01
-1.84478e-01
-1.99547e-01
-2.06428e-01
-2.00447e-01
-1.86043e-01
-1.69719e-01
-1.56193e-01
-1.43436e-01
-1.31330e-01
-1.19276e-01
-1.10308e-01
-1.04181e-01
-9.84606e-02
-8.72136e-02
-6.23855e-02
-2.03466e-02
3.76885e-02
1.01556e-01
1.55452e-01
2.02061e-01
2.29991e-01
2.47088e-01
2.57106e-01
2.55233e-01
2.42830e-01
2.21050e-01
1.91548e-01
1.62176e-01
1.36538e-01
1.21509e-01
1.19310e-01
1.22428e-01
1.28370e-01
1.33037e-01
1.32985e-01
1.25052e-01
1.11338e-01
9.85619e-02
9.25465e-02
9.70323e-02
1.11628e-01
1.29727e-01
1.45120e-01
1.52792e-01
1.49902e-01
1.36688e-01
1.18506e-01
9.97577e-02
8.34218e-02
7.34898e-02
7.16214e-02
7.64377e-02
8.33429e-02
8.31593e-02
6.86608e-02
3.60057e-02
-1.28134e-02
-7.33956e-02
-1.44466e-01
-2.19479e-01
-2.86389e-01
-3.44440e-01
-3.86105e-01
-4.10909e-01
-4.18301e-01
-4.07038e-01
-3.82080e-01
-3.43142e-01
-2.92285e-01
-2.33091e-01
-1.68794e-01
-1.13923e-01
-6.96124e-02
-2.62060e-02
1.84874e-02
7.03839e-02
1.20903e-01
1.67871e-01
2.05295e-01
2.24854e-01
2.20392e-01
1.89069e-01
1.36500e-01
7.46867e-02
1.09118e-02
-4.50007e-02
-8.14917e-02
-1.00634e-01
-1.00176e-01
-7.94322e-02
-4.78892e-02
-1.44242e-02
1.58002e-02
3.59293e-02
4.76950e-02
5.26625e-02
5.07138e-02
4.53550e-02
3.80884e-02
2.79164e-02
1.55257e-02
8.93532e-04
-1.57628e-02
-3.17406e-02
-4.82395e-02
-6.38382e-02
-7.75325e-02
-8.96149e-02
-9.79771e-02
-1.04315e-01
-1.10093e-01
-1.13737e-01
-1.11581e-01
-9.98287e-02
-7.51849e-02
-3.94822e-02
3.68331e-03
4.31927e-02
7.29030e-02
9.51186e-02
1.08535e-01
1.16286e-01
1.21352e-01
1.24027e-01
1.22605e-01
1.11974e-01
8.74071e-02
4.63673e-02
-7.66508e-03
-7.01061e-02
-1.28021e-01
-1.71765e-01
-2.02132e-01
-2.14378e-01
-2.08467e-01
-1.87787e-01
-1.55469e-01
-1.21474e-01
-9.73275e-02
-8.25389e-02
-7.87325e-02
-8.77624e-02
-1.04709e-01
-1.23022e-01
-1.36858e-01
-1.38411e-01
-1.24942e-01
-1.00052e-01
-6.97665e-02
-3.71795e-02
-1.25191e-02
-8.75243e-04
-2.58106e-03
-2.04519e-02
-5.12039e-02
-8.54768e-02
-1.18101e-01
-1.42139e-01
-1.53296e-01
-1.54412e-01
-1.48188e-01
-1.37425e-01
-1.24249e-01
-1.08238e-01
-9.04451e-02
-7.13948e-02
-4.85273e-02
-2.31168e-02
3.48357e-03
3.02387e-02
5.37376e-02
7.60453e-02
9.62698e-02
1.14573e-01
1.34372e-01
1.54773e-01
1.77058e-01
1.98957e-01
2.16616e-01
2.30589e-01
2.38955e-01
2.40890e-01
2.34758e-01
2.18515e-01
1.89526e-01
1.48745e-01
9.70657e-02
4.39397e-02
-5.46911e-03
-4.23464e-02
-5.95568e-02
-6.20035e-02
-5.15967e-02
-3.07559e-02
-4.49812e-03
2.43699e-02
5.59353e-02
8.50464e-02
1.10808e-01
1.30594e-01
1.42075e-01
1.46069e-01
1.42444e-01
1.33788e-01
1.23942e-01
1.15422e-01
1.09080e-01
1.05329e-01
1.03789e-01
1.02747e-01
1.01365e-01
9.95316e-02
9.83208e-02
1.00829e-01
1.09263e-01
1.23528e-01
1.41163e-01
1.58302e-01
1.73475e-01
1.84953e-01
1.91976e-01
1.95060e-01
1.93673e-01
1.87016e-01
1.74514e-01
1.53462e-01
1.20520e-01
7.53111e-02
1.41230e-02
-5.16856e-02
-1.14385e-01
-1.66124e-01
-2.03708e-01
-2.38370e-01
-2.70019e-01
-2.93866e-01
-3.01670e-01
-2.90802e-01
-2.64278e-01
-2.26091e-01
-1.79932e-01
-1.34869e-01
-9.63780e-02
-6.42440e-02
-4.11484e-02
-2.35767e-02
-8.25536e-03
7.54082e-03
2.67735e-02
4.80781e-02
7.13729e-02
9.58070e-02
1.18572e-01
1.36298e-01
1.42194e-01
1.30907e-01
1.00012e-01
5.04713e-02
-7.84371e-03
-6.15187e-02
-1.10200e-01
-1.46966e-01
-1.71828e-01
-1.88809e-01
-1.95247e-01
-1.89810e-01
-1.71560e-01
-1.37812e-01
-9.10838e-02
-3.66841e-02
2.00152e-02
6.57947e-02
1.01117e-01
1.25199e-01
1.38517e-01
1.41989e-01
1.34619e-01
1.18792e-01
9.57028e-02
6.36241e-02
2.71206e-02
-1.05920e-02
-4.40664e-02
-6.72821e-02
-8.46506e-02
-9.92895e-02
-1.12061e-01
-1.24341e-01
-1.35155e-01
-1.45324e-01
-1.54993e-01
-1.64823e-01
-1.76080e-01
-1.87715e-01
-2.00366e-01
-2.12598e-01
-2.21680e-01
-2.27068e-01
-2.28903e-01
-2.26729e-01
-2.17265e-01
-1.96051e-01
-1.61748e-01
-1.15983e-01
-6.55338e-02
-2.17819e-02
1.77401e-02
5.18407e-02
7.84910e-02
1.01544e-01
1.19857e-01
1.34439e-01
1.43170e-01
1.43425e-01
1.32609e-01
1.11434e-01
8.07828e-02
4.28721e-02
-2.79341e-04
-4.12534e-02
-6.99984e-02
-8.86414e-02
-1.00037e-01
-1.02040e-01
-9.53613e-02
-8.11992e-02
-6.02176e-02
-3.32128e-02
-1.27695e-03
3.21516e-02
6.22740e-02
8.93265e-02
1.10433e-01
1.24112e-01
1.32554e-01
1.38261e-01
1.44351e-01
1.51390e-01
1.59799e-01
1.70203e-01
1.80924e-01
1.90136e-01
1.96465e-01
1.99389e-01
1.97352e-01
1.86340e-01
1.63402e-01
1.26240e-01
7.56466e-02
2.06854e-02
-2.71495e-02
-6.42156e-02
-8.31773e-02
-8.74195e-02
-8.03398e-02
-6.44671e-02
-4.78447e-02
-3.41843e-02
-2.16125e-02
-6.99364e-03
1.19206e-02
3.78374e-02
6.83103e-02
1.02465e-01
1.37274e-01
1.68493e-01
1.95798e-01
2.16131e-01
2.29303e-01
2.36547e-01
2.37014e-01
2.30742e-01
2.14755e-01
1.83488e-01
1.32659e-01
6.23107e-02
-2.54756e-02
-1.10779e-01
-1.87779e-01
-2.47931e-01
-2.80735e-01
-3.00347e-01
-3.13059e-01
-3.19974e-01
-3.18421e-01
-2.97619e-01
-2.52684e-01
-1.92368e-01
-1.26842e-01
-6.48030e-02
-1.80817e-02
2.16220e-02
4.47839e-02
5.51782e-02
5.82295e-02
5.95046e-02
6.69508e-02
8.14119e-02
9.98905e-02
1.18097e-01
1.29642e-01
1.27584e-01
1.07523e-01
7.44790e-02
3.58756e-02
1.65251e-03
-1.79498e-02
-1.32187e-02
9.31290e-03
4.06383e-02
7.17618e-02
9.88669e-02
1.17090e-01
1.26587e-01
1.25833e-01
1.16613e-01
1.06734e-01
9.92543e-02
9.53605e-02
1.00593e-01
1.14955e-01
1.34446e-01
1.47648e-01
1.46605e-01
1.25064e-01
8.34131e-02
2.58827e-02
-3.02360e-02
-7.82338e-02
-1.23434e-01
-1.55335e-01
-1.89357e-01
-2.18296e-01
-2.40484e-01
-2.56845e-01
-2.61715e-01
-2.57877e-01
-2.44573e-01
-2.25157e-01
-2.04610e-01
-1.86359e-01
-1.68788e-01
-1.56957e-01
-1.46149e-01
-1.36691e-01
-1.25745e-01
-1.10482e-01
-9.42247e-02
-7.69328e-02
-5.90151e-02
-4.42923e-02
-3.14804e-02
-2.36402e-02
-2.12105e-02
-2.20963e-02
-2.47227e-02
-2.62628e-02
-2.31317e-02
-1.24623e-02
5.22666e-03
2.85244e-02
5.85056e-02
8.63385e-02
1.12455e-01
1.36155e-01
1.50728e-01
1.60242e-01
1.56597e-01
1.41929e-01
1.23714e-01
1.01604e-01
7.59171e-02
5.04206e-02
1.93779e-02
-1.19139e-02
-4.29996e-02
-7.41667e-02
-9.51901e-02
-1.11336e-01
-1.12777e-01
-1.01866e-01
-8.09835e-02
-5.29708e-02
-2.02578e-02
1.13015e-02
4.38725e-02
6.98487e-02
8.65669e-02
9.84223e-02
1.02138e-01
1.00521e-01
9.15430e-02
7.67184e-02
5.61069e-02
3.36748e-02
1.02579e-02
-7.37222e-03
-1.79064e-02
-2.07397e-02
-1.27339e-02
8.62691e-04
1.66262e-02
3.49626e-02
5.19148e-02
6.75788e-02
8.18125e-02
9.33972e-02
1.04128e-01
1.12027e-01
1.16620e-01
1.20328e-01
1.24027e-01
1.27863e-01
1.30106e-01
1.27957e-01
1.19621e-01
1.03375e-01
7.94578e-02
5.27971e-02
2.25116e-02
-6.04371e-03
-2.93852e-02
-5.34203e-02
-7.25412e-02
-9.37783e-02
-1.14500e-01
-1.33255e-01
-1.50126e-01
-1.60399e-01
-1.63026e-01
-1.56697e-01
-1.45189e-01
-1.27931e-01
-1.08455e-01
-8.82238e-02
-7.08305e-02
-5.64962e-02
-4.95895e-02
-4.75833e-02
-4.79358e-02
-5.18028e-02
-5.53506e-02
-5.63299e-02
-5.55030e-02
-5.21012e-02
-4.48195e-02
-3.27949e-02
-1.65509e-02
1.75843e-03
2.12371e-02
3.88182e-02
5.54162e-02
6.49880e-02
6.79808e-02
5.87322e-02
3.95099e-02
1.03352e-02
-2.26375e-02
-6.09269e-02
-9.00015e-02
-1.14569e-01
-1.31669e-01
-1.40598e-01
-1.37382e-01
-1.20657e-01
-9.36234e-02
-5.76855e-02
-2.10639e-02
9.89794e-03
3.00438e-02
4.49472e-02
5.40790e-02
6.14501e-02
6.79674e-02
7.50489e-02
8.21440e-02
8.96264e-02
9.55383e-02
9.98236e-02
1.03492e-01
1.04677e-01
1.03531e-01
9.77369e-02
8.65782e-02
6.80496e-02
4.28599e-02
1.56501e-02
-9.97014e-03
-2.63979e-02
-3.52959e-02
-3.95131e-02
-3.95874e-02
-3.93452e-02
-3.94812e-02
-3.80943e-02
-3.47722e-02
-3.00093e-02
-2.43380e-02
-1.84148e-02
-1.07572e-02
-9.80576e-04
8.18647e-03
1.71681e-02
2.53619e-02
3.16682e-02
3.30994e-02
2.97282e-02
2.08812e-02
6.81111e-03
-1.09462e-02
-2.96157e-02
-4.82785e-02
-6.58144e-02
-7.96398e-02
-9.21478e-02
-1.01882e-01
-1.09229e-01
-1.14324e-01
-1.16539e-01
-1.16139e-01
-1.12260e-01
-1.05966e-01
-9.69668e-02
-8.66403e-02
-7.50786e-02
-6.41072e-02
-5.18252e-02
-3.72210e-02
-2.11719e-02
-2.20803e-03
1.65002e-02
3.76487e-02
5.76976e-02
7.44782e-02
8.84841e-02
9.51295e-02
9.45485e-02
8.52159e-02
6.95841e-02
4.86406e-02
2.56706e-02
3.65994e-03
-1.18198e-02
-1.83447e-02
-1.75280e-02
-7.53201e-03
6.89844e-03
2.15271e-02
3.53913e-02
4.68602e-02
5.47681e-02
5.95844e-02
5.98527e-02
5.59086e-02
4.98260e-02
4.38737e-02
3.91944e-02
3.84944e-02
4.34887e-02
5.23435e-02
6.32750e-02
7.51145e-02
8.58749e-02
9.38702e-02
9.90189e-02
1.00928e-01
1.00935e-01
9.96764e-02
9.67894e-02
9.28573e-02
8.83663e-02
8.36085e-02
7.91008e-02
7.28766e-02
6.37112e-02
5.15624e-02
3.65239e-02
2.06776e-02
5.73759e-03
-5.93053e-03
-1.50780e-02
-2.10899e-02
-2.38008e-02
-2.54250e-02
-2.59831e-02
-2.50876e-02
-2.35168e-02
-2.04726e-02
-1.58183e-02
-1.10844e-02
-7.15584e-03
-4.99827e-03
-6.23763e-03
-1.07952e-02
-1.83099e-02
-2.72781e-02
-3.58815e-02
-4.27443e-02
-4.55374e-02
-4.15425e-02
-3.22444e-02
-2.15864e-02
-1.20697e-02
-5.66731e-03
-3.99208e-03
-5.15316e-03
-6.47249e-03
-6.73114e-03
-6.63851e-03
-6.17624e-03
-5.86171e-03
-5.07511e-03
-3.25808e-03
-5.40150e-04
2.76700e-03
5.49752e-03
6.36391e-03
4.10170e-03
-1.28022e-03
-8.36137e-03
-1.46866e-02
-1.91720e-02
-2.23112e-02
-2.34620e-02
-2.16572e-02
-1.70145e-02
-1.08338e-02
-3.39158e-03
4.03698e-03
9.98644e-03
1.41719e-02
1.66106e-02
1.83176e-02
1.99870e-02
2.22344e-02
2.52630e-02
2.87076e-02
3.17251e-02
3.35782e-02
3.32870e-02
3.10187e-02
2.81599e-02
2.50798e-02
2.20704e-02
2.04504e-02
2.02707e-02
2.08083e-02
2.08235e-02
1.99912e-02
1.90412e-02
1.90396e-02
1.97969e-02
2.14411e-02
2.32660e-02
2.35577e-02
2.08929e-02
1.51774e-02
7.46660e-03
-1.49002e-03
-1.12213e-02
-2.12216e-02
-3.15604e-02
-4.41658e-02
-5.85549e-02
-7.30479e-02
-8.43422e-02
-9.14859e-02
-9.56419e-02
-9.59996e-02
-9.31537e-02
-8.72538e-02
-8.00501e-02
-7.25222e-02
-6.42832e-02
-5.53152e-02
-4.54084e-02
-3.48912e-02
-2.40591e-02
-1.38861e-02
-3.64089e-03
7.17181e-03
1.83184e-02
2.80860e-02
3.59540e-02
4.17686e-02
4.46883e-02
4.55107e-02
4.48321e-02
4.31676e-02
4.19827e-02
4.16279e-02
4.15738e-02
4.12106e-02
4.04546e-02
3.98419e-02
3.83038e-02
3.45525e-02
2.80752e-02
1.94060e-02
1.08993e-02
3.14534e-03
-3.29864e-03
-7.13023e-03
-9.31374e-03
-9.59906e-03
-8.36345e-03
-6.78418e-03
-5.06708e-03
-3.80658e-03
-3.24909e-03
-3.63031e-03
-6.65952e-03
-1.22017e-02
-1.88417e-02
-2.52150e-02
-3.07389e-02
-3.43460e-02
-3.56904e-02
-3.54102e-02
-3.45034e-02
-3.21718e-02
-2.77284e-02
-2.16965e-02
-1.60781e-02
-1.17951e-02
-8.43286e-03
-6.55342e-03
-6.43641e-03
-7.03589e-03
-7.48619e-03
-6.99488e-03
-5.27742e-03
-2.44071e-03
1.81906e-03
6.55352e-03
1.04513e-02
1.26225e-02
1.37564e-02
1.37285e-02
1.26007e-02
1.11656e-02
9.20731e-03
6.54434e-03
3.71167e-03
-5.11208e-04
-6.54719e-03
-1.36291e-02
-2.14707e-02
-2.85756e-02
-3.38525e-02
-3.66503e-02
-3.57991e-02
-3.11503e-02
-2.32721e-02
-1.30140e-02
-2.34899e-03
7.80015e-03
1.74505e-02
2.52851e-02
3.14671e-02
3.61364e-02
3.89605e-02
3.83237e-02
3.42625e-02
2.71907e-02
1.92088e-02
1.05762e-02
1.83731e-03
-5.64827e-03
-1.20311e-02
-1.58817e-02
-1.80233e-02
-1.88795e-02
-1.84365e-02
-1.72808e-02
-1.64021e-02
-1.62974e-02
-1.66881e-02
-1.65466e-02
-1.73900e-02
-1.87312e-02
-2.01426e-02
-2.02084e-02
-1.96761e-02
-1.89751e-02
-1.81788e-02
-1.84463e-02
-1.98704e-02
-2.25061e-02
-2.54127e-02
-2.87250e-02
-3.08785e-02
-3.19223e-02
-3.26032e-02
-3.26750e-02
-3.24064e-02
-3.17767e-02
-3.08519e-02
-2.87919e-02
-2.64791e-02
-2.55050e-02
-2.55336e-02
-2.56387e-02
-2.42189e-02
-2.23126e-02
-2.02539e-02
-1.78064e-02
-1.52036e-02
-1.42737e-02
-1.52848e-02
-1.61711e-02
-1.66444e-02
-1.82264e-02
-2.02441e-02
-2.19912e-02
-2.27470e-02
-2.40504e-02
-2.66288e-02
-2.83568e-02
-2.97882e-02
-3.07424e-02
-3.07321e-02
-3.19473e-02
-3.16574e-02
-2.86012e-02
-2.24514e-02
-1.53282e-02
-6.14855e-03
3.23070e-03
1.39236e-02
2.31453e-02
3.03931e-02
3.59740e-02
3.92921e-02
4.05160e-02
3.89186e-02
3.52302e-02
3.02921e-02
2.43844e-02
1.80851e-02
1.23531e-02
8.91622e-03
7.59218e-03
8.72099e-03
9.88233e-03
1.02089e-02
1.10105e-02
1.31201e-02
1.52598e-02
1.87055e-02
2.39438e-02
3.12424e-02
4.07768e-02
4.95264e-02
5.87076e-02
6.60111e-02
7.10330e-02
7.43531e-02
7.71742e-02
7.94015e-02
8.03536e-02
8.04197e-02
7.77035e-02
7.31370e-02
6.78290e-02
6.28799e-02
5.75655e-02
5.32231e-02
5.05039e-02
4.83505e-02
4.76703e-02
4.61766e-02
4.52029e-02
4.49690e-02
4.41559e-02
4.29045e-02
4.20912e-02
4.06004e-02
3.67969e-02
3.19944e-02
2.63139e-02
1.89218e-02
1.07593e-02
1.06860e-03
-9.23614e-03
-1.83836e-02
-2.51631e-02
-2.88008e-02
-3.17454e-02
-3.26976e-02
-3.06293e-02
-2.63940e-02
-2.08126e-02
-1.47106e-02
-9.30243e-03
-5.41652e-03
-2.46946e-03
-9.16599e-04
7.82853e-04
2.52493e-03
5.16356e-03
8.06983e-03
1.20152e-02
1.63739e-02
2.01466e-02
2.31805e-02
2.48394e-02
2.37570e-02
2.04915e-02
1.46643e-02
7.59862e-03
-1.49165e-04
-7.94772e-03
-1.49840e-02
-2.19372e-02
-2.92700e-02
-3.51785e-02
-3.97886e-02
-4.22739e-02
-4.29844e-02
-4.38307e-02
-4.28693e-02
-4.00930e-02
-3.76869e-02
-3.50327e-02
-3.16870e-02
-2.89569e-02
-2.60050e-02
-2.25987e-02
-1.92180e-02
-1.67574e-02
-1.56684e-02
-1.42693e-02
-1.23509e-02
-1.02446e-02
-8.42136e-03
-6.99328e-03
-5.26488e-03
-4.68759e-03
-4.65549e-03
-4.85637e-03
-6.60800e-03
-1.09313e-02
-1.76305e-02
-2.68605e-02
-3.73913e-02
-4.68176e-02
-5.56287e-02
-6.22971e-02
-6.66989e-02
-6.68879e-02
-6.27395e-02
-5.67094e-02
-5.09353e-02
-4.49096e-02
-3.91233e-02
-3.44587e-02
-2.93613e-02
-2.50329e-02
-2.20533e-02
-2.07604e-02
-2.04028e-02
-2.03208e-02
-2.14315e-02
-2.30482e-02
-2.49767e-02
-2.56409e-02
-2.53957e-02
-2.50275e-02
-2.51348e-02
-2.48322e-02
-2.49935e-02
-2.47334e-02
-2.35961e-02
-2.22415e-02
-2.16960e-02
-2.19166e-02
-2.20766e-02
-2.23496e-02
-2.25630e-02
-2.17683e-02
-1.84704e-02
-1.23847e-02
-5.20449e-03
2.56972e-03
1.05852e-02
1.85377e-02
2.63135e-02
3.27085e-02
3.86444e-02
4.24514e-02
4.39501e-02
4.39380e-02
4.23801e-02
3.98280e-02
3.71202e-02
3.42628e-02
3.25822e-02
3.12263e-02
2.93749e-02
2.77379e-02
2.65235e-02
2.49098e-02
2.47000e-02
2.72954e-02
3.22756e-02
3.82805e-02
4.37215e-02
4.72138e-02
4.92633e-02
4.90877e-02
4.73247e-02
4.57789e-02
4.40293e-02
4.25647e-02
4.24389e-02
4.31357e-02
4.41361e-02
4.51181e-02
4.49691e-02
4.37999e-02
4.27777e-02
4.21485e-02
4.01936e-02
3.51272e-02
2.76546e-02
1.82600e-02
6.77482e-03
-5.20898e-03
-1.49639e-02
-2.24929e-02
-2.79608e-02
-3.11632e-02
-3.18647e-02
-3.11444e-02
-3.05378e-02
-3.03355e-02
-2.97301e-02
-2.79252e-02
-2.59061e-02
-2.42552e-02
-2.31594e-02
-2.18141e-02
-2.10699e-02
-1.98607e-02
-1.84969e-02
-1.63736e-02
-1.31984e-02
-9.84370e-03
-6.01451e-03
-1.93849e-03
1.88615e-03
5.70871e-03
9.19695e-03
1.22670e-02
1.52690e-02
1.70892e-02
1.83799e-02
1.95511e-02
2.01821e-02
2.03772e-02
2.00544e-02
1.84498e-02
1.55074e-02
1.24170e-02
1.03315e-02
9.77635e-03
1.01383e-02
9.56501e-03
7.54073e-03
4.93296e-03
1.27359e-03
-2.97747e-03
-6.88032e-03
-1.06614e-02
-1.35284e-02
-1.48204e-02
-1.53187e-02
-1.53214e-02
-1.61386e-02
-1.80512e-02
-2.04125e-02
-2.22354e-02
-2.37572e-02
-2.59204e-02
-2.83026e-02
-3.01877e-02
-3.10506e-02
-3.02658e-02
-2.76566e-02
-2.25193e-02
-1.48986e-02
-5.46917e-03
4.82669e-03
1.44263e-02
2.17307e-02
2.75708e-02
3.19038e-02
3.49342e-02
3.64972e-02
3.70260e-02
3.72937e-02
3.70674e-02
3.58679e-02
3.39564e-02
3.16617e-02
2.92791e-02
2.68419e-02
2.51622e-02
2.49606e-02
2.50596e-02
2.47581e-02
2.45488e-02
2.50481e-02
2.64593e-02
2.80524e-02
2.90740e-02
2.91573e-02
2.82824e-02
2.62586e-02
2.34075e-02
2.07849e-02
1.89185e-02
1.75277e-02
1.53849e-02
1.17049e-02
7.05166e-03
1.06571e-03
-5.76857e-03
-1.20410e-02
-1.73922e-02
-2.11353e-02
-2.34500e-02
-2.38948e-02
-2.26756e-02
-2.00945e-02
-1.53371e-02
-9.23622e-03
-3.66972e-03
1.17558e-03
4.49643e-03
6.62009e-03
8.10337e-03
8.67798e-03
8.44837e-03
8.51063e-03
8.87598e-03
8.80372e-03
8.21093e-03
7.42775e-03
7.30246e-03
7.56317e-03
7.48707e-03
6.84045e-03
5.48757e-03
3.89027e-03
1.67256e-03
-1.51044e-03
-4.76529e-03
-7.10219e-03
-7.67489e-03
-7.96734e-03
-7.39830e-03
-6.21932e-03
-5.65392e-03
-5.72642e-03
-5.78543e-03
-6.23200e-03
-7.94564e-03
-1.10002e-02
-1.51186e-02
-1.85293e-02
-2.07950e-02
-2.31976e-02
-2.61840e-02
-2.79848e-02
-2.93116e-02
-3.03856e-02
-3.08611e-02
-3.10834e-02
-3.06070e-02
-3.04678e-02
-3.00221e-02
-2.87303e-02
-2.71449e-02
-2.49747e-02
-2.19796e-02
-1.89229e-02
-1.63437e-02
-1.48114e-02
-1.46505e-02
-1.50081e-02
-1.65116e-02
-1.96599e-02
-2.26922e-02
-2.52990e-02
-2.69990e-02
-2.71093e-02
-2.61782e-02
-2.50213e-02
-2.44089e-02
-2.37042e-02
-2.22559e-02
-2.19145e-02
-2.32672e-02
-2.49562e-02
-2.52236e-02
-2.33053e-02
-1.99148e-02
-1.59598e-02
-1.03231e-02
-3.32902e-03
3.74939e-03
1.13434e-02
1.74634e-02
2.29246e-02
2.90089e-02
3.51693e-02
4.04199e-02
4.37037e-02
4.49422e-02
4.44222e-02
4.28583e-02
3.97670e-02
3.65934e-02
3.37995e-02
3.17589e-02
2.90240e-02
2.66330e-02
2.24911e-02
1.70517e-02
1.18080e-02
7.00372e-03
1.62497e-03
-5.69221e-03
-1.37351e-02
-2.09055e-02
-2.67165e-02
-3.21225e-02
-3.66462e-02
-4.11329e-02
-4.57365e-02
-5.14627e-02
-5.73209e-02
-6.31392e-02
-6.73212e-02
-6.87688e-02
-6.81348e-02
-6.69558e-02
-6.59504e-02
-6.44159e-02
-6.30600e-02
-6.08051e-02
-5.75182e-02
-5.38251e-02
-4.96736e-02
-4.52419e-02
-4.05886e-02
-3.70548e-02
-3.39186e-02
-3.11132e-02
-2.96274e-02
-2.88879e-02
-2.94351e-02
-3.08384e-02
-3.09026e-02
-2.93032e-02
-2.65742e-02
-2.25855e-02
-1.78578e-02
-1.36485e-02
-9.51347e-03
-5.15428e-03
-1.28446e-03
3.01711e-03
7.69097e-03
1.24041e-02
1.73971e-02
2.18319e-02
2.57734e-02
2.85944e-02
2.98328e-02
2.98770e-02
2.92190e-02
2.81498e-02
2.61887e-02
2.34931e-02
2.14298e-02
2.00402e-02
1.94664e-02
1.96282e-02
1.94630e-02
1.91271e-02
1.90414e-02
1.95012e-02
2.05932e-02
2.17068e-02
2.23189e-02
2.30361e-02
2.39339e-02
2.35912e-02
2.30642e-02
2.35087e-02
2.50280e-02
2.78495e-02
3.22574e-02
3.72717e-02
4.15380e-02
4.39380e-02
4.46711e-02
4.45652e-02
4.37807e-02
4.21978e-02
4.05664e-02
3.87223e-02
3.63213e-02
3.43798e-02
3.32382e-02
3.17831e-02
3.02458e-02
2.85213e-02
2.69659e-02
2.56828e-02
2.52827e-02
2.54788e-02
2.54321e-02
2.52598e-02
2.51296e-02
2.51784e-02
2.55713e-02
2.64891e-02
2.78723e-02
3.03193e-02
3.28358e-02
3.52649e-02
3.65137e-02
3.62342e-02
3.63034e-02
3.73908e-02
3.90919e-02
4.01604e-02
4.03376e-02
3.99849e-02
3.81978e-02
3.43016e-02
2.94510e-02
2.29902e-02
1.62586e-02
9.37660e-03
3.49737e-03
-1.26968e-04
-2.16049e-03
-3.01821e-03
-4.80511e-03
-7.34671e-03
-1.00354e-02
-1.23346e-02
-1.45398e-02
-1.57541e-02
-1.55716e-02
-1.39043e-02
-1.22040e-02
-1.01375e-02
-7.44082e-03
-5.50518e-03
-4.15136e-03
-2.33278e-03
-3.21648e-04
1.25572e-03
3.66853e-03
4.66756e-03
4.53422e-03
3.84806e-03
3.96449e-03
3.37161e-03
1.26650e-03
-1.39396e-03
-4.24658e-03
-7.96903e-03
-1.08428e-02
-1.31717e-02
-1.46519e-02
-1.50537e-02
-1.56669e-02
-1.51912e-02
-1.42807e-02
-1.36035e-02
-1.22142e-02
-1.05965e-02
-8.79047e-03
-7.01494e-03
-6.09473e-03
-6.40150e-03
-6.41182e-03
-6.10312e-03
-5.97865e-03
-6.39394e-03
-7.66489e-03
-9.40428e-03
-1.13586e-02
-1.50012e-02
-1.90365e-02
-2.30899e-02
-2.77979e-02
-3.16055e-02
-3.40985e-02
-3.68878e-02
-4.00439e-02
-4.32245e-02
-4.62804e-02
-4.88974e-02
-5.08460e-02
-5.22383e-02
-5.35820e-02
-5.45261e-02
-5.51758e-02
-5.51135e-02
-5.39845e-02
-5.29600e-02
-5.25447e-02
-5.17297e-02
-4.98204e-02
-4.70224e-02
-4.35598e-02
-3.98781e-02
-3.65540e-02
-3.39255e-02
-3.18577e-02
-3.06081e-02
-2.94985e-02
-2.70247e-02
-2.34323e-02
-2.01817e-02
-1.78722e-02
-1.71027e-02
-1.79302e-02
-1.93018e-02
-2.05841e-02
-2.11420e-02
-1.99549e-02
-1.70907e-02
-1.22852e-02
-5.08251e-03
3.13162e-03
1.06731e-02
1.72424e-02
2.20740e-02
2.53384e-02
2.68912e-02
2.63999e-02
2.55400e-02
2.46571e-02
2.24096e-02
1.93857e-02
1.67603e-02
1.49715e-02
1.40103e-02
1.29414e-02
1.24629e-02
1.36126e-02
1.52913e-02
1.63865e-02
1.66498e-02
1.61083e-02
1.56421e-02
1.48063e-02
1.28630e-02
1.08955e-02
9.22078e-03
7.78304e-03
7.43359e-03
7.53584e-03
7.45166e-03
7.67536e-03
8.65196e-03
1.01735e-02
1.23507e-02
1.52396e-02
1.66236e-02
1.70265e-02
1.71370e-02
1.72893e-02
1.71509e-02
1.60679e-02
1.44796e-02
1.40987e-02
1.45189e-02
1.60830e-02
1.97493e-02
2.42786e-02
2.84921e-02
3.18002e-02
3.37520e-02
3.43100e-02
3.37068e-02
3.22892e-02
3.05274e-02
2.84262e-02
2.66574e-02
2.50731e-02
2.42103e-02
2.35780e-02
2.42137e-02
2.63394e-02
2.92120e-02
3.21039e-02
3.50153e-02
3.80331e-02
4.05468e-02
4.18239e-02
4.32389e-02
4.35386e-02
4.29928e-02
4.16676e-02
3.94370e-02
3.61345e-02
3.23175e-02
2.89049e-02
2.63297e-02
2.37593e-02
2.12792e-02
1.89956e-02
1.64421e-02
1.48075e-02
1.33754e-02
1.00752e-02
6.87447e-03
4.30060e-03
2.21602e-03
3.49288e-04
-2.16358e-03
-4.58121e-03
-7.26360e-03
-8.79436e-03
-9.19456e-03
-1.00870e-02
-1.01327e-02
-9.36222e-03
-7.51700e-03
-5.07778e-03
-2.47334e-03
-1.24966e-03
-1.63535e-03
-2.08339e-03
-3.38811e-03
-5.83024e-03
-7.81409e-03
-9.83899e-03
-1.10361e-02
-1.16050e-02
-1.12515e-02
-1.03127e-02
-9.05272e-03
-8.44255e-03
-8.73554e-03
-9.25469e-03
-1.03853e-02
-1.16503e-02
-1.10703e-02
-8.08648e-03
-4.82668e-03
-2.32290e-03
-6.39374e-04
-4.57161e-05
-1.18477e-04
-1.33550e-03
-5.32933e-03
-1.14740e-02
-1.71747e-02
-2.26191e-02
-2.80877e-02
-3.29166e-02
-3.64794e-02
-3.89667e-02
-4.03612e-02
-4.04080e-02
-4.06654e-02
-4.07063e-02
-3.99162e-02
-3.85892e-02
-3.81382e-02
-3.85630e-02
-3.84450e-02
-3.75064e-02
-3.59882e-02
-3.46427e-02
-3.30564e-02
-3.03507e-02
-2.66999e-02
-2.38118e-02
-2.27251e-02
-2.14226e-02
-1.96398e-02
-1.54033e-02
-1.05340e-02
-6.41279e-03
-2.87102e-03
3.66599e-04
3.57805e-03
5.32071e-03
6.45666e-03
8.05960e-03
7.84919e-03
7.07474e-03
6.38418e-03
6.11217e-03
5.40621e-03
4.35468e-03
2.22123e-03
2.74561e-04
-6.33413e-04
-2.09767e-03
-2.46517e-03
-2.97351e-03
-2.83791e-03
-3.02322e-04
2.85089e-03
5.53533e-03
7.83405e-03
1.00291e-02
1.23005e-02
1.50051e-02
1.63733e-02
1.63093e-02
1.68028e-02
1.72095e-02
1.62971e-02
1.53968e-02
1.37016e-02
1.22561e-02
1.20609e-02
1.33228e-02
1.48938e-02
1.54214e-02
1.50011e-02
1.41313e-02
1.22151e-02
9.14868e-03
4.84276e-03
1.10253e-03
-2.21571e-03
-5.63891e-03
-7.44421e-03
-7.82871e-03
-7.75532e-03
-7.78325e-03
-7.59961e-03
-7.38771e-03
-7.77772e-03
-7.53731e-03
-8.49690e-03
-9.59496e-03
-1.14574e-02
-1.30397e-02
-1.33794e-02
-1.42399e-02
-1.43542e-02
-1.32943e-02
-1.00566e-02
-5.01469e-03
2.36659e-04
5.13834e-03
8.18917e-03
9.27713e-03
8.71769e-03
7.40322e-03
7.25454e-03
7.98569e-03
8.21982e-03
8.08588e-03
7.93380e-03
7.89153e-03
7.97678e-03
8.02811e-03
7.81455e-03
7.12761e-03
6.36962e-03
6.19139e-03
5.21196e-03
2.95229e-03
-1.46948e-03
-5.96401e-03
-1.08570e-02
-1.43383e-02
-1.66259e-02
-1.80937e-02
-1.76234e-02
-1.57426e-02
-1.19141e-02
-7.85207e-03
-3.85168e-03
-1.20618e-03
7.94208e-04
2.42327e-03
3.85178e-03
4.67595e-03
4.78516e-03
5.34770e-03
7.11901e-03
9.76705e-03
1.32481e-02
1.66247e-02
1.87846e-02
2.07085e-02
2.35931e-02
2.65342e-02
2.89125e-02
3.09596e-02
3.33865e-02
3.55348e-02
3.72145e-02
3.77423e-02
3.77975e-02
3.70684e-02
3.63233e-02
3.53546e-02
3.46162e-02
3.41434e-02
3.27483e-02
3.05429e-02
2.74476e-02
2.35034e-02
1.84895e-02
1.29573e-02
6.03162e-03
-1.18483e-03
-6.21015e-03
-9.72508e-03
-1.25125e-02
-1.43505e-02
-1.44828e-02
-1.34925e-02
-1.16088e-02
-9.98586e-03
-9.96285e-03
-1.04532e-02
-9.71666e-03
-9.01438e-03
-8.41628e-03
-8.18121e-03
-9.47730e-03
-1.16912e-02
-1.41126e-02
-1.63915e-02
-1.86302e-02
-2.03857e-02
-2.26300e-02
-2.51160e-02
-2.68477e-02
-2.83424e-02
-2.98966e-02
-3.09833e-02
-3.08447e-02
-2.92507e-02
-2.61974e-02
-2.15144e-02
-1.65842e-02
-1.19177e-02
-7.67085e-03
-5.39856e-03
-5.10722e-03
-5.52205e-03
-5.45907e-03
-5.48706e-03
-6.68101e-03
-8.58333e-03
-1.07163e-02
-1.27606e-02
-1.51725e-02
-1.78494e-02
-1.90087e-02
-1.89656e-02
-1.93732e-02
-2.02029e-02
-2.00231e-02
-1.70622e-02
-1.21589e-02
-6.94958e-03
-1.81363e-03
3.39629e-03
6.13977e-03
6.36283e-03
5.58276e-03
3.47793e-03
-1.88700e-04
-3.38205e-03
-4.08310e-03
-4.03843e-03
-5.21860e-03
-6.05815e-03
-6.59676e-03
-7.46740e-03
-7.93004e-03
-7.46172e-03
-6.30266e-03
-4.57792e-03
-2.43861e-03
2.56436e-05
1.87642e-03
2.99245e-03
4.01534e-03
4.30663e-03
4.29059e-03
4.24374e-03
4.44924e-03
4.89866e-03
5.91268e-03
6.90552e-03
7.85244e-03
8.39960e-03
9.09879e-03
1.04650e-02
1.20207e-02
1.28617e-02
1.21598e-02
1.06958e-02
8.72013e-03
6.71350e-03
5.17836e-03
4.16276e-03
2.87473e-03
1.00139e-03
-1.38255e-03
-3.57899e-03
-4.90139e-03
-5.86807e-03
-6.31787e-03
-6.26167e-03
-6.46536e-03
-6.75811e-03
-6.75585e-03
-6.07472e-03
-4.64895e-03
-3.30837e-03
-2.90341e-03
-1.71714e-03
4.05453e-04
3.96640e-03
8.74816e-03
1.31942e-02
1.70101e-02
1.98490e-02
2.13209e-02
2.18618e-02
2.18747e-02
2.11935e-02
1.89797e-02
1.50697e-02
9.96212e-03
5.19957e-03
-2.74778e-04
-5.93411e-03
-1.01612e-02
-1.36198e-02
-1.52138e-02
-1.46822e-02
-1.35121e-02
-1.12484e-02
-8.35488e-03
-5.62064e-03
-3.34508e-03
-1.97370e-03
-1.37617e-03
-3.43767e-04
1.50213e-03
3.13267e-03
4.44085e-03
5.70486e-03
7.41755e-03
1.01800e-02
1.37598e-02
1.69406e-02
1.94388e-02
2.19419e-02
2.30500e-02
2.35937e-02
2.33434e-02
2.21071e-02
1.97193e-02
1.69384e-02
1.43219e-02
1.13295e-02
7.46767e-03
2.89772e-03
-1.49428e-03
-5.43507e-03
-8.80852e-03
-1.16496e-02
-1.43468e-02
-1.61885e-02
-1.66538e-02
-1.63301e-02
-1.56839e-02
-1.46513e-02
-1.35205e-02
-1.22798e-02
-1.19036e-02
-1.13450e-02
-1.09770e-02
-1.03660e-02
-9.97826e-03
-1.03890e-02
-1.02277e-02
-9.48866e-03
-9.89632e-03
-1.07780e-02
-1.13844e-02
-1.12190e-02
-1.09107e-02
-1.03594e-02
-9.34011e-03
-8.53610e-03
-7.24313e-03
-6.66933e-03
-6.95134e-03
-7.01818e-03
-6.91950e-03
-6.75633e-03
-6.58518e-03
-6.48623e-03
-6.77053e-03
-7.87422e-03
-9.45262e-03
-1.00927e-02
-9.52679e-03
-8.53333e-03
-7.25874e-03
-6.42108e-03
-5.63655e-03
-3.92437e-03
-2.42834e-03
6.28499e-04
3.68446e-03
6.52053e-03
9.25920e-03
1.15485e-02
1.31742e-02
1.41682e-02
1.38280e-02
1.40058e-02
1.28253e-02
1.13532e-02
1.00600e-02
1.08097e-02
1.24889e-02
1.41407e-02
1.45548e-02
1.54647e-02
1.60215e-02
1.61340e-02
1.73427e-02
1.93209e-02
2.10034e-02
2.41859e-02
2.70899e-02
2.87466e-02
2.91902e-02
2.91011e-02
2.89731e-02
2.79245e-02
2.56726e-02
2.28289e-02
1.95652e-02
1.50068e-02
9.30513e-03
3.62821e-03
-1.70015e-03
-5.44534e-03
-8.56061e-03
-1.10298e-02
-1.27979e-02
-1.41485e-02
-1.54035e-02
-1.54421e-02
-1.53711e-02
-1.52985e-02
-1.47313e-02
-1.38252e-02
-1.28305e-02
-1.13750e-02
-1.02573e-02
-9.63716e-03
-8.76055e-03
-7.14462e-03
-5.44405e-03
-3.96670e-03
-2.78344e-03
-2.33958e-03
-2.48679e-03
-2.72987e-03
-3.25581e-03
-4.06781e-03
-4.76963e-03
-5.80565e-03
-6.45153e-03
-7.16088e-03
-8.57872e-03
-9.47217e-03
-9.28311e-03
-9.16414e-03
-8.86984e-03
-7.89517e-03
-6.26659e-03
-4.32014e-03
-2.09742e-03
-2.66992e-04
6.26147e-04
7.64889e-04
3.36504e-04
-2.92858e-04
-8.58912e-04
-1.48220e-03
-2.42305e-03
-3.41299e-03
-4.28175e-03
-5.50988e-03
-7.52126e-03
-9.10103e-03
-1.06385e-02
-1.20279e-02
-1.24847e-02
-1.16136e-02
-1.02654e-02
-9.68845e-03
-9.43436e-03
-9.27499e-03
-9.13413e-03
-8.21552e-03
-6.57416e-03
-4.35082e-03
-2.17766e-03
-1.58769e-03
-1.84396e-03
-2.04046e-03
-2.90919e-03
-4.84092e-03
-6.64755e-03
-7.66893e-03
-8.57434e-03
-9.69944e-03
-1.13784e-02
-1.29040e-02
-1.43565e-02
-1.54719e-02
-1.63989e-02
-1.69373e-02
-1.63997e-02
-1.56542e-02
-1.44810e-02
-1.24517e-02
-9.72598e-03
-6.88868e-03
-4.27779e-03
-1.80011e-03
8.68391e-04
4.04565e-03
6.62438e-03
8.46099e-03
1.09904e-02
1.41897e-02
1.60945e-02
1.62828e-02
1.52435e-02
1.35724e-02
1.12909e-02
7.93966e-03
4.63038e-03
1.85510e-03
-8.49156e-05
-3.13669e-04
9.21723e-04
1.91426e-03
2.23995e-03
2.60616e-03
2.16211e-03
8.69852e-04
-1.02654e-03
-3.86631e-03
-5.54482e-03
-6.67731e-03
-7.21779e-03
-6.33441e-03
-4.37463e-03
-2.32630e-03
-9.26018e-04
7.17251e-04
2.82731e-03
4.64671e-03
6.93776e-03
9.62503e-03
1.13043e-02
1.18445e-02
1.26992e-02
1.34421e-02
1.39658e-02
1.37188e-02
1.35424e-02
1.43085e-02
1.44682e-02
1.44108e-02
1.47960e-02
1.57083e-02
1.68991e-02
1.90303e-02
2.11760e-02
2.26178e-02
2.46727e-02
2.70177e-02
2.83458e-02
2.90408e-02
2.86382e-02
2.71098e-02
2.39974e-02
2.03199e-02
1.57110e-02
1.04516e-02
5.18283e-03
8.93207e-04
-4.75083e-03
-9.32864e-03
-1.18306e-02
-1.37129e-02
-1.42844e-02
-1.42316e-02
-1.44543e-02
-1.48048e-02
-1.52216e-02
-1.60193e-02
-1.68031e-02
-1.65416e-02
-1.58833e-02
-1.47082e-02
-1.31015e-02
-1.03829e-02
-8.53640e-03
-7.74389e-03
-6.51854e-03
-5.78301e-03
-4.27198e-03
-2.28585e-03
3.48146e-04
3.53498e-03
6.12547e-03
7.49540e-03
7.51233e-03
6.82413e-03
5.92952e-03
4.33856e-03
1.31301e-03
-1.95584e-03
-5.23920e-03
-8.10495e-03
-9.91798e-03
-1.11110e-02
-1.05420e-02
-9.45608e-03
-9.37988e-03
-9.25081e-03
-7.25598e-03
-3.81194e-03
-8.12086e-04
1.29179e-03
2.44227e-03
3.20520e-03
4.43984e-03
4.71636e-03
4.16050e-03
4.67153e-03
6.89871e-03
9.27540e-03
1.14932e-02
1.33869e-02
1.52708e-02
1.63942e-02
1.69729e-02
1.69409e-02
1.62126e-02
1.40574e-02
1.01021e-02
4.70135e-03
1.87156e-04
-2.65837e-03
-4.64593e-03
-5.21628e-03
-5.52397e-03
-6.62723e-03
-7.81721e-03
-8.68773e-03
-9.28378e-03
-9.25214e-03
-8.31215e-03
-5.58551e-03
-1.30383e-03
3.16990e-03
7.39687e-03
1.11807e-02
1.38053e-02
1.48229e-02
1.46574e-02
1.41933e-02
1.42480e-02
1.45489e-02
1.41198e-02
1.29749e-02
1.20048e-02
1.17637e-02
1.11620e-02
8.97397e-03
5.76713e-03
2.29157e-03
-1.92967e-03
-6.59215e-03
-1.05339e-02
-1.38951e-02
-1.71272e-02
-1.96289e-02
-2.14404e-02
-2.25912e-02
-2.30914e-02
-2.28801e-02
-2.18216e-02
-1.97148e-02
-1.67367e-02
-1.36264e-02
-1.16428e-02
-1.05404e-02
-9.13055e-03
-7.86492e-03
-7.19888e-03
-6.70921e-03
-5.78014e-03
-3.90752e-03
-6.70333e-04
2.67202e-03
5.19183e-03
6.63020e-03
6.84104e-03
6.89010e-03
7.22147e-03
6.96333e-03
5.30113e-03
2.33446e-03
-1.23901e-03
-5.02681e-03
-8.29796e-03
-1.06424e-02
-1.16165e-02
-1.21036e-02
-1.21525e-02
-1.14020e-02
-1.03154e-02
-8.61450e-03
-6.82988e-03
-4.89956e-03
-2.36457e-03
4.24253e-05
2.11554e-03
4.73371e-03
7.91955e-03
1.10957e-02
1.38244e-02
1.55253e-02
1.59386e-02
1.59279e-02
1.55956e-02
1.39790e-02
1.10322e-02
7.52319e-03
4.22471e-03
1.96780e-03
4.72872e-04
-1.42694e-03
-3.84335e-03
-5.77345e-03
-7.07991e-03
-8.01780e-03
-8.39806e-03
-8.34323e-03
-7.51146e-03
-5.31687e-03
-2.03836e-03
2.37070e-03
6.74896e-03
1.06378e-02
1.33931e-02
1.51380e-02
1.67543e-02
1.75168e-02
1.76720e-02
1.73612e-02
1.57733e-02
1.27463e-02
8.76725e-03
4.28860e-03
5.86828e-04
-2.21976e-03
-3.87300e-03
-4.64858e-03
-4.95750e-03
-5.07052e-03
-5.22806e-03
-5.50464e-03
-6.12053e-03
-7.10165e-03
-7.82933e-03
-8.24333e-03
-8.06455e-03
-7.57789e-03
-7.75236e-03
-9.20013e-03
-1.02518e-02
-1.05419e-02
-1.10255e-02
-1.15706e-02
-1.29654e-02
-1.46402e-02
-1.41386e-02
-1.18051e-02
-8.41052e-03
-3.97827e-03
1.33825e-03
5.54863e-03
8.03029e-03
1.02456e-02
1.23271e-02
1.39857e-02
1.42493e-02
1.42438e-02
1.44648e-02
1.46226e-02
1.45452e-02
1.40714e-02
1.33969e-02
1.29877e-02
1.18091e-02
9.74143e-03
8.37220e-03
6.97317e-03
4.68838e-03
1.54553e-03
-1.17483e-03
-2.51139e-03
-2.45474e-03
-2.44702e-03
-2.54182e-03
-1.99664e-03
-7.11718e-04
3.23599e-04
6.53515e-04
6.10241e-04
-3.14526e-04
-1.02672e-03
-1.57130e-03
-1.43310e-03
-7.65803e-04
2.54289e-04
1.40593e-03
2.91852e-03
3.69251e-03
4.46169e-03
4.82996e-03
4.91691e-03
6.26380e-03
7.24584e-03
7.22191e-03
7.00094e-03
6.64725e-03
5.83066e-03
4.47837e-03
1.49097e-03
-2.22614e-03
-6.01091e-03
-9.04547e-03
-1.12841e-02
-1.21731e-02
-1.21448e-02
-1.12309e-02
-1.06592e-02
-9.47245e-03
-8.32265e-03
-7.52352e-03
-6.40243e-03
-4.34440e-03
-2.91808e-03
-1.20642e-03
-9.86476e-04
-1.25367e-03
-4.79752e-04
-1.27109e-03
-3.00553e-03
-4.50089e-03
-5.69589e-03
-6.41591e-03
-6.62862e-03
-6.91660e-03
-6.64103e-03
-7.03410e-03
-6.81675e-03
-7.34800e-03
-7.42336e-03
-7.91616e-03
-7.00236e-03
-5.24228e-03
-4.04041e-03
-3.25823e-03
-2.65932e-03
-1.59199e-03
-1.53631e-03
-2.32479e-03
-2.19936e-03
-2.30212e-03
-3.10443e-03
-4.05492e-03
-3.88774e-03
-2.91344e-03
-9.94751e-04
1.42931e-03
3.87624e-03
5.18120e-03
5.56075e-03
6.69630e-03
6.90220e-03
6.15382e-03
6.10947e-03
5.41551e-03
3.89834e-03
2.93423e-03
2.46898e-03
2.02855e-03
2.07800e-03
2.03316e-03
1.70225e-03
1.02797e-03
4.45209e-05
-1.16256e-03
-3.38512e-03
-5.54736e-03
-7.09489e-03
-8.71517e-03
-9.88095e-03
-1.01068e-02
-1.06375e-02
-1.06070e-02
-8.86595e-03
-6.01003e-03
-1.66041e-03
3.66564e-03
8.54652e-03
1.18901e-02
1.37159e-02
1.40037e-02
1.37672e-02
1.31663e-02
1.16951e-02
9.68414e-03
7.07782e-03
4.11252e-03
8.93733e-04
-1.12467e-03
-2.98257e-03
-5.31015e-03
-7.40597e-03
-9.61160e-03
-1.17541e-02
-1.43537e-02
-1.62773e-02
-1.63504e-02
-1.62569e-02
-1.55743e-02
-1.45578e-02
-1.20617e-02
-8.61716e-03
-5.39405e-03
-3.07921e-03
-2.06679e-03
-9.88191e-04
-7.18793e-05
6.01201e-04
1.35592e-03
1.85549e-03
2.98204e-03
4.22549e-03
4.64531e-03
4.41571e-03
3.81458e-03
2.70117e-03
1.62800e-03
1.37667e-03
1.66280e-03
2.19098e-03
3.17112e-03
4.18392e-03
4.83256e-03
5.75794e-03
7.19636e-03
8.39767e-03
9.33517e-03
1.03588e-02
1.09411e-02
9.99873e-03
8.40924e-03
7.55754e-03
7.18707e-03
6.29955e-03
4.47745e-03
2.16619e-03
-2.88521e-04
-1.86645e-03
-2.71046e-03
-3.83448e-03
-4.08263e-03
-3.17806e-03
-1.70987e-03
-6.59337e-04
-3.87434e-04
-1.85429e-04
-1.80358e-04
-5.65141e-05
1.43126e-05
-3.16200e-04
-1.07478e-03
-1.84496e-03
-2.40626e-03
-2.91497e-03
-3.31853e-03
-3.94568e-03
-3.95344e-03
-2.98805e-03
-2.19737e-03
-1.97042e-03
-1.96156e-03
-1.69593e-03
-3.99298e-05
1.66533e-03
1.79042e-03
1.34081e-03
5.79892e-04
-6.51009e-04
-1.46986e-03
-1.27550e-03
-5.52518e-04
1.45245e-04
2.67146e-04
-2.04172e-05
-4.82736e-04
-1.35411e-03
-2.48216e-03
-4.01464e-03
-5.19867e-03
-6.08528e-03
-6.35513e-03
-5.35396e-03
-4.28258e-03
-3.70065e-03
-2.67902e-03
-1.32230e-03
-9.54590e-06
1.50479e-03
3.66410e-03
6.52201e-03
9.17280e-03
1.08623e-02
1.16402e-02
1.13749e-02
1.15932e-02
1.27996e-02
1.37746e-02
1.43892e-02
1.44855e-02
1.44004e-02
1.46726e-02
1.51248e-02
1.51644e-02
1.41183e-02
1.31205e-02
1.31670e-02
1.33472e-02
1.27668e-02
1.14979e-02
1.03343e-02
9.37349e-03
7.86123e-03
6.20081e-03
4.05735e-03
1.99643e-03
5.94522e-04
-1.40699e-03
-3.54482e-03
-5.09539e-03
-6.08873e-03
-7.68585e-03
-1.01384e-02
-1.24060e-02
-1.46151e-02
-1.67882e-02
-1.89384e-02
-2.05296e-02
-2.13057e-02
-2.15301e-02
-2.16382e-02
-2.16853e-02
-2.12324e-02
-2.01556e-02
-1.90923e-02
-1.82036e-02
-1.68198e-02
-1.52253e-02
-1.27547e-02
-9.61244e-03
-6.65882e-03
-3.98241e-03
-1.77315e-03
-1.46881e-04
1.36877e-03
2.92038e-03
3.94197e-03
4.06163e-03
3.62441e-03
2.93363e-03
2.17192e-03
9.51179e-04
-4.35275e-04
-1.24130e-03
-1.32932e-03
-1.18397e-03
-1.06937e-03
-8.58150e-04
-7.91712e-04
-1.34392e-03
-1.62514e-03
-1.38401e-03
-1.29160e-03
-1.69744e-03
-2.78745e-03
-4.28391e-03
-6.20270e-03
-7.36703e-03
-7.21787e-03
-6.42857e-03
-5.16113e-03
-3.78771e-03
-2.71813e-03
-2.06581e-03
-1.66837e-03
-7.88235e-04
4.17068e-04
5.69127e-04
4.51267e-04
4.66916e-04
8.70852e-04
1.37201e-03
1.97350e-03
3.12446e-03
4.03332e-03
4.35514e-03
4.80458e-03
5.38316e-03
4.96338e-03
3.82275e-03
3.37388e-03
3.69653e-03
3.27942e-03
2.26140e-03
1.03110e-03
-5.16080e-06
-5.60285e-04
-1.21635e-03
-1.85795e-03
-2.61207e-03
-3.53812e-03
-4.83612e-03
-6.18397e-03
-7.07494e-03
-7.79002e-03
-9.08688e-03
-1.06441e-02
-1.15874e-02
-1.17469e-02
-1.15570e-02
-1.10651e-02
-9.95827e-03
-8.60291e-03
-7.12805e-03
-5.12955e-03
-2.53739e-03
-1.19690e-04
1.87248e-03
4.12571e-03
6.45786e-03
8.51092e-03
9.63733e-03
9.81507e-03
9.84021e-03
9.63677e-03
8.71168e-03
7.36258e-03
7.09608e-03
7.52590e-03
7.58154e-03
7.21586e-03
6.59363e-03
6.15352e-03
6.65109e-03
7.71010e-03
9.57770e-03
1.24231e-02
1.52819e-02
1.75188e-02
1.89937e-02
1.98796e-02
1.99223e-02
1.89792e-02
1.70953e-02
1.49201e-02
1.23170e-02
9.36799e-03
6.78948e-03
4.99981e-03
3.89119e-03
2.30846e-03
4.01625e-04
-1.99934e-03
-4.24173e-03
-5.52231e-03
-6.77095e-03
-7.37068e-03
-7.27657e-03
-6.86351e-03
-5.61151e-03
-3.59078e-03
-9.92272e-04
1.57366e-03
3.63336e-03
5.22775e-03
5.56398e-03
4.63733e-03
2.72583e-03
3.19532e-04
-1.43904e-03
-2.43760e-03
-3.85392e-03
-5.33521e-03
-6.77500e-03
-7.83759e-03
-8.99880e-03
-1.06177e-02
-1.21893e-02
-1.35669e-02
-1.44810e-02
-1.47678e-02
-1.46994e-02
-1.41270e-02
-1.27405e-02
-1.12614e-02
-1.04606e-02
-1.06562e-02
-1.14561e-02
-1.22683e-02
-1.22873e-02
-1.17272e-02
-1.02933e-02
-7.94492e-03
-6.14877e-03
-4.80736e-03
-4.05948e-03
-2.85142e-03
-1.91825e-03
-1.86317e-03
-1.94213e-03
-1.99613e-03
-1.94786e-03
-1.52880e-03
-3.64156e-04
1.21105e-03
1.96371e-03
3.13129e-03
4.64905e-03
6.14319e-03
7.60412e-03
8.88343e-03
9.84552e-03
1.05473e-02
1.13612e-02
1.12968e-02
1.05185e-02
9.33084e-03
8.43340e-03
7.50010e-03
5.74902e-03
4.16141e-03
2.19374e-03
1.25381e-03
1.41620e-03
1.68508e-03
2.18097e-03
2.78955e-03
2.79539e-03
2.66957e-03
2.54908e-03
1.99081e-03
1.07208e-03
4.28832e-04
-1.72441e-04
-2.00438e-04
1.25670e-04
6.12843e-04
1.17469e-03
1.08862e-03
1.16155e-03
1.78514e-03
2.63698e-03
2.84232e-03
3.12462e-03
3.68310e-03
4.10962e-03
5.41829e-03
7.70163e-03
9.14070e-03
9.94308e-03
1.04290e-02
1.08717e-02
1.04213e-02
9.72616e-03
9.81347e-03
1.00551e-02
1.00801e-02
9.99338e-03
9.82975e-03
9.74222e-03
9.85467e-03
1.02259e-02
1.07935e-02
1.09484e-02
9.68546e-03
8.38943e-03
6.70507e-03
5.42422e-03
3.89940e-03
3.21270e-03
1.90929e-03
1.08809e-03
1.31367e-03
1.53908e-03
1.89792e-03
2.46658e-03
2.87659e-03
4.36645e-03
6.32193e-03
6.34045e-03
5.90749e-03
6.89900e-03
7.09302e-03
6.84379e-03
6.11434e-03
4.81166e-03
3.79447e-03
2.37169e-03
-3.98966e-05
-1.21591e-03
-1.48249e-03
-1.26591e-03
-1.45551e-03
-2.25243e-03
-3.33918e-03
-4.21782e-03
-5.70303e-03
-7.01585e-03
-7.73516e-03
-8.19558e-03
-8.85555e-03
-8.83889e-03
-9.08299e-03
-9.88616e-03
-1.06503e-02
-1.05133e-02
-1.03516e-02
-1.04027e-02
-1.04768e-02
-1.05928e-02
-1.06433e-02
-1.06395e-02
-1.06110e-02
-1.06017e-02
-1.05795e-02
-1.05944e-02
-1.06508e-02
-1.07528e-02
-1.07413e-02
-1.03711e-02
-9.43164e-03
-8.26896e-03
-7.56927e-03
-6.77312e-03
-5.20689e-03
-3.74181e-03
-2.56645e-03
-1.74350e-03
-1.16862e-03
-6.90085e-04
-1.09255e-03
-1.78713e-03
-2.20052e-03
-2.01538e-03
-2.24776e-03
-3.09059e-03
-3.97404e-03
-4.67412e-03
-5.50214e-03
-6.42809e-03
-7.53335e-03
-8.37513e-03
-9.37056e-03
-1.06372e-02
-1.13021e-02
-1.14687e-02
-1.12010e-02
-1.05973e-02
-9.91614e-03
-8.34417e-03
-5.45781e-03
-1.97273e-03
8.94639e-04
3.67381e-03
6.37153e-03
8.49728e-03
9.90360e-03
1.12420e-02
1.26975e-02
1.37832e-02
1.49144e-02
1.53901e-02
1.54278e-02
1.52377e-02
1.40910e-02
1.16441e-02
8.22051e-03
4.77155e-03
2.35073e-03
8.87070e-04
2.82052e-04
4.97134e-04
1.27737e-03
2.17108e-03
3.58632e-03
5.19197e-03
7.22762e-03
8.90014e-03
9.52384e-03
1.05992e-02
1.12430e-02
1.09816e-02
1.04874e-02
9.92639e-03
9.89563e-03
1.01141e-02
9.98060e-03
9.40529e-03
8.65664e-03
8.41625e-03
8.43847e-03
8.20838e-03
7.91597e-03
7.83457e-03
6.86342e-03
5.20814e-03
3.74482e-03
2.32129e-03
8.60731e-04
-4.67147e-04
-1.34059e-03
-1.56856e-03
-1.58638e-03
-1.48792e-03
-9.10924e-04
5.93699e-05
4.46498e-04
-4.26835e-05
-2.07132e-05
3.99164e-04
6.49250e-05
-3.71571e-04
-7.55304e-04
-1.51743e-03
-2.18952e-03
-3.05209e-03
-3.96861e-03
-5.22242e-03
-5.98177e-03
-5.94863e-03
-5.92785e-03
-6.00474e-03
-5.86453e-03
-5.34913e-03
-4.75745e-03
-4.85590e-03
-4.85087e-03
-4.06916e-03
-2.54284e-03
-1.07904e-03
2.44606e-04
1.69231e-03
3.40810e-03
5.16589e-03
6.23860e-03
5.92332e-03
5.89621e-03
5.51912e-03
5.40038e-03
5.09613e-03
4.23746e-03
3.43439e-03
2.01466e-03
5.04147e-04
-6.85847e-04
-1.57477e-03
-2.37936e-03
-3.65645e-03
-4.43361e-03
-4.30783e-03
-4.41293e-03
-5.31744e-03
-6.79262e-03
-7.69270e-03
-7.66887e-03
-7.48167e-03
-7.10577e-03
-6.20482e-03
-5.25938e-03
-5.45345e-03
-4.97892e-03
-4.26453e-03
-3.21603e-03
-1.83468e-03
2.24620e-04
1.94886e-03
3.75659e-03
5.87773e-03
7.48410e-03
9.19868e-03
1.08406e-02
1.15572e-02
1.09069e-02
9.38826e-03
7.29894e-03
6.19785e-03
4.77249e-03
2.38200e-03
-3.41596e-04
-1.98368e-03
-2.84307e-03
-4.46984e-03
-5.29455e-03
-6.67187e-03
-7.72347e-03
-8.12348e-03
-8.76281e-03
-8.81403e-03
-9.18883e-03
-9.78562e-03
-9.66433e-03
-7.90622e-03
-6.58954e-03
-5.87006e-03
-5.12323e-03
-3.70552e-03
-3.18055e-03
-4.17034e-03
-5.45996e-03
-6.18474e-03
-6.78192e-03
-8.18100e-03
-9.66201e-03
-1.11144e-02
-1.20661e-02
-1.22291e-02
-1.22650e-02
-1.15441e-02
-1.11854e-02
-1.05037e-02
-9.67428e-03
-8.42632e-03
-7.47171e-03
-7.02053e-03
-6.45420e-03
-6.23705e-03
-5.49523e-03
-3.94414e-03
-2.54047e-03
-1.67697e-03
-1.00792e-03
1.02037e-05
4.47910e-04
3.36364e-04
1.02946e-03
1.29766e-03
1.11694e-03
6.37827e-04
-1.70765e-04
-9.13041e-04
-2.27040e-03
-3.78794e-03
-5.18069e-03
-6.40736e-03
-7.37968e-03
-8.19389e-03
-9.24859e-03
-9.51024e-03
-8.82735e-03
-8.87149e-03
-9.00286e-03
-8.33828e-03
-6.79175e-03
-5.19703e-03
-3.98121e-03
-3.19573e-03
-2.75849e-03
-2.08792e-03
-1.66157e-03
-1.02313e-03
-2.81710e-04
-3.79119e-04
-4.67921e-04
2.61477e-04
2.02174e-03
4.19295e-03
6.28801e-03
7.69387e-03
9.02616e-03
1.03414e-02
1.11634e-02
1.13011e-02
1.13870e-02
1.14035e-02
1.08713e-02
9.73821e-03
8.60056e-03
7.38862e-03
7.16317e-03
6.58083e-03
5.15393e-03
4.23950e-03
4.21068e-03
4.29236e-03
4.36302e-03
4.83387e-03
5.70536e-03
6.48996e-03
7.66599e-03
8.61893e-03
9.03949e-03
9.65770e-03
1.00506e-02
1.07369e-02
1.14442e-02
1.09606e-02
9.85733e-03
9.02975e-03
7.90948e-03
7.23264e-03
7.34263e-03
7.37684e-03
7.25177e-03
7.16319e-03
7.15746e-03
7.21060e-03
7.10750e-03
6.59912e-03
5.66396e-03
4.81817e-03
3.65122e-03
2.94116e-03
2.84183e-03
2.40440e-03
1.65345e-03
1.34151e-03
5.98142e-04
-8.00894e-04
-1.73156e-03
-1.90076e-03
-2.06642e-03
-2.27201e-03
-3.58870e-03
-4.59308e-03
-4.54047e-03
-4.39835e-03
-4.36862e-03
-4.25627e-03
-3.96012e-03
-3.79469e-03
-4.23253e-03
-3.94025e-03
-3.78665e-03
-4.99318e-03
-5.98958e-03
-6.59445e-03
-7.86697e-03
-9.37169e-03
-1.09115e-02
-1.24835e-02
-1.38302e-02
-1.43931e-02
-1.38630e-02
-1.29635e-02
-1.22458e-02
-1.10102e-02
-9.82956e-03
-9.08262e-03
-8.41653e-03
-6.96624e-03
-5.27229e-03
-3.81930e-03
-2.61912e-03
-1.79411e-03
-1.03858e-03
2.53863e-04
1.27071e-03
1.83800e-03
2.68644e-03
3.31281e-03
3.93101e-03
4.18800e-03
4.24367e-03
4.55902e-03
4.93621e-03
5.05726e-03
5.90177e-03
7.09178e-03
7.91273e-03
8.97048e-03
9.83194e-03
9.96060e-03
9.97321e-03
1.01658e-02
1.00925e-02
9.19434e-03
7.44202e-03
5.85480e-03
4.25555e-03
3.17312e-03
2.75892e-03
1.97169e-03
9.17941e-04
-3.70599e-04
-1.36100e-03
-1.42835e-03
-1.20514e-03
-1.24182e-03
-1.56106e-03
-2.13218e-03
-2.66153e-03
-2.48238e-03
-2.13507e-03
-2.60887e-03
-2.97225e-03
-2.88214e-03
-2.85496e-03
-2.96261e-03
-3.08884e-03
-2.96623e-03
-2.25986e-03
-9.90703e-04
-5.77695e-05
-2.25742e-05
-2.12418e-04
-1.72013e-04
-5.36980e-05
-6.77407e-06
-5.49820e-05
-8.35572e-05
1.15600e-04
6.93218e-04
1.38286e-03
1.34976e-03
7.12596e-04
2.10637e-04
4.69291e-04
8.42244e-04
2.79666e-04
-2.24983e-04
-6.61389e-05
6.53504e-04
1.99383e-03
3.30667e-03
4.10777e-03
4.76820e-03
6.05307e-03
7.55325e-03
8.50084e-03
8.82911e-03
9.12900e-03
9.39255e-03
8.81188e-03
8.03273e-03
7.50286e-03
7.41047e-03
7.37722e-03
6.84343e-03
6.10496e-03
5.95508e-03
6.13171e-03
5.94784e-03
5.26084e-03
4.41284e-03
4.36704e-03
5.09668e-03
5.92329e-03
6.13470e-03
5.95559e-03
5.74694e-03
5.25468e-03
4.45509e-03
3.91051e-03
3.46566e-03
3.01343e-03
2.07447e-03
5.02620e-04
-4.15533e-04
-1.03893e-03
-1.88093e-03
-3.04885e-03
-4.01876e-03
-4.20383e-03
-4.27298e-03
-4.66136e-03
-4.92849e-03
-4.46125e-03
-4.14961e-03
-4.31341e-03
-4.46536e-03
-4.48542e-03
-4.25029e-03
-3.64149e-03
-2.89421e-03
-2.77647e-03
-3.02302e-03
-2.95650e-03
-2.38161e-03
-1.40177e-03
-6.18823e-04
-7.45602e-05
4.55487e-05
-3.70077e-05
6.14744e-05
1.87834e-04
9.37915e-05
-4.18455e-04
-1.22703e-03
-1.75128e-03
-2.30031e-03
-3.24539e-03
-5.09112e-03
-7.45824e-03
-9.11391e-03
-1.01278e-02
-1.08053e-02
-1.12828e-02
-1.23324e-02
-1.39231e-02
-1.45701e-02
-1.46878e-02
-1.50669e-02
-1.51862e-02
-1.54958e-02
-1.53486e-02
-1.45923e-02
-1.43801e-02
-1.43760e-02
-1.38968e-02
-1.31741e-02
-1.30119e-02
-1.32037e-02
-1.31250e-02
-1.25805e-02
-1.16599e-02
-1.09459e-02
-1.04924e-02
-1.01727e-02
-9.92430e-03
-9.09982e-03
-8.02039e-03
-6.94366e-03
-5.98213e-03
-6.01115e-03
-6.60709e-03
-6.74023e-03
-6.83874e-03
-7.16433e-03
-6.75593e-03
-6.02936e-03
-5.28077e-03
-4.12612e-03
-2.09934e-03
3.22046e-05
1.28105e-03
1.43730e-03
1.56533e-03
2.08029e-03
2.33785e-03
2.59217e-03
3.18017e-03
3.54719e-03
4.26704e-03
4.99326e-03
5.30496e-03
5.36505e-03
5.41382e-03
5.56276e-03
5.26628e-03
5.69323e-03
6.60095e-03
6.90308e-03
6.79786e-03
6.67025e-03
6.74583e-03
6.63538e-03
6.53100e-03
6.40808e-03
6.79666e-03
6.88275e-03
6.96382e-03
7.61371e-03
8.31619e-03
9.40283e-03
9.93355e-03
9.88782e-03
1.00174e-02
9.64778e-03
9.46575e-03
9.29350e-03
8.98158e-03
9.52325e-03
1.03480e-02
1.07217e-02
1.03974e-02
9.84609e-03
9.19378e-03
8.93558e-03
9.20758e-03
9.31750e-03
9.10984e-03
8.58093e-03
7.88100e-03
7.61280e-03
7.72811e-03
7.24255e-03
6.02921e-03
4.90567e-03
4.66458e-03
4.80480e-03
4.51599e-03
4.00501e-03
3.81715e-03
3.73848e-03
3.48697e-03
3.47509e-03
2.61202e-03
5.03922e-04
-1.82968e-03
-3.40552e-03
-4.38353e-03
-5.22064e-03
-6.33145e-03
-6.81728e-03
-6.84069e-03
-6.99287e-03
-6.97376e-03
-6.37845e-03
-5.17641e-03
-4.20394e-03
-4.09188e-03
-4.24101e-03
-4.15880e-03
-4.11584e-03
-4.48665e-03
-5.33777e-03
-6.16632e-03
-6.91693e-03
-7.11444e-03
-6.59112e-03
-5.53217e-03
-4.34313e-03
-4.41751e-03
-5.03072e-03
-4.65690e-03
-4.07288e-03
-3.43921e-03
-2.26584e-03
-1.20104e-03
-4.59785e-04
5.63264e-04
1.40727e-03
1.63337e-03
2.12975e-03
3.36777e-03
4.64487e-03
5.76995e-03
7.24340e-03
8.23444e-03
8.83267e-03
9.06271e-03
8.85768e-03
8.40677e-03
7.80971e-03
7.66879e-03
7.66925e-03
7.29304e-03
6.92326e-03
7.29028e-03
7.85735e-03
8.72307e-03
1.02408e-02
1.13037e-02
1.22481e-02
1.31509e-02
1.33989e-02
1.34376e-02
1.34548e-02
1.29461e-02
1.16539e-02
1.01597e-02
8.96489e-03
7.99098e-03
6.93605e-03
5.34802e-03
4.01546e-03
2.84297e-03
2.08599e-03
2.13409e-03
2.18923e-03
2.00454e-03
1.71241e-03
1.42397e-03
1.40128e-03
1.75661e-03
7.13257e-04
-1.17232e-03
-2.04165e-03
-2.86033e-03
-3.17970e-03
-3.02079e-03
-3.64050e-03
-3.82363e-03
-3.74934e-03
-3.98621e-03
-4.64844e-03
-5.48482e-03
-5.57884e-03
-5.43890e-03
-5.17331e-03
-4.53998e-03
-3.80470e-03
-3.90058e-03
-4.30645e-03
-4.66560e-03
-4.67644e-03
-3.90931e-03
-3.86574e-03
-4.14262e-03
-3.89154e-03
-2.72516e-03
-8.44841e-04
4.29481e-04
1.92151e-03
2.73994e-03
3.36171e-03
3.14656e-03
2.52961e-03
1.65607e-03
8.63143e-04
-6.01518e-04
-1.56812e-03
-1.34017e-03
-7.34700e-04
-1.59109e-03
-2.53835e-03
-2.18387e-03
-1.68643e-03
-1.60821e-03
-2.28406e-03
-1.79529e-03
-1.31948e-03
-1.78197e-03
-1.74387e-03
-2.49285e-03
-2.46018e-03
-2.16688e-03
-1.86722e-03
-1.47158e-03
-1.25777e-03
2.25272e-04
4.52077e-04
-1.20906e-03
-2.81177e-03
-2.65053e-03
-2.93931e-03
-3.70947e-03
-3.72547e-03
-3.98582e-03
-4.45889e-03
-4.49143e-03
-3.87072e-03
-3.56120e-03
-2.59255e-03
-1.00336e-03
1.51338e-04
8.32761e-04
1.31074e-03
1.90130e-03
1.93205e-03
1.87035e-03
1.62224e-03
1.08419e-03
7.63277e-04
1.11963e-03
1.17361e-03
1.16949e-03
2.62958e-03
3.89797e-03
3.59166e-03
3.29307e-03
3.03333e-03
2.51090e-03
2.03484e-03
1.84419e-03
8.97151e-04
-5.58471e-04
-1.64840e-03
-2.93909e-03
-4.23863e-03
-5.18761e-03
-6.21591e-03
-6.51843e-03
-6.34207e-03
-6.49920e-03
-7.05748e-03
-7.83264e-03
-8.20580e-03
-8.03745e-03
-7.97592e-03
-8.06112e-03
-8.11879e-03
-8.02992e-03
-7.71275e-03
-7.35150e-03
-7.38719e-03
-7.52645e-03
-7.33926e-03
-7.09968e-03
-6.69967e-03
-6.68144e-03
-6.35382e-03
-5.57752e-03
-4.97733e-03
-4.71086e-03
-4.45983e-03
-4.86524e-03
-5.84872e-03
-6.54000e-03
-6.82882e-03
-6.45905e-03
-5.84453e-03
-5.17537e-03
-5.06017e-03
-5.27137e-03
-5.30724e-03
-5.23814e-03
-5.16233e-03
-5.11548e-03
-5.09810e-03
-5.11518e-03
-5.17497e-03
-5.24300e-03
-5.18194e-03
-4.75391e-03
-3.88537e-03
-2.94971e-03
-1.82452e-03
-9.99576e-04
-1.01261e-03
-1.17132e-03
-9.29585e-04
-2.74030e-04
4.82412e-04
6.29725e-04
4.32148e-04
5.32551e-04
1.05298e-03
1.81687e-03
2.24282e-03
2.76109e-03
3.72220e-03
4.21303e-03
4.03700e-03
4.64796e-03
5.80116e-03
6.90553e-03
7.31219e-03
6.68229e-03
6.20630e-03
5.90400e-03
5.19492e-03
4.44529e-03
3.07593e-03
1.48782e-03
6.99423e-05
-1.14235e-03
-1.99161e-03
-2.65626e-03
-3.62489e-03
-4.13027e-03
-4.20771e-03
-3.63744e-03
-3.60862e-03
-3.68635e-03
-3.17891e-03
-2.20398e-03
-1.32588e-03
-1.40219e-04
6.59120e-04
7.16090e-04
9.69857e-04
1.37187e-03
1.42505e-03
2.11056e-03
2.33661e-03
2.07790e-03
1.55678e-03
8.76446e-04
4.90503e-04
-5.38522e-04
-1.97183e-03
-2.23087e-03
-2.54631e-03
-3.37739e-03
-3.78380e-03
-4.33708e-03
-4.85136e-03
-4.34995e-03
-3.59752e-03
-3.62376e-03
-3.57327e-03
-2.96127e-03
-2.14941e-03
-2.00526e-03
-1.43762e-03
-6.64846e-04
-7.69541e-04
-8.75855e-04
-8.66108e-04
-8.77914e-04
-8.12005e-04
-5.29939e-04
1.03195e-04
7.22291e-04
5.66256e-04
7.24522e-04
1.47970e-03
2.22101e-03
2.06887e-03
2.14763e-03
2.85968e-03
3.71080e-03
3.90120e-03
4.19096e-03
4.26526e-03
3.34641e-03
3.44205e-03
3.65819e-03
3.69571e-03
3.67305e-03
3.61062e-03
3.53578e-03
3.50474e-03
3.59894e-03
3.92417e-03
4.38341e-03
4.45851e-03
3.65867e-03
3.71530e-03
3.60686e-03
2.86678e-03
2.08994e-03
2.54766e-03
3.46185e-03
4.32581e-03
4.87380e-03
5.58524e-03
6.09886e-03
6.70756e-03
7.13309e-03
7.96592e-03
8.60808e-03
8.03146e-03
6.74098e-03
5.17294e-03
4.35091e-03
3.79947e-03
1.98804e-03
9.68582e-04
9.96146e-05
-9.59099e-04
-4.88140e-04
1.34637e-03
3.22182e-03
5.19092e-03
7.06694e-03
8.24345e-03
9.34445e-03
1.02670e-02
1.09671e-02
1.15844e-02
1.14855e-02
1.10922e-02
1.05186e-02
1.01452e-02
1.00089e-02
9.30251e-03
8.31526e-03
7.27101e-03
6.27456e-03
5.94532e-03
5.72777e-03
5.00714e-03
4.38347e-03
4.06199e-03
3.50660e-03
3.01490e-03
2.56880e-03
1.44635e-03
2.92818e-04
3.28626e-05
2.37522e-04
2.80836e-04
2.56584e-04
2.20698e-04
3.95628e-05
-4.83280e-04
-1.25051e-03
-1.56821e-03
-1.17758e-03
-7.99443e-04
-7.94559e-04
-1.55830e-03
-2.36086e-03
-1.85865e-03
-1.17833e-03
-1.43453e-03
-1.96066e-03
-2.42880e-03
-2.44788e-03
-2.16113e-03
-1.76936e-03
-1.01452e-03
-7.04537e-04
-8.28680e-04
-1.03530e-03
-1.15780e-03
-1.60553e-03
-2.02150e-03
-2.86064e-03
-3.60750e-03
-3.74095e-03
-3.22827e-03
-2.75851e-03
-2.35740e-03
-1.61097e-03
-1.11605e-03
-8.53667e-04
-6.86599e-04
1.07912e-04
7.40698e-04
4.04862e-04
3.96597e-04
7.08658e-04
2.22755e-04
-2.12430e-04
-1.51737e-04
1.04073e-04
6.46573e-04
1.37502e-03
1.69927e-03
1.85367e-03
1.99792e-03
1.66288e-03
1.80159e-03
2.44875e-03
2.43699e-03
2.18142e-03
1.23186e-03
2.50872e-05
-5.82310e-04
-1.08627e-03
-1.35826e-03
-1.57968e-03
-1.94091e-03
-2.07787e-03
-2.78629e-03
-3.49772e-03
-3.45955e-03
-2.53003e-03
-1.78343e-03
-1.86406e-03
-1.71320e-03
-1.80876e-03
-2.36131e-03
-2.52242e-03
-2.78199e-03
-2.34428e-03
-1.17727e-03
-2.91737e-04
5.11183e-05
-6.74124e-04
-1.72311e-03
-2.21631e-03
-2.63346e-03
-2.60242e-03
-2.69141e-03
-3.16711e-03
-3.59731e-03
-3.49976e-03
-4.04721e-03
-4.24196e-03
-4.36020e-03
-4.81751e-03
-4.96685e-03
-4.27169e-03
-4.02791e-03
-4.06255e-03
-4.09818e-03
-4.36741e-03
-4.97229e-03
-5.66930e-03
-5.58179e-03
-5.39875e-03
-5.42727e-03
-5.73345e-03
-6.18851e-03
-6.31444e-03
-5.58461e-03
-5.44806e-03
-5.41390e-03
-4.92954e-03
-4.18014e-03
-3.76543e-03
-3.17850e-03
-2.65412e-03
-3.27824e-03
-4.13171e-03
-4.05522e-03
-3.76184e-03
-3.75778e-03
-4.03683e-03
-4.43172e-03
-4.57656e-03
-4.03064e-03
-4.26288e-03
-4.75046e-03
-4.52600e-03
-4.78741e-03
-4.59842e-03
-4.32851e-03
-3.11627e-03
-2.25743e-03
-2.43705e-03
-2.59072e-03
-2.37280e-03
-1.86207e-03
-1.44315e-03
-1.56887e-03
-1.05161e-03
-8.82286e-04
-7.35103e-04
-7.67175e-05
6.67627e-04
7.41069e-04
1.31771e-03
2.38493e-03
2.90465e-03
3.56481e-03
3.61892e-03
3.51506e-03
3.56311e-03
3.63455e-03
3.69955e-03
3.72845e-03
3.73213e-03
3.68327e-03
3.59785e-03
3.55195e-03
3.75770e-03
4.42938e-03
5.39814e-03
5.91722e-03
6.60857e-03
6.74507e-03
7.09608e-03
7.28383e-03
6.46652e-03
6.29589e-03
5.85569e-03
5.13512e-03
5.02351e-03
4.28163e-03
3.05969e-03
2.61195e-03
2.37634e-03
8.81020e-04
6.74534e-04
-9.92577e-05
-1.61094e-03
-2.17191e-03
-1.97129e-03
-2.11364e-03
-2.65186e-03
-2.99588e-03
-2.67383e-03
-3.12190e-03
-3.07090e-03
-3.52370e-03
-2.78342e-03
-1.88981e-03
-2.12729e-03
-2.30645e-03
-2.35289e-03
-2.27333e-03
-2.12391e-03
-1.91834e-03
-1.93672e-03
-2.53158e-03
-3.98661e-03
-5.46391e-03
-5.10347e-03
-4.76866e-03
-4.82808e-03
-4.91537e-03
-5.11410e-03
-5.40218e-03
-5.83335e-03
-5.88683e-03
-5.07300e-03
-5.16290e-03
-5.07029e-03
-4.07612e-03
-2.69913e-03
-2.19130e-03
-2.58193e-03
-2.32937e-03
-1.24220e-03
1.55244e-04
3.27567e-04
-3.01118e-04
-2.75949e-04
-9.68830e-04
-8.69567e-04
-4.28488e-04
3.06067e-05
3.98514e-04
-1.73680e-04
-1.94873e-04
-1.00938e-03
-9.41864e-04
-4.88629e-04
9.13963e-06
2.87006e-04
-2.81250e-05
4.50057e-04
-8.72931e-05
-5.28505e-04
1.73678e-04
2.48039e-04
7.21928e-04
-3.50460e-04
-2.04444e-03
-2.57794e-03
-2.11097e-03
-1.92506e-03
-2.17119e-03
-2.57979e-03
-3.04610e-03
-3.09818e-03
-2.20158e-03
-2.21788e-03
-2.34379e-03
-2.27870e-03
-2.25071e-03
-2.45041e-03
-2.89264e-03
-3.23541e-03
-3.02084e-03
-3.78856e-03
-3.86329e-03
-3.76290e-03
-3.67717e-03
-3.36872e-03
-3.03140e-03
-3.25008e-03
-4.62734e-03
-4.94619e-03
-4.41314e-03
-4.76015e-03
-4.15815e-03
-3.56574e-03
-2.23426e-03
-2.51554e-03
-2.59631e-03
-1.61781e-03
-1.59985e-04
7.65143e-04
1.28856e-03
2.54699e-03
3.50052e-03
4.27835e-03
5.67888e-03
6.39904e-03
6.16450e-03
6.10695e-03
6.19509e-03
6.27541e-03
6.32585e-03
6.40377e-03
6.52174e-03
6.55371e-03
6.20085e-03
5.22675e-03
4.01569e-03
3.95156e-03
4.68079e-03
4.41227e-03
4.42504e-03
3.24274e-03
2.21297e-03
1.00410e-03
5.03778e-04
8.96163e-04
7.07849e-04
-1.78643e-04
-1.34354e-03
-1.70169e-03
-1.65324e-03
-6.87116e-04
-4.94177e-04
-1.35839e-04
4.10070e-04
2.22752e-04
5.11894e-04
1.55652e-03
2.73988e-03
2.64623e-03
1.87796e-03
2.53111e-03
3.32282e-03
3.22372e-03
3.66444e-03
5.07119e-03
6.55665e-03
6.25705e-03
6.11151e-03
6.45752e-03
6.78992e-03
6.83273e-03
6.36581e-03
7.56499e-03
9.17777e-03
9.17786e-03
7.40272e-03
5.79676e-03
6.27548e-03
6.66068e-03
6.55024e-03
6.37814e-03
6.44529e-03
7.09942e-03
8.11523e-03
8.70476e-03
9.32628e-03
9.18604e-03
9.08280e-03
9.19609e-03
9.26422e-03
9.30490e-03
9.26282e-03
9.25826e-03
9.33278e-03
9.53743e-03
9.64346e-03
9.40620e-03
8.34010e-03
6.55134e-03
5.21476e-03
4.27776e-03
3.85015e-03
4.04562e-03
3.81369e-03
3.14029e-03
2.43726e-03
2.12021e-03
1.44441e-03
1.90506e-03
2.00570e-03
2.21455e-03
1.75218e-03
1.68927e-03
2.55531e-03
2.89205e-03
3.46556e-03
4.04097e-03
3.91325e-03
3.87412e-03
3.98437e-03
4.04443e-03
4.09000e-03
4.06515e-03
3.92502e-03
3.60155e-03
3.21351e-03
2.53378e-03
6.34681e-04
-1.04351e-03
-3.07262e-03
-4.26619e-03
-4.82090e-03
-4.94087e-03
-5.32979e-03
-6.86061e-03
-7.55267e-03
-7.60319e-03
-7.93161e-03
-8.15449e-03
-7.94123e-03
-8.02170e-03
-7.45933e-03
-7.12573e-03
-6.09221e-03
-4.38582e-03
-3.30590e-03
-3.34819e-03
-4.29226e-03
-4.84226e-03
-4.50386e-03
-4.23953e-03
-4.25541e-03
-4.60826e-03
-5.13890e-03
-5.40928e-03
-5.33907e-03
-5.84506e-03
-5.83332e-03
-6.02031e-03
-6.76180e-03
-7.64931e-03
-8.31442e-03
-9.13070e-03
-9.67243e-03
-1.01105e-02
-9.97596e-03
-1.00670e-02
-1.06973e-02
-1.15400e-02
-1.18604e-02
-1.12688e-02
-1.05140e-02
-9.98688e-03
-9.49394e-03
-8.54464e-03
-8.04745e-03
-7.82255e-03
-6.91512e-03
-6.19061e-03
-5.85621e-03
-5.83822e-03
-5.46994e-03
-4.68262e-03
-4.12330e-03
-3.83239e-03
-3.25085e-03
-2.84007e-03
-2.79739e-03
-2.35165e-03
-1.57348e-03
-1.19579e-03
-1.42800e-03
-1.53675e-03
-1.40516e-03
-9.31663e-04
-5.85992e-05
7.93139e-04
1.29875e-03
1.55558e-03
1.55883e-03
2.03544e-03
2.86972e-03
3.32727e-03
3.57390e-03
3.74237e-03
3.26304e-03
2.97722e-03
3.02809e-03
2.70516e-03
2.00495e-03
1.41279e-03
4.55328e-04
-9.67530e-04
-1.36942e-03
-1.08169e-03
-1.08466e-03
-1.30068e-03
-1.48156e-03
-1.34626e-03
-6.67769e-04
3.97218e-04
9.09514e-04
6.62134e-04
9.44568e-04
1.33491e-03
1.49670e-03
1.94340e-03
2.36411e-03
2.14949e-03
1.99093e-03
3.00581e-03
4.01034e-03
4.05099e-03
4.04773e-03
4.70920e-03
5.50799e-03
5.32747e-03
4.65122e-03
4.00352e-03
3.84549e-03
3.23044e-03
1.86787e-03
9.05483e-04
4.31673e-04
-2.31690e-04
-9.02573e-04
-2.07138e-03
-3.60895e-03
-5.36481e-03
-5.68745e-03
-5.17546e-03
-5.75920e-03
-6.32306e-03
-6.92267e-03
-5.76933e-03
-4.81433e-03
-5.07968e-03
-5.30436e-03
-4.96236e-03
-3.86289e-03
-2.64999e-03
-2.65476e-03
-2.26376e-03
-2.23207e-03
-2.15459e-03
-1.96665e-03
-1.95824e-03
-2.26989e-03
-3.02029e-03
-3.65638e-03
-3.17289e-03
-2.65773e-03
-2.65707e-03
-3.37753e-03
-2.96463e-03
-2.48299e-03
-2.74641e-03
-1.95193e-03
-1.76074e-03
-1.28591e-03
-4.12726e-04
6.99387e-05
1.24546e-03
2.54303e-03
4.18369e-03
4.60253e-03
5.19358e-03
5.45611e-03
6.01704e-03
6.80539e-03
6.67387e-03
6.96341e-03
8.00363e-03
9.17986e-03
8.96561e-03
7.83353e-03
7.45572e-03
7.45554e-03
7.60378e-03
7.09916e-03
7.07727e-03
6.73398e-03
5.60456e-03
4.34144e-03
3.91174e-03
4.13688e-03
3.96236e-03
3.52484e-03
3.26176e-03
3.20790e-03
2.37833e-03
1.99026e-03
1.80885e-03
2.37972e-03
3.81080e-03
4.25671e-03
3.90835e-03
3.71214e-03
3.55852e-03
3.34082e-03
3.26001e-03
3.21699e-03
2.21779e-03
1.50417e-03
1.06653e-03
1.23283e-03
1.27358e-03
1.16873e-03
1.15772e-03
1.13359e-03
1.11494e-03
1.15421e-03
1.26473e-03
1.30706e-03
1.06939e-03
3.19170e-04
-7.17604e-04
-1.11719e-03
-1.19585e-03
-2.07920e-03
-3.02230e-03
-3.74557e-03
-3.86225e-03
-3.41020e-03
-2.91190e-03
-3.17901e-03
-3.78757e-03
-4.50602e-03
-4.86150e-03
-4.67541e-03
-4.56699e-03
-4.56843e-03
-4.63106e-03
-4.67611e-03
-4.71479e-03
-4.76752e-03
-4.78862e-03
-4.63090e-03
-4.14438e-03
-3.45233e-03
-3.17378e-03
-3.15876e-03
-2.72261e-03
-2.07514e-03
-1.93237e-03
-1.87375e-03
-1.12532e-03
2.09412e-04
1.16404e-03
1.18301e-03
9.65406e-04
1.05482e-03
1.39934e-03
1.83521e-03
2.05906e-03
1.63589e-03
1.39913e-03
1.38685e-03
7.55948e-04
-5.25458e-04
-1.51190e-03
-1.57750e-03
-1.34242e-03
-1.33854e-03
-1.47183e-03
-1.57760e-03
-1.60392e-03
-1.54200e-03
-1.43000e-03
-1.36642e-03
-1.42212e-03
-1.64521e-03
-2.01495e-03
-2.17869e-03
-1.59702e-03
-1.16568e-03
-1.25971e-03
-1.54826e-03
-2.03297e-03
-2.46358e-03
-2.24634e-03
-2.03771e-03
-3.03209e-03
-4.12266e-03
-4.23897e-03
-4.19879e-03
-4.55986e-03
-5.00403e-03
-4.96950e-03
-4.95624e-03
-4.58048e-03
-3.96049e-03
-3.10275e-03
-1.81173e-03
-1.29712e-03
-8.46653e-04
4.89539e-04
1.70754e-03
2.49026e-03
3.45955e-03
3.68185e-03
3.07747e-03
3.34898e-03
3.76633e-03
3.39972e-03
3.70391e-03
3.95080e-03
3.02335e-03
2.19616e-03
1.55237e-03
1.58974e-03
1.80537e-03
2.03762e-03
2.31744e-03
2.31607e-03
1.65124e-03
1.70335e-03
2.20076e-03
2.36028e-03
1.88806e-03
2.24955e-03
2.99744e-03
2.99329e-03
3.09220e-03
3.76475e-03
4.64499e-03
4.64946e-03
4.03295e-03
2.96962e-03
2.11898e-03
2.88149e-03
3.43491e-03
3.90060e-03
4.49499e-03
4.33163e-03
4.16818e-03
4.46529e-03
5.23191e-03
5.83971e-03
5.35521e-03
4.48300e-03
4.07866e-03
3.18880e-03
1.76430e-03
1.22700e-03
2.27386e-04
-1.28672e-03
-1.36310e-03
-1.07853e-03
-1.06903e-03
-1.28416e-03
-1.54753e-03
-1.61290e-03
-1.12360e-03
1.57555e-04
1.63710e-03
1.63187e-03
1.31418e-03
1.32742e-03
1.45132e-03
1.55664e-03
1.58372e-03
1.57509e-03
1.58975e-03
1.65261e-03
1.68744e-03
1.50293e-03
9.13274e-04
1.02865e-04
-1.73406e-04
-4.41425e-04
-5.54740e-04
3.32517e-04
8.26773e-04
8.18330e-04
2.70544e-04
5.70443e-04
8.89301e-04
6.95449e-05
3.39236e-05
-2.06049e-04
-8.95673e-04
-1.30212e-03
-5.59442e-04
-3.57584e-05
-6.85842e-04
-8.45365e-04
2.57717e-04
6.24118e-04
6.31561e-04
3.02036e-04
1.28930e-03
2.35085e-03
3.67202e-03
4.25795e-03
3.86498e-03
3.78088e-03
3.83830e-03
3.91089e-03
3.97807e-03
4.00219e-03
3.95296e-03
3.86111e-03
3.54779e-03
3.10128e-03
3.04850e-03
3.98814e-03
3.93790e-03
3.55973e-03
3.12219e-03
2.73346e-03
2.72538e-03
1.42882e-03
7.87362e-04
7.17511e-04
-3.29507e-04
-2.01331e-03
-2.41662e-03
-1.08369e-03
3.66670e-04
6.18180e-04
1.65027e-04
5.89804e-04
2.11061e-03
3.73140e-03
3.47933e-03
3.38127e-03
3.49124e-03
3.01801e-03
1.60048e-03
-7.58321e-05
-3.54436e-05
6.15576e-05
3.78950e-04
-5.67427e-04
-1.22558e-03
-1.48518e-04
-1.19288e-03
-1.94447e-03
-2.52201e-03
-2.64329e-03
-3.15924e-03
-3.96412e-03
-4.01979e-03
-4.55460e-03
-5.53409e-03
-6.17736e-03
-7.16562e-03
-7.77689e-03
-8.35783e-03
-8.04655e-03
-7.61177e-03
-7.39613e-03
-7.42782e-03
-6.26161e-03
-5.87432e-03
-6.28622e-03
-5.68091e-03
-6.08208e-03
-6.50196e-03
-6.03042e-03
-6.05750e-03
-5.27274e-03
-5.30352e-03
-5.49009e-03
-5.43131e-03
-5.41991e-03
-5.43115e-03
-5.57813e-03
-5.61570e-03
-5.30006e-03
-4.42565e-03
-3.27246e-03
-2.96757e-03
-3.52857e-03
-2.92565e-03
-2.46059e-03
-1.85532e-03
-1.10279e-03
-1.13452e-03
-1.28035e-03
-1.06280e-03
-4.84680e-04
2.05695e-04
3.94654e-04
1.09249e-03
2.43134e-03
3.21637e-03
3.26666e-03
3.52835e-03
3.95080e-03
4.00127e-03
4.71512e-03
4.88114e-03
4.50260e-03
3.95332e-03
3.31167e-03
3.37624e-03
3.29827e-03
2.74131e-03
1.96248e-03
1.69507e-03
1.27468e-03
6.40434e-04
4.50098e-04
-2.20348e-04
-1.76472e-03
-3.17620e-03
-4.03296e-03
-4.52768e-03
-5.19107e-03
-5.29259e-03
-5.29844e-03
-5.43993e-03
-5.55230e-03
-5.41351e-03
-4.84807e-03
-3.97525e-03
-3.40807e-03
-2.48441e-03
-1.37262e-03
2.16276e-05
6.11615e-04
1.61958e-03
2.91879e-03
2.56993e-03
1.99466e-03
2.42253e-03
2.62451e-03
3.28953e-03
3.26737e-03
2.75539e-03
2.42078e-03
2.51331e-03
1.84599e-03
1.35875e-03
1.15160e-03
1.17636e-03
3.01901e-04
-3.05217e-04
-2.98764e-04
4.22677e-04
5.10328e-04
2.61712e-04
3.54217e-04
8.40083e-04
1.59909e-03
1.92459e-03
2.10775e-03
2.41291e-03
2.47778e-03
2.89204e-03
3.22473e-03
3.13119e-03
3.08956e-03
3.13066e-03
3.24247e-03
3.31751e-03
3.19342e-03
2.63012e-03
1.71838e-03
1.06024e-03
5.91657e-04
2.99343e-04
-2.88068e-04
-1.58872e-03
-2.62453e-03
-2.76080e-03
-2.59791e-03
-2.55249e-03
-2.43335e-03
-2.19475e-03
-2.14034e-03
-2.72699e-03
-2.76097e-03
-1.75726e-03
-6.06916e-04
-4.08921e-04
-7.93310e-05
4.66677e-04
7.01014e-04
7.08104e-04
1.32685e-03
2.16418e-03
2.41154e-03
1.96742e-03
1.44260e-03
1.40131e-03
1.04507e-03
4.81068e-04
5.67788e-04
1.34189e-03
1.44140e-03
7.89843e-04
6.49955e-04
9.06117e-04
1.20794e-03
1.76913e-03
1.99117e-03
2.26963e-03
2.35721e-03
2.52442e-03
3.05462e-03
3.19699e-03
3.45625e-03
3.68381e-03
3.44043e-03
3.37825e-03
4.26568e-03
4.85096e-03
4.72706e-03
4.51023e-03
4.06274e-03
3.37833e-03
3.03030e-03
3.19395e-03
3.29845e-03
3.43564e-03
3.68193e-03
3.85884e-03
3.47898e-03
2.97546e-03
3.10931e-03
3.18956e-03
3.11717e-03
3.11206e-03
3.18368e-03
3.31257e-03
3.27583e-03
2.74615e-03
1.57675e-03
4.51491e-04
5.85069e-04
1.56408e-03
1.74831e-03
5.84154e-04
-4.14819e-04
-4.51043e-04
-1.08309e-04
2.09319e-04
-1.02381e-03
-2.51355e-03
-2.89015e-03
-2.56180e-03
-2.42856e-03
-2.52373e-03
-2.70379e-03
-2.89621e-03
-2.91014e-03
-2.45985e-03
-1.35722e-03
-9.06150e-05
2.80262e-04
-2.94293e-05
-5.69363e-05
1.50578e-04
2.45787e-04
-1.69596e-04
-1.17573e-03
-2.32869e-03
-2.73714e-03
-2.89008e-03
-3.93793e-03
-5.34952e-03
-5.85525e-03
-5.59461e-03
-5.65693e-03
-6.07920e-03
-6.53094e-03
-6.42075e-03
-5.70487e-03
-5.79533e-03
-5.92681e-03
-5.72689e-03
-5.34225e-03
-5.13311e-03
-5.08899e-03
-4.10914e-03
-3.48726e-03
-3.07676e-03
-3.18604e-03
-2.94160e-03
-2.15705e-03
-1.43787e-03
-1.29940e-03
-1.13615e-03
-1.22352e-03
-1.57693e-03
-7.66558e-04
-1.13225e-04
-9.13386e-04
-1.84669e-03
-1.99320e-03
-2.46239e-03
-3.17548e-03
-3.11539e-03
-3.13188e-03
-3.21737e-03
-3.18490e-03
-2.94613e-03
-2.54919e-03
-2.52741e-03
-3.42060e-03
-3.41804e-03
-3.25217e-03
-3.23482e-03
-3.30193e-03
-3.32991e-03
-3.28429e-03
-3.26393e-03
-3.33037e-03
-3.61194e-03
-4.03742e-03
-4.12368e-03
-3.28428e-03
-3.36451e-03
-3.25664e-03
-2.32924e-03
-1.03383e-03
-5.12079e-04
-3.58975e-04
9.32944e-04
2.76263e-03
3.33796e-03
4.17788e-03
4.63516e-03
4.79100e-03
3.88093e-03
3.55660e-03
5.15771e-03
4.90759e-03
4.75713e-03
3.68540e-03
2.99791e-03
2.46831e-03
2.57196e-03
2.44347e-03
1.93735e-03
1.84019e-03
2.65690e-03
2.63009e-03
2.44873e-03
2.46533e-03
2.44573e-03
2.37546e-03
2.08895e-03
1.78331e-03
1.56411e-03
-6.25778e-05
-8.64656e-04
-2.16999e-04
9.27228e-04
2.35438e-03
2.78351e-03
2.36886e-03
2.27220e-03
2.46216e-03
2.37410e-03
1.72251e-03
7.13164e-04
2.37783e-04
-3.97655e-04
-5.35064e-04
-9.02882e-04
-1.15165e-03
-4.79751e-04
-5.91475e-04
-1.97858e-04
1.18338e-03
2.57965e-03
2.24937e-03
2.23992e-03
3.06832e-03
3.93659e-03
3.85657e-03
3.49802e-03
2.99978e-03
2.38231e-03
2.24400e-03
1.09281e-03
-8.33925e-04
-1.50586e-03
-2.26371e-04
-1.53232e-04
-5.25327e-04
-8.12355e-04
-9.77677e-04
-6.57676e-04
4.17280e-04
1.86099e-03
2.43173e-03
2.16818e-03
2.18927e-03
2.30838e-03
1.94325e-03
7.46202e-04
-7.31089e-04
-9.55041e-04
-2.07661e-03
-3.68062e-03
-3.62948e-03
-4.04633e-03
-4.97080e-03
-5.32311e-03
-5.90218e-03
-6.15208e-03
-4.89766e-03
-3.81658e-03
-4.38629e-03
-3.83468e-03
-3.49807e-03
-2.83409e-03
-1.73104e-03
-1.28988e-03
-7.24261e-04
-5.90800e-04
3.23790e-04
1.87793e-03
2.56283e-03
2.28049e-03
2.15964e-03
2.21778e-03
2.44239e-03
2.66587e-03
2.67616e-03
2.37159e-03
1.65968e-03
1.03830e-03
1.23818e-03
1.10220e-03
3.60805e-04
-4.14772e-04
-1.37249e-04
9.57324e-05
-2.68597e-04
-1.38305e-03
-2.88294e-03
-3.19740e-03
-2.85508e-03
-2.90147e-03
-3.31369e-03
-3.75524e-03
-3.65485e-03
-2.94856e-03
-2.96055e-03
-2.98697e-03
-2.68719e-03
-2.34441e-03
-2.48370e-03
-3.20978e-03
-3.15599e-03
-2.92788e-03
-2.68063e-03
-2.37077e-03
-2.40870e-03
-2.85371e-03
-2.49290e-03
-2.48375e-03
-3.21917e-03
-3.17143e-03
-3.06849e-03
-3.08338e-03
-3.04929e-03
-2.88034e-03
-2.55410e-03
-2.30862e-03
-2.02284e-03
-8.13481e-04
-2.13550e-04
-1.06993e-05
8.51174e-04
1.78829e-03
1.61884e-03
1.04603e-03
1.55802e-03
1.94304e-03
1.92869e-03
2.46663e-03
2.42109e-03
2.66126e-03
3.56994e-03
4.52167e-03
4.64879e-03
4.70111e-03
5.71167e-03
5.93900e-03
5.46063e-03
4.95295e-03
5.13502e-03
5.35370e-03
5.29567e-03
4.75638e-03
3.54927e-03
2.28662e-03
1.70345e-03
1.54527e-03
1.60057e-03
1.67759e-03
1.43928e-03
1.14228e-03
6.74644e-04
5.80203e-04
1.70604e-04
-4.96653e-04
-4.89461e-04
3.54572e-04
9.20923e-04
1.12953e-03
1.69801e-03
2.06864e-03
1.96511e-03
1.93972e-03
2.00915e-03
2.05516e-03
2.07642e-03
2.06881e-03
2.07891e-03
2.10811e-03
2.14458e-03
2.09794e-03
1.90082e-03
1.57321e-03
1.45472e-03
2.08353e-03
2.82294e-03
2.45016e-03
2.25079e-03
3.16973e-03
3.99790e-03
4.23270e-03
4.15643e-03
4.25378e-03
4.91631e-03
5.60081e-03
6.77659e-03
7.64695e-03
7.37369e-03
6.46837e-03
6.13209e-03
5.82645e-03
4.81472e-03
3.74835e-03
2.92025e-03
1.67768e-03
4.20274e-04
-1.19805e-05
1.05976e-04
-4.85575e-04
-1.32412e-03
-1.72946e-03
-1.55498e-03
-1.43748e-03
-1.08801e-03
-8.48632e-04
-9.88603e-04
-1.03443e-03
-9.82250e-04
-9.08904e-04
-9.24514e-04
-1.09564e-03
-1.42449e-03
-1.60960e-03
-1.23566e-03
-1.24065e-03
-1.73171e-03
-1.80280e-03
-2.20754e-03
-2.55315e-03
-2.52361e-03
-2.46943e-03
-2.24512e-03
-1.69884e-03
-1.15658e-03
-1.36043e-03
-1.89620e-03
-1.83832e-03
-1.83926e-03
-1.66689e-03
-1.48193e-03
-1.14604e-03
-1.63393e-03
-2.66044e-03
-2.76296e-03
-2.22780e-03
-1.36212e-03
-6.11608e-04
-1.14423e-03
-2.60442e-03
-4.06665e-03
-3.99517e-03
-3.61191e-03
-3.61132e-03
-3.74083e-03
-3.88502e-03
-3.98688e-03
-4.28870e-03
-4.66291e-03
-4.89257e-03
-6.15675e-03
-6.83127e-03
-6.01721e-03
-5.06793e-03
-5.15915e-03
-5.67943e-03
-6.13256e-03
-6.21644e-03
-5.43825e-03
-5.31789e-03
-5.45191e-03
-5.22512e-03
-4.60313e-03
-4.04561e-03
-4.48583e-03
-4.96523e-03
-4.55943e-03
-4.48326e-03
-4.08020e-03
-4.39669e-03
-4.79159e-03
-4.18217e-03
-3.94467e-03
-3.43415e-03
-2.09239e-03
-8.83443e-04
-1.72765e-03
-2.28686e-03
-1.62659e-03
-1.65174e-03
-1.10679e-03
-1.58542e-03
-1.81774e-03
-8.22028e-04
-7.81080e-04
-9.01449e-04
-1.02617e-03
-1.35161e-03
-1.74917e-03
-1.59537e-03
-2.16941e-04
2.15776e-04
2.01611e-04
1.29851e-03
1.13971e-03
1.83659e-03
1.96571e-03
1.85277e-03
1.91687e-03
1.91544e-03
1.93205e-03
1.91351e-03
2.00994e-03
2.22442e-03
2.55294e-03
2.55724e-03
1.95202e-03
2.66107e-03
3.60158e-03
3.48851e-03
3.37837e-03
3.25291e-03
2.91173e-03
2.35944e-03
2.17369e-03
2.69883e-03
2.56164e-03
1.60415e-03
1.61564e-03
2.19066e-03
3.32132e-03
4.56560e-03
4.86869e-03
4.53958e-03
4.49770e-03
4.68751e-03
4.90837e-03
4.91444e-03
4.46115e-03
3.45820e-03
2.50811e-03
2.50059e-03
2.62951e-03
1.94611e-03
1.93576e-03
1.98715e-03
1.86968e-03
1.71670e-03
1.69613e-03
2.14608e-03
3.25862e-03
4.52073e-03
4.86862e-03
4.58863e-03
4.56381e-03
4.68857e-03
4.73348e-03
4.55818e-03
4.21054e-03
3.98831e-03
3.88363e-03
3.04973e-03
2.38739e-03
1.84005e-03
1.55525e-03
8.97496e-04
3.38110e-04
2.53451e-04
2.32536e-04
4.93895e-04
2.65647e-04
-4.96524e-04
-7.24574e-04
-1.08950e-03
-1.01050e-03
-9.32218e-04
-9.78310e-04
-9.85294e-04
-9.64988e-04
-9.29078e-04
-9.31479e-04
-9.33738e-04
-9.63129e-04
-1.00029e-03
-9.85936e-04
-8.18615e-04
-4.81255e-04
-2.19189e-04
-5.62285e-04
-1.10813e-03
-1.06125e-03
-9.54513e-04
-8.21976e-04
-4.89964e-04
-1.02762e-04
-1.35263e-04
-4.41542e-04
-7.35736e-04
-1.15880e-03
-1.04396e-03
-9.40941e-04
-9.68288e-04
-9.91562e-04
-1.00457e-03
-9.98251e-04
-1.03513e-03
-1.05249e-03
-1.03624e-03
-1.00987e-03
-1.00268e-03
-1.02644e-03
-1.10145e-03
-1.15187e-03
-1.01259e-03
-4.58078e-04
4.29100e-04
1.12696e-03
1.66379e-03
1.81260e-03
1.70042e-03
1.72621e-03
1.81654e-03
1.91416e-03
1.96757e-03
1.93790e-03
1.73854e-03
1.37768e-03
1.10882e-03
1.38623e-03
1.38306e-03
1.03493e-03
1.01049e-05
-9.68517e-04
-9.91486e-04
-8.12317e-04
-1.02350e-03
-1.49993e-03
-1.77545e-03
-1.24207e-03
-8.68537e-04
-9.72342e-04
-1.05274e-03
-1.08854e-03
-1.14447e-03
-1.15929e-03
-9.71137e-04
-3.98827e-04
3.55684e-04
5.22058e-04
1.40506e-04
-3.78100e-04
-8.07650e-04
-5.23948e-04
-1.24284e-04
-6.38612e-04
-1.11804e-03
-1.15992e-03
-1.18477e-03
-9.42067e-04
-1.04705e-04
1.20676e-03
1.88499e-03
1.86404e-03
2.13184e-03
2.74340e-03
3.13720e-03
4.13755e-03
4.16970e-03
4.51093e-03
4.64797e-03
4.84679e-03
5.59525e-03
6.37736e-03
6.22223e-03
5.61664e-03
5.23732e-03
5.46054e-03
5.19525e-03
5.46332e-03
5.69847e-03
4.90654e-03
4.66053e-03
4.71380e-03
4.78678e-03
5.07043e-03
5.65945e-03
6.14001e-03
5.58838e-03
4.76582e-03
4.62293e-03
4.28807e-03
3.49898e-03
2.88065e-03
1.99813e-03
1.14547e-03
-2.06058e-05
-7.89864e-04
-9.16748e-04
-1.49930e-03
-2.52083e-03
-3.03257e-03
-3.26461e-03
-3.15286e-03
-3.79023e-03
-4.14027e-03
-4.41925e-03
-4.95208e-03
-5.36900e-03
-6.71691e-03
-7.24657e-03
-7.96527e-03
-9.14253e-03
-9.12979e-03
-7.75850e-03
-7.02109e-03
-7.33965e-03
-7.35697e-03
-6.60531e-03
-5.49148e-03
-5.09447e-03
-5.13662e-03
-4.06291e-03
-3.17955e-03
-2.98660e-03
-2.43693e-03
-1.60996e-03
-1.53716e-03
-1.78056e-03
-2.03835e-03
-2.39316e-03
-2.40633e-03
-1.54059e-03
-1.40685e-03
-1.91744e-03
-2.87309e-03
-4.00579e-03
-4.08399e-03
-3.83690e-03
-4.66241e-03
-4.76550e-03
-4.76695e-03
-4.87512e-03
-4.68414e-03
-4.07419e-03
-3.36314e-03
-3.38724e-03
-2.85940e-03
-2.03792e-03
-2.06742e-03
-1.98348e-03
-1.63520e-03
-1.55854e-03
-1.95474e-03
-7.25386e-04
4.78467e-04
-2.24267e-04
-8.28188e-05
-1.00679e-04
7.86202e-04
8.36582e-04
6.75090e-04
6.91585e-04
6.92222e-04
7.30545e-04
7.40200e-04
7.65667e-04
7.80395e-04
7.82009e-04
7.21089e-04
6.08868e-04
5.54908e-04
8.04472e-04
1.56816e-03
2.36236e-03
2.19167e-03
2.01408e-03
1.97936e-03
1.90013e-03
1.93052e-03
2.28068e-03
3.03803e-03
3.71946e-03
3.42345e-03
3.22963e-03
3.58597e-03
4.42634e-03
5.38984e-03
5.39704e-03
5.07072e-03
4.52368e-03
5.81901e-03
5.84728e-03
6.43561e-03
6.42186e-03
6.23233e-03
6.27926e-03
6.29945e-03
6.41271e-03
6.51971e-03
6.62421e-03
6.62798e-03
6.35117e-03
5.53176e-03
4.53949e-03
4.33832e-03
4.33637e-03
4.65345e-03
3.58872e-03
2.46528e-03
9.23971e-04
-3.72309e-04
-9.31228e-04
-1.26248e-03
-2.00265e-03
-2.59933e-03
-3.96775e-03
-5.50360e-03
-5.10436e-03
-4.85874e-03
-5.02892e-03
-5.50616e-03
-5.99511e-03
-5.99800e-03
-5.04444e-03
-5.05088e-03
-5.34464e-03
-5.45388e-03
-5.48414e-03
-5.22137e-03
-4.46928e-03
-3.42039e-03
-2.92065e-03
-2.33188e-03
-2.40133e-03
-2.46276e-03
-2.45656e-03
-2.44624e-03
-2.19246e-03
-1.50608e-03
-5.10591e-04
1.19943e-05
6.33791e-04
5.52592e-04
4.36349e-04
4.76392e-04
5.01405e-04
5.68217e-04
5.67699e-04
5.43742e-04
5.28959e-04
5.77895e-04
6.54352e-04
6.58291e-04
3.77257e-04
-2.99274e-04
-1.03030e-03
-9.32197e-04
-9.70620e-04
-1.41325e-03
-1.80162e-03
-1.67618e-03
-2.40740e-03
-2.28156e-03
-1.82279e-03
-1.54700e-03
-1.43826e-03
1.68627e-05
7.93749e-04
4.06004e-04
2.16778e-04
2.73417e-04
6.70276e-04
1.43495e-03
2.25793e-03
2.23218e-03
2.45430e-03
2.78417e-03
2.69486e-03
3.58123e-03
3.67745e-03
3.34559e-03
2.68424e-03
1.65255e-03
1.10273e-03
4.75005e-04
7.03481e-04
9.33654e-04
9.08326e-04
4.83888e-04
-6.36843e-04
-2.10539e-03
-2.52804e-03
-2.18026e-03
-2.06904e-03
-2.13984e-03
-2.25596e-03
-2.45440e-03
-2.78224e-03
-3.10958e-03
-2.92035e-03
-2.18407e-03
-2.29530e-03
-2.47791e-03
-2.37011e-03
-2.06469e-03
-1.69995e-03
-1.82844e-03
-2.46211e-03
-2.36151e-03
-2.29714e-03
-2.67767e-03
-3.29383e-03
-3.61183e-03
-3.09770e-03
-2.97536e-03
-3.36923e-03
-3.15714e-03
-3.59781e-03
-4.91137e-03
-5.08277e-03
-4.42326e-03
-4.50291e-03
-5.38939e-03
-5.42104e-03
-5.17988e-03
-4.84055e-03
-4.49104e-03
-4.69026e-03
-5.47606e-03
-5.43701e-03
-5.26881e-03
-5.17590e-03
-4.96951e-03
-4.69223e-03
-4.56991e-03
-4.50607e-03
-3.48781e-03
-2.75728e-03
-2.34485e-03
-2.59425e-03
-2.67567e-03
-2.18809e-03
-1.16526e-03
2.12934e-05
5.38383e-04
1.02489e-03
2.42701e-03
3.67907e-03
3.35434e-03
2.96269e-03
2.78554e-03
2.99670e-03
4.11429e-03
5.35632e-03
5.12474e-03
4.82671e-03
4.65645e-03
4.35212e-03
4.20283e-03
4.77277e-03
5.71036e-03
5.90285e-03
5.27942e-03
4.27314e-03
3.74597e-03
3.60017e-03
3.75384e-03
3.60406e-03
3.16205e-03
2.88922e-03
3.32858e-03
3.95396e-03
3.62168e-03
2.58050e-03
1.13728e-03
4.58690e-04
8.72901e-04
1.08612e-03
9.94821e-04
6.99969e-04
2.82746e-04
2.62378e-05
3.85788e-04
9.25110e-04
8.25387e-04
6.98269e-04
6.93086e-04
7.40519e-04
7.95347e-04
7.88053e-04
6.84658e-04
5.54693e-04
6.37513e-04
1.28139e-03
2.55529e-03
3.66852e-03
3.73604e-03
3.47943e-03
3.58929e-03
3.98597e-03
4.28212e-03
4.06631e-03
4.08069e-03
4.33800e-03
3.86377e-03
3.52220e-03
3.66893e-03
3.82013e-03
3.84739e-03
3.60569e-03
2.95767e-03
2.15562e-03
1.96995e-03
2.34357e-03
2.94434e-03
3.57770e-03
3.54143e-03
3.02386e-03
2.82980e-03
3.40949e-03
3.61446e-03
3.12217e-03
2.84622e-03
3.39891e-03
3.75972e-03
3.46270e-03
2.98382e-03
2.77400e-03
3.34831e-03
3.75067e-03
3.67190e-03
3.55504e-03
3.47932e-03
3.36628e-03
3.16157e-03
3.05714e-03
3.41029e-03
3.04732e-03
1.69030e-03
7.06627e-04
6.29551e-04
6.47296e-04
2.92487e-04
2.74536e-05
5.00646e-04
8.28253e-04
6.45086e-04
3.58246e-04
3.60721e-05
-3.56653e-05
5.68214e-04
7.81593e-04
1.25682e-04
-8.06953e-04
-1.35775e-03
-1.58901e-03
-1.56917e-03
-1.93037e-03
-2.05030e-03
-1.59964e-03
-1.49752e-03
-2.31156e-03
-2.50065e-03
-2.24770e-03
-2.04183e-03
-2.01881e-03
-2.54413e-03
-3.82479e-03
-5.28054e-03
-5.24234e-03
-4.94885e-03
-5.13397e-03
-5.73885e-03
-6.25790e-03
-5.96471e-03
-5.87118e-03
-5.29639e-03
-5.22193e-03
-5.36440e-03
-5.34544e-03
-5.35761e-03
-5.41089e-03
-5.37295e-03
-5.07781e-03
-4.41257e-03
-3.69116e-03
-3.92941e-03
-4.68440e-03
-5.37953e-03
-5.28998e-03
-5.04347e-03
-4.99652e-03
-4.97789e-03
-4.95473e-03
-5.08942e-03
-5.61067e-03
-6.52196e-03
-7.01827e-03
-5.84754e-03
-5.55389e-03
-6.78149e-03
-7.43046e-03
-7.13082e-03
-5.63277e-03
-4.70297e-03
-5.05834e-03
-5.59483e-03
-5.70475e-03
-5.23254e-03
-5.74617e-03
-6.55482e-03
-6.13009e-03
-5.32842e-03
-4.66430e-03
-4.68449e-03
-4.19483e-03
-3.07476e-03
-2.42658e-03
-1.75327e-03
-1.91468e-03
-2.08238e-03
-1.99293e-03
-1.68435e-03
-9.57732e-04
5.61884e-05
6.71333e-04
1.35191e-03
1.24352e-03
1.01578e-03
9.82548e-04
1.12464e-03
1.78633e-03
2.98645e-03
3.86831e-03
2.77079e-03
2.34184e-03
1.81032e-03
1.08840e-03
1.30192e-03
1.53566e-03
1.77133e-03
2.12038e-03
2.10048e-03
1.37336e-03
1.77781e-03
2.27538e-03
2.17889e-03
3.18259e-03
3.53223e-03
3.43885e-03
2.73067e-03
3.25426e-03
3.84003e-03
3.57128e-03
4.00510e-03
3.54803e-03
3.39925e-03
4.38687e-03
4.44925e-03
4.21622e-03
3.79875e-03
3.11705e-03
2.76808e-03
3.39686e-03
3.94591e-03
3.78801e-03
3.92844e-03
3.32806e-03
3.07357e-03
3.73255e-03
4.36359e-03
5.57031e-03
6.04478e-03
6.70796e-03
6.21019e-03
6.19372e-03
7.03030e-03
7.06008e-03
6.98573e-03
6.96546e-03
6.95860e-03
6.96029e-03
6.99526e-03
7.07002e-03
7.14157e-03
7.02455e-03
6.47753e-03
5.44841e-03
4.60810e-03
4.29014e-03
2.79158e-03
1.88069e-03
2.21669e-03
2.71672e-03
2.15315e-03
1.61294e-03
1.51984e-03
1.05397e-03
1.59402e-03
2.39462e-03
2.54978e-03
1.56630e-03
8.23149e-04
1.04839e-03
1.27696e-03
1.35792e-03
1.31323e-03
9.70740e-04
2.05867e-04
-7.18985e-04
-1.29548e-03
-1.76688e-03
-1.52256e-03
-1.01050e-03
-3.62717e-04
-2.99538e-05
-1.88798e-04
-2.19038e-04
-2.66747e-04
-6.23130e-04
-1.25594e-03
-1.61810e-03
-1.57464e-03
-1.77437e-03
-2.11621e-03
-2.19361e-03
-2.48031e-03
-3.39193e-03
-4.09685e-03
-4.39084e-03
-4.20952e-03
-4.15519e-03
-4.22781e-03
-4.25422e-03
-4.26504e-03
-4.21451e-03
-4.17088e-03
-4.16754e-03
-4.18040e-03
-4.20719e-03
-4.22590e-03
-4.14756e-03
-3.85510e-03
-3.35809e-03
-2.85786e-03
-2.02184e-03
-1.16216e-03
-1.15064e-03
-9.24531e-04
-6.04917e-04
-8.70275e-04
-1.32551e-03
-1.21787e-03
-1.09998e-03
-1.10877e-03
-1.13409e-03
-1.16943e-03
-1.17813e-03
-1.18158e-03
-1.17320e-03
-1.17130e-03
-1.16785e-03
-1.17463e-03
-1.18345e-03
-1.19595e-03
-1.18987e-03
-1.15759e-03
-1.10771e-03
-1.11994e-03
-1.31108e-03
-1.75787e-03
-2.22535e-03
-2.11748e-03
-2.02561e-03
-2.86526e-03
-3.28305e-03
-2.36630e-03
-1.78871e-03
-2.24846e-03
-2.14859e-03
-1.38374e-03
-1.23592e-03
-1.49354e-03
-1.35814e-03
-4.82431e-04
9.49958e-04
1.73677e-03
1.04887e-03
-4.10563e-04
-1.35117e-03
-1.34671e-03
-1.11257e-03
-9.38502e-04
-4.40767e-04
4.13467e-04
9.72715e-04
1.57306e-03
1.60768e-03
1.50825e-03
1.56510e-03
1.64105e-03
1.71897e-03
1.76359e-03
1.76920e-03
1.66272e-03
1.42547e-03
1.13661e-03
1.20576e-03
1.96168e-03
1.74087e-03
6.94628e-04
-2.11837e-04
2.83324e-04
1.69782e-03
1.45137e-03
9.71721e-04
1.61980e-03
1.82111e-03
1.72516e-03
1.71721e-03
1.74488e-03
1.81538e-03
1.84981e-03
1.77123e-03
1.45769e-03
8.50661e-04
3.71120e-04
9.77488e-04
1.81679e-03
1.79339e-03
1.57864e-03
1.57796e-03
1.68886e-03
1.75614e-03
1.54597e-03
9.46531e-04
2.48187e-04
2.69038e-04
3.96970e-04
2.64676e-04
-3.93516e-05
-4.35843e-04
-5.02238e-04
2.26835e-04
2.65338e-04
-2.78842e-04
-6.90255e-04
-6.08080e-04
-1.20493e-03
-1.36432e-03
-1.09599e-03
-6.97527e-04
-2.01744e-04
1.47564e-05
9.29852e-04
9.81806e-04
1.41126e-03
1.56382e-03
1.54499e-03
1.75714e-03
2.06791e-03
2.23771e-03
1.98474e-03
3.00504e-03
4.31519e-03
4.03999e-03
4.54598e-03
4.56174e-03
4.19655e-03
3.60392e-03
2.97787e-03
3.28732e-03
3.42437e-03
3.08360e-03
2.25883e-03
1.41608e-03
1.54195e-03
1.70393e-03
1.78555e-03
2.03282e-03
2.31831e-03
2.17570e-03
1.17062e-03
1.62128e-03
2.91222e-03
4.18901e-03
3.99612e-03
2.59599e-03
1.92252e-03
1.41905e-03
1.68563e-03
1.82383e-03
1.68855e-03
1.60556e-03
1.64413e-03
1.82502e-03
1.82828e-03
1.24531e-03
-2.29725e-04
-1.73646e-03
-1.33307e-03
-7.90954e-04
-4.50902e-04
-2.67297e-04
-6.67740e-04
6.70144e-05
1.73068e-04
4.00675e-04
9.36062e-04
9.78668e-04
-1.81135e-04
-8.85801e-04
-1.45880e-03
-1.27719e-03
-1.14618e-03
-1.23101e-03
-1.21422e-03
-1.13619e-03
-1.09967e-03
-1.33440e-03
-2.05762e-03
-3.10626e-03
-3.59578e-03
-4.15459e-03
-4.02516e-03
-3.94935e-03
-4.05182e-03
-4.12221e-03
-4.16825e-03
-4.17070e-03
-4.19045e-03
-4.22621e-03
-4.26348e-03
-4.21654e-03
-4.20241e-03
-4.26283e-03
-4.26943e-03
-4.28419e-03
-4.33707e-03
-4.35495e-03
-4.24949e-03
-3.94636e-03
-3.56327e-03
-3.62550e-03
-4.59412e-03
-4.29201e-03
-3.37836e-03
-2.54937e-03
-2.51445e-03
-2.29373e-03
-2.02219e-03
-2.39685e-03
-1.93636e-03
-1.96997e-03
-1.46385e-03
-1.92255e-03
-2.13686e-03
-1.14950e-03
-1.16273e-03
-1.31510e-03
-1.34667e-03
-1.37641e-03
-1.39884e-03
-1.38085e-03
-1.36749e-03
-1.37491e-03
-1.39175e-03
-1.39983e-03
-1.39547e-03
-1.37148e-03
-1.35422e-03
-1.37396e-03
-1.46551e-03
-1.57028e-03
-1.51001e-03
-1.02123e-03
-3.17281e-05
7.52517e-04
3.62809e-05
-5.01633e-05
7.10856e-04
1.49038e-03
1.51922e-03
1.41255e-03
1.63622e-03
2.04046e-03
2.19673e-03
1.54698e-03
1.57582e-03
1.81802e-03
1.43821e-03
1.33269e-04
-1.41297e-03
-1.39980e-03
-8.99413e-04
-5.42998e-04
-3.80410e-04
-6.79213e-04
-1.83615e-04
2.22406e-04
7.99618e-04
1.57747e-03
1.59855e-03
1.44875e-03
1.44461e-03
1.51120e-03
1.61644e-03
1.72261e-03
1.73353e-03
1.46378e-03
7.84674e-04
2.16189e-05
6.65119e-05
3.10781e-04
3.22415e-04
3.89671e-05
-6.28341e-04
-1.37436e-03
-1.41807e-03
-1.28588e-03
-1.22133e-03
-1.03028e-03
-7.17938e-04
-6.80070e-04
-1.45103e-03
-1.62852e-03
-1.48219e-03
-1.37072e-03
-1.11052e-03
-5.36610e-04
6.86270e-05
-1.78473e-04
-6.52801e-04
-6.61920e-04
1.06593e-04
5.93930e-05
-6.99103e-04
-1.39564e-03
-1.23377e-03
-7.99462e-04
-7.06803e-04
-1.05349e-03
-2.92197e-04
1.30321e-03
1.74285e-03
1.42516e-03
1.31248e-03
1.36776e-03
1.41650e-03
1.46693e-03
1.48093e-03
1.46775e-03
1.44270e-03
1.44333e-03
1.45708e-03
1.47720e-03
1.45518e-03
1.38350e-03
1.30829e-03
1.42064e-03
1.95506e-03
2.89512e-03
3.63041e-03
4.18216e-03
4.32346e-03
4.20242e-03
4.33623e-03
4.85799e-03
5.60918e-03
6.06925e-03
6.54137e-03
7.14141e-03
6.84085e-03
5.79670e-03
5.07241e-03
4.60782e-03
4.51768e-03
4.64237e-03
4.60892e-03
4.51471e-03
4.44665e-03
4.42988e-03
4.43903e-03
4.45352e-03
4.44345e-03
4.40504e-03
4.34951e-03
4.33688e-03
4.34180e-03
4.33200e-03
4.31485e-03
4.32554e-03
4.37693e-03
4.43239e-03
4.34821e-03
3.92670e-03
3.14837e-03
2.44885e-03
1.78505e-03
1.07951e-03
4.93690e-04
-1.70145e-04
-8.86553e-04
-1.87236e-03
-3.01008e-03
-4.01756e-03
-4.12139e-03
-3.81936e-03
-4.09597e-03
-5.20474e-03
-6.81742e-03
-7.50690e-03
-6.71915e-03
-5.74675e-03
-5.18694e-03
-5.08744e-03
-5.16321e-03
-4.98572e-03
-4.45870e-03
-4.43584e-03
-4.49183e-03
-4.46810e-03
-4.46033e-03
-4.43732e-03
-4.43926e-03
-4.43541e-03
-4.44511e-03
-4.43865e-03
-4.43522e-03
-4.42242e-03
-4.43606e-03
-4.47004e-03
-4.52123e-03
-4.49736e-03
-4.31400e-03
-3.93889e-03
-3.66373e-03
-4.03779e-03
-4.61506e-03
-4.40169e-03
-3.85095e-03
-3.18249e-03
-2.87099e-03
-2.96167e-03
-2.71693e-03
-2.21684e-03
-2.02423e-03
-1.92389e-03
-1.81338e-03
-2.32028e-03
-2.39335e-03
-2.06334e-03
-1.74717e-03
-1.25899e-03
-1.38272e-03
-1.58228e-03
-1.69484e-03
-1.61619e-03
-1.03575e-03
1.55535e-04
1.25029e-03
1.41446e-03
1.12613e-03
1.06862e-03
1.20779e-03
1.49385e-03
1.88032e-03
2.11237e-03
1.68220e-03
1.14159e-03
1.42923e-03
1.91790e-03
2.16466e-03
1.75672e-03
1.25546e-03
1.76685e-03
2.70111e-03
3.41671e-03
3.66946e-03
3.66278e-03
3.70613e-03
3.89144e-03
3.62140e-03
3.94974e-03
4.53490e-03
4.38877e-03
4.11814e-03
3.83883e-03
3.59975e-03
3.80636e-03
4.00173e-03
3.65544e-03
3.86621e-03
4.37567e-03
4.29306e-03
4.20988e-03
4.23027e-03
4.28103e-03
4.29405e-03
4.19826e-03
3.94059e-03
3.64430e-03
3.58470e-03
3.27795e-03
2.33488e-03
1.63456e-03
1.33989e-03
1.53172e-03
1.57766e-03
1.37395e-03
1.00195e-03
6.44393e-04
7.66249e-04
9.85482e-04
6.49225e-04
-1.40424e-04
-1.34586e-03
-1.59677e-03
-1.25293e-03
-1.25483e-03
-1.77710e-03
-2.72689e-03
-3.64309e-03
-4.20169e-03
-4.30819e-03
-3.82645e-03
-3.59993e-03
-4.14169e-03
-4.71436e-03
-4.21267e-03
-3.21380e-03
-2.37129e-03
-1.84752e-03
-1.59065e-03
-1.69556e-03
-1.70436e-03
-1.65402e-03
-1.68152e-03
-1.68730e-03
-1.46964e-03
-8.32302e-04
-5.22965e-05
-5.08454e-05
-7.97229e-04
-1.58581e-03
-1.70370e-03
-1.42768e-03
-1.31081e-03
-1.35353e-03
-1.43779e-03
-1.47676e-03
-1.47742e-03
-1.46091e-03
-1.44971e-03
-1.44535e-03
-1.44771e-03
-1.44945e-03
-1.45084e-03
-1.44978e-03
-1.44834e-03
-1.44516e-03
-1.44193e-03
-1.44016e-03
-1.44371e-03
-1.45221e-03
-1.45715e-03
-1.44253e-03
-1.40045e-03
-1.35952e-03
-1.40124e-03
-1.61781e-03
-1.99454e-03
-2.17607e-03
-1.61292e-03
-1.25711e-03
-1.40173e-03
-1.49020e-03
-1.46676e-03
-1.39507e-03
-1.35805e-03
-1.42602e-03
-1.59337e-03
-1.66117e-03
-1.24957e-03
-4.10694e-05
1.47041e-03
1.69869e-03
8.28922e-04
-2.18129e-04
-8.88956e-04
-1.29979e-03
-1.03283e-03
-3.37794e-04
2.42011e-04
1.09894e-04
-6.63347e-05
1.56797e-04
6.32512e-04
9.74758e-04
6.38090e-04
8.62835e-04
9.59201e-04
1.57124e-03
1.52681e-03
9.61999e-04
6.40415e-04
1.00014e-03
1.09052e-03
1.67650e-03
1.79231e-03
1.61062e-03
1.59606e-03
1.62960e-03
1.72814e-03
1.78479e-03
1.78395e-03
1.74671e-03
1.75806e-03
1.79381e-03
1.85497e-03
1.83117e-03
1.63817e-03
1.23226e-03
1.10335e-03
1.78823e-03
1.91182e-03
1.76512e-03
1.75097e-03
1.73987e-03
1.82101e-03
1.84112e-03
1.83244e-03
1.79461e-03
1.78030e-03
1.80382e-03
1.90316e-03
1.96860e-03
1.80036e-03
1.11636e-03
7.84032e-05
-5.22982e-04
-7.72282e-04
-1.45453e-04
4.58062e-04
-2.04490e-04
-1.12252e-03
-1.21052e-03
-1.09331e-03
-1.39546e-03
-1.93832e-03
-2.47839e-03
-3.99578e-03
-3.97721e-03
-4.00084e-03
-4.37848e-03
-4.23660e-03
-5.11813e-03
-5.14961e-03
-4.78492e-03
-4.11442e-03
-3.37551e-03
-3.53750e-03
-3.71179e-03
-3.70961e-03
-3.68881e-03
-3.35903e-03
-2.77865e-03
-2.14477e-03
-2.27207e-03
-2.31438e-03
-3.86182e-03
-3.42385e-03
-2.18085e-03
-1.16616e-03
-1.26385e-03
-2.02416e-03
-1.34286e-03
-5.09812e-04
-6.53870e-04
-5.57589e-04
1.78439e-04
1.05938e-03
1.33605e-03
1.54521e-03
1.41376e-03
2.17467e-03
2.27528e-03
2.14302e-03
2.16931e-03
2.19903e-03
2.26846e-03
2.25129e-03
2.10333e-03
1.73400e-03
1.42672e-03
1.62887e-03
9.75108e-04
1.00393e-03
1.11329e-03
1.02753e-03
1.00609e-03
1.06902e-03
1.42142e-03
2.04819e-03
2.51631e-03
2.29110e-03
2.25897e-03
2.62469e-03
3.27978e-03
3.74751e-03
3.64135e-03
3.86490e-03
4.54500e-03
5.06686e-03
4.91379e-03
4.79577e-03
4.86238e-03
4.95583e-03
4.97880e-03
4.69936e-03
4.02357e-03
3.20954e-03
2.74105e-03
2.36469e-03
2.48460e-03
2.53744e-03
2.43911e-03
2.27485e-03
2.03695e-03
1.83523e-03
1.96760e-03
2.32264e-03
1.56622e-03
6.16487e-04
1.80750e-04
-1.42852e-04
1.17542e-07
-3.10570e-06
-2.50233e-04
-6.00909e-04
-8.49660e-04
-1.12344e-03
-2.23938e-03
-2.69943e-03
-2.44751e-03
-2.35978e-03
-2.39578e-03
-2.46219e-03
-2.51881e-03
-2.57602e-03
-2.58231e-03
-2.43578e-03
-2.01663e-03
-1.45884e-03
-1.31141e-03
-1.72404e-03
-1.96058e-03
-1.58235e-03
-1.11242e-03
-1.33719e-03
-1.71421e-03
-1.89803e-03
-1.59249e-03
-1.16396e-03
-1.26145e-03
-1.34061e-03
-1.19574e-03
-7.95423e-04
-2.72394e-04
-2.92054e-04
-9.96462e-04
-1.39069e-03
-1.25274e-03
-1.04868e-03
-6.84511e-04
-1.47767e-04
1.13316e-04
-5.32472e-05
-1.34414e-04
-4.02660e-05
1.93235e-04
6.37034e-04
1.07582e-03
9.95044e-04
1.17660e-03
2.29451e-03
2.58478e-03
1.93265e-03
9.45705e-04
1.45367e-04
1.64861e-04
7.41974e-04
1.32294e-03
1.51716e-03
1.40875e-03
1.64845e-03
2.12139e-03
2.21105e-03
1.94292e-03
2.18456e-03
2.63937e-03
2.61185e-03
2.54204e-03
2.53857e-03
2.58917e-03
2.69711e-03
2.80683e-03
2.69299e-03
2.11797e-03
1.16567e-03
5.58091e-04
7.50602e-04
1.27398e-03
1.61579e-03
1.37450e-03
1.06668e-03
1.51010e-03
2.05433e-03
2.26676e-03
2.23606e-03
2.51278e-03
2.73213e-03
2.66061e-03
2.61965e-03
2.61640e-03
2.62667e-03
2.64245e-03
2.65922e-03
2.64012e-03
2.60594e-03
2.57930e-03
2.56218e-03
2.54187e-03
2.51645e-03
2.48004e-03
2.44666e-03
2.43350e-03
2.46381e-03
2.51211e-03
2.49031e-03
2.32194e-03
2.00019e-03
1.72075e-03
1.87570e-03
2.02072e-03
2.21102e-03
2.00889e-03
1.26414e-03
6.95446e-04
3.14842e-04
2.57300e-04
3.96596e-04
4.05447e-04
2.20750e-04
-1.56515e-04
-6.33319e-04
-8.81188e-04
-1.07879e-03
-1.35201e-03
-1.23951e-03
-1.13252e-03
-1.61635e-03
-1.74578e-03
-1.65699e-03
-1.63082e-03
-1.62591e-03
-1.64296e-03
-1.64506e-03
-1.64235e-03
-1.61889e-03
-1.59521e-03
-1.57825e-03
-1.60243e-03
-1.58824e-03
-1.55993e-03
-1.53645e-03
-1.54120e-03
-1.49978e-03
-1.40039e-03
-1.32575e-03
-1.49278e-03
-2.08805e-03
-2.93948e-03
-3.17640e-03
-2.52028e-03
-1.63539e-03
-1.37200e-03
-1.80384e-03
-2.11352e-03
-1.79982e-03
-1.65079e-03
-1.39898e-03
-1.78626e-03
-2.52076e-03
-2.70482e-03
-2.51998e-03
-2.78593e-03
-2.88177e-03
-2.84522e-03
-2.86323e-03
-2.85088e-03
-2.79475e-03
-2.75919e-03
-2.82328e-03
-3.11491e-03
-3.60924e-03
-3.93305e-03
-4.23014e-03
-4.19075e-03
-4.08058e-03
-4.04683e-03
-4.01980e-03
-4.01174e-03
-3.98301e-03
-3.93821e-03
-3.87967e-03
-3.82354e-03
-3.77349e-03
-3.75263e-03
-3.75513e-03
-3.74179e-03
-3.59501e-03
-3.19876e-03
-2.63916e-03
-2.32086e-03
-1.97124e-03
-2.01126e-03
-2.02810e-03
-1.96775e-03
-1.94712e-03
-1.92128e-03
-1.79751e-03
-1.43177e-03
-9.13849e-04
-6.20612e-04
-3.09793e-04
-3.78235e-04
-4.26235e-04
-3.62222e-04
-2.81012e-04
-1.63214e-04
-4.79790e-05
-3.19799e-05
-1.73784e-04
5.22023e-04
1.29970e-03
1.12436e-03
9.68340e-04
9.84843e-04
1.02713e-03
1.06627e-03
1.07069e-03
1.06203e-03
1.04524e-03
1.03118e-03
1.01077e-03
9.87968e-04
9.74469e-04
1.00562e-03
1.10085e-03
1.23407e-03
1.22458e-03
9.33737e-04
1.27099e-03
1.69208e-03
1.58423e-03
1.38143e-03
1.05277e-03
7.68147e-04
8.58890e-04
9.19125e-04
8.85972e-04
8.41355e-04
7.99909e-04
7.88881e-04
7.98746e-04
8.20120e-04
7.97569e-04
6.74521e-04
4.11258e-04
1.11939e-04
1.56008e-04
1.76247e-04
1.46655e-04
2.38964e-04
5.16454e-04
8.38317e-04
7.67901e-04
5.71909e-04
2.08068e-04
-2.49174e-04
-3.49625e-04
-3.60082e-04
-7.01375e-04
-1.23421e-03
-1.48931e-03
-1.26882e-03
-8.56659e-04
-3.74599e-04
-2.24286e-04
-3.52044e-04
-3.79972e-04
-3.30618e-04
-2.78817e-04
-2.45586e-04
-2.29013e-04
-2.18657e-04
-2.17858e-04
-2.36238e-04
-2.67891e-04
-2.58123e-04
-1.09235e-04
2.36978e-04
6.20535e-04
7.16503e-04
6.18134e-04
5.90584e-04
6.15147e-04
6.44112e-04
6.65222e-04
6.72223e-04
6.53312e-04
6.04704e-04
5.69753e-04
5.96579e-04
7.95714e-04
1.17528e-03
1.45047e-03
1.32206e-03
1.22939e-03
1.23415e-03
1.26315e-03
1.29685e-03
1.27513e-03
1.13269e-03
8.25859e-04
4.94679e-04
4.00024e-04
4.65660e-04
4.70625e-04
4.33233e-04
3.92701e-04
3.65280e-04
3.54920e-04
3.64334e-04
3.85404e-04
3.90211e-04
3.23888e-04
1.48958e-04
-6.96117e-05
-6.70246e-05
2.79582e-04
3.93078e-04
2.99087e-04
2.52933e-04
2.50865e-04
2.70434e-04
2.86090e-04
2.88724e-04
2.75042e-04
2.63835e-04
2.54373e-04
2.48331e-04
2.40760e-04
2.33509e-04
2.24058e-04
2.16604e-04
2.10405e-04
2.07675e-04
2.00308e-04
1.78323e-04
1.26659e-04
5.87628e-05
1.88738e-05
-6.83038e-05
-2.20415e-04
-2.29825e-04
-2.13728e-04
-2.06885e-04
-1.21493e-04
-1.52624e-04
-2.85906e-04
-2.66739e-04
-5.77498e-05
1.22641e-04
1.54113e-04
1.17921e-04
8.86813e-05
2.08885e-05
-1.26634e-04
-2.66428e-04
-2.89977e-04
-2.50634e-04
-2.37662e-04
-2.40884e-04
-2.45605e-04
-2.48957e-04
-2.64899e-04
-2.99162e-04
-3.23061e-04
-2.72495e-04
-2.03053e-04
-2.11601e-04
-2.23313e-04
-2.19430e-04
-2.11136e-04
-1.99885e-04
-1.92742e-04
-1.91816e-04
-1.99554e-04
-2.04303e-04
-1.82445e-04
-1.04232e-04
1.88097e-05
1.02802e-04
1.00730e-04
8.09228e-05
8.31467e-05
9.06892e-05
9.26846e-05
9.07824e-05
8.50302e-05
7.78666e-05
6.97661e-05
6.40604e-05
6.31356e-05
6.90250e-05
7.27667e-05
5.51738e-05
-9.32405e-08
-7.87305e-05
-1.16711e-04
-1.00656e-04
-1.20775e-04
-1.44316e-04
-1.41939e-04
-1.39645e-04
-1.38839e-04
-1.36459e-04
-1.33619e-04
-1.32556e-04
-1.37683e-04
-1.50642e-04
-1.62760e-04
-1.58678e-04
-1.88543e-04
-2.31824e-04
-2.52037e-04
-2.24846e-04
-1.72461e-04
-1.52364e-04
-1.45247e-04
-1.27740e-04
-1.18503e-04
-9.27160e-05
-8.26137e-05
-1.12332e-04
-1.55455e-04
-1.73049e-04
-1.60627e-04
-1.70609e-04
-1.82253e-04
-1.71222e-04
-1.43113e-04
-1.03915e-04
-8.12713e-05
-7.58956e-05
-8.57598e-05
-8.06514e-05
-6.89287e-05
-8.94317e-05
-1.07481e-04
-1.00269e-04
-1.07175e-04
-1.12774e-04
-1.01690e-04
-8.32662e-05
-6.09715e-05
-4.83720e-05
-3.59158e-05
-1.72168e-05
-1.19003e-05
-1.45678e-05
-8.93570e-06
9.10665e-06
3.34253e-05
4.31739e-05
3.29905e-05
2.82711e-06
-1.28860e-05
-2.82394e-05
-5.12883e-05
-4.76656e-05
-4.02046e-05
-3.99329e-05
-4.01691e-05
-3.41451e-05
-1.62399e-05
9.32793e-06
2.31069e-05
2.12882e-05
1.88856e-05
1.99761e-05
2.45797e-05
3.47033e-05
4.89417e-05
5.82803e-05
6.39010e-05
5.69499e-05
4.08943e-05
2.59030e-05
2.79929e-05
3.29068e-05
3.32238e-05
3.22923e-05
3.16603e-05
3.27698e-05
3.48095e-05
3.61998e-05
3.36406e-05
2.53802e-05
1.54198e-05
1.59495e-05
2.07923e-05
2.32458e-05
2.41582e-05
2.48196e-05
2.60312e-05
2.89353e-05
3.45230e-05
4.21927e-05
4.75924e-05
4.99504e-05
5.47809e-05
6.27110e-05
6.64997e-05
6.94115e-05
6.98151e-05
6.58188e-05
6.23206e-05
6.02879e-05
5.97492e-05
5.89564e-05
5.55180e-05
5.11332e-05
4.98917e-05
4.94156e-05
4.69891e-05
4.53615e-05
4.61654e-05
4.76565e-05
4.86195e-05
4.93099e-05
4.99607e-05
5.08837e-05
5.24102e-05
5.47742e-05
5.71845e-05
5.79237e-05
5.85741e-05
5.93864e-05
5.99382e-05
6.07643e-05
6.15234e-05
6.18347e-05
6.24735e-05
6.28210e-05
6.24673e-05
6.21216e-05
6.23206e-05
6.28111e-05
6.31684e-05
6.34627e-05
6.37095e-05
6.39820e-05
6.42780e-05
6.46077e-05
6.49188e-05
6.52049e-05
6.54642e-05
6.57313e-05
6.60486e-05
6.65238e-05
6.71114e-05
6.75883e-05
6.78331e-05
6.79935e-05
6.80652e-05
6.82306e-05
6.84842e-05
6.87252e-05
6.89476e-05
6.91797e-05
6.94179e-05
6.96716e-05
6.99151e-05
7.01372e-05
7.03485e-05
7.06194e-05
7.09556e-05
7.12929e-05
7.15870e-05
7.19028e-05
7.22497e-05
7.26046e-05
7.29468e-05
7.32850e-05
7.36157e-05
7.39486e-05
7.42875e-05
7.46327e-05
7.49808e-05
7.53329e-05
7.56878e-05
7.60474e-05
7.64104e-05
7.67779e-05
7.71486e-05
7.75231e-05
7.79007e-05
7.82818e-05
7.86660e-05
7.90535e-05
7.94439e-05
7.98374e-05
8.02338e-05
8.06332e-05
8.10354e-05
8.14404e-05
8.18482e-05
8.22588e-05
