-1.11599e-02
-3.60405e-03
2.77033e-03
2.29282e-04
-8.13542e-04
-2.98004e-04
-1.67146e-03
1.82205e-03
3.26243e-03
2.45776e-03
2.10164e-03
1.59754e-03
2.32350e-03
-2.94351e-03
-3.30196e-03
-4.55289e-03
-3.31077e-04
3.22950e-03
6.27447e-03
6.31606e-03
9.17275e-04
1.72182e-03
-2.04203e-04
-1.59846e-03
-6.07937e-03
-1.93618e-03
1.98506e-03
5.10865e-03
7.84616e-03
3.32598e-03
-9.05197e-04
-8.86780e-04
-1.17121e-03
-7.28212e-03
-9.11799e-03
-7.83716e-03
-6.21877e-03
-4.14717e-03
-2.38544e-03
2.45372e-03
8.26167e-03
6.80733e-03
5.84316e-03
3.43160e-03
1.97495e-03
1.09399e-03
-1.83314e-03
-8.06664e-03
-1.22008e-02
-1.06401e-02
-6.41836e-03
7.62960e-04
6.07147e-03
1.20228e-02
1.11743e-02
7.56506e-03
7.00783e-03
2.88068e-03
-1.34352e-03
-7.23712e-03
-1.13620e-02
-1.34660e-02
-1.31771e-02
-9.57965e-03
3.32222e-04
8.70896e-03
6.81301e-03
7.42800e-03
1.07435e-02
8.97012e-03
5.76093e-03
1.52281e-03
1.52047e-03
1.25918e-03
-6.21812e-03
-2.01578e-02
-2.64307e-02
-1.80494e-02
-5.29610e-03
1.04401e-02
1.90318e-02
2.03821e-02
1.51360e-02
5.05520e-03
1.70726e-03
6.50590e-04
-5.30076e-03
-9.21755e-03
-1.14488e-02
-4.36463e-03
-7.06920e-04
-2.73467e-03
2.02585e-03
6.84889e-03
3.90791e-03
1.51948e-03
1.20730e-03
2.11360e-03
8.39615e-04
-8.71374e-04
-2.37196e-03
-3.71072e-03
1.05677e-03
3.35375e-04
-3.32868e-04
1.62079e-03
9.16281e-03
9.75473e-03
5.71090e-03
-2.43464e-03
-8.14557e-03
-8.03702e-03
-8.85557e-03
-5.58862e-03
-4.48920e-04
7.27579e-03
6.06891e-03
-1.08476e-03
2.05265e-03
7.93462e-03
1.13843e-02
7.64793e-03
1.13476e-03
-1.62133e-03
-2.81672e-03
-2.83759e-03
-4.25955e-03
-5.81107e-03
-7.89432e-03
-3.21465e-03
4.66158e-04
4.32273e-03
4.06838e-03
3.72155e-03
1.19671e-03
1.33540e-03
2.75963e-03
3.09947e-03
2.07057e-03
2.62774e-03
2.89133e-03
-5.08315e-03
-3.75838e-03
-2.76886e-03
-1.04868e-03
-4.81279e-03
-5.06948e-03
-5.76546e-03
-1.19917e-03
1.04307e-02
1.42248e-02
7.96141e-03
-2.74288e-04
-5.07658e-03
-8.19798e-03
-4.80622e-03
-3.02302e-04
4.56928e-03
1.49423e-03
-4.79240e-03
-1.14004e-02
-1.25888e-02
-1.38074e-02
-1.25520e-02
-1.96730e-03
6.86029e-03
8.24524e-03
4.59678e-03
-2.56845e-03
-3.90932e-05
3.52380e-03
4.74226e-03
7.84276e-03
6.94569e-03
1.38511e-03
-3.90967e-03
-1.79882e-03
6.00215e-03
1.37870e-02
1.30009e-02
4.02313e-03
-5.47965e-03
-7.29007e-03
-1.10357e-02
-1.03746e-02
-1.25340e-03
-3.15855e-03
-9.66482e-03
-1.53435e-02
-8.45127e-03
1.71018e-02
3.00638e-02
2.57519e-02
1.62328e-02
3.71984e-03
-9.54707e-03
-1.10592e-02
-6.68250e-03
-6.93685e-03
-6.66178e-03
-2.65960e-03
4.88704e-03
1.27274e-02
1.28453e-02
1.10118e-02
9.04194e-03
-5.50931e-04
-2.58799e-03
-6.80064e-03
-6.04928e-03
-5.64234e-03
-1.17671e-02
-1.26920e-02
-1.09395e-02
-6.51193e-03
-4.43801e-03
-1.28205e-03
3.23117e-03
1.97109e-03
-2.17916e-03
1.70507e-03
6.30151e-03
8.76391e-03
6.50042e-03
-2.50747e-03
-1.50807e-02
-1.60913e-02
-7.49500e-03
7.32545e-03
2.22246e-02
3.26500e-02
2.25510e-02
-3.12471e-03
-2.12678e-02
-3.26689e-02
-2.90669e-02
-1.46604e-02
7.82061e-04
4.86300e-03
-2.88016e-03
-1.73215e-02
-2.49909e-02
-1.65312e-02
1.81521e-03
1.62843e-02
2.59466e-02
2.70635e-02
2.05042e-02
1.08906e-02
-1.55085e-03
-6.68840e-03
-9.53705e-03
4.74174e-04
1.29803e-02
1.03863e-02
-5.89201e-04
-8.96137e-03
-1.22747e-02
-4.60552e-03
4.31221e-03
8.60577e-03
3.66946e-03
-8.79502e-03
-1.88343e-02
-2.08505e-02
-1.42449e-02
-7.09132e-03
4.24949e-03
1.45522e-02
1.74053e-02
1.18147e-02
3.96516e-03
-1.79429e-03
-6.35379e-03
-2.22444e-03
3.03095e-03
8.99219e-04
-4.64290e-03
-3.28581e-03
2.93368e-03
1.18282e-02
1.79090e-02
2.16893e-02
1.92617e-02
1.11648e-02
1.74297e-03
-7.26029e-03
-1.25898e-02
-8.89518e-03
2.20520e-03
1.44455e-03
-6.15300e-03
-9.46626e-03
-1.60743e-02
-1.69021e-02
-1.12306e-02
-1.00433e-03
1.12290e-02
1.45099e-02
1.43088e-02
1.38117e-02
8.68580e-03
2.74408e-04
-3.24004e-03
-4.73830e-03
-6.00073e-03
-1.07637e-02
-1.04886e-02
-8.21362e-03
1.28208e-03
8.74091e-03
6.33406e-03
5.80226e-03
2.01966e-03
-1.76526e-03
-2.21156e-03
4.40097e-03
1.27315e-02
1.17004e-02
1.55496e-03
-1.03709e-02
-1.81396e-02
-1.66137e-02
-8.29023e-03
-4.44757e-03
-1.29850e-03
1.35806e-03
5.39036e-03
1.09833e-02
7.28171e-03
-2.52852e-03
-4.90776e-03
1.70242e-03
1.12606e-02
1.62247e-02
1.02596e-02
1.98233e-03
-5.60604e-03
-1.04962e-02
-1.04593e-02
-5.53687e-03
-3.31032e-03
-3.06068e-03
2.26403e-03
8.08356e-03
1.24003e-02
8.07904e-03
-6.69921e-04
-8.10103e-03
-1.00063e-02
-5.55793e-03
-3.11812e-04
4.93433e-03
5.93316e-03
3.58409e-03
2.41184e-03
1.18644e-03
8.00273e-04
3.90080e-03
1.22847e-04
-3.50255e-03
-5.30603e-03
-5.71992e-03
-6.64248e-03
-9.20665e-03
-8.18475e-03
-8.24261e-03
-3.27629e-03
5.51659e-03
9.65990e-03
1.15767e-02
6.90167e-03
-2.16636e-03
-5.30628e-03
-1.90524e-03
-1.65785e-03
-4.63123e-03
-4.19429e-03
-3.73886e-03
7.21143e-04
-1.22713e-04
-6.03248e-03
-6.16200e-03
-8.66147e-03
-9.19333e-03
-8.81315e-04
7.11155e-03
1.17150e-02
1.38814e-02
1.53751e-02
1.08365e-02
5.24586e-03
-3.06147e-03
-1.40787e-02
-1.80394e-02
-1.58753e-02
-1.48997e-02
-1.27426e-02
-1.04884e-02
-2.04927e-03
3.17605e-03
7.84879e-03
1.63319e-02
1.91851e-02
1.36384e-02
7.98304e-03
6.47788e-03
7.06870e-04
-4.14394e-03
-4.90239e-03
-1.97764e-03
-2.29672e-03
-5.66082e-03
-8.06318e-03
-1.61482e-03
1.50887e-03
1.20599e-03
1.67878e-04
-1.11305e-03
1.14355e-03
4.47758e-03
6.49604e-03
5.91804e-03
9.37794e-04
-4.72223e-03
-7.96151e-03
-1.28979e-02
-1.45719e-02
-1.42021e-02
-7.89017e-03
1.79509e-03
1.21742e-02
1.57395e-02
1.33535e-02
8.55825e-03
-1.08783e-03
-3.24741e-03
-3.47636e-03
6.22877e-04
7.14299e-03
8.17188e-03
8.78225e-03
1.02366e-02
1.05788e-02
8.75459e-03
5.01128e-03
9.91749e-03
1.30227e-02
8.31077e-03
-8.22108e-05
-1.15294e-02
-1.85421e-02
-1.76844e-02
-5.02345e-03
1.30480e-03
2.59962e-03
-7.29376e-03
-1.36405e-02
-1.43226e-02
-1.78857e-02
-1.30581e-02
-6.23059e-03
3.98881e-03
6.27555e-03
8.94599e-03
1.32650e-02
1.23355e-02
1.38431e-02
1.23865e-02
1.13622e-02
1.00652e-02
5.16823e-03
-4.24657e-03
-1.47135e-02
-2.01239e-02
-1.94374e-02
-7.35691e-03
7.68790e-03
1.72346e-02
1.85573e-02
1.81435e-02
1.83238e-02
1.61043e-02
1.19009e-02
9.22125e-03
3.86414e-03
-3.53675e-03
-1.59944e-02
-3.17952e-02
-4.36193e-02
-5.84353e-02
-6.63337e-02
-6.42485e-02
-5.60662e-02
-4.68319e-02
-3.63538e-02
-2.01671e-02
7.99650e-03
4.60926e-02
8.53778e-02
1.15172e-01
1.21910e-01
1.05310e-01
7.03557e-02
3.92074e-02
1.49509e-02
5.18845e-04
-7.50662e-03
-2.22970e-02
-3.34994e-02
-4.69442e-02
-5.29495e-02
-4.77753e-02
-3.74213e-02
-1.61849e-02
6.53850e-03
1.92689e-02
1.55073e-02
-6.63095e-03
-2.82237e-02
-4.79667e-02
-5.85399e-02
-5.66904e-02
-5.40477e-02
-4.99578e-02
-4.04528e-02
-2.47447e-02
3.19696e-03
3.79684e-02
6.96072e-02
9.36692e-02
9.67469e-02
9.30755e-02
8.39474e-02
7.22970e-02
5.14790e-02
1.45320e-02
-2.83645e-02
-5.92958e-02
-6.05817e-02
-3.72045e-02
1.63636e-03
3.04914e-02
3.29935e-02
1.73292e-02
-1.00021e-02
-3.87113e-02
-5.96729e-02
-7.36728e-02
-7.00545e-02
-5.33291e-02
-3.27885e-02
-1.19382e-02
8.01527e-03
2.60311e-02
3.54924e-02
3.33677e-02
1.61266e-02
-7.85674e-03
-1.90799e-02
-2.57272e-02
-2.15979e-02
-1.22063e-02
1.12978e-03
1.80218e-02
3.32955e-02
5.42662e-02
7.25089e-02
8.84302e-02
9.55792e-02
7.94760e-02
4.62352e-02
1.11702e-02
-2.07369e-02
-5.11085e-02
-7.72151e-02
-9.22393e-02
-9.06530e-02
-7.20526e-02
-5.14703e-02
-1.92978e-02
1.38162e-02
3.94018e-02
4.96078e-02
3.97631e-02
1.45452e-02
-2.54469e-02
-5.61101e-02
-7.15320e-02
-7.44732e-02
-6.47256e-02
-5.08579e-02
-4.50940e-02
-4.61066e-02
-3.75036e-02
-9.20132e-03
3.77616e-02
7.24017e-02
9.40845e-02
1.10718e-01
1.23067e-01
1.29183e-01
1.24342e-01
1.02003e-01
6.81541e-02
3.41361e-02
5.97185e-04
-3.61956e-02
-7.03615e-02
-9.58755e-02
-1.06752e-01
-1.04056e-01
-9.91780e-02
-9.25424e-02
-7.79951e-02
-4.58086e-02
-4.41079e-03
3.19101e-02
6.45177e-02
7.10731e-02
4.19179e-02
1.11394e-02
-1.66035e-02
-2.84279e-02
-2.55079e-02
-1.60260e-02
-1.23614e-02
-4.97432e-03
3.54796e-03
7.15712e-03
2.65600e-02
5.26037e-02
6.78936e-02
7.64392e-02
7.99308e-02
6.97441e-02
5.07805e-02
2.93544e-02
1.08508e-02
-3.70245e-05
-2.09961e-02
-5.45654e-02
-7.78251e-02
-9.37950e-02
-1.03013e-01
-1.10424e-01
-1.06690e-01
-8.82213e-02
-5.53992e-02
-1.91038e-02
1.71219e-02
5.06869e-02
6.80462e-02
6.82846e-02
5.20008e-02
3.10187e-02
9.43294e-03
-1.67453e-03
6.60549e-04
9.18518e-03
2.16912e-02
4.23104e-02
6.61713e-02
7.53368e-02
7.52654e-02
6.47477e-02
4.56870e-02
3.25173e-02
1.65225e-02
-5.14415e-03
-3.52728e-02
-6.65491e-02
-9.15476e-02
-1.05156e-01
-1.08317e-01
-9.19643e-02
-6.86148e-02
-3.96234e-02
1.04843e-03
2.90829e-02
4.39291e-02
2.49147e-02
3.13011e-03
-9.87314e-03
-1.07659e-02
8.21634e-03
3.43614e-02
5.43707e-02
5.31294e-02
4.19296e-02
2.07395e-02
2.83685e-03
-2.96883e-03
-9.34792e-03
-1.74565e-02
-2.70934e-02
-3.12831e-02
-2.62012e-02
-1.50410e-02
3.78640e-03
2.10368e-02
4.36769e-02
6.70476e-02
9.14688e-02
9.84379e-02
8.59223e-02
4.38035e-02
-1.73955e-02
-6.51101e-02
-1.02257e-01
-1.15161e-01
-1.03529e-01
-7.19765e-02
-3.04027e-02
1.14460e-02
4.79496e-02
7.91491e-02
9.21921e-02
8.64839e-02
7.25817e-02
5.18356e-02
3.08439e-02
2.65514e-03
-2.42046e-02
-4.42389e-02
-5.49950e-02
-6.04701e-02
-6.32982e-02
-5.31137e-02
-3.62077e-02
-1.45157e-02
3.81239e-03
1.32991e-02
4.31453e-03
-6.59618e-03
-1.52388e-02
-2.05983e-02
-2.19231e-02
-2.86304e-02
-3.52292e-02
-4.33284e-02
-5.54091e-02
-7.00772e-02
-8.28981e-02
-8.12571e-02
-6.33802e-02
-7.41904e-03
5.87071e-02
1.18137e-01
1.69857e-01
1.94632e-01
2.03979e-01
1.95760e-01
1.64318e-01
9.23042e-02
1.14641e-02
-7.70819e-02
-1.39639e-01
-1.73897e-01
-1.86777e-01
-1.71389e-01
-1.42041e-01
-1.03731e-01
-7.65105e-02
-1.71135e-02
4.54616e-02
7.45943e-02
9.25005e-02
8.59738e-02
7.17747e-02
7.31182e-02
8.22787e-02
8.36385e-02
8.30420e-02
6.15216e-02
5.43711e-03
-5.40021e-02
-8.90515e-02
-7.94011e-02
-3.77421e-02
5.84331e-03
1.49163e-02
-2.01900e-02
-7.55073e-02
-1.14272e-01
-1.32591e-01
-1.39162e-01
-1.24559e-01
-7.15324e-02
2.53791e-02
1.21167e-01
1.88988e-01
2.23990e-01
2.26108e-01
1.92006e-01
7.15647e-02
-5.44928e-02
-1.15339e-01
-1.39424e-01
-1.21900e-01
-6.68655e-02
-1.47967e-02
3.98447e-03
2.36237e-02
1.93280e-02
-3.28646e-03
-1.11522e-02
-1.22574e-02
-1.85117e-02
-1.97047e-02
-1.35732e-02
-3.14099e-03
9.14322e-03
1.00249e-03
-1.26112e-02
-9.92933e-03
1.20076e-02
4.25181e-02
6.89592e-02
8.41431e-02
9.44576e-02
9.32233e-02
8.44355e-02
5.38978e-02
-5.07634e-03
-6.22154e-02
-1.01221e-01
-1.25984e-01
-1.19548e-01
-8.56250e-02
-2.91571e-02
1.45258e-02
3.35384e-02
3.84287e-02
1.84988e-02
-3.56265e-04
-2.34261e-02
-5.21979e-02
-7.63709e-02
-8.79734e-02
-8.38073e-02
-5.02195e-02
-1.43013e-02
6.96786e-03
1.32430e-02
5.49765e-03
2.59357e-03
7.69867e-03
3.32473e-02
3.48451e-02
2.98278e-02
4.72010e-02
5.19156e-02
5.07088e-02
4.83252e-02
3.87811e-02
2.35076e-02
4.24554e-03
-1.74765e-02
-2.92038e-02
-2.84987e-02
-2.32249e-02
-1.28114e-02
-2.81618e-03
7.29228e-03
1.96528e-02
2.09384e-02
1.29803e-02
1.46749e-02
4.45124e-02
7.43293e-02
9.35133e-02
8.53314e-02
5.71979e-02
2.60775e-02
-1.25924e-02
-4.31304e-02
-6.60459e-02
-7.52830e-02
-7.06756e-02
-5.72379e-02
-4.31548e-02
-2.34605e-02
-1.18259e-02
-1.20755e-02
-1.34142e-02
-4.63534e-03
9.41530e-03
2.62590e-02
3.77017e-02
3.93367e-02
3.08677e-02
1.24083e-02
-3.11285e-03
-2.63237e-02
-4.95308e-02
-6.84647e-02
-7.58817e-02
-7.79837e-02
-6.92950e-02
-3.81954e-02
-2.38551e-03
2.35607e-02
4.23907e-02
6.01615e-02
6.86147e-02
7.54679e-02
7.92438e-02
7.54730e-02
6.97114e-02
4.98047e-02
1.85777e-02
-1.21963e-02
-3.33660e-02
-3.87672e-02
-3.29987e-02
-2.36603e-02
-1.14409e-02
4.51254e-03
1.82026e-02
2.56455e-02
1.72342e-02
-5.04950e-03
-2.08551e-02
-3.15231e-02
-3.83693e-02
-4.76731e-02
-5.58167e-02
-6.78259e-02
-6.67414e-02
-4.51861e-02
-1.31521e-02
2.20773e-02
3.60727e-02
3.71341e-02
3.36824e-02
3.00224e-02
3.38813e-02
3.27277e-02
3.57682e-02
3.05293e-02
2.20508e-02
1.54432e-02
-1.30418e-02
-3.51595e-02
-4.41675e-02
-3.77772e-02
-1.76182e-02
5.37545e-03
2.76919e-02
4.34491e-02
4.35559e-02
2.67287e-02
1.15359e-02
2.28770e-03
-1.17953e-02
-2.63892e-02
-3.99960e-02
-3.95963e-02
-2.71390e-02
-1.61288e-02
-8.83864e-03
-1.99485e-03
1.83266e-04
3.00866e-03
3.39722e-03
2.36589e-04
-3.18272e-04
2.50474e-03
1.05185e-02
1.63311e-02
2.62224e-02
2.76213e-02
3.13902e-02
2.61234e-02
1.97283e-02
1.34094e-02
6.97020e-03
-2.25027e-03
-1.56443e-02
-2.29320e-02
-2.96210e-02
-2.94130e-02
-2.70432e-02
-1.96468e-02
-2.05346e-02
-1.35013e-02
-7.98920e-03
-7.12217e-03
-4.47941e-03
1.97128e-03
9.03256e-03
1.40037e-02
1.51714e-02
9.38346e-04
-1.32486e-02
-2.70473e-02
-2.69018e-02
-2.08419e-02
-1.30063e-02
-5.83882e-03
2.82466e-03
1.15435e-02
2.20568e-02
3.03018e-02
3.82231e-02
4.30556e-02
3.69127e-02
3.13546e-02
2.08947e-02
8.28703e-03
-1.83536e-03
-9.32418e-03
-2.01217e-02
-2.59760e-02
-2.71091e-02
-2.95831e-02
-2.80132e-02
-2.47024e-02
-2.09522e-02
-1.55282e-02
-3.45672e-03
1.15972e-02
2.91326e-02
3.98772e-02
3.18587e-02
2.00811e-02
6.68243e-03
-5.22705e-03
-1.05981e-02
-1.28084e-02
-1.48546e-02
-1.65540e-02
-1.95851e-02
-1.27391e-02
-1.53696e-03
8.71953e-03
7.68380e-03
4.46076e-03
1.01069e-02
1.47335e-02
2.22432e-02
2.78848e-02
2.62641e-02
1.08797e-02
-1.11107e-02
-2.73484e-02
-4.23657e-02
-5.01598e-02
-4.76419e-02
-2.94482e-02
-1.41768e-02
-7.37229e-03
-3.15031e-03
-4.56068e-03
-2.85202e-03
4.97439e-03
2.23845e-02
3.55496e-02
3.54550e-02
2.76726e-02
1.82300e-02
1.06141e-02
1.74028e-03
-3.41569e-03
-1.79490e-03
-6.59018e-03
-3.40415e-03
2.25586e-03
6.90089e-03
1.45794e-02
1.77563e-02
1.52779e-02
1.20918e-02
8.11735e-03
7.74973e-03
7.25272e-03
4.73255e-03
-2.56859e-04
-9.11221e-03
-1.27492e-02
-1.29688e-02
-6.57824e-03
-1.45001e-03
7.09784e-03
8.77189e-03
7.39860e-03
2.26580e-03
-3.81964e-03
-2.67517e-03
5.09112e-03
1.60043e-02
2.14886e-02
2.12829e-02
1.73478e-02
9.05209e-03
3.17943e-03
-2.68405e-03
-5.98801e-03
-2.64010e-03
-5.02841e-03
-1.09104e-02
-1.29658e-02
-1.34861e-02
-2.16755e-02
-2.21749e-02
-2.37587e-02
-2.11599e-02
-1.54213e-02
-8.15207e-03
-5.47562e-04
6.50155e-04
8.41190e-03
3.26297e-03
-2.82243e-03
-7.48360e-03
-1.00709e-02
-3.62245e-03
5.24168e-06
2.75818e-04
-1.29407e-03
7.86837e-04
4.00739e-04
4.40762e-03
6.94634e-03
1.06850e-02
1.32030e-02
7.94770e-03
5.76978e-03
-4.41727e-03
-1.14761e-02
-1.52980e-02
-1.85488e-02
-2.06598e-02
-1.81443e-02
-1.05769e-02
-7.86016e-03
-3.54343e-03
-2.31340e-03
2.72466e-03
9.77425e-03
1.23454e-02
1.39639e-02
1.31409e-02
1.44195e-02
1.67824e-02
2.23870e-02
2.45142e-02
2.28011e-02
1.66672e-02
1.11159e-02
1.77507e-03
-3.40404e-03
-5.81555e-03
-1.26986e-02
-1.27356e-02
-1.35425e-02
-1.40650e-02
-1.98129e-02
-2.05089e-02
-1.99309e-02
-1.17762e-02
-6.57340e-04
6.59345e-03
1.19876e-02
1.13102e-02
1.26166e-02
8.68152e-03
4.89899e-03
-3.59331e-03
-1.31746e-02
-2.17039e-02
-2.59398e-02
-2.13642e-02
-5.26986e-03
9.64324e-03
1.86327e-02
2.47066e-02
2.36825e-02
2.39554e-02
1.38124e-02
5.94435e-03
-2.89233e-03
-1.72598e-02
-2.75117e-02
-3.20064e-02
-3.06631e-02
-3.04250e-02
-2.66541e-02
-1.82935e-02
-4.51588e-03
8.76257e-03
2.02283e-02
2.65866e-02
2.78098e-02
2.66099e-02
2.05177e-02
1.62473e-02
9.72723e-03
4.38631e-03
-2.46671e-03
-9.07472e-03
-6.35343e-03
-2.50609e-03
-4.48058e-03
-7.34757e-03
-8.21232e-03
-6.80892e-03
-3.84713e-03
-4.29796e-03
-4.05984e-03
-4.40202e-03
-1.37787e-03
2.09723e-03
1.11305e-02
2.37848e-02
2.69941e-02
2.94056e-02
2.69965e-02
2.25735e-02
1.44143e-02
1.35554e-03
-1.05725e-02
-2.22325e-02
-2.81053e-02
-2.52591e-02
-1.51253e-02
-3.82843e-03
4.74947e-03
7.55643e-03
5.45712e-03
1.00175e-03
-6.39923e-03
-1.36870e-02
-1.74927e-02
-1.72130e-02
-1.52987e-02
-9.66181e-03
-2.17299e-03
3.48704e-03
1.37111e-02
2.04509e-02
2.75421e-02
3.15861e-02
3.08880e-02
2.44882e-02
1.80352e-02
1.32492e-02
1.49879e-02
1.77254e-02
1.85393e-02
2.04977e-02
1.55268e-02
5.80450e-03
-7.53616e-03
-1.92401e-02
-2.36586e-02
-2.49071e-02
-2.74782e-02
-2.74413e-02
-2.84378e-02
-2.62853e-02
-2.85627e-02
-3.04866e-02
-2.86832e-02
-2.42787e-02
-1.50374e-02
-3.67338e-03
2.09300e-03
4.08378e-03
7.94498e-03
6.09539e-03
8.77272e-03
1.79842e-02
2.06871e-02
2.02849e-02
1.96076e-02
1.07801e-02
6.99282e-03
4.95589e-03
-2.25502e-04
-4.27865e-03
-1.19964e-02
-1.25467e-02
-1.29398e-02
-7.83939e-03
-3.46262e-03
-7.08913e-04
-8.49948e-04
7.02766e-05
5.09445e-03
7.11988e-03
1.06528e-02
1.10505e-02
9.09213e-03
7.97312e-03
6.25757e-03
4.98128e-03
1.77445e-03
-1.06942e-03
-3.32369e-03
-4.99536e-03
-4.63932e-03
-1.74001e-03
3.55467e-03
7.36961e-03
9.58233e-03
6.10035e-03
-3.48551e-03
-1.06600e-02
-1.46044e-02
-1.78160e-02
-1.78461e-02
-2.17627e-02
-2.08842e-02
-1.59410e-02
-1.04776e-02
-4.00367e-03
1.39738e-03
1.51999e-03
-9.05410e-04
-2.41750e-03
-3.49265e-03
-2.06146e-03
-3.16667e-03
-2.08000e-03
-8.93908e-04
-3.55174e-04
-5.07781e-04
-1.99678e-03
2.12332e-03
4.15105e-03
5.79491e-03
6.64576e-03
1.15682e-02
1.60005e-02
1.66549e-02
1.54318e-02
1.05580e-02
3.95693e-03
4.04705e-03
6.87937e-03
1.00007e-02
9.06671e-03
7.24017e-03
4.30146e-03
-4.87060e-03
-1.09376e-02
-1.93883e-02
-1.85214e-02
-1.45007e-02
-5.91831e-03
4.82595e-03
1.41715e-02
2.08234e-02
2.24258e-02
2.53922e-02
2.86315e-02
2.29855e-02
1.44354e-02
5.28422e-03
-6.16073e-03
-1.49629e-02
-1.76728e-02
-2.10184e-02
-2.06023e-02
-1.95457e-02
-1.90048e-02
-1.55714e-02
-1.09380e-02
-7.32510e-04
4.94836e-03
1.07795e-02
1.28674e-02
1.07449e-02
1.13392e-02
8.74274e-03
3.76475e-03
3.37865e-03
-1.44436e-03
-8.59335e-03
-1.29124e-02
-1.78095e-02
-1.74790e-02
-1.51230e-02
-7.47467e-03
-1.01470e-03
1.16562e-03
4.89963e-03
4.03494e-03
5.26956e-03
9.01983e-03
1.10221e-02
1.40533e-02
1.54475e-02
1.19332e-02
6.74946e-03
3.18186e-03
6.57018e-04
-2.40131e-04
3.39211e-03
5.28110e-03
4.61055e-03
7.72956e-03
8.64285e-03
1.05480e-02
5.14938e-03
2.97366e-03
-3.27589e-03
-8.85966e-03
-7.58802e-03
-8.05048e-03
-5.23897e-03
-5.82395e-03
-5.71296e-03
-1.02956e-02
-1.34701e-02
-1.56019e-02
-1.59742e-02
-1.42587e-02
-1.26357e-02
-9.39647e-03
-5.60239e-03
-1.76666e-03
7.50942e-03
1.22539e-02
1.32181e-02
1.26239e-02
1.12043e-02
9.79856e-03
4.40442e-03
8.20775e-03
1.13499e-02
1.03210e-02
8.43667e-03
3.91190e-03
2.45296e-03
-1.76661e-03
-8.30758e-03
-6.04879e-03
-3.16332e-03
3.65966e-03
7.15791e-03
7.57871e-03
9.75904e-03
1.01012e-02
1.18446e-02
8.87820e-03
1.56509e-03
-3.48921e-03
-8.36075e-03
-1.46544e-02
-1.61665e-02
-2.16809e-02
-2.63907e-02
-2.98197e-02
-2.82268e-02
-2.33020e-02
-1.60445e-02
-9.28386e-03
-7.43883e-03
-6.08161e-03
-7.27469e-03
-7.83890e-03
-3.19398e-03
-1.72805e-03
-3.71421e-03
-1.05763e-03
1.35150e-03
4.80116e-03
1.10368e-02
1.39086e-02
1.34924e-02
1.38299e-02
1.22439e-02
9.31674e-03
7.06243e-03
1.04820e-02
8.76416e-03
4.05905e-03
1.48338e-03
-1.42527e-03
-8.84273e-04
-3.09929e-03
-2.25083e-03
1.08316e-03
4.69230e-03
7.67262e-03
6.57209e-03
4.63913e-03
2.57674e-03
1.56171e-03
-3.15960e-03
-1.29614e-03
3.93151e-03
2.73616e-03
4.02860e-03
2.48413e-03
4.33270e-04
6.78299e-04
5.51514e-03
9.77867e-03
1.06226e-02
1.00123e-02
4.53960e-03
-5.49394e-04
-4.77129e-03
-5.20373e-03
-6.38752e-03
-8.52395e-03
-6.27665e-03
-3.72643e-03
-5.42580e-03
-8.49631e-03
-3.64792e-03
-1.89004e-04
1.32773e-03
1.50578e-03
-4.57195e-04
-3.25717e-03
-6.08493e-03
-5.86301e-03
-3.32671e-03
4.30423e-04
2.13208e-03
4.70544e-03
4.18523e-03
4.22453e-03
1.30437e-03
-1.77723e-04
-6.84096e-04
-2.52168e-05
5.13767e-03
7.18851e-03
1.04948e-02
9.30421e-03
6.45107e-03
8.05098e-03
5.65795e-03
7.88447e-03
9.65091e-03
5.77118e-03
3.85677e-03
8.41762e-04
2.35156e-03
2.31918e-03
4.27893e-04
5.64279e-04
-7.23562e-04
2.15496e-03
7.13754e-03
6.20350e-03
3.81976e-03
-7.79011e-04
-7.93030e-03
-1.38355e-02
-2.03463e-02
-2.28574e-02
-2.30655e-02
-2.12969e-02
-1.77432e-02
-1.40531e-02
-8.98505e-03
-7.34113e-03
-4.81865e-03
-3.54466e-03
-2.96668e-03
-1.25113e-03
-1.04307e-03
8.75374e-05
5.59954e-03
7.42152e-03
8.35561e-03
6.80886e-03
7.39381e-03
8.83892e-03
5.95807e-03
2.14541e-03
1.36187e-04
1.40786e-04
-3.93545e-03
-3.19794e-03
-3.75051e-03
-8.16203e-03
-6.11819e-03
-5.47078e-03
-4.87199e-03
-3.07087e-03
3.16284e-04
4.60525e-03
7.30108e-03
1.41796e-02
1.76478e-02
1.94420e-02
1.86882e-02
2.06998e-02
1.37035e-02
9.29198e-03
6.53833e-03
3.35225e-03
7.95108e-04
-3.08925e-03
-1.96788e-03
-4.06266e-03
-1.68120e-03
-8.48840e-04
-2.14361e-03
-3.74592e-03
-3.50781e-03
-1.74138e-03
-1.93790e-03
6.53946e-04
3.58111e-03
3.19733e-03
1.08414e-03
-3.22328e-03
-9.01507e-03
-1.16254e-02
-1.22474e-02
-1.34266e-02
-1.27399e-02
-1.25850e-02
-1.24255e-02
-8.69150e-03
-5.44995e-03
-5.55859e-03
-7.38746e-03
-1.01135e-02
-9.52626e-03
-5.20265e-03
-2.01199e-03
2.93824e-03
9.08847e-03
8.23770e-03
3.20897e-03
1.75538e-04
-2.95961e-03
-8.11789e-03
-9.48666e-03
-9.93986e-03
-4.85100e-03
2.03214e-03
5.60433e-03
6.77196e-03
1.07025e-02
1.22355e-02
1.11211e-02
1.06449e-02
8.26586e-03
3.70642e-03
-2.58791e-04
-3.52117e-03
-4.52235e-03
1.46135e-03
3.16310e-03
5.24865e-03
5.84754e-03
6.08339e-03
1.92864e-03
-4.48228e-04
-1.79843e-03
-5.66658e-03
-7.78209e-03
-1.12920e-02
-1.20688e-02
-1.45958e-02
-1.53241e-02
-1.72200e-02
-1.62675e-02
-1.25958e-02
-1.13149e-02
-6.71378e-03
-1.85375e-03
6.59569e-04
4.87219e-03
7.93348e-03
1.13785e-02
1.70940e-02
1.70941e-02
2.04398e-02
2.06295e-02
1.91844e-02
1.82643e-02
1.23269e-02
1.14391e-02
8.66233e-03
1.09675e-02
1.57097e-02
1.62762e-02
1.54161e-02
1.32220e-02
1.14834e-02
1.07389e-02
8.30667e-03
5.44898e-03
6.56346e-03
5.46765e-03
3.77291e-03
3.93026e-03
2.61035e-04
-2.37004e-03
-3.04745e-03
-4.82539e-03
-4.15488e-03
-5.00799e-03
-4.28196e-03
-4.65179e-03
-7.98345e-03
-1.41474e-02
-1.44873e-02
-1.56202e-02
-1.35394e-02
-8.81799e-03
-1.00225e-02
-9.24788e-03
-8.96575e-03
-9.25701e-03
-7.53908e-03
-2.54719e-03
-4.93780e-03
-5.28688e-03
-4.77812e-03
-4.84742e-03
-2.99536e-03
-8.19605e-04
5.74709e-04
-1.25756e-04
-1.34185e-03
-4.01689e-03
-4.65035e-03
-6.84218e-03
-3.40635e-03
-1.24442e-03
-1.29284e-03
-3.70884e-03
-6.41389e-03
-7.18373e-03
-7.45646e-03
-5.07495e-03
-2.92694e-03
6.19876e-04
1.14712e-03
3.91474e-03
5.52870e-03
7.83625e-03
1.10132e-02
1.04261e-02
8.04936e-03
5.94781e-03
2.01966e-03
4.35266e-03
3.30311e-03
3.88815e-03
6.69980e-03
3.51152e-03
7.61790e-03
8.69316e-03
8.88057e-03
7.62063e-03
5.95375e-03
4.80711e-03
2.08435e-04
-1.86768e-03
-5.29644e-03
-3.10911e-03
1.97311e-04
1.74656e-03
2.46810e-03
2.57003e-03
-1.06903e-03
-4.51390e-03
-4.25020e-03
-6.68935e-03
-6.28696e-03
-6.84871e-03
-6.55271e-03
-5.64166e-03
-4.23810e-03
-4.66340e-03
-5.13729e-03
-2.89443e-03
-1.80293e-03
9.81007e-04
1.37660e-03
-1.03933e-03
-2.25070e-03
-1.85748e-03
-7.29007e-04
-9.85446e-04
-2.50897e-03
-4.83477e-03
-8.09709e-03
-1.00114e-02
-1.07164e-02
-6.56375e-03
-4.79019e-03
-3.18317e-03
1.10825e-03
6.20530e-04
2.77558e-03
5.40506e-03
5.45809e-03
9.28993e-03
8.08553e-03
7.04198e-03
9.25915e-03
1.02773e-02
9.00240e-03
5.19579e-03
5.34449e-03
5.81528e-03
6.60262e-03
5.91469e-03
3.43381e-03
1.66911e-03
-6.01370e-04
-9.36373e-04
-4.53269e-04
-9.29336e-05
-2.19828e-03
-3.32267e-03
-4.10262e-03
-4.08215e-03
5.59426e-04
-3.29455e-04
3.13615e-04
1.29531e-04
-2.80766e-03
-3.00273e-03
-2.98815e-03
-4.80446e-03
-5.25428e-03
-4.10868e-03
-5.82187e-03
-2.35311e-03
8.40196e-04
2.02068e-03
1.12431e-03
3.64998e-05
1.95058e-04
-1.21618e-04
-2.29203e-03
-4.20968e-03
-3.17337e-03
-1.58333e-03
8.49025e-04
9.17474e-04
1.81733e-03
1.02048e-03
4.27513e-04
8.14036e-04
1.09169e-03
9.50341e-04
-1.22835e-03
-7.36138e-04
-1.90390e-03
-1.31671e-04
1.03790e-03
-3.18640e-04
4.52938e-04
-5.65728e-06
1.95026e-03
3.34801e-03
2.50754e-03
1.43717e-03
1.13556e-03
-3.11508e-04
-2.47518e-04
-1.31088e-03
-7.50726e-04
-2.17297e-03
-3.43687e-05
1.26015e-03
6.67421e-05
8.19999e-04
2.00057e-04
1.05860e-03
1.60969e-03
1.27320e-03
1.51684e-04
-9.95632e-05
-1.09374e-03
-4.11707e-04
-1.66989e-03
-2.12296e-03
-1.66473e-03
-9.76846e-04
-1.10962e-03
-9.66833e-04
4.61335e-04
1.17205e-03
1.71444e-03
2.21557e-03
2.53163e-03
2.19241e-03
2.45723e-03
1.92936e-03
2.10282e-03
1.93517e-03
1.58369e-03
1.44861e-03
6.71061e-04
8.74070e-04
3.82763e-04
9.11053e-05
3.61491e-04
1.80841e-04
2.81753e-04
-7.34800e-05
1.15172e-04
5.81619e-05
-1.03818e-05
-2.66323e-05
3.43582e-05
3.25512e-04
1.42337e-04
-1.43649e-04
-8.68285e-04
-1.55974e-03
-1.68893e-03
-1.91427e-03
-1.81708e-03
-1.24765e-03
-9.51437e-04
-7.95159e-04
-7.67033e-04
-4.47406e-04
-3.89064e-04
-4.28905e-04
-3.94198e-04
-3.02647e-04
-1.67996e-04
5.17928e-05
5.83261e-07
-9.20342e-05
-1.75393e-04
-3.16509e-04
-2.94606e-04
-4.13072e-04
-3.29679e-04
-2.27841e-04
-1.96671e-04
1.87705e-05
9.90057e-05
9.97748e-05
2.03162e-04
1.82397e-04
1.63342e-04
1.44166e-04
1.65448e-04
1.59175e-04
1.08783e-04
1.36000e-04
1.13480e-04
8.04468e-05
8.16999e-05
8.21289e-05
6.60740e-05
3.04705e-05
2.85739e-05
1.12236e-05
-7.70670e-06
-2.32274e-05
-2.08290e-05
-7.51174e-06
-9.92353e-06
-1.45393e-05
-2.29451e-05
-2.84008e-05
-2.58947e-05
-1.48959e-05
-5.91225e-06
3.45134e-06
8.87867e-06
1.03583e-05
1.12010e-05
1.02640e-05
1.28487e-05
1.34205e-05
1.53212e-05
1.71561e-05
1.85507e-05
2.06838e-05
2.17046e-05
2.37814e-05
2.51741e-05
2.58707e-05
2.64355e-05
2.60627e-05
2.57501e-05
2.52115e-05
2.45694e-05
2.40375e-05
2.35728e-05
2.32500e-05
2.30626e-05
2.30255e-05
2.31365e-05
2.33854e-05
2.37612e-05
