7.06653e-05
1.86390e-05
-5.72218e-06
3.45480e-05
1.21711e-04
7.70877e-05
-1.82803e-04
-3.53954e-04
-4.73362e-05
5.88615e-04
9.01753e-04
5.50593e-04
-4.58506e-05
-4.11722e-04
1.81079e-04
1.46861e-03
1.81831e-03
-3.77052e-05
-2.82297e-03
-3.61692e-03
-1.40301e-03
1.55102e-03
2.40123e-03
6.22341e-04
-2.08902e-03
-3.55454e-03
-2.54661e-03
2.01992e-04
2.36602e-03
2.43682e-03
1.11555e-03
-5.41932e-04
-2.42878e-03
-3.45863e-03
-1.32807e-03
3.15136e-03
5.27985e-03
3.63489e-03
3.67246e-03
9.11603e-03
1.42163e-02
1.12224e-02
2.22452e-03
-3.93233e-03
-4.47087e-03
-5.26713e-03
-1.11291e-02
-1.96851e-02
-2.54576e-02
-2.54443e-02
-1.99910e-02
-1.15130e-02
-3.33673e-03
1.73583e-03
3.12294e-03
3.49023e-03
7.92837e-03
1.91526e-02
3.15173e-02
3.34975e-02
2.02619e-02
1.10006e-03
-1.01018e-02
-9.40820e-03
-3.52204e-03
-1.19315e-04
-2.73294e-03
-1.11693e-02
-2.02361e-02
-2.08252e-02
-9.14509e-03
6.77069e-03
1.54790e-02
1.50232e-02
1.25658e-02
1.36143e-02
1.69439e-02
1.80648e-02
1.36040e-02
4.74576e-03
-1.47339e-03
8.34594e-04
6.43024e-03
3.63186e-03
-8.45443e-03
-1.77531e-02
-1.79324e-02
-1.61414e-02
-1.58812e-02
-8.14313e-03
8.95304e-03
1.74393e-02
3.02630e-03
-2.03325e-02
-2.67341e-02
-1.09768e-02
1.08220e-02
2.46840e-02
2.61622e-02
1.21717e-02
-1.51980e-02
-3.93929e-02
-4.08324e-02
-1.90998e-02
6.41373e-03
1.63822e-02
5.60865e-03
-1.64457e-02
-3.11032e-02
-2.36290e-02
-5.96175e-05
1.56137e-02
9.23905e-03
-5.24159e-03
-3.39757e-03
2.01033e-02
4.77565e-02
6.02138e-02
5.30797e-02
3.51107e-02
1.63988e-02
7.60345e-05
-1.56113e-02
-2.94592e-02
-3.65291e-02
-3.67044e-02
-3.70368e-02
-4.04023e-02
-3.85975e-02
-2.43360e-02
-4.54900e-03
7.48154e-03
9.64539e-03
1.19312e-02
2.19154e-02
3.66670e-02
4.71653e-02
4.52009e-02
2.94139e-02
9.98148e-03
2.28270e-03
9.37075e-03
1.59391e-02
6.73473e-03
-1.53534e-02
-3.71938e-02
-5.31481e-02
-6.30341e-02
-5.95767e-02
-3.41428e-02
6.24679e-03
4.19964e-02
6.18583e-02
6.89895e-02
6.61417e-02
4.92189e-02
1.94461e-02
-9.83384e-03
-2.48290e-02
-2.33106e-02
-1.25037e-02
-1.75959e-03
1.34705e-03
-4.96718e-03
-1.51113e-02
-2.34834e-02
-3.22042e-02
-4.53227e-02
-5.86211e-02
-6.40543e-02
-6.15978e-02
-5.63942e-02
-4.63990e-02
-2.45036e-02
6.87794e-03
3.54478e-02
5.50805e-02
7.16984e-02
8.98744e-02
1.02744e-01
9.98287e-02
7.86279e-02
4.49778e-02
7.80351e-03
-2.35975e-02
-4.19752e-02
-4.69081e-02
-4.59509e-02
-4.84767e-02
-5.80977e-02
-7.02789e-02
-7.54491e-02
-6.51028e-02
-3.74520e-02
1.03308e-03
4.05634e-02
7.42953e-02
9.88316e-02
1.09759e-01
1.00761e-01
7.04918e-02
3.00285e-02
-7.18797e-04
-8.49291e-03
-6.24590e-04
3.84977e-04
-1.98138e-02
-5.08347e-02
-6.89853e-02
-6.45270e-02
-5.03690e-02
-4.23602e-02
-4.05777e-02
-3.54312e-02
-2.35212e-02
-7.30154e-03
1.37971e-02
3.97367e-02
6.17965e-02
7.11592e-02
7.26113e-02
7.59141e-02
7.56163e-02
5.63775e-02
1.94085e-02
-1.29071e-02
-2.41404e-02
-2.16054e-02
-2.10878e-02
-2.61300e-02
-2.94117e-02
-2.50224e-02
-1.23720e-02
5.30619e-03
1.95571e-02
1.93297e-02
1.12920e-03
-2.51554e-02
-4.43520e-02
-4.99742e-02
-4.81995e-02
-4.76838e-02
-4.82764e-02
-4.35733e-02
-3.39530e-02
-2.93743e-02
-3.65473e-02
-5.02934e-02
-6.17207e-02
-6.84466e-02
-7.33381e-02
-8.02720e-02
-9.22726e-02
-1.02348e-01
-8.67516e-02
-2.58692e-02
6.18710e-02
1.27286e-01
1.43504e-01
1.34434e-01
1.36709e-01
1.50338e-01
1.46581e-01
1.15409e-01
8.31180e-02
7.89087e-02
9.43365e-02
8.58874e-02
2.36215e-02
-6.52827e-02
-1.14952e-01
-8.99548e-02
-2.36122e-02
2.38460e-02
3.15463e-02
2.62655e-02
3.58342e-02
5.63412e-02
6.45047e-02
4.55333e-02
5.33991e-03
-3.64101e-02
-6.40443e-02
-7.95855e-02
-9.67723e-02
-1.21309e-01
-1.43547e-01
-1.50792e-01
-1.38953e-01
-1.11706e-01
-7.62211e-02
-4.01029e-02
-6.46192e-03
2.61415e-02
5.35184e-02
6.16195e-02
4.04058e-02
-2.45097e-03
-4.73862e-02
-7.60287e-02
-7.47335e-02
-3.68124e-02
2.88556e-02
9.79834e-02
1.47076e-01
1.66687e-01
1.59233e-01
1.33564e-01
1.03830e-01
8.34337e-02
7.45213e-02
6.76983e-02
5.30873e-02
2.84221e-02
-1.54732e-03
-2.99457e-02
-5.48870e-02
-8.26501e-02
-1.17996e-01
-1.52947e-01
-1.75662e-01
-1.88373e-01
-1.99998e-01
-2.00080e-01
-1.61079e-01
-7.51609e-02
2.78985e-02
1.09096e-01
1.53832e-01
1.71465e-01
1.77286e-01
1.84065e-01
1.96617e-01
2.01957e-01
1.74651e-01
1.04135e-01
1.17338e-02
-6.79646e-02
-1.18224e-01
-1.46618e-01
-1.66657e-01
-1.82655e-01
-1.91416e-01
-1.90303e-01
-1.79508e-01
-1.58496e-01
-1.22608e-01
-6.52694e-02
1.33151e-02
9.87148e-02
1.67893e-01
2.06863e-01
2.21192e-01
2.25298e-01
2.24373e-01
2.12108e-01
1.82378e-01
1.34107e-01
6.75378e-02
-1.17608e-02
-8.47947e-02
-1.29512e-01
-1.43544e-01
-1.44148e-01
-1.41238e-01
-1.25403e-01
-8.97505e-02
-4.83268e-02
-2.13786e-02
-1.36907e-02
-1.80087e-02
-2.83205e-02
-3.78398e-02
-3.44592e-02
-1.25812e-02
1.56336e-02
3.25653e-02
3.58725e-02
3.90895e-02
5.43577e-02
7.96119e-02
9.97262e-02
9.78081e-02
7.00412e-02
3.15041e-02
2.50898e-03
-1.06181e-02
-1.51824e-02
-1.50360e-02
-4.91710e-03
1.64692e-02
3.84299e-02
4.84726e-02
4.40730e-02
3.14369e-02
1.81296e-02
9.08484e-03
4.28863e-03
-2.09700e-03
-1.61927e-02
-3.65141e-02
-5.48589e-02
-6.54309e-02
-6.96289e-02
-7.15526e-02
-7.26050e-02
-7.19847e-02
-6.98650e-02
-6.72613e-02
-6.26806e-02
-5.15435e-02
-3.24535e-02
-1.32422e-02
-4.63609e-03
-5.43114e-03
-6.62470e-04
2.12544e-02
5.67038e-02
9.65165e-02
1.35753e-01
1.64404e-01
1.61474e-01
1.16111e-01
4.88314e-02
-5.07562e-03
-3.13533e-02
-4.40939e-02
-6.23560e-02
-9.24236e-02
-1.27139e-01
-1.47740e-01
-1.31164e-01
-7.15657e-02
7.22197e-03
7.26770e-02
1.13166e-01
1.35218e-01
1.39506e-01
1.17732e-01
7.19584e-02
2.04518e-02
-1.94979e-02
-4.46249e-02
-5.96381e-02
-6.70903e-02
-6.70201e-02
-6.22597e-02
-6.03258e-02
-6.87673e-02
-8.76926e-02
-1.08499e-01
-1.22483e-01
-1.28494e-01
-1.28901e-01
-1.22389e-01
-1.06258e-01
-8.25686e-02
-5.57288e-02
-2.67462e-02
4.47033e-03
3.43892e-02
6.00169e-02
8.52880e-02
1.16723e-01
1.52279e-01
1.78942e-01
1.82230e-01
1.58239e-01
1.18333e-01
8.19685e-02
6.20882e-02
5.72037e-02
5.83425e-02
5.95146e-02
5.71947e-02
4.56248e-02
2.12837e-02
-1.00428e-02
-3.86018e-02
-6.25254e-02
-8.73897e-02
-1.14801e-01
-1.38512e-01
-1.51806e-01
-1.52403e-01
-1.38962e-01
-1.09416e-01
-6.59725e-02
-1.77282e-02
2.54302e-02
6.00274e-02
8.75394e-02
1.06531e-01
1.09842e-01
9.14067e-02
5.51742e-02
1.53320e-02
-1.22008e-02
-1.79644e-02
-1.35987e-03
3.06057e-02
6.58974e-02
9.15208e-02
9.76184e-02
7.89185e-02
3.65353e-02
-1.81731e-02
-6.45917e-02
-8.46725e-02
-7.58486e-02
-5.00086e-02
-2.12972e-02
1.10781e-03
1.15905e-02
8.13325e-03
-3.87787e-03
-1.43352e-02
-1.79585e-02
-1.72472e-02
-1.47569e-02
-8.64335e-03
6.88085e-04
5.23728e-03
-2.92839e-03
-2.13411e-02
-3.91502e-02
-4.78422e-02
-4.56766e-02
-3.33759e-02
-1.17347e-02
1.50403e-02
3.82695e-02
5.01956e-02
4.93213e-02
3.92853e-02
2.51335e-02
1.22497e-02
5.78998e-03
6.82868e-03
9.42809e-03
5.16486e-03
-8.22866e-03
-2.49813e-02
-3.82710e-02
-4.61652e-02
-4.92606e-02
-4.59410e-02
-3.33239e-02
-1.16189e-02
1.48669e-02
3.98466e-02
5.62278e-02
5.77955e-02
4.44079e-02
2.48872e-02
1.06399e-02
5.66303e-03
5.46896e-03
5.07709e-03
4.04829e-03
3.58043e-03
2.92594e-03
3.87150e-04
-4.35578e-03
-9.85951e-03
-1.32059e-02
-1.09995e-02
-2.58494e-03
7.73257e-03
1.40222e-02
1.44330e-02
1.16962e-02
8.58593e-03
5.58165e-03
3.02343e-03
2.65405e-03
5.70968e-03
1.08889e-02
1.51181e-02
1.57697e-02
1.20713e-02
5.29957e-03
-2.05059e-03
-7.72319e-03
-1.04639e-02
-9.82690e-03
-6.44041e-03
-3.21138e-03
-4.94695e-03
-1.48087e-02
-3.06934e-02
-4.60806e-02
-5.48094e-02
-5.48578e-02
-4.79824e-02
-3.72361e-02
-2.55237e-02
-1.53715e-02
-8.41209e-03
-4.83895e-03
-4.00829e-03
-5.36156e-03
-7.87669e-03
-9.21183e-03
-6.93080e-03
-1.04016e-03
5.89300e-03
1.11557e-02
1.32098e-02
1.11366e-02
5.40223e-03
-3.25320e-04
-1.05649e-03
4.27393e-03
1.19461e-02
1.90780e-02
2.72321e-02
3.81985e-02
4.89691e-02
5.40342e-02
5.09393e-02
4.09361e-02
2.60785e-02
8.79114e-03
-6.87732e-03
-1.72613e-02
-2.21984e-02
-2.40780e-02
-2.45479e-02
-2.41037e-02
-2.36664e-02
-2.38686e-02
-2.31612e-02
-1.88602e-02
-9.80389e-03
3.00830e-03
1.73222e-02
2.97944e-02
3.64819e-02
3.48114e-02
2.50368e-02
9.87362e-03
-6.30718e-03
-1.92460e-02
-2.81340e-02
-3.61508e-02
-4.43524e-02
-4.70108e-02
-3.83952e-02
-2.26688e-02
-9.29116e-03
1.45652e-03
1.87877e-02
4.40538e-02
6.34969e-02
6.51859e-02
5.51860e-02
4.80114e-02
4.67678e-02
4.24708e-02
2.96174e-02
1.21115e-02
-5.87392e-03
-2.55554e-02
-4.74773e-02
-6.62495e-02
-7.46487e-02
-6.96013e-02
-5.25392e-02
-2.72271e-02
5.43590e-04
2.34171e-02
3.57007e-02
3.70633e-02
3.29362e-02
3.06462e-02
3.36923e-02
3.92037e-02
4.16730e-02
3.89678e-02
3.30537e-02
2.52725e-02
1.39697e-02
-2.08009e-03
-2.07779e-02
-3.88346e-02
-5.42120e-02
-6.42851e-02
-6.45096e-02
-5.27732e-02
-3.38635e-02
-1.59469e-02
-3.15531e-03
4.95944e-03
7.20156e-03
-5.35886e-04
-1.81967e-02
-3.76187e-02
-4.95117e-02
-5.16575e-02
-4.63619e-02
-3.28523e-02
-8.50596e-03
2.24832e-02
4.78878e-02
5.79717e-02
5.41944e-02
4.54990e-02
3.88570e-02
3.55402e-02
3.38490e-02
3.20878e-02
2.91420e-02
2.43180e-02
1.70148e-02
6.96421e-03
-4.47127e-03
-1.38874e-02
-1.87441e-02
-2.04916e-02
-2.21333e-02
-2.23972e-02
-1.59042e-02
-8.61669e-04
1.59933e-02
2.51925e-02
2.36828e-02
1.58344e-02
6.94777e-03
-9.37146e-04
-7.22573e-03
-1.03938e-02
-9.31974e-03
-5.39074e-03
-2.28590e-03
-3.63723e-03
-1.08024e-02
-2.20658e-02
-3.38358e-02
-4.30506e-02
-4.82529e-02
-4.84836e-02
-4.28039e-02
-3.18125e-02
-1.84457e-02
-5.51325e-03
6.34269e-03
1.67014e-02
2.31939e-02
2.40890e-02
2.22075e-02
2.30709e-02
2.85906e-02
3.50696e-02
3.77186e-02
3.56865e-02
3.21209e-02
3.03589e-02
3.02295e-02
2.77156e-02
1.91247e-02
6.06400e-03
-5.63871e-03
-1.26896e-02
-1.78894e-02
-2.51495e-02
-3.36726e-02
-3.97215e-02
-4.18655e-02
-4.12079e-02
-3.79725e-02
-3.13278e-02
-2.18820e-02
-1.10105e-02
1.65319e-03
1.73638e-02
3.47925e-02
4.97019e-02
5.80073e-02
5.75609e-02
4.78581e-02
3.06461e-02
1.09304e-02
-4.88531e-03
-1.32883e-02
-1.50172e-02
-1.20670e-02
-4.93286e-03
5.86047e-03
1.64380e-02
2.00109e-02
1.20060e-02
-5.55463e-03
-2.52633e-02
-3.96150e-02
-4.45885e-02
-3.97849e-02
-2.80481e-02
-1.57570e-02
-1.09118e-02
-1.78740e-02
-3.32797e-02
-4.81741e-02
-5.47845e-02
-5.19150e-02
-4.44766e-02
-3.82066e-02
-3.44648e-02
-2.96600e-02
-1.94485e-02
-3.11928e-03
1.60995e-02
3.38548e-02
4.71232e-02
5.49313e-02
5.81873e-02
5.81153e-02
5.34074e-02
3.99454e-02
1.59639e-02
-1.24666e-02
-3.37167e-02
-3.95786e-02
-3.11221e-02
-1.55161e-02
1.35354e-03
1.83089e-02
3.59199e-02
5.18582e-02
6.06209e-02
5.87019e-02
4.92425e-02
3.95354e-02
3.36807e-02
2.96662e-02
2.40126e-02
1.65829e-02
9.54259e-03
4.08333e-03
5.29035e-04
1.70057e-05
3.40946e-03
8.74313e-03
1.13390e-02
6.70501e-03
-6.89281e-03
-2.70765e-02
-4.67696e-02
-5.61859e-02
-4.92009e-02
-2.96359e-02
-9.27794e-03
2.85479e-03
7.94004e-03
1.18611e-02
1.46476e-02
1.09786e-02
9.55360e-04
-6.16784e-03
-9.20377e-04
1.91271e-02
5.11291e-02
8.65784e-02
1.06521e-01
9.08001e-02
4.26090e-02
-5.11120e-03
-2.05726e-02
-5.78697e-03
1.12143e-02
9.17814e-03
-1.38506e-02
-5.17807e-02
-9.43881e-02
-1.21103e-01
-1.11984e-01
-7.19607e-02
-3.02142e-02
-8.02566e-03
1.67513e-03
1.56358e-02
3.26881e-02
3.64803e-02
1.95616e-02
-7.37713e-03
-3.02657e-02
-4.56945e-02
-5.71069e-02
-6.43199e-02
-6.33393e-02
-5.40615e-02
-4.22462e-02
-3.31757e-02
-2.75775e-02
-2.42266e-02
-2.22968e-02
-1.93156e-02
-1.11984e-02
2.26609e-03
1.51474e-02
2.21021e-02
2.51770e-02
3.00575e-02
3.65298e-02
3.68707e-02
2.44511e-02
1.71658e-03
-2.23875e-02
-4.26548e-02
-6.23664e-02
-8.44064e-02
-9.90910e-02
-8.80033e-02
-4.42413e-02
1.61057e-02
6.76539e-02
9.75879e-02
1.09837e-01
1.12947e-01
1.11907e-01
1.09732e-01
1.08497e-01
1.07303e-01
1.03780e-01
9.76120e-02
8.83743e-02
7.18638e-02
4.44796e-02
1.08018e-02
-1.86391e-02
-3.73687e-02
-4.62320e-02
-4.71177e-02
-3.95509e-02
-2.52720e-02
-1.13107e-02
-4.57265e-03
-5.25410e-03
-8.08600e-03
-8.84441e-03
-7.43456e-03
-5.65109e-03
-4.65802e-03
-5.24585e-03
-7.96604e-03
-1.16141e-02
-1.31120e-02
-1.07665e-02
-6.61736e-03
-3.74959e-03
-2.66738e-03
-2.79225e-03
-6.09414e-03
-1.54645e-02
-2.94012e-02
-4.20931e-02
-4.97592e-02
-5.41223e-02
-5.87511e-02
-6.46818e-02
-7.06190e-02
-7.47478e-02
-7.48443e-02
-6.85866e-02
-5.57024e-02
-3.94517e-02
-2.52231e-02
-1.75085e-02
-1.74923e-02
-2.25738e-02
-2.82297e-02
-3.08007e-02
-2.85308e-02
-2.08207e-02
-8.40034e-03
5.57859e-03
1.68149e-02
2.33386e-02
2.63317e-02
2.71409e-02
2.56263e-02
2.21618e-02
1.89495e-02
1.77841e-02
1.80957e-02
1.86530e-02
2.00500e-02
2.42551e-02
3.24005e-02
4.39530e-02
5.77908e-02
7.34779e-02
9.07635e-02
1.07038e-01
1.15673e-01
1.09560e-01
8.81718e-02
6.00034e-02
3.63140e-02
2.31417e-02
2.02689e-02
2.54884e-02
3.64569e-02
4.87089e-02
5.53389e-02
5.13005e-02
3.76142e-02
2.02933e-02
5.15916e-03
-5.81421e-03
-1.34817e-02
-1.85622e-02
-2.11654e-02
-2.28591e-02
-2.74817e-02
-3.84655e-02
-5.54473e-02
-7.38793e-02
-8.78191e-02
-9.34236e-02
-9.08361e-02
-8.35697e-02
-7.59538e-02
-7.06286e-02
-6.80292e-02
-6.73338e-02
-6.73056e-02
-6.65971e-02
-6.39389e-02
-5.79816e-02
-4.71542e-02
-3.07378e-02
-1.09733e-02
6.93176e-03
1.80884e-02
2.14254e-02
1.96240e-02
1.63231e-02
1.41728e-02
1.48441e-02
1.93047e-02
2.74876e-02
3.80256e-02
4.87643e-02
5.72671e-02
6.08996e-02
5.70185e-02
4.41601e-02
2.38712e-02
1.13685e-03
-1.78371e-02
-2.86175e-02
-2.95468e-02
-2.09469e-02
-5.03151e-03
1.37551e-02
3.03417e-02
4.18666e-02
4.81272e-02
4.94478e-02
4.60488e-02
3.99049e-02
3.49636e-02
3.37734e-02
3.48012e-02
3.41873e-02
2.93608e-02
2.03438e-02
9.06843e-03
-1.37178e-03
-7.95931e-03
-9.82083e-03
-8.67624e-03
-6.57029e-03
-3.94643e-03
-6.56199e-04
2.44495e-03
4.15895e-03
4.31938e-03
3.13315e-03
-3.31669e-04
-7.76638e-03
-1.98641e-02
-3.55604e-02
-5.24792e-02
-6.74462e-02
-7.71803e-02
-7.97660e-02
-7.55895e-02
-6.65243e-02
-5.45459e-02
-4.15205e-02
-2.96009e-02
-2.07231e-02
-1.53244e-02
-1.20062e-02
-8.73995e-03
-4.56625e-03
-4.69349e-04
1.25436e-03
-1.21470e-03
-7.58368e-03
-1.53241e-02
-2.11958e-02
-2.29089e-02
-1.97763e-02
-1.23186e-02
-1.69042e-03
1.05452e-02
2.27448e-02
3.38364e-02
4.34489e-02
5.09783e-02
5.46910e-02
5.27678e-02
4.52086e-02
3.40353e-02
2.16347e-02
9.86223e-03
8.63560e-04
-2.62092e-03
1.16063e-03
1.14358e-02
2.50368e-02
3.78630e-02
4.63683e-02
4.89741e-02
4.68200e-02
4.27517e-02
3.92776e-02
3.74675e-02
3.71524e-02
3.70715e-02
3.48580e-02
2.86254e-02
1.89813e-02
8.92510e-03
1.49178e-03
-1.94253e-03
-1.35336e-03
2.38820e-03
7.11358e-03
9.65494e-03
7.48115e-03
3.74017e-04
-9.77539e-03
-2.03345e-02
-2.92908e-02
-3.60472e-02
-4.12884e-02
-4.56941e-02
-4.89070e-02
-5.01066e-02
-4.96847e-02
-4.90830e-02
-4.91254e-02
-4.92962e-02
-4.90504e-02
-4.89376e-02
-4.95522e-02
-4.98358e-02
-4.73183e-02
-4.02211e-02
-2.94333e-02
-1.81504e-02
-9.69303e-03
-5.22810e-03
-3.25563e-03
-1.25408e-03
2.29450e-03
7.31548e-03
1.28635e-02
1.77967e-02
2.08206e-02
2.10141e-02
1.85034e-02
1.44840e-02
1.07236e-02
9.23275e-03
1.16689e-02
1.78788e-02
2.51808e-02
3.01682e-02
3.12829e-02
2.93870e-02
2.61197e-02
2.28256e-02
2.08802e-02
2.16391e-02
2.54333e-02
3.10153e-02
3.62643e-02
3.93067e-02
3.91246e-02
3.57905e-02
2.97678e-02
2.09465e-02
8.81066e-03
-6.19808e-03
-2.21303e-02
-3.63442e-02
-4.60030e-02
-4.78733e-02
-4.00164e-02
-2.46884e-02
-8.43238e-03
2.22836e-03
4.79681e-03
5.06768e-04
-8.00058e-03
-1.74896e-02
-2.44162e-02
-2.65130e-02
-2.41062e-02
-1.88961e-02
-1.21300e-02
-4.59362e-03
2.70881e-03
9.11056e-03
1.49001e-02
2.05050e-02
2.56845e-02
3.00896e-02
3.35244e-02
3.49846e-02
3.24234e-02
2.47849e-02
1.36699e-02
2.05066e-03
-8.27616e-03
-1.73058e-02
-2.57163e-02
-3.39261e-02
-4.18049e-02
-4.83551e-02
-5.21086e-02
-5.25702e-02
-5.08654e-02
-4.83478e-02
-4.48754e-02
-3.91557e-02
-3.05175e-02
-1.96481e-02
-7.88217e-03
3.57071e-03
1.38373e-02
2.24782e-02
2.95028e-02
3.49826e-02
3.87872e-02
4.09459e-02
4.19408e-02
4.22692e-02
4.20032e-02
4.11407e-02
3.99630e-02
3.84905e-02
3.60001e-02
3.17469e-02
2.60257e-02
2.00703e-02
1.50178e-02
1.13255e-02
8.93684e-03
7.52103e-03
6.77393e-03
6.58087e-03
6.61525e-03
5.75357e-03
2.62671e-03
-2.79903e-03
-8.81704e-03
-1.34818e-02
-1.57507e-02
-1.48741e-02
-9.75759e-03
-3.22388e-04
1.09593e-02
2.01313e-02
2.45682e-02
2.40491e-02
1.93956e-02
1.12636e-02
6.43235e-04
-1.06885e-02
-2.07437e-02
-2.79054e-02
-3.08478e-02
-2.89738e-02
-2.36412e-02
-1.81668e-02
-1.56849e-02
-1.71321e-02
-2.14594e-02
-2.72006e-02
-3.31178e-02
-3.79406e-02
-4.05611e-02
-4.05723e-02
-3.82125e-02
-3.39457e-02
-2.84133e-02
-2.26470e-02
-1.76800e-02
-1.40710e-02
-1.16822e-02
-9.77104e-03
-7.30370e-03
-3.68371e-03
7.33405e-04
5.16607e-03
9.50201e-03
1.44141e-02
2.04160e-02
2.68095e-02
3.16472e-02
3.26298e-02
2.86182e-02
2.07944e-02
1.21307e-02
5.25904e-03
1.12754e-03
-3.22332e-04
1.06028e-03
5.13351e-03
1.06343e-02
1.57408e-02
1.93568e-02
2.13154e-02
2.18170e-02
2.12940e-02
2.04444e-02
1.95543e-02
1.81123e-02
1.54160e-02
1.16119e-02
7.62296e-03
4.20129e-03
1.38076e-03
-1.01886e-03
-2.50212e-03
-1.83745e-03
1.62595e-03
6.69702e-03
1.07660e-02
1.18402e-02
9.73496e-03
5.29686e-03
-6.94884e-04
-7.54247e-03
-1.44013e-02
-2.06142e-02
-2.59151e-02
-2.99732e-02
-3.25318e-02
-3.38814e-02
-3.44339e-02
-3.37436e-02
-3.09526e-02
-2.62726e-02
-2.10026e-02
-1.59532e-02
-1.09693e-02
-5.89757e-03
-1.02861e-03
3.77285e-03
9.13934e-03
1.50013e-02
2.00503e-02
2.26112e-02
2.15559e-02
1.68101e-02
9.77658e-03
3.08970e-03
-1.21722e-03
-3.18923e-03
-3.95211e-03
-3.62292e-03
-1.20426e-03
3.61022e-03
9.42441e-03
1.40340e-02
1.58809e-02
1.50415e-02
1.32136e-02
1.24597e-02
1.32821e-02
1.39671e-02
1.21618e-02
7.15690e-03
5.30823e-04
-5.10687e-03
-7.90067e-03
-7.67721e-03
-5.70867e-03
-3.61399e-03
-2.21278e-03
-1.22807e-03
7.18881e-05
2.06318e-03
4.57238e-03
7.18749e-03
9.46041e-03
1.08913e-02
1.10433e-02
9.96595e-03
8.41354e-03
7.27103e-03
6.70048e-03
5.99482e-03
4.34139e-03
1.63194e-03
-1.54573e-03
-4.63782e-03
-7.72076e-03
-1.12158e-02
-1.49246e-02
-1.76110e-02
-1.80502e-02
-1.65102e-02
-1.47246e-02
-1.42561e-02
-1.52871e-02
-1.70229e-02
-1.85468e-02
-1.91430e-02
-1.84219e-02
-1.66063e-02
-1.45160e-02
-1.30965e-02
-1.30370e-02
-1.44972e-02
-1.66058e-02
-1.77100e-02
-1.67855e-02
-1.44850e-02
-1.20472e-02
-9.56635e-03
-6.36497e-03
-2.80986e-03
-5.51674e-04
-6.55283e-04
-2.21348e-03
-3.02846e-03
-9.61366e-04
5.10266e-03
1.47716e-02
2.63075e-02
3.75709e-02
4.69363e-02
5.34040e-02
5.65507e-02
5.67725e-02
5.48013e-02
5.05966e-02
4.32262e-02
3.24986e-02
2.00010e-02
7.92028e-03
-2.49209e-03
-1.05761e-02
-1.52420e-02
-1.54181e-02
-1.14218e-02
-4.80663e-03
2.95476e-03
1.09932e-02
1.84261e-02
2.39924e-02
2.65665e-02
2.57450e-02
2.19561e-02
1.63883e-02
1.04916e-02
5.39897e-03
1.51768e-03
-1.39068e-03
-4.15050e-03
-8.06522e-03
-1.41507e-02
-2.20733e-02
-3.02954e-02
-3.74074e-02
-4.30762e-02
-4.73127e-02
-4.97908e-02
-5.03459e-02
-4.94893e-02
-4.76598e-02
-4.44139e-02
-3.91191e-02
-3.22795e-02
-2.53319e-02
-1.94289e-02
-1.48567e-02
-1.16872e-02
-1.00579e-02
-9.70062e-03
-9.85236e-03
-9.90497e-03
-9.53210e-03
-8.09862e-03
-4.68829e-03
7.26139e-04
7.01639e-03
1.31063e-02
1.89237e-02
2.45859e-02
2.90569e-02
3.03733e-02
2.74318e-02
2.12435e-02
1.44133e-02
9.10282e-03
5.67029e-03
3.00326e-03
2.32537e-05
-3.38915e-03
-6.75430e-03
-9.57913e-03
-1.12962e-02
-1.10948e-02
-8.31320e-03
-3.15152e-03
3.30026e-03
9.62377e-03
1.47650e-02
1.84158e-02
2.07695e-02
2.19770e-02
2.20001e-02
2.10775e-02
2.00039e-02
1.94774e-02
1.94552e-02
1.93070e-02
1.85844e-02
1.74764e-02
1.66298e-02
1.65058e-02
1.68300e-02
1.67734e-02
1.59288e-02
1.46269e-02
1.31179e-02
1.08881e-02
7.51455e-03
3.68146e-03
3.97758e-04
-2.40201e-03
-5.43597e-03
-8.50390e-03
-1.05203e-02
-1.11949e-02
-1.13989e-02
-1.16346e-02
-1.10395e-02
-8.54635e-03
-4.43210e-03
-2.97667e-04
2.29881e-03
2.93623e-03
2.34868e-03
1.63939e-03
1.38487e-03
1.18200e-03
9.19234e-05
-2.41009e-03
-5.94570e-03
-9.58274e-03
-1.23845e-02
-1.34887e-02
-1.22670e-02
-9.00085e-03
-5.18766e-03
-2.50939e-03
-1.47490e-03
-1.53031e-03
-2.20277e-03
-3.40898e-03
-4.93499e-03
-6.51291e-03
-8.31155e-03
-1.04526e-02
-1.22942e-02
-1.32172e-02
-1.37823e-02
-1.50140e-02
-1.67794e-02
-1.81305e-02
-1.88648e-02
-1.94461e-02
-1.97370e-02
-1.91722e-02
-1.79681e-02
-1.67505e-02
-1.53349e-02
-1.32842e-02
-1.13936e-02
-1.10791e-02
-1.23296e-02
-1.34697e-02
-1.30091e-02
-1.07583e-02
-7.34804e-03
-3.48963e-03
2.29064e-04
3.41645e-03
5.75487e-03
6.82114e-03
6.58363e-03
6.13452e-03
6.98902e-03
9.44902e-03
1.22940e-02
1.43533e-02
1.54600e-02
1.58733e-02
1.58114e-02
1.57632e-02
1.63521e-02
1.75985e-02
1.90071e-02
2.03888e-02
2.17164e-02
2.23415e-02
2.13072e-02
1.85932e-02
1.53186e-02
1.26880e-02
1.12395e-02
1.08697e-02
1.08152e-02
9.94324e-03
7.64168e-03
4.54303e-03
1.96235e-03
8.34011e-04
1.35398e-03
3.03364e-03
4.72916e-03
5.18181e-03
3.98412e-03
1.77998e-03
-8.42859e-04
-3.97455e-03
-7.53169e-03
-1.03998e-02
-1.10973e-02
-9.13085e-03
-5.39908e-03
-1.49154e-03
1.20470e-03
2.12224e-03
1.61680e-03
5.71051e-04
-9.18516e-05
5.13030e-04
3.09719e-03
7.44679e-03
1.19248e-02
1.44508e-02
1.40971e-02
1.13274e-02
6.90732e-03
1.37486e-03
-4.49963e-03
-9.72117e-03
-1.39383e-02
-1.75767e-02
-2.07219e-02
-2.24125e-02
-2.15856e-02
-1.82660e-02
-1.33072e-02
-7.36423e-03
-9.37103e-04
4.68184e-03
7.59662e-03
7.06197e-03
4.38604e-03
1.45795e-03
-1.11877e-03
-3.74948e-03
-6.35984e-03
-8.44551e-03
-1.03352e-02
-1.30175e-02
-1.63819e-02
-1.88388e-02
-1.91454e-02
-1.75154e-02
-1.45660e-02
-1.03712e-02
-5.24657e-03
-3.78428e-04
3.37741e-03
6.57717e-03
1.00066e-02
1.31052e-02
1.45691e-02
1.40853e-02
1.23699e-02
9.71793e-03
5.74423e-03
5.72629e-04
-4.67771e-03
-8.98466e-03
-1.22873e-02
-1.49099e-02
-1.66882e-02
-1.71335e-02
-1.59598e-02
-1.30815e-02
-8.36814e-03
-2.10782e-03
4.49697e-03
9.91074e-03
1.33633e-02
1.50799e-02
1.56616e-02
1.57119e-02
1.58230e-02
1.60669e-02
1.56962e-02
1.38281e-02
1.05212e-02
6.66709e-03
3.09664e-03
3.63741e-04
-9.46090e-04
-5.76221e-04
8.72184e-04
2.50295e-03
4.25755e-03
6.52775e-03
8.89701e-03
1.03318e-02
1.06632e-02
1.08776e-02
1.18146e-02
1.33956e-02
1.51252e-02
1.63504e-02
1.62246e-02
1.41532e-02
1.04967e-02
6.18032e-03
1.72883e-03
-2.63272e-03
-6.17693e-03
-7.92222e-03
-7.73556e-03
-6.61679e-03
-5.67141e-03
-5.33633e-03
-5.47636e-03
-5.84616e-03
-6.54472e-03
-8.13058e-03
-1.08828e-02
-1.38377e-02
-1.51266e-02
-1.38351e-02
-1.07130e-02
-6.93353e-03
-3.03477e-03
4.99207e-04
2.70463e-03
3.12443e-03
2.58720e-03
2.13319e-03
1.86601e-03
1.53344e-03
1.65340e-03
2.84734e-03
4.45330e-03
4.89282e-03
3.33285e-03
2.19111e-04
-3.62644e-03
-7.63876e-03
-1.12188e-02
-1.38893e-02
-1.58190e-02
-1.77195e-02
-1.98902e-02
-2.18269e-02
-2.29981e-02
-2.35096e-02
-2.36429e-02
-2.31459e-02
-2.14442e-02
-1.84881e-02
-1.48208e-02
-1.09620e-02
-7.04259e-03
-3.06682e-03
7.84973e-04
4.08292e-03
6.26167e-03
7.08494e-03
7.10202e-03
7.16640e-03
7.42207e-03
7.34903e-03
7.03272e-03
7.25236e-03
7.80966e-03
7.02044e-03
4.00881e-03
3.95954e-04
-1.65882e-03
-2.22074e-03
-2.69265e-03
-3.14429e-03
-2.45890e-03
-6.47635e-04
9.90189e-04
1.99985e-03
3.32691e-03
5.67851e-03
8.82938e-03
1.25253e-02
1.67524e-02
2.09864e-02
2.42071e-02
2.57953e-02
2.58097e-02
2.45879e-02
2.26748e-02
2.07797e-02
1.91638e-02
1.75456e-02
1.58239e-02
1.43048e-02
1.28780e-02
1.08365e-02
7.97091e-03
5.11427e-03
3.23486e-03
2.71315e-03
3.58302e-03
5.53141e-03
7.36952e-03
7.62245e-03
6.00654e-03
3.59800e-03
1.43265e-03
-3.52233e-04
-1.91865e-03
-3.18791e-03
-4.11938e-03
-4.91805e-03
-5.80449e-03
-6.73829e-03
-7.40635e-03
-7.47319e-03
-7.17078e-03
-7.44256e-03
-8.89193e-03
-1.07737e-02
-1.19258e-02
-1.23643e-02
-1.30639e-02
-1.42072e-02
-1.49293e-02
-1.46676e-02
-1.35119e-02
-1.12551e-02
-7.60690e-03
-3.37993e-03
-1.68469e-04
1.55018e-03
2.46494e-03
2.78078e-03
1.89646e-03
-6.41662e-05
-1.82217e-03
-2.52643e-03
-2.63173e-03
-2.75730e-03
-2.87387e-03
-2.78104e-03
-2.71073e-03
-2.82057e-03
-2.88989e-03
-2.81737e-03
-2.80566e-03
-2.89524e-03
-2.90377e-03
-2.84476e-03
-2.91408e-03
-2.92261e-03
-2.76903e-03
-3.16710e-03
-5.13453e-03
-8.63762e-03
-1.25595e-02
-1.60289e-02
-1.87957e-02
-2.02386e-02
-1.93240e-02
-1.59168e-02
-1.15031e-02
-7.73326e-03
-4.99924e-03
-2.92487e-03
-1.52153e-03
-1.11560e-03
-1.64639e-03
-2.79860e-03
-4.50698e-03
-6.47652e-03
-7.81114e-03
-7.71140e-03
-6.38003e-03
-4.57570e-03
-2.49222e-03
1.92572e-04
3.35694e-03
6.35251e-03
8.79415e-03
1.07878e-02
1.21240e-02
1.23974e-02
1.20561e-02
1.23657e-02
1.38550e-02
1.56057e-02
1.65998e-02
1.69748e-02
1.72597e-02
1.73668e-02
1.70618e-02
1.69754e-02
1.79922e-02
1.98084e-02
2.10663e-02
2.08179e-02
1.90992e-02
1.61983e-02
1.21852e-02
7.52142e-03
3.04905e-03
-7.54619e-04
-4.01329e-03
-6.68880e-03
-8.23618e-03
-8.44829e-03
-8.12896e-03
-8.20366e-03
-8.50121e-03
-7.92054e-03
-5.89432e-03
-2.90208e-03
4.81979e-04
4.27140e-03
8.36931e-03
1.17986e-02
1.33478e-02
1.28322e-02
1.11255e-02
9.23867e-03
7.74144e-03
7.03228e-03
7.34541e-03
8.22828e-03
8.56628e-03
7.55552e-03
5.45726e-03
3.20812e-03
1.42061e-03
1.73479e-04
-5.57966e-04
-6.67971e-04
-3.59097e-04
-3.99233e-04
-1.47056e-03
-3.26471e-03
-4.78636e-03
-5.50420e-03
-5.69285e-03
-5.68564e-03
-5.64683e-03
-6.06733e-03
-7.46730e-03
-9.29737e-03
-1.02245e-02
-1.00910e-02
-1.04079e-02
-1.20893e-02
-1.40049e-02
-1.49072e-02
-1.55911e-02
-1.74548e-02
-1.98590e-02
-2.07387e-02
-1.95110e-02
-1.76370e-02
-1.64024e-02
-1.57509e-02
-1.55183e-02
-1.61998e-02
-1.78473e-02
-1.93034e-02
-1.92600e-02
-1.75120e-02
-1.48746e-02
-1.23902e-02
-1.08740e-02
-1.04882e-02
-1.04581e-02
-9.65570e-03
-7.68699e-03
-4.95037e-03
-1.68015e-03
2.23866e-03
6.32180e-03
9.20267e-03
9.82507e-03
8.34225e-03
5.57368e-03
2.24223e-03
-7.94307e-04
-2.46630e-03
-2.36854e-03
-1.26194e-03
3.37398e-05
1.81361e-03
4.87687e-03
9.11116e-03
1.34444e-02
1.69695e-02
1.94204e-02
2.06781e-02
2.05758e-02
1.93094e-02
1.75430e-02
1.60087e-02
1.52286e-02
1.55608e-02
1.70122e-02
1.89274e-02
2.03000e-02
2.06302e-02
2.03636e-02
2.02797e-02
2.05512e-02
2.07212e-02
2.06101e-02
2.06542e-02
2.10091e-02
2.08213e-02
1.91543e-02
1.62713e-02
1.32240e-02
1.03838e-02
7.30272e-03
3.81852e-03
3.25404e-04
-3.00795e-03
-6.17460e-03
-8.55105e-03
-9.37376e-03
-9.19002e-03
-9.65472e-03
-1.14255e-02
-1.32322e-02
-1.35214e-02
-1.22569e-02
-1.06457e-02
-9.67176e-03
-9.41608e-03
-9.33606e-03
-8.86430e-03
-7.82739e-03
-6.50003e-03
-5.24701e-03
-4.33403e-03
-4.13935e-03
-5.05475e-03
-6.85286e-03
-8.54520e-03
-9.35041e-03
-9.45315e-03
-9.45460e-03
-9.53268e-03
-9.53649e-03
-9.47276e-03
-9.44963e-03
-9.45583e-03
-9.49585e-03
-9.58770e-03
-9.47922e-03
-8.67280e-03
-7.04005e-03
-5.08533e-03
-3.50220e-03
-2.79502e-03
-3.33306e-03
-5.23341e-03
-7.99171e-03
-1.06420e-02
-1.25899e-02
-1.39140e-02
-1.47407e-02
-1.48671e-02
-1.41920e-02
-1.30194e-02
-1.14820e-02
-9.06432e-03
-5.25517e-03
-3.96675e-04
4.48866e-03
8.70530e-03
1.22576e-02
1.52987e-02
1.75787e-02
1.86045e-02
1.81712e-02
1.66907e-02
1.49851e-02
1.38085e-02
1.33727e-02
1.33894e-02
1.34849e-02
1.33214e-02
1.24779e-02
1.05332e-02
7.49192e-03
3.83139e-03
9.20358e-05
-3.25562e-03
-5.69587e-03
-6.81672e-03
-6.66090e-03
-5.53013e-03
-3.57080e-03
-9.62986e-04
1.68080e-03
3.76169e-03
5.34717e-03
6.83360e-03
7.94619e-03
8.06801e-03
7.39502e-03
6.83005e-03
6.62537e-03
6.05138e-03
4.61052e-03
2.72154e-03
8.05569e-04
-1.29509e-03
-3.72896e-03
-5.90845e-03
-7.04990e-03
-7.14660e-03
-7.06763e-03
-7.73174e-03
-9.36402e-03
-1.13205e-02
-1.25723e-02
-1.24303e-02
-1.11196e-02
-9.49145e-03
-8.14249e-03
-6.88356e-03
-5.16078e-03
-2.82998e-03
-3.86619e-04
1.60875e-03
3.05696e-03
4.27105e-03
5.43336e-03
6.44943e-03
7.19750e-03
7.64160e-03
7.66923e-03
7.07993e-03
5.77016e-03
3.75788e-03
1.07469e-03
-1.94401e-03
-4.54384e-03
-6.03581e-03
-6.39516e-03
-6.02493e-03
-5.09849e-03
-3.59781e-03
-1.78637e-03
-1.30214e-04
1.13419e-03
1.97536e-03
2.19961e-03
1.65836e-03
7.00604e-04
-4.54627e-05
-3.38879e-04
-4.09327e-04
-4.70720e-04
-5.00525e-04
-4.98753e-04
-5.50958e-04
-5.94115e-04
-3.37732e-04
4.50077e-04
1.68831e-03
2.92209e-03
3.52319e-03
3.14489e-03
2.20374e-03
1.66567e-03
2.10937e-03
3.12730e-03
3.91790e-03
4.21092e-03
4.29684e-03
4.37155e-03
4.34276e-03
4.21944e-03
4.20199e-03
4.30844e-03
4.28435e-03
4.07792e-03
4.04939e-03
4.54556e-03
5.39305e-03
6.09871e-03
6.42840e-03
6.55099e-03
6.58580e-03
6.33021e-03
5.60177e-03
4.65950e-03
3.86810e-03
3.11280e-03
1.99723e-03
6.83571e-04
-6.49215e-05
2.22402e-04
1.21452e-03
2.26973e-03
2.73503e-03
1.92820e-03
-4.12025e-04
-3.44120e-03
-5.90074e-03
-7.67572e-03
-9.70963e-03
-1.20925e-02
-1.34892e-02
-1.29472e-02
-1.12793e-02
-9.84107e-03
-8.90497e-03
-7.91478e-03
-6.63183e-03
-5.35791e-03
-4.48252e-03
-4.14751e-03
-4.09396e-03
-3.69815e-03
-2.74842e-03
-1.88650e-03
-1.82616e-03
-2.39403e-03
-2.98893e-03
-3.59734e-03
-4.51423e-03
-5.38160e-03
-5.49242e-03
-4.83318e-03
-4.18290e-03
-3.98750e-03
-4.01275e-03
-3.97048e-03
-3.89892e-03
-3.85666e-03
-3.75136e-03
-3.59428e-03
-3.58580e-03
-3.79127e-03
-4.22641e-03
-5.05560e-03
-6.47475e-03
-8.14162e-03
-9.06999e-03
-8.59333e-03
-7.15742e-03
-5.73735e-03
-4.61447e-03
-3.24174e-03
-1.42763e-03
4.22409e-04
2.10363e-03
3.88383e-03
5.83971e-03
7.70544e-03
9.59599e-03
1.18625e-02
1.40772e-02
1.53845e-02
1.58677e-02
1.67021e-02
1.83671e-02
1.99895e-02
2.08507e-02
2.13044e-02
2.16680e-02
2.14169e-02
2.01435e-02
1.84444e-02
1.69502e-02
1.55213e-02
1.38041e-02
1.19789e-02
1.03899e-02
8.96991e-03
7.50251e-03
5.99459e-03
4.47977e-03
2.82540e-03
7.70123e-04
-1.82101e-03
-4.95493e-03
-8.35677e-03
-1.13310e-02
-1.31523e-02
-1.37600e-02
-1.38611e-02
-1.41222e-02
-1.42910e-02
-1.35929e-02
-1.18569e-02
-1.00759e-02
-9.31946e-03
-9.35785e-03
-9.00227e-03
-7.83391e-03
-6.74440e-03
-6.58036e-03
-7.12114e-03
-8.04477e-03
-9.69797e-03
-1.22294e-02
-1.46212e-02
-1.56599e-02
-1.54152e-02
-1.48350e-02
-1.42594e-02
-1.32741e-02
-1.16561e-02
-9.74759e-03
-7.73338e-03
-5.49626e-03
-3.02732e-03
-4.07492e-04
2.45766e-03
5.52775e-03
8.22621e-03
9.97222e-03
1.10021e-02
1.19825e-02
1.32037e-02
1.44632e-02
1.55493e-02
1.63900e-02
1.68410e-02
1.67492e-02
1.60743e-02
1.48185e-02
1.30628e-02
1.09512e-02
8.45011e-03
5.30947e-03
1.77704e-03
-1.07773e-03
-2.55670e-03
-3.45931e-03
-4.98336e-03
-6.94880e-03
-8.23424e-03
-8.67087e-03
-8.99488e-03
-9.16802e-03
-8.35273e-03
-6.57823e-03
-4.99963e-03
-4.26991e-03
-3.94323e-03
-3.66160e-03
-3.70195e-03
-4.17012e-03
-4.79590e-03
-5.64686e-03
-6.98416e-03
-8.23817e-03
-8.23802e-03
-6.68197e-03
-4.34456e-03
-1.77518e-03
1.10040e-03
3.93554e-03
5.72814e-03
6.12251e-03
6.05077e-03
6.45871e-03
7.15035e-03
7.30838e-03
6.55904e-03
5.13648e-03
3.47977e-03
2.10903e-03
1.40033e-03
1.24105e-03
1.19217e-03
1.10953e-03
1.25436e-03
1.77750e-03
2.46508e-03
3.04687e-03
3.24820e-03
2.66824e-03
1.06159e-03
-1.08094e-03
-2.81809e-03
-3.74013e-03
-4.14871e-03
-4.29155e-03
-4.14612e-03
-4.02767e-03
-4.63417e-03
-6.04442e-03
-7.55597e-03
-8.61263e-03
-9.20539e-03
-9.15184e-03
-7.89364e-03
-5.37216e-03
-2.28772e-03
8.82401e-04
4.23042e-03
7.68665e-03
1.06520e-02
1.28610e-02
1.46377e-02
1.59349e-02
1.60973e-02
1.49290e-02
1.31483e-02
1.13699e-02
9.39127e-03
6.99606e-03
4.51315e-03
2.40178e-03
8.28656e-04
-2.80612e-04
-1.18936e-03
-2.29398e-03
-3.57189e-03
-4.40393e-03
-4.52662e-03
-4.50743e-03
-4.84165e-03
-4.98667e-03
-4.17468e-03
-2.60834e-03
-1.06444e-03
8.09864e-05
6.23012e-04
1.02322e-04
-1.52838e-03
-3.30091e-03
-4.33935e-03
-4.79232e-03
-4.99079e-03
-4.50022e-03
-3.00986e-03
-1.32354e-03
-3.64465e-04
1.06045e-04
7.11683e-04
1.20028e-03
9.59375e-04
3.35696e-04
1.80418e-04
4.25962e-04
2.00953e-04
-8.21126e-04
-2.18316e-03
-3.56546e-03
-5.08057e-03
-6.60245e-03
-7.82933e-03
-8.79282e-03
-9.66166e-03
-1.01409e-02
-9.91542e-03
-9.48051e-03
-9.61977e-03
-1.00675e-02
-9.76095e-03
-8.37359e-03
-6.76783e-03
-5.45023e-03
-3.68238e-03
-6.40042e-04
3.24212e-03
6.71455e-03
8.99579e-03
1.01017e-02
1.03835e-02
1.03455e-02
1.03997e-02
1.04788e-02
1.00760e-02
8.93229e-03
7.44409e-03
6.19454e-03
5.42454e-03
5.12959e-03
5.17913e-03
5.26691e-03
4.97863e-03
4.22645e-03
3.36615e-03
2.77151e-03
2.56183e-03
2.78666e-03
3.47305e-03
4.36879e-03
4.96277e-03
5.07709e-03
5.04725e-03
5.10516e-03
4.83203e-03
3.64464e-03
1.65787e-03
-3.31263e-04
-1.70124e-03
-2.41833e-03
-2.66487e-03
-2.54898e-03
-2.39261e-03
-2.69564e-03
-3.52338e-03
-4.30394e-03
-4.55317e-03
-4.36117e-03
-3.93282e-03
-3.15104e-03
-2.02032e-03
-1.02025e-03
-5.22384e-04
-2.20490e-04
4.05551e-04
1.38504e-03
2.33967e-03
2.96102e-03
3.11616e-03
2.87713e-03
2.65832e-03
2.98432e-03
3.87317e-03
4.75067e-03
5.07196e-03
4.70415e-03
3.69005e-03
2.04762e-03
-2.04194e-05
-2.04805e-03
-3.58260e-03
-4.47779e-03
-4.84389e-03
-4.92414e-03
-4.92787e-03
-4.93166e-03
-4.90851e-03
-4.88093e-03
-4.90970e-03
-4.98357e-03
-4.92917e-03
-4.47404e-03
-3.46054e-03
-2.31650e-03
-1.92230e-03
-2.61121e-03
-3.64468e-03
-4.31569e-03
-5.00926e-03
-6.29734e-03
-7.48637e-03
-7.53833e-03
-6.86306e-03
-6.86782e-03
-7.89938e-03
-8.99626e-03
-9.55054e-03
-9.87293e-03
-1.02719e-02
-1.06844e-02
-1.10316e-02
-1.10951e-02
-1.03346e-02
-8.74761e-03
-7.15620e-03
-5.93406e-03
-4.41921e-03
-2.38192e-03
-7.86012e-04
-1.35739e-04
5.79782e-04
2.16900e-03
3.94284e-03
4.96470e-03
5.35381e-03
5.54707e-03
5.58496e-03
5.81881e-03
6.92854e-03
8.62829e-03
9.80115e-03
1.02806e-02
1.11811e-02
1.28674e-02
1.41508e-02
1.40675e-02
1.32614e-02
1.29507e-02
1.35047e-02
1.44033e-02
1.50610e-02
1.51851e-02
1.48657e-02
1.42785e-02
1.33850e-02
1.22327e-02
1.13349e-02
1.10248e-02
1.06698e-02
9.41415e-03
7.58219e-03
6.06548e-03
4.67500e-03
2.41990e-03
-5.42112e-04
-2.79034e-03
-3.72121e-03
-4.43364e-03
-6.02183e-03
-8.05134e-03
-9.30616e-03
-9.48014e-03
-9.35678e-03
-9.64097e-03
-9.99031e-03
-9.45016e-03
-7.84266e-03
-6.33188e-03
-6.18328e-03
-7.27527e-03
-8.43698e-03
-9.04700e-03
-9.38447e-03
-9.64303e-03
-9.48724e-03
-8.64913e-03
-7.32234e-03
-5.82657e-03
-4.36227e-03
-3.09152e-03
-2.01434e-03
-9.01050e-04
3.67651e-04
1.58465e-03
2.60581e-03
3.62930e-03
4.72490e-03
5.39502e-03
5.07222e-03
3.80827e-03
2.16387e-03
5.51014e-04
-9.19915e-04
-2.19943e-03
-3.19968e-03
-3.88017e-03
-4.23636e-03
-4.29975e-03
-4.21676e-03
-4.20802e-03
-4.32310e-03
-4.37281e-03
-4.11179e-03
-3.50395e-03
-2.70921e-03
-1.84686e-03
-8.89939e-04
1.12073e-04
8.30392e-04
9.94840e-04
8.44050e-04
8.77933e-04
1.10997e-03
1.06957e-03
6.62176e-04
5.15968e-04
1.13533e-03
2.12399e-03
2.61954e-03
2.23020e-03
1.23516e-03
2.19846e-04
-3.27139e-04
-2.34644e-04
2.49619e-04
7.83425e-04
1.41177e-03
2.44092e-03
3.80778e-03
5.01701e-03
5.71961e-03
6.02815e-03
6.11825e-03
6.04845e-03
5.98537e-03
6.10692e-03
6.20591e-03
5.83650e-03
4.96946e-03
4.05284e-03
3.35909e-03
2.89045e-03
2.84509e-03
3.53824e-03
4.72445e-03
5.67868e-03
6.18930e-03
6.69310e-03
7.16985e-03
6.87870e-03
5.57653e-03
4.09639e-03
2.98549e-03
1.67184e-03
-2.52029e-04
-1.91257e-03
-2.41581e-03
-2.33593e-03
-2.80325e-03
-3.75705e-03
-4.34612e-03
-4.41061e-03
-4.49544e-03
-4.69744e-03
-4.61804e-03
-4.34958e-03
-4.59004e-03
-5.87539e-03
-8.14251e-03
-1.08128e-02
-1.30755e-02
-1.43297e-02
-1.46315e-02
-1.42713e-02
-1.32065e-02
-1.15653e-02
-1.02596e-02
-1.00033e-02
-1.01029e-02
-9.35587e-03
-7.82089e-03
-6.40977e-03
-5.34103e-03
-4.20478e-03
-3.15643e-03
-2.59673e-03
-2.15874e-03
-1.31773e-03
-5.24113e-04
-3.11456e-04
9.16301e-06
1.39479e-03
3.29820e-03
4.55986e-03
5.39810e-03
6.88931e-03
8.84652e-03
1.00089e-02
1.00768e-02
1.00119e-02
1.02644e-02
1.03502e-02
1.00757e-02
9.96326e-03
1.02133e-02
1.03664e-02
1.02336e-02
1.02619e-02
1.04726e-02
1.05809e-02
1.03709e-02
9.93060e-03
9.07162e-03
7.58588e-03
6.07744e-03
5.51730e-03
5.74435e-03
5.45982e-03
3.98825e-03
2.08208e-03
6.72810e-04
-1.31006e-04
-4.94283e-04
-3.91851e-04
-1.46939e-04
-4.71313e-04
-1.54904e-03
-2.89996e-03
-4.36857e-03
-6.26632e-03
-8.36587e-03
-9.79309e-03
-1.02574e-02
-1.03607e-02
-1.04778e-02
-1.02939e-02
-9.63325e-03
-8.81565e-03
-8.00915e-03
-7.06328e-03
-6.05603e-03
-5.33251e-03
-4.99931e-03
-4.85341e-03
-4.64415e-03
-4.01791e-03
-2.72050e-03
-1.26500e-03
-6.56328e-04
-1.08273e-03
-1.69501e-03
-2.09421e-03
-2.86731e-03
-4.11120e-03
-4.73199e-03
-4.08700e-03
-3.05336e-03
-2.50563e-03
-1.86635e-03
-3.60615e-04
1.28070e-03
1.65601e-03
7.04481e-04
-4.56630e-04
-1.21477e-03
-1.80510e-03
-2.26864e-03
-2.25059e-03
-1.90275e-03
-1.91242e-03
-2.29994e-03
-2.15455e-03
-7.94763e-04
1.24092e-03
2.93544e-03
4.07201e-03
5.12538e-03
6.15730e-03
6.54487e-03
5.96277e-03
5.07279e-03
4.66291e-03
4.71422e-03
4.73213e-03
4.75733e-03
5.32965e-03
6.49386e-03
7.56918e-03
8.08930e-03
8.30123e-03
8.50169e-03
8.37791e-03
7.65182e-03
6.73192e-03
6.15424e-03
5.68416e-03
4.65845e-03
3.05729e-03
1.55593e-03
4.94547e-04
-4.71370e-04
-1.73761e-03
-3.11665e-03
-4.20917e-03
-4.77583e-03
-4.57203e-03
-3.39981e-03
-1.68176e-03
-4.19544e-04
-1.43200e-04
-2.67999e-04
-1.37316e-04
4.30013e-05
-2.70593e-04
-9.45498e-04
-1.44145e-03
-1.76979e-03
-2.35962e-03
-3.13051e-03
-3.50062e-03
-3.20595e-03
-2.62379e-03
-2.10952e-03
-1.75376e-03
-1.65087e-03
-1.87739e-03
-2.25457e-03
-2.57783e-03
-2.93468e-03
-3.45018e-03
-3.91023e-03
-4.17672e-03
-4.37587e-03
-4.44968e-03
-3.93998e-03
-2.69743e-03
-1.29201e-03
-2.19682e-04
7.56364e-04
1.93171e-03
3.00459e-03
3.49995e-03
3.55724e-03
3.57392e-03
3.58156e-03
3.45598e-03
3.31720e-03
3.29708e-03
3.26418e-03
3.09765e-03
2.98570e-03
3.01076e-03
2.97180e-03
2.68956e-03
2.24240e-03
1.72014e-03
1.01583e-03
3.59304e-05
-1.06227e-03
-1.99815e-03
-2.58962e-03
-2.95253e-03
-3.29910e-03
-3.59987e-03
-3.45016e-03
-2.52239e-03
-1.16796e-03
-1.93124e-04
5.25338e-05
-5.30273e-06
1.27261e-04
2.72585e-04
6.21571e-06
-6.28146e-04
-1.20261e-03
-1.57484e-03
-2.01579e-03
-2.66493e-03
-3.24118e-03
-3.41116e-03
-3.14857e-03
-2.65715e-03
-2.02800e-03
-1.24156e-03
-3.83879e-04
3.34133e-04
7.67573e-04
9.37193e-04
9.39470e-04
8.17889e-04
5.83177e-04
2.51241e-04
-9.14156e-05
-3.59744e-04
-5.66781e-04
-7.91631e-04
-1.03870e-03
-1.19840e-03
-1.18690e-03
-1.05228e-03
-8.55537e-04
-6.17225e-04
-3.96710e-04
-3.57358e-04
-5.68194e-04
-8.13900e-04
-7.88770e-04
-4.78991e-04
-1.76666e-04
-9.04734e-05
-9.67463e-05
2.28875e-05
2.99599e-04
6.06417e-04
8.65336e-04
1.09555e-03
1.28523e-03
1.35450e-03
1.27928e-03
1.18286e-03
1.25428e-03
1.53974e-03
1.87518e-03
2.02895e-03
1.93655e-03
1.77790e-03
1.80503e-03
2.09383e-03
2.46925e-03
2.67512e-03
2.60977e-03
2.35744e-03
2.06608e-03
1.81743e-03
1.61741e-03
1.42830e-03
1.18645e-03
8.34889e-04
3.90582e-04
-4.99572e-05
-3.93378e-04
-6.20241e-04
-7.51036e-04
-8.01688e-04
-7.96368e-04
-7.73387e-04
-7.55365e-04
-7.45558e-04
-7.61557e-04
-8.29210e-04
-9.27188e-04
-1.00715e-03
-1.06923e-03
-1.16576e-03
-1.30579e-03
-1.42022e-03
-1.44512e-03
-1.38333e-03
-1.26035e-03
-1.08020e-03
-8.55846e-04
-6.36065e-04
-4.57878e-04
-3.16149e-04
-1.98151e-04
-1.10982e-04
-5.66655e-05
-2.33196e-05
-1.35302e-05
-3.67645e-05
-6.68040e-05
-6.23758e-05
-3.04577e-05
-1.07228e-05
2.94853e-06
5.84161e-05
1.53649e-04
2.25316e-04
2.45485e-04
2.59736e-04
3.02528e-04
3.41588e-04
3.39182e-04
3.12017e-04
2.94106e-04
2.83070e-04
2.57531e-04
2.18068e-04
1.80643e-04
1.49677e-04
1.20844e-04
9.55543e-05
7.67666e-05
6.16444e-05
4.64369e-05
3.16337e-05
1.85855e-05
7.04870e-06
-2.90124e-06
-1.12195e-05
-1.88415e-05
-2.58991e-05
-3.06400e-05
-3.19730e-05
-3.10973e-05
-2.95229e-05
-2.75160e-05
-2.50277e-05
-2.25206e-05
-2.02087e-05
-1.82315e-05
-1.64578e-05
-1.48763e-05
-1.34488e-05
-1.21023e-05
-1.08096e-05
-9.57030e-06
0.00000e+00
