2.11787e-04
2.19304e-04
2.29408e-04
2.38057e-04
2.48543e-04
2.55957e-04
2.64166e-04
2.68891e-04
2.72407e-04
2.71443e-04
2.76697e-04
2.85231e-04
2.97405e-04
2.98875e-04
2.81847e-04
2.50588e-04
2.30459e-04
2.33742e-04
2.73657e-04
3.35857e-04
3.92306e-04
4.09843e-04
3.86360e-04
3.52163e-04
3.24459e-04
3.00980e-04
2.99355e-04
3.16198e-04
3.48323e-04
3.96618e-04
4.63757e-04
5.23063e-04
5.79321e-04
6.60425e-04
7.98940e-04
9.42938e-04
1.02218e-03
1.01114e-03
8.98749e-04
7.03779e-04
4.24377e-04
7.45884e-05
-2.94790e-04
-5.86040e-04
-5.96076e-04
-2.87030e-04
1.81846e-04
5.70025e-04
8.12534e-04
9.29689e-04
7.58487e-04
3.74158e-04
-6.27034e-05
-4.43124e-04
-6.81210e-04
-7.31247e-04
-5.86349e-04
-3.38733e-04
-1.15878e-04
-3.68507e-05
7.73673e-05
3.18949e-04
6.71857e-04
1.01941e-03
1.16354e-03
9.95945e-04
5.85973e-04
1.83048e-04
2.26439e-05
2.76846e-04
6.94780e-04
1.04808e-03
1.33630e-03
1.65779e-03
1.98494e-03
2.21397e-03
2.25213e-03
1.95911e-03
1.24760e-03
1.52674e-04
-1.21884e-03
-2.71359e-03
-4.05745e-03
-4.87977e-03
-4.79630e-03
-4.12989e-03
-3.26401e-03
-2.58287e-03
-2.04365e-03
-1.74229e-03
-1.88019e-03
-2.42169e-03
-3.16037e-03
-3.78529e-03
-3.97783e-03
-3.47619e-03
-2.16819e-03
-5.93105e-04
8.55345e-04
2.19410e-03
3.29068e-03
3.96863e-03
4.34066e-03
4.29306e-03
3.95098e-03
3.78904e-03
3.85345e-03
4.09186e-03
4.33351e-03
4.34148e-03
4.21517e-03
4.22677e-03
4.60510e-03
5.07403e-03
5.31313e-03
5.09552e-03
4.49829e-03
3.46948e-03
2.02673e-03
1.99545e-04
-1.87956e-03
-3.71806e-03
-4.68759e-03
-5.16282e-03
-4.96877e-03
-4.45045e-03
-4.03381e-03
-4.24715e-03
-5.01782e-03
-5.92247e-03
-7.07039e-03
-8.61585e-03
-1.06115e-02
-1.25631e-02
-1.34631e-02
-1.32606e-02
-1.21389e-02
-1.05818e-02
-8.83462e-03
-7.21894e-03
-5.84456e-03
-4.69569e-03
-3.65624e-03
-2.37009e-03
-6.44972e-04
1.55287e-03
4.12620e-03
6.73407e-03
8.67583e-03
9.27096e-03
8.52041e-03
7.28211e-03
6.45826e-03
6.06185e-03
5.97049e-03
6.04530e-03
6.19669e-03
6.47323e-03
6.79523e-03
6.82487e-03
6.14154e-03
4.32571e-03
1.25016e-03
-2.50952e-03
-6.22398e-03
-9.63511e-03
-1.23593e-02
-1.46307e-02
-1.61713e-02
-1.60860e-02
-1.38852e-02
-1.10073e-02
-9.44884e-03
-9.89826e-03
-1.16977e-02
-1.22345e-02
-1.06472e-02
-7.71504e-03
-4.19750e-03
-1.49699e-04
4.08855e-03
8.14802e-03
1.22777e-02
1.64554e-02
2.00127e-02
2.19334e-02
2.19344e-02
2.07745e-02
1.94035e-02
1.79952e-02
1.65359e-02
1.46017e-02
1.18540e-02
8.34907e-03
4.73503e-03
1.78976e-03
-1.80878e-04
-1.29738e-03
-2.18191e-03
-2.92336e-03
-3.76932e-03
-5.42001e-03
-8.43343e-03
-1.25185e-02
-1.63170e-02
-1.81214e-02
-1.69134e-02
-1.24143e-02
-5.53977e-03
5.77502e-04
4.45270e-03
5.67742e-03
4.98591e-03
3.31531e-03
1.77768e-03
1.49908e-03
2.57075e-03
4.63486e-03
6.09981e-03
4.98780e-03
1.44344e-03
-2.71924e-03
-5.48902e-03
-6.15038e-03
-4.48122e-03
-6.81520e-04
4.24989e-03
9.12385e-03
1.35188e-02
1.64673e-02
1.63129e-02
1.28740e-02
9.16509e-03
6.53466e-03
5.18949e-03
4.27414e-03
3.40190e-03
2.57805e-03
2.01973e-03
2.32195e-03
3.89710e-03
6.82694e-03
1.07930e-02
1.54653e-02
1.95853e-02
2.17238e-02
2.11934e-02
1.83206e-02
1.34401e-02
7.18725e-03
3.46846e-04
-6.27641e-03
-1.27069e-02
-1.83274e-02
-2.13729e-02
-1.99601e-02
-1.35979e-02
-4.79835e-03
3.25213e-03
9.55822e-03
1.32930e-02
1.33078e-02
8.91337e-03
1.55237e-03
-4.14371e-03
-7.56414e-03
-9.77161e-03
-1.15284e-02
-1.16389e-02
-9.65535e-03
-6.06588e-03
-2.14201e-03
1.56828e-04
-6.07331e-04
-5.66137e-03
-1.35643e-02
-1.99473e-02
-2.39737e-02
-2.54104e-02
-2.41966e-02
-2.12346e-02
-1.60651e-02
-9.32026e-03
-2.07238e-03
5.47582e-03
1.19834e-02
1.47141e-02
1.14360e-02
1.80174e-03
-1.06586e-02
-2.07125e-02
-2.54884e-02
-2.60410e-02
-2.26473e-02
-1.70524e-02
-1.16479e-02
-8.31345e-03
-6.31545e-03
-4.09638e-03
-6.87665e-04
3.67065e-03
7.83932e-03
1.01797e-02
9.68431e-03
6.54396e-03
2.79641e-03
6.86145e-04
4.23876e-04
1.51135e-03
2.67081e-03
2.93849e-03
2.94558e-03
3.94320e-03
6.95473e-03
1.19582e-02
1.74433e-02
2.15390e-02
2.33614e-02
2.24515e-02
1.94427e-02
1.66655e-02
1.45947e-02
1.27235e-02
1.05921e-02
7.87321e-03
4.49049e-03
7.33051e-04
-3.05988e-03
-6.81126e-03
-1.04187e-02
-1.36518e-02
-1.62501e-02
-1.80119e-02
-1.86545e-02
-1.77320e-02
-1.55717e-02
-1.36456e-02
-1.24999e-02
-1.21280e-02
-1.24343e-02
-1.31967e-02
-1.43997e-02
-1.57156e-02
-1.73191e-02
-1.94657e-02
-2.20383e-02
-2.46960e-02
-2.66443e-02
-2.66031e-02
-2.33834e-02
-1.67282e-02
-7.34335e-03
4.54200e-03
1.67728e-02
2.63783e-02
3.00687e-02
2.98208e-02
2.66763e-02
2.20030e-02
1.85954e-02
1.61799e-02
1.42019e-02
1.24079e-02
1.05334e-02
8.52824e-03
6.39957e-03
3.85873e-03
2.43927e-04
-5.14195e-03
-1.20808e-02
-1.91314e-02
-2.54450e-02
-3.11356e-02
-3.62071e-02
-4.00133e-02
-4.18451e-02
-4.17239e-02
-4.09119e-02
-3.96330e-02
-3.67905e-02
-3.16045e-02
-2.38997e-02
-1.35465e-02
-2.20431e-03
7.57288e-03
1.68814e-02
2.75074e-02
3.91838e-02
5.03970e-02
6.00800e-02
6.80250e-02
7.28188e-02
7.20800e-02
6.49357e-02
5.38406e-02
3.99538e-02
2.36082e-02
7.88136e-03
-5.27595e-03
-1.35105e-02
-1.75035e-02
-1.70975e-02
-1.18994e-02
-4.51833e-03
4.48674e-03
1.25889e-02
1.80180e-02
2.09358e-02
2.20475e-02
2.06501e-02
1.64107e-02
7.14676e-03
-7.88918e-03
-2.75107e-02
-4.97142e-02
-6.98055e-02
-8.20125e-02
-8.07205e-02
-6.37353e-02
-3.19051e-02
5.43894e-03
4.35355e-02
7.46776e-02
1.05748e-01
1.33168e-01
1.56798e-01
1.80755e-01
2.02632e-01
2.19858e-01
2.30256e-01
2.33166e-01
2.28964e-01
2.19798e-01
2.12320e-01
2.06753e-01
2.01502e-01
1.94618e-01
1.82896e-01
1.63444e-01
1.34158e-01
9.33028e-02
4.34154e-02
-1.07327e-02
-5.84874e-02
-1.01737e-01
-1.45732e-01
-1.94987e-01
-2.47936e-01
-2.94530e-01
-3.47499e-01
-4.05120e-01
-4.59702e-01
-5.00928e-01
-5.17795e-01
-5.07003e-01
-4.68558e-01
-4.08253e-01
-3.51016e-01
-3.04625e-01
-2.67645e-01
-2.37784e-01
-2.10133e-01
-1.87728e-01
-1.75565e-01
-1.72568e-01
-1.66813e-01
-1.44469e-01
-1.01940e-01
-3.64708e-02
5.43846e-02
1.56517e-01
2.44366e-01
3.15490e-01
3.73501e-01
4.19185e-01
4.40906e-01
4.29834e-01
3.95498e-01
3.59058e-01
3.17803e-01
2.71734e-01
2.29889e-01
1.97818e-01
1.81332e-01
1.79211e-01
1.79917e-01
1.77234e-01
1.65274e-01
1.40660e-01
1.04704e-01
5.99663e-02
2.80093e-03
-6.58019e-02
-1.39496e-01
-2.03087e-01
-2.50101e-01
-2.81691e-01
-2.92222e-01
-2.73708e-01
-2.31588e-01
-1.83919e-01
-1.36749e-01
-9.81930e-02
-6.70180e-02
-3.85492e-02
-1.17607e-02
1.28160e-02
3.66515e-02
5.87583e-02
7.49675e-02
8.27002e-02
8.30267e-02
7.71365e-02
6.74851e-02
5.92510e-02
5.33632e-02
5.07244e-02
5.27555e-02
5.95682e-02
6.87719e-02
7.71467e-02
8.02943e-02
7.19995e-02
4.87990e-02
1.23905e-02
-3.01548e-02
-6.60379e-02
-9.71558e-02
-1.23586e-01
-1.43166e-01
-1.56698e-01
-1.66657e-01
-1.71907e-01
-1.73070e-01
-1.69419e-01
-1.58035e-01
-1.33463e-01
-8.99535e-02
-2.98348e-02
3.61502e-02
9.87450e-02
1.49884e-01
1.97809e-01
2.41459e-01
2.75464e-01
2.92303e-01
2.85170e-01
2.58789e-01
2.26678e-01
1.94235e-01
1.60569e-01
1.29140e-01
1.00469e-01
7.24953e-02
5.00105e-02
3.46330e-02
1.58759e-02
-6.40641e-03
-2.90768e-02
-4.85607e-02
-6.25699e-02
-7.22025e-02
-8.18185e-02
-9.40857e-02
-1.08458e-01
-1.23148e-01
-1.37330e-01
-1.51371e-01
-1.65639e-01
-1.79942e-01
-1.92983e-01
-2.00756e-01
-1.96946e-01
-1.76416e-01
-1.39316e-01
-8.91319e-02
-3.57849e-02
1.22629e-02
5.15332e-02
8.34970e-02
1.12339e-01
1.35832e-01
1.45599e-01
1.35497e-01
1.09240e-01
7.85655e-02
4.67564e-02
1.83669e-02
-6.36401e-03
-2.79057e-02
-4.51795e-02
-5.48663e-02
-5.55487e-02
-4.86157e-02
-3.33679e-02
-1.44854e-02
5.04885e-03
2.50007e-02
4.32946e-02
5.72528e-02
6.37018e-02
6.05043e-02
4.66821e-02
2.59742e-02
6.11510e-03
-1.38021e-02
-3.45291e-02
-5.36669e-02
-6.79027e-02
-7.42189e-02
-7.21683e-02
-6.63000e-02
-6.06954e-02
-5.69399e-02
-5.40961e-02
-5.11026e-02
-4.72477e-02
-4.22944e-02
-3.65873e-02
-3.07587e-02
-2.56781e-02
-2.18542e-02
-1.80860e-02
-1.18376e-02
-1.10353e-03
1.40103e-02
3.06398e-02
4.69577e-02
6.25914e-02
7.62619e-02
8.56019e-02
8.79028e-02
8.20480e-02
7.16124e-02
6.30608e-02
5.58114e-02
4.83332e-02
4.01621e-02
3.16192e-02
2.39856e-02
1.88969e-02
1.77737e-02
2.03488e-02
2.36083e-02
2.58940e-02
2.77120e-02
2.95283e-02
3.13241e-02
3.20339e-02
2.95833e-02
2.19829e-02
8.54836e-03
-1.18818e-02
-3.90424e-02
-6.73328e-02
-8.94494e-02
-1.03053e-01
-1.16490e-01
-1.28627e-01
-1.35216e-01
-1.33233e-01
-1.23327e-01
-1.10891e-01
-9.20770e-02
-6.33261e-02
-2.63365e-02
1.64168e-02
5.94235e-02
9.08831e-02
1.10677e-01
1.29819e-01
1.46446e-01
1.56030e-01
1.53996e-01
1.38537e-01
1.15477e-01
8.54584e-02
4.36681e-02
-9.32728e-03
-6.13565e-02
-9.80084e-02
-1.25877e-01
-1.45227e-01
-1.56303e-01
-1.57170e-01
-1.44371e-01
-1.23279e-01
-1.04335e-01
-8.46495e-02
-5.92587e-02
-2.55818e-02
1.71047e-02
6.29422e-02
9.84512e-02
1.16684e-01
1.23413e-01
1.21667e-01
1.12880e-01
1.04922e-01
9.87750e-02
9.19213e-02
8.32090e-02
7.30141e-02
6.30802e-02
5.43661e-02
4.74398e-02
4.21664e-02
3.79544e-02
3.26729e-02
2.49899e-02
1.42373e-02
9.21539e-04
-1.27162e-02
-2.63376e-02
-4.03299e-02
-5.41247e-02
-6.61704e-02
-7.42717e-02
-7.65212e-02
-7.24407e-02
-6.29900e-02
-5.23680e-02
-4.07855e-02
-2.70201e-02
-1.22413e-02
-2.10892e-04
7.20637e-03
1.05662e-02
1.04067e-02
6.90199e-03
2.55539e-03
-2.38455e-03
-8.34371e-03
-1.38655e-02
-1.58621e-02
-1.32368e-02
-7.89585e-03
-1.67960e-03
5.73402e-03
1.36130e-02
1.88021e-02
1.88289e-02
1.47701e-02
8.35201e-03
3.50638e-03
5.92106e-04
-9.44530e-04
-1.49430e-03
-1.64219e-03
-1.77107e-03
-3.09984e-03
-6.77107e-03
-1.27490e-02
-1.95431e-02
-2.55806e-02
-3.03492e-02
-3.33190e-02
-3.34647e-02
-2.97822e-02
-2.29059e-02
-1.60116e-02
-9.24237e-03
-2.90728e-03
2.48045e-03
6.77595e-03
9.96966e-03
1.14536e-02
1.03957e-02
7.32371e-03
4.64096e-03
2.19376e-03
-4.98078e-04
-3.47521e-03
-6.82834e-03
-1.06693e-02
-1.48869e-02
-1.90208e-02
-2.24654e-02
-2.46050e-02
-2.49094e-02
-2.29173e-02
-1.77125e-02
-9.61595e-03
1.64256e-04
1.26446e-02
2.77972e-02
4.37773e-02
5.89641e-02
7.09153e-02
7.83483e-02
7.98883e-02
7.48819e-02
6.29332e-02
4.54202e-02
2.35198e-02
-1.92715e-04
-1.81562e-02
-2.84850e-02
-3.80564e-02
-4.78553e-02
-5.51389e-02
-5.74292e-02
-5.45015e-02
-4.96489e-02
-4.25251e-02
-3.16174e-02
-1.79114e-02
-5.49583e-03
4.34084e-03
1.24767e-02
1.94931e-02
2.51731e-02
2.98050e-02
3.30229e-02
3.48276e-02
3.65082e-02
3.76860e-02
3.79752e-02
3.76007e-02
3.67963e-02
3.52739e-02
3.29236e-02
3.01306e-02
2.72588e-02
2.40866e-02
2.04124e-02
1.63420e-02
1.23397e-02
8.32269e-03
4.12004e-03
-3.38383e-04
-4.94000e-03
-9.29648e-03
-1.27058e-02
-1.43345e-02
-1.36445e-02
-1.11904e-02
-8.36280e-03
-5.42288e-03
-3.17644e-03
-3.08903e-03
-5.58467e-03
-1.01772e-02
-1.70015e-02
-2.53820e-02
-3.36921e-02
-4.22549e-02
-5.12207e-02
-6.01727e-02
-6.79941e-02
-7.30949e-02
-7.46988e-02
-7.34879e-02
-6.97688e-02
-6.21601e-02
-5.05147e-02
-3.46025e-02
-1.61400e-02
2.84912e-04
9.66512e-03
1.50153e-02
2.07063e-02
2.55359e-02
2.85297e-02
3.03684e-02
3.19395e-02
3.29137e-02
3.34454e-02
3.44622e-02
3.61651e-02
3.82706e-02
4.00729e-02
4.13813e-02
4.20882e-02
4.20858e-02
4.14575e-02
3.97854e-02
3.68986e-02
3.34250e-02
3.03053e-02
2.67281e-02
2.13985e-02
1.37138e-02
4.54203e-03
-4.39052e-03
-1.29256e-02
-2.09979e-02
-2.81992e-02
-3.41080e-02
-3.85873e-02
-4.24238e-02
-4.68473e-02
-5.15391e-02
-5.56798e-02
-5.83826e-02
-5.87819e-02
-5.66924e-02
-5.32027e-02
-4.90921e-02
-4.31509e-02
-3.43936e-02
-2.35236e-02
-1.34895e-02
-5.81142e-03
-1.03564e-03
6.03968e-04
-2.24724e-04
-2.87699e-03
-7.67595e-03
-1.33056e-02
-1.77233e-02
-1.99972e-02
-1.91750e-02
-1.44125e-02
-6.91993e-03
-6.17770e-04
4.53426e-03
9.26764e-03
1.33093e-02
1.58126e-02
1.58321e-02
1.33281e-02
1.00484e-02
7.62044e-03
7.13981e-03
1.00448e-02
1.72827e-02
2.82384e-02
4.21065e-02
5.65506e-02
6.64711e-02
7.31218e-02
7.74014e-02
7.84589e-02
7.62773e-02
7.18473e-02
6.73688e-02
6.22339e-02
5.61539e-02
5.01833e-02
4.45600e-02
3.90477e-02
3.35231e-02
2.81727e-02
2.31393e-02
1.86618e-02
1.51954e-02
1.28931e-02
1.13339e-02
1.08189e-02
1.17136e-02
1.34325e-02
1.42264e-02
1.36098e-02
1.15607e-02
8.52351e-03
4.81593e-03
-8.21657e-05
-6.15684e-03
-1.22676e-02
-1.76684e-02
-2.23616e-02
-2.65548e-02
-3.06702e-02
-3.45121e-02
-3.71738e-02
-3.77554e-02
-3.60941e-02
-3.33653e-02
-3.02707e-02
-2.69159e-02
-2.41187e-02
-2.31508e-02
-2.41977e-02
-2.62687e-02
-2.77984e-02
-2.89196e-02
-3.00523e-02
-3.14147e-02
-3.30824e-02
-3.48796e-02
-3.65325e-02
-3.80032e-02
-3.94456e-02
-4.11557e-02
-4.31648e-02
-4.51974e-02
-4.68443e-02
-4.77165e-02
-4.74820e-02
-4.61975e-02
-4.45406e-02
-4.25330e-02
-4.00434e-02
-3.73869e-02
-3.49104e-02
-3.25204e-02
-3.00041e-02
-2.71038e-02
-2.35226e-02
-1.90689e-02
-1.39501e-02
-8.91717e-03
-4.05796e-03
5.69881e-04
4.75244e-03
8.27646e-03
1.11486e-02
1.38525e-02
1.69302e-02
2.09219e-02
2.64727e-02
3.40074e-02
4.29333e-02
5.12953e-02
5.85284e-02
6.42003e-02
6.78281e-02
6.97190e-02
7.14667e-02
7.40901e-02
7.75891e-02
8.18723e-02
8.65992e-02
9.12231e-02
9.55849e-02
9.92753e-02
1.01424e-01
1.01005e-01
9.68147e-02
8.70150e-02
7.18878e-02
5.56821e-02
4.10509e-02
2.79979e-02
1.65775e-02
6.92901e-03
-1.60187e-03
-1.08697e-02
-2.11375e-02
-3.16056e-02
-4.11463e-02
-4.83413e-02
-5.19099e-02
-5.15730e-02
-4.83061e-02
-4.32080e-02
-3.83518e-02
-3.39730e-02
-3.06109e-02
-2.98281e-02
-3.22546e-02
-3.48603e-02
-3.71147e-02
-4.00535e-02
-4.42942e-02
-4.96313e-02
-5.45181e-02
-5.74771e-02
-5.88570e-02
-6.02675e-02
-6.21285e-02
-6.42993e-02
-6.66723e-02
-6.91681e-02
-7.16266e-02
-7.37182e-02
-7.49246e-02
-7.46932e-02
-7.27318e-02
-6.96857e-02
-6.73151e-02
-6.56679e-02
-6.42436e-02
-6.23591e-02
-5.89714e-02
-5.29927e-02
-4.37598e-02
-3.22755e-02
-2.15824e-02
-1.18225e-02
-2.54180e-03
6.53458e-03
1.58171e-02
2.52696e-02
3.48313e-02
4.45078e-02
5.44339e-02
6.47720e-02
7.56765e-02
8.69846e-02
9.78810e-02
1.06643e-01
1.10928e-01
1.08601e-01
1.00064e-01
8.93836e-02
7.55613e-02
5.87238e-02
4.29310e-02
3.06735e-02
2.12870e-02
1.24397e-02
3.68492e-03
-3.34608e-03
-7.07914e-03
-7.53953e-03
-7.17693e-03
-7.33392e-03
-7.44132e-03
-6.94815e-03
-5.62763e-03
-3.82377e-03
-2.42308e-03
-1.70410e-03
-1.55950e-03
-1.54051e-03
-1.38657e-03
-1.20043e-03
-1.03733e-03
-8.77583e-04
-5.70492e-04
9.97139e-05
1.36287e-03
3.23650e-03
5.35592e-03
7.33855e-03
9.27572e-03
1.12775e-02
1.33742e-02
1.54723e-02
1.73489e-02
1.86514e-02
1.90205e-02
1.83158e-02
1.69168e-02
1.49439e-02
1.15652e-02
6.12893e-03
-1.04387e-03
-9.48135e-03
-1.92129e-02
-2.91325e-02
-3.63124e-02
-3.93586e-02
-4.11095e-02
-4.10808e-02
-3.86550e-02
-3.51590e-02
-3.16495e-02
-2.71069e-02
-2.05073e-02
-1.19173e-02
-3.17307e-03
2.06263e-03
2.76023e-03
3.49805e-04
-1.21631e-03
-1.58243e-03
-9.96259e-04
6.88869e-04
3.44346e-03
6.66574e-03
8.82512e-03
9.25738e-03
7.52296e-03
3.72274e-03
-7.58951e-04
-4.60189e-03
-8.04531e-03
-1.14854e-02
-1.50616e-02
-1.86919e-02
-2.19796e-02
-2.40487e-02
-2.38295e-02
-2.08114e-02
-1.58260e-02
-9.66696e-03
-1.65839e-03
7.92474e-03
1.68014e-02
2.26670e-02
2.58971e-02
2.84515e-02
3.01320e-02
2.98542e-02
2.75264e-02
2.45751e-02
2.11671e-02
1.71449e-02
1.30908e-02
9.25308e-03
5.78228e-03
2.85459e-03
5.11903e-04
-1.55712e-03
-3.43414e-03
-4.42587e-03
-3.70199e-03
-8.72955e-04
4.23104e-03
1.27714e-02
2.46035e-02
3.70265e-02
4.86036e-02
5.78692e-02
6.34352e-02
6.64232e-02
6.61048e-02
6.16094e-02
5.48994e-02
4.96165e-02
4.54743e-02
4.13234e-02
3.63326e-02
3.02054e-02
2.31491e-02
1.51874e-02
6.36911e-03
-2.77304e-03
-1.13257e-02
-1.92476e-02
-2.67267e-02
-3.38987e-02
-4.03432e-02
-4.56518e-02
-4.94335e-02
-5.18219e-02
-5.40373e-02
-5.68697e-02
-6.02335e-02
-6.38543e-02
-6.71709e-02
-6.92760e-02
-6.92017e-02
-6.64158e-02
-6.17094e-02
-5.75824e-02
-5.41380e-02
-5.10696e-02
-4.82928e-02
-4.56619e-02
-4.29014e-02
-3.96628e-02
-3.55634e-02
-3.02267e-02
-2.36285e-02
-1.65581e-02
-1.00734e-02
-4.81684e-03
-1.50342e-03
-7.07103e-04
-1.82326e-03
-2.73760e-03
-3.78266e-03
-5.55361e-03
-7.78641e-03
-9.31374e-03
-8.67709e-03
-5.45779e-03
-4.60637e-04
5.55946e-03
1.30586e-02
2.16840e-02
2.87814e-02
3.07904e-02
3.23451e-02
3.38056e-02
3.42057e-02
3.37288e-02
3.33843e-02
3.33622e-02
3.31894e-02
3.24391e-02
3.06188e-02
2.74590e-02
2.32104e-02
1.89613e-02
1.50133e-02
1.13322e-02
7.96087e-03
5.01915e-03
2.52360e-03
3.06921e-04
-1.39117e-03
-2.22473e-03
-2.30997e-03
-2.37415e-03
-2.54969e-03
-2.62956e-03
-2.47450e-03
-2.02164e-03
-1.39469e-03
-8.70218e-04
-4.30626e-04
2.25770e-04
1.54093e-03
3.98233e-03
7.71509e-03
1.21464e-02
1.61107e-02
1.92575e-02
2.12898e-02
2.17196e-02
2.03848e-02
1.80129e-02
1.50380e-02
1.16719e-02
8.45633e-03
5.20617e-03
1.73370e-03
-1.95674e-03
-5.84261e-03
-9.74532e-03
-1.33007e-02
-1.60000e-02
-1.73477e-02
-1.72875e-02
-1.64382e-02
-1.43348e-02
-1.09121e-02
-7.10649e-03
-2.71643e-03
2.18383e-03
6.70272e-03
1.01192e-02
1.23287e-02
1.37218e-02
1.44135e-02
1.50353e-02
1.58708e-02
1.66145e-02
1.69753e-02
1.68127e-02
1.62920e-02
1.59195e-02
1.59051e-02
1.63697e-02
1.73110e-02
1.84130e-02
1.93472e-02
2.00911e-02
2.06622e-02
2.10665e-02
2.13942e-02
2.18103e-02
2.21605e-02
2.21490e-02
2.14802e-02
1.99601e-02
1.78223e-02
1.57661e-02
1.33287e-02
9.73440e-03
4.44899e-03
-2.30689e-03
-9.14082e-03
-1.54024e-02
-2.06981e-02
-2.44770e-02
-2.63160e-02
-2.66593e-02
-2.72139e-02
-2.81817e-02
-2.89093e-02
-2.88073e-02
-2.75264e-02
-2.53665e-02
-2.34263e-02
-2.23691e-02
-2.25080e-02
-2.38383e-02
-2.56308e-02
-2.71317e-02
-2.83206e-02
-2.91959e-02
-2.96173e-02
-2.94629e-02
-2.88468e-02
-2.82806e-02
-2.77487e-02
-2.69821e-02
-2.58107e-02
-2.42846e-02
-2.28408e-02
-2.22733e-02
-2.28222e-02
-2.39497e-02
-2.47435e-02
-2.50774e-02
-2.49811e-02
-2.45077e-02
-2.39334e-02
-2.35988e-02
-2.33954e-02
-2.30335e-02
-2.21736e-02
-2.04859e-02
-1.78730e-02
-1.47512e-02
-1.18256e-02
-8.95837e-03
-5.80921e-03
-2.08367e-03
2.42872e-03
8.06290e-03
1.50723e-02
2.29401e-02
3.08760e-02
3.96639e-02
4.89469e-02
5.61481e-02
5.95738e-02
6.23465e-02
6.44330e-02
6.53010e-02
6.55386e-02
6.52390e-02
6.41151e-02
6.16089e-02
5.74071e-02
5.18666e-02
4.49133e-02
3.70932e-02
2.92883e-02
2.31084e-02
1.81002e-02
1.27554e-02
7.72182e-03
4.24369e-03
3.23736e-03
4.54471e-03
6.30798e-03
7.26364e-03
7.28439e-03
6.21806e-03
4.09434e-03
1.40494e-03
-1.99926e-03
-6.88162e-03
-1.34780e-02
-2.05829e-02
-2.55669e-02
-2.87905e-02
-3.14206e-02
-3.47593e-02
-3.88445e-02
-4.32123e-02
-4.71520e-02
-4.95930e-02
-4.93638e-02
-4.58959e-02
-4.07266e-02
-3.55114e-02
-3.00287e-02
-2.43908e-02
-1.95478e-02
-1.57168e-02
-1.26851e-02
-9.80653e-03
-7.15339e-03
-4.68498e-03
-2.25590e-03
-2.37082e-05
1.98588e-03
3.90770e-03
5.59585e-03
6.82152e-03
7.44780e-03
7.41151e-03
6.90708e-03
6.54035e-03
6.28632e-03
5.99052e-03
5.59218e-03
5.07759e-03
4.53125e-03
3.96776e-03
3.37790e-03
2.73543e-03
2.03241e-03
1.28408e-03
5.74224e-04
1.82650e-05
-2.22668e-04
-4.84723e-06
6.88183e-04
1.59388e-03
2.58279e-03
4.04303e-03
6.40978e-03
9.78584e-03
1.36512e-02
1.72924e-02
2.03906e-02
2.25239e-02
2.32546e-02
2.25729e-02
2.13783e-02
2.05470e-02
1.98685e-02
1.90121e-02
1.78149e-02
1.63069e-02
1.47684e-02
1.32870e-02
1.18130e-02
1.02147e-02
8.33436e-03
6.01698e-03
3.23720e-03
2.27598e-04
-2.81763e-03
-6.08085e-03
-9.70675e-03
-1.35989e-02
-1.72945e-02
-2.01744e-02
-2.18132e-02
-2.21620e-02
-2.18928e-02
-2.15973e-02
-2.08854e-02
-1.93822e-02
-1.72308e-02
-1.51852e-02
-1.32875e-02
-1.11266e-02
-8.53491e-03
-5.61627e-03
-2.62678e-03
-1.46639e-04
1.01307e-03
8.13286e-04
9.71427e-05
-2.84783e-04
-3.45230e-04
-2.01987e-04
8.45664e-05
3.94333e-04
5.95663e-04
5.59710e-04
1.15862e-04
-9.01759e-04
-2.45896e-03
-4.12649e-03
-5.31046e-03
-5.62464e-03
-4.74076e-03
-2.67592e-03
-1.85005e-04
2.01793e-03
4.15793e-03
6.55798e-03
9.37801e-03
1.25085e-02
1.55137e-02
1.81627e-02
2.02594e-02
2.16666e-02
2.26017e-02
2.36336e-02
2.41394e-02
2.31056e-02
1.97506e-02
1.41473e-02
8.02104e-03
3.19864e-03
-2.07705e-04
-2.75390e-03
-5.44283e-03
-8.29300e-03
-1.11452e-02
-1.40235e-02
-1.65636e-02
-1.83933e-02
-1.93019e-02
-1.95673e-02
-2.00124e-02
-2.06475e-02
-2.12708e-02
-2.17236e-02
-2.18324e-02
-2.15232e-02
-2.09130e-02
-2.03751e-02
-1.98565e-02
-1.92076e-02
-1.82975e-02
-1.70655e-02
-1.56323e-02
-1.43311e-02
-1.31318e-02
-1.18735e-02
-1.03296e-02
-8.24050e-03
-5.42508e-03
-2.02127e-03
1.35674e-03
4.36289e-03
7.13042e-03
9.95000e-03
1.31511e-02
1.67986e-02
2.07040e-02
2.43069e-02
2.66853e-02
2.71432e-02
2.58828e-02
2.42856e-02
2.30951e-02
2.20679e-02
2.09745e-02
1.97707e-02
1.86303e-02
1.79083e-02
1.80237e-02
1.91790e-02
2.09782e-02
2.25713e-02
2.37759e-02
2.43853e-02
2.40745e-02
2.26804e-02
2.05898e-02
1.84719e-02
1.59298e-02
1.25057e-02
8.29119e-03
4.04572e-03
1.71484e-04
-3.11679e-03
-5.57359e-03
-7.22191e-03
-8.60355e-03
-1.02578e-02
-1.20466e-02
-1.37488e-02
-1.51965e-02
-1.63133e-02
-1.71955e-02
-1.81515e-02
-1.93374e-02
-2.08768e-02
-2.28123e-02
-2.49411e-02
-2.67442e-02
-2.79370e-02
-2.83195e-02
-2.79281e-02
-2.72979e-02
-2.69302e-02
-2.66746e-02
-2.62511e-02
-2.53995e-02
-2.39387e-02
-2.19398e-02
-1.98457e-02
-1.78889e-02
-1.59661e-02
-1.39151e-02
-1.15889e-02
-8.90349e-03
-5.96889e-03
-3.12632e-03
-4.99737e-04
1.82422e-03
3.76986e-03
5.42767e-03
7.11224e-03
8.91814e-03
1.05935e-02
1.17872e-02
1.21646e-02
1.16235e-02
1.05975e-02
9.86746e-03
9.49098e-03
9.39069e-03
9.44931e-03
9.43885e-03
9.42373e-03
9.65129e-03
1.03688e-02
1.16891e-02
1.33720e-02
1.49707e-02
1.65230e-02
1.81279e-02
1.97779e-02
2.13809e-02
2.27322e-02
2.35958e-02
2.38064e-02
2.35153e-02
2.32996e-02
2.33233e-02
2.34817e-02
2.36235e-02
2.34993e-02
2.28032e-02
2.12509e-02
1.88394e-02
1.61028e-02
1.36763e-02
1.17205e-02
1.03686e-02
9.70843e-03
9.71677e-03
9.96253e-03
9.98644e-03
9.79375e-03
9.40573e-03
8.77547e-03
7.91650e-03
6.98773e-03
6.14540e-03
5.32656e-03
4.46981e-03
3.55528e-03
2.61514e-03
1.71130e-03
8.50715e-04
-1.24669e-04
-1.49152e-03
-3.57799e-03
-6.59881e-03
-1.03107e-02
-1.38802e-02
-1.73811e-02
-2.10387e-02
-2.49119e-02
-2.88978e-02
-3.29052e-02
-3.69032e-02
-4.07934e-02
-4.44301e-02
-4.76220e-02
-4.98349e-02
-5.05883e-02
-5.00007e-02
-4.91515e-02
-4.86514e-02
-4.83492e-02
-4.80721e-02
-4.77181e-02
-4.72162e-02
-4.64957e-02
-4.54686e-02
-4.40668e-02
-4.21708e-02
-3.94029e-02
-3.55450e-02
-3.09901e-02
-2.64679e-02
-2.17475e-02
-1.65287e-02
-1.08675e-02
-5.29269e-03
-5.62969e-04
3.46020e-03
7.46598e-03
1.15895e-02
1.56856e-02
1.96620e-02
2.34694e-02
2.70399e-02
3.04005e-02
3.37162e-02
3.68398e-02
3.94365e-02
4.11912e-02
4.20671e-02
4.25695e-02
4.32039e-02
4.38349e-02
4.42845e-02
4.45120e-02
4.46474e-02
4.48156e-02
4.49361e-02
4.48274e-02
4.42668e-02
4.30481e-02
4.12115e-02
3.91440e-02
3.66898e-02
3.34737e-02
2.94450e-02
2.51261e-02
2.11236e-02
1.74696e-02
1.40709e-02
1.07127e-02
7.14194e-03
3.19971e-03
-1.23976e-03
-6.18890e-03
-1.13324e-02
-1.58922e-02
-1.94552e-02
-2.27150e-02
-2.55736e-02
-2.78054e-02
-2.95952e-02
-3.15135e-02
-3.30968e-02
-3.35608e-02
-3.22839e-02
-2.92287e-02
-2.55138e-02
-2.22777e-02
-1.93883e-02
-1.64854e-02
-1.32258e-02
-9.26096e-03
-4.37978e-03
1.22419e-03
6.80006e-03
1.20618e-02
1.66349e-02
1.99496e-02
2.15882e-02
2.17174e-02
2.06872e-02
1.88002e-02
1.72103e-02
1.57727e-02
1.41439e-02
1.22454e-02
1.01495e-02
7.82389e-03
5.24905e-03
2.55165e-03
-5.03144e-06
-2.25786e-03
-4.08062e-03
-5.43725e-03
-6.53168e-03
-7.47807e-03
-8.00523e-03
-7.89204e-03
-7.30543e-03
-6.87979e-03
-6.82065e-03
-7.25660e-03
-8.26438e-03
-9.57312e-03
-1.04690e-02
-1.04104e-02
-8.90868e-03
-5.74963e-03
-1.71424e-03
1.21890e-03
2.51124e-03
2.13579e-03
7.27367e-04
-9.68915e-05
-3.68495e-04
-5.31905e-04
-1.04115e-03
-2.39010e-03
-4.91531e-03
-8.48624e-03
-1.22245e-02
-1.54430e-02
-1.78643e-02
-1.92484e-02
-1.96297e-02
-1.95795e-02
-1.92080e-02
-1.81037e-02
-1.61966e-02
-1.40752e-02
-1.20983e-02
-1.02059e-02
-8.36006e-03
-6.56953e-03
-4.82378e-03
-3.05313e-03
-1.30302e-03
4.01486e-04
2.12061e-03
4.01335e-03
6.31194e-03
9.22871e-03
1.27441e-02
1.64242e-02
1.99372e-02
2.31353e-02
2.57749e-02
2.75752e-02
2.84895e-02
2.89367e-02
2.89551e-02
2.81761e-02
2.66070e-02
2.49194e-02
2.34808e-02
2.21156e-02
2.05442e-02
1.84471e-02
1.55506e-02
1.17996e-02
7.70350e-03
4.39964e-03
2.17235e-03
8.10278e-04
-3.80447e-04
-1.80105e-03
-3.37496e-03
-5.05058e-03
-6.85649e-03
-8.88519e-03
-1.12082e-02
-1.37352e-02
-1.61366e-02
-1.83760e-02
-2.04508e-02
-2.23308e-02
-2.40556e-02
-2.57435e-02
-2.71419e-02
-2.79149e-02
-2.78613e-02
-2.72089e-02
-2.67040e-02
-2.61705e-02
-2.52042e-02
-2.35096e-02
-2.10395e-02
-1.82579e-02
-1.56501e-02
-1.31988e-02
-1.08254e-02
-8.48972e-03
-6.16885e-03
-4.14105e-03
-2.77945e-03
-2.36058e-03
-2.71987e-03
-3.07100e-03
-3.21990e-03
-3.28602e-03
-3.33155e-03
-3.38218e-03
-3.42389e-03
-3.45613e-03
-3.50843e-03
-3.60468e-03
-3.68781e-03
-3.67786e-03
-3.48354e-03
-3.04009e-03
-2.36909e-03
-1.65316e-03
-1.03348e-03
-3.97579e-04
4.63877e-04
1.76919e-03
3.66806e-03
6.02669e-03
8.33411e-03
1.04496e-02
1.24525e-02
1.44288e-02
1.64895e-02
1.86575e-02
2.07837e-02
2.25873e-02
2.37447e-02
2.40155e-02
2.35675e-02
2.31298e-02
2.28679e-02
2.26408e-02
2.23620e-02
2.19987e-02
2.15974e-02
2.11752e-02
2.07336e-02
2.02449e-02
1.96636e-02
1.89296e-02
1.80222e-02
1.70134e-02
1.60408e-02
1.50848e-02
1.41143e-02
1.31256e-02
1.21510e-02
1.12546e-02
1.05200e-02
9.99698e-03
9.63202e-03
9.28575e-03
8.94406e-03
8.54601e-03
7.93734e-03
6.90544e-03
5.27650e-03
3.11370e-03
8.78213e-04
-1.18504e-03
-3.16982e-03
-5.20690e-03
-7.40682e-03
-9.84348e-03
-1.24888e-02
-1.51632e-02
-1.76257e-02
-1.96147e-02
-2.08682e-02
-2.12987e-02
-2.12701e-02
-2.13492e-02
-2.12008e-02
-2.02897e-02
-1.82814e-02
-1.52669e-02
-1.16399e-02
-7.86468e-03
-3.87965e-03
1.94970e-04
3.72527e-03
5.73224e-03
6.44687e-03
7.09145e-03
7.25593e-03
6.31392e-03
4.23980e-03
1.83248e-03
-4.28373e-04
-2.64708e-03
-4.85102e-03
-6.92733e-03
-8.66276e-03
-9.86315e-03
-1.05531e-02
-1.11530e-02
-1.18921e-02
-1.27032e-02
-1.35144e-02
-1.42943e-02
-1.50308e-02
-1.57305e-02
-1.64024e-02
-1.70627e-02
-1.77255e-02
-1.84118e-02
-1.91550e-02
-1.99942e-02
-2.09264e-02
-2.18657e-02
-2.26030e-02
-2.28194e-02
-2.21815e-02
-2.05686e-02
-1.84145e-02
-1.64964e-02
-1.47857e-02
-1.31269e-02
-1.14394e-02
-9.65925e-03
-7.75762e-03
-5.72777e-03
-3.61168e-03
-1.50533e-03
4.52450e-04
2.07164e-03
3.16319e-03
3.67246e-03
3.88139e-03
4.25191e-03
4.68187e-03
4.93602e-03
4.81914e-03
4.22904e-03
3.32040e-03
2.41722e-03
1.58134e-03
8.92194e-04
5.29005e-04
6.74484e-04
1.39143e-03
2.39411e-03
3.19849e-03
3.83305e-03
4.45245e-03
5.21801e-03
6.33804e-03
7.99312e-03
1.02389e-02
1.28011e-02
1.52442e-02
1.76748e-02
2.03000e-02
2.32159e-02
2.63492e-02
2.93273e-02
3.15602e-02
3.25796e-02
3.22490e-02
3.11950e-02
3.05138e-02
3.01314e-02
2.97534e-02
2.91451e-02
2.80917e-02
2.64890e-02
2.44710e-02
2.24799e-02
2.06191e-02
1.87768e-02
1.68028e-02
1.45299e-02
1.18442e-02
8.81063e-03
5.75255e-03
2.75701e-03
-1.93387e-04
-3.06754e-03
-5.78251e-03
-8.22904e-03
-1.03485e-02
-1.22287e-02
-1.38541e-02
-1.48893e-02
-1.50639e-02
-1.45453e-02
-1.40733e-02
-1.38010e-02
-1.35300e-02
-1.30555e-02
-1.21872e-02
-1.08444e-02
-9.19273e-03
-7.71029e-03
-6.54735e-03
-5.77590e-03
-5.37747e-03
-5.10352e-03
-4.71352e-03
-4.24006e-03
-3.74698e-03
-3.27049e-03
-2.82872e-03
-2.42107e-03
-2.03273e-03
-1.64020e-03
-1.21406e-03
-7.29215e-04
-1.73703e-04
4.24232e-04
9.95376e-04
1.54686e-03
2.11248e-03
2.72330e-03
3.40104e-03
4.12569e-03
4.81455e-03
5.30296e-03
5.37738e-03
4.85756e-03
3.79638e-03
2.62806e-03
1.59741e-03
6.42666e-04
-2.96165e-04
-1.24488e-03
-2.20707e-03
-3.18919e-03
-4.21716e-03
-5.35321e-03
-6.67669e-03
-8.24000e-03
-9.97527e-03
-1.17077e-02
-1.33368e-02
-1.46951e-02
-1.55411e-02
-1.56838e-02
-1.52115e-02
-1.46753e-02
-1.43283e-02
-1.39689e-02
-1.33236e-02
-1.21593e-02
-1.03915e-02
-8.27354e-03
-6.26484e-03
-4.39253e-03
-2.62135e-03
-9.65099e-04
5.70872e-04
2.01611e-03
3.37284e-03
4.34462e-03
4.59871e-03
4.00135e-03
2.91076e-03
2.00101e-03
1.30315e-03
7.62714e-04
3.92612e-04
1.60371e-04
-5.36200e-05
-3.52112e-04
-6.60705e-04
-8.84747e-04
-9.50828e-04
-8.50171e-04
-6.73616e-04
-5.22645e-04
-3.92644e-04
-2.69290e-04
-1.43110e-04
-1.09761e-05
1.28912e-04
2.73534e-04
4.21901e-04
5.70950e-04
7.21352e-04
8.71893e-04
1.02366e-03
1.17394e-03
1.32329e-03
1.47086e-03
1.61859e-03
1.76635e-03
1.91680e-03
2.07034e-03
2.22895e-03
2.39076e-03
2.55404e-03
2.71225e-03
2.86059e-03
3.00480e-03
3.16868e-03
3.37852e-03
3.65030e-03
3.95889e-03
4.21613e-03
4.25366e-03
3.86145e-03
2.87473e-03
1.39074e-03
-1.14644e-04
-1.51942e-03
-2.86388e-03
-4.10476e-03
-5.13488e-03
-5.82239e-03
-6.14521e-03
-6.31697e-03
-6.57028e-03
-6.87928e-03
-7.21681e-03
-7.59701e-03
-8.04211e-03
-8.53714e-03
-8.98148e-03
-9.15449e-03
-8.74599e-03
-7.47515e-03
-5.35727e-03
-2.98715e-03
-9.96263e-04
6.10386e-04
1.97366e-03
3.30989e-03
4.69200e-03
6.01652e-03
7.18745e-03
8.21737e-03
9.26074e-03
1.03230e-02
1.13929e-02
1.24793e-02
1.35748e-02
1.46250e-02
1.54671e-02
1.58744e-02
1.56333e-02
1.47605e-02
1.36191e-02
1.20722e-02
9.81180e-03
6.91045e-03
3.96787e-03
1.16693e-03
-1.50849e-03
-3.98110e-03
-6.14067e-03
-7.92582e-03
-9.46669e-03
-1.07816e-02
-1.15268e-02
-1.14099e-02
-1.05959e-02
-9.78609e-03
-8.84233e-03
-7.50217e-03
-5.76962e-03
-3.93175e-03
-2.17791e-03
-4.58779e-04
1.29317e-03
3.16711e-03
5.24196e-03
7.56110e-03
1.00342e-02
1.23904e-02
1.43240e-02
1.56131e-02
1.61867e-02
1.63785e-02
1.67558e-02
1.72921e-02
1.78511e-02
1.83547e-02
1.87319e-02
1.89573e-02
1.90428e-02
1.90724e-02
1.90672e-02
1.88823e-02
1.83059e-02
1.71645e-02
1.55095e-02
1.36846e-02
1.12388e-02
7.63349e-03
2.75617e-03
-2.64173e-03
-7.21558e-03
-1.06139e-02
-1.28698e-02
-1.45303e-02
-1.65121e-02
-1.88136e-02
-2.13059e-02
-2.39294e-02
-2.65990e-02
-2.91446e-02
-3.12443e-02
-3.24452e-02
-3.23263e-02
-3.08782e-02
-2.89364e-02
-2.73485e-02
-2.60074e-02
-2.46832e-02
-2.32206e-02
-2.14869e-02
-1.94235e-02
-1.69707e-02
-1.38996e-02
-1.01132e-02
-5.93602e-03
-2.43493e-03
-1.23382e-03
-1.65051e-03
-1.68776e-03
-1.27747e-03
-6.99520e-04
-8.89307e-05
4.68321e-04
9.94305e-04
1.55155e-03
2.22104e-03
2.99350e-03
3.75312e-03
4.50601e-03
5.27232e-03
6.02910e-03
6.74927e-03
7.40274e-03
8.00417e-03
8.62569e-03
9.42041e-03
1.05777e-02
1.22378e-02
1.43274e-02
1.63428e-02
1.73151e-02
1.67776e-02
1.50760e-02
1.34231e-02
1.21289e-02
1.10229e-02
9.99392e-03
8.98250e-03
7.97605e-03
6.95677e-03
5.97901e-03
5.22189e-03
4.85081e-03
4.86867e-03
5.01820e-03
5.13715e-03
5.21452e-03
5.18670e-03
4.91639e-03
4.25082e-03
3.13142e-03
1.77032e-03
5.40347e-04
-5.87450e-04
-1.71480e-03
-2.90358e-03
-4.19609e-03
-5.57577e-03
-6.95824e-03
-8.16636e-03
-8.96322e-03
-9.12724e-03
-8.64650e-03
-7.91418e-03
-7.33968e-03
-6.87679e-03
-6.43709e-03
-5.97708e-03
-5.47809e-03
-4.93794e-03
-4.36094e-03
-3.74872e-03
-3.10655e-03
-2.44929e-03
-1.82143e-03
-1.30064e-03
-9.91868e-04
-9.79168e-04
-1.23548e-03
-1.54139e-03
-1.78915e-03
-2.03442e-03
-2.34199e-03
-2.74286e-03
-3.21826e-03
-3.71822e-03
-4.27256e-03
-4.90257e-03
-5.57653e-03
-6.17750e-03
-6.49453e-03
-6.26445e-03
-5.29515e-03
-3.72592e-03
-2.17605e-03
-7.86457e-04
5.45530e-04
1.87659e-03
3.21216e-03
4.50431e-03
5.67904e-03
6.68374e-03
7.54447e-03
8.22983e-03
8.53392e-03
8.30422e-03
7.67439e-03
7.13140e-03
6.69756e-03
6.32567e-03
6.03321e-03
5.84213e-03
5.74756e-03
5.66269e-03
5.54265e-03
5.39769e-03
5.22826e-03
5.02383e-03
4.78477e-03
4.54914e-03
4.41282e-03
4.52649e-03
5.04298e-03
5.99710e-03
7.15493e-03
8.19900e-03
8.95868e-03
9.20773e-03
8.70856e-03
7.45642e-03
5.92574e-03
4.60353e-03
3.42703e-03
2.28428e-03
1.12185e-03
-8.71502e-05
-1.35284e-03
-2.68410e-03
-4.09062e-03
-5.56426e-03
-7.03544e-03
-8.33934e-03
-9.22929e-03
-9.44978e-03
-8.91080e-03
-7.95368e-03
-7.18023e-03
-6.54283e-03
-5.89290e-03
-5.16045e-03
-4.33562e-03
-3.50451e-03
-2.84019e-03
-2.57099e-03
-2.88459e-03
-3.73590e-03
-4.69782e-03
-5.55331e-03
-6.40420e-03
-7.33831e-03
-8.35115e-03
-9.31612e-03
-9.97952e-03
-1.00223e-02
-9.20857e-03
-7.69741e-03
-6.21223e-03
-4.92911e-03
-3.73493e-03
-2.55205e-03
-1.32565e-03
-2.55814e-05
1.37085e-03
2.86761e-03
4.43442e-03
5.97233e-03
7.29431e-03
8.14208e-03
8.27864e-03
7.69465e-03
6.83873e-03
6.16936e-03
5.63118e-03
5.11250e-03
4.55323e-03
3.91990e-03
3.21316e-03
2.46108e-03
1.72230e-03
1.08149e-03
6.32287e-04
4.38404e-04
4.47282e-04
4.46131e-04
3.82939e-04
2.94437e-04
2.09188e-04
1.49658e-04
1.23865e-04
1.26838e-04
1.31583e-04
9.07467e-05
-6.07897e-05
-3.80020e-04
-8.70826e-04
-1.42708e-03
-1.94184e-03
-2.42662e-03
-2.90739e-03
-3.39549e-03
-3.89735e-03
-4.41023e-03
-4.92984e-03
-5.44863e-03
-5.96280e-03
-6.47038e-03
-6.97665e-03
-7.48998e-03
-8.02246e-03
-8.57890e-03
-9.14994e-03
-9.69759e-03
-1.01543e-02
-1.04318e-02
-1.04616e-02
-1.02720e-02
-1.00504e-02
-9.86737e-03
-9.62552e-03
-9.20860e-03
-8.54147e-03
-7.66101e-03
-6.76915e-03
-5.97027e-03
-5.20090e-03
-4.33365e-03
-3.20085e-03
-1.63900e-03
4.04052e-04
2.70791e-03
4.88839e-03
6.96127e-03
9.01630e-03
1.11156e-02
1.33081e-02
1.55956e-02
1.79102e-02
2.00843e-02
2.18607e-02
2.29650e-02
2.31753e-02
2.23507e-02
2.09352e-02
1.97613e-02
1.87869e-02
1.78443e-02
1.68660e-02
1.58184e-02
1.47148e-02
1.35767e-02
1.24259e-02
1.12638e-02
1.00891e-02
8.91210e-03
7.76249e-03
6.68955e-03
5.75643e-03
5.00783e-03
4.40610e-03
3.79333e-03
3.12743e-03
2.42953e-03
1.72091e-03
1.03002e-03
3.93281e-04
-1.49937e-04
-5.84581e-04
-9.52183e-04
-1.33309e-03
-1.88257e-03
-2.83340e-03
-4.41367e-03
-6.65887e-03
-9.19042e-03
-1.15494e-02
-1.36033e-02
-1.51894e-02
-1.61166e-02
-1.63929e-02
-1.64471e-02
-1.67107e-02
-1.71129e-02
-1.75191e-02
-1.78249e-02
-1.79298e-02
-1.77641e-02
-1.73212e-02
-1.65263e-02
-1.51593e-02
-1.31509e-02
-1.09122e-02
-9.37458e-03
-8.70294e-03
-8.57798e-03
-8.30100e-03
-7.82659e-03
-7.24634e-03
-6.55646e-03
-5.73583e-03
-4.73835e-03
-3.61507e-03
-2.53416e-03
-1.48030e-03
-4.20221e-04
6.09024e-04
1.52879e-03
2.22620e-03
2.62915e-03
2.81496e-03
3.06689e-03
3.37982e-03
3.70359e-03
4.01815e-03
4.31748e-03
4.60842e-03
4.90163e-03
5.19878e-03
5.48516e-03
5.72091e-03
5.85181e-03
5.82831e-03
5.66202e-03
5.46268e-03
5.28874e-03
5.11662e-03
4.93442e-03
4.75590e-03
4.62658e-03
4.60857e-03
4.75743e-03
5.05882e-03
5.38833e-03
5.67670e-03
5.94851e-03
6.22798e-03
6.52889e-03
6.84789e-03
7.16660e-03
7.44771e-03
7.64876e-03
7.73636e-03
7.73138e-03
7.72587e-03
7.74549e-03
7.77790e-03
7.81868e-03
7.86288e-03
7.90626e-03
7.93386e-03
7.92301e-03
7.84338e-03
7.67694e-03
7.44426e-03
7.22630e-03
7.05631e-03
6.93835e-03
6.85500e-03
6.75093e-03
6.51634e-03
6.00201e-03
5.07028e-03
3.72048e-03
2.21888e-03
8.36070e-04
-4.68257e-04
-1.77384e-03
-3.13620e-03
-4.58679e-03
-6.11333e-03
-7.64043e-03
-9.01965e-03
-1.00467e-02
-1.05361e-02
-1.04760e-02
-1.02040e-02
-1.00641e-02
-1.00127e-02
-9.96569e-03
-9.88879e-03
-9.77746e-03
-9.66447e-03
-9.59921e-03
-9.63178e-03
-9.77097e-03
-9.95352e-03
-1.01124e-02
-1.02658e-02
-1.04402e-02
-1.06510e-02
-1.08915e-02
-1.11223e-02
-1.12643e-02
-1.12133e-02
-1.08795e-02
-1.02744e-02
-9.59561e-03
-9.03399e-03
-8.53886e-03
-7.98863e-03
-7.22687e-03
-6.08894e-03
-4.47649e-03
-2.52905e-03
-6.76802e-04
1.10008e-03
2.90962e-03
4.79417e-03
6.73797e-03
8.62164e-03
1.02357e-02
1.13288e-02
1.17385e-02
1.16502e-02
1.16976e-02
1.18934e-02
1.21444e-02
1.24245e-02
1.27095e-02
1.29711e-02
1.31329e-02
1.30653e-02
1.26109e-02
1.16698e-02
1.03864e-02
9.21729e-03
8.15284e-03
7.09553e-03
6.00360e-03
4.86095e-03
3.70296e-03
2.59969e-03
1.64763e-03
9.21612e-04
4.04640e-04
-7.57441e-05
-6.14706e-04
-1.18680e-03
-1.75558e-03
-2.29399e-03
-2.78207e-03
-3.21756e-03
-3.62048e-03
-4.04251e-03
-4.55381e-03
-5.17807e-03
-5.83582e-03
-6.32685e-03
-6.33395e-03
-5.52233e-03
-3.75576e-03
-1.44431e-03
5.96852e-04
2.10812e-03
2.84990e-03
2.56999e-03
1.40243e-03
1.16207e-04
-8.79803e-04
-1.74157e-03
-2.62385e-03
-3.60325e-03
-4.66782e-03
-5.73044e-03
-6.64224e-03
-7.25457e-03
-7.50041e-03
-7.53265e-03
-7.63541e-03
-7.80859e-03
-8.00436e-03
-8.20579e-03
-8.39129e-03
-8.54236e-03
-8.62324e-03
-8.59645e-03
-8.43145e-03
-8.16107e-03
-7.89893e-03
-7.67258e-03
-7.45767e-03
-7.23909e-03
-7.00409e-03
-6.75253e-03
-6.48876e-03
-6.22832e-03
-5.98688e-03
-5.77913e-03
-5.59876e-03
-5.40991e-03
-5.13085e-03
-4.64888e-03
-3.85487e-03
-2.74054e-03
-1.49529e-03
-3.13327e-04
8.39708e-04
2.00623e-03
3.18111e-03
4.31115e-03
5.30604e-03
6.07365e-03
6.59907e-03
7.02417e-03
7.50197e-03
8.01669e-03
8.54404e-03
9.08092e-03
9.63197e-03
1.01934e-02
1.07364e-02
1.11919e-02
1.14602e-02
1.14451e-02
1.11423e-02
1.07307e-02
1.03949e-02
1.01098e-02
9.83075e-03
9.53419e-03
9.21153e-03
8.86743e-03
8.51727e-03
8.17933e-03
7.86906e-03
7.58484e-03
7.29875e-03
6.94552e-03
6.43241e-03
5.66813e-03
4.64048e-03
3.49723e-03
2.39169e-03
1.29845e-03
1.99379e-04
-8.67442e-04
-1.81090e-03
-2.51576e-03
-2.90209e-03
-3.05752e-03
-3.28147e-03
-3.58085e-03
-3.90859e-03
-4.24969e-03
-4.58176e-03
-4.87853e-03
-5.08721e-03
-5.14379e-03
-4.99130e-03
-4.65441e-03
-4.28521e-03
-3.96996e-03
-3.68340e-03
-3.40014e-03
-3.10260e-03
-2.78386e-03
-2.44093e-03
-2.08040e-03
-1.71485e-03
-1.37033e-03
-1.08005e-03
-8.79774e-04
-7.80549e-04
-7.38483e-04
-6.72126e-04
-5.85683e-04
-4.93277e-04
-4.01586e-04
-3.11782e-04
-2.23687e-04
-1.36558e-04
-5.56236e-05
9.78954e-06
4.48372e-05
3.98006e-05
5.40599e-07
-3.74187e-05
-5.61217e-05
-6.24402e-05
-7.26137e-05
-1.04645e-04
-1.76143e-04
-2.87090e-04
-4.05335e-04
-4.47983e-04
-2.86141e-04
2.20588e-04
1.13213e-03
2.28850e-03
3.38746e-03
4.44267e-03
5.48424e-03
6.46246e-03
7.27203e-03
7.78636e-03
7.95185e-03
7.92225e-03
7.98181e-03
8.11500e-03
8.26092e-03
8.39218e-03
8.48968e-03
8.55208e-03
8.58467e-03
8.60599e-03
8.64081e-03
8.72060e-03
8.86518e-03
9.06413e-03
9.24461e-03
9.25803e-03
8.89243e-03
7.95318e-03
6.42763e-03
4.67756e-03
3.07127e-03
1.56428e-03
6.82468e-05
-1.45499e-03
-3.02023e-03
-4.61396e-03
-6.21739e-03
-7.81256e-03
-9.40092e-03
-1.10018e-02
-1.26525e-02
-1.43817e-02
-1.61794e-02
-1.79511e-02
-1.94978e-02
-2.05334e-02
-2.07930e-02
-2.02591e-02
-1.94212e-02
-1.87803e-02
-1.82779e-02
-1.77957e-02
-1.72796e-02
-1.67033e-02
-1.60750e-02
-1.54119e-02
-1.47385e-02
-1.40705e-02
-1.34177e-02
-1.27756e-02
-1.21318e-02
-1.14627e-02
-1.07450e-02
-9.96226e-03
-9.13392e-03
-8.31790e-03
-7.51651e-03
-6.71876e-03
-5.92178e-03
-5.12126e-03
-4.31790e-03
-3.51042e-03
-2.70068e-03
-1.88811e-03
-1.07537e-03
-2.64203e-04
5.40231e-04
1.33541e-03
2.12008e-03
2.90350e-03
3.70464e-03
4.55628e-03
5.49101e-03
6.52377e-03
7.61283e-03
8.68395e-03
9.73662e-03
1.07812e-02
1.18152e-02
1.28375e-02
1.38489e-02
1.48654e-02
1.59155e-02
1.70354e-02
1.82406e-02
1.94918e-02
2.06544e-02
2.14878e-02
2.16944e-02
2.10583e-02
1.97434e-02
1.84585e-02
1.73711e-02
1.63642e-02
1.53570e-02
1.42992e-02
1.31750e-02
1.19849e-02
1.07449e-02
9.48393e-03
8.25156e-03
7.12004e-03
6.17201e-03
5.46540e-03
4.95041e-03
4.42568e-03
3.84320e-03
3.23750e-03
2.63125e-03
2.03869e-03
1.46146e-03
8.97370e-04
3.39718e-04
-2.15495e-04
-7.72542e-04
-1.33207e-03
-1.89522e-03
-2.46102e-03
-3.02999e-03
-3.60077e-03
-4.17255e-03
-4.74154e-03
-5.30495e-03
-5.85986e-03
-6.40908e-03
-6.96075e-03
-7.53129e-03
-8.13676e-03
-8.78356e-03
-9.44681e-03
-1.00582e-02
-1.04982e-02
-1.06309e-02
-1.03677e-02
-9.82369e-03
-9.36684e-03
-8.99928e-03
-8.65244e-03
-8.29932e-03
-7.91949e-03
-7.51483e-03
-7.08972e-03
-6.65671e-03
-6.22308e-03
-5.79701e-03
-5.37918e-03
-4.96939e-03
-4.56011e-03
-4.14371e-03
-3.70980e-03
-3.25672e-03
-2.79498e-03
-2.35972e-03
-2.00772e-03
-1.80716e-03
-1.79990e-03
-1.93191e-03
-2.02293e-03
-2.07284e-03
-2.11227e-03
-2.15393e-03
-2.20469e-03
-2.26499e-03
-2.33440e-03
-2.41500e-03
-2.51070e-03
-2.62470e-03
-2.74978e-03
-2.86164e-03
-2.91177e-03
-2.83786e-03
-2.58741e-03
-2.17859e-03
-1.74287e-03
-1.35553e-03
-9.97542e-04
-6.46296e-04
-2.83218e-04
1.05621e-04
5.29943e-04
9.85662e-04
1.44705e-03
1.85417e-03
2.11643e-03
2.13544e-03
1.86879e-03
1.42728e-03
1.01867e-03
6.21292e-04
2.05321e-04
-1.88172e-04
-4.52025e-04
-4.31609e-04
4.24765e-06
8.19160e-04
1.69720e-03
2.46295e-03
3.16893e-03
3.87826e-03
4.63602e-03
5.46654e-03
6.36493e-03
7.28058e-03
8.10879e-03
8.69453e-03
8.88217e-03
8.61411e-03
8.09222e-03
7.67429e-03
7.34719e-03
7.03813e-03
6.71582e-03
6.36009e-03
5.97361e-03
5.56378e-03
5.14593e-03
4.73072e-03
4.32790e-03
3.93701e-03
3.55069e-03
3.14754e-03
2.69914e-03
2.17407e-03
1.56225e-03
9.00453e-04
2.58114e-04
-3.67739e-04
-9.88420e-04
-1.60974e-03
-2.23373e-03
-2.86240e-03
-3.49723e-03
-4.14260e-03
-4.80068e-03
-5.47013e-03
-6.13658e-03
-6.77142e-03
-7.33088e-03
-7.77452e-03
-8.09636e-03
-8.36749e-03
-8.66405e-03
-8.98907e-03
-9.33990e-03
-9.72093e-03
-1.01218e-02
-1.05049e-02
-1.07883e-02
-1.08578e-02
-1.06046e-02
-1.00243e-02
-9.31930e-03
-8.69790e-03
-8.13354e-03
-7.57699e-03
-7.00356e-03
-6.40339e-03
-5.78021e-03
-5.14570e-03
-4.51310e-03
-3.89298e-03
-3.28588e-03
-2.67910e-03
-2.04232e-03
-1.33408e-03
-5.15127e-04
4.16595e-04
1.39204e-03
2.33856e-03
3.26328e-03
4.18141e-03
5.10249e-03
6.03376e-03
6.98089e-03
7.94655e-03
8.92741e-03
9.90669e-03
1.08516e-02
1.17135e-02
1.24464e-02
1.30420e-02
1.35760e-02
1.41309e-02
1.47102e-02
1.53174e-02
1.59698e-02
1.66736e-02
1.73993e-02
1.80512e-02
1.84602e-02
1.84192e-02
1.77827e-02
1.66783e-02
1.56192e-02
1.47096e-02
1.38215e-02
1.28277e-02
1.16166e-02
1.01359e-02
8.46465e-03
6.83748e-03
5.26915e-03
3.72153e-03
2.16293e-03
5.55634e-04
-1.12170e-03
-2.85906e-03
-4.58500e-03
-6.15416e-03
-7.36178e-03
-8.01855e-03
-8.11124e-03
-7.98394e-03
-7.98998e-03
-8.08919e-03
-8.20418e-03
-8.30629e-03
-8.38839e-03
-8.45952e-03
-8.51689e-03
-8.53109e-03
-8.43239e-03
-8.13068e-03
-7.55707e-03
-6.77530e-03
-6.02050e-03
-5.25740e-03
-4.42381e-03
-3.55126e-03
-2.77101e-03
-2.33308e-03
-2.52534e-03
-3.53574e-03
-5.12453e-03
-6.52201e-03
-7.72393e-03
-8.88126e-03
-1.00703e-02
-1.13605e-02
-1.27686e-02
-1.42714e-02
-1.57663e-02
-1.70785e-02
-1.79703e-02
-1.82381e-02
-1.78820e-02
-1.73113e-02
-1.69361e-02
-1.67058e-02
-1.64794e-02
-1.61153e-02
-1.54507e-02
-1.43618e-02
-1.28546e-02
-1.11905e-02
-9.62944e-03
-8.15013e-03
-6.68956e-03
-5.20941e-03
-3.67748e-03
-2.08496e-03
-4.43988e-04
1.19336e-03
2.73693e-03
4.06238e-03
5.06176e-03
5.73121e-03
6.28095e-03
6.92419e-03
7.64083e-03
8.37355e-03
9.07657e-03
9.69529e-03
1.01831e-02
1.05116e-02
1.07292e-02
1.09710e-02
1.12422e-02
1.15227e-02
1.18146e-02
1.21228e-02
1.24570e-02
1.28065e-02
1.31309e-02
1.33428e-02
1.33298e-02
1.29941e-02
1.23670e-02
1.16855e-02
1.10838e-02
1.05247e-02
9.97151e-03
9.40308e-03
8.81452e-03
8.20583e-03
7.58277e-03
6.94779e-03
6.30639e-03
5.66470e-03
5.03942e-03
4.45423e-03
3.93979e-03
3.51297e-03
3.14922e-03
2.76499e-03
2.36193e-03
1.95461e-03
1.55153e-03
1.15645e-03
7.70330e-04
3.89138e-04
8.37133e-06
-3.78850e-04
-7.75008e-04
-1.17844e-03
-1.57519e-03
-1.94138e-03
-2.24306e-03
-2.45434e-03
-2.58224e-03
-2.69448e-03
-2.82704e-03
-2.97139e-03
-3.11600e-03
-3.25684e-03
-3.39118e-03
-3.52053e-03
-3.64466e-03
-3.76486e-03
-3.87991e-03
-3.99161e-03
-4.10225e-03
-4.21969e-03
-4.35132e-03
-4.50345e-03
-4.66834e-03
-4.81930e-03
-4.90150e-03
-4.84549e-03
-4.59174e-03
-4.15953e-03
-3.69320e-03
-3.27472e-03
-2.88133e-03
-2.49037e-03
-2.08828e-03
-1.67191e-03
-1.24155e-03
-8.02563e-04
-3.58714e-04
8.43075e-05
5.23755e-04
9.55839e-04
1.38117e-03
1.80208e-03
2.22822e-03
2.67112e-03
3.14311e-03
3.64264e-03
4.14501e-03
4.58758e-03
4.87636e-03
4.91139e-03
4.65699e-03
4.24047e-03
3.89229e-03
3.60173e-03
3.32341e-03
3.03619e-03
2.72947e-03
2.40399e-03
2.06582e-03
1.72182e-03
1.37791e-03
1.03610e-03
6.96958e-04
3.58568e-04
2.04001e-05
-3.17971e-04
-6.53434e-04
-9.82420e-04
-1.29947e-03
-1.60375e-03
-1.90067e-03
-2.20202e-03
-2.50616e-03
-2.81075e-03
-3.11233e-03
-3.40960e-03
-3.70142e-03
-3.99141e-03
-4.28516e-03
-4.59221e-03
-4.91838e-03
-5.26124e-03
-5.59789e-03
-5.88242e-03
-6.04770e-03
-6.03287e-03
-5.83342e-03
-5.56379e-03
-5.33973e-03
-5.14830e-03
-4.96149e-03
-4.76742e-03
-4.55956e-03
-4.34035e-03
-4.11300e-03
-3.88336e-03
-3.65384e-03
-3.42693e-03
-3.20144e-03
-2.97727e-03
-2.75232e-03
-2.52717e-03
-2.30171e-03
-2.07890e-03
-1.86013e-03
-1.64722e-03
-1.43630e-03
-1.21951e-03
-9.80805e-04
-7.03574e-04
-3.75633e-04
-1.25316e-05
3.39536e-04
6.79751e-04
1.01820e-03
1.35767e-03
1.70117e-03
2.04646e-03
2.39207e-03
2.73379e-03
3.07136e-03
3.40618e-03
3.74720e-03
4.10644e-03
4.49924e-03
4.93237e-03
5.39213e-03
5.83566e-03
6.26135e-03
6.67702e-03
7.09547e-03
7.53344e-03
8.00869e-03
8.52533e-03
9.05916e-03
9.53890e-03
9.84567e-03
9.84053e-03
9.43609e-03
8.74661e-03
8.14425e-03
7.62966e-03
7.13553e-03
6.63302e-03
6.10335e-03
5.54689e-03
4.96959e-03
4.38222e-03
3.79336e-03
3.20902e-03
2.63111e-03
2.05800e-03
1.48516e-03
9.05672e-04
3.13437e-04
-2.93947e-04
-9.07805e-04
-1.50519e-03
-2.04593e-03
-2.48487e-03
-2.79234e-03
-3.00703e-03
-3.25111e-03
-3.52591e-03
-3.80841e-03
-4.08979e-03
-4.36238e-03
-4.62624e-03
-4.88158e-03
-5.13276e-03
-5.38311e-03
-5.63899e-03
-5.90458e-03
-6.18346e-03
-6.47062e-03
-6.75148e-03
-6.99604e-03
-7.16731e-03
-7.23333e-03
-7.20507e-03
-7.15993e-03
-7.14256e-03
-7.14111e-03
-7.14335e-03
-7.14025e-03
-7.12751e-03
-7.10204e-03
-7.06566e-03
-7.02328e-03
-6.98720e-03
-6.97262e-03
-6.99426e-03
-7.05067e-03
-7.11065e-03
-7.09774e-03
-6.89610e-03
-6.38432e-03
-5.51876e-03
-4.45680e-03
-3.48168e-03
-2.58496e-03
-1.71271e-03
-8.35915e-04
7.08184e-05
1.02409e-03
2.03410e-03
3.09148e-03
4.15191e-03
5.12128e-03
5.85891e-03
6.22043e-03
6.15303e-03
5.84714e-03
5.64086e-03
5.52039e-03
5.41679e-03
5.30067e-03
5.15405e-03
4.97985e-03
4.78480e-03
4.58107e-03
4.37539e-03
4.17340e-03
3.97470e-03
3.77945e-03
3.58506e-03
3.39173e-03
3.19816e-03
3.00530e-03
2.81134e-03
2.61528e-03
2.41343e-03
2.20499e-03
1.99130e-03
1.78268e-03
1.59660e-03
1.45807e-03
1.38631e-03
1.37605e-03
1.37668e-03
1.36146e-03
1.33709e-03
1.31244e-03
1.29060e-03
1.27330e-03
1.25863e-03
1.24587e-03
1.23333e-03
1.22230e-03
1.21347e-03
1.20889e-03
1.20655e-03
1.20145e-03
1.18117e-03
1.13107e-03
1.03745e-03
9.05049e-04
7.64983e-04
6.35787e-04
5.11816e-04
3.88712e-04
2.63008e-04
1.34753e-04
3.63357e-06
-1.28492e-04
-2.61471e-04
-3.93929e-04
-5.26557e-04
-6.58667e-04
-7.91157e-04
-9.23016e-04
-1.05455e-03
-1.18425e-03
-1.31258e-03
-1.43939e-03
-1.56757e-03
-1.69951e-03
-1.83899e-03
-1.98517e-03
-2.13207e-03
-2.26276e-03
-2.35297e-03
-2.37591e-03
-2.32263e-03
-2.22614e-03
-2.14764e-03
-2.08379e-03
-2.02314e-03
-1.95968e-03
-1.89112e-03
-1.81717e-03
-1.73990e-03
-1.66055e-03
-1.58105e-03
-1.50136e-03
-1.42219e-03
-1.34275e-03
-1.26379e-03
-1.18509e-03
-1.10800e-03
-1.03209e-03
-9.56970e-04
-8.78745e-04
-7.92563e-04
-6.91290e-04
-5.71454e-04
-4.37729e-04
-3.08201e-04
-1.82282e-04
-5.74833e-05
6.81866e-05
1.94933e-04
3.23403e-04
4.52706e-04
5.83135e-04
7.13746e-04
8.44972e-04
9.75914e-04
1.10698e-03
1.23711e-03
1.36678e-03
1.49558e-03
1.62523e-03
1.75684e-03
1.89298e-03
2.03355e-03
2.17645e-03
2.31302e-03
2.43032e-03
2.51195e-03
2.54866e-03
2.55303e-03
2.56825e-03
2.59353e-03
2.62122e-03
2.64677e-03
2.66824e-03
2.68542e-03
2.70120e-03
2.71891e-03
2.74310e-03
2.77468e-03
2.81010e-03
2.83626e-03
2.83236e-03
2.77303e-03
2.64310e-03
2.46234e-03
2.29746e-03
2.14812e-03
2.00285e-03
1.85614e-03
1.70516e-03
1.54955e-03
1.39083e-03
1.23029e-03
1.06971e-03
9.09381e-04
7.49991e-04
5.90947e-04
4.32639e-04
2.74514e-04
1.17122e-04
-4.01378e-05
-1.97123e-04
-3.55188e-04
-5.14794e-04
-6.77046e-04
-8.40685e-04
-1.00357e-03
-1.16063e-03
-1.30787e-03
-1.44358e-03
-1.57611e-03
-1.72575e-03
-1.92807e-03
-2.22211e-03
-2.63295e-03
-3.12415e-03
-3.58617e-03
-4.02752e-03
-4.48298e-03
-4.97058e-03
-5.49174e-03
-6.01099e-03
-6.45435e-03
-6.71450e-03
-6.69374e-03
-6.38393e-03
-5.96286e-03
-5.61195e-03
-5.31081e-03
-5.01664e-03
-4.71058e-03
-4.38314e-03
-4.03793e-03
-3.68085e-03
-3.32057e-03
-2.96106e-03
-2.60445e-03
-2.24762e-03
-1.88778e-03
-1.52185e-03
-1.15352e-03
-7.92723e-04
-4.59252e-04
-1.74579e-04
4.61801e-05
2.21912e-04
4.11033e-04
6.14527e-04
8.20838e-04
1.02625e-03
1.22687e-03
1.42364e-03
1.61669e-03
1.80874e-03
2.00042e-03
2.19376e-03
2.38820e-03
2.58398e-03
2.77894e-03
2.97209e-03
3.16114e-03
3.34693e-03
3.53152e-03
3.72168e-03
3.92419e-03
4.14444e-03
4.37609e-03
4.59665e-03
4.76016e-03
4.80821e-03
4.69095e-03
4.42447e-03
4.12985e-03
3.87557e-03
3.64253e-03
3.41167e-03
3.17189e-03
2.92088e-03
2.65946e-03
2.39239e-03
2.12264e-03
1.85381e-03
1.58632e-03
1.32112e-03
1.05686e-03
7.93708e-04
5.30099e-04
2.66179e-04
5.04598e-07
-2.66314e-04
-5.34708e-04
-8.02403e-04
-1.06786e-03
-1.32766e-03
-1.58156e-03
-1.83131e-03
-2.08545e-03
-2.35502e-03
-2.65163e-03
-2.97397e-03
-3.29765e-03
-3.56201e-03
-3.67523e-03
-3.54010e-03
-3.12111e-03
-2.54234e-03
-2.02581e-03
-1.55097e-03
-1.06443e-03
-5.49474e-04
-2.16893e-05
4.61514e-04
8.14717e-04
9.56283e-04
8.76186e-04
7.08598e-04
5.93301e-04
5.14756e-04
4.41134e-04
3.58504e-04
2.60029e-04
1.48106e-04
2.68943e-05
-9.74455e-05
-2.21637e-04
-3.43124e-04
-4.62514e-04
-5.80182e-04
-6.98048e-04
-8.16295e-04
-9.35526e-04
-1.05411e-03
-1.17104e-03
-1.28424e-03
-1.39422e-03
-1.50285e-03
-1.61614e-03
-1.74040e-03
-1.88050e-03
-2.03091e-03
-2.17102e-03
-2.25900e-03
-2.24125e-03
-2.07204e-03
-1.76558e-03
-1.43233e-03
-1.13474e-03
-8.56003e-04
-5.79659e-04
-2.97291e-04
-7.85262e-06
2.88225e-04
5.89948e-04
9.00667e-04
1.22449e-03
1.56450e-03
1.91222e-03
2.24271e-03
2.50872e-03
2.65334e-03
2.63365e-03
2.48237e-03
2.33692e-03
2.23038e-03
2.13853e-03
2.04657e-03
1.94478e-03
1.83269e-03
1.71157e-03
1.58643e-03
1.45986e-03
1.33504e-03
1.21187e-03
1.09098e-03
9.70868e-04
8.51700e-04
7.32243e-04
6.13197e-04
4.93833e-04
3.75138e-04
2.56476e-04
1.38738e-04
2.11774e-05
-9.55248e-05
-2.12293e-04
-3.28523e-04
-4.45064e-04
-5.61129e-04
-6.77163e-04
-7.91908e-04
-9.05511e-04
-1.01697e-03
-1.12759e-03
-1.23832e-03
-1.35253e-03
-1.47191e-03
-1.59715e-03
-1.72205e-03
-1.83428e-03
-1.91289e-03
-1.93755e-03
-1.89972e-03
-1.82744e-03
-1.76884e-03
-1.72260e-03
-1.67811e-03
-1.63183e-03
-1.58054e-03
-1.52532e-03
-1.46651e-03
-1.40648e-03
-1.34561e-03
-1.28537e-03
-1.22516e-03
-1.16562e-03
-1.10574e-03
-1.04601e-03
-9.85439e-04
-9.24557e-04
-8.62489e-04
-8.00055e-04
-7.36947e-04
-6.74716e-04
-6.13627e-04
-5.55014e-04
-4.97436e-04
-4.38500e-04
-3.71477e-04
-2.89191e-04
-1.84401e-04
-5.98477e-05
6.89367e-05
1.92171e-04
3.12976e-04
4.33269e-04
5.55097e-04
6.78153e-04
8.02929e-04
9.28258e-04
1.05446e-03
1.18054e-03
1.30702e-03
1.43301e-03
1.55889e-03
1.68353e-03
1.80739e-03
1.93002e-03
2.05329e-03
2.17851e-03
2.30855e-03
2.44340e-03
2.58064e-03
2.71047e-03
2.81805e-03
2.88472e-03
2.89968e-03
2.87718e-03
2.86625e-03
2.86635e-03
2.86925e-03
2.87065e-03
2.86864e-03
2.86268e-03
2.85411e-03
2.84374e-03
2.83328e-03
2.82293e-03
2.81354e-03
2.80434e-03
2.79526e-03
2.78477e-03
2.77256e-03
2.75763e-03
2.74137e-03
2.72557e-03
2.71450e-03
2.71090e-03
2.71533e-03
2.71957e-03
2.70613e-03
2.64631e-03
2.51166e-03
2.29065e-03
2.02174e-03
1.77191e-03
1.53904e-03
1.30884e-03
1.07604e-03
8.36323e-04
5.90630e-04
3.39423e-04
8.55840e-05
-1.69938e-04
-4.24656e-04
-6.78066e-04
-9.28461e-04
-1.17685e-03
-1.42436e-03
-1.67607e-03
-1.93693e-03
-2.21197e-03
-2.49822e-03
-2.78149e-03
-3.02965e-03
-3.19895e-03
-3.24726e-03
-3.17281e-03
-3.05115e-03
-2.96140e-03
-2.89360e-03
-2.83022e-03
-2.76204e-03
-2.68590e-03
-2.60207e-03
-2.51381e-03
-2.42364e-03
-2.33442e-03
-2.24676e-03
-2.16166e-03
-2.07841e-03
-1.99741e-03
-1.91758e-03
-1.83871e-03
-1.75881e-03
-1.67691e-03
-1.59146e-03
-1.50441e-03
-1.42050e-03
-1.35068e-03
-1.30785e-03
-1.30382e-03
-1.33443e-03
-1.37246e-03
-1.40175e-03
-1.42712e-03
-1.45250e-03
-1.48088e-03
-1.51232e-03
-1.54707e-03
-1.58356e-03
-1.62156e-03
-1.65979e-03
-1.69862e-03
-1.73739e-03
-1.77691e-03
-1.81665e-03
-1.85739e-03
-1.89849e-03
-1.94059e-03
-1.98302e-03
-2.02639e-03
-2.07001e-03
-2.11449e-03
-2.15916e-03
-2.20459e-03
-2.25007e-03
-2.29624e-03
-2.34251e-03
-2.38969e-03
-2.43738e-03
-2.48643e-03
-2.53607e-03
-2.58639e-03
-2.63574e-03
-2.68368e-03
-2.72911e-03
-2.77363e-03
-2.81973e-03
-2.87286e-03
-2.93684e-03
-3.01218e-03
-3.08819e-03
-3.14137e-03
-3.13381e-03
-3.02733e-03
-2.80681e-03
-2.52320e-03
-2.26593e-03
-2.03178e-03
-1.80186e-03
-1.56890e-03
-1.32768e-03
-1.07957e-03
-8.25866e-04
-5.70347e-04
-3.14294e-04
-5.95408e-05
1.94792e-04
4.48517e-04
7.03028e-04
9.57690e-04
1.21266e-03
1.46611e-03
1.71760e-03
1.96642e-03
2.21530e-03
2.46791e-03
2.73052e-03
3.00592e-03
3.29076e-03
3.56704e-03
3.80197e-03
3.95087e-03
3.97806e-03
3.89415e-03
3.79038e-03
3.71636e-03
3.65918e-03
3.60343e-03
3.54214e-03
3.47233e-03
3.39596e-03
3.31528e-03
3.23387e-03
3.15305e-03
3.07433e-03
2.99709e-03
2.92150e-03
2.84639e-03
2.77207e-03
2.69776e-03
2.62414e-03
2.55069e-03
2.47820e-03
2.40606e-03
2.33500e-03
2.26432e-03
2.19467e-03
2.12538e-03
2.05710e-03
1.98915e-03
1.92223e-03
1.85567e-03
1.79016e-03
1.72502e-03
1.66096e-03
1.59726e-03
1.53464e-03
1.47240e-03
1.41121e-03
1.35040e-03
1.29066e-03
1.23130e-03
1.17301e-03
1.11509e-03
1.05823e-03
1.00175e-03
9.46318e-04
8.91250e-04
8.37220e-04
7.83556e-04
7.30904e-04
6.78605e-04
6.27321e-04
5.76389e-04
5.26460e-04
4.76866e-04
4.28280e-04
3.79994e-04
3.32633e-04
2.85486e-04
2.39197e-04
1.93129e-04
1.48039e-04
1.03393e-04
5.99783e-05
1.71104e-05
-2.48287e-05
-6.70757e-05
-1.09696e-04
-1.53803e-04
-1.98223e-04
-2.41430e-04
-2.78457e-04
-3.04360e-04
-3.13803e-04
-3.08927e-04
-3.00696e-04
-2.96247e-04
-2.93182e-04
-2.90296e-04
-2.85964e-04
-2.80570e-04
-2.73625e-04
-2.66194e-04
-2.57996e-04
-2.49973e-04
-2.41582e-04
-2.33538e-04
-2.25099e-04
-2.16902e-04
-2.08251e-04
-1.99821e-04
-1.90963e-04
-1.82387e-04
-1.73455e-04
-1.64876e-04
-1.56001e-04
-1.47516e-04
-1.38774e-04
-1.30461e-04
-1.21926e-04
-1.13863e-04
-1.05622e-04
-9.79078e-05
-9.00637e-05
-8.27824e-05
-7.54231e-05
-6.86701e-05
-6.18737e-05
-5.57295e-05
-4.95953e-05
-4.41509e-05
-3.87624e-05
-3.41064e-05
-2.95567e-05
-2.57850e-05
-2.21538e-05
-1.93312e-05
-1.66903e-05
-1.48901e-05
-1.33102e-05
-1.26248e-05
-1.22194e-05
-1.27824e-05
-1.36964e-05
-1.56029e-05
-1.78289e-05
-2.09791e-05
-2.43638e-05
-2.86324e-05
-3.32491e-05
-3.91025e-05
-4.58525e-05
-5.43929e-05
-6.39998e-05
-7.47537e-05
-8.48324e-05
-9.35370e-05
-9.95637e-05
-1.05026e-04
-1.14158e-04
-1.36534e-04
-1.82455e-04
-2.60704e-04
-3.64711e-04
-4.69248e-04
-5.67443e-04
-6.64057e-04
-7.60787e-04
-8.59483e-04
-9.59593e-04
-1.06222e-03
-1.16774e-03
-1.27885e-03
-1.39641e-03
-1.51998e-03
-1.64209e-03
-1.74922e-03
-1.82044e-03
-1.83756e-03
-1.79878e-03
-1.73968e-03
-1.69540e-03
-1.66234e-03
-1.63145e-03
-1.59952e-03
-1.56409e-03
-1.52632e-03
-1.48675e-03
-1.44755e-03
-1.40906e-03
-1.37248e-03
-1.33716e-03
-1.30360e-03
-1.27082e-03
-1.23934e-03
-1.20836e-03
-1.17857e-03
-1.14932e-03
-1.12133e-03
-1.09394e-03
-1.06786e-03
-1.04237e-03
-1.01812e-03
-9.94419e-04
-9.71937e-04
-9.49965e-04
-9.29169e-04
-9.08859e-04
-8.89692e-04
-8.70975e-04
-8.53375e-04
-8.36201e-04
-8.20111e-04
-8.04405e-04
-7.89739e-04
-7.75417e-04
-7.62093e-04
-7.49056e-04
-7.36974e-04
-7.25153e-04
-7.14252e-04
-7.03564e-04
-6.93751e-04
-6.84093e-04
-6.75256e-04
-6.66534e-04
-6.58574e-04
-6.50684e-04
-6.43512e-04
-6.36366e-04
-6.29882e-04
-6.23369e-04
-6.17461e-04
-6.11448e-04
-6.05977e-04
-6.00357e-04
-5.95240e-04
-5.89919e-04
-5.85040e-04
-5.79897e-04
-5.75140e-04
-5.70050e-04
-5.65270e-04
-5.60112e-04
-5.55222e-04
-5.49887e-04
-5.44752e-04
-5.39116e-04
-5.33620e-04
-5.27548e-04
-5.21556e-04
-5.14930e-04
-5.08334e-04
-5.01040e-04
-4.93705e-04
-4.85622e-04
-4.77443e-04
-4.68440e-04
-4.59264e-04
-4.49221e-04
-4.38941e-04
-4.27732e-04
-4.16235e-04
-4.03751e-04
-3.90931e-04
-3.77064e-04
-3.62750e-04
-3.47334e-04
-3.31450e-04
-3.14406e-04
-2.96839e-04
-2.78045e-04
-2.58686e-04
-2.38038e-04
-2.16746e-04
-1.94117e-04
-1.70804e-04
-1.18013e-04
-8.88194e-05
-5.81776e-05
-2.67585e-05
6.14222e-06
3.98851e-05
7.51546e-05
1.11274e-04
1.48945e-04
1.87498e-04
2.27629e-04
2.68654e-04
3.11280e-04
3.54843e-04
4.00033e-04
4.46165e-04
4.93928e-04
5.42647e-04
5.93000e-04
6.44311e-04
6.97259e-04
7.51207e-04
8.06806e-04
8.63366e-04
9.21575e-04
9.80746e-04
1.04156e-03
1.10331e-03
1.16669e-03
1.23102e-03
1.29695e-03
1.36381e-03
1.43226e-03
1.50162e-03
1.57252e-03
1.64430e-03
1.71759e-03
1.79172e-03
1.86735e-03
1.94378e-03
2.02169e-03
2.10033e-03
2.18038e-03
2.26113e-03
2.34323e-03
2.42599e-03
2.51006e-03
2.59474e-03
2.68068e-03
2.76717e-03
2.85484e-03
2.94296e-03
3.03215e-03
3.12172e-03
3.21231e-03
3.30325e-03
3.39525e-03
3.48763e-03
3.58106e-03
3.67471e-03
3.76903e-03
3.86306e-03
3.95725e-03
4.05092e-03
4.14517e-03
4.24021e-03
4.33769e-03
4.43748e-03
4.53947e-03
4.64039e-03
4.73665e-03
4.82333e-03
4.89996e-03
4.97154e-03
5.05325e-03
5.16497e-03
5.32340e-03
5.52070e-03
5.70466e-03
5.76096e-03
5.52723e-03
4.84810e-03
3.70910e-03
2.38091e-03
1.13722e-03
-6.82067e-05
-1.27885e-03
-2.44850e-03
-3.44919e-03
-4.10577e-03
-4.28398e-03
-4.07243e-03
-3.87742e-03
-3.79153e-03
-3.74316e-03
-3.68844e-03
-3.60265e-03
-3.48553e-03
-3.34409e-03
-3.19214e-03
-3.03767e-03
-2.88583e-03
-2.73363e-03
-2.57820e-03
-2.41669e-03
-2.25625e-03
-2.11324e-03
-2.01672e-03
-1.99494e-03
-2.05944e-03
-2.17041e-03
-2.26034e-03
-2.33146e-03
-2.39861e-03
-2.46686e-03
-2.54067e-03
-2.61865e-03
-2.70017e-03
-2.78156e-03
-2.86162e-03
-2.93772e-03
-3.01043e-03
-3.07976e-03
-3.14925e-03
-3.22169e-03
-3.30122e-03
-3.38677e-03
-3.47205e-03
-3.53930e-03
-3.56369e-03
-3.51805e-03
-3.39434e-03
-3.22753e-03
-3.08100e-03
-2.95110e-03
-2.82605e-03
-2.69964e-03
-2.56964e-03
-2.43578e-03
-2.30031e-03
-2.16456e-03
-2.03074e-03
-1.89897e-03
-1.77013e-03
-1.64330e-03
-1.51890e-03
-1.39596e-03
-1.27509e-03
-1.15557e-03
-1.03821e-03
-9.22352e-04
-8.08793e-04
-6.96837e-04
-5.87291e-04
-4.79511e-04
-3.74298e-04
-2.70982e-04
-1.70232e-04
-7.09283e-05
2.68283e-05
1.24521e-04
2.21957e-04
3.19410e-04
4.14175e-04
5.06581e-04
5.96192e-04
6.83970e-04
7.69284e-04
8.52904e-04
9.34033e-04
1.01334e-03
1.08998e-03
1.16467e-03
1.23664e-03
1.30673e-03
1.37430e-03
1.44027e-03
1.50396e-03
1.56604e-03
1.62536e-03
1.68220e-03
1.73524e-03
1.78518e-03
1.83204e-03
1.87855e-03
1.92653e-03
1.97869e-03
2.03312e-03
2.08375e-03
2.11564e-03
2.10989e-03
2.04795e-03
1.93080e-03
1.79287e-03
1.67017e-03
1.55751e-03
1.44752e-03
1.33562e-03
1.22107e-03
1.10363e-03
9.85363e-04
8.66935e-04
7.50181e-04
6.34815e-04
5.21719e-04
4.09899e-04
2.99967e-04
1.90928e-04
8.35375e-05
-2.30247e-05
-1.27809e-04
-2.31514e-04
-3.33128e-04
-4.33393e-04
-5.31358e-04
-6.27981e-04
-7.22670e-04
-8.16749e-04
-9.09686e-04
-1.00237e-03
-1.09316e-03
-1.18146e-03
-1.26436e-03
-1.34142e-03
-1.41251e-03
-1.48288e-03
-1.55939e-03
-1.65153e-03
-1.76150e-03
-1.87861e-03
-1.96735e-03
-1.96843e-03
-1.81023e-03
-1.44639e-03
-9.31202e-04
-4.49185e-04
1.56520e-05
4.94213e-04
9.57895e-04
1.32029e-03
1.44483e-03
1.19973e-03
5.70603e-04
-2.17226e-04
-9.28208e-04
-1.57160e-03
-2.14206e-03
-2.56401e-03
-2.73484e-03
-2.58543e-03
-2.21430e-03
-1.92751e-03
-1.70850e-03
-1.48518e-03
-1.23004e-03
-9.38019e-04
-5.99261e-04
-2.22771e-04
1.39749e-04
3.92373e-04
4.08202e-04
8.11152e-05
-5.64927e-04
-1.28515e-03
-1.89633e-03
-2.31661e-03
-2.42406e-03
-2.10191e-03
-1.38471e-03
-5.79430e-04
9.15806e-05
5.39578e-04
6.26078e-04
2.21915e-04
-6.48824e-04
-1.57696e-03
-1.75136e-03
-9.71385e-04
5.32368e-04
2.06020e-03
3.15650e-03
3.77513e-03
3.91451e-03
3.70331e-03
3.49221e-03
3.45071e-03
3.49963e-03
3.54144e-03
3.48897e-03
3.27726e-03
2.87909e-03
2.35809e-03
1.87428e-03
1.43572e-03
1.02548e-03
6.53133e-04
3.41711e-04
1.26753e-04
3.04363e-05
2.10271e-05
6.28414e-07
2.06428e-05
1.56219e-04
4.42577e-04
8.26655e-04
1.14787e-03
1.35631e-03
1.42006e-03
1.31784e-03
1.11120e-03
9.55009e-04
8.46013e-04
7.51895e-04
6.59604e-04
5.59941e-04
4.53614e-04
3.42483e-04
2.31521e-04
1.23992e-04
2.42553e-05
-6.44255e-05
-1.37823e-04
-1.94071e-04
-2.35522e-04
-2.72943e-04
-3.11387e-04
-3.49717e-04
-3.86074e-04
-4.19729e-04
-4.49744e-04
-4.75796e-04
-4.97384e-04
-5.15047e-04
-5.30100e-04
-5.45535e-04
-5.64707e-04
-5.90009e-04
-6.19173e-04
-6.42566e-04
-6.41198e-04
-5.90871e-04
-4.72307e-04
-2.94073e-04
-1.08487e-04
5.13373e-05
1.79002e-04
2.60037e-04
2.76158e-04
2.20335e-04
1.25910e-04
7.09499e-05
5.77993e-05
6.70558e-05
7.34317e-05
5.47889e-05
-9.98878e-07
-1.01972e-04
-2.38235e-04
-3.73999e-04
-4.89758e-04
-5.87216e-04
-6.63378e-04
-7.10069e-04
-7.18999e-04
-6.93300e-04
-6.56977e-04
-6.31626e-04
-6.11869e-04
-5.90134e-04
-5.61482e-04
-5.23395e-04
-4.77128e-04
-4.29139e-04
-3.85160e-04
-3.45196e-04
-3.08280e-04
-2.73863e-04
-2.41163e-04
-2.09460e-04
-1.77791e-04
-1.45667e-04
-1.13454e-04
-8.21451e-05
-5.28488e-05
-2.87859e-05
-1.52181e-05
-1.78133e-05
-3.91149e-05
-7.18368e-05
-9.76629e-05
-1.17829e-04
-1.35493e-04
-1.49768e-04
-1.57061e-04
-1.51700e-04
-1.29204e-04
-9.12119e-05
-5.00962e-05
-1.63177e-05
1.28819e-05
4.04728e-05
6.64525e-05
8.83522e-05
1.01538e-04
1.01311e-04
8.58105e-05
6.14711e-05
4.35014e-05
3.29197e-05
2.89113e-05
3.18738e-05
4.02968e-05
4.95734e-05
5.58780e-05
6.01392e-05
6.31591e-05
6.49513e-05
6.52320e-05
6.41142e-05
6.26656e-05
6.17583e-05
6.10252e-05
6.03529e-05
6.01306e-05
6.10986e-05
6.39839e-05
6.90001e-05
7.49242e-05
7.91626e-05
8.19570e-05
8.38614e-05
8.49462e-05
8.50849e-05
8.39714e-05
8.14377e-05
7.77214e-05
7.37358e-05
7.01702e-05
6.68770e-05
6.36727e-05
6.05061e-05
5.73647e-05
5.42829e-05
5.12874e-05
4.84072e-05
4.56429e-05
4.29865e-05
4.04196e-05
3.79415e-05
3.55463e-05
3.32353e-05
3.10044e-05
2.88540e-05
2.67767e-05
2.47667e-05
2.28127e-05
2.09106e-05
1.90606e-05
1.72835e-05
1.56075e-05
1.40257e-05
1.25273e-05
1.11115e-05
9.77677e-06
8.52302e-06
7.34314e-06
6.22355e-06
5.14578e-06
4.11745e-06
3.14522e-06
2.23311e-06
1.38261e-06
5.95200e-07
-1.28798e-07
-7.88419e-07
-1.38346e-06
-1.91329e-06
-2.37811e-06
-2.77801e-06
-3.11383e-06
-3.38639e-06
-3.59709e-06
-3.74738e-06
-3.83908e-06
-3.87418e-06
-3.85493e-06
-3.78372e-06
-3.66308e-06
