-1.44762e-06
-3.65663e-07
-1.22495e-06
-1.04106e-06
-1.26519e-06
9.46162e-07
4.21271e-07
2.73988e-06
1.05613e-06
-8.73329e-06
-2.01716e-05
-1.95208e-05
-4.78505e-06
1.68387e-05
1.83749e-05
1.66932e-05
1.92852e-05
1.40597e-05
-2.01961e-05
-4.32798e-05
-1.21960e-05
1.84020e-05
-3.06350e-05
-9.92210e-05
-7.09849e-05
5.82334e-05
8.31065e-05
1.66194e-05
5.26772e-05
8.45728e-05
-1.78240e-05
-1.17407e-04
-6.56193e-05
5.45090e-05
8.64698e-05
8.66200e-05
6.76943e-05
6.92360e-06
-4.44395e-05
-4.53789e-05
5.65191e-05
1.60226e-04
6.32320e-05
-1.43125e-04
-2.67826e-04
-2.13871e-04
-1.37085e-04
-1.96312e-04
-1.58889e-04
-4.43151e-05
4.02757e-05
1.62246e-04
2.46812e-04
4.73841e-04
8.04563e-04
7.50968e-04
3.59945e-04
3.97575e-05
-1.83972e-04
-5.29060e-04
-9.28413e-04
-1.16351e-03
-1.22471e-03
-9.66201e-04
-4.88460e-04
1.31073e-04
9.15850e-04
1.39133e-03
1.34547e-03
1.34669e-03
1.17535e-03
9.19605e-05
-7.34930e-04
-5.23619e-04
-6.55185e-04
-1.07869e-03
-1.08945e-03
-1.40384e-03
-1.62526e-03
-9.86315e-04
-3.94872e-06
7.91974e-04
2.01825e-03
3.47000e-03
3.23566e-03
1.77358e-03
5.91988e-04
-4.49024e-04
-1.49404e-03
-2.38514e-03
-3.09024e-03
-3.26977e-03
-2.44399e-03
-7.90837e-04
3.67203e-04
1.43021e-03
3.02105e-03
3.24940e-03
1.90385e-03
6.93484e-04
2.46115e-04
-1.80047e-04
-3.49521e-04
3.87636e-05
-5.10190e-04
-1.75481e-03
-2.36156e-03
-2.30089e-03
-1.94275e-03
-1.02968e-03
9.23764e-04
2.55262e-03
2.40186e-03
1.43980e-03
8.79276e-04
1.50564e-03
2.46862e-03
2.01985e-03
3.43289e-04
-1.18570e-03
-2.96177e-03
-4.61723e-03
-4.10938e-03
-1.63569e-03
7.05936e-04
2.12142e-03
2.55545e-03
1.70410e-03
3.21667e-05
-1.57255e-03
-2.04769e-03
-6.43119e-06
2.52807e-03
2.40937e-03
1.30779e-03
7.54240e-04
-5.24253e-04
-2.18964e-03
-2.00686e-03
-1.79710e-04
9.43382e-04
1.06090e-03
7.32587e-04
-3.13171e-04
-1.47548e-03
-1.68080e-03
-1.20617e-03
-4.19752e-04
9.72166e-04
2.04765e-03
1.97760e-03
4.38037e-04
-4.98600e-04
5.21644e-04
7.57176e-04
-7.84309e-04
-1.51214e-03
-1.57500e-03
-2.81388e-03
-3.59309e-03
-1.76429e-03
8.41484e-04
2.33169e-03
4.38914e-03
5.66260e-03
3.65393e-03
1.13924e-03
4.84034e-04
-5.05938e-04
-2.18943e-03
-2.39197e-03
-2.15671e-03
-3.09884e-03
-3.59016e-03
-2.46256e-03
-1.69175e-04
1.56762e-03
1.99230e-03
3.02822e-03
4.51585e-03
4.36758e-03
2.76529e-03
1.17386e-03
-5.07554e-04
-2.61657e-03
-3.97283e-03
-3.98077e-03
-3.71867e-03
-3.25519e-03
-1.98807e-03
-7.73446e-04
-1.49448e-05
8.03045e-04
2.07848e-03
3.33118e-03
4.21059e-03
4.08805e-03
2.95094e-03
1.19456e-03
-9.87712e-04
-2.19786e-03
-2.97202e-03
-2.95551e-03
-1.60073e-03
-1.13655e-03
-1.14762e-03
-7.33669e-04
-4.33492e-04
1.15650e-04
5.48946e-04
1.04500e-03
2.44680e-03
3.28355e-03
1.59687e-03
-4.71420e-04
-1.64134e-03
-2.23395e-03
-2.03032e-03
-1.74337e-03
-8.65769e-04
4.52343e-04
9.74749e-04
6.47984e-04
3.35060e-04
5.92328e-04
1.39523e-03
2.36791e-03
1.92561e-03
5.58763e-04
1.37294e-04
-9.19307e-04
-3.02266e-03
-3.05415e-03
-1.60231e-03
-7.88849e-04
-2.71550e-04
-2.69276e-04
-7.97913e-04
-5.86498e-04
4.00061e-04
1.64086e-03
2.91340e-03
2.38002e-03
1.32775e-03
1.73000e-03
9.00653e-04
-5.93850e-04
-1.10746e-03
-1.24801e-03
-9.35545e-04
-8.68691e-04
-1.04145e-03
-1.08034e-03
-9.44915e-04
-9.22299e-04
-6.53312e-04
5.43441e-04
1.51689e-03
1.59242e-03
1.39984e-03
7.42130e-04
5.75811e-04
1.17169e-03
7.62774e-04
-2.11933e-04
-4.12236e-04
-1.20663e-03
-2.29889e-03
-1.61424e-03
-6.59432e-04
-1.39637e-03
-2.11822e-03
-1.33035e-03
-4.92354e-04
-1.87127e-04
6.01633e-04
2.16648e-03
3.86862e-03
3.79627e-03
2.79376e-03
1.88540e-03
4.00227e-04
-1.52598e-03
-3.04394e-03
-3.23064e-03
-2.47812e-03
-1.56510e-03
-7.85085e-04
2.52087e-04
1.34372e-03
9.17807e-04
-1.74803e-04
-1.50437e-04
7.76705e-04
1.45777e-03
1.47009e-03
1.40891e-03
6.49276e-04
-8.92603e-04
-1.35236e-03
-2.81072e-04
5.23608e-04
-1.25745e-04
-2.82775e-04
-6.70364e-05
-7.42480e-04
-2.29765e-04
7.92146e-04
2.29873e-04
-1.11244e-03
-1.31868e-03
-6.08264e-04
-1.01880e-03
-8.13828e-04
5.52394e-04
1.41855e-03
2.79675e-03
3.80777e-03
2.68290e-03
6.79745e-04
-2.17065e-04
-1.72479e-03
-3.78079e-03
-3.36622e-03
-1.68307e-03
-3.53820e-05
7.24040e-04
-6.20624e-05
-6.54321e-04
-8.47952e-05
2.40946e-04
5.62946e-04
2.14052e-03
3.29861e-03
2.40900e-03
9.56027e-04
-1.91902e-04
-1.98760e-03
-3.60237e-03
-3.11468e-03
-1.90791e-03
-1.03306e-03
-1.77496e-04
2.85158e-04
8.66890e-04
1.57977e-03
2.36080e-03
3.38876e-03
3.50917e-03
1.84333e-03
-2.00800e-04
-7.51285e-04
-8.00467e-04
-2.07523e-03
-2.51115e-03
-1.35891e-03
-6.35901e-04
-7.71520e-04
-1.31398e-03
-1.30846e-03
-3.01027e-04
-1.91794e-04
9.13414e-05
2.01137e-03
2.58721e-03
1.77061e-03
1.04628e-03
-6.38908e-04
-2.03111e-03
-1.74173e-03
-6.58183e-04
-2.54426e-04
-6.59220e-05
1.36236e-04
-2.70023e-04
-3.13836e-04
6.51357e-04
1.86886e-03
1.54612e-03
-3.95825e-05
-9.31807e-04
-1.07947e-03
-1.47452e-03
-2.16144e-03
-2.02358e-03
-2.45107e-04
1.65061e-03
1.99265e-03
1.99830e-03
2.29404e-03
8.89810e-04
-1.62365e-03
-1.69580e-03
3.01784e-04
7.80262e-04
3.45576e-04
5.09089e-04
6.28556e-04
-8.85179e-05
-1.24308e-03
-2.03114e-03
-1.27169e-03
1.26674e-04
2.29873e-04
-1.73389e-04
-3.55093e-04
-5.94614e-04
-1.80611e-04
1.09195e-03
2.13586e-03
1.43290e-03
-4.10208e-04
-1.06241e-03
-8.80806e-04
-2.20990e-04
1.79742e-03
3.67898e-03
2.82740e-03
6.58275e-04
-1.33640e-03
-3.17241e-03
-3.51030e-03
-2.09111e-03
-2.37661e-04
2.27794e-04
-2.86485e-05
7.09908e-04
1.44931e-03
7.64797e-04
-9.68479e-05
-3.82536e-04
-1.37938e-04
4.63392e-04
-1.51938e-04
-1.21855e-03
-9.68427e-04
-9.73006e-04
-7.96161e-04
6.26659e-04
1.49868e-03
1.52732e-03
1.55378e-03
8.30988e-04
-7.58276e-04
-1.43319e-03
-1.05957e-03
-1.01103e-03
-6.56978e-04
-7.61302e-04
-1.59745e-03
-1.22842e-03
-1.70179e-04
6.48372e-04
1.00875e-03
1.41288e-03
1.70799e-03
1.44135e-03
1.28063e-03
7.40658e-04
-3.51371e-04
-5.14608e-04
-6.38441e-04
-1.57250e-03
-1.27059e-03
5.41858e-04
9.08072e-04
-3.90054e-04
-1.65316e-03
-1.46785e-03
5.02655e-04
1.49081e-03
1.56802e-03
2.18285e-03
1.57156e-03
-1.15988e-03
-4.03989e-03
-3.94428e-03
-1.28453e-03
4.77956e-04
1.31722e-03
2.29290e-03
3.13421e-03
3.06328e-03
1.81554e-03
8.24370e-04
5.97237e-04
7.10952e-04
-3.56513e-04
-2.67633e-03
-3.50876e-03
-3.77885e-03
-4.50548e-03
-3.61123e-03
-7.27000e-04
2.40779e-03
4.41020e-03
5.34921e-03
5.96280e-03
7.01053e-03
7.48500e-03
5.69243e-03
2.21016e-03
-2.09047e-03
-7.56369e-03
-1.32176e-02
-1.65621e-02
-1.43688e-02
-6.55751e-03
2.03047e-03
8.93489e-03
1.35884e-02
1.44736e-02
1.22846e-02
8.07478e-03
2.37762e-03
-1.61148e-03
-1.87445e-03
-2.97680e-05
1.39318e-03
1.74862e-03
9.22061e-04
-2.67838e-03
-7.15637e-03
-7.89744e-03
-5.95512e-03
-5.07273e-03
-4.29136e-03
-9.53189e-04
3.61143e-03
7.58573e-03
1.25369e-02
1.63016e-02
1.26310e-02
1.49929e-03
-1.34597e-02
-2.68708e-02
-3.29196e-02
-3.06465e-02
-2.07488e-02
-6.78214e-03
7.06295e-03
2.15431e-02
3.20311e-02
3.34624e-02
2.83675e-02
1.84903e-02
1.00362e-02
6.85459e-03
4.46210e-03
4.02805e-03
2.58575e-03
-7.64274e-03
-2.10863e-02
-3.27084e-02
-4.21394e-02
-4.38367e-02
-3.44336e-02
-1.60209e-02
5.55532e-03
2.72668e-02
4.58344e-02
5.35387e-02
4.71680e-02
2.87354e-02
4.77084e-03
-1.77663e-02
-4.08269e-02
-6.20779e-02
-6.87118e-02
-5.79373e-02
-3.68071e-02
-6.62613e-03
2.51192e-02
4.81032e-02
6.33339e-02
6.36825e-02
4.35154e-02
2.45137e-02
1.77424e-02
1.26557e-02
7.14641e-03
1.19814e-03
-8.17315e-03
-2.05550e-02
-3.53109e-02
-5.29494e-02
-6.39350e-02
-5.28893e-02
-2.81941e-02
-7.41701e-03
1.75989e-02
4.89423e-02
6.86014e-02
6.84256e-02
4.96924e-02
2.16275e-02
-3.70839e-03
-2.62955e-02
-4.96281e-02
-6.30697e-02
-6.10623e-02
-5.28830e-02
-3.38348e-02
-1.48096e-03
2.80034e-02
4.56615e-02
5.36877e-02
5.48295e-02
4.86652e-02
3.57684e-02
2.13856e-02
8.86457e-03
-3.09577e-03
-1.65787e-02
-2.95566e-02
-3.77540e-02
-3.75344e-02
-3.19470e-02
-2.68413e-02
-1.81856e-02
-3.72136e-03
1.09808e-02
2.00467e-02
2.35683e-02
2.71721e-02
3.05119e-02
2.54183e-02
9.76121e-03
-6.69124e-03
-1.84370e-02
-2.53831e-02
-2.60080e-02
-2.42624e-02
-1.95516e-02
-8.74237e-03
1.09778e-03
7.67786e-03
1.26209e-02
1.21788e-02
1.31594e-02
1.79961e-02
1.88467e-02
1.85426e-02
1.33639e-02
-3.31094e-03
-1.91340e-02
-2.39880e-02
-2.37264e-02
-1.97848e-02
-8.00858e-03
8.61534e-04
2.21288e-03
4.63172e-03
9.02183e-03
1.23077e-02
1.20223e-02
1.02870e-02
1.17131e-02
1.09464e-02
4.35181e-03
1.01839e-04
-1.73302e-03
-5.87491e-03
-1.19138e-02
-1.44044e-02
-9.83550e-03
-8.28231e-03
-1.14838e-02
-1.17130e-02
-5.70775e-03
3.11232e-03
8.01151e-03
1.17787e-02
1.50327e-02
1.38237e-02
1.00032e-02
9.42372e-04
-1.00107e-02
-1.28375e-02
-1.10560e-02
-7.59160e-03
-1.37326e-03
1.02106e-03
8.57887e-04
4.19839e-03
9.59279e-03
1.39104e-02
1.65676e-02
1.65620e-02
1.18214e-02
2.14094e-03
-8.88915e-03
-1.48082e-02
-1.45009e-02
-1.52211e-02
-1.79391e-02
-1.53202e-02
-6.28624e-03
2.14881e-03
5.48615e-03
8.77592e-03
1.43277e-02
1.65474e-02
1.44757e-02
9.15805e-03
2.44553e-03
-3.22719e-03
-9.69724e-03
-1.37668e-02
-1.28824e-02
-1.04273e-02
-9.54902e-03
-9.37179e-03
-6.22811e-03
-3.15163e-03
2.27455e-03
1.28147e-02
2.14900e-02
2.40747e-02
2.29623e-02
2.09104e-02
1.36301e-02
5.42382e-04
-1.20044e-02
-2.15352e-02
-2.56143e-02
-2.32869e-02
-1.84602e-02
-1.36167e-02
-7.41720e-03
1.60318e-03
1.00664e-02
1.27415e-02
1.28987e-02
1.63800e-02
1.67552e-02
1.20013e-02
7.41397e-03
2.13584e-03
-5.02946e-03
-1.02497e-02
-1.28221e-02
-1.46674e-02
-1.36059e-02
-1.01501e-02
-5.63693e-03
1.55308e-03
6.10432e-03
7.71210e-03
1.05441e-02
1.05422e-02
8.61921e-03
9.73361e-03
1.14277e-02
7.78063e-03
5.37121e-04
-2.19955e-03
-3.31133e-03
-6.76419e-03
-1.08835e-02
-1.69688e-02
-1.99357e-02
-1.51076e-02
-7.12178e-03
6.42318e-04
8.63427e-03
1.53518e-02
1.66515e-02
1.21194e-02
5.89090e-03
2.42883e-04
-3.62557e-03
-5.34276e-03
-6.10840e-03
-4.94349e-03
-3.33650e-03
-2.82463e-03
-9.43636e-04
-7.64047e-04
-3.39561e-03
-3.98998e-03
-3.34001e-03
-1.55356e-03
1.44831e-03
1.62372e-03
2.41657e-03
4.28552e-03
2.52300e-03
1.18504e-03
3.60325e-05
-4.39651e-03
-8.72270e-03
-1.22950e-02
-1.09783e-02
-4.49528e-03
-1.33846e-03
3.06490e-03
9.78512e-03
1.13560e-02
9.13103e-03
5.05296e-03
-3.01253e-04
-4.71457e-03
-9.59125e-03
-1.17723e-02
-7.76067e-03
-3.25608e-03
1.43825e-03
6.24936e-03
7.08784e-03
7.70593e-03
7.23948e-03
5.19515e-03
3.29740e-03
1.23804e-04
2.07491e-03
8.70734e-03
1.39829e-02
1.57204e-02
1.29945e-02
7.04644e-03
-2.29921e-03
-1.08945e-02
-1.46669e-02
-1.41833e-02
-1.21575e-02
-1.01420e-02
-5.74372e-03
5.75710e-04
3.47213e-03
4.93202e-03
7.06331e-03
7.48692e-03
6.53980e-03
1.32090e-03
-4.47338e-03
-4.57715e-03
-3.15476e-03
-4.10134e-03
-3.53204e-03
-1.51033e-03
-1.75615e-04
-3.94541e-04
-1.13985e-03
2.09702e-03
4.50958e-03
2.61931e-03
4.53475e-05
-1.16437e-03
1.04194e-03
4.26412e-03
4.83390e-03
4.27851e-03
3.77054e-03
1.20723e-03
-1.99812e-03
-3.51255e-03
-3.45455e-03
-3.26856e-03
-3.34425e-03
-2.01040e-03
3.14153e-04
1.43818e-03
-8.98549e-04
-4.51444e-03
-4.65243e-03
-3.38252e-03
-3.00436e-03
-4.08423e-04
4.80614e-03
8.83243e-03
8.94787e-03
6.27631e-03
9.50994e-04
-4.66020e-03
-5.35664e-03
-2.17179e-03
1.79837e-03
3.03227e-03
4.48800e-04
-1.32225e-03
-1.66401e-03
-1.46405e-04
3.41956e-03
3.69445e-03
8.75466e-04
4.27194e-04
2.89485e-03
3.21262e-03
3.26989e-04
-1.15288e-03
-2.83676e-03
-8.79659e-03
-1.41004e-02
-1.25072e-02
-6.64879e-03
-1.02145e-03
9.78078e-04
1.53297e-03
2.97257e-03
2.87952e-03
3.12528e-03
3.01239e-03
1.83638e-03
2.10916e-03
1.36157e-03
-7.44457e-04
-2.65745e-04
1.98119e-03
2.97632e-03
2.69605e-03
2.01253e-03
1.46357e-03
1.37338e-05
-3.86224e-03
-7.32579e-03
-7.84916e-03
-6.81367e-03
-5.18333e-03
-2.16375e-03
1.70964e-03
3.15059e-03
1.85585e-03
1.96871e-03
2.89008e-03
4.25016e-03
7.27370e-03
7.47283e-03
6.41654e-03
5.20165e-03
1.40107e-03
-2.14356e-03
-3.12042e-03
-1.22103e-03
-1.26495e-04
-1.44186e-03
-2.92154e-03
-5.71949e-03
-9.10484e-03
-1.03240e-02
-6.46401e-03
1.00997e-03
6.43878e-03
1.13334e-02
1.49729e-02
1.04346e-02
2.21133e-03
-9.21090e-04
-1.27615e-03
-2.44579e-03
-4.59112e-03
-3.31524e-03
1.89557e-03
1.44634e-03
-3.73069e-03
-6.28194e-03
-4.40556e-03
-2.08779e-03
-1.83936e-03
7.86576e-04
6.06978e-03
1.00519e-02
8.67919e-03
3.83402e-03
1.37528e-03
1.54593e-03
9.20506e-04
-1.26277e-03
-4.32207e-03
-7.06148e-03
-8.13617e-03
-9.98859e-03
-1.10389e-02
-6.93776e-03
-1.08372e-03
3.35841e-03
4.37152e-03
3.71729e-03
5.95807e-03
6.57939e-03
3.68242e-03
2.05240e-03
2.09210e-03
1.36581e-03
8.11956e-04
-7.91404e-04
-5.00649e-03
-9.05586e-03
-9.42270e-03
-6.41993e-03
-3.27519e-03
1.51566e-03
6.11218e-03
6.40807e-03
6.79742e-03
7.64958e-03
7.27281e-03
6.34322e-03
3.13761e-03
-4.56786e-05
-2.47319e-03
-6.09281e-03
-7.80073e-03
-6.62931e-03
-6.10146e-03
-5.88930e-03
-2.67241e-03
2.01270e-03
4.27721e-03
2.62572e-03
3.76152e-04
3.81442e-04
1.25999e-03
2.74979e-03
3.72553e-03
2.36015e-03
9.82089e-04
-1.05167e-03
-3.64581e-03
-3.48119e-03
-2.61307e-03
-1.06434e-03
1.83180e-03
2.71895e-03
3.36541e-03
2.34485e-03
-6.43695e-04
-3.86347e-04
9.61764e-04
9.36473e-04
1.40736e-03
2.28570e-03
1.29314e-03
-1.76198e-03
-2.38750e-03
-1.02427e-03
9.15437e-04
1.70805e-03
-1.88943e-03
-5.14143e-03
-5.60274e-03
-3.92586e-03
-8.68208e-05
3.27286e-03
5.48617e-03
5.01439e-03
1.44857e-03
-1.67033e-03
-4.04715e-03
-5.01284e-03
-2.15796e-03
2.97239e-03
5.70309e-03
4.56936e-03
2.44969e-03
1.37051e-03
-2.12987e-04
-2.73295e-03
-2.49432e-03
3.09136e-07
-2.69481e-04
-3.12525e-03
-5.37734e-03
-5.67971e-03
-3.20493e-03
-1.07232e-03
6.06932e-04
4.65168e-03
7.22518e-03
7.16894e-03
5.69451e-03
2.80185e-03
4.94418e-04
-1.87466e-03
-3.71395e-03
-3.25947e-03
-2.06324e-03
-1.14671e-03
-1.48087e-03
-1.41865e-03
2.44256e-04
8.31867e-04
-2.95759e-05
6.14953e-04
2.24605e-03
2.47470e-03
1.78122e-03
1.05833e-04
-5.63499e-04
3.29193e-04
1.47899e-04
-3.04023e-04
1.54417e-03
2.69915e-03
1.15551e-03
1.43384e-03
1.76525e-03
6.00947e-04
-1.11848e-03
-4.07448e-03
-4.67622e-03
-3.07053e-03
-2.49261e-03
-8.31344e-04
1.19870e-03
-4.58778e-04
-2.51612e-03
-2.14072e-03
-1.08522e-03
1.11979e-03
2.69102e-03
1.89720e-03
1.22139e-03
9.15614e-04
3.86771e-04
-2.95531e-04
-1.20985e-03
-1.97636e-03
-2.96476e-03
-2.67593e-03
-9.45417e-04
-5.29767e-04
3.32515e-04
3.57102e-03
5.70676e-03
4.59821e-03
2.56523e-03
2.28151e-03
1.46123e-03
-1.66912e-03
-4.54840e-03
-6.19324e-03
-5.46804e-03
-3.10942e-03
-1.66901e-03
-3.93300e-04
1.28531e-03
2.78981e-03
2.08840e-03
-6.21767e-04
-8.18457e-04
7.64384e-04
2.59086e-03
5.51816e-03
6.15263e-03
4.36766e-03
1.05055e-03
-3.89587e-03
-7.09183e-03
-8.82585e-03
-7.69642e-03
-2.65182e-03
1.20520e-03
4.52920e-03
6.67629e-03
5.84555e-03
5.07175e-03
3.66901e-03
1.84520e-03
2.13776e-04
-2.53337e-03
-4.71239e-03
-6.62702e-03
-7.55490e-03
-5.46072e-03
-2.35518e-03
-2.99049e-05
1.28150e-03
2.39026e-03
2.41608e-03
1.39180e-03
1.13593e-03
1.41542e-03
3.09391e-03
5.39530e-03
4.54717e-03
3.79549e-04
-3.26688e-03
-4.34474e-03
-5.43344e-03
-6.28848e-03
-3.76814e-03
3.95377e-04
2.99945e-03
5.15024e-03
6.82740e-03
7.28073e-03
5.32856e-03
1.12907e-03
-1.00528e-03
-1.38404e-03
-3.26837e-03
-4.39037e-03
-3.66102e-03
-2.74144e-03
-1.70725e-03
-3.43333e-04
2.81510e-03
5.50363e-03
4.43835e-03
2.24692e-03
7.22281e-04
-9.90796e-04
-1.91159e-03
-1.94807e-03
-1.91392e-03
-1.48431e-03
-1.66605e-03
-2.30933e-03
-3.11132e-03
-3.91681e-03
-2.12160e-03
8.61970e-04
2.01469e-03
2.77383e-03
3.70598e-03
3.44440e-03
2.95762e-03
1.79863e-03
7.35951e-04
2.67263e-04
-2.16254e-03
-3.90795e-03
-2.88195e-03
-8.50438e-04
5.85327e-04
1.23239e-04
5.83032e-04
2.60464e-03
3.23391e-03
1.56514e-03
-8.61080e-05
-3.41496e-04
-7.41218e-04
-2.03375e-03
-3.08140e-03
-2.73818e-03
-5.29579e-04
1.81175e-03
1.60820e-03
5.14119e-04
6.47541e-04
1.36481e-03
1.61689e-03
9.61098e-04
7.54623e-05
-5.19053e-04
-2.37593e-03
-4.26243e-03
-2.88243e-03
3.64400e-04
2.09984e-03
1.14549e-03
-1.15456e-03
-1.45973e-03
-6.36929e-05
9.72058e-04
1.67216e-03
2.67621e-03
3.36883e-03
1.48219e-03
-1.69577e-03
-2.22494e-03
-6.60076e-04
1.16435e-03
2.23936e-03
1.83072e-03
1.47370e-03
7.51856e-04
-9.19091e-04
-2.21821e-03
-3.42820e-03
-3.12199e-03
-1.51887e-03
-2.67528e-03
-4.03859e-03
-2.67702e-03
-1.36013e-03
1.06244e-03
4.09128e-03
5.11794e-03
5.97702e-03
5.02190e-03
1.87735e-03
-6.16744e-05
-2.20138e-03
-4.51748e-03
-5.15894e-03
-4.66914e-03
-3.41833e-03
-2.54056e-03
-1.69013e-03
6.79874e-04
2.44353e-03
2.71135e-03
3.48320e-03
4.83208e-03
5.95122e-03
4.28703e-03
9.84188e-04
-1.89717e-04
-1.45434e-03
-3.65373e-03
-4.44909e-03
-3.26200e-03
-1.47943e-03
-1.50480e-03
-2.60781e-03
-2.18985e-03
4.83586e-04
3.49785e-03
4.10064e-03
2.87358e-03
2.17558e-03
2.07923e-03
2.17340e-03
1.55063e-03
-1.79919e-05
-5.57803e-04
-9.76021e-04
-2.92671e-03
-5.57912e-03
-5.79936e-03
-2.05789e-03
1.72991e-03
2.09909e-03
5.02146e-04
-1.50146e-04
-6.54946e-05
-3.47119e-04
4.29134e-04
8.53365e-04
9.15186e-04
9.04454e-04
-5.09155e-04
-5.89816e-04
1.20251e-03
2.45197e-03
2.23399e-03
6.35416e-04
-9.33367e-05
7.91979e-05
-3.46236e-04
-1.09316e-03
-1.37589e-03
-1.09070e-03
-5.90544e-04
-6.73664e-04
-1.70905e-03
-2.27913e-03
-1.40107e-03
-1.23068e-03
-2.24179e-03
-1.93028e-04
3.35715e-03
4.05886e-03
3.05424e-03
2.62462e-03
2.67369e-03
1.81604e-03
1.16836e-03
9.27222e-04
-3.41555e-04
-1.54836e-03
-1.74542e-03
-1.94335e-03
-2.17997e-03
-1.64231e-03
-7.03986e-04
7.16584e-04
1.38738e-03
2.11721e-04
-2.25661e-04
4.65371e-04
8.07204e-04
4.05931e-04
4.91180e-04
1.56218e-03
8.24191e-04
-1.94472e-03
-3.35795e-03
-2.66199e-03
-1.81842e-03
-1.62185e-03
-1.15078e-03
7.40678e-05
5.73387e-04
1.31209e-04
1.21495e-04
6.02183e-05
5.87404e-04
1.18697e-03
9.70669e-04
1.65048e-03
2.16153e-03
1.30445e-03
4.93411e-04
-9.50147e-04
-2.21296e-03
-2.32741e-03
-2.49266e-03
-1.59292e-03
1.75773e-04
5.08430e-04
1.07177e-03
3.23104e-03
3.86286e-03
3.41554e-03
2.64915e-03
-5.05719e-04
-3.11959e-03
-3.79984e-03
-4.16752e-03
-3.77906e-03
-2.55784e-03
-8.65155e-04
-6.13429e-04
-9.99319e-04
-7.11057e-04
-8.59266e-04
4.36490e-04
3.28015e-03
5.22036e-03
6.19879e-03
5.92081e-03
3.53177e-03
-4.15242e-04
-3.73312e-03
-4.51891e-03
-3.35823e-03
-1.87707e-03
4.86611e-05
4.95874e-04
-7.77705e-04
-7.29630e-04
-2.09698e-04
4.45481e-04
1.57583e-03
2.22588e-03
2.11331e-03
4.42282e-04
-1.18200e-03
-1.10543e-03
-4.88223e-04
-3.67708e-04
5.53765e-05
9.37397e-04
2.04738e-04
-8.11291e-04
-2.69008e-04
-7.21163e-05
6.34951e-04
2.25201e-03
3.26657e-03
3.04561e-03
9.25468e-04
-1.31598e-03
-2.06594e-03
-2.07110e-03
-2.40326e-03
-2.45318e-03
-1.06542e-03
1.02694e-03
2.47622e-03
2.70076e-03
2.58349e-03
2.27628e-03
6.55665e-04
-1.24916e-03
-2.01041e-03
-1.25225e-03
-2.95420e-04
2.48457e-04
9.13063e-04
6.49858e-04
-4.61710e-04
-1.67568e-03
-1.81093e-03
-8.98202e-04
-5.10266e-04
-5.27674e-04
2.01461e-05
-7.63271e-06
-1.02203e-03
-1.32011e-03
-6.70651e-04
1.34494e-04
5.22388e-04
8.93344e-04
2.20361e-03
2.71801e-03
1.18578e-03
-1.97535e-04
-1.04643e-03
-2.26940e-03
-4.14944e-03
-4.85381e-03
-3.42490e-03
-1.50099e-03
4.38486e-04
1.98798e-03
2.05921e-03
2.60846e-03
3.50110e-03
3.00916e-03
2.19347e-03
1.10857e-03
2.74554e-04
7.71056e-04
5.85839e-04
-6.46087e-04
-1.40779e-03
-2.01950e-03
-2.48239e-03
-2.46052e-03
-1.79986e-03
-2.99157e-04
7.89360e-04
1.58041e-03
2.79880e-03
3.61930e-03
2.75906e-03
1.82727e-04
-2.23981e-03
-2.98705e-03
-2.79740e-03
-2.32406e-03
-1.01296e-03
7.51387e-04
1.74502e-03
1.77240e-03
1.12862e-03
3.26843e-04
-1.30074e-04
-2.47696e-04
8.34879e-05
7.11166e-04
5.28177e-04
-6.37820e-04
-1.25000e-03
-4.76070e-04
2.83160e-04
-1.05552e-04
-1.22471e-03
-2.23887e-03
-1.88335e-03
-5.95392e-04
6.69816e-04
2.07571e-03
2.73982e-03
1.46581e-03
-7.07284e-04
-2.88053e-03
-3.25704e-03
-1.05343e-03
6.84813e-04
1.29467e-03
1.25670e-03
-1.89640e-04
-1.42156e-03
-8.78224e-04
4.38473e-05
2.64360e-04
4.73605e-04
1.05072e-03
9.27447e-04
-2.33846e-04
-1.12025e-03
-3.52771e-04
1.25564e-03
1.67838e-03
1.77439e-03
2.46527e-03
2.31858e-03
5.45879e-04
-1.58132e-03
-1.53635e-03
-3.89196e-04
-5.42741e-04
-5.64610e-04
-3.05647e-04
-1.12394e-03
-2.27051e-03
-2.40265e-03
-1.11625e-03
3.00270e-04
1.40442e-03
3.23209e-03
3.97001e-03
2.17336e-03
4.35248e-04
-6.62126e-04
-1.65646e-03
-1.70074e-03
-1.10968e-03
1.39648e-04
8.77419e-04
-6.74259e-04
-3.06344e-03
-2.93815e-03
9.58637e-05
2.71977e-03
3.34192e-03
3.13671e-03
2.44276e-03
-1.11962e-04
-3.08120e-03
-3.97341e-03
-3.20425e-03
-2.06256e-03
-9.98298e-04
5.42046e-04
2.11818e-03
1.76220e-03
3.12759e-04
-2.12335e-04
5.19746e-05
1.01764e-03
2.16342e-03
2.92486e-03
1.78753e-03
-1.47522e-03
-3.34113e-03
-2.98733e-03
-1.82081e-03
-2.31448e-04
9.58954e-04
2.31469e-03
3.55539e-03
2.51031e-03
4.66216e-04
4.00619e-04
9.42084e-04
1.52274e-03
1.94818e-03
7.53115e-04
-1.23342e-03
-2.82230e-03
-3.49922e-03
-2.90645e-03
-1.96454e-03
-9.67331e-04
3.34500e-04
1.02788e-03
2.90270e-04
-1.24371e-05
1.23198e-03
1.91530e-03
1.57008e-03
1.16114e-03
9.21830e-04
4.59231e-04
-1.04709e-03
-2.97793e-03
-3.62876e-03
-2.97179e-03
-1.53032e-03
5.18356e-04
2.46162e-03
3.20496e-03
2.08676e-03
5.44724e-04
3.67007e-04
1.00798e-03
6.15750e-04
-2.16134e-04
1.54108e-04
-5.72897e-04
-2.47968e-03
-3.73960e-03
-3.99594e-03
-2.00878e-03
7.38234e-04
1.73114e-03
1.89491e-03
2.03905e-03
1.08257e-03
-1.33786e-03
-2.86810e-03
-2.07898e-03
-6.77467e-04
3.66303e-04
1.07073e-03
1.70131e-03
1.95892e-03
1.25079e-03
5.24155e-04
6.84500e-04
1.26640e-03
1.30629e-03
-2.96152e-04
-2.46585e-03
-3.28007e-03
-2.96994e-03
-2.14188e-03
-8.84138e-04
1.32544e-03
3.42237e-03
3.23970e-03
1.45384e-03
2.45107e-04
-2.83059e-04
-1.49452e-04
5.29893e-04
2.74404e-04
-4.91846e-04
-1.00073e-03
-1.48467e-03
-7.82952e-04
7.78758e-04
1.67948e-03
1.67410e-03
1.34623e-03
1.26936e-03
1.38539e-03
1.13901e-03
4.26427e-04
-5.20598e-04
-1.72220e-03
-2.98676e-03
-3.05795e-03
-1.52547e-03
5.35866e-04
1.94717e-03
1.95173e-03
1.78185e-03
2.07016e-03
1.69935e-03
7.41400e-04
-1.87913e-04
-5.12196e-04
-6.65943e-04
-6.08314e-04
-5.32441e-04
-1.19464e-03
-1.81853e-03
-2.33068e-03
-1.97339e-03
-2.87906e-04
1.28221e-03
2.69148e-03
3.34700e-03
1.73259e-03
-2.89362e-04
-5.78225e-04
1.80963e-04
8.39002e-04
2.61395e-04
-1.96342e-03
-4.29222e-03
-4.92888e-03
-3.73252e-03
-1.06666e-03
1.75077e-03
3.07468e-03
3.41244e-03
2.96806e-03
1.51801e-03
5.17977e-04
-3.22408e-05
-3.15432e-04
-1.04616e-04
-3.72248e-04
-4.49876e-04
-9.57690e-04
-2.26151e-03
-2.27064e-03
-1.23161e-03
-2.95955e-04
9.99404e-04
2.23722e-03
2.32471e-03
1.09808e-03
-1.07926e-04
4.86121e-05
3.70426e-04
-4.30824e-05
-1.25342e-04
4.89292e-04
6.69892e-04
-2.21298e-04
-1.25122e-03
-1.69222e-03
-1.36367e-03
-1.39532e-03
-2.18861e-03
-2.10278e-03
3.02306e-05
2.21722e-03
2.86251e-03
2.81423e-03
2.20509e-03
1.05814e-03
-4.72483e-04
-1.70026e-03
-1.49911e-03
-1.04249e-03
-1.10946e-03
-1.76631e-03
-1.82284e-03
-1.51594e-04
1.23841e-03
1.86139e-03
1.73815e-03
7.98829e-05
-1.37892e-03
-1.19215e-03
-3.10028e-06
1.30526e-03
2.12275e-03
2.42488e-03
1.55816e-03
-1.12351e-03
-3.39046e-03
-3.00927e-03
-2.07819e-03
-1.82873e-03
-1.16939e-03
-1.18430e-04
1.14212e-03
2.19029e-03
2.18586e-03
2.13041e-03
2.41885e-03
2.04465e-03
6.85543e-04
-1.04001e-03
-2.24154e-03
-2.94016e-03
-3.01691e-03
-2.19797e-03
-1.18545e-03
4.92737e-05
1.32095e-03
1.80380e-03
2.27074e-03
2.53725e-03
2.31682e-03
2.68177e-03
2.69161e-03
1.20843e-03
-8.09138e-04
-2.26195e-03
-3.61034e-03
-4.17114e-03
-3.16395e-03
-2.06734e-03
-8.54188e-04
5.76052e-04
1.35472e-03
1.96479e-03
2.27088e-03
1.73037e-03
1.65825e-03
2.41743e-03
2.18284e-03
9.16318e-04
-1.06627e-03
-3.19493e-03
-3.56699e-03
-3.26630e-03
-2.26689e-03
3.90408e-04
1.81740e-03
1.27233e-03
1.01188e-03
7.81809e-04
-8.68289e-05
-2.44113e-04
7.23141e-04
1.53227e-03
1.62085e-03
4.59401e-04
-1.17043e-03
-1.39390e-03
-8.57488e-04
-2.44435e-04
4.28485e-04
5.45228e-04
2.04414e-04
-5.73856e-04
-1.16136e-03
-6.00054e-04
1.56897e-04
2.96462e-04
4.61627e-04
1.16196e-03
8.81025e-04
-1.41130e-03
-2.40006e-03
-1.03746e-03
4.90309e-05
-1.84849e-04
-1.00675e-03
-6.55742e-04
7.20527e-04
1.41927e-03
9.20275e-04
8.57943e-04
1.64195e-03
1.53159e-03
8.15427e-04
4.68391e-04
5.47788e-04
8.27186e-04
7.13963e-04
3.11483e-04
-1.15086e-04
-1.27252e-03
-2.91979e-03
-3.77793e-03
-3.51407e-03
-2.34134e-03
-3.03220e-04
1.54905e-03
2.43184e-03
2.47600e-03
1.36539e-03
-4.95663e-04
-9.45726e-04
1.52123e-04
6.60086e-04
6.07753e-04
5.72695e-04
4.23238e-04
-5.06998e-04
-1.47410e-03
-1.08777e-03
-1.43344e-04
6.71225e-04
1.37938e-03
1.56623e-03
1.69734e-03
2.05683e-03
1.52124e-03
5.27725e-04
1.22851e-04
-4.01173e-04
-1.56792e-03
-2.62061e-03
-2.51969e-03
-8.59333e-04
3.79524e-04
1.91215e-04
4.12620e-04
1.00957e-03
7.98465e-04
9.15878e-05
-2.36765e-04
-2.60874e-04
9.39623e-05
2.47974e-04
-2.90973e-04
-1.56970e-04
7.08695e-05
-7.93552e-04
-1.95373e-03
-2.14224e-03
-8.58920e-04
1.04097e-03
2.60873e-03
3.00418e-03
2.06520e-03
1.13359e-03
7.05063e-04
1.76689e-04
-8.46038e-04
-1.40056e-03
-1.02837e-03
-8.28334e-04
-8.37756e-04
-9.40189e-04
-1.04636e-03
-4.53294e-04
5.55994e-04
6.74723e-04
-1.73650e-05
2.62510e-04
1.06924e-03
5.14808e-04
-8.41966e-04
-1.42613e-03
-1.19688e-03
-8.57753e-04
-5.27534e-04
-1.30937e-04
1.48732e-04
4.41998e-04
9.29455e-04
1.55541e-03
2.03464e-03
1.75403e-03
6.11752e-04
-4.76872e-04
-5.78587e-04
-2.77793e-04
-6.96733e-04
-1.21194e-03
-9.23527e-04
-1.02276e-03
-1.09145e-03
-3.42710e-04
2.36452e-04
6.69556e-04
9.47996e-04
1.24733e-03
1.57778e-03
2.07366e-03
2.58807e-03
1.62833e-03
-1.36617e-04
-1.53898e-03
-3.15246e-03
-4.16837e-03
-3.93020e-03
-2.83872e-03
-1.00786e-03
6.67268e-04
2.01147e-03
2.74980e-03
2.11724e-03
1.24346e-03
6.14756e-04
-1.12923e-05
1.86188e-04
8.49217e-04
7.46546e-04
1.45570e-04
-1.43200e-04
-8.15299e-04
-2.21930e-03
-2.89261e-03
-1.90803e-03
-6.66999e-04
5.32517e-06
4.89295e-04
1.13329e-03
2.29522e-03
2.90918e-03
2.12738e-03
9.77814e-04
-1.07237e-04
-9.09825e-04
-1.75840e-03
-2.71651e-03
-2.14737e-03
-6.04434e-04
5.38918e-04
1.13513e-03
8.60414e-04
2.53095e-04
9.58822e-05
6.15498e-05
-2.78663e-04
3.33840e-05
9.23998e-04
9.56978e-04
5.03376e-04
2.62061e-04
-3.01985e-04
-1.07134e-03
-1.19613e-03
-6.38385e-04
-2.48100e-04
-1.00549e-05
6.50231e-04
1.66834e-03
2.38464e-03
1.89316e-03
7.83005e-04
4.53703e-06
-8.40686e-04
-1.28151e-03
-1.65130e-03
-2.23464e-03
-1.49480e-03
-5.61352e-04
-5.19936e-04
-8.27702e-05
1.04006e-03
2.16733e-03
2.03583e-03
9.95050e-04
3.75189e-04
-7.65657e-05
-4.75460e-05
-1.07930e-04
-6.03135e-04
-6.55107e-04
-8.20899e-04
-8.44118e-04
-3.12955e-04
3.25357e-04
7.91052e-04
4.89046e-04
7.75052e-05
2.17419e-04
2.21598e-04
-2.58613e-04
-5.84756e-04
-7.14751e-04
-1.03542e-03
-1.15842e-03
-7.49405e-04
-4.38622e-04
-1.01343e-04
1.01497e-03
1.69573e-03
1.33258e-03
1.14964e-03
8.38164e-04
-1.19758e-04
-9.70860e-04
-1.16476e-03
-1.27546e-03
-1.37076e-03
-8.84009e-04
7.45547e-05
9.35895e-04
1.03869e-03
1.07980e-03
1.55707e-03
1.59231e-03
1.46883e-03
1.06276e-03
9.65899e-05
-6.05423e-04
-1.05505e-03
-1.87633e-03
-2.65566e-03
-2.43504e-03
-1.38984e-03
-6.75779e-04
1.51140e-04
1.30036e-03
1.59718e-03
1.75563e-03
2.03724e-03
1.70959e-03
1.22604e-03
1.22578e-03
7.60268e-04
-9.40193e-04
-2.69852e-03
-3.20853e-03
-2.47196e-03
-1.10200e-03
3.73798e-04
9.54617e-04
3.08433e-04
-1.83339e-04
-4.56985e-04
-1.03769e-03
-2.48345e-04
1.52572e-03
1.93269e-03
1.51371e-03
1.30374e-03
5.89107e-04
-6.11699e-04
-1.24681e-03
-1.14481e-03
-1.01051e-03
-8.45987e-04
-8.15482e-04
-9.17796e-04
-6.34699e-04
5.88697e-05
6.74318e-04
4.37403e-04
2.64513e-04
6.75618e-04
9.85166e-04
1.52217e-03
1.83401e-03
1.41223e-03
9.20384e-04
5.43752e-04
2.09200e-05
-1.00276e-03
-1.97724e-03
-2.37657e-03
-2.27303e-03
-1.40245e-03
-1.22708e-04
7.83557e-04
9.67157e-04
7.24982e-04
2.75733e-04
-5.87735e-04
-6.22259e-04
6.67891e-04
1.62257e-03
1.62516e-03
9.78779e-04
2.45725e-04
-3.03776e-04
-1.35595e-03
-2.11136e-03
-1.66367e-03
-1.00724e-03
-8.20412e-05
1.01403e-03
1.45011e-03
1.83823e-03
1.87200e-03
6.38873e-04
-6.45991e-04
-4.75526e-04
1.51633e-04
-1.64768e-04
-9.07801e-04
-9.55502e-04
-1.15907e-03
-1.66492e-03
-1.20621e-03
-3.35590e-04
2.66953e-04
4.35268e-04
2.19717e-04
1.51484e-04
9.50050e-04
2.07471e-03
1.93290e-03
1.29010e-03
7.73218e-04
-2.94690e-04
-1.39971e-03
-1.78404e-03
-1.65384e-03
-1.50536e-03
-1.06466e-03
-4.80668e-04
-1.76770e-04
1.92294e-05
6.33172e-04
1.00177e-03
7.94246e-04
1.14500e-03
1.61737e-03
1.38002e-03
1.09116e-03
8.49831e-04
1.95451e-04
-4.73256e-04
-7.72110e-04
-1.18997e-03
-1.83884e-03
-2.33709e-03
-2.17178e-03
-9.81053e-04
4.11768e-04
1.59628e-03
2.65881e-03
2.64027e-03
1.80172e-03
1.00260e-03
4.27957e-05
-6.26111e-04
-5.79694e-04
-5.25337e-04
-7.64164e-04
-9.81867e-04
-1.36926e-03
-1.84353e-03
-1.24197e-03
-1.18009e-04
3.98639e-05
3.89303e-04
1.33055e-03
1.46739e-03
8.92587e-04
6.71681e-04
5.32257e-04
-2.84769e-05
-5.41557e-04
-7.73315e-04
-4.86159e-04
-4.65769e-05
-1.00164e-04
1.98605e-05
2.34347e-04
3.43200e-04
3.46556e-04
1.56990e-04
2.60298e-04
4.42422e-04
-1.83923e-04
-9.71795e-04
-5.76520e-04
4.03033e-04
7.23949e-04
5.60410e-04
6.50899e-04
1.08686e-04
-1.37031e-03
-1.73984e-03
-8.09164e-04
1.63125e-04
8.40375e-04
8.00074e-04
4.77927e-04
1.32520e-06
-5.05712e-04
-5.26431e-04
-4.59911e-04
2.46188e-04
1.24021e-03
1.10701e-03
5.76213e-04
2.26124e-04
-4.16159e-04
-7.86794e-04
-1.23034e-04
6.76024e-04
9.12861e-04
6.40302e-04
-8.51072e-05
-1.07041e-03
-2.32477e-03
-2.76919e-03
-2.01483e-03
-6.41677e-04
7.35786e-04
1.49617e-03
1.96978e-03
2.07188e-03
1.31648e-03
2.57516e-04
-5.74440e-05
4.25702e-06
-8.69885e-04
-1.78403e-03
-1.69836e-03
-1.43281e-03
-1.29613e-03
-7.64844e-04
1.12907e-04
8.16656e-04
1.13036e-03
1.16235e-03
1.34775e-03
1.44049e-03
1.18286e-03
1.07964e-03
9.76771e-04
6.08689e-04
-3.15686e-04
-1.60816e-03
-2.24624e-03
-2.06582e-03
-1.10391e-03
1.02720e-04
6.14085e-04
6.16910e-04
6.04724e-04
7.32116e-04
6.17842e-04
3.85314e-04
2.49633e-04
7.17691e-05
-5.53809e-05
-4.27350e-04
-7.94654e-04
-7.34154e-04
-6.11456e-04
-3.97544e-04
3.13175e-04
9.63407e-04
9.26027e-04
8.47957e-04
7.87299e-04
1.54803e-04
-5.11803e-04
-9.32604e-04
-1.17218e-03
-9.22721e-04
-3.24227e-04
3.53440e-05
2.30530e-05
1.15669e-04
2.77936e-04
1.28576e-04
-2.45648e-04
-3.42552e-04
-8.82138e-05
-9.81219e-05
3.49078e-04
1.13596e-03
1.12478e-03
5.16752e-04
-2.97243e-04
-1.02364e-03
-1.39172e-03
-1.14843e-03
-3.03372e-04
4.00250e-04
6.39254e-04
9.25563e-04
1.23260e-03
1.08576e-03
5.49846e-04
3.02416e-05
-5.35332e-04
-6.78540e-04
-2.17938e-04
1.34981e-05
1.80350e-04
3.36396e-04
-9.54531e-05
-6.07568e-04
-4.88466e-04
-1.62538e-04
1.19158e-04
2.44215e-04
3.65222e-04
3.76842e-04
-1.54719e-04
-8.17510e-04
-1.17368e-03
-1.18796e-03
-7.92532e-04
-1.93499e-04
1.23063e-04
8.47187e-04
1.91206e-03
1.64232e-03
8.34772e-04
8.55072e-04
9.85901e-04
7.88963e-04
2.39638e-04
-4.19812e-04
-1.11010e-03
-1.46151e-03
-1.42916e-03
-1.35523e-03
-7.50391e-04
3.29175e-04
7.10484e-04
2.49971e-04
1.51946e-04
8.65159e-04
1.48243e-03
1.64500e-03
1.52258e-03
7.61383e-04
-5.45011e-04
-1.40161e-03
-1.81061e-03
-1.81003e-03
-1.10015e-03
-2.29288e-04
5.17995e-04
8.82464e-04
7.84926e-04
5.88136e-04
4.77098e-04
2.69442e-04
-1.15966e-04
-5.03862e-04
-6.12302e-04
-2.53196e-04
-2.02550e-04
-3.81209e-04
-5.87425e-05
3.84310e-04
4.98029e-04
1.25604e-04
-3.49718e-04
-6.37863e-04
-6.37295e-04
-1.38996e-04
1.99819e-04
6.48657e-05
6.95831e-05
1.22432e-04
1.29055e-04
3.95623e-04
8.80600e-04
7.45317e-04
1.04185e-04
-1.28829e-04
-1.08864e-04
-2.94459e-04
-4.98849e-04
-2.74510e-04
-1.35212e-04
-3.30428e-04
-3.68453e-04
-2.25464e-04
-3.72420e-04
-4.69221e-04
-1.86484e-04
-1.79375e-04
-2.93027e-04
2.41041e-04
6.88266e-04
5.87117e-04
8.07184e-04
9.88903e-04
4.87864e-04
-2.98409e-04
-9.74599e-04
-1.48182e-03
-1.58218e-03
-9.59427e-04
-1.85005e-04
2.09703e-04
7.19698e-04
1.62082e-03
1.61872e-03
5.75741e-04
6.11070e-06
-2.65122e-04
-6.90642e-04
-6.66422e-04
-5.68418e-04
-4.53902e-04
-1.28928e-04
-9.52439e-05
-1.70092e-04
-7.99874e-05
2.08887e-04
4.69400e-04
8.94450e-05
-5.74876e-05
1.42935e-04
-5.29006e-05
-1.43703e-04
-2.54581e-04
-4.81685e-04
-7.39245e-04
-1.09466e-03
-9.01003e-04
-1.57572e-04
6.68146e-04
1.54926e-03
1.64851e-03
1.07160e-03
9.44292e-04
6.49508e-04
6.86535e-06
-4.76402e-04
-1.20199e-03
-1.92544e-03
-2.03280e-03
-1.72305e-03
-7.85972e-04
3.87596e-04
1.12208e-03
1.49757e-03
1.46190e-03
1.27865e-03
1.07086e-03
4.38653e-04
-3.06576e-04
-6.08059e-04
-7.64107e-04
-1.01378e-03
-1.10951e-03
-9.57796e-04
-5.93362e-04
-4.26656e-04
-3.53707e-04
2.94496e-04
1.35257e-03
2.14890e-03
2.24537e-03
1.50809e-03
8.65033e-04
6.21421e-04
-2.61436e-04
-1.27714e-03
-1.28348e-03
-1.19025e-03
-1.33240e-03
-9.83760e-04
-6.98322e-04
-3.47114e-04
2.41532e-04
4.09317e-04
5.03067e-04
6.23079e-04
1.09428e-03
1.72850e-03
1.32282e-03
6.14321e-04
3.45420e-04
6.40544e-05
-4.39803e-04
-1.06042e-03
-1.45395e-03
-1.57535e-03
-1.35547e-03
-8.79244e-04
-7.86530e-05
1.38749e-03
2.17996e-03
1.56989e-03
8.68608e-04
5.72543e-04
5.38524e-04
3.65039e-04
-7.31316e-06
-3.55084e-05
-7.36266e-05
-4.28585e-04
-9.37970e-04
-1.53676e-03
-1.70368e-03
-1.01461e-03
-4.22509e-04
-1.52963e-04
7.69779e-04
1.67245e-03
1.54406e-03
1.20240e-03
1.24724e-03
1.08346e-03
4.84888e-04
-2.07843e-05
-4.75232e-04
-1.12941e-03
-1.64666e-03
-1.68277e-03
-1.34563e-03
-9.03722e-04
-4.61174e-04
-3.54808e-04
-2.32827e-04
8.77355e-05
3.32466e-04
7.95425e-04
1.39523e-03
1.74300e-03
1.45938e-03
8.29688e-04
3.17113e-04
-5.44000e-04
-1.68445e-03
-1.92934e-03
-1.49846e-03
-1.06322e-03
-4.91931e-04
2.38203e-04
7.35638e-04
4.89018e-04
-3.69625e-05
-1.97160e-04
1.74576e-04
9.11655e-04
1.48596e-03
1.27117e-03
3.67793e-04
-6.98309e-04
-1.61622e-03
-1.88197e-03
-1.22570e-03
-1.49531e-04
6.00018e-04
9.43907e-04
9.88806e-04
7.05924e-04
4.26425e-04
2.15396e-04
6.11654e-05
-2.79822e-04
-5.62159e-04
-4.54952e-04
-4.80985e-04
-2.61194e-04
3.75663e-04
6.30873e-04
3.31281e-04
-1.80638e-05
-1.35112e-04
-2.48680e-04
-3.11727e-04
-1.83288e-04
-1.00633e-04
4.61652e-05
4.76548e-04
7.10372e-04
6.19766e-04
4.60524e-04
9.35372e-05
-7.36997e-04
-1.33425e-03
-1.09536e-03
-5.59163e-04
8.16815e-05
6.38018e-04
9.24873e-04
1.34247e-03
1.36267e-03
5.08297e-04
-6.68114e-04
-1.28143e-03
-1.24882e-03
-1.21508e-03
-1.04264e-03
-1.40634e-04
9.71279e-04
1.06106e-03
5.83968e-04
7.30837e-04
1.02153e-03
6.51553e-04
3.15052e-04
2.77479e-04
-2.81313e-04
-7.55632e-04
-6.66194e-04
-8.96825e-04
-1.13025e-03
-8.12685e-04
-5.52797e-04
-2.03702e-04
5.41496e-04
1.12860e-03
1.37887e-03
1.25563e-03
8.60536e-04
3.56148e-04
-3.81339e-04
-9.22902e-04
-9.10063e-04
-7.25245e-04
-4.44595e-04
-2.32888e-04
-2.38542e-04
-6.67493e-05
3.72702e-04
7.25738e-04
6.83452e-04
6.46097e-04
8.09843e-04
4.32767e-04
-1.49011e-04
6.73558e-05
2.65406e-04
-5.33286e-04
-1.37062e-03
-1.44672e-03
-1.15810e-03
-7.75665e-04
-4.05204e-04
4.78465e-05
5.70744e-04
9.81780e-04
7.42545e-04
2.54598e-06
-2.29896e-04
-3.06677e-04
-8.49862e-04
-1.05820e-03
-1.11722e-04
1.05348e-03
1.36764e-03
1.34199e-03
9.90970e-04
7.00874e-05
-6.89242e-04
-1.01890e-03
-1.03314e-03
-8.76368e-04
-5.98344e-04
-2.88989e-04
-1.07585e-04
2.65669e-04
6.46404e-04
4.61441e-04
-1.84421e-05
-2.29446e-04
-1.76799e-04
-1.74866e-04
-8.24610e-05
1.83018e-04
2.47854e-04
3.59733e-04
6.50400e-04
3.22946e-04
-3.40968e-04
-4.32033e-04
-2.67133e-04
-3.54424e-04
-1.10995e-04
7.01246e-04
1.12501e-03
8.71271e-04
5.67330e-04
1.39721e-04
-6.59556e-04
-1.03840e-03
-1.17013e-03
-1.61654e-03
-1.47641e-03
-8.57039e-04
-2.47031e-04
6.18643e-04
1.38112e-03
1.60949e-03
1.27330e-03
5.95359e-04
1.13648e-04
1.07910e-04
2.69906e-04
4.67426e-04
3.02924e-04
-2.90574e-04
-3.98236e-04
-4.98179e-04
-8.83633e-04
-8.19707e-04
-6.12924e-04
-6.70118e-04
-3.75273e-04
5.85293e-04
1.36992e-03
1.52997e-03
1.38053e-03
1.09524e-03
6.91627e-04
2.08602e-04
-5.01763e-04
-1.27870e-03
-1.75330e-03
-1.91891e-03
-1.69795e-03
-8.65038e-04
4.50323e-04
1.80725e-03
2.45580e-03
2.12916e-03
1.38396e-03
4.73773e-04
-2.96698e-04
-5.19930e-04
-4.83383e-04
-7.54475e-04
-1.09583e-03
-1.19925e-03
-1.48852e-03
-1.44807e-03
-3.85417e-04
8.46333e-04
1.26564e-03
1.23544e-03
1.19442e-03
8.59905e-04
1.96146e-04
-4.25241e-04
-3.13167e-04
2.65133e-04
3.74256e-04
-1.72592e-04
-9.93244e-04
-1.37298e-03
-9.37911e-04
-4.17035e-04
-2.59083e-04
4.41050e-05
2.06906e-04
-3.33300e-05
9.01184e-05
5.13744e-04
8.31821e-04
1.16811e-03
1.46306e-03
1.21998e-03
4.46021e-04
-3.54248e-04
-9.15567e-04
-1.34006e-03
-1.64257e-03
-1.55208e-03
-1.13799e-03
-5.75222e-04
5.78911e-05
5.69175e-04
1.03135e-03
1.35533e-03
1.36062e-03
9.68296e-04
5.80141e-04
4.67147e-04
-4.28120e-06
-4.82230e-04
-4.16661e-04
-3.06088e-04
-5.23683e-04
-1.10831e-03
-1.44131e-03
-1.12863e-03
-5.05428e-04
2.76073e-04
8.97532e-04
1.01526e-03
1.06367e-03
1.01949e-03
3.84904e-04
-3.43931e-04
-4.76667e-04
-2.79039e-04
-3.24754e-04
-2.51689e-04
-1.58100e-06
-5.48946e-05
-2.52430e-04
-1.44875e-04
8.78274e-05
2.70968e-04
3.87074e-04
1.46081e-04
-2.81149e-04
-4.83446e-04
-3.24594e-04
2.35077e-05
1.37658e-04
6.64925e-05
-1.63812e-04
-5.89322e-04
-7.20527e-04
-5.83414e-04
-6.14264e-04
-1.99354e-04
5.16311e-04
6.96779e-04
6.58602e-04
6.72409e-04
4.08140e-04
-1.14777e-04
-3.38436e-04
-3.50756e-04
-2.38745e-04
2.86418e-04
8.76216e-04
9.42986e-04
4.75294e-04
1.99804e-05
-5.52943e-04
-1.23774e-03
-1.06152e-03
-2.85644e-04
3.66673e-04
8.84837e-04
8.55035e-04
1.71609e-04
-7.49055e-04
-1.08049e-03
-3.87436e-04
3.69138e-04
6.47467e-04
4.10952e-04
-2.88096e-04
-7.63565e-04
-5.66026e-04
-2.50912e-04
1.98957e-04
1.01631e-03
1.17709e-03
6.46043e-04
4.13019e-04
5.12295e-04
5.07368e-04
4.68623e-04
6.41242e-04
4.39883e-04
-2.83314e-04
-7.16965e-04
-7.23085e-04
-7.46201e-04
-6.42361e-04
-3.46840e-04
-3.77231e-04
-6.20197e-04
-4.54502e-04
-1.41258e-04
3.65384e-05
5.68074e-04
1.04461e-03
7.09710e-04
1.07491e-04
-1.72043e-05
1.50348e-04
1.62706e-04
-2.05736e-05
-1.02404e-04
-1.11290e-04
-5.75792e-05
4.04015e-04
6.34904e-04
4.14773e-04
2.72818e-04
-6.98702e-05
-8.71097e-04
-1.34107e-03
-1.03005e-03
-6.90606e-04
-9.27150e-05
7.70913e-04
9.60620e-04
4.53509e-04
5.39294e-05
-5.18691e-05
-2.82500e-04
-3.87777e-04
-1.64442e-04
7.14762e-05
8.21835e-05
6.56756e-05
1.36160e-04
7.34574e-05
3.76318e-05
-1.53903e-04
-5.65473e-04
-6.19245e-04
-4.29340e-04
-3.88982e-04
4.17266e-05
8.75973e-04
1.45909e-03
1.50926e-03
8.10953e-04
-2.60158e-04
-1.26988e-03
-1.90750e-03
-1.80610e-03
-8.96911e-04
8.54539e-05
6.21662e-04
7.71739e-04
5.36538e-04
1.42590e-05
-4.55190e-04
-6.67997e-04
-3.92663e-04
2.88211e-04
6.60456e-04
5.91131e-04
3.60090e-04
2.48674e-04
7.26518e-05
-1.63155e-04
-1.48189e-04
6.34146e-05
1.45411e-04
-7.64955e-05
-4.56551e-04
-5.94097e-04
-2.30137e-04
2.28001e-04
3.73220e-04
2.77534e-04
3.80657e-04
3.56739e-04
-1.84837e-04
-3.74123e-04
-3.52100e-05
1.47857e-04
1.71876e-04
1.46846e-04
7.88898e-05
2.08612e-04
4.45754e-04
4.87191e-04
1.40929e-04
-1.55112e-04
-7.67513e-06
-1.53522e-04
-5.84910e-04
-7.39053e-04
-7.38782e-04
-5.55169e-04
-1.45850e-04
5.63196e-04
9.88849e-04
7.96952e-04
5.30094e-04
4.83469e-04
5.24660e-04
3.86937e-04
4.31735e-05
-3.80715e-04
-3.21840e-04
-2.10092e-04
-7.12448e-04
-9.40914e-04
-4.78451e-04
-2.51808e-04
-2.25857e-04
2.06490e-04
8.37977e-04
1.21832e-03
9.52415e-04
6.09819e-04
9.72128e-05
-6.14355e-04
-5.43717e-04
-1.48858e-04
-1.51624e-05
5.10858e-05
2.49453e-05
-2.43364e-04
-6.19512e-04
-7.30903e-04
-6.20050e-04
-3.42994e-04
1.45514e-05
1.03201e-04
-9.01114e-05
8.66570e-05
6.60973e-04
9.09618e-04
8.53936e-04
9.14201e-04
6.35937e-04
-2.36543e-04
-7.24898e-04
-6.09227e-04
-6.82431e-04
-9.65246e-04
-1.01648e-03
-7.99349e-04
-3.60177e-04
6.97328e-05
1.94399e-04
1.56481e-04
2.79244e-04
6.35481e-04
5.84287e-04
4.00587e-04
6.30942e-04
7.20045e-04
3.78800e-04
-7.29660e-05
-4.14944e-04
-7.12796e-04
-7.65477e-04
-7.39345e-04
-8.54705e-04
-6.84107e-04
-6.56401e-07
4.59993e-04
5.81999e-04
9.11282e-04
1.22212e-03
1.15131e-03
8.20870e-04
5.80693e-04
1.31180e-04
-6.14081e-04
-1.21060e-03
-1.44492e-03
-1.28213e-03
-9.84473e-04
-4.88107e-04
1.75755e-04
5.74689e-04
8.05950e-04
1.01256e-03
8.56370e-04
4.08138e-04
1.00175e-05
-3.50819e-04
-5.84456e-04
-6.48773e-04
-8.49640e-04
-9.41751e-04
-5.25724e-04
5.79155e-05
1.86527e-04
2.48706e-04
4.57817e-04
2.89804e-04
-7.60361e-05
-2.02923e-04
-7.13794e-06
1.94175e-04
4.54408e-04
6.11537e-04
2.55005e-04
-3.76842e-04
-7.79200e-04
-6.59099e-04
-1.16407e-04
5.02419e-04
8.60124e-04
8.69610e-04
6.82668e-04
5.84441e-04
1.85461e-04
-5.52096e-04
-8.75906e-04
-8.21726e-04
-8.47086e-04
-7.42408e-04
-2.57656e-04
1.39885e-04
4.33896e-04
8.12244e-04
9.46402e-04
7.79928e-04
6.24167e-04
3.67502e-04
-1.39230e-04
-3.53740e-04
-1.29938e-04
2.45526e-06
1.15663e-05
5.83684e-05
-4.21280e-05
-2.57847e-04
-1.49620e-04
1.17295e-04
-5.51865e-05
-3.98228e-04
-2.64344e-04
7.59575e-05
3.11121e-04
7.22097e-04
9.63549e-04
4.56865e-04
-1.65887e-04
-3.46923e-04
-5.22638e-04
-5.17277e-04
-3.02664e-04
-1.96371e-04
-4.45609e-05
1.06891e-04
1.43060e-04
7.44247e-06
-1.11259e-04
-5.14550e-05
-1.93702e-04
-4.38258e-04
-3.05011e-04
-4.74715e-05
-6.31381e-05
-2.47718e-05
5.09870e-04
8.48073e-04
4.61129e-04
5.61231e-05
-2.18723e-04
-5.20284e-04
-5.29180e-04
-4.71126e-04
-7.04169e-04
-6.95308e-04
-1.61889e-04
7.54011e-05
1.80924e-04
5.81467e-04
7.04438e-04
1.69024e-04
-3.89785e-04
-3.55873e-04
-1.45336e-04
5.26091e-05
2.55823e-04
4.56073e-04
2.94395e-04
-3.34053e-04
-7.34795e-04
-7.96906e-04
-6.81214e-04
-3.08627e-04
1.50637e-04
6.34670e-04
9.85342e-04
7.73587e-04
3.58221e-04
4.15720e-04
6.64668e-04
4.40403e-04
-3.59974e-05
-1.75112e-04
-2.89864e-04
-5.67139e-04
-5.79329e-04
-4.46139e-04
-4.90455e-04
-3.99110e-04
9.37861e-05
3.83302e-04
4.03410e-04
6.23124e-04
7.07672e-04
4.13716e-04
1.58440e-04
-2.75189e-06
-2.80711e-04
-4.14202e-04
-2.31332e-04
-8.39367e-05
-1.01597e-04
3.16430e-04
7.54405e-04
5.91965e-04
4.26016e-04
4.81921e-04
2.65712e-04
-5.81640e-05
-3.12704e-04
-6.55590e-04
-1.07223e-03
-1.10717e-03
-5.82008e-04
-9.42186e-05
2.48173e-04
7.81631e-04
1.17232e-03
1.02600e-03
8.47467e-04
6.41631e-04
1.65901e-04
-1.64845e-04
-3.56994e-04
-6.25926e-04
-7.25447e-04
-6.36356e-04
-7.62374e-04
-1.09838e-03
-8.61428e-04
-1.53286e-04
3.83939e-04
9.06296e-04
1.28498e-03
1.20755e-03
8.10978e-04
2.19968e-04
-4.81649e-04
-1.01102e-03
-1.11815e-03
-9.75327e-04
-8.02029e-04
-5.92926e-04
-1.87786e-04
-1.75563e-05
-1.77266e-04
4.59221e-05
5.10717e-04
5.76133e-04
2.70988e-04
6.88049e-05
7.09757e-06
-1.69103e-04
-3.18254e-04
-2.20988e-04
-1.36005e-04
-1.60850e-04
-4.31009e-05
2.17214e-05
-1.33618e-05
1.23145e-04
2.02831e-04
1.23293e-04
3.99580e-04
7.89192e-04
7.15646e-04
5.74060e-04
5.26057e-04
2.03267e-04
-1.70892e-04
-2.78554e-04
-2.87944e-04
-2.01621e-04
-3.35146e-04
-5.68076e-04
-6.56268e-04
-6.02256e-04
-3.21116e-04
-1.53677e-04
1.64346e-04
8.59300e-04
1.18802e-03
1.04630e-03
8.18333e-04
4.01905e-04
-1.43693e-04
-5.61759e-04
-5.92352e-04
-5.17352e-04
-5.75991e-04
-5.39249e-04
-2.71623e-04
-5.59116e-05
2.84113e-05
2.66759e-04
3.01251e-04
2.30673e-04
2.79662e-04
1.48529e-04
-1.07919e-04
-1.60223e-04
-1.69018e-04
-4.74470e-04
-7.10939e-04
-5.27508e-04
-2.91310e-04
-3.00294e-04
-2.43290e-04
9.32513e-05
3.10153e-04
5.42773e-04
7.59872e-04
4.83463e-04
-1.16989e-04
-4.95854e-04
-6.85117e-04
-7.89599e-04
-4.83275e-04
-4.39030e-05
8.21724e-05
1.33961e-04
2.42753e-04
1.89679e-04
2.19294e-04
3.49851e-04
2.12427e-04
-1.15387e-05
1.26135e-06
3.26803e-04
6.10770e-04
5.84901e-04
4.21143e-04
8.90465e-05
-4.92227e-04
-1.00366e-03
-1.07887e-03
-8.13210e-04
-5.70055e-04
-2.58504e-04
1.30393e-04
2.55661e-04
3.66164e-04
5.72070e-04
6.75236e-04
8.00014e-04
7.94417e-04
6.04775e-04
5.60939e-04
3.62182e-04
-3.17954e-04
-9.07844e-04
-9.31133e-04
-6.22276e-04
-3.69153e-04
-1.32384e-04
3.53551e-04
7.10951e-04
7.12181e-04
7.72173e-04
7.30990e-04
3.87660e-04
2.09828e-04
1.33178e-04
-2.84199e-04
-7.95512e-04
-1.00373e-03
-9.19838e-04
-5.69462e-04
9.73566e-05
6.98722e-04
8.02722e-04
5.61906e-04
1.43353e-04
-2.63518e-04
-4.48581e-04
-2.36538e-04
8.87089e-05
3.41734e-05
-5.95002e-05
3.94589e-05
3.72128e-05
-2.43665e-04
-2.06136e-04
1.72138e-04
2.19553e-04
1.21513e-04
7.16949e-05
6.10092e-06
2.29934e-04
4.90687e-04
4.50131e-04
4.61579e-04
4.72127e-04
1.60600e-05
-6.78937e-04
-7.97823e-04
-3.28919e-04
-1.36646e-04
-1.32021e-04
5.77771e-05
1.25937e-04
-1.92539e-04
-4.26083e-04
-3.80257e-04
-3.93000e-04
-2.89136e-04
1.92179e-05
2.74048e-04
5.44534e-04
8.51265e-04
6.52325e-04
-1.38920e-04
-5.47093e-04
-3.43952e-04
-3.35943e-04
-4.52752e-04
-1.93243e-04
-4.83536e-05
-1.74188e-04
-3.13318e-04
-3.12314e-04
-7.26998e-05
3.79130e-04
8.27024e-04
8.35909e-04
5.27671e-04
2.57982e-04
-6.12428e-05
-4.50087e-04
-5.20208e-04
-4.62870e-04
-7.03230e-04
-7.99805e-04
-7.25715e-04
-5.98687e-04
-2.81116e-04
2.19070e-04
4.96084e-04
5.85070e-04
7.89730e-04
7.68047e-04
3.29992e-04
-9.01894e-05
-7.23381e-05
-5.88151e-05
-2.26570e-04
-3.52947e-04
-4.94754e-04
-5.54097e-04
-2.93976e-04
2.24999e-04
5.06862e-04
4.71632e-04
6.11605e-04
5.65394e-04
1.61189e-04
1.19109e-04
1.65925e-04
-3.21668e-04
-7.48881e-04
-6.29473e-04
-5.24091e-04
-3.90536e-04
1.53382e-04
7.11207e-04
8.15101e-04
3.49673e-04
-2.63123e-04
-4.42633e-04
-2.59194e-04
-8.22652e-06
7.39910e-05
-1.46374e-04
-2.39806e-04
-2.22751e-04
-5.13158e-04
-5.55518e-04
4.67668e-05
6.08933e-04
8.23824e-04
8.06246e-04
5.42484e-04
-2.10198e-06
-3.39110e-04
-3.68557e-04
-4.37122e-04
-3.98823e-04
-1.48869e-04
-5.47857e-05
-2.17302e-04
-2.20608e-04
7.02144e-05
2.86071e-04
4.69185e-04
6.01430e-04
4.10957e-04
2.97737e-04
3.38374e-04
2.64065e-04
1.59026e-04
1.59635e-05
-1.25220e-04
-2.67267e-04
-4.25735e-04
-2.48622e-04
1.11419e-04
3.49064e-04
4.10971e-04
1.69477e-04
-2.76836e-04
-5.80753e-04
-5.61897e-04
-6.14479e-04
-5.01670e-04
1.41537e-04
7.83752e-04
8.43761e-04
4.85260e-04
4.36657e-04
5.97667e-04
5.30617e-04
3.94414e-04
1.55699e-04
-1.54993e-04
-3.97843e-04
-5.54143e-04
-6.84793e-04
-6.54790e-04
-2.82009e-04
-1.06773e-04
-3.76288e-04
-3.55729e-04
7.00877e-05
4.41376e-04
6.19255e-04
5.81405e-04
3.84564e-04
1.72321e-04
-1.80082e-04
-4.80972e-04
-3.51294e-04
-1.01465e-04
-1.05988e-04
-2.16005e-04
-7.90320e-05
1.50578e-04
-5.93794e-05
-3.51975e-04
-1.84534e-04
-6.44326e-05
-2.78879e-04
-2.76427e-04
1.98517e-04
6.17085e-04
7.14239e-04
5.88860e-04
3.85520e-04
1.92116e-04
-2.53064e-04
-8.30988e-04
-1.01650e-03
-6.55508e-04
-1.50896e-04
-3.43746e-05
-6.44980e-05
2.80116e-04
5.15648e-04
4.03200e-04
5.26268e-04
8.48924e-04
6.57673e-04
1.57048e-04
-1.30783e-04
-3.62460e-04
-3.93770e-04
-2.13959e-04
-1.29096e-04
-2.08794e-04
-2.87226e-04
-2.70971e-04
-3.27215e-04
-2.93222e-04
4.07941e-05
3.22366e-04
4.70287e-04
6.57818e-04
6.94244e-04
4.70450e-04
8.29267e-05
-2.67485e-04
-4.87259e-04
-6.39523e-04
-5.28941e-04
-3.38762e-04
-3.19710e-04
-1.25592e-04
1.82045e-04
2.12398e-04
9.18689e-05
7.29703e-05
5.49813e-05
-6.21146e-05
-5.14039e-05
6.00908e-05
7.66339e-05
3.64947e-05
2.52132e-05
-1.24614e-05
-1.13515e-04
-1.45959e-04
-7.04778e-05
-1.18436e-04
-1.70949e-04
-1.17819e-04
-1.23012e-04
-6.36112e-05
8.39117e-06
-1.28983e-04
-2.72822e-04
-1.95512e-04
-8.81584e-05
-5.61559e-05
1.78901e-04
4.82317e-04
5.11614e-04
2.81431e-04
6.35312e-05
-7.04264e-05
-2.47028e-04
-3.43933e-04
-1.97737e-04
-4.51108e-05
-9.62957e-05
-9.23708e-05
-7.67457e-05
-7.67489e-05
1.18376e-04
2.48207e-04
2.06344e-04
1.83774e-04
1.80287e-04
6.24239e-05
-6.80782e-05
-6.35563e-05
6.78880e-06
4.55466e-05
4.50741e-05
2.00995e-05
-2.99520e-05
-8.87575e-05
-8.92308e-05
-3.93126e-05
4.70764e-05
1.38434e-04
1.14351e-04
2.43333e-05
-3.51427e-05
-3.27447e-05
1.13375e-05
4.25522e-05
8.65632e-05
8.60850e-05
-1.39010e-05
-7.18798e-05
-5.00710e-05
-5.95009e-05
-1.02954e-04
-6.33806e-05
7.65818e-06
-2.59836e-06
-4.98235e-06
6.48669e-06
-2.48108e-05
-1.36160e-05
1.62578e-05
7.09554e-06
1.59793e-05
6.42632e-05
8.81397e-05
6.90286e-05
6.41287e-05
9.29495e-05
7.79938e-05
2.84726e-05
9.34556e-06
-2.02066e-05
-6.31081e-05
-8.82395e-05
-8.24082e-05
-5.14336e-05
7.92365e-06
5.20242e-05
3.49686e-05
2.25448e-05
2.02943e-05
-1.53075e-05
-4.49152e-05
-2.52989e-05
1.20512e-05
1.55380e-05
-3.99469e-06
-1.23228e-05
-1.02976e-05
-9.83660e-06
-2.52693e-06
4.40913e-06
1.05609e-05
2.57935e-05
3.46409e-05
3.10868e-05
1.76735e-05
9.23560e-06
3.95442e-06
-1.74799e-06
4.39588e-06
6.46541e-07
-2.80862e-05
-4.25892e-05
-3.01824e-05
-2.54271e-05
-2.00597e-05
7.06866e-07
1.85560e-05
2.23967e-05
2.36891e-05
2.52174e-05
1.87766e-05
1.32336e-05
1.45371e-05
5.57998e-06
-1.07116e-05
-1.61820e-05
-1.61087e-05
-2.08493e-05
-2.21178e-05
-1.58820e-05
-8.92285e-06
-5.35799e-06
-1.64765e-06
5.68088e-06
1.13554e-05
1.34583e-05
1.16051e-05
6.79323e-06
4.60366e-06
2.95764e-06
-6.01578e-07
-3.97911e-06
-5.30412e-06
-6.52991e-06
-8.85821e-06
-9.87307e-06
-7.46833e-06
-3.93593e-06
-7.01533e-07
2.16053e-06
4.01303e-06
3.47035e-06
1.87418e-06
3.29374e-07
-9.27219e-07
-1.26785e-06
-1.17714e-06
-1.32065e-06
-1.57952e-06
-1.78447e-06
-1.90572e-06
-1.66451e-06
-8.69346e-07
-2.22926e-07
5.50877e-08
2.91051e-07
5.51007e-07
4.22196e-07
1.17058e-07
-3.68985e-08
-1.09130e-07
-2.65114e-07
-3.35146e-07
-2.87949e-07
-2.59873e-07
-2.75389e-07
-2.41704e-07
-1.92079e-07
-1.30173e-07
-5.51372e-08
8.67061e-09
1.97217e-08
2.59018e-08
2.22448e-08
7.83870e-09
-2.96164e-09
-9.76215e-10
3.02058e-09
1.03376e-08
1.75372e-08
2.55547e-08
3.21469e-08
3.89961e-08
4.52599e-08
5.13168e-08
5.69819e-08
6.24561e-08
