2.22261e-04
2.22404e-04
2.19653e-04
2.14924e-04
2.09912e-04
2.08874e-04
2.13013e-04
2.21148e-04
2.26151e-04
2.25095e-04
2.17747e-04
2.13236e-04
2.18278e-04
2.37636e-04
2.64320e-04
2.83429e-04
2.73530e-04
2.32078e-04
1.81473e-04
1.43944e-04
1.40642e-04
1.66370e-04
2.11783e-04
2.68226e-04
3.15468e-04
3.23727e-04
3.00940e-04
2.63888e-04
2.26853e-04
1.94749e-04
1.74897e-04
1.99894e-04
2.89321e-04
4.00500e-04
4.77122e-04
4.63994e-04
3.50202e-04
1.60054e-04
-7.05456e-05
-2.86599e-04
-4.27041e-04
-4.31463e-04
-2.55175e-04
5.93031e-05
4.26381e-04
7.83686e-04
9.64732e-04
7.30398e-04
2.56733e-04
-1.33258e-04
-3.01039e-04
-2.34947e-04
-5.65188e-05
2.03410e-04
5.29222e-04
8.74042e-04
1.07942e-03
9.10243e-04
3.41478e-04
-3.89400e-04
-9.98217e-04
-1.14417e-03
-7.43101e-04
2.96986e-05
7.11900e-04
1.16060e-03
1.24909e-03
1.00197e-03
5.33891e-04
9.60544e-05
-2.27755e-04
-3.59799e-04
-3.34017e-04
-1.67769e-04
7.98159e-05
2.93380e-04
2.86885e-04
1.33913e-04
-4.62048e-05
-1.49701e-04
-1.04493e-04
1.05087e-04
3.60427e-04
4.91649e-04
5.16781e-04
4.89602e-04
4.60262e-04
4.25783e-04
3.87353e-04
5.13316e-04
8.49630e-04
1.06299e-03
1.03435e-03
9.07767e-04
6.83791e-04
3.35859e-04
-1.52465e-04
-7.38852e-04
-1.29286e-03
-1.62428e-03
-1.51190e-03
-1.08843e-03
-5.25554e-04
1.08800e-04
6.58928e-04
7.87652e-04
5.66394e-04
1.55988e-04
-2.28580e-04
-5.07738e-04
-7.27366e-04
-9.76554e-04
-1.21657e-03
-1.31343e-03
-1.12148e-03
-5.91203e-04
3.69801e-04
1.57634e-03
2.23659e-03
1.80240e-03
8.29426e-04
-3.05080e-04
-1.24176e-03
-1.25461e-03
8.25512e-05
1.63873e-03
2.66331e-03
3.03744e-03
2.74419e-03
1.83405e-03
8.15461e-04
1.93780e-04
2.37497e-04
4.97994e-04
3.12004e-04
-2.43599e-04
-9.68529e-04
-1.82135e-03
-2.78338e-03
-3.70692e-03
-4.15392e-03
-3.60693e-03
-1.84524e-03
9.05013e-04
3.62530e-03
5.18612e-03
4.47337e-03
2.39908e-03
9.09644e-05
-1.49134e-03
-2.26584e-03
-2.24428e-03
-2.00230e-03
-1.83083e-03
-1.61765e-03
-1.46731e-03
-1.73722e-03
-1.66043e-03
-7.61897e-04
4.02928e-04
1.27172e-03
1.42821e-03
1.15328e-03
8.69064e-04
6.43696e-04
5.63647e-04
7.95821e-04
1.14351e-03
1.27857e-03
8.93603e-04
-1.64665e-04
-1.77611e-03
-3.74245e-03
-5.48788e-03
-6.33475e-03
-5.51926e-03
-2.84369e-03
9.03760e-04
3.63764e-03
4.37055e-03
2.77831e-03
9.90412e-04
2.42649e-04
2.19920e-04
6.50529e-04
1.48462e-03
2.01523e-03
1.70931e-03
5.43034e-04
-6.90127e-04
-7.82112e-04
-3.67717e-04
-1.50514e-04
-5.19381e-05
-2.66048e-05
-1.95264e-04
-4.37380e-04
-9.08811e-04
-2.45502e-03
-4.52351e-03
-4.85838e-03
-2.63337e-03
1.76015e-03
6.69160e-03
9.93572e-03
9.55288e-03
5.89160e-03
9.95877e-04
-3.93689e-03
-7.58940e-03
-9.48473e-03
-9.45930e-03
-7.39479e-03
-3.56966e-03
1.08300e-03
5.44487e-03
8.32015e-03
8.34963e-03
5.75394e-03
1.44777e-03
-3.24093e-03
-6.66197e-03
-7.19422e-03
-5.26882e-03
-2.26536e-03
-4.12930e-05
1.24287e-04
-1.39296e-03
-3.12019e-03
-3.19532e-03
-1.00490e-03
3.04749e-03
7.36146e-03
9.57537e-03
7.17249e-03
1.80687e-03
-2.82409e-03
-3.49117e-03
-3.21849e-04
2.65179e-03
4.10406e-03
3.88935e-03
1.94969e-03
-1.70226e-03
-6.65427e-03
-1.17857e-02
-1.48095e-02
-1.42968e-02
-9.24475e-03
-2.72199e-04
1.02489e-02
1.69146e-02
1.58044e-02
5.86800e-03
-5.02530e-03
-1.22717e-02
-1.51377e-02
-1.30349e-02
-5.72226e-03
2.10064e-03
6.34214e-03
5.29576e-03
1.61686e-03
-8.64309e-04
-1.23943e-03
5.28430e-04
3.98916e-03
7.97815e-03
1.04397e-02
8.74009e-03
1.15535e-03
-1.09144e-02
-2.25767e-02
-2.55646e-02
-1.92021e-02
-6.04464e-03
8.22818e-03
1.86308e-02
2.12826e-02
1.67683e-02
6.95631e-03
-5.13301e-03
-1.70251e-02
-2.68437e-02
-3.00808e-02
-2.12104e-02
-9.06810e-03
-2.01061e-04
8.95414e-03
1.76718e-02
1.93246e-02
1.52955e-02
8.63430e-03
3.40858e-03
9.11428e-04
3.74040e-04
4.26722e-05
-6.72285e-04
-1.85061e-03
-2.98984e-03
-3.38664e-03
-2.58438e-03
-9.18632e-04
5.26884e-04
1.03113e-03
1.09405e-03
6.63408e-04
-5.84963e-04
-6.55128e-04
1.58110e-03
4.28017e-03
5.28860e-03
2.88730e-03
-1.88937e-03
-6.69882e-03
-9.63021e-03
-1.00495e-02
-8.72786e-03
-6.67717e-03
-4.98878e-03
-3.87241e-03
-3.76634e-03
-5.25093e-03
-6.73766e-03
-5.74130e-03
-1.24949e-03
5.87461e-03
1.22625e-02
1.43561e-02
9.21826e-03
5.82459e-04
-5.77736e-03
-5.84304e-03
-3.84143e-04
5.59269e-03
9.12517e-03
8.33393e-03
4.08043e-03
-1.75646e-03
-6.57249e-03
-9.63518e-03
-1.05098e-02
-9.51605e-03
-6.72369e-03
-2.13205e-03
4.34585e-03
1.10184e-02
1.46932e-02
1.29160e-02
7.55867e-03
2.65883e-04
-6.79770e-03
-1.34490e-02
-1.74499e-02
-1.52296e-02
-7.34163e-03
6.23287e-04
6.91845e-03
9.40177e-03
6.05023e-03
-3.02461e-03
-1.37753e-02
-2.13999e-02
-2.05825e-02
-1.35664e-02
-4.51654e-03
1.63720e-03
2.88623e-03
-1.06005e-03
-6.35461e-03
-8.72479e-03
-5.58155e-03
2.95113e-03
1.35765e-02
2.15707e-02
2.19118e-02
1.42752e-02
1.38574e-03
-1.04439e-02
-1.75776e-02
-1.63719e-02
-8.35046e-03
2.72439e-03
1.07424e-02
1.30862e-02
8.53516e-03
1.39923e-03
-4.47377e-03
-7.93147e-03
-8.82583e-03
-6.98942e-03
-4.34707e-03
-2.74413e-03
-2.86798e-03
-4.26191e-03
-5.84210e-03
-8.35745e-03
-1.22381e-02
-1.51377e-02
-1.63293e-02
-1.75234e-02
-1.79892e-02
-1.64161e-02
-1.47006e-02
-1.45563e-02
-1.59063e-02
-1.74620e-02
-1.77457e-02
-1.77078e-02
-1.75427e-02
-1.50090e-02
-9.69594e-03
-3.69121e-03
1.45648e-03
3.51762e-03
1.05394e-03
-5.54327e-03
-1.31158e-02
-1.83943e-02
-1.79266e-02
-1.37810e-02
-8.93952e-03
-6.40956e-03
-7.17628e-03
-1.13131e-02
-1.71334e-02
-2.19179e-02
-2.23867e-02
-1.83022e-02
-1.19023e-02
-3.74503e-03
4.65273e-03
1.10781e-02
1.56447e-02
1.98567e-02
2.36193e-02
2.56197e-02
2.46185e-02
2.16151e-02
2.07988e-02
2.53618e-02
3.74298e-02
5.36083e-02
6.83520e-02
7.56351e-02
7.46870e-02
6.81281e-02
6.05317e-02
5.47753e-02
4.83840e-02
4.05811e-02
3.49740e-02
3.47548e-02
4.15142e-02
4.95760e-02
5.47018e-02
5.47393e-02
5.10549e-02
4.51789e-02
3.83750e-02
3.15771e-02
2.57566e-02
2.04994e-02
1.66356e-02
1.70069e-02
2.21379e-02
2.73462e-02
2.99169e-02
2.79808e-02
2.29414e-02
1.72671e-02
1.46186e-02
1.70253e-02
2.47275e-02
3.81239e-02
5.48168e-02
6.88602e-02
7.86199e-02
8.71842e-02
9.46618e-02
9.79354e-02
9.26480e-02
7.80138e-02
5.99158e-02
4.37477e-02
3.68287e-02
3.33240e-02
2.82835e-02
2.04895e-02
1.02766e-02
-1.17049e-03
-1.29058e-02
-2.43326e-02
-3.53696e-02
-4.61441e-02
-5.69115e-02
-6.78009e-02
-7.88289e-02
-8.98145e-02
-1.00557e-01
-1.10869e-01
-1.20876e-01
-1.31065e-01
-1.42343e-01
-1.55439e-01
-1.70172e-01
-1.84130e-01
-1.92334e-01
-1.87716e-01
-1.65586e-01
-1.28316e-01
-8.77508e-02
-6.58583e-02
-5.26308e-02
-3.69545e-02
-1.67177e-02
3.84573e-03
1.59949e-02
1.14884e-02
-9.75980e-03
-3.32906e-02
-4.78267e-02
-5.27471e-02
-5.48015e-02
-5.90855e-02
-6.52731e-02
-6.96321e-02
-6.78477e-02
-5.98280e-02
-5.04976e-02
-3.26103e-02
-5.82666e-03
1.74647e-02
3.42850e-02
4.92383e-02
6.15953e-02
6.55515e-02
5.41192e-02
2.79211e-02
-1.42742e-04
-2.39553e-02
-3.63659e-02
-4.58728e-02
-5.63405e-02
-6.32134e-02
-5.85998e-02
-3.76151e-02
-6.49887e-03
2.24796e-02
4.05905e-02
5.17352e-02
6.48235e-02
8.21877e-02
9.95641e-02
1.08818e-01
1.02662e-01
8.11613e-02
6.02965e-02
6.14453e-02
7.78434e-02
9.52292e-02
9.69525e-02
8.26664e-02
6.16424e-02
4.23283e-02
2.90200e-02
1.82886e-02
9.44045e-03
6.16604e-03
1.45579e-02
3.71267e-02
6.74255e-02
9.40641e-02
9.95131e-02
8.28663e-02
4.85686e-02
7.02455e-03
-2.93166e-02
-4.65718e-02
-5.45164e-02
-6.60901e-02
-8.68583e-02
-1.15831e-01
-1.45527e-01
-1.62903e-01
-1.53055e-01
-1.06602e-01
-3.70495e-02
1.32771e-02
3.87525e-02
5.38656e-02
5.97508e-02
4.77334e-02
9.92757e-03
-3.91489e-02
-5.93350e-02
-5.77848e-02
-4.52844e-02
-1.99926e-02
1.99108e-02
6.77607e-02
1.14208e-01
1.42820e-01
1.63351e-01
1.77662e-01
1.74294e-01
1.40360e-01
7.72623e-02
1.82238e-02
-8.64628e-03
-2.29190e-02
-3.56388e-02
-4.05813e-02
-2.39182e-02
2.07737e-02
7.89357e-02
1.32537e-01
1.58228e-01
1.57698e-01
1.31437e-01
7.68886e-02
1.28080e-02
-1.62546e-02
-2.14320e-02
-2.65518e-02
-4.08372e-02
-6.15090e-02
-7.69716e-02
-7.38413e-02
-4.63910e-02
-6.70946e-03
2.52845e-02
3.42657e-02
1.93132e-02
-1.12546e-02
-4.32063e-02
-6.34905e-02
-7.12482e-02
-7.08354e-02
-6.61390e-02
-5.63715e-02
-4.10200e-02
-2.51787e-02
-1.27511e-02
-7.21703e-03
-5.27702e-03
-5.07707e-03
-7.88966e-03
-1.38688e-02
-1.98853e-02
-2.60241e-02
-3.08524e-02
-3.31255e-02
-3.10391e-02
-2.40184e-02
-1.39982e-02
-5.68898e-03
-8.05704e-04
-1.24686e-03
-7.65348e-03
-1.89805e-02
-3.15679e-02
-4.31962e-02
-4.93560e-02
-4.56476e-02
-3.43834e-02
-2.38791e-02
-1.33742e-02
-3.55973e-03
6.38753e-04
-2.95172e-03
-1.20235e-02
-2.10856e-02
-2.35102e-02
-1.83614e-02
-5.44892e-03
1.39658e-02
3.38280e-02
4.51714e-02
4.88963e-02
4.48612e-02
3.11541e-02
1.04457e-02
-8.32223e-03
-2.18839e-02
-2.90856e-02
-3.49846e-02
-4.15289e-02
-4.66075e-02
-4.69103e-02
-4.17106e-02
-3.51166e-02
-2.38392e-02
-2.77047e-03
2.04792e-02
3.38897e-02
3.81447e-02
3.26121e-02
1.60822e-02
-5.72360e-03
-2.19927e-02
-3.13030e-02
-3.58342e-02
-4.03752e-02
-4.55127e-02
-4.81033e-02
-4.45882e-02
-3.58444e-02
-2.90679e-02
-2.30212e-02
-1.59511e-02
-1.34636e-02
-1.99517e-02
-3.12889e-02
-4.44137e-02
-5.47377e-02
-5.78212e-02
-5.07991e-02
-3.81366e-02
-2.02855e-02
2.42664e-03
2.41743e-02
3.82936e-02
4.85119e-02
5.49890e-02
5.31390e-02
3.86133e-02
1.50475e-02
-1.43303e-03
-6.72823e-03
-8.73088e-03
-1.05165e-02
-9.69937e-03
-1.73674e-03
1.42170e-02
3.17233e-02
4.65356e-02
5.30573e-02
5.43302e-02
5.21032e-02
4.65538e-02
4.12915e-02
4.16448e-02
4.31184e-02
4.27473e-02
4.17360e-02
4.05802e-02
3.93909e-02
3.55872e-02
2.67256e-02
1.22305e-02
-4.25001e-03
-1.57999e-02
-2.47330e-02
-3.28846e-02
-3.92280e-02
-4.14023e-02
-3.78746e-02
-3.09390e-02
-2.34666e-02
-1.41573e-02
-5.08122e-03
-3.16168e-03
-8.49931e-03
-1.92454e-02
-3.11380e-02
-3.96116e-02
-3.93204e-02
-3.18013e-02
-1.92557e-02
-2.62362e-03
1.42864e-02
2.37230e-02
2.71903e-02
2.68695e-02
2.27119e-02
1.65103e-02
1.33554e-02
1.28466e-02
1.45275e-02
1.86118e-02
2.45437e-02
2.97539e-02
3.28848e-02
3.30192e-02
3.16292e-02
2.97987e-02
2.76199e-02
2.44172e-02
1.96367e-02
1.17798e-02
1.91407e-03
-5.72403e-03
-1.13021e-02
-1.70625e-02
-2.39907e-02
-3.14722e-02
-3.75712e-02
-3.96355e-02
-3.59447e-02
-2.78162e-02
-1.85606e-02
-1.03646e-02
-5.95117e-03
-8.78035e-03
-1.48426e-02
-1.90669e-02
-1.95935e-02
-1.45335e-02
-1.88668e-03
1.78223e-02
3.93398e-02
5.21802e-02
5.03178e-02
3.59954e-02
1.68234e-02
3.51049e-03
-2.90087e-03
-3.87096e-03
-2.68033e-03
2.25530e-04
5.95517e-03
1.39694e-02
2.38248e-02
3.61679e-02
5.00519e-02
6.08270e-02
7.00871e-02
7.67969e-02
7.62019e-02
6.35727e-02
3.95827e-02
1.67448e-02
7.32096e-03
2.79567e-03
-3.91699e-03
-1.38656e-02
-2.39175e-02
-2.84647e-02
-2.25192e-02
-7.29676e-03
7.22632e-03
1.63448e-02
1.49090e-02
4.08470e-03
-1.35377e-02
-3.29790e-02
-5.01768e-02
-5.95806e-02
-6.68634e-02
-7.48228e-02
-8.02387e-02
-7.69573e-02
-6.02786e-02
-3.33361e-02
-7.44077e-03
2.80733e-03
-5.01957e-03
-2.25190e-02
-3.61852e-02
-3.62863e-02
-3.03507e-02
-2.31078e-02
-1.34105e-02
-1.89431e-03
9.31696e-03
1.76528e-02
2.22423e-02
2.42270e-02
2.36703e-02
2.08305e-02
1.81113e-02
1.71138e-02
1.74572e-02
1.86400e-02
2.07994e-02
2.20852e-02
2.09823e-02
1.71342e-02
1.09760e-02
4.04820e-03
-2.44036e-03
-7.64403e-03
-1.26479e-02
-1.72974e-02
-1.98076e-02
-1.84565e-02
-1.28515e-02
-5.18579e-03
1.48696e-03
3.16036e-03
5.27484e-04
-4.35112e-03
-8.00664e-03
-8.60120e-03
-6.38375e-03
-2.06347e-03
3.53105e-03
9.02914e-03
1.34690e-02
1.66367e-02
1.80000e-02
1.66371e-02
1.26889e-02
6.88343e-03
5.08157e-04
-4.36408e-03
-4.21519e-03
5.94628e-04
8.52517e-03
1.68231e-02
2.35792e-02
2.63509e-02
2.39417e-02
1.53787e-02
2.14982e-03
-1.16474e-02
-1.90234e-02
-2.16720e-02
-2.16768e-02
-1.85461e-02
-1.24002e-02
-5.37382e-03
4.53414e-03
1.66640e-02
2.45659e-02
2.29563e-02
1.26648e-02
-1.65398e-03
-1.22608e-02
-1.89934e-02
-2.20950e-02
-2.24044e-02
-1.98492e-02
-1.41980e-02
-7.93726e-03
-4.38954e-03
-4.61974e-03
-7.69647e-03
-1.17167e-02
-1.53351e-02
-1.72744e-02
-1.67069e-02
-1.48276e-02
-1.42038e-02
-1.37887e-02
-1.16647e-02
-7.96626e-03
-3.48744e-03
3.33379e-04
2.61650e-03
2.59626e-03
1.43556e-03
3.32650e-04
1.43920e-04
1.51253e-03
5.01535e-03
9.20124e-03
1.30744e-02
1.69805e-02
1.94960e-02
1.80205e-02
1.39025e-02
9.83678e-03
8.44122e-03
1.09719e-02
1.75916e-02
2.92271e-02
4.35063e-02
5.22656e-02
5.06137e-02
3.90257e-02
2.11530e-02
3.83420e-03
-8.15978e-03
-1.33657e-02
-1.41003e-02
-1.02014e-02
-1.09434e-03
1.03406e-02
2.23616e-02
3.51119e-02
3.89873e-02
2.10118e-02
-4.57637e-03
-2.31021e-02
-3.23900e-02
-3.67368e-02
-4.07796e-02
-4.45338e-02
-4.48063e-02
-3.80175e-02
-2.56701e-02
-1.60932e-02
-1.01478e-02
-8.80999e-03
-1.06602e-02
-1.37575e-02
-1.55160e-02
-1.47769e-02
-1.06784e-02
-4.83310e-03
1.33699e-03
6.89801e-03
1.11931e-02
1.36498e-02
1.54513e-02
1.80000e-02
2.21970e-02
2.59294e-02
2.58984e-02
2.20449e-02
1.45865e-02
3.25372e-03
-7.86721e-03
-1.07833e-02
-6.56029e-03
1.42351e-03
8.36795e-03
1.27416e-02
1.39102e-02
1.30046e-02
9.62307e-03
2.11103e-03
-1.22764e-02
-3.28739e-02
-4.85888e-02
-4.80725e-02
-3.24592e-02
-9.16878e-03
8.46556e-03
1.97914e-02
2.55451e-02
2.98398e-02
3.29688e-02
3.11151e-02
2.05466e-02
3.50683e-03
-8.45197e-03
-1.18561e-02
-1.00130e-02
-3.10641e-03
9.72514e-03
2.66388e-02
4.34391e-02
5.23655e-02
5.47491e-02
5.11011e-02
3.93399e-02
2.10445e-02
4.32172e-03
-8.46088e-03
-1.51650e-02
-2.04229e-02
-2.63510e-02
-3.12972e-02
-3.26972e-02
-3.00791e-02
-2.75191e-02
-2.72504e-02
-2.86504e-02
-3.01908e-02
-3.18188e-02
-3.42557e-02
-3.72154e-02
-3.86215e-02
-3.84288e-02
-3.66005e-02
-3.11412e-02
-2.13742e-02
-9.70523e-03
1.16579e-03
7.68013e-03
1.11886e-02
1.26293e-02
1.22083e-02
1.17666e-02
1.40963e-02
1.72617e-02
1.94004e-02
1.98863e-02
1.88972e-02
1.77320e-02
1.70718e-02
1.77087e-02
2.00166e-02
2.32590e-02
2.58727e-02
2.77789e-02
2.83113e-02
2.61233e-02
2.16802e-02
1.66609e-02
9.24044e-03
-2.23404e-04
-7.58125e-03
-1.18498e-02
-1.35716e-02
-1.25502e-02
-9.54262e-03
-7.48922e-03
-7.71149e-03
-1.10749e-02
-1.70873e-02
-2.48789e-02
-3.25780e-02
-3.76062e-02
-3.66150e-02
-2.97667e-02
-1.81287e-02
-2.97413e-03
1.23194e-02
2.09320e-02
2.41518e-02
2.25964e-02
1.52342e-02
4.54169e-03
-2.05535e-03
-4.34337e-03
-2.96326e-03
-1.25266e-03
-3.97736e-04
5.19240e-04
1.00812e-03
1.42634e-04
-1.56678e-03
-3.26198e-03
-4.18308e-03
-3.89313e-03
-2.58843e-03
-1.10737e-03
-7.29432e-04
-2.77790e-03
-6.96555e-03
-1.23334e-02
-1.88933e-02
-2.47293e-02
-2.58501e-02
-2.20284e-02
-1.55821e-02
-1.08801e-02
-8.94482e-03
-6.97797e-03
-5.63558e-03
-7.08394e-03
-9.72391e-03
-1.13656e-02
-1.00026e-02
-5.98765e-03
-3.78139e-04
6.70049e-03
1.44328e-02
2.08028e-02
2.50561e-02
2.67382e-02
2.72331e-02
2.68122e-02
2.42541e-02
1.88763e-02
1.16482e-02
1.83724e-03
-8.21114e-03
-1.28516e-02
-1.09429e-02
-4.60984e-03
1.63178e-03
5.26380e-03
8.15043e-03
9.54281e-03
6.17507e-03
3.11550e-04
-5.71145e-03
-1.10472e-02
-1.61969e-02
-2.07230e-02
-2.32356e-02
-2.22481e-02
-1.84004e-02
-1.33343e-02
-9.88141e-03
-5.95461e-03
-4.60439e-04
5.37501e-03
8.53640e-03
5.21255e-03
-1.83316e-03
-9.18020e-03
-1.62872e-02
-2.18144e-02
-2.24975e-02
-2.00450e-02
-1.61243e-02
-1.11613e-02
-4.88540e-03
1.72971e-03
7.33486e-03
9.36656e-03
7.14225e-03
2.01989e-03
-2.49769e-03
-6.12500e-03
-7.86261e-03
-6.12359e-03
-1.59748e-03
2.85980e-03
7.99842e-03
1.40186e-02
1.85126e-02
1.91514e-02
1.47184e-02
7.88002e-03
2.97662e-03
2.29589e-03
5.39134e-03
9.33637e-03
1.40481e-02
1.95124e-02
2.33387e-02
2.36888e-02
2.04294e-02
1.45286e-02
8.37381e-03
5.05519e-03
5.71412e-03
8.06929e-03
1.11024e-02
1.45346e-02
1.83213e-02
2.20080e-02
2.48126e-02
2.60497e-02
2.49781e-02
2.32771e-02
2.21364e-02
2.09155e-02
1.92387e-02
1.75287e-02
1.37679e-02
7.52517e-03
1.37810e-03
-2.48042e-03
-2.56263e-03
-4.87185e-04
1.46776e-03
2.11588e-03
9.45363e-04
-2.41122e-03
-7.87177e-03
-1.50547e-02
-2.28587e-02
-2.88570e-02
-2.96490e-02
-2.72234e-02
-2.50587e-02
-2.44858e-02
-2.46633e-02
-2.31540e-02
-1.86258e-02
-1.14309e-02
-1.58637e-03
8.59990e-03
1.43291e-02
1.38290e-02
7.26926e-03
-3.02777e-03
-1.36907e-02
-2.09396e-02
-2.29080e-02
-1.77287e-02
-7.90926e-03
2.81530e-03
1.02329e-02
1.27408e-02
9.64009e-03
5.34191e-03
3.24905e-03
3.36177e-03
5.46040e-03
9.79676e-03
1.48880e-02
1.90556e-02
2.11238e-02
2.07387e-02
1.83856e-02
1.50291e-02
1.22965e-02
1.15048e-02
1.20560e-02
1.20270e-02
1.24357e-02
1.43693e-02
1.58979e-02
1.48839e-02
1.01336e-02
4.22738e-03
9.12097e-04
7.17289e-04
2.43805e-03
3.46719e-03
3.01483e-03
1.04797e-03
-2.12962e-03
-5.97703e-03
-9.59771e-03
-1.25323e-02
-1.42989e-02
-1.49847e-02
-1.49506e-02
-1.49440e-02
-1.52898e-02
-1.63434e-02
-1.79443e-02
-1.96208e-02
-2.04239e-02
-2.06630e-02
-2.12427e-02
-2.09568e-02
-1.87339e-02
-1.47899e-02
-1.01040e-02
-6.51820e-03
-3.17838e-03
-1.20132e-04
9.77412e-04
2.92031e-04
-2.09443e-04
-1.23229e-04
1.26344e-03
4.88752e-03
9.37312e-03
1.16710e-02
1.19990e-02
1.11658e-02
9.50548e-03
6.97331e-03
3.91627e-03
1.71066e-03
1.61510e-03
2.38335e-03
3.42394e-03
4.86888e-03
6.81230e-03
8.27865e-03
7.17812e-03
2.01553e-03
-7.12773e-03
-1.90342e-02
-2.98963e-02
-3.49119e-02
-3.32982e-02
-2.88221e-02
-2.26291e-02
-1.52382e-02
-5.28203e-03
4.86989e-03
8.30416e-03
5.36479e-03
-9.00518e-04
-5.97344e-03
-7.50102e-03
-5.61687e-03
-1.51088e-03
4.00004e-03
9.79902e-03
1.46837e-02
1.70315e-02
1.57799e-02
1.03375e-02
2.01650e-03
-7.69502e-03
-1.69122e-02
-2.28390e-02
-2.20422e-02
-1.76162e-02
-1.25824e-02
-8.64187e-03
-6.53271e-03
-7.57688e-03
-1.01714e-02
-1.31127e-02
-1.59038e-02
-1.85797e-02
-2.07057e-02
-2.17800e-02
-2.13741e-02
-1.97870e-02
-1.72854e-02
-1.41825e-02
-9.13097e-03
-2.53523e-03
2.53576e-03
5.22075e-03
5.85588e-03
6.01936e-03
7.03849e-03
9.34914e-03
1.29345e-02
1.76828e-02
2.27326e-02
2.67091e-02
2.79642e-02
2.65038e-02
2.39017e-02
2.04769e-02
1.63196e-02
1.07281e-02
5.15600e-03
3.47196e-03
5.22841e-03
8.68078e-03
1.10223e-02
1.09937e-02
8.36801e-03
4.40568e-03
8.13960e-04
-3.33701e-04
1.34337e-03
4.75534e-03
1.08638e-02
1.92002e-02
2.60901e-02
2.89710e-02
2.68671e-02
2.16759e-02
1.55972e-02
8.29221e-03
-1.07934e-03
-1.10719e-02
-1.39269e-02
-4.13694e-03
7.19058e-03
1.36041e-02
1.56886e-02
1.45720e-02
1.05539e-02
5.66282e-03
2.04758e-03
1.90599e-03
4.82451e-03
9.46025e-03
1.36794e-02
1.57499e-02
1.46581e-02
1.01046e-02
2.89885e-03
-4.49706e-03
-9.95133e-03
-1.23563e-02
-1.22644e-02
-1.06347e-02
-8.71721e-03
-7.32592e-03
-6.74804e-03
-6.68972e-03
-7.29761e-03
-8.07702e-03
-7.91062e-03
-5.14286e-03
-6.80329e-04
2.83862e-03
4.06722e-03
2.43967e-03
-1.27726e-03
-6.35649e-03
-1.10033e-02
-1.31595e-02
-1.16736e-02
-8.01721e-03
-3.73924e-03
-1.08167e-03
-2.23590e-03
-8.08091e-03
-1.63026e-02
-2.46936e-02
-3.02138e-02
-3.11215e-02
-2.71614e-02
-2.14536e-02
-1.48696e-02
-8.12162e-03
-2.77836e-03
-4.83572e-04
2.41843e-05
-5.49330e-04
-1.98753e-03
-3.84855e-03
-4.84793e-03
-3.59835e-03
-5.57998e-04
2.57948e-03
4.71956e-03
5.25540e-03
4.48419e-03
3.61412e-03
4.24553e-03
5.71837e-03
7.16155e-03
8.80802e-03
1.02338e-02
1.03397e-02
9.41241e-03
8.20793e-03
7.30342e-03
6.80567e-03
6.36903e-03
4.38167e-03
-1.58525e-04
-6.27719e-03
-1.19957e-02
-1.46301e-02
-1.45523e-02
-1.28824e-02
-1.03579e-02
-7.48057e-03
-4.97972e-03
-2.84257e-03
-1.63244e-03
-9.50601e-04
-8.58009e-05
2.00144e-03
4.84395e-03
7.26681e-03
9.11809e-03
1.00410e-02
9.28164e-03
7.38109e-03
6.18835e-03
5.99884e-03
7.37393e-03
1.09693e-02
1.55615e-02
1.80943e-02
1.78450e-02
1.45880e-02
8.88864e-03
3.03438e-03
9.81790e-04
2.20990e-03
5.03439e-03
7.72253e-03
9.31065e-03
9.51048e-03
8.28071e-03
5.59469e-03
2.65009e-03
3.39374e-04
-1.08516e-03
-1.14698e-03
7.00510e-04
3.43374e-03
5.84414e-03
7.14986e-03
7.02684e-03
5.33170e-03
3.13238e-03
1.61337e-03
1.31653e-03
1.56095e-03
1.19563e-03
1.09171e-03
2.31039e-03
4.46937e-03
6.43710e-03
6.49284e-03
4.34420e-03
7.64204e-04
-1.98212e-03
-3.01893e-03
-3.39191e-03
-3.94900e-03
-5.06605e-03
-6.75344e-03
-8.67867e-03
-1.02945e-02
-1.15634e-02
-1.27097e-02
-1.37414e-02
-1.39890e-02
-1.20774e-02
-8.28049e-03
-4.70573e-03
-2.15660e-03
-1.28011e-03
-1.63240e-03
-2.70058e-03
-3.74482e-03
-3.80051e-03
-2.17423e-03
7.72176e-05
2.70457e-03
6.16011e-03
9.43470e-03
1.10730e-02
1.13532e-02
1.11793e-02
1.17432e-02
1.22774e-02
1.18712e-02
1.15863e-02
1.20177e-02
1.23666e-02
1.18658e-02
1.01915e-02
7.61417e-03
4.64550e-03
1.69266e-03
-1.04148e-03
-3.05256e-03
-3.85085e-03
-3.57321e-03
-3.78693e-03
-4.75536e-03
-5.70233e-03
-6.18735e-03
-5.62665e-03
-2.36295e-03
3.40757e-03
8.95829e-03
1.35280e-02
1.62072e-02
1.64160e-02
1.43902e-02
1.17835e-02
9.09528e-03
7.18007e-03
6.35739e-03
6.67226e-03
6.90611e-03
6.57294e-03
5.84116e-03
4.71961e-03
2.90858e-03
-1.93618e-04
-4.31584e-03
-8.11697e-03
-1.13172e-02
-1.34683e-02
-1.39590e-02
-1.29214e-02
-1.16180e-02
-1.02798e-02
-9.51268e-03
-1.03640e-02
-1.26721e-02
-1.41204e-02
-1.43268e-02
-1.40090e-02
-1.30867e-02
-1.17091e-02
-1.07052e-02
-1.02417e-02
-9.90185e-03
-8.52061e-03
-5.40818e-03
-1.33059e-03
2.35779e-03
3.99406e-03
4.07639e-03
3.54425e-03
2.36897e-03
9.10069e-04
2.24311e-04
7.79245e-05
-1.19164e-04
-1.68885e-03
-4.90009e-03
-8.36960e-03
-1.10032e-02
-1.18740e-02
-1.13129e-02
-1.00779e-02
-9.13865e-03
-9.13601e-03
-1.06072e-02
-1.32407e-02
-1.66447e-02
-2.06707e-02
-2.49602e-02
-2.85162e-02
-2.99400e-02
-2.78819e-02
-2.35316e-02
-1.83791e-02
-1.36782e-02
-9.64692e-03
-7.23189e-03
-6.96837e-03
-8.78600e-03
-1.07209e-02
-1.13125e-02
-9.27311e-03
-5.59415e-03
-1.33191e-03
2.98843e-03
6.38722e-03
7.32738e-03
6.22528e-03
4.23339e-03
2.39538e-03
1.09192e-03
1.13665e-04
-7.01377e-05
1.25504e-03
2.32527e-03
2.12872e-03
1.51593e-03
8.27024e-05
-3.20512e-03
-7.40227e-03
-1.09118e-02
-1.25591e-02
-1.21006e-02
-1.01596e-02
-7.33463e-03
-4.70684e-03
-3.22349e-03
-2.73867e-03
-2.32130e-03
-1.67251e-03
-1.09691e-03
-1.06215e-03
-1.11835e-03
2.60269e-04
3.10764e-03
6.64741e-03
1.01592e-02
1.28539e-02
1.40483e-02
1.36952e-02
1.23057e-02
1.09346e-02
1.02659e-02
9.81380e-03
9.42635e-03
9.62429e-03
1.00830e-02
1.11556e-02
1.42928e-02
1.87597e-02
2.14667e-02
2.19009e-02
1.99208e-02
1.57454e-02
1.01553e-02
5.01911e-03
7.71969e-04
-1.24694e-03
6.26748e-04
5.92452e-03
1.11303e-02
1.61591e-02
2.03279e-02
2.02490e-02
1.48563e-02
8.17690e-03
2.64129e-03
3.37604e-04
1.07649e-03
4.48673e-03
9.62767e-03
1.57844e-02
2.13402e-02
2.56681e-02
2.72611e-02
2.49662e-02
1.92976e-02
1.28980e-02
6.64817e-03
2.21107e-03
5.05422e-04
1.69723e-03
4.88403e-03
7.95646e-03
8.51993e-03
7.03915e-03
3.64078e-03
-2.02524e-03
-8.21318e-03
-1.22372e-02
-1.45267e-02
-1.51197e-02
-1.32643e-02
-1.02641e-02
-8.70869e-03
-7.47885e-03
-5.61255e-03
-3.19336e-03
-6.51312e-04
9.71353e-04
2.03584e-03
2.60529e-03
2.13383e-03
8.18597e-04
-1.14091e-04
-1.05246e-03
-1.97345e-03
-2.13685e-03
-9.43772e-04
1.64700e-03
4.86701e-03
7.20439e-03
7.68121e-03
6.01264e-03
2.95802e-03
-1.09411e-03
-5.09232e-03
-7.37878e-03
-7.08896e-03
-5.34814e-03
-3.29273e-03
-2.14979e-03
-2.00066e-03
-2.91503e-03
-4.74210e-03
-6.71196e-03
-7.72834e-03
-7.74885e-03
-6.72832e-03
-4.47852e-03
-1.40769e-03
1.30692e-03
3.54141e-03
4.64324e-03
3.53364e-03
1.07177e-03
-2.69344e-04
-7.74383e-04
-7.98523e-04
-2.88031e-04
1.30927e-04
-4.15994e-04
-9.89424e-04
-6.68257e-04
1.33227e-04
1.44857e-03
3.45929e-03
5.49995e-03
6.67585e-03
7.05055e-03
6.30798e-03
3.91385e-03
-2.30275e-04
-5.16562e-03
-9.19694e-03
-1.12485e-02
-1.09428e-02
-9.23587e-03
-7.14983e-03
-4.58568e-03
-1.59124e-03
8.56644e-04
2.39237e-03
2.27269e-03
5.29096e-04
-3.38315e-03
-9.73948e-03
-1.62374e-02
-1.92787e-02
-1.91001e-02
-1.69654e-02
-1.48573e-02
-1.33844e-02
-1.27003e-02
-1.14113e-02
-9.58445e-03
-9.11497e-03
-8.99826e-03
-7.79788e-03
-6.45019e-03
-5.61243e-03
-4.85203e-03
-3.90796e-03
-2.64532e-03
-1.49087e-03
-4.40837e-04
1.04525e-03
2.07967e-03
1.54532e-03
7.68836e-04
5.14095e-04
2.90744e-05
-4.14460e-04
1.81290e-04
1.77070e-03
4.24577e-03
7.49947e-03
1.08897e-02
1.29530e-02
1.32383e-02
1.19508e-02
1.04683e-02
9.46684e-03
9.32330e-03
9.03332e-03
8.15618e-03
7.29437e-03
6.73631e-03
6.62656e-03
7.24851e-03
8.59911e-03
1.00760e-02
1.12026e-02
1.13861e-02
1.09761e-02
9.96863e-03
7.67559e-03
4.03862e-03
1.51575e-04
-3.53139e-03
-6.08293e-03
-6.85475e-03
-6.62883e-03
-7.25485e-03
-8.59771e-03
-1.02199e-02
-1.18445e-02
-1.32596e-02
-1.43223e-02
-1.40010e-02
-1.18179e-02
-8.78266e-03
-5.50931e-03
-2.54245e-03
-5.29223e-04
-6.60507e-04
-3.61058e-03
-8.33443e-03
-1.17109e-02
-1.32214e-02
-1.25594e-02
-9.86800e-03
-4.61230e-03
3.43229e-03
1.18858e-02
1.64856e-02
1.55704e-02
9.96629e-03
3.40806e-03
-2.80586e-03
-6.99718e-03
-8.06845e-03
-5.71633e-03
-1.08011e-03
4.26275e-03
8.08831e-03
9.57525e-03
8.31130e-03
4.64026e-03
7.31347e-04
-9.67780e-04
-1.59549e-03
-1.93301e-03
-1.48796e-03
-3.68605e-04
1.01551e-03
2.40426e-03
3.51737e-03
4.03947e-03
3.47274e-03
1.45648e-03
-5.83978e-04
-1.66406e-03
-2.06837e-03
-1.62035e-03
1.83829e-04
2.97040e-03
6.05620e-03
8.62870e-03
1.03851e-02
1.08301e-02
9.53973e-03
6.83842e-03
4.51162e-03
3.80019e-03
5.57326e-03
8.11975e-03
9.96949e-03
1.10256e-02
1.14451e-02
1.11106e-02
9.42385e-03
6.31338e-03
3.03400e-03
3.83261e-04
-8.45130e-04
-6.55914e-04
8.20673e-04
2.94963e-03
4.97197e-03
5.73625e-03
5.77930e-03
5.63161e-03
5.70918e-03
6.21208e-03
7.15113e-03
8.49741e-03
9.77257e-03
9.73223e-03
8.28840e-03
6.62517e-03
4.56701e-03
2.47534e-03
1.87200e-03
3.03127e-03
4.65540e-03
5.32050e-03
4.21260e-03
2.67782e-03
8.79623e-04
-2.21812e-03
-5.62996e-03
-7.66194e-03
-8.17294e-03
-7.52679e-03
-6.47857e-03
-5.06169e-03
-3.67224e-03
-3.32888e-03
-4.28972e-03
-5.62161e-03
-6.85251e-03
-7.76224e-03
-8.41122e-03
-8.85961e-03
-9.13825e-03
-8.93085e-03
-7.94396e-03
-6.91943e-03
-6.63685e-03
-7.32564e-03
-8.65538e-03
-9.95810e-03
-1.09680e-02
-1.18794e-02
-1.34936e-02
-1.50133e-02
-1.45044e-02
-1.24130e-02
-9.96108e-03
-8.41161e-03
-7.81956e-03
-7.73810e-03
-9.08315e-03
-1.20489e-02
-1.42522e-02
-1.48555e-02
-1.45230e-02
-1.35564e-02
-1.18700e-02
-9.16521e-03
-5.84148e-03
-3.34713e-03
-2.10305e-03
-2.39845e-03
-3.66890e-03
-5.07399e-03
-5.53898e-03
-5.04294e-03
-3.70144e-03
-1.82854e-03
6.50851e-05
1.21450e-03
1.69269e-03
1.56027e-03
-9.87762e-05
-3.08176e-03
-5.29682e-03
-6.33120e-03
-6.51956e-03
-6.44485e-03
-6.64692e-03
-7.57490e-03
-9.15280e-03
-1.09129e-02
-1.22023e-02
-1.26028e-02
-1.22943e-02
-1.12486e-02
-9.51261e-03
-7.10116e-03
-4.24063e-03
-8.94032e-04
2.47463e-03
4.65233e-03
5.92728e-03
6.62086e-03
6.74580e-03
6.26010e-03
5.48283e-03
4.65096e-03
4.39483e-03
4.78529e-03
6.56841e-03
1.07549e-02
1.59565e-02
1.96910e-02
2.16169e-02
2.18943e-02
2.09960e-02
1.90263e-02
1.65488e-02
1.47612e-02
1.45688e-02
1.58816e-02
1.76013e-02
1.84141e-02
1.81228e-02
1.69521e-02
1.53985e-02
1.34502e-02
1.10771e-02
8.93626e-03
7.89629e-03
8.37309e-03
1.00269e-02
1.17372e-02
1.28626e-02
1.29273e-02
1.22432e-02
1.08824e-02
8.78014e-03
6.36873e-03
4.49986e-03
3.87792e-03
4.14861e-03
4.17258e-03
4.23979e-03
4.86936e-03
6.01709e-03
7.13535e-03
7.10511e-03
5.52906e-03
2.66283e-03
2.33700e-06
-1.57816e-03
-2.13246e-03
-1.95160e-03
-1.25222e-03
-3.41253e-04
3.04946e-04
8.77183e-05
-5.53827e-05
7.60852e-04
1.36370e-03
9.38487e-04
1.27218e-05
-9.87185e-04
-1.79532e-03
-3.18301e-03
-5.08725e-03
-6.05177e-03
-5.61971e-03
-4.18491e-03
-2.68106e-03
-1.82549e-03
-1.41776e-03
-1.12919e-03
-9.30708e-04
-1.26197e-03
-2.37931e-03
-3.67042e-03
-4.80498e-03
-5.55918e-03
-5.89856e-03
-5.77152e-03
-5.51603e-03
-5.78437e-03
-7.27186e-03
-9.03452e-03
-9.84893e-03
-9.61067e-03
-9.18655e-03
-9.96598e-03
-1.03871e-02
-8.80606e-03
-6.72915e-03
-4.83437e-03
-2.44080e-03
-4.74417e-04
-4.92682e-04
-1.80034e-03
-3.63100e-03
-5.48749e-03
-7.00040e-03
-7.49824e-03
-7.35310e-03
-6.66516e-03
-5.19402e-03
-3.08654e-03
-1.16610e-03
7.24879e-05
4.58501e-04
6.91235e-04
1.42580e-03
2.91498e-03
4.31107e-03
4.71468e-03
3.84460e-03
1.52807e-03
-1.73407e-03
-4.66050e-03
-5.89044e-03
-5.75823e-03
-4.53998e-03
-2.55247e-03
-1.01811e-03
-1.03439e-03
-1.55264e-03
-1.79804e-03
-1.77689e-03
-2.18329e-03
-3.40103e-03
-4.26448e-03
-4.16127e-03
-3.47186e-03
-2.71644e-03
-2.32333e-03
-2.19467e-03
-2.28992e-03
-2.69284e-03
-2.76620e-03
-1.83799e-03
-8.79308e-04
-2.90462e-04
9.52758e-04
2.45746e-03
2.89213e-03
2.89118e-03
2.90601e-03
2.30568e-03
1.28546e-03
9.88929e-04
1.72072e-03
3.39677e-03
5.17837e-03
6.57022e-03
7.29799e-03
6.49581e-03
3.65603e-03
1.16014e-04
-2.96354e-03
-4.90821e-03
-5.96662e-03
-6.30016e-03
-6.02298e-03
-5.31433e-03
-4.63764e-03
-3.93883e-03
-3.27589e-03
-2.23135e-03
-8.03772e-04
5.42459e-04
1.80791e-03
3.06106e-03
3.94653e-03
3.87796e-03
2.37915e-03
-1.08808e-04
-2.03424e-03
-3.48830e-03
-4.22044e-03
-3.53046e-03
-1.54543e-03
5.30370e-04
2.57697e-03
4.32101e-03
5.46376e-03
5.65487e-03
4.74109e-03
3.46963e-03
2.87814e-03
2.64988e-03
2.41867e-03
2.10711e-03
2.29426e-03
3.70043e-03
5.32169e-03
5.88425e-03
4.65145e-03
2.28909e-03
3.67420e-04
-1.11620e-03
-1.82890e-03
-7.72027e-04
1.30654e-03
2.24343e-03
2.98260e-03
4.12448e-03
4.08342e-03
2.46844e-03
5.12389e-04
-1.13455e-03
-2.20110e-03
-3.62026e-03
-5.29803e-03
-5.78119e-03
-5.07883e-03
-3.98019e-03
-3.19794e-03
-2.89121e-03
-2.45913e-03
-1.86658e-03
-1.75430e-03
-2.56821e-03
-4.22186e-03
-5.72018e-03
-6.98489e-03
-8.19659e-03
-8.77901e-03
-8.14456e-03
-6.67999e-03
-4.98027e-03
-3.86436e-03
-2.60406e-03
-8.28752e-04
8.25688e-04
2.35571e-03
4.25046e-03
5.80116e-03
6.07786e-03
5.47879e-03
4.38779e-03
3.04606e-03
1.37124e-03
-2.70481e-04
-1.62939e-03
-2.39608e-03
-2.51448e-03
-2.53462e-03
-3.18338e-03
-3.94489e-03
-4.22958e-03
-3.85586e-03
-3.37590e-03
-3.76442e-03
-3.97374e-03
-3.35022e-03
-2.79018e-03
-2.68265e-03
-2.81099e-03
-2.87583e-03
-2.79510e-03
-3.08133e-03
-3.64343e-03
-3.72598e-03
-3.74957e-03
-4.20481e-03
-4.66988e-03
-4.23356e-03
-1.98699e-03
9.39814e-04
2.63509e-03
3.76990e-03
5.02115e-03
6.40215e-03
7.32233e-03
7.16945e-03
7.09422e-03
7.65568e-03
7.64570e-03
6.66498e-03
5.36254e-03
3.77885e-03
2.35849e-03
1.83306e-03
1.59738e-03
2.39012e-04
-1.16654e-03
-1.48179e-03
-1.51257e-03
-1.82157e-03
-2.40134e-03
-2.66235e-03
-2.05150e-03
-4.48208e-04
1.32487e-03
1.65165e-03
1.11182e-03
9.41636e-04
1.08890e-03
1.78625e-03
3.82551e-03
6.46393e-03
8.03811e-03
8.49766e-03
8.01315e-03
6.74689e-03
4.87381e-03
2.97046e-03
1.18948e-03
4.25959e-05
-5.62151e-05
5.00083e-04
6.69002e-04
5.43671e-04
1.92144e-04
-8.04580e-04
-2.11977e-03
-2.71692e-03
-2.92672e-03
-3.20856e-03
-2.65840e-03
-1.27143e-03
-3.99987e-04
-1.20535e-04
-7.13808e-05
-1.21791e-04
-2.86261e-04
-5.69231e-04
-7.30702e-04
-3.71912e-04
3.67781e-04
1.19387e-03
1.75708e-03
2.16903e-03
2.78858e-03
3.84294e-03
5.21245e-03
6.39056e-03
6.96933e-03
6.76656e-03
6.54114e-03
6.56353e-03
5.51457e-03
3.51429e-03
2.30698e-03
1.64121e-03
1.16369e-03
1.03248e-03
1.63189e-03
3.22386e-03
5.28574e-03
6.82190e-03
7.64955e-03
7.41742e-03
5.70673e-03
3.12196e-03
8.75729e-04
-6.53508e-04
-1.03463e-03
1.10276e-04
1.84860e-03
2.99110e-03
4.58105e-03
7.06591e-03
9.34684e-03
1.03618e-02
9.12817e-03
6.50350e-03
3.53139e-03
8.58932e-04
-1.10053e-03
-1.56737e-03
-9.72628e-04
1.27793e-04
1.06244e-03
1.49055e-03
9.20045e-04
-1.16245e-03
-4.64907e-03
-7.87226e-03
-1.00930e-02
-1.12404e-02
-1.13968e-02
-1.05059e-02
-8.65169e-03
-6.45331e-03
-5.31918e-03
-5.01004e-03
-5.24248e-03
-5.76452e-03
-5.73365e-03
-3.98045e-03
-1.61005e-03
-2.01584e-04
4.44077e-04
9.15612e-04
1.84854e-03
3.17006e-03
4.35843e-03
4.73659e-03
4.18172e-03
3.41432e-03
2.54151e-03
1.61219e-03
6.23748e-04
-6.48313e-04
-2.72834e-03
-4.67497e-03
-4.84833e-03
-4.31449e-03
-3.94993e-03
-3.41019e-03
-2.84131e-03
-3.03705e-03
-3.92101e-03
-5.02971e-03
-5.37714e-03
-4.97418e-03
-4.61055e-03
-4.42644e-03
-4.43623e-03
-4.68519e-03
-5.20567e-03
-5.93613e-03
-6.58240e-03
-6.82817e-03
-6.76245e-03
-6.51162e-03
-6.13635e-03
-5.03458e-03
-2.74235e-03
4.68559e-04
3.33109e-03
3.85845e-03
2.91907e-03
2.20129e-03
1.74480e-03
1.44363e-03
1.38219e-03
1.04844e-03
1.25151e-04
-9.61315e-04
-1.78988e-03
-2.48802e-03
-3.04393e-03
-3.28269e-03
-3.01693e-03
-2.36515e-03
-1.91076e-03
-1.72369e-03
-1.51676e-03
-4.76445e-04
1.21495e-03
1.44777e-03
1.59919e-04
-4.12263e-04
5.64116e-04
2.80271e-03
4.36806e-03
4.52501e-03
4.27124e-03
3.60913e-03
2.55379e-03
2.35157e-03
3.66401e-03
5.81908e-03
8.12425e-03
9.81238e-03
1.08906e-02
1.14151e-02
1.14845e-02
1.11941e-02
1.05873e-02
8.54068e-03
5.08819e-03
2.37591e-03
1.11063e-03
9.12843e-04
1.52387e-03
2.78863e-03
4.43645e-03
5.80808e-03
5.74929e-03
5.04036e-03
4.25969e-03
2.33472e-03
-6.64775e-04
-2.85461e-03
-3.58067e-03
-2.72298e-03
-1.26357e-03
-4.16030e-05
6.05889e-04
9.35738e-04
1.17925e-03
1.61576e-03
1.60621e-03
-4.13747e-04
-3.71365e-03
-5.71642e-03
-6.33286e-03
-5.75487e-03
-4.27480e-03
-2.71597e-03
-2.29519e-03
-1.79666e-03
-5.86379e-04
-2.69893e-04
-1.32393e-03
-2.71500e-03
-4.18088e-03
-5.43728e-03
-6.00494e-03
-5.75185e-03
-5.04430e-03
-4.45229e-03
-4.42786e-03
-4.30358e-03
-3.93939e-03
-4.15966e-03
-4.85088e-03
-5.43123e-03
-5.82923e-03
-5.87518e-03
-5.19820e-03
-4.10008e-03
-3.33081e-03
-2.38282e-03
-1.17844e-03
-6.98190e-04
-6.76706e-04
1.17767e-04
1.39507e-03
2.49953e-03
3.21141e-03
3.36227e-03
2.94682e-03
2.34387e-03
2.29271e-03
3.33088e-03
5.00973e-03
5.83406e-03
5.96662e-03
5.91977e-03
4.72597e-03
2.30928e-03
2.73124e-04
-1.15251e-03
-2.05967e-03
-1.87864e-03
-5.14968e-04
8.04931e-04
1.60418e-03
1.74093e-03
1.75498e-03
1.72421e-03
1.04266e-03
3.88193e-05
-1.71129e-04
-3.68498e-04
-1.00761e-03
-8.20406e-04
3.63312e-04
1.31548e-03
1.60585e-03
1.14285e-03
3.44272e-04
-6.28515e-04
-1.88288e-03
-3.05910e-03
-3.55036e-03
-3.66100e-03
-3.28340e-03
-1.75983e-03
4.39586e-04
1.92140e-03
2.46487e-03
2.28608e-03
2.22483e-03
1.91351e-03
5.18764e-04
-6.29672e-04
-5.51506e-04
-6.14960e-04
-1.13261e-03
-1.25202e-03
-1.34198e-03
-1.58262e-03
-9.34160e-04
4.45105e-04
9.70258e-04
4.58090e-04
-7.92611e-04
-2.36475e-03
-3.77900e-03
-4.51748e-03
-4.96137e-03
-5.43824e-03
-5.22815e-03
-4.32690e-03
-4.06049e-03
-4.53664e-03
-5.18427e-03
-5.50233e-03
-5.52025e-03
-5.97702e-03
-6.40658e-03
-5.70296e-03
-5.22335e-03
-6.13840e-03
-7.70940e-03
-8.86752e-03
-8.54011e-03
-7.06765e-03
-5.28983e-03
-3.95403e-03
-2.85302e-03
-1.12890e-03
6.35005e-04
1.38718e-03
1.52655e-03
1.36512e-03
9.09314e-04
-3.42296e-06
-1.11641e-03
-1.89574e-03
-1.73227e-03
-4.41297e-04
1.32444e-03
2.32238e-03
2.13827e-03
1.05251e-03
2.83972e-04
-5.33129e-04
-2.47768e-03
-4.46366e-03
-5.04317e-03
-3.85077e-03
-2.15097e-03
-2.22254e-03
-2.83592e-03
-2.66359e-03
-2.06005e-03
-1.66239e-03
-2.13476e-03
-3.42109e-03
-4.83239e-03
-5.05706e-03
-3.84171e-03
-2.08852e-03
2.31144e-04
3.11345e-03
6.18514e-03
8.64236e-03
9.40161e-03
8.88501e-03
7.91218e-03
6.47019e-03
4.57543e-03
2.69369e-03
1.62283e-03
2.41948e-03
3.95100e-03
5.18431e-03
5.74556e-03
6.02534e-03
6.32082e-03
6.20670e-03
5.09314e-03
2.81988e-03
2.40816e-05
-1.85767e-03
-2.52040e-03
-2.11904e-03
-1.54358e-03
-8.70441e-04
1.21432e-04
9.09344e-04
9.87772e-04
8.83010e-04
9.61300e-04
1.23233e-03
1.52667e-03
1.61309e-03
1.35708e-03
9.61562e-04
9.78664e-04
1.53474e-03
2.63063e-03
4.12926e-03
5.35973e-03
5.28972e-03
4.89994e-03
5.28829e-03
5.53060e-03
5.30948e-03
5.43726e-03
5.72058e-03
5.81563e-03
6.22438e-03
6.69352e-03
6.01652e-03
5.07396e-03
5.36396e-03
5.63045e-03
5.22551e-03
5.16219e-03
5.53684e-03
5.84380e-03
6.10193e-03
6.27845e-03
6.17846e-03
6.19783e-03
6.83369e-03
6.80906e-03
5.47154e-03
4.20022e-03
3.50698e-03
3.22947e-03
3.35030e-03
3.58937e-03
2.98996e-03
1.60190e-03
3.72025e-04
-9.73280e-04
-2.52381e-03
-3.36314e-03
-3.40351e-03
-3.46803e-03
-3.46626e-03
-3.30894e-03
-3.51337e-03
-4.07358e-03
-4.36241e-03
-4.55350e-03
-4.84784e-03
-4.08729e-03
-2.45343e-03
-2.06848e-03
-3.10137e-03
-4.54200e-03
-5.62697e-03
-5.96622e-03
-5.88872e-03
-5.66218e-03
-5.45382e-03
-5.45263e-03
-5.57763e-03
-5.27822e-03
-4.82132e-03
-5.12070e-03
-5.72081e-03
-6.00633e-03
-5.93735e-03
-6.15650e-03
-7.57260e-03
-9.17987e-03
-9.54917e-03
-8.84235e-03
-7.72083e-03
-7.12410e-03
-7.07536e-03
-7.40366e-03
-8.13477e-03
-8.79957e-03
-8.35130e-03
-6.94529e-03
-5.35448e-03
-3.31541e-03
-1.00242e-03
6.30337e-04
1.64227e-03
2.48353e-03
2.56813e-03
1.58710e-03
3.16943e-04
-9.91236e-04
-2.10951e-03
-2.49308e-03
-1.70536e-03
-7.31522e-04
-1.87343e-05
6.44583e-04
1.84898e-03
3.65307e-03
5.16954e-03
5.93987e-03
6.27654e-03
6.45697e-03
6.55502e-03
6.11043e-03
5.07363e-03
4.11294e-03
3.59577e-03
3.75614e-03
3.75161e-03
3.47080e-03
4.07973e-03
5.50769e-03
6.51778e-03
6.62551e-03
5.87927e-03
5.31754e-03
5.16474e-03
5.01389e-03
5.38447e-03
6.55082e-03
7.41971e-03
7.40002e-03
6.68139e-03
5.71097e-03
5.02740e-03
4.80975e-03
4.89801e-03
4.82503e-03
4.10535e-03
2.66135e-03
1.52965e-03
1.47959e-03
2.33872e-03
3.35573e-03
3.49417e-03
2.73028e-03
1.17236e-03
-9.77184e-04
-2.84176e-03
-3.07513e-03
-2.26553e-03
-1.27812e-03
-6.15609e-04
-5.17217e-05
8.03645e-04
8.37253e-04
-6.84011e-04
-2.01608e-03
-2.57204e-03
-3.09976e-03
-3.36330e-03
-2.96828e-03
-2.65893e-03
-2.54809e-03
-1.91871e-03
-9.64595e-04
-3.50190e-04
1.17256e-04
5.08441e-04
5.50067e-04
-2.23292e-04
-1.90314e-03
-3.15920e-03
-3.16178e-03
-2.75585e-03
-2.37551e-03
-2.01600e-03
-1.75827e-03
-1.58918e-03
-1.16302e-03
-4.35594e-04
2.38490e-04
8.58898e-04
1.28776e-03
1.16640e-03
6.95811e-04
6.67618e-04
6.91773e-04
3.71776e-04
2.90066e-04
5.05563e-04
3.06362e-04
-3.81854e-04
-1.07870e-03
-9.86606e-04
-1.05681e-04
3.52567e-04
6.70838e-04
1.54198e-03
1.77608e-03
5.99800e-04
-1.07894e-03
-2.67507e-03
-3.70680e-03
-3.85377e-03
-3.20175e-03
-2.87858e-03
-2.65446e-03
-1.41819e-03
-1.28419e-04
5.40880e-05
-1.03251e-04
-1.71994e-04
-3.36152e-04
-8.29314e-04
-1.58159e-03
-2.03048e-03
-2.01158e-03
-1.91693e-03
-1.30787e-03
1.70798e-04
1.05777e-03
1.18344e-03
2.57862e-03
4.47042e-03
4.57457e-03
3.89153e-03
3.28317e-03
2.24824e-03
6.77326e-04
-6.61587e-04
-6.83009e-04
8.86788e-04
2.01766e-03
2.63407e-03
4.17928e-03
5.97069e-03
6.64097e-03
5.88465e-03
4.10822e-03
2.48079e-03
1.68374e-03
2.03729e-03
2.34444e-03
2.23625e-03
2.53500e-03
2.77877e-03
1.99606e-03
4.80362e-04
-9.09721e-04
-1.09240e-03
-8.32882e-04
-1.64572e-03
-2.73276e-03
-3.26271e-03
-3.40087e-03
-2.91419e-03
-1.60308e-03
-6.73240e-04
-8.44903e-04
-9.23988e-04
-7.34342e-04
-1.07384e-03
-2.06807e-03
-3.29593e-03
-3.82133e-03
-3.79980e-03
-4.19559e-03
-4.52921e-03
-4.09167e-03
-3.03166e-03
-1.41348e-03
6.01436e-04
2.39556e-03
3.10469e-03
2.90712e-03
2.15779e-03
1.34687e-03
8.94008e-04
1.25200e-03
2.03405e-03
2.87714e-03
3.55626e-03
3.73141e-03
3.14998e-03
2.31334e-03
1.71134e-03
1.48636e-03
1.19239e-03
3.89444e-04
-3.17987e-04
-6.20971e-04
-1.12650e-03
-1.90000e-03
-2.51341e-03
-2.36395e-03
-1.33031e-03
-2.73098e-04
3.17096e-04
1.97628e-04
-3.51730e-04
-9.51592e-04
-1.17509e-03
-9.98905e-04
-6.78528e-04
-4.46654e-04
-4.89796e-04
-9.31779e-04
-1.75560e-03
-2.67637e-03
-3.00870e-03
-2.33627e-03
-1.56786e-03
-1.18604e-03
-1.04014e-03
-1.13340e-03
-1.41753e-03
-1.26460e-03
-1.01948e-03
-1.99059e-03
-3.21879e-03
-3.15331e-03
-2.73916e-03
-2.59024e-03
-2.34690e-03
-2.32394e-03
-2.90966e-03
-3.02922e-03
-2.59050e-03
-3.18004e-03
-3.94093e-03
-2.93746e-03
-1.27214e-03
-1.36373e-04
4.25999e-04
1.75717e-04
-1.18062e-03
-2.89006e-03
-3.96698e-03
-3.91640e-03
-3.19780e-03
-2.73424e-03
-1.93528e-03
-7.87900e-04
-1.03249e-03
-2.83380e-03
-4.68682e-03
-5.84031e-03
-5.97030e-03
-5.64177e-03
-5.01092e-03
-3.81608e-03
-2.17162e-03
-7.77578e-04
-5.66669e-04
-1.50915e-03
-2.42396e-03
-3.08283e-03
-3.59299e-03
-4.31876e-03
-5.09916e-03
-5.15202e-03
-4.61363e-03
-4.03676e-03
-3.50120e-03
-2.91088e-03
-2.07044e-03
-1.33188e-03
-1.43989e-03
-1.82414e-03
-1.87960e-03
-1.49222e-03
-1.20851e-03
-1.73094e-03
-1.84102e-03
-7.99073e-04
-3.83203e-04
-8.28147e-04
-7.06647e-04
-5.74180e-04
-1.22626e-03
-2.02952e-03
-2.15243e-03
-1.08938e-03
-5.70890e-05
-3.94611e-04
-7.60003e-04
-4.84578e-04
-4.77349e-04
-6.13700e-04
-2.39091e-04
6.35973e-04
1.63711e-03
2.16333e-03
2.66986e-03
3.93229e-03
4.82233e-03
4.50436e-03
3.87812e-03
3.36835e-03
2.93639e-03
2.10841e-03
8.09443e-04
-3.25344e-04
-9.43751e-04
-1.04401e-03
-4.96649e-04
6.70616e-04
1.94556e-03
2.92963e-03
3.44111e-03
4.19320e-03
5.67500e-03
7.03258e-03
7.52422e-03
7.18167e-03
6.46684e-03
6.10635e-03
5.94297e-03
5.71733e-03
5.17428e-03
4.59698e-03
4.61090e-03
4.49193e-03
3.92325e-03
3.85840e-03
4.24134e-03
4.04275e-03
3.46420e-03
3.05936e-03
3.32599e-03
3.44137e-03
1.65771e-03
-5.62038e-04
-1.21839e-03
-1.18219e-03
-1.44876e-03
-2.41115e-03
-3.50650e-03
-3.83330e-03
-3.19255e-03
-1.95913e-03
-1.11440e-03
-1.17178e-03
-2.20829e-03
-2.80787e-03
-2.27706e-03
-1.66890e-03
-1.24422e-03
-6.91275e-04
-5.13245e-04
-1.09974e-03
-2.07806e-03
-2.44553e-03
-9.78014e-04
1.07311e-03
2.34392e-03
3.52866e-03
4.73150e-03
5.09388e-03
4.75891e-03
4.20613e-03
3.52272e-03
2.82160e-03
2.31965e-03
1.47068e-03
-6.69906e-05
-1.12706e-03
-1.21917e-03
-1.77910e-03
-2.71039e-03
-2.85010e-03
-2.66058e-03
-2.48479e-03
-1.47386e-03
2.57930e-05
3.95497e-04
3.17599e-06
-4.71706e-04
-1.04378e-03
-1.60027e-03
-1.73601e-03
-1.31228e-03
-4.30129e-04
5.56746e-05
-1.80275e-04
-4.42218e-04
-4.21164e-04
-1.76971e-04
1.01413e-04
1.11393e-04
-4.54613e-04
-1.09259e-03
-7.19353e-04
3.00853e-04
1.24853e-03
1.72641e-03
1.66090e-03
1.29331e-03
1.00681e-03
1.06804e-03
1.18809e-03
1.56091e-03
2.85666e-03
4.17070e-03
3.99000e-03
2.76795e-03
1.36484e-03
5.09554e-04
2.04297e-04
1.43134e-04
2.75177e-04
6.88156e-04
1.44971e-03
2.21093e-03
2.21361e-03
1.84965e-03
1.51659e-03
9.02614e-04
2.63691e-04
5.53275e-04
1.55769e-03
2.59562e-03
3.38421e-03
3.84130e-03
4.07558e-03
4.04047e-03
3.55089e-03
2.52531e-03
1.35681e-03
1.01566e-03
1.19736e-03
8.81755e-04
7.96996e-04
1.57863e-03
2.43380e-03
2.83747e-03
2.71860e-03
2.59680e-03
2.79982e-03
2.80715e-03
2.36703e-03
1.79451e-03
1.10787e-03
4.40995e-04
3.19520e-04
7.08249e-04
5.64001e-04
-1.16600e-04
-6.12427e-04
-8.33486e-04
-8.69883e-04
-8.85467e-04
-5.57147e-04
5.76632e-04
1.75498e-03
1.91744e-03
8.35392e-04
-8.00992e-04
-1.54464e-03
-1.59209e-03
-1.56482e-03
-1.83599e-03
-1.99804e-03
-1.04063e-03
4.42876e-04
1.17238e-03
1.35313e-03
1.18853e-03
6.40880e-04
-2.81846e-04
-1.24531e-03
-1.31547e-03
-2.58862e-04
6.18988e-04
1.43891e-03
2.99495e-03
3.98279e-03
3.43008e-03
2.49445e-03
1.90332e-03
1.83420e-03
1.88057e-03
1.70179e-03
1.28487e-03
1.03168e-03
1.50844e-03
1.70501e-03
6.57467e-04
-5.09509e-04
-8.08847e-04
-1.28920e-04
5.47029e-04
1.50969e-04
-3.62877e-04
-4.18064e-04
-5.48936e-04
-9.04206e-04
-1.29504e-03
-1.39395e-03
-1.18874e-03
-1.22627e-03
-1.61401e-03
-2.04212e-03
-2.04298e-03
-1.47690e-03
-9.65722e-04
-1.01050e-03
-1.79332e-03
-2.53678e-03
-2.58026e-03
-2.45182e-03
-2.38985e-03
-2.21753e-03
-2.54372e-03
-3.74216e-03
-4.57214e-03
-4.61045e-03
-4.71751e-03
-4.51414e-03
-3.48409e-03
-2.85093e-03
-3.37915e-03
-4.43288e-03
-4.85813e-03
-3.75514e-03
-2.70804e-03
-2.68753e-03
-2.53310e-03
-1.91714e-03
-1.33559e-03
-8.17248e-04
-3.97164e-04
-2.48503e-04
-5.69951e-04
-1.38544e-03
-2.29501e-03
-2.58140e-03
-1.71448e-03
-3.02917e-04
-8.81112e-06
-7.11560e-04
-1.48704e-03
-1.24041e-03
-3.70052e-04
-8.71215e-04
-2.17742e-03
-2.66026e-03
-2.40745e-03
-1.86664e-03
-1.55047e-03
-1.51020e-03
-1.57362e-03
-1.66031e-03
-1.79461e-03
-2.08498e-03
-2.62073e-03
-3.33626e-03
-3.86017e-03
-3.88110e-03
-3.51595e-03
-3.08141e-03
-3.00771e-03
-3.09903e-03
-3.12440e-03
-3.01624e-03
-2.85273e-03
-2.86055e-03
-3.32555e-03
-4.09135e-03
-4.03739e-03
-2.73174e-03
-7.40122e-04
1.39990e-03
3.03067e-03
4.05284e-03
4.46006e-03
4.30962e-03
3.76336e-03
3.15544e-03
2.74179e-03
2.48142e-03
2.04394e-03
1.64719e-03
1.71834e-03
1.49074e-03
8.89953e-04
9.69161e-04
1.53997e-03
1.69752e-03
1.62585e-03
1.55767e-03
1.49854e-03
1.28216e-03
6.47517e-04
-5.79875e-04
-2.15840e-03
-3.30668e-03
-3.80338e-03
-3.78461e-03
-3.33086e-03
-2.71030e-03
-2.54645e-03
-2.79273e-03
-2.94555e-03
-2.67165e-03
-1.96576e-03
-1.17256e-03
-4.89430e-04
1.47505e-05
1.01213e-04
-2.29924e-04
-1.70300e-04
4.06393e-04
8.74991e-04
1.28960e-03
2.04609e-03
3.52195e-03
5.20831e-03
5.70251e-03
5.31801e-03
4.83703e-03
3.88946e-03
2.84402e-03
3.12798e-03
3.98416e-03
3.85457e-03
2.67758e-03
1.12726e-03
3.27291e-04
5.23474e-04
1.29481e-03
1.89048e-03
1.86908e-03
1.59940e-03
1.42781e-03
1.49763e-03
1.75139e-03
1.91088e-03
1.57610e-03
1.04430e-03
1.06530e-03
9.13696e-04
2.47601e-04
1.74341e-04
4.38961e-04
-2.73758e-04
-9.57719e-04
-5.88715e-04
-8.99982e-05
2.35539e-05
-8.53359e-05
-2.51453e-04
-3.84816e-04
-4.53983e-04
-4.63494e-04
-4.31855e-04
-3.81237e-04
-3.37031e-04
-3.35619e-04
-4.19802e-04
-6.06779e-04
-8.81701e-04
-1.12719e-03
-1.10712e-03
-9.57495e-04
-1.31372e-03
-1.51673e-03
-4.13699e-04
5.98290e-04
5.17137e-04
4.91219e-04
8.62811e-04
1.11374e-03
1.30685e-03
1.69902e-03
2.52981e-03
3.31712e-03
3.04144e-03
2.15784e-03
1.44755e-03
7.56630e-04
1.66550e-04
1.08253e-04
-1.48924e-04
-1.30960e-03
-2.36269e-03
-2.47215e-03
-1.74658e-03
-8.02533e-04
-5.43738e-04
-8.51482e-04
-1.14227e-03
-5.39136e-04
3.29424e-04
-4.05794e-05
-9.07631e-04
-1.39893e-03
-1.51984e-03
-1.18800e-03
-2.88317e-04
3.48094e-04
3.09602e-05
-7.67070e-04
-1.69028e-03
-2.55161e-03
-2.83107e-03
-2.22348e-03
-1.75119e-03
-1.95375e-03
-2.47700e-03
-2.76640e-03
-2.45689e-03
-2.05281e-03
-2.03344e-03
-2.47068e-03
-2.59048e-03
-1.48577e-03
3.90937e-05
1.06096e-03
1.29968e-03
1.04336e-03
8.34522e-04
5.64701e-04
1.82732e-04
-2.20706e-05
1.06456e-04
5.22803e-04
3.85466e-04
-6.79089e-04
-1.53642e-03
-2.04689e-03
-3.06481e-03
-3.79596e-03
-3.37606e-03
-2.92142e-03
-2.77796e-03
-2.15223e-03
-1.18368e-03
-5.12533e-04
7.06837e-05
5.75452e-04
6.76173e-04
5.81939e-04
7.55367e-04
1.09843e-03
1.51713e-03
2.01413e-03
1.98458e-03
7.96933e-04
-1.22351e-04
2.48519e-04
7.98352e-04
1.09290e-03
1.46977e-03
2.27332e-03
3.53521e-03
4.77558e-03
5.30264e-03
4.50971e-03
3.39195e-03
3.16115e-03
3.38200e-03
3.46942e-03
3.09653e-03
2.26864e-03
1.22920e-03
-5.92230e-05
-1.26037e-03
-1.61583e-03
-1.50338e-03
-1.74142e-03
-1.78733e-03
-1.41068e-03
-1.32379e-03
-1.56051e-03
-1.72388e-03
-1.50530e-03
-8.05982e-04
2.31104e-04
1.64862e-03
3.40537e-03
4.82727e-03
5.16471e-03
4.61596e-03
3.88579e-03
3.96573e-03
4.06078e-03
3.57613e-03
3.81655e-03
4.88981e-03
5.12459e-03
4.53731e-03
3.95261e-03
3.69454e-03
3.61506e-03
3.07181e-03
2.14381e-03
1.39983e-03
1.01380e-03
1.24625e-03
2.34715e-03
3.43687e-03
3.01470e-03
2.43852e-03
2.71568e-03
2.84450e-03
2.41738e-03
1.82015e-03
1.01142e-03
1.55879e-04
-1.43852e-04
-1.26936e-05
-2.49146e-04
-1.74914e-04
8.74702e-04
1.83930e-03
2.15839e-03
2.24500e-03
2.41831e-03
2.56813e-03
1.66564e-03
-3.88861e-04
-2.01411e-03
-2.33658e-03
-1.09369e-03
3.82036e-04
1.06286e-03
1.16984e-03
7.29119e-04
-4.62472e-04
-1.83220e-03
-2.94331e-03
-4.16154e-03
-5.43166e-03
-6.08001e-03
-5.63257e-03
-4.04491e-03
-2.33469e-03
-1.12547e-03
-5.25388e-04
2.32005e-04
1.46292e-03
2.10348e-03
1.96440e-03
2.18092e-03
2.27627e-03
1.38123e-03
-9.14816e-05
-1.40950e-03
-1.97786e-03
-1.89887e-03
-1.55532e-03
-1.36155e-03
-1.52887e-03
-1.92297e-03
-2.57227e-03
-3.59834e-03
-4.29220e-03
-4.38224e-03
-4.78718e-03
-5.41477e-03
-5.39839e-03
-5.41979e-03
-6.05684e-03
-6.67225e-03
-6.86266e-03
-6.65780e-03
-6.29235e-03
-5.96501e-03
-5.45355e-03
-4.73266e-03
-4.09417e-03
-3.43807e-03
-2.77499e-03
-2.40186e-03
-2.24182e-03
-1.77102e-03
-1.05372e-03
-4.38366e-04
-2.87692e-04
-3.61318e-04
2.30233e-04
1.14169e-03
1.50914e-03
1.03621e-03
-2.14874e-04
-1.76032e-03
-2.99372e-03
-3.16532e-03
-2.59849e-03
-1.90903e-03
-1.78601e-03
-1.91475e-03
-1.63639e-03
-1.35068e-03
-1.33327e-03
-9.95060e-04
-3.90088e-04
-1.55395e-04
-3.14753e-04
-6.65711e-04
-8.60532e-04
-8.81240e-04
-9.39401e-04
-1.12535e-03
-1.31669e-03
-1.21316e-03
-1.03710e-03
-1.36315e-03
-1.21254e-03
1.02915e-05
6.07964e-04
1.43428e-04
-1.55758e-04
-1.91739e-04
-4.82850e-05
9.22488e-04
2.32220e-03
2.61202e-03
2.79496e-03
4.11000e-03
4.68983e-03
3.56053e-03
1.91777e-03
7.57701e-04
7.59821e-04
8.35235e-04
5.83464e-04
9.44211e-04
1.73372e-03
2.05411e-03
2.07987e-03
1.96795e-03
1.63738e-03
1.61372e-03
2.54348e-03
3.29899e-03
3.19188e-03
3.26480e-03
3.74727e-03
4.10444e-03
4.44415e-03
5.00730e-03
5.90010e-03
6.40154e-03
5.27360e-03
3.00425e-03
8.14493e-04
-3.98791e-04
-6.49206e-04
-6.32172e-04
-1.94203e-04
7.08903e-04
1.07553e-03
1.15343e-03
2.39418e-03
4.26343e-03
5.27100e-03
5.12290e-03
4.10171e-03
3.08427e-03
2.20503e-03
1.51946e-03
1.05549e-03
9.71292e-04
1.39617e-03
1.77881e-03
1.44091e-03
1.08707e-03
1.25420e-03
1.73714e-03
2.49513e-03
3.36650e-03
3.73250e-03
3.35738e-03
3.02294e-03
2.58393e-03
1.43926e-03
1.91027e-04
-3.41512e-04
9.23277e-06
8.17620e-04
1.17593e-03
6.35802e-04
-5.28744e-04
-7.46144e-04
1.29567e-04
7.06497e-04
5.35453e-04
-3.13246e-04
-1.04845e-03
-1.57407e-03
-2.45532e-03
-3.32156e-03
-3.63051e-03
-3.91420e-03
-4.36414e-03
-4.56026e-03
-3.93846e-03
-2.46632e-03
-1.43777e-03
-1.24239e-03
-8.00526e-04
2.55598e-04
1.47991e-03
1.88136e-03
1.07527e-03
-9.22426e-05
-1.19243e-03
-1.78058e-03
-1.48963e-03
-4.73019e-04
1.58342e-04
1.32102e-04
-2.42192e-04
-6.85124e-04
-9.56669e-04
-8.99311e-04
-1.09371e-03
-2.38250e-03
-3.65751e-03
-3.87730e-03
-3.49534e-03
-2.75922e-03
-1.74770e-03
-9.70892e-04
-9.18592e-04
-1.24589e-03
-1.54850e-03
-1.54211e-03
-1.71403e-03
-2.41678e-03
-3.00748e-03
-3.27890e-03
-3.55258e-03
-3.24384e-03
-1.93127e-03
-8.72654e-04
-8.21776e-04
-1.43105e-03
-2.18647e-03
-2.65013e-03
-2.92470e-03
-3.01424e-03
-2.71528e-03
-2.42356e-03
-2.50921e-03
-1.83831e-03
-4.40774e-04
-3.51926e-04
-9.48256e-04
-4.22209e-04
3.33998e-05
-4.79892e-04
-1.05363e-03
-1.33446e-03
-1.33994e-03
-9.00914e-04
-1.25887e-04
2.10119e-04
2.52226e-04
7.81699e-04
1.65727e-03
2.50611e-03
3.19990e-03
3.35175e-03
2.49242e-03
1.18160e-03
2.78090e-04
2.51250e-06
3.71450e-04
1.25202e-03
2.39738e-03
3.44256e-03
4.18086e-03
4.43695e-03
3.99944e-03
2.52580e-03
2.48320e-04
-1.09164e-03
-9.46061e-04
-6.51708e-04
-3.08686e-04
4.40438e-04
1.02722e-03
1.02841e-03
6.50339e-04
7.10604e-04
1.78463e-03
2.52264e-03
2.00460e-03
9.35729e-04
1.49457e-04
3.85643e-04
1.04962e-03
1.57896e-03
1.97108e-03
2.16625e-03
2.05944e-03
2.28613e-03
2.83795e-03
2.30561e-03
8.28306e-04
2.50671e-05
-2.14848e-04
-2.76052e-04
-3.18200e-04
-4.35554e-04
-6.85578e-04
-1.18196e-03
-1.76887e-03
-1.62111e-03
-9.79579e-04
-1.20960e-03
-1.78922e-03
-1.86996e-03
-1.96742e-03
-2.45200e-03
-3.14261e-03
-3.53517e-03
-3.09748e-03
-1.96887e-03
-8.54810e-04
-8.15696e-04
-1.14123e-03
-5.85381e-04
5.24867e-04
1.57441e-03
2.15230e-03
2.38453e-03
2.60531e-03
2.45325e-03
2.04282e-03
2.37999e-03
3.62650e-03
5.16860e-03
5.95160e-03
5.29657e-03
3.70115e-03
1.86876e-03
7.07362e-04
2.41506e-04
3.88785e-04
8.00209e-04
9.43285e-04
2.62355e-04
-3.10043e-04
-8.92343e-05
1.56139e-05
-4.92566e-04
-1.38143e-03
-2.16175e-03
-2.37037e-03
-2.08677e-03
-1.61730e-03
-1.38816e-03
-1.30408e-03
-1.20077e-03
-1.10476e-03
-1.24961e-03
-1.92714e-03
-2.54196e-03
-2.29790e-03
-1.69834e-03
-1.22084e-03
-9.51550e-04
-1.09630e-03
-1.78457e-03
-2.30850e-03
-2.42305e-03
-2.85463e-03
-3.71582e-03
-4.56426e-03
-5.29670e-03
-5.58745e-03
-4.92260e-03
-3.61312e-03
-2.71265e-03
-2.36670e-03
-2.57314e-03
-3.07385e-03
-3.50932e-03
-3.52620e-03
-3.40400e-03
-3.11340e-03
-1.84770e-03
-4.38465e-06
8.63692e-04
9.37669e-04
8.54931e-04
1.21441e-03
2.10533e-03
3.02114e-03
3.21594e-03
2.23141e-03
6.89899e-04
-7.90728e-04
-1.73285e-03
-1.67386e-03
-4.20053e-04
7.52412e-04
1.11032e-03
9.94512e-04
5.73841e-04
-6.37479e-05
-1.94293e-04
1.64167e-04
-1.12717e-04
-9.12248e-04
-1.42574e-03
-1.98151e-03
-2.49878e-03
-2.10832e-03
-1.12230e-03
-6.89448e-04
-8.31470e-04
-1.07259e-03
-5.13153e-04
3.39683e-04
1.45851e-05
-6.54513e-04
-6.80852e-04
-1.12173e-04
7.72569e-04
1.61948e-03
2.66696e-03
3.70653e-03
3.51226e-03
2.25652e-03
1.57517e-03
1.47668e-03
1.64299e-03
2.00091e-03
2.05734e-03
1.07314e-03
2.56413e-05
1.67089e-04
7.99212e-04
9.88891e-04
1.43027e-04
-7.66150e-04
-5.70313e-04
-2.53228e-04
-5.92409e-04
-1.38464e-03
-2.07123e-03
-2.00982e-03
-1.21650e-03
-1.56247e-04
3.63650e-04
3.89856e-04
4.33750e-04
9.26925e-04
1.70178e-03
1.78428e-03
1.28285e-03
1.08327e-03
8.41112e-04
5.40176e-04
1.06721e-03
2.36318e-03
3.41865e-03
3.50217e-03
2.49351e-03
1.57305e-03
1.48458e-03
2.27004e-03
3.03228e-03
3.05433e-03
2.89401e-03
2.91631e-03
3.06048e-03
3.13683e-03
3.17901e-03
3.89990e-03
4.97070e-03
4.90215e-03
4.07778e-03
3.45665e-03
2.92147e-03
2.41802e-03
2.19340e-03
2.11737e-03
1.93415e-03
1.48385e-03
1.19764e-03
2.02967e-03
3.34935e-03
3.68897e-03
3.29111e-03
2.70551e-03
2.42769e-03
2.40410e-03
2.27049e-03
1.73405e-03
7.77069e-04
-2.47948e-04
-1.06273e-03
-1.42983e-03
-1.74632e-03
-2.14807e-03
-2.11247e-03
-1.76145e-03
-1.81095e-03
-1.77220e-03
-1.38936e-03
-1.39604e-03
-1.83567e-03
-2.02475e-03
-1.89577e-03
-1.61175e-03
-1.37062e-03
-1.45132e-03
-2.03534e-03
-2.32808e-03
-1.53071e-03
-2.39085e-04
6.79654e-04
5.38110e-04
2.59902e-05
8.65365e-05
3.35200e-04
5.65032e-04
1.06863e-03
1.52394e-03
1.43332e-03
1.02946e-03
4.57009e-04
-4.47333e-04
-1.53212e-03
-2.27475e-03
-2.42239e-03
-2.03718e-03
-1.71844e-03
-1.79664e-03
-2.35052e-03
-2.74404e-03
-2.61622e-03
-2.38806e-03
-2.25472e-03
-2.20163e-03
-2.27347e-03
-2.58071e-03
-3.18170e-03
-3.27630e-03
-1.69176e-03
7.64349e-05
3.71642e-04
-3.04893e-04
-1.47873e-03
-2.81550e-03
-3.43254e-03
-2.66923e-03
-1.64193e-03
-1.00348e-03
-6.25778e-04
-4.84602e-04
-5.47219e-04
-3.01437e-04
2.52055e-04
4.23155e-04
2.40074e-06
-7.82072e-04
-1.35117e-03
-1.59671e-03
-2.10338e-03
-2.61553e-03
-2.53012e-03
-2.60017e-03
-3.09477e-03
-3.14530e-03
-2.33828e-03
-9.59312e-04
3.99922e-05
1.45316e-04
1.40857e-04
3.36142e-04
5.49297e-04
5.25327e-04
1.35661e-04
-4.53116e-04
-4.57723e-04
1.08899e-03
2.57821e-03
2.57154e-03
1.92121e-03
1.57989e-03
2.07578e-03
2.22652e-03
1.17988e-03
3.49474e-04
5.22923e-04
1.37216e-03
2.25367e-03
2.39913e-03
1.48049e-03
-1.06454e-04
-1.22523e-03
-1.59246e-03
-1.42529e-03
-1.56457e-03
-1.99725e-03
-1.66902e-03
-9.05397e-04
-7.34736e-04
-1.17850e-03
-1.67777e-03
-1.23473e-03
-2.43641e-04
1.50811e-04
1.95332e-05
-2.50023e-04
-2.05003e-04
3.98454e-05
1.50044e-04
6.06604e-04
1.28727e-03
7.91379e-04
-5.80491e-04
-1.13951e-03
-1.10201e-03
-1.04364e-03
-1.39005e-03
-1.83865e-03
-1.53265e-03
-3.79573e-04
1.04790e-03
1.57898e-03
1.05590e-03
4.29699e-04
2.21983e-04
6.08039e-04
1.19888e-03
2.01602e-03
3.46249e-03
4.92980e-03
5.50467e-03
5.25155e-03
4.45774e-03
3.59864e-03
2.96807e-03
2.74070e-03
2.13657e-03
1.04916e-03
4.47823e-04
5.36489e-04
9.96495e-04
1.25999e-03
1.23463e-03
1.57571e-03
2.02996e-03
1.74258e-03
1.09590e-03
4.56209e-04
-2.48185e-04
-8.54570e-04
-9.48324e-04
-6.28197e-04
-1.56342e-04
1.12337e-04
1.75753e-04
2.28452e-04
3.07038e-04
2.38250e-04
-2.68775e-04
-8.17092e-04
-4.87668e-04
2.07010e-04
4.45154e-04
-4.78327e-05
-7.65792e-04
-6.15680e-04
1.42092e-04
7.96499e-04
1.05484e-03
1.07978e-03
1.33965e-03
1.53450e-03
1.18135e-03
5.24550e-04
-2.34504e-04
-1.01165e-03
-1.28840e-03
-5.62844e-04
2.07687e-04
3.27201e-04
-7.99444e-05
-8.36698e-04
-1.72108e-03
-2.35183e-03
-2.51574e-03
-2.39319e-03
-2.24845e-03
-2.25014e-03
-1.83244e-03
-8.61014e-04
-1.64608e-04
2.53656e-05
-1.04435e-04
-4.15424e-04
-7.13490e-04
-6.48134e-04
-2.39757e-04
1.64252e-04
1.70914e-04
-2.19856e-04
-2.25899e-04
4.08777e-05
-3.01636e-04
-6.13519e-04
-1.93098e-04
3.65681e-04
4.64331e-04
-1.19102e-04
-6.94461e-04
-6.02217e-04
-4.70031e-04
-7.95120e-04
-1.50440e-03
-2.19211e-03
-2.34825e-03
-2.02442e-03
-1.50102e-03
-1.19510e-03
-1.11070e-03
-1.16072e-03
-1.38845e-03
-1.44968e-03
-5.64592e-04
5.67499e-04
5.87775e-04
2.02299e-04
-6.20751e-05
-6.59647e-04
-1.27709e-03
-1.05237e-03
-3.99112e-04
2.49573e-04
9.51626e-04
1.57311e-03
1.72509e-03
1.56113e-03
1.35602e-03
1.38407e-03
1.42353e-03
9.88981e-04
5.98163e-04
7.65856e-04
9.11820e-04
7.80144e-04
6.30886e-04
8.65772e-04
1.55807e-03
1.85118e-03
1.46001e-03
9.15161e-04
2.98484e-04
-3.80814e-04
-8.55920e-04
-9.90659e-04
-9.63599e-04
-1.00149e-03
-1.15463e-03
-7.45479e-04
9.14567e-06
-5.21204e-04
-1.79957e-03
-1.91615e-03
-1.03257e-03
-7.03729e-05
-1.92535e-04
-9.14168e-04
-6.01818e-04
1.20099e-04
3.89742e-04
4.27358e-04
7.79705e-05
-1.10833e-03
-2.49965e-03
-3.06871e-03
-2.62442e-03
-1.59676e-03
-9.69708e-04
-7.30628e-04
-6.09292e-04
-5.97139e-04
-4.87909e-04
1.99660e-04
1.09550e-03
1.30793e-03
5.18980e-04
-7.59712e-04
-1.02462e-03
-2.33291e-05
1.47601e-03
2.25156e-03
1.78412e-03
1.25727e-03
1.20732e-03
1.39718e-03
1.45615e-03
1.36017e-03
1.82021e-03
2.60973e-03
2.54346e-03
1.71861e-03
9.30688e-04
1.30473e-03
2.56881e-03
2.87815e-03
2.01282e-03
7.42632e-04
2.88812e-04
8.75891e-04
1.21219e-03
8.93181e-04
1.81876e-04
-4.46637e-04
-7.09690e-04
-8.10238e-04
-1.12381e-03
-1.90451e-03
-2.44682e-03
-2.40659e-03
-2.60862e-03
-3.01521e-03
-2.83856e-03
-2.07340e-03
-1.32107e-03
-1.60356e-03
-2.52789e-03
-2.43739e-03
-1.67648e-03
-1.03546e-03
-1.59702e-04
7.93432e-04
9.54089e-04
6.06951e-04
4.92328e-04
7.81391e-04
1.14656e-03
8.17561e-04
-1.80617e-04
-1.14232e-03
-1.53797e-03
-1.36697e-03
-1.52295e-03
-1.75304e-03
-1.18534e-03
-6.84409e-04
-8.46060e-04
-7.56159e-04
-6.01139e-04
-1.42624e-03
-1.90468e-03
-1.02330e-03
-3.78158e-04
-7.73426e-04
-1.65690e-03
-1.91495e-03
-9.11463e-04
-2.01693e-04
-6.62525e-04
-1.71266e-03
-2.17664e-03
-1.14293e-03
3.47429e-05
3.82712e-04
2.66647e-04
2.71998e-04
8.08483e-04
1.35375e-03
1.37603e-03
8.84641e-04
2.34567e-04
6.66734e-05
5.43796e-04
1.39144e-03
1.66514e-03
1.32322e-03
1.12894e-03
1.22189e-03
1.51146e-03
1.81600e-03
1.80693e-03
1.18488e-03
5.99434e-04
7.58513e-04
1.14235e-03
1.38777e-03
1.55979e-03
1.72696e-03
1.85367e-03
1.78680e-03
1.77205e-03
2.51731e-03
3.26416e-03
2.71313e-03
1.82918e-03
1.66411e-03
2.34564e-03
3.10169e-03
2.77882e-03
1.81561e-03
9.99183e-04
8.13067e-04
1.28737e-03
2.00495e-03
2.21020e-03
1.49100e-03
7.07376e-04
7.67211e-05
-8.96436e-04
-1.78516e-03
-1.99658e-03
-2.05087e-03
-2.22216e-03
-2.29023e-03
-2.02998e-03
-1.45172e-03
-9.69825e-04
-6.07119e-04
2.38549e-04
1.21215e-03
1.37748e-03
1.01150e-03
4.21511e-04
-4.01008e-04
-1.00915e-03
-5.41618e-04
5.51784e-04
1.35626e-03
7.88694e-04
-4.60687e-04
-4.21984e-04
-1.39761e-05
-3.20629e-04
-5.24160e-04
-3.57823e-04
-4.24653e-04
-7.63685e-04
-1.10352e-03
-1.07398e-03
-7.93878e-04
-8.77187e-04
-6.39197e-04
5.67044e-04
8.69977e-04
-2.91037e-04
-7.99515e-04
-3.73287e-04
5.92965e-05
1.50536e-04
1.42168e-04
8.77899e-04
1.90860e-03
1.97482e-03
1.93532e-03
2.47283e-03
2.94471e-03
2.90770e-03
2.31143e-03
1.41221e-03
6.35545e-04
2.65392e-04
3.35910e-04
6.90118e-04
1.11656e-03
1.21061e-03
3.76901e-04
-9.02462e-04
-1.19496e-03
-1.09175e-03
-1.48468e-03
-1.90258e-03
-1.97597e-03
-1.79201e-03
-1.65620e-03
-1.89089e-03
-2.24945e-03
-2.34271e-03
-1.88123e-03
-1.49433e-03
-1.97745e-03
-2.69585e-03
-2.89579e-03
-2.21999e-03
-1.19556e-03
-6.84790e-04
-3.37431e-04
-1.21240e-04
-6.94540e-04
-1.39251e-03
-9.09401e-04
-1.25095e-04
1.78353e-04
3.46512e-04
2.89383e-04
-3.52050e-04
-9.78929e-04
-1.17503e-03
-1.54022e-03
-2.09574e-03
-2.23541e-03
-1.89410e-03
-1.27482e-03
-7.98419e-04
-7.43104e-04
-1.13634e-03
-1.21973e-03
-6.02581e-04
-3.73863e-04
-4.39882e-04
5.53186e-04
1.73379e-03
1.78736e-03
1.23981e-03
7.25878e-04
6.17248e-04
7.56766e-04
8.77560e-04
8.51532e-04
7.02038e-04
6.00211e-04
8.38578e-04
1.49941e-03
1.67973e-03
9.19581e-04
-1.30285e-04
-9.28892e-04
-1.04298e-03
-6.32468e-04
-5.91758e-05
2.07607e-04
1.11095e-04
-1.91185e-04
-5.88160e-04
-9.67118e-04
-1.16421e-03
-8.82110e-04
9.54550e-05
8.99403e-04
7.27020e-04
-1.48171e-04
-1.00692e-03
-9.72815e-04
-5.98825e-04
-5.69144e-04
-8.83865e-04
-1.24226e-03
-1.22962e-03
-1.16453e-03
-1.11190e-03
1.32262e-04
2.13383e-03
2.50945e-03
1.69335e-03
1.11632e-03
1.03025e-03
1.15496e-03
8.80223e-04
5.18218e-04
8.06185e-04
1.20842e-03
1.25817e-03
1.03067e-03
7.08532e-04
5.43054e-04
8.25460e-04
1.39354e-03
1.34375e-03
6.96790e-04
3.31539e-04
6.05151e-04
1.35940e-03
1.64991e-03
1.25655e-03
8.16680e-04
4.66793e-04
2.64272e-04
3.79605e-04
5.00243e-04
-6.42517e-05
-4.35117e-04
3.83319e-04
1.13544e-03
1.07577e-03
7.93558e-04
4.02123e-04
-9.63798e-05
1.86403e-04
1.11174e-03
7.63629e-04
-5.28149e-04
-8.93917e-04
-3.74779e-04
4.18959e-04
7.17408e-04
7.05308e-04
1.13315e-03
1.00778e-03
-3.09335e-04
-1.34014e-03
-1.29534e-03
-4.47045e-04
6.87630e-04
1.48999e-03
1.65671e-03
1.19271e-03
4.99926e-04
2.27006e-04
7.75709e-04
1.10957e-03
7.30442e-04
3.25761e-04
3.89492e-04
1.06603e-03
1.57072e-03
1.49134e-03
1.43127e-03
1.56061e-03
1.60652e-03
1.17765e-03
3.36741e-04
9.73905e-06
4.03017e-04
9.66128e-04
9.00255e-04
-9.35750e-05
-8.81526e-04
-8.34600e-04
-1.65062e-04
5.67895e-04
6.87810e-04
-4.47521e-05
-1.18123e-03
-1.64904e-03
-1.42787e-03
-1.05099e-03
-1.13336e-03
-1.40698e-03
-6.09760e-04
4.21809e-04
-4.65759e-05
-1.02278e-03
-1.42172e-03
-1.12746e-03
-8.48172e-04
-1.54508e-03
-2.39358e-03
-2.49940e-03
-1.94950e-03
-1.18873e-03
-8.95678e-04
-1.24976e-03
-2.03912e-03
-2.35971e-03
-2.13657e-03
-2.17973e-03
-2.68443e-03
-3.44527e-03
-3.97611e-03
-3.98893e-03
-3.55838e-03
-2.98689e-03
-2.65630e-03
-2.51419e-03
-2.63354e-03
-3.23508e-03
-3.77645e-03
-3.51227e-03
-3.13133e-03
-2.90785e-03
-2.02650e-03
-9.96314e-04
-1.16887e-03
-1.71948e-03
-1.86220e-03
-1.90240e-03
-1.59031e-03
-3.16219e-04
7.86274e-04
6.50661e-04
3.58497e-05
-2.12687e-04
3.81624e-04
6.75122e-04
-3.09215e-04
-1.23028e-03
-1.18322e-03
-4.55829e-04
3.53994e-04
5.68304e-04
1.58314e-05
-8.75536e-04
-1.04924e-03
-5.63402e-04
-9.92358e-05
2.13162e-04
2.51698e-04
-1.59675e-04
-4.46651e-04
2.66836e-04
1.17057e-03
1.45797e-03
1.37024e-03
1.37467e-03
1.92250e-03
2.57561e-03
2.78150e-03
2.55755e-03
2.17003e-03
2.07320e-03
2.20239e-03
2.37009e-03
2.46464e-03
2.42832e-03
2.26420e-03
2.03405e-03
1.89015e-03
2.04895e-03
2.25303e-03
1.68948e-03
8.92382e-04
1.06619e-03
2.03550e-03
2.99712e-03
2.81034e-03
2.02273e-03
2.18231e-03
2.51193e-03
2.22260e-03
1.78313e-03
1.57168e-03
1.69689e-03
1.49585e-03
7.55953e-04
7.64516e-04
1.61355e-03
1.99486e-03
2.34392e-03
3.13854e-03
3.15322e-03
2.01166e-03
8.73927e-04
2.04278e-04
1.65477e-04
4.25882e-04
5.85130e-04
3.54340e-04
1.33704e-04
5.42604e-04
1.24753e-03
1.69651e-03
1.52882e-03
9.02764e-04
3.14831e-04
-3.21250e-04
-9.69214e-04
-1.24853e-03
-1.04507e-03
-5.16773e-04
1.21541e-05
2.63610e-04
3.02977e-04
3.47503e-05
-7.11663e-04
-1.18946e-03
-8.02003e-04
-1.85258e-04
1.33048e-04
6.14380e-05
3.28353e-04
1.32974e-03
1.82110e-03
1.45650e-03
1.18447e-03
8.17552e-04
4.93288e-05
-4.11781e-04
-2.13446e-04
2.30606e-04
2.74859e-04
-3.79737e-04
-4.44866e-04
3.93657e-04
6.89990e-04
3.78558e-04
1.41958e-04
1.32339e-07
-1.61192e-04
-4.03005e-04
-6.68827e-04
-7.25551e-04
-1.94600e-04
8.58363e-04
1.51855e-03
1.55846e-03
1.30861e-03
1.14341e-03
1.12655e-03
7.61316e-04
2.48049e-04
3.91962e-04
6.53585e-04
4.30591e-04
-1.54064e-04
-6.39006e-04
-4.21121e-04
3.28989e-04
9.12157e-04
3.26004e-04
-9.15184e-04
-8.67933e-04
-2.63621e-04
-3.36366e-04
-3.59624e-04
-1.71061e-04
-5.50201e-04
-9.52188e-04
-5.61066e-04
1.76789e-05
5.40555e-05
-7.53261e-04
-1.74948e-03
-1.94322e-03
-1.56660e-03
-1.19819e-03
-1.44949e-03
-1.56610e-03
-5.07099e-04
2.09388e-04
-3.80992e-04
-1.13220e-03
-1.56081e-03
-1.70639e-03
-1.52645e-03
-1.26799e-03
-1.73726e-03
-2.46209e-03
-2.12996e-03
-1.78936e-03
-2.24808e-03
-2.48665e-03
-2.23195e-03
-2.07920e-03
-2.10340e-03
-2.26786e-03
-2.56103e-03
-2.91129e-03
-3.14104e-03
-2.91956e-03
-2.16672e-03
-1.63597e-03
-1.48277e-03
-1.12869e-03
-7.79637e-04
-9.14318e-04
-1.40880e-03
-1.77376e-03
-1.35736e-03
-7.58562e-04
-9.84284e-04
-1.51365e-03
-1.64090e-03
-1.07638e-03
-3.73342e-04
-4.99697e-04
-9.49604e-04
-1.10728e-03
-8.77435e-04
-2.77625e-04
5.25033e-04
1.10385e-03
1.06352e-03
5.25164e-04
-1.37977e-04
-3.33876e-04
5.54032e-05
7.36683e-04
6.89969e-04
-2.55523e-04
-1.11602e-03
-1.03396e-03
3.06757e-04
1.47938e-03
1.52417e-03
7.63801e-04
-1.58319e-04
-5.07935e-04
-8.05900e-05
7.82634e-04
1.10268e-03
9.33370e-04
9.73209e-04
1.19623e-03
1.29001e-03
8.62878e-04
2.40744e-04
2.45484e-04
3.16758e-04
-1.57236e-04
-9.97259e-04
-1.53375e-03
-9.23932e-04
8.81736e-05
3.62364e-04
-2.55196e-04
-1.20955e-03
-1.40113e-03
-9.82091e-04
-5.64449e-04
-2.21666e-04
-4.73789e-05
-2.07467e-04
-1.79788e-04
5.39430e-04
7.59935e-04
-3.60815e-08
-4.72372e-04
-6.89653e-04
-1.37118e-03
-1.43942e-03
-2.37754e-04
9.84991e-04
1.21305e-03
2.16136e-05
-1.21148e-03
-1.17020e-03
-2.78973e-04
4.04074e-04
-2.17957e-04
-8.19082e-04
-5.77944e-05
6.35954e-04
3.91089e-04
-3.27640e-04
-5.68803e-04
2.00427e-04
2.56968e-04
-9.24113e-04
-1.59832e-03
-1.23822e-03
-1.94792e-04
8.09483e-04
9.34669e-04
-3.41942e-04
-1.94384e-03
-1.95178e-03
-1.31940e-03
-1.13453e-03
-1.27286e-03
-1.29091e-03
-8.02651e-04
-4.50976e-04
-7.68090e-04
-1.10611e-03
-1.02097e-03
-5.18071e-04
2.29239e-04
7.98908e-04
5.52451e-04
-1.76100e-04
1.51950e-05
6.58670e-04
7.16502e-04
5.07531e-04
3.88153e-04
3.24498e-04
3.04172e-04
3.87476e-04
6.74618e-04
1.21759e-03
1.91396e-03
2.34282e-03
1.89226e-03
6.96216e-04
-5.36044e-04
-6.30205e-04
2.28551e-04
7.55934e-04
9.90112e-04
1.26948e-03
1.76733e-03
2.33596e-03
2.50328e-03
2.27286e-03
1.85223e-03
1.60409e-03
1.66411e-03
1.84854e-03
2.01627e-03
2.11071e-03
2.12754e-03
2.09025e-03
2.03231e-03
1.99459e-03
2.02180e-03
2.15784e-03
2.40997e-03
2.71360e-03
2.83472e-03
2.51424e-03
2.35801e-03
2.56460e-03
2.10300e-03
9.84383e-04
3.11451e-04
1.41745e-04
3.23170e-04
7.52793e-04
1.15781e-03
1.06535e-03
5.19965e-04
-2.39511e-04
-8.89602e-04
-8.68922e-04
3.76223e-04
1.64368e-03
1.36192e-03
5.88472e-04
2.78083e-04
4.04555e-04
7.81574e-04
1.14639e-03
1.18359e-03
1.00565e-03
1.32476e-03
1.64631e-03
8.97841e-04
5.14087e-04
1.39942e-03
1.99138e-03
1.68103e-03
1.09768e-03
1.25113e-03
2.37326e-03
2.51563e-03
1.17295e-03
-1.74943e-04
-6.49137e-04
8.07927e-05
9.56130e-04
1.29241e-03
1.17209e-03
6.74191e-04
-1.59288e-04
-1.19687e-03
-1.96777e-03
-1.71417e-03
-8.76278e-04
-4.86694e-04
-3.29777e-04
-7.42786e-05
3.41250e-04
6.16722e-04
2.32995e-04
-6.21107e-04
-1.27392e-03
-7.51378e-04
1.76964e-04
-3.00392e-04
-8.08702e-04
-2.36257e-04
-3.28020e-06
-5.17591e-04
-9.38296e-04
-8.52334e-04
-3.24424e-04
-1.69516e-04
-3.57605e-04
-7.75386e-05
1.13267e-05
-5.57399e-04
-1.59563e-04
1.19977e-03
1.43286e-03
7.93751e-04
2.83117e-04
-2.30855e-04
-8.97989e-04
-1.54191e-03
-1.52558e-03
-3.12439e-04
1.00697e-03
1.31543e-03
2.07560e-04
-1.16572e-03
-1.09238e-03
7.12810e-05
1.18973e-03
8.63194e-04
-4.55941e-04
-1.08515e-03
-4.21665e-04
1.00574e-03
1.26799e-03
3.63904e-04
-1.70977e-04
-6.02993e-06
5.22892e-04
4.01155e-04
-3.82384e-04
-8.13794e-04
-2.56212e-04
1.06260e-03
1.33453e-03
3.61871e-04
-3.11362e-04
-1.63364e-04
6.37397e-04
1.09090e-03
8.82224e-04
5.73931e-04
2.19868e-04
-2.50833e-04
-7.53948e-04
-9.04972e-04
-2.19743e-04
1.97719e-04
-7.00423e-04
-1.08555e-03
-1.64533e-04
6.21638e-04
3.53180e-04
-1.07912e-03
-1.95596e-03
-1.47710e-03
-8.80363e-04
-6.33926e-04
-6.29751e-04
-7.40595e-04
-8.67473e-04
-9.46538e-04
-9.67188e-04
-9.50140e-04
-9.23916e-04
-9.14022e-04
-9.32959e-04
-9.74053e-04
-1.00805e-03
-9.85731e-04
-8.57227e-04
-6.05743e-04
-3.02410e-04
-1.49532e-04
-4.82827e-04
-1.30624e-03
-1.76905e-03
-1.67433e-03
-1.53395e-03
-1.17034e-03
-4.91415e-04
-2.75582e-04
-6.75085e-04
-1.00152e-03
-1.10491e-03
-1.07583e-03
-1.00052e-03
-9.43874e-04
-9.28810e-04
-9.43905e-04
-9.51091e-04
-9.04639e-04
-7.73481e-04
-5.70082e-04
-3.79670e-04
-3.81167e-04
-7.98730e-04
-1.32104e-03
-9.40704e-04
1.99982e-04
1.09117e-03
1.03499e-03
9.75238e-05
-4.24022e-04
-6.29388e-04
-1.40417e-03
-1.80817e-03
-1.17894e-03
-5.72928e-04
-4.32197e-04
-5.52361e-04
-7.41692e-04
-8.89145e-04
-9.63637e-04
-9.78475e-04
-9.64704e-04
-9.43602e-04
-9.21885e-04
-8.93389e-04
-8.55460e-04
-8.20939e-04
-8.28292e-04
-9.28871e-04
-1.15826e-03
-1.47779e-03
-1.71872e-03
-1.52560e-03
-7.54649e-04
-1.44990e-04
3.90488e-05
3.21308e-04
5.10370e-04
9.13200e-05
-7.07484e-04
-1.13992e-03
-2.24099e-04
9.79300e-04
6.88661e-04
1.59696e-05
-2.35225e-04
-7.63929e-04
-1.06480e-03
-5.04611e-05
9.32293e-04
7.06558e-04
-2.64346e-04
-8.93334e-04
-8.30684e-05
6.89649e-04
4.11270e-04
4.65555e-04
9.80805e-04
8.46454e-04
3.24051e-04
-7.52365e-05
-2.79380e-04
-1.05954e-04
6.47238e-04
1.25992e-03
1.03591e-03
5.09303e-04
7.27115e-05
-2.29114e-04
-2.59414e-04
-3.49246e-05
-2.29792e-04
-5.82660e-04
1.35286e-04
1.00560e-03
6.48285e-04
3.48344e-04
6.69198e-04
5.74006e-04
6.94173e-05
-2.08690e-04
-1.11513e-04
2.97883e-05
-5.76560e-04
-1.28117e-03
-8.22236e-04
-1.85503e-04
5.38965e-05
8.07514e-04
1.64281e-03
1.23419e-03
4.09023e-04
5.15579e-06
-1.35727e-04
-1.75479e-04
-8.71100e-05
3.34059e-04
9.81345e-04
9.79057e-04
3.01032e-04
-2.03711e-04
-1.79104e-04
2.94850e-04
4.03112e-04
1.96935e-04
5.74035e-04
9.57601e-04
5.81738e-04
-2.49085e-05
-3.43810e-04
-2.21727e-04
-2.87868e-04
-9.48565e-04
-1.00281e-03
-2.30147e-04
3.68901e-05
1.17873e-04
6.80682e-04
7.47973e-04
1.59636e-04
2.68695e-04
7.03951e-04
3.26670e-04
-5.07336e-04
-1.16221e-03
-1.21580e-03
-7.31182e-04
-1.63071e-04
-1.98435e-04
-9.09799e-04
-1.20296e-03
-9.30294e-04
-7.60731e-04
-7.76465e-04
-9.49672e-04
-1.24769e-03
-1.55629e-03
-1.65250e-03
-1.20920e-03
-2.88734e-04
1.89142e-04
-9.04493e-05
-6.46107e-04
-7.25651e-04
-1.88151e-05
3.75846e-04
-3.94058e-05
-7.19046e-04
-6.24177e-04
7.59178e-04
1.65122e-03
1.38639e-03
1.05021e-03
6.86581e-04
1.32458e-04
9.33989e-05
7.40808e-04
1.26061e-03
1.19495e-03
5.66529e-04
3.04528e-04
7.98823e-04
1.30350e-03
1.28817e-03
6.19106e-04
1.04381e-04
1.72615e-04
2.25744e-04
9.86871e-05
4.21183e-05
4.05025e-04
1.07192e-03
1.11873e-03
5.09714e-04
-5.04317e-05
-3.83226e-04
-3.16346e-04
4.03618e-04
1.27379e-03
1.22961e-03
5.75611e-04
-1.45788e-04
-8.55395e-04
-1.27472e-03
-9.08653e-04
8.40013e-05
1.05422e-03
9.94736e-04
1.91763e-04
2.38946e-04
7.22173e-04
6.79922e-04
4.35887e-04
2.49206e-04
4.12376e-05
-1.76306e-04
-2.16256e-04
2.35927e-04
9.69162e-04
1.09807e-03
8.13497e-04
7.68045e-04
9.13999e-04
9.78476e-04
6.95198e-04
6.13239e-04
1.51145e-03
2.51766e-03
2.79903e-03
2.45823e-03
1.82855e-03
1.33362e-03
8.21762e-04
2.80228e-04
3.28553e-05
1.29353e-04
3.75046e-04
4.58145e-04
2.50960e-04
1.60747e-04
1.17482e-05
-8.06172e-04
-1.27933e-03
-6.11329e-04
-4.78857e-05
8.58830e-05
5.64166e-04
5.95344e-04
-5.67928e-04
-1.51357e-03
-1.45331e-03
-8.51490e-04
-4.78329e-04
-7.76236e-04
-7.50509e-04
6.82804e-06
6.75466e-04
5.28550e-04
-6.77999e-04
-1.48241e-03
-9.19706e-04
4.50748e-04
1.41230e-03
8.04438e-04
-2.54833e-04
-5.89355e-04
2.98097e-05
8.97980e-04
9.40663e-04
5.11308e-04
9.45756e-05
-2.79703e-04
-4.73162e-04
-2.92075e-04
-3.37450e-04
-6.80867e-04
-8.62728e-05
9.90180e-04
7.32249e-04
1.23576e-04
1.73522e-04
1.10417e-05
-4.67478e-04
-4.45072e-04
-3.93421e-04
-6.39146e-04
-7.92533e-05
9.83213e-04
7.12832e-04
-1.71200e-04
-4.30272e-04
-6.93255e-04
-8.98782e-04
1.50793e-05
9.60483e-04
4.54148e-04
-2.23772e-04
-3.65854e-04
-6.72618e-04
-5.71401e-04
6.77121e-04
1.38578e-03
6.58394e-04
-2.63131e-04
-7.22489e-04
-6.30127e-04
-6.26162e-04
-6.75914e-04
4.47829e-04
2.03811e-03
2.05897e-03
1.18527e-03
5.46414e-04
7.99800e-04
1.31357e-03
8.05236e-04
5.73694e-04
1.52015e-03
2.03551e-03
1.47060e-03
5.00599e-04
3.15423e-04
1.50238e-03
2.54183e-03
2.65926e-03
2.23861e-03
1.90100e-03
2.13298e-03
2.72720e-03
3.16432e-03
2.84021e-03
1.93098e-03
1.02208e-03
4.17925e-04
2.29660e-04
3.22024e-04
5.74781e-04
8.12634e-04
6.91474e-04
1.19417e-04
-5.36954e-04
-6.96233e-04
-8.37054e-05
-1.65404e-04
-1.25038e-03
-1.34752e-03
-4.72193e-04
-4.75212e-05
-3.99270e-04
-1.21676e-03
-1.49706e-03
-1.18576e-03
-9.62374e-04
-8.76900e-04
-8.60824e-04
-8.81791e-04
-9.36471e-04
-1.05209e-03
-1.25497e-03
-1.52003e-03
-1.72813e-03
-1.60847e-03
-9.16563e-04
-3.80198e-04
-6.84876e-04
-1.28046e-03
-1.72618e-03
-1.89619e-03
-1.57887e-03
-8.05246e-04
-4.48459e-04
-7.55541e-04
-1.05841e-03
-1.17742e-03
-1.17526e-03
-1.11617e-03
-1.05180e-03
-1.00568e-03
-9.83950e-04
-9.81998e-04
-9.96735e-04
-1.02535e-03
-1.06307e-03
-1.08962e-03
-1.06787e-03
-9.45184e-04
-6.93021e-04
-3.48922e-04
-1.22065e-04
-2.33151e-04
-1.33534e-04
1.42044e-04
-6.71242e-04
-1.99332e-03
-1.86298e-03
-1.15034e-03
-9.39708e-04
-1.14505e-03
-1.43760e-03
-1.52321e-03
-1.97120e-03
-2.97217e-03
-3.23040e-03
-2.60813e-03
-2.26723e-03
-2.24753e-03
-2.24083e-03
-2.02256e-03
-1.52637e-03
-9.54634e-04
-8.57120e-04
-1.49957e-03
-1.66844e-03
-1.07388e-03
-8.65281e-04
-1.05494e-03
-1.11461e-03
-1.07115e-03
-1.02142e-03
-1.02052e-03
-1.08585e-03
-1.17603e-03
-1.18580e-03
-9.69565e-04
-4.09981e-04
4.49847e-04
1.24316e-03
1.20901e-03
1.50942e-04
-8.45920e-04
-1.20746e-03
-8.33258e-04
-3.56252e-04
-2.50749e-04
-3.46364e-04
-2.90615e-04
1.42425e-04
1.33051e-04
-5.33285e-04
-1.65968e-04
1.03287e-03
1.04539e-03
5.49332e-04
7.04334e-04
1.43646e-03
2.25140e-03
2.45176e-03
1.94421e-03
1.03279e-03
3.58830e-04
5.73110e-04
1.96873e-03
3.03335e-03
2.14063e-03
4.62375e-04
-6.06423e-04
-3.27672e-04
6.08707e-04
1.04468e-03
1.04835e-03
8.74890e-04
6.87756e-04
5.73860e-04
5.39942e-04
5.47144e-04
5.44873e-04
5.02970e-04
4.39568e-04
4.28423e-04
5.90675e-04
1.02984e-03
1.74537e-03
2.44853e-03
2.60811e-03
2.30885e-03
1.84339e-03
1.62637e-03
1.72935e-03
1.95603e-03
2.14793e-03
2.19864e-03
2.04362e-03
1.67176e-03
1.17916e-03
8.37762e-04
8.11113e-04
6.94666e-04
4.91831e-04
6.70361e-04
9.62863e-04
8.74444e-04
4.41771e-04
-1.69856e-04
-6.92024e-04
-6.28608e-04
1.52284e-04
1.64027e-04
-7.20759e-04
-5.43043e-04
2.83116e-04
2.53574e-04
-2.00512e-04
-5.42317e-04
-6.75906e-04
-4.56498e-04
1.10251e-04
1.16744e-04
-4.32922e-04
2.20765e-04
1.49388e-03
1.28624e-03
3.18338e-04
-4.29390e-04
-9.00706e-04
-8.54979e-04
-2.15950e-05
1.43129e-04
-1.03694e-03
-1.56605e-03
-9.29286e-04
-3.04259e-04
1.57291e-04
4.29660e-04
2.66441e-04
-1.34173e-04
-1.47553e-04
2.38928e-04
7.24877e-04
9.18088e-04
8.79241e-04
1.15264e-03
1.62886e-03
1.79531e-03
1.03755e-03
-6.16219e-05
3.60734e-04
1.73619e-03
2.34563e-03
1.54847e-03
5.48150e-06
-2.78615e-04
5.14411e-04
1.03972e-03
1.16374e-03
9.31204e-04
3.43963e-04
-5.14572e-04
-1.34949e-03
-1.55206e-03
-1.06260e-03
-9.39403e-04
-1.39997e-03
-1.85485e-03
-1.53366e-03
-5.10735e-04
-4.16187e-04
-1.11682e-03
-1.01762e-03
-7.10765e-04
-9.25361e-04
-1.12694e-03
-9.22565e-04
-2.78909e-04
6.72724e-04
1.49191e-03
1.41612e-03
5.98057e-04
1.70188e-04
1.92540e-04
3.95429e-04
6.13594e-04
7.59430e-04
8.21956e-04
8.11733e-04
7.42426e-04
6.09211e-04
4.14223e-04
1.92417e-04
8.49228e-05
1.23177e-04
-4.04806e-04
-1.38622e-03
-1.40485e-03
-6.76751e-04
-3.53677e-04
-3.83116e-04
-5.35713e-04
-6.88012e-04
-7.78025e-04
-8.09781e-04
-8.11707e-04
-8.17153e-04
-8.34380e-04
-8.25889e-04
-7.46746e-04
-5.64307e-04
-3.00163e-04
-7.16002e-05
-1.51163e-04
-7.94129e-04
-1.30601e-03
-1.08704e-03
-7.29556e-04
-6.02390e-04
-6.61083e-04
-7.90658e-04
-8.46962e-04
-6.82282e-04
-2.04093e-04
5.31212e-04
1.17856e-03
1.28163e-03
9.32906e-04
4.42360e-04
2.44956e-04
3.59976e-04
6.36903e-04
9.85210e-04
1.32268e-03
1.52480e-03
1.34316e-03
6.27556e-04
1.83602e-04
5.35926e-04
1.10019e-03
1.50894e-03
1.63384e-03
1.26798e-03
5.36805e-04
3.20519e-04
7.25445e-04
9.90811e-04
8.95061e-04
4.54593e-04
-2.06299e-04
-7.22529e-04
-5.65823e-04
1.46436e-04
7.92701e-04
4.53846e-04
-5.35947e-04
-2.85637e-04
6.65505e-04
6.23160e-04
-1.41949e-04
-6.37835e-04
2.95669e-04
1.74699e-03
1.64707e-03
7.62903e-04
6.94095e-05
-4.14470e-04
-5.70959e-04
-1.51956e-04
3.46753e-04
4.15276e-04
1.06224e-04
-4.10503e-04
-8.88281e-04
-9.46226e-04
-4.02135e-04
1.56942e-04
2.02819e-04
-4.16509e-04
-9.73745e-04
-6.61778e-04
-9.14502e-05
6.34300e-05
-4.33456e-04
-9.36955e-04
-5.74145e-04
4.51704e-05
1.72076e-04
-4.81649e-04
-1.30959e-03
-1.23307e-03
-5.98663e-04
1.15034e-04
8.17456e-04
1.17900e-03
6.65296e-04
-5.22978e-04
-1.63642e-03
-1.52108e-03
-3.23523e-04
4.59909e-04
3.28073e-04
-5.64713e-04
-1.26598e-03
-1.41848e-03
-1.52722e-03
-1.47491e-03
-1.02568e-03
-7.11941e-04
-9.99163e-04
-1.86561e-03
-2.31101e-03
-1.24468e-03
-1.84357e-05
1.56720e-04
-5.00033e-04
-1.39145e-03
-1.75620e-03
-1.37548e-03
-5.14528e-04
-1.30185e-04
-2.81134e-04
-2.87795e-04
-1.39712e-04
-1.09484e-04
-5.21778e-04
-1.03317e-03
-7.19404e-04
-3.76432e-06
2.43080e-04
-3.18764e-04
-1.29423e-03
-1.63700e-03
-1.37040e-03
-1.08324e-03
-1.48999e-03
-2.33658e-03
-2.19062e-03
-1.40192e-03
-1.13283e-03
-5.82316e-04
4.54433e-04
6.89779e-04
1.11240e-04
-2.85440e-04
1.56923e-05
7.33635e-04
3.52453e-04
-9.71655e-04
-1.51423e-03
-1.22778e-03
-5.43080e-04
4.08279e-05
3.15110e-04
3.07518e-04
-9.74051e-05
-8.21580e-04
-9.90924e-04
-4.16406e-04
9.70286e-05
1.21448e-04
-3.47764e-04
-4.52729e-04
3.34421e-05
2.30464e-04
3.19476e-04
8.18950e-04
6.21032e-04
-5.78414e-04
-1.15407e-03
-5.80800e-04
6.07865e-04
1.48087e-03
1.36774e-03
6.27643e-04
4.52528e-05
4.57807e-04
1.09924e-03
1.18409e-03
1.18275e-03
1.35661e-03
1.51183e-03
1.31374e-03
6.99066e-04
4.62299e-04
8.19553e-04
1.06699e-03
9.90677e-04
6.56718e-04
2.18573e-04
-1.95100e-05
3.04381e-04
8.21957e-04
7.35852e-04
-1.32113e-04
-1.20782e-03
-1.10361e-03
-5.55001e-05
4.95828e-04
2.87734e-04
-3.40854e-04
-4.22740e-04
1.56354e-05
9.81568e-05
3.52677e-04
1.07124e-03
1.07762e-03
4.32526e-04
5.51891e-04
8.99899e-04
6.06486e-04
1.95923e-04
2.58647e-04
9.79046e-04
1.59227e-03
1.15203e-03
8.64624e-05
-9.65504e-04
-1.55918e-03
-1.62088e-03
-1.22043e-03
-4.27868e-04
3.88086e-04
5.16685e-04
1.43862e-04
-8.15830e-05
-3.10373e-04
-4.92391e-04
6.91527e-05
9.33912e-04
8.08153e-04
-1.24694e-04
-9.85685e-04
-5.87001e-04
6.83024e-04
1.09108e-03
8.15433e-04
3.88531e-04
-2.11992e-04
-3.38474e-04
1.06900e-03
2.57446e-03
2.41832e-03
1.26204e-03
1.40674e-04
-9.19056e-05
1.76473e-04
3.58619e-04
6.09467e-04
7.21352e-04
3.48868e-05
-6.45168e-04
-2.95583e-04
-7.03367e-05
-4.65202e-04
-4.30011e-04
2.47347e-05
2.22958e-04
-7.47259e-06
-3.04079e-04
2.21994e-04
1.16142e-03
1.30242e-03
7.29745e-04
4.52486e-06
-1.01366e-04
1.42939e-04
-6.68920e-05
1.67041e-04
1.12496e-03
1.10280e-03
2.34999e-04
2.24266e-04
6.51861e-04
6.51387e-04
-6.76360e-05
-8.63702e-04
-5.11507e-04
7.01748e-06
-3.27930e-04
-5.82959e-04
-3.96719e-04
-3.44599e-04
-5.19981e-04
-8.17348e-04
-1.08978e-03
-1.07879e-03
-5.46411e-04
-1.37536e-04
-5.75164e-04
-1.18297e-03
-1.23010e-03
-4.46514e-04
4.72504e-04
5.12412e-04
-5.18646e-05
-4.87762e-04
3.60222e-05
9.95509e-04
1.18768e-03
7.42597e-04
2.78033e-04
5.63374e-04
1.14390e-03
9.18613e-04
3.43846e-04
1.26783e-04
5.47494e-04
1.11348e-03
9.02045e-04
5.39447e-04
4.68133e-04
-7.60390e-05
-7.62968e-04
-3.74381e-04
7.73694e-05
-3.40201e-04
-6.38026e-04
-4.53826e-04
-2.90680e-04
-1.73638e-04
-2.24308e-05
1.40754e-04
1.54991e-04
-1.70605e-04
-2.11323e-04
6.01451e-04
1.29398e-03
1.20353e-03
6.22668e-04
2.08692e-04
5.41495e-04
7.34372e-04
3.85168e-04
2.78148e-04
2.46698e-04
-2.94486e-04
-2.41598e-04
8.65997e-04
1.52602e-03
1.22896e-03
5.52620e-04
3.76123e-04
1.07582e-03
1.65607e-03
1.74144e-03
1.71384e-03
1.31389e-03
4.28594e-04
-1.25675e-04
1.84197e-05
4.37259e-04
5.03327e-04
-4.09191e-05
5.51777e-05
1.00632e-03
1.23756e-03
5.70025e-04
-1.92836e-04
3.73967e-05
1.19989e-03
1.39357e-03
7.51783e-04
6.58719e-04
3.89901e-04
-5.12054e-04
-1.05417e-03
-8.19789e-04
-7.17764e-05
6.56754e-04
7.92537e-04
1.56113e-04
-7.45887e-04
-9.36385e-04
-7.50878e-04
-7.86864e-04
-9.49641e-04
-9.00686e-04
-3.04319e-04
2.61241e-04
1.27742e-05
-5.54253e-04
-1.00149e-03
-1.27398e-03
-1.20819e-03
-7.09174e-04
-4.84535e-04
-7.23112e-04
-5.13821e-04
-1.04823e-04
-4.64160e-04
-1.07812e-03
-1.24180e-03
-7.25031e-04
-7.35569e-05
-2.97566e-04
-9.25927e-04
-1.17234e-03
-7.34676e-04
-8.83174e-05
-2.56653e-04
-8.84738e-04
-1.17642e-03
-8.63105e-04
-3.55813e-04
-6.00729e-04
-1.16533e-03
-1.27684e-03
-1.45161e-03
-1.51058e-03
-2.59655e-04
1.29733e-03
1.14860e-03
-1.18025e-04
-1.39581e-03
-1.82921e-03
-1.47359e-03
-9.86142e-04
-1.12451e-03
-1.87912e-03
-1.83036e-03
-1.03774e-03
-8.66725e-04
-7.06504e-04
-1.27457e-04
-2.28774e-04
-9.07877e-04
-7.68946e-04
-4.00852e-04
-7.10443e-04
-1.16640e-03
-1.16905e-03
-4.69558e-04
2.68839e-04
1.97330e-04
-2.29118e-04
-6.08257e-04
-9.61665e-04
-1.23881e-03
-1.21248e-03
-5.11420e-04
7.29536e-04
1.52559e-03
1.52346e-03
8.69381e-04
-1.92964e-04
-1.07386e-03
-7.96086e-04
9.52921e-05
-1.07155e-05
-4.73256e-04
-4.20257e-04
-1.96545e-04
-2.18564e-05
1.67543e-04
3.47330e-04
3.36990e-04
-1.34243e-04
-7.46849e-04
-5.53296e-04
1.75725e-04
5.98829e-04
3.98267e-04
-1.45727e-04
-1.83977e-04
-4.38489e-05
-4.53439e-04
-5.68362e-04
1.47331e-04
1.03805e-03
1.47626e-03
1.00502e-03
-2.53025e-05
-7.90033e-04
-1.63617e-04
1.29680e-03
1.66511e-03
9.24660e-04
-1.61800e-04
-5.41408e-04
8.99835e-05
1.10389e-03
1.38999e-03
3.38349e-04
-4.68238e-04
-7.66936e-05
1.03215e-03
1.74303e-03
1.14685e-03
4.96662e-04
4.43369e-04
1.83669e-04
1.08729e-04
9.94828e-04
1.22443e-03
4.80493e-05
-8.42325e-04
-7.77076e-04
-5.72836e-05
7.04688e-04
8.88107e-04
2.72160e-04
-6.25201e-04
-7.91046e-04
-6.00080e-04
-6.08768e-04
-7.15300e-04
-6.13525e-04
-4.55681e-05
2.76316e-04
-3.96308e-04
-1.44147e-03
-2.09739e-03
-1.84391e-03
-8.21746e-04
2.81912e-04
3.73193e-04
-6.38249e-04
-1.25050e-03
-1.48823e-03
-1.98924e-03
-1.71319e-03
-3.44620e-04
5.54956e-04
5.30211e-04
2.80181e-05
-3.67083e-04
-3.07439e-04
1.48395e-06
1.97266e-04
1.65173e-05
1.62716e-04
1.00089e-03
1.52035e-03
1.31301e-03
7.83671e-04
6.32666e-04
1.13862e-03
1.27805e-03
8.05621e-04
4.95865e-04
7.41164e-04
1.49045e-03
1.85269e-03
1.57792e-03
1.28938e-03
1.08965e-03
8.77159e-04
6.15889e-04
4.32502e-04
5.62156e-04
5.49316e-04
3.92936e-05
2.26493e-04
1.28300e-03
1.58459e-03
8.35974e-04
-2.37659e-04
-5.28341e-04
8.32751e-05
8.01845e-05
-4.31323e-04
-3.55543e-04
1.86217e-05
3.06271e-04
5.43701e-04
6.43158e-04
4.63208e-04
6.67564e-04
1.35131e-03
1.24690e-03
6.04561e-04
9.05949e-04
1.47038e-03
1.52290e-03
1.53111e-03
1.70447e-03
1.83488e-03
1.60876e-03
1.06810e-03
1.06119e-03
1.70014e-03
2.16123e-03
2.00630e-03
1.24949e-03
7.53197e-04
7.71465e-04
7.35879e-04
6.86118e-04
7.59580e-04
4.20221e-04
-4.74162e-05
6.61243e-04
1.75856e-03
1.54629e-03
2.30426e-04
-1.21850e-03
-1.47209e-03
-8.49862e-04
-4.50707e-04
-2.00634e-05
4.47287e-04
1.82282e-04
-5.88811e-04
-9.68110e-04
-6.59293e-04
4.31069e-05
1.13950e-04
-4.94553e-04
-9.67802e-04
-1.00215e-03
-7.19312e-04
-8.72189e-04
-1.12623e-03
-4.07685e-04
-8.88236e-05
-1.26322e-03
-2.33790e-03
-2.37711e-03
-1.58958e-03
-5.15355e-04
1.68717e-04
1.16013e-04
-6.06329e-04
-1.45774e-03
-1.49941e-03
-2.55157e-04
4.29660e-04
-2.18425e-04
-8.70652e-04
-8.89395e-04
-2.68747e-04
6.72529e-05
-3.35254e-04
-7.76320e-04
-7.62236e-04
-1.66510e-04
1.54162e-04
-3.06993e-04
-8.58016e-04
-9.01629e-04
-2.19321e-04
3.85471e-04
2.60130e-04
-7.24153e-05
-3.10215e-04
-5.23089e-04
-7.60110e-04
-9.38742e-04
-8.39660e-04
-7.14044e-04
-1.21098e-03
-1.47326e-03
-5.67488e-04
1.50637e-04
-2.17533e-04
-1.13892e-03
-1.55690e-03
-6.50742e-04
2.46183e-06
-3.52736e-04
-3.13748e-04
5.11511e-05
-2.87211e-04
-8.81799e-04
-1.07018e-03
-6.28179e-04
-8.25022e-05
-3.45822e-04
-7.78085e-04
-8.12877e-04
-1.07570e-03
-1.25828e-03
-2.46228e-04
6.82199e-04
1.02249e-04
-8.35026e-04
-1.09757e-03
-4.83178e-04
2.45803e-04
2.26169e-04
-7.74379e-05
-2.24713e-04
-2.28143e-04
-1.58196e-04
-8.84956e-05
-8.64314e-05
-1.97606e-04
-4.20443e-04
-6.72105e-04
-7.59161e-04
-4.01386e-04
2.58570e-04
2.90620e-04
-3.46072e-04
-8.66313e-04
-9.96989e-04
-8.55647e-04
-1.17196e-03
-1.58755e-03
-8.18586e-04
1.55257e-04
-7.34951e-05
-1.09915e-03
-1.87209e-03
-1.20039e-03
-8.92393e-05
-1.87051e-04
-1.17197e-03
-1.96748e-03
-1.29601e-03
9.09266e-05
4.59579e-04
-7.70517e-05
-8.57314e-04
-1.08598e-03
-1.08602e-03
-1.66531e-03
-1.84383e-03
-1.09243e-03
-6.82713e-04
-6.68600e-04
-1.50044e-04
1.15666e-04
-4.66810e-04
-5.92285e-04
-4.13864e-05
6.29161e-05
-2.00019e-04
-3.07243e-04
-2.62982e-04
-1.18856e-04
1.05604e-04
3.70505e-04
5.64711e-04
4.92738e-04
3.38027e-04
8.73132e-04
1.58022e-03
1.19446e-03
8.33596e-04
1.38936e-03
1.87857e-03
1.94765e-03
1.97322e-03
1.70382e-03
1.05986e-03
8.32742e-04
1.21813e-03
1.56244e-03
1.68380e-03
1.62521e-03
1.41564e-03
1.09591e-03
7.45062e-04
5.78773e-04
7.69854e-04
7.11343e-04
3.41077e-04
8.27829e-04
1.60630e-03
8.96532e-04
-9.53225e-05
7.04558e-05
1.02543e-03
1.70930e-03
8.88377e-04
-3.55032e-04
-4.24845e-04
4.76972e-04
1.51064e-03
1.59946e-03
7.80209e-04
-1.60784e-04
-7.72522e-05
1.09321e-03
1.60620e-03
9.69038e-04
-1.33999e-04
-5.35996e-04
2.32550e-04
8.00873e-04
9.25858e-04
1.39832e-03
1.40398e-03
3.33835e-04
-3.28941e-04
1.54233e-04
1.15466e-03
1.53937e-03
5.44556e-04
-2.83334e-04
1.57408e-04
1.41799e-03
2.35831e-03
1.77565e-03
7.10420e-04
2.95605e-04
7.26525e-04
1.36837e-03
1.19692e-03
8.09751e-04
7.17742e-04
2.84311e-04
-1.20420e-04
7.26665e-04
1.77172e-03
1.51753e-03
2.80738e-04
-8.87970e-04
-6.83461e-04
2.67896e-04
5.73409e-04
3.49355e-05
-7.42460e-04
-5.08618e-04
1.45888e-04
-3.93522e-04
-1.50854e-03
-2.06615e-03
-1.27073e-03
2.81953e-04
8.74142e-04
6.16548e-04
8.56648e-05
-1.67726e-04
-5.87161e-06
2.47283e-04
1.76787e-04
-2.97081e-04
-3.35450e-04
2.66432e-04
7.22822e-04
5.93703e-04
-1.44200e-04
-6.13410e-04
-4.00947e-04
-1.01941e-04
1.09777e-04
3.20725e-04
5.71801e-04
7.58277e-04
6.49337e-04
6.28075e-04
1.22943e-03
1.26708e-03
1.22309e-04
-7.91384e-04
-9.13752e-04
-6.33197e-04
-4.27314e-04
-5.22826e-04
-4.99424e-04
-4.36779e-04
-8.96382e-04
-9.83283e-04
-6.82581e-05
1.83729e-04
-6.37336e-04
-1.05245e-03
-1.20829e-03
-1.62262e-03
-1.26291e-03
-9.02200e-05
1.99248e-04
-7.10618e-04
-2.06143e-03
-2.58686e-03
-1.81103e-03
-9.14225e-04
-4.99152e-04
-5.72694e-04
-3.24898e-04
4.00228e-04
2.82418e-04
-6.97581e-04
-1.24690e-03
-1.09371e-03
-4.74589e-04
-2.67614e-04
-4.50387e-04
-1.18744e-04
2.03147e-04
-2.22508e-04
-8.12732e-04
-9.87161e-04
-5.48767e-04
-1.27280e-04
-4.30938e-04
-7.20803e-04
-7.10697e-04
-1.07388e-03
-1.24070e-03
-2.90767e-04
2.67355e-04
-3.66507e-04
-7.96090e-04
-9.41008e-04
-1.57019e-03
-1.79647e-03
-1.14578e-03
-9.55547e-04
-1.31069e-03
-1.15850e-03
-8.71962e-04
-8.44847e-04
-3.58265e-04
3.06939e-04
-1.50239e-04
-9.92437e-04
-1.14500e-03
-1.30780e-03
-1.44646e-03
-5.01157e-04
5.17524e-04
1.03306e-04
-5.91556e-04
-9.39342e-04
-1.71346e-03
-2.37182e-03
-1.75890e-03
-8.06829e-04
-4.87407e-04
-8.41476e-04
-1.12332e-03
-4.17354e-04
4.53419e-04
5.59657e-04
-8.42205e-05
-1.11005e-03
-1.86028e-03
-1.98423e-03
-1.29817e-03
-1.20254e-04
7.25449e-04
2.33371e-04
-4.57264e-04
-2.84366e-04
-4.43667e-05
5.32268e-07
3.94227e-04
1.08074e-03
1.61306e-03
1.36712e-03
7.00254e-04
9.22189e-04
1.52196e-03
1.55355e-03
1.33956e-03
1.16165e-03
9.74697e-04
7.88262e-04
7.40893e-04
1.06097e-03
1.51493e-03
1.28236e-03
6.84281e-04
5.17593e-04
3.00290e-04
9.83729e-05
1.05868e-03
2.46189e-03
2.54794e-03
2.06264e-03
1.68381e-03
1.06369e-03
4.97125e-04
7.82169e-04
1.43386e-03
1.90040e-03
2.11663e-03
1.95753e-03
1.31587e-03
9.36031e-04
1.33802e-03
1.86247e-03
1.93008e-03
1.35603e-03
8.83799e-04
1.18719e-03
1.76532e-03
2.12562e-03
2.08457e-03
2.15272e-03
2.58411e-03
2.23827e-03
1.04183e-03
4.52540e-04
6.21120e-04
1.10867e-03
1.39396e-03
1.24022e-03
8.45676e-04
5.37324e-04
4.98541e-04
2.16032e-04
-1.62280e-04
4.79236e-04
1.50115e-03
1.34534e-03
1.93245e-04
-1.09776e-03
-1.36109e-03
-8.16458e-04
-4.71633e-04
-1.17065e-04
2.94387e-04
1.03915e-04
-5.42292e-04
-8.53042e-04
-5.87620e-04
-3.60196e-06
-1.94878e-05
-7.51985e-04
-1.46633e-03
-1.71518e-03
-1.26527e-03
-4.46017e-04
-2.66566e-05
-8.62362e-04
-1.75693e-03
-1.51712e-03
-1.17321e-03
-1.07426e-03
-4.73449e-04
1.71416e-04
-1.68894e-05
-8.57512e-04
-1.73274e-03
-1.76872e-03
-9.59596e-04
4.80302e-05
2.93684e-04
-4.36987e-04
-9.21468e-04
-1.06218e-03
-1.48778e-03
-1.39957e-03
-4.12880e-04
2.25843e-04
5.10137e-05
-4.79079e-04
-6.57110e-04
-1.50733e-04
1.90100e-04
-1.78424e-05
-4.15783e-04
-9.40221e-04
-1.51156e-03
-1.80387e-03
-1.61940e-03
-1.07447e-03
-5.10421e-04
-4.03632e-04
-8.53991e-04
-1.55916e-03
-1.73733e-03
-1.42156e-03
-1.19607e-03
-1.14288e-03
-1.23321e-03
-1.42784e-03
-1.64429e-03
-1.74487e-03
-1.52860e-03
-1.05027e-03
-1.00220e-03
-1.47738e-03
-1.83105e-03
-1.70781e-03
-1.10137e-03
-6.83560e-04
-7.04890e-04
-7.45594e-04
-8.07354e-04
-9.92989e-04
-7.91775e-04
-1.88686e-04
-7.14791e-05
-6.00825e-04
-1.26593e-03
-1.19918e-03
-1.77724e-04
5.66896e-04
5.19025e-04
-3.86635e-05
-6.25327e-04
-7.47127e-04
-2.70771e-04
3.92005e-04
4.43535e-04
4.81949e-05
-3.26518e-04
-5.76318e-04
-5.52323e-04
-7.01507e-05
4.49761e-04
4.37852e-04
2.90437e-04
3.23487e-04
4.26806e-04
3.51308e-04
-6.70202e-05
-2.71518e-04
7.54705e-05
5.30191e-04
7.63186e-04
6.74213e-04
7.52139e-04
1.14365e-03
9.85206e-04
3.63694e-04
3.48288e-04
7.02082e-04
8.30674e-04
5.74000e-04
3.05825e-04
7.68685e-04
1.18856e-03
5.26340e-04
-2.71011e-04
-4.20996e-04
-5.54403e-05
4.73717e-04
7.12251e-04
5.88594e-04
3.22086e-04
4.99696e-04
9.67658e-04
9.20661e-04
3.91536e-04
-1.23627e-04
8.27208e-05
8.73902e-04
1.10536e-03
6.37425e-04
3.37820e-06
-3.03207e-06
7.52136e-04
1.23152e-03
1.10700e-03
7.18047e-04
5.91822e-04
9.42353e-04
1.13851e-03
9.56088e-04
7.51232e-04
5.93413e-04
4.97180e-04
5.43482e-04
5.60698e-04
1.02960e-04
-3.87794e-04
-7.05950e-05
4.99209e-04
6.55619e-04
3.10554e-04
-1.48174e-04
-7.57838e-05
2.88231e-04
4.64758e-04
2.79710e-04
-4.77607e-05
3.67157e-05
3.34369e-04
4.25371e-04
6.75947e-04
1.08162e-03
8.88338e-04
2.97030e-04
1.71645e-04
1.53219e-04
2.98354e-05
4.13353e-04
1.07629e-03
9.83237e-04
5.78616e-04
5.70828e-04
5.26526e-04
2.75735e-04
2.69504e-04
3.65055e-04
2.18859e-04
3.68445e-04
9.29183e-04
9.37187e-04
4.04762e-04
1.74645e-04
3.15664e-05
-2.13507e-04
5.62264e-05
8.13761e-04
1.16400e-03
9.85598e-04
5.38060e-04
1.62773e-04
1.37597e-04
5.07686e-04
8.82609e-04
6.87321e-04
1.76519e-04
-2.11160e-04
-2.13582e-04
1.86835e-04
7.05695e-04
8.23683e-04
2.22383e-04
-3.29092e-04
-3.45478e-04
-4.12728e-05
1.78042e-04
-3.22928e-05
-2.44950e-04
-1.56283e-04
-4.66584e-05
-8.28603e-05
-2.76378e-04
-5.87953e-04
-8.81883e-04
-9.12294e-04
-5.91028e-04
-9.27071e-05
1.72360e-04
-1.22591e-04
-3.33894e-04
-1.61887e-04
-6.93188e-05
-1.10302e-04
-3.73483e-05
9.12368e-05
1.29223e-04
-6.19814e-05
-3.03928e-04
-1.78382e-04
1.28024e-04
2.54796e-04
7.12831e-05
-2.66770e-04
-3.37076e-04
-1.95046e-04
-1.09085e-04
-7.48046e-05
-4.03156e-05
2.48643e-05
1.13090e-04
1.58923e-04
4.23794e-05
-2.29985e-04
-3.32969e-04
-2.23007e-04
-1.78747e-04
-2.47372e-04
-3.42535e-04
-3.39402e-04
-2.82015e-04
-4.23307e-04
-5.26354e-04
-1.82675e-04
4.98095e-05
-1.87623e-04
-3.80668e-04
-4.27101e-04
-6.05257e-04
-6.23593e-04
-2.38250e-04
2.36479e-05
-1.29251e-04
-4.88130e-04
-6.58055e-04
-3.26909e-04
-6.56508e-06
-9.91551e-05
-4.50379e-04
-6.81038e-04
-3.75371e-04
3.73638e-05
1.02909e-04
-7.60582e-05
-2.51258e-04
-1.62655e-04
-1.96372e-05
-1.10301e-04
-2.67715e-04
-2.89489e-04
-9.68878e-05
1.29726e-04
1.04795e-04
-2.46468e-05
-9.14414e-05
-8.92945e-05
-3.19563e-05
6.15441e-05
1.56321e-04
1.86543e-04
6.72884e-05
-1.20770e-04
-1.38138e-04
-6.89658e-05
-1.13329e-04
-2.61279e-04
-4.05414e-04
-3.87924e-04
-1.85950e-04
7.43344e-05
1.45396e-04
-7.03222e-05
-2.16154e-04
-2.11649e-04
-2.75030e-04
-2.66669e-04
-5.49222e-05
-2.47216e-05
-2.62481e-04
-3.52482e-04
-1.99691e-04
4.04042e-05
1.09638e-04
-6.54302e-05
-1.65032e-04
-1.51312e-04
-2.10099e-04
-1.92995e-04
-1.19183e-05
-1.43464e-05
-2.29502e-04
-2.76484e-04
-1.03359e-04
1.36665e-04
2.02891e-04
2.95566e-05
-1.28838e-04
-1.43553e-04
-1.40598e-05
8.28250e-05
3.09965e-05
-5.19097e-05
-6.49769e-05
1.99630e-05
6.97135e-05
-3.94863e-05
-1.79692e-04
-1.94925e-04
-1.45357e-06
2.01746e-04
1.29000e-04
-4.19474e-05
-1.08287e-04
-3.07767e-05
9.68824e-05
1.10921e-04
6.43034e-05
4.17350e-05
4.09862e-05
4.67892e-05
4.49629e-05
2.61002e-05
-8.95089e-06
-4.35053e-05
-4.10331e-05
3.99864e-05
1.34760e-04
1.22981e-04
6.39978e-05
2.30627e-05
-4.61582e-06
-2.46392e-05
-2.89753e-05
6.65916e-06
7.93619e-05
9.50387e-05
3.24380e-05
-2.10177e-05
-1.71591e-05
4.82275e-05
8.07841e-05
3.49166e-05
-1.57033e-05
-1.65614e-05
5.03746e-05
1.04767e-04
8.08238e-05
2.97667e-05
-8.65796e-06
-2.42567e-05
7.04742e-07
6.69133e-05
1.02214e-04
7.77862e-05
4.74794e-05
3.27615e-05
3.03343e-05
3.68075e-05
5.02977e-05
6.93105e-05
8.88741e-05
9.74812e-05
7.58829e-05
2.37933e-05
-4.31725e-07
2.13921e-05
4.64443e-05
6.45700e-05
7.96540e-05
8.93524e-05
8.20852e-05
4.19899e-05
-1.80274e-06
7.68790e-06
4.31378e-05
6.90888e-05
8.05174e-05
7.04391e-05
3.25848e-05
5.18645e-06
2.77242e-05
6.95031e-05
9.55858e-05
8.80099e-05
5.90608e-05
3.47162e-05
1.38839e-05
-1.92827e-06
-1.74344e-06
8.37327e-06
1.14676e-05
1.95716e-05
3.90282e-05
4.30750e-05
2.73915e-05
1.75692e-05
1.99323e-05
2.98501e-05
4.01088e-05
4.04663e-05
2.13452e-05
-1.18874e-06
3.08887e-06
2.07522e-05
3.42076e-05
4.08843e-05
3.63876e-05
1.60713e-05
-2.00616e-06
7.96994e-07
1.09732e-05
1.80809e-05
2.31753e-05
2.70262e-05
2.74641e-05
1.93983e-05
5.34763e-06
9.26490e-07
3.73946e-06
-1.23198e-06
-1.37167e-05
-2.44656e-05
-2.00057e-05
-2.95326e-06
6.54766e-06
3.11373e-06
-9.83071e-06
-1.71838e-05
-1.22500e-05
-4.67676e-06
6.44478e-07
2.11668e-06
-2.25986e-06
-9.76949e-06
-9.02009e-06
9.93861e-07
1.06117e-05
1.42245e-05
9.07320e-06
-5.00630e-07
-6.00859e-06
1.63301e-06
1.23460e-05
1.09763e-05
8.03068e-06
1.00579e-05
9.41013e-06
5.14629e-06
2.19860e-06
1.86407e-06
3.11467e-06
1.41281e-06
-9.79812e-07
3.50293e-06
9.64207e-06
9.01209e-06
3.60321e-06
-1.96159e-06
-2.75180e-06
1.08940e-06
5.99692e-06
7.22615e-06
3.59696e-06
1.04834e-06
6.73511e-07
-3.51206e-07
3.14966e-07
4.08625e-06
5.59237e-06
3.25699e-06
8.14957e-07
-5.87136e-07
-1.03413e-06
-4.02210e-07
6.27351e-07
2.91847e-07
-7.91936e-07
-7.46998e-07
-7.31069e-07
-1.61991e-06
-2.13995e-06
-2.33011e-06
-3.30591e-06
-4.05260e-06
-3.48938e-06
-3.16184e-06
-3.64440e-06
-3.87295e-06
-3.99143e-06
-4.63374e-06
-5.04053e-06
-4.77836e-06
-4.41742e-06
-4.38236e-06
-4.86489e-06
-5.58961e-06
-6.10509e-06
-5.95863e-06
-5.48628e-06
-5.63979e-06
-6.29691e-06
-6.93800e-06
-7.29277e-06
-7.36322e-06
-7.44668e-06
-7.70416e-06
-8.14540e-06
-8.55507e-06
-8.79256e-06
-8.94810e-06
-9.13628e-06
-9.43094e-06
-9.69342e-06
-9.82507e-06
-9.98054e-06
-1.02289e-05
-1.05102e-05
-1.07624e-05
-1.09537e-05
-1.11497e-05
-1.13809e-05
-1.16152e-05
-1.18321e-05
-1.20250e-05
-1.22070e-05
-1.23915e-05
-1.25872e-05
-1.27872e-05
-1.29784e-05
-1.31681e-05
-1.33621e-05
-1.35495e-05
-1.37280e-05
-1.39031e-05
-1.40787e-05
-1.42556e-05
-1.44297e-05
-1.45999e-05
-1.47675e-05
-1.49326e-05
-1.50952e-05
-1.52556e-05
-1.54139e-05
-1.55699e-05
-1.57235e-05
-1.58749e-05
-1.60240e-05
-1.61710e-05
