9.48099e-06
9.48988e-06
9.49410e-06
9.50306e-06
9.50989e-06
9.52135e-06
9.53063e-06
9.53814e-06
9.55795e-06
9.56247e-06
9.56317e-06
9.57685e-06
9.59257e-06
9.60808e-06
9.63508e-06
9.65927e-06
9.65794e-06
9.64097e-06
9.65055e-06
9.71377e-06
9.74790e-06
9.74588e-06
9.76440e-06
9.79852e-06
9.78019e-06
9.74087e-06
9.80720e-06
9.85602e-06
9.89464e-06
9.91317e-06
9.84434e-06
9.87639e-06
9.94237e-06
9.98661e-06
9.93613e-06
9.98838e-06
1.02265e-05
1.00810e-05
9.95460e-06
1.01295e-05
1.03010e-05
1.02691e-05
1.01364e-05
1.03143e-05
1.02433e-05
1.01746e-05
1.04464e-05
1.03472e-05
1.03327e-05
1.02036e-05
1.02268e-05
1.05632e-05
1.05622e-05
1.05073e-05
1.04746e-05
1.03889e-05
1.03900e-05
1.07398e-05
1.07217e-05
1.07192e-05
1.10875e-05
1.06230e-05
1.05538e-05
1.08013e-05
1.11010e-05
1.12162e-05
1.07215e-05
1.10776e-05
1.11844e-05
1.08226e-05
1.07291e-05
1.08459e-05
1.12470e-05
1.08134e-05
1.09138e-05
1.14000e-05
1.08905e-05
1.07795e-05
1.11381e-05
1.12094e-05
1.10541e-05
1.11271e-05
1.16582e-05
1.16942e-05
1.10083e-05
1.09320e-05
1.10817e-05
1.09181e-05
1.17057e-05
1.20689e-05
1.13886e-05
1.10178e-05
1.19604e-05
1.22573e-05
1.07241e-05
1.10714e-05
1.17643e-05
1.18174e-05
1.18594e-05
1.08324e-05
1.14593e-05
1.14947e-05
1.11792e-05
1.21417e-05
1.24187e-05
1.24151e-05
1.15809e-05
1.14426e-05
1.15879e-05
1.09252e-05
1.18551e-05
1.28364e-05
1.18978e-05
1.12552e-05
1.19271e-05
1.12538e-05
1.05097e-05
1.23953e-05
1.34128e-05
1.28045e-05
1.20002e-05
1.09826e-05
1.07052e-05
1.14433e-05
1.18439e-05
1.28291e-05
1.29260e-05
1.12583e-05
1.20661e-05
1.22353e-05
1.05384e-05
1.23506e-05
1.28366e-05
1.25210e-05
1.21531e-05
1.12318e-05
1.27058e-05
1.20952e-05
1.24145e-05
1.27256e-05
1.15090e-05
1.22363e-05
1.13454e-05
1.18959e-05
1.22525e-05
1.21728e-05
1.33482e-05
1.13829e-05
9.87608e-06
1.06721e-05
1.31303e-05
1.31163e-05
1.19484e-05
1.34968e-05
1.28558e-05
1.11597e-05
9.99869e-06
9.56687e-06
1.10463e-05
1.19150e-05
1.27447e-05
1.25795e-05
1.09407e-05
9.98905e-06
1.02657e-05
1.12669e-05
1.10873e-05
1.16896e-05
1.33358e-05
1.24016e-05
1.15706e-05
1.03736e-05
8.93416e-06
1.10756e-05
1.17272e-05
1.20250e-05
1.29374e-05
1.24676e-05
1.30423e-05
1.09883e-05
9.04733e-06
1.01665e-05
1.10251e-05
1.09218e-05
9.83255e-06
1.17324e-05
1.34381e-05
1.07403e-05
8.97627e-06
8.38111e-06
9.77465e-06
1.15505e-05
1.01952e-05
9.35960e-06
1.10080e-05
9.94635e-06
6.26966e-06
8.06003e-06
1.08934e-05
9.66492e-06
9.16782e-06
1.00771e-05
9.59661e-06
8.30985e-06
8.63690e-06
9.10917e-06
8.46739e-06
8.29728e-06
6.18569e-06
7.73409e-06
1.09052e-05
8.58702e-06
7.80471e-06
8.97545e-06
9.10108e-06
8.75965e-06
7.38538e-06
7.25742e-06
9.54245e-06
1.02735e-05
6.92540e-06
4.78245e-06
5.79140e-06
7.41568e-06
6.16675e-06
7.00815e-06
9.67460e-06
6.53992e-06
5.85780e-06
4.37359e-06
3.15365e-06
6.79349e-06
7.46740e-06
7.24225e-06
5.52462e-06
4.44765e-06
4.24800e-06
3.70911e-06
5.82390e-06
5.50170e-06
4.13492e-06
4.22681e-06
5.28151e-06
5.09115e-06
3.06469e-06
3.58322e-06
3.92192e-06
1.05109e-06
4.56149e-07
4.07680e-06
3.74555e-06
3.79829e-06
3.58035e-06
1.78695e-06
3.46920e-06
1.90143e-06
1.81524e-07
1.74528e-06
4.06181e-06
3.58893e-06
1.23032e-06
-5.81398e-07
-2.91735e-06
5.73454e-07
1.40095e-06
-1.50959e-06
-5.46212e-07
-6.56208e-07
-6.67633e-07
-1.36693e-06
-1.55875e-06
-2.30858e-08
-9.70810e-07
-1.97413e-06
-3.65656e-07
-6.39895e-07
-3.86231e-06
-2.59352e-06
-2.02953e-06
-3.75814e-06
-3.28331e-06
-3.17256e-06
-2.68939e-06
-3.66086e-06
-3.62243e-06
-3.92552e-06
-5.85842e-06
-5.98031e-06
-8.44044e-06
-6.40069e-06
-4.06762e-06
-4.98797e-06
-4.86039e-06
-7.03657e-06
-6.09848e-06
-7.35082e-06
-8.32837e-06
-7.68471e-06
-1.06387e-05
-7.38266e-06
-5.48329e-06
-8.37274e-06
-8.89427e-06
-6.00214e-06
-6.31140e-06
-1.09240e-05
-1.20721e-05
-9.85843e-06
-7.39046e-06
-9.60621e-06
-8.64256e-06
-8.91957e-06
-1.11705e-05
-1.02973e-05
-1.22183e-05
-1.10437e-05
-1.17817e-05
-1.27895e-05
-1.07975e-05
-1.17108e-05
-1.36931e-05
-1.58927e-05
-1.26137e-05
-1.25877e-05
-1.46255e-05
-1.29273e-05
-1.33205e-05
-1.39845e-05
-1.70288e-05
-1.60191e-05
-1.45179e-05
-1.67523e-05
-1.53175e-05
-1.62950e-05
-1.68258e-05
-1.58551e-05
-1.78325e-05
-1.95476e-05
-2.09816e-05
-1.71732e-05
-1.68985e-05
-1.91914e-05
-1.72293e-05
-1.81820e-05
-1.92958e-05
-2.08661e-05
-2.26675e-05
-2.08816e-05
-2.06343e-05
-2.08368e-05
-1.93929e-05
-2.11241e-05
-1.98613e-05
-2.20375e-05
-2.62911e-05
-2.18192e-05
-2.45678e-05
-2.55789e-05
-2.16028e-05
-2.36966e-05
-2.05308e-05
-2.30376e-05
-2.82642e-05
-2.65133e-05
-2.48686e-05
-2.46946e-05
-2.48852e-05
-2.31412e-05
-2.25357e-05
-2.52502e-05
-2.93426e-05
-2.54524e-05
-2.37079e-05
-3.00764e-05
-3.07810e-05
-2.96036e-05
-2.57445e-05
-2.58124e-05
-3.00940e-05
-2.89867e-05
-3.01163e-05
-2.86543e-05
-2.89104e-05
-3.11662e-05
-3.00026e-05
-3.14085e-05
-3.04819e-05
-3.06868e-05
-2.98379e-05
-3.02671e-05
-3.41779e-05
-2.97362e-05
-2.98108e-05
-3.06379e-05
-3.33634e-05
-3.70166e-05
-3.15797e-05
-3.39315e-05
-3.21658e-05
-3.07290e-05
-3.53639e-05
-3.18013e-05
-3.56792e-05
-3.49940e-05
-3.29764e-05
-3.63709e-05
-3.48424e-05
-3.76477e-05
-3.49653e-05
-3.56932e-05
-3.73493e-05
-3.52793e-05
-4.06642e-05
-3.77718e-05
-3.84346e-05
-4.01458e-05
-3.53705e-05
-3.66473e-05
-3.76396e-05
-4.13656e-05
-4.00587e-05
-3.93692e-05
-4.19383e-05
-3.61952e-05
-3.96150e-05
-4.16983e-05
-4.02340e-05
-4.38685e-05
-4.12147e-05
-4.09896e-05
-3.89267e-05
-3.89606e-05
-4.26243e-05
-4.23356e-05
-4.69887e-05
-4.36902e-05
-4.23775e-05
-4.46991e-05
-3.94873e-05
-4.25251e-05
-4.23744e-05
-4.46842e-05
-4.96699e-05
-4.56894e-05
-4.45919e-05
-4.26340e-05
-4.45593e-05
-4.63219e-05
-4.52834e-05
-4.66596e-05
-4.61828e-05
-4.65324e-05
-4.60095e-05
-4.56402e-05
-4.50393e-05
-4.60592e-05
-4.84933e-05
-4.82732e-05
-4.85554e-05
-4.86144e-05
-5.15395e-05
-4.86122e-05
-4.51940e-05
-4.86360e-05
-4.76082e-05
-4.61408e-05
-4.86850e-05
-5.17093e-05
-5.02645e-05
-4.97500e-05
-5.23405e-05
-4.95515e-05
-4.95508e-05
-4.87230e-05
-4.86511e-05
-4.97084e-05
-4.87322e-05
-5.33976e-05
-5.25822e-05
-5.06577e-05
-5.11785e-05
-4.78219e-05
-4.96474e-05
-4.98082e-05
-5.02798e-05
-5.41624e-05
-5.07783e-05
-5.08355e-05
-5.24671e-05
-5.00894e-05
-5.27073e-05
-5.33762e-05
-5.27519e-05
-5.38014e-05
-5.11488e-05
-5.11619e-05
-5.15484e-05
-5.08547e-05
-5.25078e-05
-5.25752e-05
-4.98045e-05
-5.22746e-05
-5.53983e-05
-5.24959e-05
-5.37653e-05
-5.36312e-05
-5.16395e-05
-5.26812e-05
-5.28331e-05
-5.22808e-05
-5.13817e-05
-5.42506e-05
-5.48303e-05
-5.31344e-05
-5.43733e-05
-5.45693e-05
-5.44640e-05
-5.28071e-05
-5.69770e-05
-5.71969e-05
-5.27349e-05
-5.59144e-05
-5.35115e-05
-5.40189e-05
-5.60410e-05
-5.04659e-05
-5.11472e-05
-5.51471e-05
-5.56623e-05
-5.33157e-05
-5.20529e-05
-5.27757e-05
-5.12689e-05
-5.04340e-05
-5.17786e-05
-5.54043e-05
-5.72183e-05
-5.56633e-05
-5.37777e-05
-5.24948e-05
-5.34881e-05
-5.37151e-05
-5.31911e-05
-5.46974e-05
-5.36052e-05
-5.25842e-05
-5.53238e-05
-5.45749e-05
-5.31732e-05
-5.31539e-05
-5.12134e-05
-5.01903e-05
-5.50219e-05
-5.57264e-05
-5.47236e-05
-5.73474e-05
-5.37735e-05
-5.39148e-05
-5.21431e-05
-4.84111e-05
-5.61094e-05
-5.41278e-05
-5.27104e-05
-5.71686e-05
-5.33440e-05
-5.17839e-05
-4.99109e-05
-4.79860e-05
-5.01840e-05
-5.00840e-05
-4.97154e-05
-5.24153e-05
-5.39010e-05
-5.37208e-05
-5.25800e-05
-5.13688e-05
-4.91416e-05
-4.98281e-05
-5.13937e-05
-4.82338e-05
-4.95514e-05
-5.12169e-05
-5.11168e-05
-5.15965e-05
-4.92165e-05
-5.05042e-05
-4.95648e-05
-4.73457e-05
-4.83527e-05
-4.67068e-05
-4.56427e-05
-4.39096e-05
-4.53036e-05
-4.86649e-05
-4.45946e-05
-4.41392e-05
-4.93056e-05
-4.78675e-05
-4.70951e-05
-4.75769e-05
-4.66897e-05
-4.73347e-05
-4.22500e-05
-4.27759e-05
-4.76620e-05
-4.46417e-05
-4.56484e-05
-4.92658e-05
-4.61977e-05
-4.35390e-05
-4.08919e-05
-3.88563e-05
-4.29220e-05
-4.52972e-05
-4.44703e-05
-4.28477e-05
-4.15483e-05
-4.19828e-05
-4.04055e-05
-3.90472e-05
-4.02828e-05
-4.15750e-05
-3.98806e-05
-3.62191e-05
-3.97895e-05
-4.25260e-05
-3.73369e-05
-3.63665e-05
-3.76432e-05
-3.62199e-05
-3.32514e-05
-3.45025e-05
-3.87515e-05
-3.76809e-05
-3.70184e-05
-3.58181e-05
-3.37255e-05
-3.55472e-05
-3.42397e-05
-3.32321e-05
-3.34073e-05
-3.40276e-05
-3.38848e-05
-3.27063e-05
-3.09308e-05
-3.03504e-05
-3.05580e-05
-2.74123e-05
-3.05419e-05
-3.19197e-05
-3.03197e-05
-3.12236e-05
-2.65694e-05
-2.75301e-05
-2.76154e-05
-2.67474e-05
-2.94608e-05
-2.66185e-05
-2.72724e-05
-2.45145e-05
-2.27943e-05
-2.68562e-05
-2.44303e-05
-2.27926e-05
-2.23226e-05
-2.07785e-05
-2.15689e-05
-2.15646e-05
-1.97805e-05
-2.10861e-05
-2.02506e-05
-1.56354e-05
-1.65748e-05
-1.89625e-05
-2.02455e-05
-1.88591e-05
-1.60623e-05
-1.64254e-05
-1.36080e-05
-1.19583e-05
-1.21436e-05
-1.37644e-05
-1.61665e-05
-1.18131e-05
-1.16973e-05
-1.13156e-05
-6.97244e-06
-8.53864e-06
-7.55791e-06
-8.73272e-06
-1.07015e-05
-7.29113e-06
-6.35286e-06
-7.32587e-06
-6.69680e-06
-4.75496e-06
-3.87084e-06
-5.04871e-06
-4.92905e-06
-2.45445e-06
-1.02390e-06
-1.65417e-06
-2.08145e-06
4.77662e-07
4.17782e-06
2.85515e-06
3.48377e-06
5.44826e-06
5.68774e-06
4.39703e-06
2.67252e-06
7.08454e-06
5.54681e-06
6.28195e-06
1.07412e-05
9.62219e-06
1.21795e-05
1.02021e-05
9.81285e-06
1.04736e-05
1.05984e-05
1.52766e-05
1.36147e-05
1.37064e-05
1.39555e-05
1.50664e-05
1.77111e-05
1.53083e-05
1.92673e-05
2.09176e-05
1.98631e-05
1.92237e-05
1.88816e-05
2.20274e-05
2.09717e-05
2.47211e-05
2.55709e-05
2.51559e-05
2.67950e-05
2.41909e-05
2.84381e-05
2.85785e-05
2.67693e-05
3.09344e-05
3.25946e-05
3.04979e-05
3.06334e-05
3.18317e-05
3.15665e-05
3.68968e-05
3.60119e-05
3.71907e-05
3.98901e-05
3.53591e-05
4.08641e-05
4.00652e-05
3.91512e-05
4.42516e-05
4.22391e-05
4.41892e-05
4.46638e-05
4.55174e-05
4.79112e-05
4.65482e-05
4.65598e-05
4.78153e-05
5.02017e-05
5.16975e-05
5.54610e-05
5.57797e-05
5.18468e-05
5.39486e-05
5.28042e-05
5.17125e-05
5.69194e-05
5.82545e-05
6.22646e-05
6.39389e-05
5.97805e-05
6.05646e-05
6.24282e-05
6.37690e-05
6.34941e-05
6.72792e-05
6.89487e-05
6.58467e-05
6.77079e-05
6.66489e-05
6.71254e-05
7.21728e-05
7.32910e-05
7.41271e-05
7.49575e-05
7.76757e-05
7.76587e-05
7.57557e-05
7.62022e-05
7.85370e-05
7.91873e-05
7.76585e-05
8.25092e-05
8.60842e-05
8.56353e-05
8.61957e-05
8.42557e-05
8.82726e-05
8.93098e-05
8.64782e-05
8.94598e-05
9.24195e-05
9.41089e-05
9.36352e-05
9.59378e-05
9.63737e-05
9.36137e-05
9.52662e-05
9.59171e-05
9.94722e-05
1.02890e-04
1.03411e-04
1.04424e-04
1.05519e-04
1.03329e-04
1.00590e-04
1.05923e-04
1.09124e-04
1.11244e-04
1.11358e-04
1.07412e-04
1.11931e-04
1.11766e-04
1.11595e-04
1.18484e-04
1.19472e-04
1.20927e-04
1.19945e-04
1.16582e-04
1.17353e-04
1.17881e-04
1.18714e-04
1.24182e-04
1.27589e-04
1.28196e-04
1.29443e-04
1.27199e-04
1.27467e-04
1.29010e-04
1.28620e-04
1.32213e-04
1.34918e-04
1.36758e-04
1.38084e-04
1.36566e-04
1.36337e-04
1.38710e-04
1.40572e-04
1.42177e-04
1.44012e-04
1.45935e-04
1.46150e-04
1.42614e-04
1.44189e-04
1.47320e-04
1.46121e-04
1.48174e-04
1.52448e-04
1.54008e-04
1.52272e-04
1.52546e-04
1.53362e-04
1.54772e-04
1.57067e-04
1.56169e-04
1.59553e-04
1.62435e-04
1.59936e-04
1.59636e-04
1.60769e-04
1.64461e-04
1.68115e-04
1.67422e-04
1.67402e-04
1.69058e-04
1.69572e-04
1.68340e-04
1.72042e-04
1.76191e-04
1.73173e-04
1.72894e-04
1.75250e-04
1.76664e-04
1.79483e-04
1.79839e-04
1.81680e-04
1.83503e-04
1.80966e-04
1.81249e-04
1.82268e-04
1.81872e-04
1.87035e-04
1.90486e-04
1.91347e-04
1.92315e-04
1.90881e-04
1.93974e-04
1.92871e-04
1.90459e-04
1.97267e-04
1.96932e-04
1.98738e-04
2.02820e-04
1.98809e-04
2.00013e-04
2.00804e-04
1.99587e-04
2.04166e-04
2.05560e-04
2.05784e-04
2.08130e-04
2.08914e-04
2.09174e-04
2.09644e-04
2.10194e-04
2.13540e-04
2.15060e-04
2.14053e-04
2.15533e-04
2.15548e-04
2.16593e-04
2.18054e-04
2.15768e-04
2.16944e-04
2.20894e-04
2.24205e-04
2.23125e-04
2.23409e-04
2.26890e-04
2.25404e-04
2.26320e-04
2.26506e-04
2.26014e-04
2.31574e-04
2.34204e-04
2.34613e-04
2.35860e-04
2.36305e-04
2.34627e-04
2.34606e-04
2.38365e-04
2.37543e-04
2.36424e-04
2.39683e-04
2.40659e-04
2.39500e-04
2.41233e-04
2.45549e-04
2.46213e-04
2.43220e-04
2.44669e-04
2.49743e-04
2.49348e-04
2.47710e-04
2.51174e-04
2.49456e-04
2.47857e-04
2.52753e-04
2.51181e-04
2.52788e-04
2.58859e-04
2.59817e-04
2.59327e-04
2.57359e-04
2.55622e-04
2.56218e-04
2.56783e-04
2.59784e-04
2.65260e-04
2.64041e-04
2.63372e-04
2.65624e-04
2.62445e-04
2.63391e-04
2.65307e-04
2.67463e-04
2.69729e-04
2.69387e-04
2.73158e-04
2.73553e-04
2.71667e-04
2.70111e-04
2.71717e-04
2.75263e-04
2.75662e-04
2.77054e-04
2.77157e-04
2.80723e-04
2.79841e-04
2.75537e-04
2.78658e-04
2.77734e-04
2.80221e-04
2.84283e-04
2.82769e-04
2.82555e-04
2.81817e-04
2.82659e-04
2.82895e-04
2.85400e-04
2.86812e-04
2.83674e-04
2.83213e-04
2.77944e-04
2.61029e-04
2.46386e-04
2.52936e-04
2.67422e-04
2.84230e-04
3.23252e-04
3.66697e-04
3.32227e-04
1.97452e-04
9.88518e-05
1.48471e-04
1.59878e-04
1.21914e-04
5.00514e-04
5.80304e-04
7.49075e-05
3.27284e-04
2.42151e-04
1.34452e-04
8.76268e-04
-2.86768e-04
-5.21378e-04
8.18837e-04
-1.22972e-04
3.10912e-04
8.10527e-04
-9.01457e-04
-4.97869e-04
-8.36802e-05
-4.88462e-04
1.94193e-04
1.10260e-04
1.97276e-04
2.73553e-04
-5.42028e-04
1.81033e-04
1.18293e-03
1.08617e-03
4.63152e-04
-4.03673e-04
1.38771e-06
-3.84595e-04
-3.17554e-04
-1.81405e-05
-1.68263e-03
1.74415e-03
2.39106e-03
-5.65511e-04
4.57199e-03
2.48525e-03
-5.30277e-04
5.82697e-03
2.54295e-03
-1.27837e-03
3.81056e-05
-1.48447e-03
-1.47465e-03
-1.94985e-03
-9.04970e-04
-1.25664e-03
-1.29927e-03
3.22402e-03
1.63767e-03
1.56565e-03
3.71810e-03
-1.96933e-04
7.90621e-04
2.98320e-04
-1.22146e-03
5.40084e-03
3.02032e-03
-2.87021e-03
1.49581e-03
2.09769e-03
-3.53787e-03
-3.50955e-03
1.33300e-03
-7.99505e-04
-4.35245e-03
-7.36045e-04
-1.63119e-03
-1.87312e-03
5.36942e-03
3.53878e-03
-1.95927e-03
8.31380e-04
4.61764e-04
-3.42151e-03
-2.53419e-03
1.16102e-03
1.15864e-03
-4.85933e-03
-4.49167e-03
7.85124e-03
1.13920e-02
2.22109e-03
1.18143e-03
-8.47665e-04
-7.90990e-03
-4.75736e-03
-2.70570e-03
-4.84546e-03
-6.39944e-03
-4.10150e-03
2.83310e-03
2.98929e-03
3.19653e-03
6.98343e-03
8.37678e-03
4.00738e-03
-1.88765e-03
-1.14750e-04
2.90483e-05
-1.66858e-03
-3.37805e-03
-3.02336e-03
2.30663e-03
-5.18853e-04
-3.20473e-03
-6.41309e-03
-7.96187e-03
9.77432e-03
9.55511e-03
-5.60335e-03
6.60466e-03
8.43147e-03
-6.05877e-03
-2.69479e-03
1.32781e-03
2.95577e-03
2.48951e-03
-4.47356e-03
1.22145e-03
1.01348e-02
5.72113e-03
-3.03762e-03
-8.22247e-03
-1.00268e-02
-8.59550e-03
4.63996e-03
1.71948e-02
5.99134e-03
-6.23353e-03
-1.65918e-03
-9.13838e-04
-7.72412e-03
-6.59860e-03
3.24532e-03
4.33602e-03
1.31974e-04
2.72711e-03
3.58786e-03
-8.34799e-04
-1.55174e-02
-2.18260e-02
-3.11875e-03
4.30593e-03
1.22784e-04
1.14877e-02
1.72386e-02
9.23417e-03
4.66428e-03
-5.96663e-03
-1.04681e-02
4.63048e-03
4.90174e-03
1.29788e-03
8.48108e-03
-4.09825e-04
-1.13304e-02
-1.20636e-02
-7.00979e-03
-5.79171e-04
3.55116e-05
1.10528e-03
1.83427e-03
9.31221e-03
9.44616e-03
-8.69125e-03
-4.25719e-03
1.16775e-02
1.82601e-03
-8.44407e-03
2.48242e-04
7.30923e-03
-2.94931e-03
-1.60971e-02
-1.42222e-02
-5.67708e-03
-1.56464e-03
-3.31299e-03
-1.57385e-04
1.41125e-02
1.28657e-02
2.58638e-03
8.73834e-03
5.20478e-03
-1.15603e-02
-1.72773e-02
-1.76039e-02
-1.81724e-02
-1.34676e-02
-1.01158e-02
-1.46334e-03
1.39547e-02
2.27942e-03
-3.86406e-03
2.38363e-02
2.25809e-02
3.92116e-04
7.22918e-03
1.65882e-02
-6.48187e-03
-2.76968e-02
-1.83087e-02
-5.14278e-03
1.29064e-02
1.55395e-02
-1.02012e-02
-1.06355e-02
-1.43160e-03
-1.53943e-02
-1.59413e-02
3.32712e-03
1.35785e-02
1.62723e-02
1.35416e-02
1.04482e-03
-2.63928e-03
7.92256e-03
1.84880e-02
1.55119e-02
7.16887e-03
2.54629e-03
-4.66332e-03
-7.71670e-03
-2.05586e-02
-3.01660e-02
-2.10916e-02
-2.12123e-02
-5.69549e-03
7.58941e-03
-6.09698e-03
6.14170e-03
2.00651e-02
9.19862e-03
-2.99775e-04
-5.60160e-03
-2.18539e-04
2.98142e-03
-4.38899e-03
-2.90106e-03
9.51008e-04
3.26843e-03
1.97402e-02
1.71267e-02
-1.51722e-02
-1.94201e-02
-6.74955e-03
-1.46372e-02
-2.41526e-02
-2.05051e-02
-1.34536e-02
-1.24996e-02
-3.02959e-03
1.15981e-02
1.65376e-02
1.59045e-02
7.95952e-03
2.09748e-03
-5.25894e-03
-1.80366e-02
-1.74528e-02
-5.08203e-03
5.45594e-03
9.69139e-03
9.75588e-03
-6.24359e-03
-1.61423e-02
2.19365e-03
5.91587e-03
-9.08371e-04
7.17571e-03
6.56501e-03
-8.02632e-03
3.25000e-03
1.92059e-02
-6.82870e-03
-7.52113e-03
1.06925e-02
-1.61433e-04
1.09027e-03
4.39954e-03
7.90171e-03
8.87696e-03
2.87644e-03
3.58289e-03
-1.32689e-02
-1.39317e-02
-4.48986e-03
-1.25844e-02
3.58112e-03
9.58491e-03
-8.15933e-04
8.50225e-03
-4.21356e-03
-2.50604e-02
-1.02951e-02
3.49186e-03
1.03372e-03
9.32186e-03
3.94616e-03
-2.22482e-02
-2.34307e-02
-1.13333e-02
-1.43962e-02
-1.98837e-02
-1.10444e-02
9.17302e-03
8.01564e-03
-3.45212e-03
7.13886e-03
7.20982e-03
-7.64768e-04
1.20695e-02
8.37483e-03
-3.98263e-03
3.94430e-03
-2.86773e-03
-1.63815e-02
-4.64181e-03
1.09499e-02
-1.99028e-03
-3.03896e-02
-3.70742e-02
-2.48846e-02
-7.45505e-03
8.05759e-03
1.12872e-02
9.62634e-03
1.01225e-02
1.85014e-03
-9.17787e-03
5.71708e-03
2.39966e-02
1.96682e-02
1.26360e-02
-3.42539e-03
-1.31219e-02
-1.28554e-03
-8.05919e-03
-1.80041e-02
-6.13264e-03
1.18962e-06
8.52420e-03
1.73241e-02
9.88386e-04
-1.33693e-02
-3.89828e-03
-3.92941e-04
-1.14689e-02
-1.15032e-02
-6.37094e-03
-4.74648e-03
-6.36638e-03
-4.11676e-03
1.03717e-02
9.70269e-03
1.18780e-02
1.68890e-02
-4.79952e-03
-9.10950e-03
2.25527e-03
5.60865e-03
1.93102e-02
3.09317e-02
2.01150e-02
1.23264e-02
2.46208e-02
2.14412e-02
-7.97591e-05
-1.24371e-02
-7.27698e-03
9.00907e-04
2.46171e-03
-8.89079e-03
-3.09255e-02
-1.05004e-02
2.49832e-02
1.35414e-02
-9.53840e-03
-1.24675e-02
-7.20373e-03
-1.60361e-02
-2.54936e-02
-2.12509e-02
-1.54203e-02
-1.24000e-02
-1.54554e-02
-2.32133e-02
-3.18551e-02
-2.07385e-02
2.91865e-03
5.96691e-03
-5.89960e-04
5.04702e-03
1.96244e-02
2.80597e-02
2.54814e-02
1.44862e-02
5.77530e-03
4.25198e-03
6.68738e-03
1.95780e-02
2.73201e-02
2.43188e-02
2.16545e-02
1.80286e-03
-2.06967e-02
-1.25428e-02
-9.57201e-03
-2.20675e-02
-7.18486e-03
4.52169e-03
2.22056e-03
2.54950e-02
3.45754e-02
6.96143e-03
-8.48090e-03
-6.28707e-03
-8.89260e-03
-7.46311e-03
-8.03750e-03
-1.10245e-02
2.12679e-02
5.54124e-02
3.23968e-02
6.35569e-03
1.27802e-02
1.12985e-02
1.41587e-02
1.25115e-02
-1.02634e-02
4.17368e-03
2.29962e-02
-1.17231e-02
-3.39714e-02
-2.97095e-02
-4.11517e-02
-3.04822e-02
1.21243e-02
3.33857e-02
3.01408e-02
2.54832e-02
1.36498e-02
-8.86328e-03
-2.24384e-02
-3.06942e-02
-5.17802e-02
-5.41540e-02
-1.96940e-02
1.05130e-02
1.66738e-02
2.34640e-02
3.78293e-02
3.84439e-02
2.30103e-02
1.58532e-03
-2.15352e-02
-3.23544e-02
-2.57511e-02
-1.14158e-02
6.51308e-03
2.03154e-02
3.27039e-02
5.05843e-02
5.57731e-02
4.28647e-02
2.70682e-02
1.28699e-02
4.72160e-03
1.80272e-02
3.39990e-02
1.66713e-02
1.11819e-02
3.99811e-02
3.58264e-02
1.61987e-02
2.59388e-02
2.13051e-02
6.99595e-04
-5.04750e-03
-2.07136e-02
-4.71170e-02
-4.95743e-02
-3.95672e-02
-3.73828e-02
-2.11071e-02
-1.05984e-02
-3.08521e-02
-2.26944e-02
3.80396e-03
3.42967e-03
2.05888e-02
3.74467e-02
2.20595e-02
1.01827e-02
-1.60846e-05
-2.71529e-02
-5.52273e-02
-4.98068e-02
-2.30269e-02
1.01645e-02
5.56058e-02
6.10146e-02
3.59089e-02
4.02333e-02
3.64981e-02
3.47214e-03
-6.53010e-03
6.75405e-03
-5.14660e-03
-2.49049e-02
2.55126e-04
3.49838e-02
2.27610e-02
8.25161e-03
1.28967e-02
-4.03328e-03
-5.86166e-03
8.14155e-03
-1.73126e-02
-4.42224e-02
-4.98276e-02
-5.06214e-02
-3.81767e-02
-1.12501e-02
2.48589e-02
3.28577e-02
1.65967e-02
2.26962e-02
2.08780e-02
-1.67166e-02
-2.90233e-02
2.06223e-02
5.69745e-02
4.27376e-02
2.55565e-02
3.00408e-03
-2.57159e-02
-3.30659e-02
-3.54939e-02
-5.37640e-02
-6.65989e-02
-4.86932e-02
-1.35683e-02
5.15919e-05
-1.31474e-02
-7.96035e-03
2.87390e-03
-1.33886e-02
-1.60862e-02
-5.52075e-03
-2.00824e-02
-4.16389e-02
-3.12387e-02
-1.95143e-02
-2.72190e-02
-4.84887e-03
1.17314e-02
-4.67695e-03
2.67035e-03
2.29770e-02
2.05146e-02
9.93373e-03
1.67981e-02
2.58270e-02
3.15332e-02
4.97588e-02
6.26355e-02
7.48280e-02
8.24535e-02
7.25528e-02
7.70061e-02
9.26002e-02
1.01563e-01
1.03959e-01
8.51849e-02
5.46298e-02
3.41555e-02
1.93945e-02
-1.11575e-02
-5.19692e-02
-7.33578e-02
-6.78097e-02
-3.00226e-02
8.98169e-03
4.04218e-03
-7.34831e-03
-7.86295e-03
-2.79415e-02
-3.93821e-02
-3.34647e-02
-5.31107e-02
-8.95018e-02
-9.79419e-02
-8.40320e-02
-8.67551e-02
-9.08882e-02
-7.39516e-02
-6.83740e-02
-6.40281e-02
-2.88433e-02
2.11451e-03
7.62105e-03
5.55474e-03
1.33813e-03
7.82796e-03
2.40585e-02
2.92228e-02
2.33406e-02
9.95811e-03
-6.05348e-03
-2.11356e-02
-3.61513e-02
-3.01782e-02
-2.91566e-03
1.44012e-02
1.97365e-02
2.35510e-02
2.40322e-02
2.86470e-02
3.11606e-02
1.57100e-02
7.71984e-03
2.30217e-02
2.96094e-02
1.87626e-02
1.14073e-04
-1.65187e-02
-1.91444e-02
-2.52902e-02
-3.59271e-02
-3.58320e-02
-2.22633e-02
1.26989e-02
4.91428e-02
5.58023e-02
3.54464e-02
2.03379e-02
2.09079e-02
1.24262e-02
-6.75549e-03
-2.69851e-02
-4.91962e-02
-6.12162e-02
-5.22001e-02
-4.98331e-02
-5.18223e-02
-1.43073e-02
2.52552e-02
3.24135e-02
3.60912e-02
3.02444e-02
8.55876e-03
-4.50568e-03
-6.96635e-03
-1.55235e-02
-1.29320e-02
1.06224e-02
3.56350e-02
4.14584e-02
1.48784e-02
-4.83962e-03
-7.02041e-03
-2.12609e-02
-3.20695e-02
-2.63470e-02
-2.01516e-03
2.79553e-02
3.22738e-02
6.28954e-03
-2.59592e-02
-4.27214e-02
-4.73753e-02
-6.15638e-02
-8.13959e-02
-7.22298e-02
-5.74492e-02
-6.54931e-02
-5.76547e-02
-3.35668e-02
-2.34911e-02
-1.10999e-02
2.00334e-02
4.49192e-02
5.83354e-02
7.22272e-02
7.20859e-02
6.17029e-02
5.25020e-02
4.20909e-02
3.54051e-02
3.38424e-02
3.72905e-02
4.44186e-02
3.54868e-02
1.07479e-02
1.90758e-03
-4.79261e-03
-3.84489e-02
-6.59172e-02
-5.53223e-02
-3.12238e-02
-9.81609e-03
5.53037e-03
-5.63082e-03
-1.10177e-02
1.49275e-02
3.19560e-02
3.13912e-02
2.69520e-02
2.83881e-02
2.72273e-02
-2.76153e-03
-3.80858e-02
-5.29164e-02
-4.95151e-02
-2.97685e-02
-1.71785e-02
-2.46357e-02
-2.88782e-02
-1.36950e-02
-3.57032e-03
-2.40625e-02
-3.65056e-02
-8.07908e-03
1.64892e-02
1.67610e-02
1.32285e-02
9.65614e-03
1.00174e-02
2.95591e-03
-3.53945e-03
-1.53617e-02
-5.00883e-02
-4.76474e-02
-2.10883e-02
-1.83513e-02
2.96529e-03
3.22496e-02
3.54685e-02
2.71393e-02
2.82554e-02
3.25750e-02
1.29902e-02
-4.54905e-03
1.14909e-02
3.46205e-02
4.70837e-02
5.41552e-02
4.35795e-02
1.22709e-02
-1.94920e-02
-3.68634e-02
-4.88107e-02
-5.84764e-02
-3.33946e-02
1.33620e-02
3.83871e-02
4.65740e-02
4.77830e-02
3.79774e-02
1.48064e-02
-9.66180e-03
-3.23924e-02
-5.78713e-02
-6.96137e-02
-5.76706e-02
-2.75641e-02
-1.34410e-03
1.49564e-02
2.61390e-02
2.19788e-02
1.26545e-02
-8.66567e-04
-3.03785e-02
-6.10009e-02
-6.13324e-02
-2.01619e-02
2.95737e-02
6.00470e-02
7.90044e-02
9.81280e-02
1.15878e-01
1.24158e-01
1.24931e-01
1.11261e-01
6.03892e-02
-5.66932e-03
-5.41494e-02
-7.98749e-02
-6.04864e-02
-3.13059e-02
-3.70343e-02
-2.81946e-02
2.57045e-03
1.86322e-02
2.95101e-02
3.08130e-02
1.75492e-02
2.39012e-02
4.14192e-02
3.28743e-02
1.82520e-02
9.73025e-03
-2.18866e-03
-8.26052e-03
-8.67154e-03
3.10166e-03
2.17134e-02
2.91046e-02
2.95365e-02
2.95744e-02
3.09332e-02
1.58671e-02
-1.27262e-02
-2.14646e-02
-2.54604e-02
-4.27578e-02
-4.84942e-02
-3.58041e-02
-1.78978e-02
1.42386e-02
5.94405e-02
8.52942e-02
7.42005e-02
4.61479e-02
1.65086e-02
-3.61078e-02
-7.89747e-02
-8.43262e-02
-8.76851e-02
-7.17675e-02
-4.31696e-02
-1.42867e-02
2.08206e-02
3.00396e-02
3.79901e-02
5.37223e-02
5.44885e-02
5.13528e-02
4.36229e-02
2.45220e-02
-8.15716e-03
-2.77643e-02
-2.27061e-02
-2.39529e-02
-2.80267e-02
-1.74556e-02
5.99170e-04
1.26239e-02
1.66508e-02
2.17908e-02
1.85252e-02
2.00659e-02
4.87063e-02
6.10302e-02
3.95512e-02
2.48839e-02
2.33019e-02
1.59173e-02
1.69745e-02
3.49038e-02
3.48850e-02
1.50304e-02
-9.77905e-03
-3.40246e-02
-4.81970e-02
-6.31039e-02
-6.35761e-02
-5.34099e-02
-6.37965e-02
-7.13931e-02
-5.12328e-02
-2.84346e-02
-3.04463e-02
-3.25287e-02
-1.76368e-02
-9.36676e-04
2.07427e-02
3.36243e-02
2.33227e-02
6.65644e-03
-7.65791e-03
-1.79438e-02
-1.56787e-02
-3.17814e-03
9.76708e-03
2.44075e-02
2.66056e-02
-8.00059e-04
-2.12032e-02
-1.44543e-02
-1.20789e-02
-4.63076e-03
9.79398e-03
-6.14191e-04
-2.16156e-02
-4.32271e-02
-6.52039e-02
-7.31612e-02
-7.99123e-02
-7.13485e-02
-2.72716e-02
1.68788e-02
4.53593e-02
6.27108e-02
5.96810e-02
4.02541e-02
2.06371e-02
2.00931e-02
1.51579e-02
-1.10706e-02
-1.03704e-02
4.62771e-03
-7.46488e-03
-1.61900e-02
-1.36513e-02
-1.34370e-02
-5.91503e-05
2.70541e-02
4.77806e-02
5.09275e-02
4.91712e-02
4.96060e-02
3.85407e-02
1.66331e-02
-2.49583e-03
-1.08566e-02
-6.95510e-03
5.52081e-04
7.93047e-04
-8.16602e-03
-2.20130e-02
-3.56645e-02
-4.20825e-02
-3.78868e-02
-3.50465e-02
-3.85225e-02
-3.53671e-02
-3.13304e-02
-3.39563e-02
-2.42357e-02
-7.30690e-03
-9.26541e-03
-1.24163e-02
2.25972e-03
4.10125e-03
-1.83410e-02
-4.64683e-02
-7.82313e-02
-9.49065e-02
-8.17825e-02
-5.83989e-02
-3.17120e-02
-6.60368e-03
1.35392e-02
3.36080e-02
4.34611e-02
3.95716e-02
2.06583e-02
-1.05819e-02
-3.05637e-02
-3.17156e-02
-3.24562e-02
-3.66296e-02
-3.57479e-02
-3.25169e-02
-3.26836e-02
-3.92018e-02
-3.57513e-02
-2.98392e-02
-4.54428e-02
-4.32202e-02
-1.68449e-02
-6.04499e-03
1.89112e-04
1.40726e-02
2.61966e-02
3.59671e-02
5.06301e-02
5.24159e-02
2.66381e-02
2.21567e-03
-9.29675e-03
-1.53513e-02
-2.11384e-02
-2.57552e-02
-2.35555e-02
-2.52118e-02
-2.13824e-02
-1.95345e-02
-3.22621e-02
-1.89562e-02
1.53964e-02
3.62145e-02
4.85270e-02
5.73833e-02
6.68506e-02
7.66429e-02
7.48401e-02
5.24152e-02
2.77775e-02
2.28922e-02
2.83403e-02
2.96759e-02
1.55089e-02
-1.02694e-04
-3.56301e-03
-6.06384e-03
-3.95416e-03
-4.84136e-03
-8.12272e-03
-1.27172e-03
5.49105e-03
1.36924e-02
1.76671e-02
7.63391e-03
-2.59543e-03
-6.61600e-03
-3.20434e-03
7.63618e-03
1.36586e-02
1.05599e-02
1.04674e-02
1.38852e-02
8.99057e-03
-1.98960e-03
-1.54181e-02
-2.84606e-02
-2.84452e-02
-2.61003e-02
-4.19005e-02
-4.91219e-02
-2.56049e-02
1.00339e-03
2.09947e-02
4.31239e-02
6.19379e-02
7.15399e-02
7.30500e-02
7.34027e-02
6.34919e-02
3.98826e-02
1.40190e-02
-7.54676e-03
-2.10432e-02
-2.91198e-02
-1.90267e-02
-8.31196e-04
7.17829e-03
2.69083e-02
4.73283e-02
4.77590e-02
3.67178e-02
2.59147e-02
3.36024e-02
4.72631e-02
3.31551e-02
-2.62570e-03
-2.29820e-02
-2.40084e-02
-2.94409e-02
-3.05974e-02
-9.21532e-03
2.35135e-02
4.63970e-02
4.68767e-02
2.56271e-02
-1.32556e-03
-2.19911e-02
-3.04631e-02
-3.15891e-02
-3.46337e-02
-1.74149e-02
1.25543e-02
3.07952e-02
4.95782e-02
5.71802e-02
5.30247e-02
4.76220e-02
3.05395e-02
1.86817e-02
2.54195e-02
3.81687e-02
4.17861e-02
2.63637e-02
4.34090e-03
-4.83224e-03
-9.82388e-03
-1.17471e-02
-7.01358e-03
-9.10213e-03
-1.60619e-04
1.41762e-02
3.07256e-03
-1.56114e-02
-2.43691e-02
-2.80788e-02
-2.95516e-02
-2.25349e-02
-9.45291e-03
-5.66381e-03
-7.25841e-03
-5.82812e-03
-1.10120e-03
4.35832e-04
-1.10270e-02
-2.39552e-02
-3.36289e-02
-4.85840e-02
-5.57298e-02
-4.99322e-02
-3.81431e-02
-2.49168e-02
-1.12128e-02
1.42076e-02
4.08029e-02
6.07891e-02
7.75552e-02
8.03082e-02
6.76259e-02
3.15161e-02
-9.69459e-03
-2.88064e-02
-4.16905e-02
-5.46778e-02
-5.14210e-02
-1.00911e-02
4.52706e-02
7.10265e-02
7.75106e-02
7.96836e-02
7.26161e-02
4.39974e-02
7.13212e-03
-1.41917e-02
-1.77053e-02
1.33975e-03
1.07715e-02
-1.01137e-02
-2.82204e-02
-3.32458e-02
-3.19297e-02
-3.18839e-02
-4.06950e-02
-5.25655e-02
-6.15305e-02
-6.34750e-02
-5.73295e-02
-4.82712e-02
-3.65673e-02
-1.43567e-02
1.05539e-02
2.35004e-02
2.84373e-02
2.87840e-02
1.79740e-02
-6.44815e-03
-3.07385e-02
-4.67180e-02
-5.69885e-02
-4.74662e-02
-1.97510e-02
4.58242e-03
2.46140e-02
4.73945e-02
6.25385e-02
6.31560e-02
5.54898e-02
2.88201e-02
-1.14372e-02
-4.40224e-02
-6.97600e-02
-7.70599e-02
-6.02378e-02
-4.14810e-02
-3.90907e-02
-3.97930e-02
-2.92578e-02
-3.57714e-02
-5.02835e-02
-4.30362e-02
-3.39455e-02
-2.46450e-02
-1.37167e-02
-9.38256e-03
-3.09050e-03
-1.41978e-03
-1.00782e-02
-2.34207e-02
-2.64998e-02
-2.64306e-02
-3.50912e-02
-2.15902e-02
4.24579e-03
1.88055e-02
3.69134e-02
4.95081e-02
5.10216e-02
5.57158e-02
6.75172e-02
7.29020e-02
5.55135e-02
1.70127e-02
-2.80912e-02
-6.43151e-02
-8.01853e-02
-7.01689e-02
-5.21873e-02
-3.34854e-02
-1.10355e-03
3.58395e-02
6.96925e-02
8.89215e-02
7.55832e-02
3.21087e-02
-1.93635e-02
-4.99426e-02
-6.40887e-02
-7.75966e-02
-8.55489e-02
-8.76458e-02
-8.13275e-02
-5.99073e-02
-3.56540e-02
-2.81703e-02
-3.22218e-02
-2.52929e-02
-3.59709e-03
1.91945e-02
3.18174e-02
2.50502e-02
6.30242e-03
-4.84456e-03
-6.96006e-03
-4.31270e-03
-6.59127e-03
-1.38504e-02
-4.76967e-03
1.34249e-02
2.63585e-02
3.84111e-02
4.94793e-02
5.54866e-02
5.29136e-02
4.76816e-02
3.67329e-02
1.82944e-02
6.58576e-03
1.77888e-03
-4.35826e-04
-3.67793e-03
-6.82830e-03
1.56762e-03
2.09237e-02
3.79276e-02
3.85028e-02
2.42554e-02
3.84002e-03
-2.19350e-02
-4.86638e-02
-7.17296e-02
-8.72068e-02
-8.68800e-02
-6.70680e-02
-4.38309e-02
-2.95842e-02
-9.45040e-03
1.91685e-02
4.52764e-02
6.22413e-02
6.37277e-02
6.06343e-02
5.57985e-02
3.59000e-02
2.38214e-03
-3.56590e-02
-6.33684e-02
-7.15609e-02
-6.21617e-02
-3.77694e-02
-9.95830e-03
1.76842e-02
4.51325e-02
6.44175e-02
7.27555e-02
6.76155e-02
5.26089e-02
3.90997e-02
3.63565e-02
3.44809e-02
2.18439e-02
2.31262e-02
4.31476e-02
4.71282e-02
3.66138e-02
2.98783e-02
2.44505e-02
2.80651e-02
3.40486e-02
2.70477e-02
1.63083e-02
5.11153e-03
-8.96025e-04
3.86300e-03
2.02516e-03
-1.24608e-02
-2.02800e-02
-1.24619e-02
-2.74312e-03
-4.04457e-03
-1.47516e-02
-1.57331e-02
-4.04173e-03
2.12036e-03
1.90944e-03
1.70719e-03
1.16125e-02
3.10552e-02
4.26433e-02
4.24656e-02
3.29142e-02
2.09949e-02
1.78364e-02
2.22048e-02
2.22117e-02
1.40683e-02
3.70282e-03
-1.98610e-03
3.55168e-03
9.36395e-03
9.11867e-03
9.81178e-03
9.72272e-03
8.35394e-03
5.32874e-03
3.26972e-03
-7.60799e-03
-3.19394e-02
-4.93112e-02
-5.90205e-02
-6.89341e-02
-7.88376e-02
-8.39354e-02
-8.05694e-02
-6.27302e-02
-2.61119e-02
3.62236e-03
2.47018e-02
4.99351e-02
6.42812e-02
6.24122e-02
4.72612e-02
3.24482e-02
2.29971e-02
8.62881e-03
-6.14016e-03
-2.15947e-02
-4.08178e-02
-5.38827e-02
-5.08529e-02
-3.65678e-02
-2.25481e-02
-9.44080e-03
8.28886e-03
3.14369e-02
4.52406e-02
3.36581e-02
7.27546e-03
-1.57685e-02
-2.69810e-02
-2.16425e-02
-1.17848e-02
-1.29488e-03
1.67706e-02
2.92793e-02
3.48663e-02
3.39017e-02
2.01949e-02
6.28395e-03
-1.49353e-03
-3.00544e-03
-6.96898e-04
1.69878e-03
4.73905e-03
5.38431e-03
-5.08229e-03
-3.09581e-02
-4.79883e-02
-4.49457e-02
-3.20607e-02
-9.33137e-03
9.31652e-03
2.00837e-02
3.14494e-02
4.20804e-02
4.65969e-02
3.67410e-02
2.42740e-02
1.79198e-02
1.24926e-02
1.15021e-02
9.21059e-03
8.77223e-05
-5.88924e-03
-7.75242e-03
-1.98837e-02
-4.19431e-02
-4.84637e-02
-2.73935e-02
-5.39394e-03
-9.44919e-04
-1.85141e-03
-2.06031e-03
6.64586e-03
2.48405e-02
3.33974e-02
2.77746e-02
9.11804e-03
-1.24337e-02
-2.43627e-02
-3.17690e-02
-3.03005e-02
-2.14302e-02
-1.70785e-02
-1.40063e-02
-7.74007e-03
2.14664e-03
1.24239e-02
9.72863e-03
-5.25153e-03
-4.85730e-03
1.15126e-02
1.90746e-02
2.22769e-02
2.33026e-02
8.20959e-03
-1.40586e-02
-2.16822e-02
-1.68921e-02
-1.08025e-02
8.88180e-04
1.07972e-02
5.06302e-03
-1.13414e-02
-1.87593e-02
-1.20988e-02
-9.92971e-03
-1.11197e-02
-8.59636e-03
-8.56495e-03
-3.08764e-03
1.08891e-02
1.80118e-02
6.56439e-03
-1.70659e-02
-3.30568e-02
-3.22820e-02
-2.79105e-02
-3.05264e-02
-3.12722e-02
-2.48101e-02
-2.00043e-02
-2.25652e-02
-2.45767e-02
-1.39410e-02
4.60574e-03
1.07662e-02
9.58128e-04
-7.51545e-03
-9.95369e-03
-1.64369e-02
-2.42274e-02
-1.68940e-02
6.04006e-03
2.83455e-02
4.03034e-02
3.80474e-02
2.82595e-02
1.98575e-02
8.64667e-03
-3.80796e-03
-1.28234e-02
-2.24009e-02
-2.89922e-02
-2.16713e-02
-5.41673e-03
2.82706e-03
6.39138e-03
1.69286e-02
2.68661e-02
3.00169e-02
2.98349e-02
2.81169e-02
2.44417e-02
1.78850e-02
1.28783e-02
8.66239e-03
4.03719e-03
4.98751e-03
8.49782e-03
1.08797e-02
1.04383e-02
1.03626e-02
1.59118e-02
1.86170e-02
1.85489e-02
1.84757e-02
1.23952e-02
4.63800e-03
-3.69304e-03
-1.58348e-02
-2.39269e-02
-2.37877e-02
-2.37821e-02
-2.85215e-02
-3.12208e-02
-2.60767e-02
-2.24264e-02
-2.90566e-02
-2.97292e-02
-1.50937e-02
-4.49638e-03
-6.75294e-03
-8.95251e-03
-5.55875e-03
-4.77929e-03
-6.17151e-03
-7.17461e-03
-1.60210e-02
-2.39381e-02
-2.04383e-02
-1.36221e-02
-4.83433e-03
1.42188e-03
2.76732e-03
7.76066e-03
1.30554e-02
1.42658e-02
1.19463e-02
6.78203e-03
4.78872e-03
1.30718e-02
2.80059e-02
3.58616e-02
3.70360e-02
3.80575e-02
3.37237e-02
2.23043e-02
7.25337e-03
-4.51882e-03
-7.67078e-03
-1.02957e-02
-1.45257e-02
-1.47068e-02
-1.41750e-02
-1.11503e-02
-5.48102e-03
-5.89334e-03
-9.50698e-03
-8.53585e-03
-3.59799e-03
2.60936e-05
-7.79871e-05
-9.74651e-04
1.65291e-03
7.28478e-03
9.16210e-03
7.76256e-03
8.78781e-03
8.77187e-03
-1.12940e-04
-1.40149e-02
-1.96312e-02
-1.73328e-02
-1.45099e-02
-1.11476e-02
-8.53655e-03
-5.58317e-03
1.68181e-03
1.08130e-02
1.75687e-02
2.26929e-02
2.84041e-02
3.32538e-02
3.47563e-02
3.33486e-02
2.79212e-02
1.84224e-02
1.01795e-02
4.59441e-03
-1.08772e-03
-9.83991e-03
-1.61028e-02
-8.56862e-03
5.02642e-03
1.30531e-02
1.71780e-02
1.64589e-02
1.08571e-02
4.99218e-03
3.13402e-04
-5.70654e-03
-1.32213e-02
-1.78628e-02
-2.05067e-02
-2.18205e-02
-2.10213e-02
-2.02517e-02
-1.60965e-02
-1.40787e-02
-1.81912e-02
-1.61459e-02
-6.90963e-03
3.93453e-03
1.20924e-02
1.35836e-02
1.14557e-02
8.24393e-03
5.94877e-03
2.00856e-03
-4.98539e-03
-9.77119e-03
-7.99833e-03
3.08806e-04
5.61222e-03
5.58770e-03
6.04530e-03
6.59700e-03
6.89169e-03
2.75875e-03
-7.39844e-03
-1.51781e-02
-1.64058e-02
-1.45025e-02
-1.00205e-02
-1.29174e-04
1.05935e-02
1.62934e-02
1.82195e-02
1.75191e-02
1.41804e-02
1.03870e-02
9.63298e-03
1.09640e-02
1.29298e-02
1.49860e-02
1.11759e-02
4.18376e-03
5.50287e-04
-3.28116e-03
-8.16663e-03
-8.99423e-03
-4.50681e-03
-1.70111e-03
-2.77931e-03
-4.95430e-03
-5.74392e-03
1.23900e-03
8.84212e-03
1.05970e-02
1.24753e-02
1.45450e-02
1.92412e-02
2.24143e-02
1.59001e-02
9.33503e-03
1.04024e-02
1.06935e-02
9.83120e-03
1.70820e-02
2.00399e-02
1.13430e-02
6.56360e-03
3.70113e-03
3.85926e-05
3.98407e-03
1.00956e-02
1.07721e-02
1.04637e-02
1.30793e-02
1.18923e-02
8.12449e-03
4.76141e-03
-5.04872e-03
-1.46248e-02
-1.43005e-02
-1.12371e-02
-1.30243e-02
-1.28758e-02
-4.41988e-03
2.99637e-03
-3.65644e-04
-8.01386e-03
-8.87962e-03
-6.92866e-03
-8.88770e-03
-1.14653e-02
-1.24688e-02
-1.12305e-02
-9.54960e-03
-1.19214e-02
-1.51312e-02
-1.37107e-02
-9.54063e-03
-8.27555e-03
-1.15546e-02
-1.41063e-02
-1.31495e-02
-1.42467e-02
-2.17148e-02
-2.66200e-02
-2.15597e-02
-1.44906e-02
-6.82662e-03
1.90815e-03
5.24861e-03
1.19762e-03
-1.22304e-02
-2.53550e-02
-2.79813e-02
-2.61431e-02
-2.15803e-02
-1.64367e-02
-1.43883e-02
-9.97479e-03
-1.69375e-03
6.40641e-03
1.25651e-02
1.59660e-02
1.70679e-02
1.50638e-02
1.01042e-02
5.71009e-03
-2.48600e-03
-1.17399e-02
-1.12977e-02
-8.80315e-03
-6.66606e-03
1.95938e-03
1.15827e-02
1.66563e-02
1.48383e-02
8.79868e-03
1.28847e-03
-6.88774e-03
-9.42207e-03
-8.69579e-03
-7.99107e-03
-3.12653e-03
1.09713e-03
6.26240e-04
2.05052e-03
5.77369e-03
7.70534e-03
1.00860e-02
9.96769e-03
4.08426e-03
-3.10110e-03
-8.43372e-03
-1.06751e-02
-8.79595e-03
-1.04194e-03
5.35708e-03
4.33231e-03
1.52737e-03
-5.35438e-03
-1.34588e-02
-1.57763e-02
-1.74741e-02
-1.71392e-02
-1.05022e-02
-3.07115e-03
4.63898e-04
1.93965e-03
1.06425e-03
1.41389e-04
3.51255e-03
3.15541e-03
-3.58937e-03
-7.64916e-03
-3.60215e-03
6.90082e-03
1.34998e-02
1.18453e-02
7.05765e-03
5.71971e-04
-5.08091e-03
-7.91018e-03
-9.59746e-03
-8.24806e-03
-3.54310e-03
1.44918e-03
4.81330e-03
5.07940e-03
2.85695e-03
-4.63992e-04
-4.32917e-03
-7.17316e-03
-8.85699e-03
-1.29323e-02
-1.72709e-02
-1.49459e-02
-1.03379e-02
-1.05333e-02
-1.00846e-02
-5.16705e-03
-2.12132e-03
-1.45806e-03
-2.35796e-03
-7.86880e-03
-1.11931e-02
-7.85146e-03
-7.95256e-04
6.71307e-03
1.14708e-02
1.58424e-02
1.83129e-02
1.67777e-02
1.53103e-02
1.46554e-02
1.60702e-02
2.05859e-02
2.39621e-02
2.24126e-02
1.53495e-02
3.92501e-03
-5.23588e-03
-7.21786e-03
-8.36953e-03
-9.62070e-03
-4.96262e-03
1.43792e-03
3.45255e-03
3.26321e-03
1.39276e-03
-2.50008e-03
-1.89973e-03
1.95944e-03
2.14765e-03
1.06255e-03
2.95547e-04
-3.41665e-03
-9.40698e-03
-1.31001e-02
-1.34356e-02
-1.01301e-02
-3.98370e-03
-8.00026e-04
2.21784e-03
9.30807e-03
1.54661e-02
1.85498e-02
1.99843e-02
2.13424e-02
2.02044e-02
1.28216e-02
3.06247e-03
-3.17487e-03
-3.88456e-03
-4.06369e-04
3.88078e-03
5.39878e-03
7.00619e-03
1.31882e-02
1.91790e-02
2.09833e-02
1.92594e-02
1.75677e-02
1.68669e-02
1.07486e-02
3.14295e-03
2.89557e-04
-2.18928e-04
2.14543e-03
4.56254e-03
4.89826e-03
5.86798e-03
6.00704e-03
5.62772e-03
7.05713e-03
7.14602e-03
5.85440e-03
8.58304e-03
1.06926e-02
6.65517e-03
-5.31107e-05
-7.52498e-03
-1.24795e-02
-1.21294e-02
-5.69790e-03
3.82325e-03
8.28187e-03
7.46834e-03
4.62085e-03
2.58302e-03
4.76754e-03
9.07345e-03
1.29779e-02
1.61420e-02
1.63997e-02
1.16784e-02
7.94992e-03
9.23165e-03
9.45166e-03
8.70798e-03
9.74113e-03
8.06755e-03
4.28012e-03
3.15035e-03
1.49011e-03
-2.44894e-03
-2.73727e-03
3.23641e-03
1.01245e-02
1.00525e-02
4.39072e-03
-1.37309e-03
-6.94800e-03
-9.21613e-03
-7.47504e-03
-7.02571e-03
-6.13139e-03
-7.45186e-04
3.78103e-03
1.72613e-03
-4.71724e-03
-9.33721e-03
-9.03917e-03
-6.11218e-03
-2.59563e-03
-1.42329e-03
-3.04695e-03
-2.88856e-03
-9.53311e-04
-8.74176e-04
-3.52648e-03
-5.85225e-03
-8.09350e-03
-1.18854e-02
-1.22407e-02
-1.05457e-02
-1.10656e-02
-9.81947e-03
-7.61159e-03
-8.79378e-03
-1.13384e-02
-1.18098e-02
-1.05707e-02
-9.28886e-03
-9.09031e-03
-1.03030e-02
-1.06563e-02
-1.00228e-02
-9.25334e-03
-7.37758e-03
-7.38197e-03
-9.34456e-03
-7.40176e-03
-3.37986e-03
-2.40825e-03
-1.01667e-03
-2.83799e-05
-2.17510e-03
-2.96576e-03
-4.53613e-03
-7.77814e-03
-8.91436e-03
-7.92287e-03
-5.33009e-03
-3.60159e-03
-1.96756e-03
-1.84631e-03
-3.78263e-03
-1.44496e-03
1.22843e-03
5.37047e-04
7.18573e-04
-1.42055e-04
-2.48047e-03
-2.29457e-03
-2.55293e-03
-7.09193e-03
-1.06460e-02
-8.83320e-03
-6.21246e-03
-5.23247e-03
-1.63140e-03
1.61655e-03
-1.00843e-04
-1.90516e-03
-3.12829e-03
-4.80650e-03
-3.02341e-03
2.10673e-03
5.13056e-03
4.30142e-03
5.28545e-03
3.81053e-03
-4.70534e-03
-9.94972e-03
-9.71860e-03
-7.09901e-03
-2.94435e-03
-1.88883e-03
-3.58839e-03
-4.15071e-03
-3.89503e-03
-6.65073e-03
-8.45297e-03
-6.13828e-03
-7.35850e-03
-1.03058e-02
-8.60899e-03
-6.01785e-03
-7.74965e-03
-1.11763e-02
-1.18086e-02
-1.25362e-02
-1.35347e-02
-1.36372e-02
-1.43098e-02
-1.30889e-02
-9.75683e-03
-6.40759e-03
-4.46333e-03
-3.10225e-03
-1.88205e-03
-2.58781e-03
-1.77566e-03
-4.25910e-04
-2.77698e-03
-4.50136e-03
-4.23079e-03
-4.14096e-03
-1.65105e-03
2.51539e-03
3.08535e-03
1.35589e-03
7.20431e-04
-3.97285e-04
-4.60585e-04
2.24912e-03
4.38678e-03
5.58484e-03
8.51955e-03
1.26075e-02
1.58251e-02
1.60372e-02
1.24615e-02
9.44209e-03
9.68647e-03
1.07406e-02
1.10333e-02
1.20123e-02
1.56221e-02
1.94166e-02
1.88275e-02
1.43828e-02
1.19918e-02
1.33133e-02
1.34360e-02
1.08139e-02
6.67189e-03
4.66860e-03
8.49171e-03
1.36132e-02
1.46439e-02
1.23097e-02
9.77753e-03
6.65788e-03
3.72167e-03
2.65211e-03
-4.24414e-04
-1.84875e-03
1.57693e-03
4.45042e-03
6.36639e-03
7.29210e-03
9.39420e-03
1.34323e-02
1.38222e-02
1.21511e-02
1.13834e-02
8.82772e-03
4.07097e-03
1.42693e-03
2.54442e-03
4.57101e-03
7.38503e-03
1.02157e-02
1.07519e-02
9.40134e-03
6.65320e-03
3.02741e-03
-1.40285e-04
-1.68340e-03
-1.85543e-03
-1.33369e-03
-1.24135e-03
-3.89832e-04
4.60718e-03
8.25453e-03
7.46568e-03
7.16619e-03
3.97166e-03
-2.61602e-03
-6.50887e-03
-9.02642e-03
-1.20881e-02
-1.07855e-02
-4.18815e-03
1.29302e-03
3.91755e-03
2.66294e-03
-2.52380e-03
-5.44843e-03
-6.40285e-03
-9.84190e-03
-1.36672e-02
-1.17218e-02
-4.36640e-03
2.25153e-03
5.91962e-03
3.19035e-03
-5.32682e-03
-1.14153e-02
-1.49393e-02
-1.90645e-02
-1.90632e-02
-1.18962e-02
-2.55628e-03
2.47580e-03
7.98715e-04
-2.32765e-03
-1.74025e-03
-1.73750e-03
-4.95474e-03
-7.34499e-03
-7.57082e-03
-7.49586e-03
-7.15232e-03
-6.06053e-03
-4.06124e-03
7.66666e-05
4.42255e-03
5.14967e-03
2.66819e-03
3.10808e-04
-1.59999e-03
-4.29215e-03
-6.14803e-03
-5.77594e-03
-1.94833e-03
3.87041e-03
7.89815e-03
9.29116e-03
6.97307e-03
2.71235e-03
-4.09403e-05
-2.79745e-03
-4.33973e-03
1.26278e-04
6.51472e-03
8.94225e-03
9.83405e-03
8.35992e-03
3.32384e-03
-9.28096e-04
-1.69063e-03
2.36066e-03
8.60175e-03
1.33414e-02
1.64074e-02
1.69561e-02
1.47782e-02
1.13797e-02
8.00463e-03
4.65223e-03
2.38855e-03
3.30083e-03
5.51238e-03
6.85648e-03
7.90256e-03
8.81674e-03
9.92577e-03
9.36043e-03
4.77746e-03
-2.66698e-04
-1.90862e-03
-1.38565e-03
-2.11413e-03
-4.52654e-03
-4.01151e-03
1.58574e-04
4.22191e-03
6.05019e-03
3.57982e-03
-2.31504e-04
-3.00720e-03
-8.48180e-03
-1.19815e-02
-8.77103e-03
-5.75075e-03
-4.48585e-03
-1.84114e-03
-2.30085e-03
-6.59524e-03
-8.52665e-03
-9.47308e-03
-1.19610e-02
-1.12414e-02
-9.55247e-03
-1.10474e-02
-1.04661e-02
-7.56007e-03
-5.74295e-03
-3.02865e-03
-3.61150e-04
5.85282e-04
1.19428e-03
1.57483e-04
-2.61840e-03
-4.57810e-03
-6.26334e-03
-5.76760e-03
-1.48684e-03
7.21020e-04
1.46797e-03
2.75038e-03
-1.72951e-03
-6.75039e-03
-7.24418e-03
-9.02457e-03
-8.46983e-03
-5.37666e-03
-4.33341e-03
-2.63366e-03
-1.75860e-03
-3.03029e-03
-3.76512e-03
-1.86614e-03
6.62814e-05
-2.13866e-03
-5.34273e-03
-7.57224e-03
-7.95093e-03
-5.08117e-03
-2.74857e-03
-2.16460e-03
-7.41447e-04
2.11576e-04
-2.41175e-03
-5.65494e-03
-5.49787e-03
-2.97544e-03
-1.21266e-03
-2.61967e-03
-4.40791e-03
-3.60402e-03
-1.15246e-03
1.62421e-03
3.31137e-03
4.47602e-03
4.69807e-03
2.44660e-03
-8.09188e-04
-3.21860e-03
-2.98525e-03
-5.09364e-04
1.16861e-03
3.04731e-03
6.48876e-03
8.71059e-03
1.01912e-02
1.13681e-02
8.54082e-03
3.65864e-03
1.22111e-03
1.73692e-03
5.17835e-03
7.86063e-03
6.12306e-03
3.60141e-03
2.71321e-03
1.28907e-03
-1.37196e-04
6.51352e-04
3.06522e-03
5.08024e-03
4.42450e-03
1.73842e-03
2.04151e-03
5.02779e-03
5.79776e-03
3.89664e-03
9.18820e-04
-3.71808e-04
1.10658e-03
5.37439e-04
-2.33178e-03
-1.47273e-03
1.98138e-03
4.44569e-03
6.54679e-03
7.27391e-03
5.76189e-03
1.55505e-03
-3.07506e-03
-4.28738e-03
-4.20110e-03
-2.40833e-03
1.77110e-03
2.52284e-03
1.48010e-03
2.91394e-03
3.09561e-03
1.07580e-03
-1.42518e-03
-4.08855e-03
-5.99961e-03
-5.93875e-03
-2.20955e-03
2.40519e-03
4.74996e-03
4.76599e-03
3.00953e-03
2.05012e-03
-2.20922e-04
-5.43384e-03
-9.19532e-03
-1.01981e-02
-1.02392e-02
-1.01355e-02
-9.24912e-03
-9.22080e-03
-1.15091e-02
-1.17501e-02
-8.28416e-03
-5.43394e-03
-3.44191e-03
-2.02868e-03
-4.01181e-03
-5.01099e-03
-3.54060e-03
-3.85679e-03
-2.82700e-03
-5.84677e-04
-2.36180e-03
-8.09546e-03
-1.25299e-02
-1.30132e-02
-1.21953e-02
-8.47303e-03
-1.39149e-03
5.23101e-03
1.05626e-02
1.32853e-02
1.25116e-02
9.52076e-03
5.23413e-03
4.22808e-04
-4.00191e-03
-7.63431e-03
-9.25500e-03
-7.23943e-03
-2.63559e-03
1.90451e-03
4.31879e-03
6.04235e-03
7.87877e-03
7.59117e-03
5.31631e-03
3.94941e-04
-6.32684e-03
-1.09182e-02
-1.24523e-02
-1.05338e-02
-4.08307e-03
4.14948e-03
8.51214e-03
7.69604e-03
3.90261e-03
-7.90957e-04
-4.45078e-03
-5.50262e-03
-3.64416e-03
-3.12222e-03
-3.89977e-03
-1.58712e-03
1.35633e-03
2.43090e-03
2.52606e-03
2.05739e-03
1.16659e-03
1.32873e-03
2.92426e-03
2.93664e-03
3.45729e-03
7.65434e-03
1.27057e-02
1.67237e-02
1.87440e-02
1.77082e-02
1.41235e-02
1.00676e-02
6.12737e-03
6.50266e-04
-3.10158e-03
-1.86411e-03
1.85735e-03
5.33866e-03
7.07597e-03
6.22127e-03
3.71811e-03
1.76861e-03
-3.73567e-04
-3.29948e-03
-5.27797e-03
-6.67821e-03
-6.85551e-03
-5.65506e-03
-3.70786e-03
-2.72532e-04
3.20573e-03
5.26051e-03
5.97020e-03
5.59060e-03
3.86649e-03
2.55524e-03
2.64909e-03
4.01231e-04
-2.52852e-03
-7.53754e-04
4.83607e-03
1.06698e-02
1.43925e-02
1.50480e-02
1.37321e-02
1.31505e-02
1.24204e-02
8.71966e-03
4.85099e-03
3.40441e-03
1.53542e-03
-1.87009e-03
-3.53555e-03
-2.26208e-03
-2.32252e-04
1.14891e-03
1.25261e-03
-3.76464e-04
-1.83330e-03
-2.80715e-04
1.99055e-03
1.82152e-03
1.04723e-03
7.47149e-04
8.16863e-04
3.03804e-04
-2.49726e-03
-4.75410e-03
-5.30844e-03
-7.40083e-03
-9.75464e-03
-9.67324e-03
-7.90958e-03
-5.74846e-03
-3.76287e-03
-1.19391e-03
1.28137e-03
3.37869e-03
4.78756e-03
1.41687e-03
-3.95274e-03
-5.63446e-03
-5.55155e-03
-4.79614e-03
-3.41377e-03
-3.61917e-03
-5.45957e-03
-5.74762e-03
-2.53118e-03
1.85788e-03
4.03701e-03
3.39331e-03
1.64986e-03
-1.75945e-03
-5.79334e-03
-6.99196e-03
-7.05939e-03
-6.53313e-03
-4.45343e-03
-3.49687e-03
-2.97161e-03
-5.20338e-04
1.05331e-03
-3.16296e-04
-2.03129e-04
2.49646e-03
2.67333e-03
-1.40054e-03
-7.20819e-03
-1.05305e-02
-1.10868e-02
-1.20313e-02
-1.28015e-02
-1.12264e-02
-6.42876e-03
-2.19272e-03
-1.65144e-03
-1.14062e-03
8.51846e-04
2.23135e-03
2.04018e-04
-4.62919e-03
-7.69202e-03
-1.06999e-02
-1.33308e-02
-9.59425e-03
-3.09202e-03
-3.53053e-04
3.51362e-04
1.55487e-03
2.21845e-03
2.58066e-03
2.30927e-03
7.52540e-04
2.58312e-04
-8.61329e-05
-2.04357e-05
2.54430e-03
3.98492e-03
3.44541e-03
3.62392e-03
4.18915e-03
4.09074e-03
3.27884e-03
1.06118e-03
-2.39655e-03
-3.76479e-03
-2.13804e-03
-6.20762e-04
-1.93762e-04
5.42949e-04
4.08465e-04
-1.90167e-03
-3.39624e-03
-2.95714e-03
-2.21928e-03
-9.32467e-04
2.39561e-04
1.80059e-04
-8.87703e-05
4.52907e-04
1.28622e-03
8.66528e-04
-3.02967e-04
1.00230e-04
1.35393e-03
2.39741e-03
4.35643e-03
5.48687e-03
4.35140e-03
5.10444e-03
8.31930e-03
8.14692e-03
4.40234e-03
8.13074e-04
-2.25094e-03
-3.05811e-03
-9.37706e-04
1.75147e-03
5.39098e-03
8.78269e-03
9.20097e-03
7.29004e-03
4.49075e-03
2.32555e-03
6.82448e-05
-1.02917e-03
2.44992e-03
6.42301e-03
7.55108e-03
7.30219e-03
4.52232e-03
-1.92283e-04
-2.84856e-03
-3.40318e-03
-3.03227e-03
3.18518e-04
3.28532e-03
2.81866e-03
2.97534e-03
3.81784e-03
3.39991e-03
1.91199e-03
2.38896e-04
-4.87419e-04
-1.36844e-03
-2.12748e-03
-2.06798e-03
-1.81373e-03
-6.77852e-04
6.97334e-04
5.57940e-04
-7.86829e-04
-2.70994e-03
-5.12406e-03
-5.60597e-03
-2.73104e-03
9.78491e-04
3.08084e-03
3.07455e-03
1.95566e-03
-4.13797e-04
-4.53622e-03
-8.57978e-03
-1.03771e-02
-7.79321e-03
-1.00868e-03
4.90826e-03
6.05356e-03
4.53637e-03
3.21669e-03
2.20082e-03
1.16655e-03
4.73030e-04
3.91218e-04
-3.26624e-04
-9.19125e-04
4.95245e-05
-1.01166e-03
-4.93555e-03
-6.03941e-03
-2.60059e-03
1.27892e-03
3.09201e-03
2.86962e-03
2.07761e-03
2.13417e-03
1.83717e-03
1.34531e-03
1.95784e-03
2.38500e-03
1.61575e-03
-8.52815e-04
-4.52464e-03
-6.42253e-03
-5.38572e-03
-2.94138e-03
-3.37195e-04
2.51255e-03
4.70732e-03
3.02115e-03
-1.07047e-03
-1.17918e-03
1.90510e-03
2.23695e-03
1.25001e-03
1.83962e-03
2.48137e-03
2.47087e-03
-5.78821e-05
-4.21009e-03
-4.89721e-03
-2.09732e-03
4.46155e-04
1.56084e-03
2.58617e-03
3.43649e-03
2.88166e-03
1.56465e-03
1.78924e-03
4.41814e-03
7.24346e-03
8.81488e-03
8.76467e-03
6.26974e-03
2.00770e-03
-1.97916e-03
-4.18034e-03
-3.91848e-03
-1.17367e-03
1.67667e-03
1.95203e-03
9.00588e-04
1.95621e-03
5.19317e-03
7.56923e-03
8.04724e-03
6.53794e-03
3.96215e-03
1.47937e-03
-2.04737e-03
-4.73565e-03
-3.83295e-03
-4.45340e-04
2.87200e-03
3.90229e-03
3.07463e-03
1.95869e-03
1.37355e-03
2.43334e-04
-2.61313e-03
-2.44693e-03
1.41921e-03
2.04953e-03
1.23913e-03
2.63835e-03
2.34553e-03
1.12790e-03
1.22134e-03
-1.10580e-03
-6.09124e-03
-8.92144e-03
-9.00583e-03
-8.06235e-03
-4.93881e-03
-9.29612e-04
3.45643e-04
-3.89959e-05
4.55901e-04
-8.86986e-04
-4.86847e-03
-6.29480e-03
-4.69228e-03
-2.91826e-03
-1.60647e-03
-2.42751e-03
-3.83317e-03
-3.05550e-03
-2.60468e-03
-3.98105e-03
-5.49169e-03
-5.43705e-03
-3.89818e-03
-3.52303e-03
-4.27770e-03
-4.62381e-03
-4.56791e-03
-2.63465e-03
-1.47565e-04
3.37424e-04
1.14294e-03
3.02381e-03
4.00043e-03
3.14034e-03
1.26532e-04
-1.73485e-03
-3.75791e-04
-6.62284e-05
-2.19238e-03
-2.79986e-03
-1.00381e-03
5.79013e-04
1.43656e-03
9.59195e-04
-1.86619e-03
-3.34890e-03
-2.40795e-03
-2.09646e-03
-1.99405e-03
-2.60600e-03
-4.31667e-03
-5.07299e-03
-4.22977e-03
-2.10283e-03
-1.82145e-03
-3.04455e-03
-1.31225e-03
3.42828e-04
-6.54041e-05
9.67029e-04
2.25503e-03
3.65099e-03
6.78938e-03
8.12092e-03
6.00224e-03
3.73415e-03
3.61249e-03
3.98305e-03
2.30530e-03
1.46616e-04
-2.08398e-04
1.24202e-03
3.17822e-03
2.96938e-03
1.89950e-03
2.57508e-03
1.97857e-03
-4.44340e-04
-1.50253e-03
-1.57383e-03
-6.64718e-04
9.82073e-04
1.35109e-03
2.33686e-03
5.56537e-03
7.99587e-03
6.68540e-03
1.87106e-03
-3.04283e-03
-4.72776e-03
-3.57814e-03
-2.18108e-03
-2.41725e-03
-2.60357e-03
-8.43239e-04
-1.45902e-05
-7.98208e-04
-1.92004e-03
-3.98330e-03
-4.55578e-03
-2.92403e-03
-2.29128e-03
-2.84326e-03
-2.47452e-03
-2.61467e-03
-3.74932e-03
-1.74868e-03
1.26232e-03
1.45811e-03
1.27883e-03
-1.91283e-04
-3.06134e-03
-2.85158e-03
-1.54037e-03
-1.61167e-03
-8.27177e-05
9.95211e-04
-5.70008e-04
-1.24908e-03
-5.13925e-05
1.00358e-03
9.13216e-04
-1.65224e-04
-2.68984e-03
-4.70164e-03
-4.20415e-03
-3.72599e-03
-3.38873e-03
-3.35391e-03
-4.26483e-03
-2.31297e-03
2.15200e-03
4.78194e-03
4.34866e-03
1.87007e-03
-6.48344e-04
-2.05412e-03
-3.76342e-03
-6.25490e-03
-6.38635e-03
-3.41352e-03
-1.70716e-03
-3.35012e-03
-5.17859e-03
-4.71990e-03
-2.90045e-03
-9.91352e-04
1.47650e-04
5.15892e-04
8.48438e-04
8.70625e-04
5.97512e-04
-7.14025e-04
-3.54572e-03
-4.86518e-03
-4.65513e-03
-5.51822e-03
-6.05145e-03
-4.61414e-03
-6.66286e-04
4.21909e-03
7.16033e-03
8.15402e-03
6.76427e-03
2.94957e-03
-1.26676e-03
-4.08599e-03
-4.53820e-03
-2.96395e-03
-6.06980e-04
4.43215e-04
4.06529e-04
9.40294e-04
1.42929e-03
1.53879e-03
1.45126e-03
1.33180e-03
1.77133e-03
3.00582e-03
4.33741e-03
4.44315e-03
4.17226e-03
4.53165e-03
4.71666e-03
4.94766e-03
4.80693e-03
4.77707e-03
6.14667e-03
6.91470e-03
7.25663e-03
8.54181e-03
9.49181e-03
9.73094e-03
8.70183e-03
6.55874e-03
5.22405e-03
5.78501e-03
6.77021e-03
6.24848e-03
5.86554e-03
6.32836e-03
5.83607e-03
4.55170e-03
2.77590e-03
3.27409e-04
-1.13376e-03
-1.25804e-04
1.49295e-03
1.71676e-03
1.17432e-03
-2.12833e-05
-8.72583e-04
3.06381e-05
1.21736e-03
2.54935e-03
4.01578e-03
3.97257e-03
3.06574e-03
1.95901e-03
8.23481e-04
1.04750e-03
2.35040e-03
2.23427e-03
1.20713e-03
1.90354e-03
3.12702e-03
3.41803e-03
3.06277e-03
2.25960e-03
2.11871e-03
2.45148e-03
1.21726e-03
-1.74026e-03
-3.94814e-03
-4.77078e-03
-4.98930e-03
-3.98057e-03
-2.05992e-03
1.21845e-04
2.76642e-03
5.52404e-03
6.83273e-03
5.44886e-03
2.69113e-03
4.79270e-04
-2.84670e-04
2.61207e-04
5.15027e-04
-4.36708e-05
-6.21987e-04
-1.38624e-03
-1.89643e-03
-1.22948e-03
-1.73302e-04
4.07553e-04
-1.27150e-04
-2.19148e-03
-3.55070e-03
-3.27776e-03
-4.46841e-03
-7.19362e-03
-7.96975e-03
-6.72869e-03
-6.18116e-03
-7.57376e-03
-9.71305e-03
-1.07392e-02
-1.01625e-02
-7.86274e-03
-4.74230e-03
-2.39570e-03
-2.91753e-04
1.53639e-03
1.81899e-03
9.23560e-04
-3.44732e-05
-3.08597e-04
3.41094e-04
1.40510e-03
1.17159e-03
-5.36857e-04
-9.25752e-04
7.50891e-06
6.85775e-04
2.04178e-03
3.25586e-03
3.32571e-03
3.14784e-03
1.86363e-03
-5.36622e-05
-9.06010e-04
-2.14930e-03
-3.52248e-03
-3.06704e-03
-2.88174e-03
-3.30762e-03
-1.92638e-03
-6.57836e-04
-9.15805e-05
2.46285e-03
4.82509e-03
5.42594e-03
7.34595e-03
8.80931e-03
6.77784e-03
4.17506e-03
2.73579e-03
3.29934e-04
-3.34484e-03
-5.80123e-03
-6.72232e-03
-6.57153e-03
-4.68987e-03
-2.96998e-03
-1.74986e-03
-5.29346e-05
5.67235e-04
1.73456e-04
-2.18973e-04
-4.99378e-04
-3.08276e-04
-7.00523e-04
-2.28907e-03
-2.58885e-03
-1.24334e-03
2.02714e-04
1.96247e-03
2.71185e-03
1.90456e-03
1.35882e-04
-2.60219e-03
-4.05240e-03
-3.45335e-03
-1.92811e-03
2.11897e-04
9.68962e-04
1.57700e-04
6.98818e-04
1.52597e-03
5.99169e-04
-9.00125e-04
-3.45372e-03
-6.19142e-03
-6.49647e-03
-5.84277e-03
-5.61794e-03
-5.01895e-03
-4.20135e-03
-3.34040e-03
-2.55294e-03
-1.47927e-03
5.13167e-04
2.10995e-03
2.53233e-03
1.41087e-03
-1.25180e-03
-2.66057e-03
-3.34890e-03
-5.76011e-03
-7.52244e-03
-6.90800e-03
-4.99152e-03
-2.20386e-03
1.16401e-05
-7.67766e-04
-3.05516e-03
-3.27136e-03
-1.51400e-03
1.75079e-03
6.24264e-03
8.59204e-03
7.84587e-03
6.17519e-03
3.71053e-03
5.51216e-04
-2.14051e-03
-3.16241e-03
-1.24063e-03
1.66376e-03
2.79024e-03
2.65781e-03
2.44405e-03
3.13886e-03
3.63432e-03
2.36902e-03
8.92567e-04
-6.20109e-04
-2.78575e-03
-4.53718e-03
-5.51552e-03
-5.39095e-03
-3.55249e-03
-1.58751e-03
-1.58083e-03
-1.62195e-03
-3.78911e-04
4.11383e-04
1.07128e-03
1.69623e-03
2.06409e-03
3.52782e-03
4.73875e-03
4.16608e-03
3.31404e-03
1.97316e-03
1.29946e-04
-2.93722e-04
-7.51793e-04
-1.18595e-03
4.75275e-04
1.56262e-03
6.46102e-04
-6.12379e-04
-1.40506e-03
-5.75465e-04
1.37204e-03
1.33611e-03
-5.41401e-04
-9.63798e-04
-1.09809e-03
-2.73015e-03
-3.68004e-03
-3.24819e-03
-1.80412e-03
-6.32457e-04
-1.20247e-03
-1.57596e-03
-8.74103e-04
-3.57515e-04
1.84802e-04
1.17341e-03
1.64168e-03
9.91865e-04
-2.84209e-05
-1.07044e-03
-1.31009e-03
-7.26514e-04
-4.92255e-04
8.45028e-04
2.53569e-03
1.71780e-03
-2.64465e-04
-2.35041e-03
-4.18419e-03
-4.22905e-03
-3.17798e-03
-1.58737e-03
5.58181e-04
2.23248e-03
3.00439e-03
1.90433e-03
-3.68841e-04
-2.86563e-04
1.60560e-03
1.50144e-03
-3.76848e-04
-1.73014e-03
-2.31610e-03
-1.62618e-03
8.43248e-04
3.27012e-03
4.88799e-03
5.57867e-03
3.60296e-03
1.94013e-04
-1.77383e-03
-2.51309e-03
-2.13001e-03
2.24627e-04
3.59130e-03
6.41107e-03
7.11977e-03
5.61392e-03
4.30061e-03
3.58866e-03
3.02234e-03
3.12651e-03
3.08546e-03
3.39700e-03
3.84420e-03
3.00149e-03
2.56444e-03
3.05892e-03
2.83505e-03
1.98573e-03
1.91048e-03
2.79413e-03
2.97269e-03
2.64085e-03
3.03414e-03
3.17637e-03
2.18987e-03
4.96425e-04
-1.11833e-03
-2.15757e-03
-2.18823e-03
-6.16371e-04
1.44625e-03
2.32270e-03
2.32373e-03
2.38716e-03
3.20037e-03
4.28869e-03
3.79652e-03
1.94451e-03
6.13982e-04
1.12817e-05
-9.26473e-04
-2.04328e-03
-1.77228e-03
-2.05343e-04
6.72880e-04
4.30477e-04
7.35861e-04
1.54891e-03
1.29742e-03
7.60828e-04
9.39731e-04
1.29972e-03
1.92105e-03
2.21132e-03
5.69706e-04
-1.49307e-03
-1.60293e-03
-1.63163e-03
-2.41572e-03
-1.87898e-03
-5.36394e-04
8.42658e-06
3.12959e-05
4.04002e-04
1.05018e-03
1.44014e-03
1.65634e-03
1.95813e-03
2.66144e-03
3.19307e-03
2.37201e-03
1.20773e-03
7.26603e-04
2.05237e-04
-1.80016e-05
-9.75247e-05
-1.02012e-03
-1.72557e-03
-1.49347e-03
-1.24088e-03
-3.08177e-04
1.64235e-03
1.80130e-03
-4.55367e-04
-2.78505e-03
-5.41209e-03
-8.56896e-03
-1.01747e-02
-9.79337e-03
-8.14022e-03
-5.27896e-03
-2.20349e-03
-1.95450e-04
6.45819e-04
3.75675e-04
-1.26077e-03
-2.95729e-03
-2.75131e-03
-1.43108e-03
-8.41688e-04
-7.98884e-04
-1.19190e-03
-3.20880e-03
-5.86614e-03
-6.62447e-03
-5.34461e-03
-3.95907e-03
-3.95854e-03
-4.63243e-03
-4.60637e-03
-3.22320e-03
-1.31562e-03
-1.50976e-03
-3.25281e-03
-4.18515e-03
-5.54546e-03
-7.75801e-03
-8.57256e-03
-7.15120e-03
-4.17113e-03
-1.61192e-03
-1.04526e-03
-8.99094e-04
-6.60786e-05
3.71285e-04
2.17797e-04
-2.93612e-04
-6.48518e-04
-2.49102e-04
-5.55133e-04
-1.74071e-03
-2.17246e-03
-2.73545e-03
-3.80484e-03
-3.53525e-03
-1.67717e-03
6.89059e-05
7.70161e-04
8.00699e-04
-2.11841e-04
-1.40304e-03
-1.38872e-03
-1.87464e-03
-2.51714e-03
-1.52741e-03
-6.05724e-04
-5.58668e-04
-8.55184e-04
-9.81596e-04
-1.03678e-04
7.31903e-04
8.23738e-04
7.84511e-04
1.34326e-03
2.23264e-03
2.15575e-03
2.63279e-03
3.72423e-03
2.61519e-03
8.63574e-04
-5.35111e-05
-1.73363e-03
-3.10084e-03
-2.10002e-03
3.65660e-04
2.44389e-03
3.74264e-03
3.41685e-03
1.57210e-03
8.53971e-04
2.60732e-04
-2.10690e-03
-2.70207e-03
-3.37403e-04
1.62687e-03
2.42670e-03
2.69206e-03
2.52477e-03
2.51688e-03
2.07768e-03
5.58912e-04
-7.62972e-04
-9.73517e-04
-5.37419e-04
1.34902e-03
4.92167e-03
7.50729e-03
8.52748e-03
8.94821e-03
7.52338e-03
4.35758e-03
1.56731e-03
6.85163e-04
2.08464e-03
4.21748e-03
4.51365e-03
2.57536e-03
5.79319e-04
-5.92554e-04
-1.59508e-03
-1.40440e-03
5.37128e-04
3.01091e-03
4.99567e-03
5.03343e-03
3.41332e-03
2.11130e-03
1.45236e-03
8.34579e-04
-5.65936e-04
-1.82778e-03
-1.41206e-03
2.03581e-04
1.96296e-03
2.49649e-03
2.52417e-03
2.94004e-03
1.85032e-03
1.06536e-04
-1.29924e-04
1.06294e-03
4.08533e-03
7.34505e-03
8.36842e-03
8.62607e-03
9.06843e-03
8.07282e-03
5.58808e-03
3.22683e-03
1.37769e-03
-2.54982e-04
-8.56247e-04
-1.01527e-03
-9.41918e-04
9.55145e-04
3.08197e-03
3.66921e-03
3.93177e-03
3.97429e-03
3.64893e-03
3.64813e-03
2.79096e-03
7.81013e-04
-3.35160e-04
-4.83683e-04
-5.14982e-04
-6.10454e-04
-1.06892e-03
-1.38447e-03
-1.72832e-03
-2.00607e-03
-1.06284e-03
4.02339e-04
1.30705e-03
1.61198e-03
1.47046e-03
1.20806e-03
8.10830e-04
4.32922e-04
-3.58370e-05
-7.05047e-04
-9.09277e-04
-8.33022e-04
-7.73849e-04
-3.14803e-04
6.90303e-04
2.27300e-03
3.82632e-03
3.91372e-03
2.60118e-03
1.70238e-03
1.31023e-03
9.21688e-04
1.37684e-03
1.92245e-03
1.88533e-03
1.86152e-03
6.86870e-04
-1.34199e-03
-2.06278e-03
-2.15722e-03
-2.42295e-03
-2.50971e-03
-2.75771e-03
-2.47226e-03
-1.97146e-03
-2.13004e-03
-1.77264e-03
-1.27315e-03
-1.47229e-03
-9.19639e-04
3.23879e-04
6.77047e-04
5.97321e-04
-2.33696e-04
-3.26773e-03
-6.11397e-03
-6.10303e-03
-4.20741e-03
-2.09021e-03
-7.36340e-04
-6.19912e-04
-1.22785e-03
-7.16429e-04
6.61000e-04
2.55226e-04
-1.09822e-03
-9.26552e-04
-4.00198e-05
3.50328e-04
7.52320e-05
-1.12842e-03
-1.53230e-03
-6.23753e-05
7.47768e-04
-3.30194e-04
-1.03159e-03
-4.02588e-04
-9.55906e-04
-2.81428e-03
-3.34195e-03
-2.83957e-03
-2.10582e-03
-1.54205e-03
-2.13892e-03
-3.12521e-03
-3.74403e-03
-3.28744e-03
-1.55434e-03
-6.75899e-04
-1.00862e-03
-1.99441e-03
-4.16226e-03
-5.77230e-03
-6.13416e-03
-6.16739e-03
-5.29849e-03
-4.24911e-03
-3.49550e-03
-3.28185e-03
-5.14474e-03
-7.44238e-03
-7.75374e-03
-6.97719e-03
-5.68324e-03
-3.58664e-03
-2.13115e-03
-1.91940e-03
-1.65916e-03
-1.79267e-03
-3.15039e-03
-4.33056e-03
-4.83438e-03
-5.31990e-03
-5.43405e-03
-5.07654e-03
-4.37881e-03
-3.76975e-03
-3.38046e-03
-2.49175e-03
-1.95736e-03
-2.36873e-03
-2.46714e-03
-1.62392e-03
-9.66651e-04
-1.44110e-03
-2.10628e-03
-2.34833e-03
-1.79450e-03
-7.50054e-04
-6.81123e-04
-8.87891e-04
-5.70698e-04
-3.30062e-04
-3.52297e-04
-1.14259e-03
-2.34054e-03
-2.14657e-03
-7.33645e-04
-1.19286e-04
4.01087e-06
6.17443e-04
1.16336e-03
1.76465e-03
2.15117e-03
1.84731e-03
1.80559e-03
2.05839e-03
2.11526e-03
2.72534e-03
3.48349e-03
3.28228e-03
2.79287e-03
2.19607e-03
1.34240e-03
9.14032e-04
8.40987e-04
1.66340e-03
3.07411e-03
3.93390e-03
5.19604e-03
6.21420e-03
5.45303e-03
4.08337e-03
3.20128e-03
2.79741e-03
3.16854e-03
3.63816e-03
2.47436e-03
8.64625e-04
4.81020e-04
1.57751e-04
1.24690e-04
9.86422e-04
2.14490e-03
3.42994e-03
4.45192e-03
4.91585e-03
4.47957e-03
3.78411e-03
3.60548e-03
3.40106e-03
3.55521e-03
3.44183e-03
2.08389e-03
1.48567e-03
1.84243e-03
1.64600e-03
2.22735e-03
3.72677e-03
4.57227e-03
5.19408e-03
5.39225e-03
4.20782e-03
3.20787e-03
3.53860e-03
4.07318e-03
4.70689e-03
5.11100e-03
4.69546e-03
4.43796e-03
3.75018e-03
2.42332e-03
1.45963e-03
2.55505e-04
-7.68470e-05
4.90433e-04
-1.72768e-04
7.54995e-06
1.76314e-03
2.00850e-03
1.06387e-03
3.34340e-04
-2.81981e-04
9.37529e-05
1.22191e-03
1.85033e-03
2.32731e-03
2.30863e-03
1.06228e-03
-3.79117e-04
-9.79861e-04
-9.98924e-04
-1.48241e-03
-1.99715e-03
-1.59433e-03
-1.10487e-03
-1.13891e-03
-1.75081e-03
-2.45615e-03
-2.69685e-03
-2.83736e-03
-2.56076e-03
-2.47939e-03
-3.37295e-03
-3.52435e-03
-2.50184e-03
-1.23307e-03
1.65238e-04
8.31163e-04
-3.98109e-05
-1.86963e-03
-3.61944e-03
-4.98655e-03
-5.12625e-03
-3.32222e-03
-1.41248e-03
-6.69377e-04
-1.62958e-04
3.71649e-04
2.23975e-05
-8.75409e-04
-1.20110e-03
-1.36025e-03
-1.53082e-03
-1.64259e-03
-2.24454e-03
-2.52744e-03
-1.95841e-03
-1.85213e-03
-2.23038e-03
-2.01825e-03
-1.54516e-03
-1.32717e-03
-1.83653e-03
-2.75979e-03
-2.49424e-03
-1.13918e-03
-3.30803e-04
-4.35562e-04
-8.08611e-04
-1.29687e-03
-1.24425e-03
-8.82514e-04
-1.29446e-03
-9.68884e-04
4.00713e-04
7.16349e-04
1.17052e-04
1.98489e-04
1.15615e-03
1.85381e-03
1.93703e-03
1.41679e-03
1.98418e-04
-7.50056e-04
-1.19024e-03
-1.72565e-03
-2.12651e-03
-2.01044e-03
-1.58870e-03
-1.47421e-03
-1.70197e-03
-1.84594e-03
-1.97501e-03
-2.30804e-03
-2.10569e-03
-6.13180e-04
5.09592e-04
2.55216e-04
1.49371e-05
-3.67317e-04
-1.33846e-03
-1.73222e-03
-1.33927e-03
-1.17623e-03
-7.58289e-04
1.00780e-03
2.36997e-03
2.14087e-03
2.07163e-03
2.37167e-03
2.25949e-03
1.91611e-03
1.16402e-03
7.51552e-04
1.16764e-03
1.48882e-03
1.87402e-03
2.35925e-03
2.51116e-03
2.58755e-03
2.77490e-03
3.27607e-03
3.73226e-03
3.86590e-03
3.78010e-03
3.53548e-03
3.47844e-03
3.21586e-03
2.75769e-03
2.26572e-03
1.20409e-03
1.53668e-04
6.05121e-05
1.24514e-03
2.75044e-03
3.25669e-03
2.65404e-03
1.17782e-03
-1.26825e-05
-1.66442e-04
-2.60995e-04
-5.03906e-04
-3.77094e-04
-3.60068e-05
4.16739e-04
9.67589e-04
9.51408e-04
2.45320e-04
4.28443e-05
8.00567e-04
1.78379e-03
2.61412e-03
2.74245e-03
1.85876e-03
1.15423e-03
1.10998e-03
7.45293e-04
8.60192e-07
-2.28092e-04
4.60029e-05
3.84705e-04
1.17456e-03
2.04565e-03
2.58503e-03
3.09455e-03
2.17840e-03
3.21295e-04
2.70356e-04
1.35743e-03
2.12137e-03
2.70638e-03
3.18678e-03
3.31774e-03
2.54917e-03
1.41298e-03
5.83258e-04
3.43874e-04
9.50685e-04
1.36528e-03
7.59974e-04
-6.66301e-04
-2.27473e-03
-3.53241e-03
-4.50249e-03
-4.91393e-03
-4.75260e-03
-4.59612e-03
-4.28430e-03
-3.92523e-03
-4.38406e-03
-4.79615e-03
-3.81074e-03
-2.39813e-03
-2.26415e-03
-3.68730e-03
-5.49318e-03
-6.78230e-03
-7.10425e-03
-5.99166e-03
-3.87461e-03
-1.62958e-03
-2.70319e-04
-2.85112e-04
-1.09087e-03
-2.30208e-03
-3.75834e-03
-4.39552e-03
-3.18132e-03
-1.24745e-03
-3.36509e-04
-2.26454e-05
6.47063e-04
1.16618e-03
9.77989e-04
3.29839e-04
6.06743e-05
7.96208e-04
1.35160e-03
7.63636e-04
1.72874e-04
5.01093e-04
7.60926e-04
-5.64843e-05
-9.72988e-04
-1.72974e-03
-2.87954e-03
-3.20876e-03
-2.58527e-03
-1.95494e-03
-1.28534e-03
-1.38826e-03
-2.15922e-03
-2.11059e-03
-2.33655e-03
-3.81405e-03
-4.35973e-03
-3.15744e-03
-1.98473e-03
-1.47741e-03
-1.15001e-03
-1.06197e-03
-1.10467e-03
-1.08722e-03
-1.10412e-03
-1.00739e-03
-5.00494e-04
2.47266e-04
3.45392e-04
1.12218e-04
5.57130e-04
1.16119e-03
1.94983e-03
3.11398e-03
3.35505e-03
2.79396e-03
2.44201e-03
1.77575e-03
9.89762e-04
6.91508e-04
3.73358e-04
-7.93470e-05
-3.10448e-04
3.12765e-04
1.33420e-03
1.72292e-03
2.43642e-03
3.85084e-03
4.59385e-03
4.32340e-03
3.19652e-03
7.55566e-04
-1.33894e-03
-1.46322e-03
-1.41837e-03
-1.61230e-03
-1.03515e-03
-2.05390e-04
7.99631e-04
1.89430e-03
2.04727e-03
8.12917e-04
-3.67896e-04
-4.35452e-04
-2.87478e-04
-4.64405e-05
4.57298e-04
9.08357e-04
1.75989e-03
2.15763e-03
1.08933e-03
-2.91162e-04
-1.47856e-03
-2.10834e-03
-1.31467e-03
-7.38900e-04
-1.43178e-03
-1.29198e-03
-1.28877e-04
5.85406e-04
1.38229e-03
2.11757e-03
1.92684e-03
1.20005e-03
7.97685e-05
-1.33171e-03
-2.61250e-03
-3.44614e-03
-3.38390e-03
-2.05127e-03
1.86701e-04
1.97411e-03
2.45585e-03
2.21369e-03
1.93959e-03
1.77791e-03
2.22671e-03
3.40508e-03
4.30063e-03
4.15152e-03
2.80456e-03
7.65163e-04
-7.23744e-04
-1.13849e-03
-1.17616e-03
-1.25556e-03
-8.55434e-04
2.21367e-04
1.11900e-03
1.21453e-03
9.72934e-04
7.37372e-04
4.03198e-04
-4.76831e-04
-1.87983e-03
-2.44357e-03
-1.98144e-03
-1.37799e-03
-8.63169e-04
-3.63879e-04
5.72022e-04
1.54662e-03
1.69093e-03
9.50310e-04
6.15459e-05
1.54658e-04
6.71871e-04
4.93252e-04
4.04928e-04
4.51495e-04
-6.04346e-05
-1.33049e-04
-2.34778e-04
-1.04861e-03
-1.15409e-03
-6.99251e-04
-1.24640e-04
3.61969e-04
2.23403e-05
-5.62703e-04
-1.01451e-03
-1.59134e-03
-2.10268e-03
-2.12988e-03
-2.06088e-03
-2.34109e-03
-2.59333e-03
-2.83083e-03
-2.64287e-03
-1.51541e-03
9.88746e-05
1.41046e-03
1.71984e-03
1.07238e-03
-1.42433e-04
-1.75128e-03
-2.67167e-03
-2.19397e-03
-1.44352e-03
-1.89237e-04
1.39482e-03
1.30626e-03
5.09245e-04
4.37991e-04
4.98547e-04
7.03418e-04
1.24052e-03
1.59880e-03
1.52884e-03
1.40242e-03
8.97488e-04
-9.21600e-05
-5.58853e-04
-5.47777e-04
-9.08211e-04
-1.38279e-03
-1.47510e-03
-1.74088e-03
-2.06713e-03
-1.36583e-03
-4.67071e-04
-7.72572e-04
-1.09977e-03
-4.40112e-04
1.64282e-05
-5.74440e-06
1.48634e-04
1.95225e-04
5.71046e-04
1.54369e-03
1.76384e-03
1.18806e-03
1.01689e-03
1.29614e-03
1.60665e-03
2.22371e-03
2.91944e-03
3.11629e-03
3.43006e-03
3.78327e-03
3.89347e-03
4.09170e-03
3.32974e-03
1.63856e-03
6.54059e-04
2.52010e-04
-2.44257e-04
1.16648e-04
1.20341e-03
1.43400e-03
6.71041e-04
-6.82609e-04
-1.56835e-03
-9.89512e-04
-2.18437e-04
1.28853e-04
4.69120e-04
3.75417e-04
-1.30952e-04
-1.07622e-03
-2.03944e-03
-1.78872e-03
-8.91161e-04
-3.17743e-05
1.42639e-03
3.03231e-03
4.06365e-03
4.60890e-03
4.40113e-03
3.69235e-03
3.16355e-03
2.34473e-03
1.28198e-03
6.31515e-04
3.77928e-04
5.53902e-04
5.69502e-04
-8.05035e-05
-7.17082e-04
-6.73873e-04
9.67713e-05
1.08936e-03
1.65429e-03
1.40157e-03
6.52979e-04
-1.06901e-04
-1.00335e-03
-1.67285e-03
-2.09401e-03
-2.79576e-03
-2.81801e-03
-1.66036e-03
-2.76945e-04
4.68459e-04
4.62161e-04
8.81011e-04
1.70027e-03
2.10134e-03
2.47522e-03
2.76172e-03
3.09186e-03
3.55453e-03
3.17491e-03
1.49405e-03
2.48892e-04
7.88970e-04
9.55164e-04
3.44897e-04
5.71635e-04
8.97018e-04
1.25650e-03
1.71860e-03
1.43164e-03
1.12058e-03
1.45663e-03
1.86931e-03
1.95638e-03
1.73631e-03
1.08014e-03
7.82246e-05
-8.18198e-04
-1.42546e-03
-1.76850e-03
-1.78791e-03
-1.34502e-03
-1.19520e-03
-1.93030e-03
-2.22598e-03
-1.82079e-03
-1.75707e-03
-1.78295e-03
-1.65501e-03
-1.38094e-03
-7.95711e-04
6.54475e-05
8.68049e-04
1.21749e-03
1.32001e-03
9.76311e-04
2.76735e-04
-6.69540e-04
-2.37255e-03
-3.49994e-03
-3.01582e-03
-1.77419e-03
-6.59549e-04
-3.11106e-04
-3.09956e-04
6.84987e-05
3.75938e-04
9.53968e-05
4.88807e-04
2.14338e-03
3.05852e-03
2.78500e-03
2.11023e-03
8.05802e-04
-4.93069e-04
-1.07870e-03
-1.55019e-03
-2.12037e-03
-2.31280e-03
-2.49264e-03
-2.55348e-03
-2.48358e-03
-3.11038e-03
-3.38812e-03
-3.21269e-03
-3.27085e-03
-2.60276e-03
-2.18088e-03
-2.22573e-03
-1.57212e-03
-1.43160e-03
-1.86495e-03
-2.23807e-03
-2.92312e-03
-2.96799e-03
-2.46758e-03
-2.15757e-03
-1.39189e-03
-1.05635e-03
-2.27736e-03
-3.78588e-03
-4.65261e-03
-5.31533e-03
-5.18420e-03
-3.61317e-03
-1.75046e-03
-3.65786e-04
5.89880e-04
5.40085e-04
-4.17585e-04
-1.35964e-03
-2.44689e-03
-3.52581e-03
-3.54003e-03
-3.25046e-03
-3.04379e-03
-2.25440e-03
-1.63400e-03
-1.24725e-03
-8.68614e-04
-6.74237e-04
-5.40561e-04
-8.89334e-04
-9.47882e-04
-4.59690e-05
4.83901e-04
3.76795e-04
9.94955e-05
-8.84597e-04
-2.11773e-03
-2.89937e-03
-3.52258e-03
-3.26851e-03
-1.58099e-03
1.28737e-04
8.00739e-04
8.39764e-04
9.21679e-04
1.47662e-03
1.67802e-03
7.37901e-04
-1.29175e-05
3.65457e-04
1.34334e-03
2.15079e-03
2.10116e-03
1.64064e-03
1.88304e-03
2.53825e-03
2.23609e-03
1.07154e-03
-6.21934e-05
-5.12496e-04
3.05397e-04
8.51329e-04
1.55533e-04
-1.06035e-04
3.05135e-04
2.00440e-04
-6.25032e-04
-1.40486e-03
-1.62350e-03
-1.01244e-03
1.66129e-04
4.79802e-04
4.49402e-04
1.20954e-03
1.68978e-03
1.82605e-03
2.21039e-03
2.24256e-03
1.55383e-03
7.47523e-04
7.10578e-04
9.68925e-04
8.99081e-04
1.14956e-03
1.48342e-03
1.96522e-03
2.96801e-03
3.06342e-03
2.48774e-03
2.75269e-03
3.28675e-03
2.86464e-03
1.89066e-03
1.39519e-03
6.67119e-04
1.70992e-04
6.86445e-04
7.65095e-04
1.04055e-03
2.14459e-03
2.63638e-03
2.36558e-03
1.57856e-03
6.37280e-04
1.03827e-04
-3.46332e-04
-4.91486e-04
9.28941e-05
5.17688e-04
5.38564e-04
7.51227e-04
7.55588e-04
5.74224e-04
8.26920e-04
1.38367e-03
1.97606e-03
2.04061e-03
1.35320e-03
1.11890e-03
1.57773e-03
1.87516e-03
2.32113e-03
2.92441e-03
3.29851e-03
3.69252e-03
3.56478e-03
2.56026e-03
1.69022e-03
1.16364e-03
6.29307e-04
2.97846e-04
-6.74042e-05
-1.07457e-04
9.42789e-05
-1.29419e-04
6.65113e-06
1.13609e-04
-2.60852e-04
-2.79272e-04
-2.87338e-04
-5.47226e-05
1.02714e-03
2.29556e-03
3.40237e-03
3.98314e-03
3.31431e-03
1.69419e-03
2.99431e-04
1.15832e-04
5.54819e-04
7.96109e-04
8.49077e-04
2.55525e-04
8.58077e-05
8.59669e-04
9.42000e-04
8.33309e-04
1.24413e-03
1.18275e-03
6.43213e-04
1.59576e-04
-4.23198e-04
-7.86941e-04
-4.96136e-04
4.06619e-05
5.05948e-04
4.51024e-04
-2.15439e-04
-5.89995e-04
-4.50117e-04
-5.09556e-04
-5.25715e-04
3.30232e-06
3.27791e-04
3.78727e-04
7.41488e-04
1.44265e-03
2.16824e-03
2.12442e-03
1.26252e-03
1.71552e-04
-1.05677e-03
-2.06185e-03
-2.46645e-03
-2.82070e-03
-3.12477e-03
-3.13942e-03
-3.29631e-03
-3.03161e-03
-2.79344e-03
-3.18973e-03
-2.71163e-03
-1.97143e-03
-2.12236e-03
-2.45206e-03
-3.06866e-03
-3.84742e-03
-4.53037e-03
-5.06178e-03
-4.77897e-03
-3.91148e-03
-2.85794e-03
-1.68437e-03
-8.41017e-04
-9.91905e-04
-1.88864e-03
-2.33310e-03
-2.61957e-03
-2.98160e-03
-2.34576e-03
-1.45236e-03
-9.10659e-04
1.10630e-04
6.18716e-04
-8.37575e-05
-6.93176e-04
-1.36100e-03
-2.43120e-03
-2.85251e-03
-2.63718e-03
-1.73182e-03
-1.23650e-04
8.56554e-04
1.07477e-03
1.16331e-03
7.20766e-04
-5.88189e-04
-1.95489e-03
-2.47498e-03
-2.32439e-03
-1.83613e-03
-1.19625e-03
-4.59064e-04
1.95889e-04
3.10991e-04
2.16399e-04
2.67485e-04
1.03778e-04
-1.23653e-04
3.18487e-04
1.00642e-03
1.08862e-03
9.08936e-04
6.07162e-04
9.90695e-05
-3.29831e-04
-7.41988e-04
-1.18580e-03
-1.15581e-03
-4.02061e-04
3.25675e-04
7.18082e-04
1.09386e-03
1.51094e-03
1.79987e-03
1.49193e-03
9.66530e-04
9.63452e-04
1.45403e-03
2.27229e-03
2.75855e-03
2.60537e-03
2.51851e-03
2.48146e-03
2.36290e-03
2.73673e-03
3.24578e-03
3.42771e-03
3.52205e-03
3.07942e-03
2.22894e-03
1.91020e-03
1.65839e-03
1.02451e-03
1.08808e-03
1.87886e-03
1.97076e-03
1.31961e-03
8.87001e-04
8.38636e-04
8.02610e-04
5.34980e-04
6.19735e-04
1.38829e-03
1.93557e-03
1.95550e-03
1.52399e-03
5.44849e-04
-3.29266e-05
1.55697e-04
3.23754e-04
6.09711e-04
1.38938e-03
2.09930e-03
2.74155e-03
3.61089e-03
3.93235e-03
3.76672e-03
3.46956e-03
2.26995e-03
5.17632e-04
-7.15131e-04
-1.10758e-03
-7.60998e-04
-3.58536e-04
-5.27098e-04
-9.41223e-04
-1.08316e-03
-6.90832e-04
1.91353e-04
9.72663e-04
1.52574e-03
1.61955e-03
1.04846e-03
3.66192e-04
-7.94762e-04
-2.20908e-03
-2.60627e-03
-2.02589e-03
-1.27359e-03
-1.01728e-03
-1.24587e-03
-1.53168e-03
-1.76807e-03
-1.89172e-03
-1.44113e-03
-4.07649e-04
6.87422e-05
5.53764e-05
1.12264e-04
-2.95776e-04
-4.87000e-04
-1.54634e-04
-1.20994e-04
3.43474e-06
-1.48957e-04
-1.27215e-03
-1.79916e-03
-1.05517e-03
-2.02219e-04
6.07109e-04
1.27994e-03
1.50344e-03
1.35653e-03
4.77531e-04
-9.59141e-04
-2.04727e-03
-2.42964e-03
-2.61502e-03
-2.63833e-03
-1.91920e-03
-1.07751e-03
-1.03288e-03
-1.80014e-03
-2.63749e-03
-2.55957e-03
-2.17357e-03
-2.55312e-03
-3.14237e-03
-3.26418e-03
-2.86168e-03
-1.90686e-03
-9.54311e-04
-3.94858e-04
-2.52146e-05
-3.57140e-04
-1.34375e-03
-1.95337e-03
-1.82916e-03
-9.98763e-04
3.90269e-05
6.69289e-04
7.32114e-04
2.88417e-04
-4.89002e-04
-1.51986e-03
-2.03969e-03
-1.64829e-03
-9.08684e-04
8.04197e-06
7.07826e-04
8.13019e-04
5.02706e-04
-1.53768e-04
-6.48324e-04
-3.68656e-04
2.21404e-05
-1.41352e-04
-2.55484e-04
-3.77344e-05
5.34194e-05
-3.30554e-05
-2.61806e-04
-8.30037e-04
-1.19169e-03
-9.57225e-04
-9.07554e-04
-1.02556e-03
-5.98629e-04
-2.01720e-04
-4.28803e-04
-5.12863e-04
-3.93180e-04
-5.46391e-04
-2.90879e-04
8.51952e-05
-2.05743e-05
2.00335e-05
1.52942e-04
-4.66695e-05
-4.17834e-04
-3.97492e-04
-1.67167e-04
-5.32035e-04
-1.02779e-03
-1.02270e-03
-6.64233e-04
-1.45312e-04
3.02137e-04
4.53687e-04
3.40226e-04
3.02738e-04
3.57579e-04
3.14503e-04
2.10740e-04
-9.05194e-06
-4.13490e-04
-9.01213e-04
-1.27464e-03
-1.40542e-03
-1.30952e-03
-1.14861e-03
-8.14150e-04
-1.25316e-04
5.32526e-04
1.08310e-03
1.49104e-03
1.11696e-03
3.58917e-04
4.09554e-05
-2.29320e-04
-6.11546e-04
-9.72384e-04
-1.43373e-03
-1.60219e-03
-1.56552e-03
-1.61637e-03
-1.33335e-03
-6.31641e-04
-1.75143e-05
1.82334e-04
6.19878e-05
-2.66506e-04
-5.83573e-04
-7.70976e-04
-7.66940e-04
-3.71007e-04
-2.12234e-05
-7.34780e-06
-1.93289e-04
-6.25157e-04
-8.87549e-04
-7.16789e-04
-5.23548e-04
-5.29043e-04
-4.47915e-04
-1.92702e-04
-8.94781e-05
-2.54469e-05
1.18065e-04
2.96641e-04
7.69886e-04
1.17700e-03
1.14911e-03
1.05586e-03
8.89337e-04
5.61807e-04
4.95559e-04
5.91060e-04
4.68728e-04
4.23742e-04
5.13819e-04
5.23199e-04
6.39161e-04
8.20607e-04
8.02859e-04
6.52618e-04
5.70164e-04
3.96067e-04
8.38360e-05
-5.32851e-05
7.33684e-05
5.65240e-04
1.15255e-03
1.30549e-03
1.32631e-03
1.49336e-03
1.50791e-03
1.25272e-03
1.06866e-03
1.20444e-03
1.34931e-03
1.34751e-03
1.25472e-03
1.09690e-03
1.15769e-03
1.41622e-03
1.55834e-03
1.70690e-03
1.91672e-03
1.83071e-03
1.60871e-03
1.59823e-03
1.58286e-03
1.39394e-03
1.18068e-03
1.15184e-03
1.15544e-03
9.12976e-04
5.51158e-04
2.65228e-04
2.81780e-04
5.65577e-04
7.77255e-04
9.07269e-04
1.02233e-03
1.11668e-03
1.05644e-03
8.02234e-04
6.24434e-04
4.81931e-04
4.01315e-04
5.36880e-04
7.10385e-04
8.12544e-04
7.64162e-04
6.34954e-04
5.98113e-04
5.51930e-04
4.29675e-04
3.07451e-04
2.26187e-04
2.08900e-04
3.25869e-04
4.79371e-04
5.08711e-04
4.40067e-04
2.32288e-04
1.92458e-05
-7.37076e-05
-1.90120e-04
-2.06571e-04
-1.40189e-04
-2.73621e-04
-4.49972e-04
-2.81964e-04
2.23731e-05
-1.37296e-05
-1.87350e-04
-3.07424e-04
-4.32645e-04
-3.84303e-04
-2.97046e-04
-2.19600e-04
9.28329e-06
1.72557e-04
2.01436e-04
1.96489e-04
1.71841e-04
6.22121e-05
-2.36782e-04
-4.57059e-04
-4.30162e-04
-3.09918e-04
-1.67679e-04
-3.51455e-05
1.52921e-04
2.60773e-04
1.68049e-04
1.02009e-04
9.27005e-05
-5.41757e-06
-1.68798e-04
-2.18534e-04
-1.58208e-04
-1.35285e-04
-1.69929e-04
-2.84723e-04
-3.93181e-04
-4.32546e-04
-4.50615e-04
-4.02249e-04
-3.18894e-04
-2.14760e-04
-8.68898e-05
-4.44276e-05
-7.22485e-05
-1.43869e-04
-2.48966e-04
-3.21458e-04
-4.02211e-04
-3.81843e-04
-1.95536e-04
-9.97547e-05
-1.20196e-04
-1.06734e-04
-1.21307e-04
-2.09156e-04
-3.07152e-04
-3.64958e-04
-3.19017e-04
-1.88331e-04
-1.11683e-04
-1.20938e-04
-1.17974e-04
-7.50130e-05
-8.48863e-05
-1.89439e-04
-2.97032e-04
-3.37723e-04
-3.10891e-04
-2.16448e-04
-1.05777e-04
-1.94797e-05
4.76972e-05
2.24813e-05
-6.23078e-05
-1.15683e-04
-1.79466e-04
-2.13540e-04
-2.14121e-04
-2.22470e-04
-1.85650e-04
-1.79171e-04
-2.34456e-04
-2.52570e-04
-2.66732e-04
-3.02003e-04
-2.96493e-04
-2.74156e-04
-2.73665e-04
-2.79834e-04
-2.89822e-04
-2.67264e-04
-1.90888e-04
-1.34853e-04
-1.30276e-04
-1.58894e-04
-2.22558e-04
-2.55800e-04
-2.28271e-04
-1.92251e-04
-1.50576e-04
-1.07294e-04
-5.99794e-05
-2.09532e-05
-4.30024e-05
-8.20969e-05
-9.33569e-05
-1.12905e-04
-1.44605e-04
-1.69756e-04
-1.84180e-04
-1.62988e-04
-1.13016e-04
-9.92001e-05
-1.10785e-04
-1.10581e-04
-1.21282e-04
-1.25230e-04
-1.11819e-04
-1.05404e-04
-9.42886e-05
-7.84987e-05
-7.08569e-05
-6.12553e-05
-5.47625e-05
-6.40802e-05
-7.78997e-05
-7.82617e-05
-6.66964e-05
-6.31781e-05
-5.77380e-05
-3.36571e-05
-1.58104e-05
-8.91314e-06
-1.64578e-06
-3.58738e-06
-1.81502e-05
-4.04945e-05
-5.04799e-05
-3.90560e-05
-2.79276e-05
-2.30726e-05
-1.46103e-05
-6.57659e-06
-4.26928e-06
-5.71993e-06
-1.48792e-05
-2.01009e-05
-5.77993e-06
5.94062e-06
-2.73169e-07
-5.16127e-06
1.47757e-07
3.22851e-06
2.63308e-06
3.98876e-06
4.58767e-06
1.00181e-05
1.85816e-05
1.54165e-05
5.79157e-06
5.15179e-06
5.79581e-06
-9.93330e-07
-4.48080e-06
-4.16697e-06
-1.13321e-06
5.46304e-06
6.53218e-06
8.73524e-06
1.57920e-05
1.79652e-05
1.56802e-05
1.02198e-05
6.23249e-06
1.08221e-05
1.73445e-05
1.86345e-05
1.73037e-05
1.42343e-05
1.02884e-05
1.02569e-05
1.22305e-05
1.17376e-05
1.22044e-05
1.52531e-05
1.59548e-05
1.41801e-05
1.25421e-05
1.12511e-05
1.16568e-05
1.22881e-05
1.17658e-05
1.14671e-05
1.13287e-05
1.13536e-05
1.11213e-05
1.11196e-05
1.16438e-05
1.14530e-05
1.14086e-05
1.16149e-05
1.12153e-05
1.09294e-05
1.07153e-05
1.02180e-05
9.93139e-06
1.00426e-05
1.01307e-05
9.98675e-06
9.96281e-06
1.00302e-05
1.00015e-05
9.95599e-06
9.78270e-06
9.51791e-06
9.27545e-06
9.12347e-06
9.08524e-06
9.02679e-06
8.91956e-06
8.74186e-06
8.52796e-06
8.37036e-06
8.21868e-06
8.06203e-06
7.94020e-06
7.82125e-06
7.67538e-06
7.52028e-06
7.36675e-06
7.20917e-06
7.05350e-06
6.90254e-06
6.75165e-06
6.59953e-06
6.44741e-06
6.29466e-06
6.14031e-06
5.98511e-06
5.82916e-06
5.67239e-06
5.51497e-06
5.35683e-06
5.19794e-06
5.03832e-06
