2.85664e-04
2.85558e-04
2.85415e-04
2.85178e-04
2.85025e-04
2.84961e-04
2.85138e-04
2.85040e-04
2.83776e-04
2.80098e-04
2.74113e-04
2.66964e-04
2.61384e-04
2.61270e-04
2.69702e-04
2.86305e-04
3.06851e-04
3.23976e-04
3.32817e-04
3.31658e-04
3.20467e-04
3.07125e-04
3.02745e-04
3.05122e-04
3.01649e-04
2.86852e-04
2.69095e-04
2.55123e-04
2.43095e-04
2.37768e-04
2.43446e-04
2.44244e-04
2.27627e-04
1.97061e-04
1.49017e-04
8.77570e-05
4.59852e-05
5.46874e-05
1.20887e-04
2.32496e-04
3.54913e-04
4.48747e-04
5.13171e-04
5.63864e-04
5.72757e-04
5.10738e-04
4.06239e-04
3.18637e-04
3.08441e-04
3.60992e-04
3.93717e-04
3.78179e-04
3.47337e-04
3.26047e-04
3.22779e-04
3.49290e-04
3.85259e-04
3.20971e-04
7.64008e-05
-2.76569e-04
-5.69913e-04
-6.63401e-04
-5.08518e-04
-1.47281e-04
3.11431e-04
7.54611e-04
1.09873e-03
1.31844e-03
1.42506e-03
1.40066e-03
1.24549e-03
1.03545e-03
8.68561e-04
8.01155e-04
8.35521e-04
9.10956e-04
9.97516e-04
1.05039e-03
9.61862e-04
6.60348e-04
1.60869e-04
-4.59083e-04
-1.10385e-03
-1.64698e-03
-1.91431e-03
-1.78888e-03
-1.34137e-03
-7.37053e-04
-1.21607e-04
3.30470e-04
4.67383e-04
3.17024e-04
5.08481e-05
-1.80106e-04
-2.77232e-04
-2.35916e-04
-1.34194e-04
-1.94526e-05
8.62361e-05
1.87010e-04
3.64975e-04
6.15875e-04
8.02982e-04
8.06694e-04
5.82553e-04
1.42670e-04
-5.27064e-04
-1.25663e-03
-1.69021e-03
-1.61111e-03
-1.04314e-03
-1.90073e-04
7.26806e-04
1.50208e-03
2.02022e-03
2.30851e-03
2.39525e-03
2.37081e-03
2.46565e-03
2.66421e-03
2.63100e-03
2.15638e-03
1.59030e-03
1.49393e-03
2.00148e-03
2.60304e-03
2.53293e-03
1.58579e-03
1.48748e-04
-1.38946e-03
-2.83677e-03
-3.89232e-03
-4.29054e-03
-4.15771e-03
-3.61853e-03
-2.54860e-03
-1.09661e-03
2.52273e-04
1.12749e-03
1.44674e-03
1.45119e-03
1.36947e-03
1.09402e-03
5.09293e-04
-6.20845e-05
-8.85504e-05
6.29744e-04
1.89255e-03
3.21149e-03
4.21097e-03
4.93873e-03
5.21580e-03
4.61674e-03
3.06850e-03
1.01173e-03
-8.48162e-04
-2.15452e-03
-3.07009e-03
-3.63995e-03
-3.75280e-03
-3.48398e-03
-2.87682e-03
-2.04322e-03
-1.32729e-03
-1.01115e-03
-1.07966e-03
-1.45810e-03
-2.27276e-03
-3.50869e-03
-4.77020e-03
-5.54321e-03
-5.58191e-03
-4.94265e-03
-3.57861e-03
-1.65621e-03
1.06265e-04
1.14157e-03
1.54758e-03
1.53483e-03
7.16370e-04
-1.14524e-03
-3.21866e-03
-4.17079e-03
-3.26086e-03
-5.38485e-04
3.40131e-03
7.34795e-03
9.97649e-03
1.05152e-02
9.17589e-03
6.66496e-03
3.63182e-03
8.75643e-04
-8.32789e-04
-1.47805e-03
-1.53232e-03
-1.35547e-03
-1.15994e-03
-6.92228e-04
3.03918e-04
1.43934e-03
2.13448e-03
1.97862e-03
5.92934e-04
-1.61807e-03
-3.32298e-03
-3.45662e-03
-1.85433e-03
5.78334e-04
2.74371e-03
3.96082e-03
4.18114e-03
3.87012e-03
3.00348e-03
1.06411e-03
-1.78061e-03
-4.37936e-03
-5.53291e-03
-4.84624e-03
-3.07836e-03
-1.28041e-03
4.01256e-04
1.81293e-03
2.34786e-03
1.65763e-03
1.09875e-04
-1.40523e-03
-2.15108e-03
-1.84046e-03
-7.82928e-04
1.78128e-04
1.06219e-03
2.46729e-03
4.14451e-03
5.65534e-03
6.64502e-03
6.91124e-03
6.27558e-03
4.63412e-03
1.92353e-03
-1.25979e-03
-3.60445e-03
-4.25341e-03
-3.57053e-03
-2.83539e-03
-2.86300e-03
-3.69289e-03
-5.42965e-03
-7.96403e-03
-9.98053e-03
-9.89844e-03
-7.85180e-03
-5.17618e-03
-2.33780e-03
3.11256e-04
1.38434e-03
3.46728e-05
-2.29629e-03
-3.20233e-03
-1.93315e-03
9.16815e-04
4.62660e-03
8.01758e-03
9.36280e-03
7.32877e-03
2.25119e-03
-4.02700e-03
-9.27401e-03
-1.18802e-02
-1.14073e-02
-8.88946e-03
-6.20479e-03
-4.70702e-03
-4.33863e-03
-3.45152e-03
-4.57679e-04
4.29677e-03
9.33943e-03
1.35557e-02
1.66014e-02
1.88133e-02
1.98584e-02
1.81049e-02
1.29049e-02
5.69604e-03
-1.63172e-03
-7.36528e-03
-1.03757e-02
-1.07357e-02
-9.53893e-03
-8.61317e-03
-9.13281e-03
-1.07095e-02
-1.26969e-02
-1.45588e-02
-1.59947e-02
-1.68197e-02
-1.61343e-02
-1.33622e-02
-9.51426e-03
-6.14890e-03
-3.77184e-03
-1.81313e-03
8.08381e-04
4.38641e-03
7.79913e-03
1.01565e-02
1.16482e-02
1.21032e-02
1.07992e-02
8.06644e-03
4.90720e-03
2.28394e-03
1.05826e-03
1.35521e-03
2.90406e-03
5.83227e-03
9.54693e-03
1.22060e-02
1.21583e-02
9.18454e-03
4.31422e-03
-1.63642e-03
-8.21728e-03
-1.41484e-02
-1.78038e-02
-1.89540e-02
-1.88288e-02
-1.80555e-02
-1.58448e-02
-1.18295e-02
-7.11817e-03
-3.30284e-03
-1.76920e-03
-2.91241e-03
-5.40896e-03
-7.54112e-03
-8.48264e-03
-8.26502e-03
-7.20149e-03
-5.02986e-03
-1.49384e-03
2.99566e-03
8.00720e-03
1.28446e-02
1.61416e-02
1.72029e-02
1.62226e-02
1.27426e-02
6.76133e-03
5.95183e-04
-3.38513e-03
-4.85896e-03
-4.57527e-03
-3.17868e-03
-1.17691e-03
8.26417e-04
2.15669e-03
2.13649e-03
2.34795e-04
-2.53935e-03
-4.50556e-03
-5.20758e-03
-4.96850e-03
-4.43094e-03
-4.78432e-03
-6.62635e-03
-8.63218e-03
-9.01482e-03
-7.43697e-03
-4.23885e-03
-3.04416e-04
2.38006e-03
1.98064e-03
-1.40025e-03
-5.17534e-03
-6.47582e-03
-4.50653e-03
1.04858e-05
5.20536e-03
8.10102e-03
6.59540e-03
2.05505e-03
-2.61656e-03
-5.90752e-03
-7.31331e-03
-6.76156e-03
-5.56407e-03
-5.47463e-03
-6.73494e-03
-7.31285e-03
-5.57188e-03
-2.09810e-03
1.96079e-03
5.90284e-03
9.10916e-03
1.07073e-02
1.00024e-02
7.13297e-03
2.90610e-03
-1.55169e-03
-5.78250e-03
-9.42553e-03
-1.14254e-02
-1.13441e-02
-9.77701e-03
-7.16553e-03
-3.81283e-03
-2.85068e-04
3.06962e-03
6.32902e-03
9.72904e-03
1.34303e-02
1.69261e-02
1.82923e-02
1.54883e-02
8.53878e-03
-2.54221e-04
-7.93005e-03
-1.26327e-02
-1.35851e-02
-1.10496e-02
-6.44566e-03
-1.29966e-03
3.35997e-03
6.73822e-03
7.98752e-03
6.29676e-03
1.94406e-03
-3.30245e-03
-7.43729e-03
-9.53051e-03
-9.91576e-03
-9.23365e-03
-7.12956e-03
-2.89371e-03
2.51583e-03
7.01617e-03
9.93250e-03
1.16671e-02
1.23371e-02
1.22395e-02
1.16126e-02
1.01942e-02
7.82403e-03
4.61887e-03
7.66890e-04
-3.39912e-03
-6.81086e-03
-8.52834e-03
-8.61272e-03
-7.56385e-03
-6.32566e-03
-6.04815e-03
-6.46819e-03
-6.27149e-03
-4.79644e-03
-2.52331e-03
-5.37913e-04
7.53748e-04
1.33101e-03
1.50029e-03
1.55727e-03
1.02968e-03
-8.54060e-04
-3.86890e-03
-6.20012e-03
-6.17743e-03
-3.96937e-03
-7.16198e-04
2.39215e-03
4.74794e-03
6.43008e-03
7.10025e-03
6.05630e-03
3.94570e-03
2.07638e-03
9.02055e-04
2.34261e-04
-3.82571e-04
-1.72114e-03
-4.01084e-03
-6.31819e-03
-7.70715e-03
-7.41947e-03
-5.37282e-03
-2.26759e-03
1.31946e-03
4.74408e-03
6.98230e-03
7.13670e-03
4.93227e-03
3.49980e-04
-5.98388e-03
-1.23960e-02
-1.68789e-02
-1.82802e-02
-1.67099e-02
-1.33674e-02
-9.77435e-03
-6.50832e-03
-3.24399e-03
2.72419e-04
3.96282e-03
7.73918e-03
1.17133e-02
1.60540e-02
2.05638e-02
2.43491e-02
2.60703e-02
2.44621e-02
1.89727e-02
1.00520e-02
-6.80260e-04
-1.13918e-02
-2.07296e-02
-2.67137e-02
-2.74276e-02
-2.33486e-02
-1.72228e-02
-1.14330e-02
-7.08387e-03
-5.03256e-03
-5.49256e-03
-7.69272e-03
-1.07590e-02
-1.38834e-02
-1.69512e-02
-1.98643e-02
-2.08914e-02
-1.71502e-02
-7.63302e-03
4.46154e-03
1.54502e-02
2.42585e-02
3.07652e-02
3.43584e-02
3.37746e-02
2.78305e-02
1.72531e-02
4.66950e-03
-6.48935e-03
-1.34325e-02
-1.56100e-02
-1.51286e-02
-1.46213e-02
-1.51663e-02
-1.66470e-02
-1.80573e-02
-1.78000e-02
-1.49609e-02
-9.93349e-03
-4.17475e-03
1.39675e-03
7.19013e-03
1.37172e-02
2.04193e-02
2.57478e-02
2.88198e-02
3.07514e-02
3.30616e-02
3.51430e-02
3.52043e-02
3.20700e-02
2.66992e-02
2.13560e-02
1.80891e-02
1.81697e-02
2.14207e-02
2.67058e-02
3.33428e-02
4.02644e-02
4.58412e-02
4.92587e-02
5.09525e-02
5.16578e-02
5.20427e-02
5.23464e-02
5.20965e-02
5.08002e-02
4.88146e-02
4.72890e-02
4.66109e-02
4.61733e-02
4.45774e-02
4.10533e-02
3.61046e-02
3.06064e-02
2.47285e-02
1.83563e-02
1.20514e-02
6.51819e-03
2.24635e-03
-2.32948e-04
-8.74476e-04
-1.80267e-04
1.01863e-03
1.70281e-03
2.11937e-03
3.72746e-03
7.47940e-03
1.39391e-02
2.26616e-02
3.20589e-02
4.10526e-02
4.84406e-02
5.18344e-02
4.90281e-02
4.08078e-02
3.09571e-02
2.30947e-02
1.83681e-02
1.58461e-02
1.44900e-02
1.39432e-02
1.38399e-02
1.34465e-02
1.17190e-02
7.53770e-03
5.76929e-04
-8.59436e-03
-1.95619e-02
-3.16750e-02
-4.30217e-02
-5.13952e-02
-5.55397e-02
-5.53609e-02
-5.15550e-02
-4.51071e-02
-3.73937e-02
-3.01256e-02
-2.52123e-02
-2.46108e-02
-2.87572e-02
-3.58840e-02
-4.36855e-02
-5.04667e-02
-5.49784e-02
-5.67165e-02
-5.62963e-02
-5.41014e-02
-4.93477e-02
-4.12917e-02
-3.07735e-02
-2.04369e-02
-1.28674e-02
-9.35881e-03
-1.02109e-02
-1.54299e-02
-2.43988e-02
-3.53398e-02
-4.57194e-02
-5.27712e-02
-5.42929e-02
-5.00570e-02
-4.23667e-02
-3.41629e-02
-2.67561e-02
-2.08923e-02
-1.74418e-02
-1.64870e-02
-1.83079e-02
-2.34526e-02
-3.15259e-02
-4.02830e-02
-4.65378e-02
-4.82382e-02
-4.52492e-02
-3.88036e-02
-3.09878e-02
-2.40605e-02
-2.02014e-02
-2.15940e-02
-2.95972e-02
-4.36088e-02
-6.03064e-02
-7.45287e-02
-8.17965e-02
-7.89500e-02
-6.43561e-02
-4.03720e-02
-1.33695e-02
1.22731e-02
3.42228e-02
4.81587e-02
4.95498e-02
3.99815e-02
2.63943e-02
1.43543e-02
5.88784e-03
6.47126e-04
-1.99149e-03
-1.66570e-03
2.51979e-03
1.04863e-02
2.06216e-02
3.07631e-02
3.85290e-02
4.23764e-02
4.26487e-02
4.10513e-02
3.96599e-02
3.96890e-02
4.12645e-02
4.49441e-02
5.13311e-02
5.92451e-02
6.61510e-02
6.98134e-02
6.90945e-02
6.42579e-02
5.64477e-02
4.70541e-02
3.71446e-02
2.64233e-02
1.42793e-02
1.76770e-03
-8.08047e-03
-1.30902e-02
-1.31664e-02
-9.79469e-03
-5.83233e-03
-3.56300e-03
-3.88961e-03
-6.80257e-03
-1.13776e-02
-1.68799e-02
-2.31618e-02
-2.97101e-02
-3.61087e-02
-4.22579e-02
-4.69769e-02
-4.81378e-02
-4.49614e-02
-3.86022e-02
-3.06969e-02
-2.22855e-02
-1.35615e-02
-4.12408e-03
5.77264e-03
1.41066e-02
1.85886e-02
1.79734e-02
1.24451e-02
4.67694e-03
-1.72874e-03
-4.56409e-03
-3.45115e-03
2.78336e-04
5.02523e-03
1.04279e-02
1.58011e-02
1.82996e-02
1.42993e-02
1.42993e-03
-1.98218e-02
-4.55436e-02
-6.93242e-02
-8.64374e-02
-9.58408e-02
-9.76330e-02
-9.21272e-02
-8.03852e-02
-6.38437e-02
-4.41960e-02
-2.28367e-02
-3.56654e-04
2.20751e-02
4.17996e-02
5.55709e-02
6.20324e-02
6.30277e-02
6.08688e-02
5.61832e-02
4.95111e-02
4.27487e-02
3.78878e-02
3.59019e-02
3.65848e-02
3.93063e-02
4.38515e-02
4.96689e-02
5.51131e-02
5.79625e-02
5.76945e-02
5.55197e-02
5.17256e-02
4.56619e-02
3.70956e-02
2.66839e-02
1.62588e-02
7.86620e-03
2.30874e-03
-8.58579e-04
-2.03608e-03
-9.33195e-04
2.94333e-03
9.47719e-03
1.80020e-02
2.68800e-02
3.33274e-02
3.47699e-02
3.07371e-02
2.32841e-02
1.69639e-02
1.66748e-02
2.49987e-02
4.15087e-02
6.35065e-02
8.54996e-02
1.00944e-01
1.07348e-01
1.05233e-01
9.49688e-02
7.89198e-02
6.12157e-02
4.52175e-02
3.22512e-02
2.18980e-02
1.42353e-02
9.96281e-03
8.62924e-03
8.67275e-03
9.18566e-03
1.00778e-02
1.11429e-02
1.21917e-02
1.28919e-02
1.18722e-02
8.18890e-03
3.59312e-03
4.80585e-04
-1.02527e-03
-2.81124e-03
-7.48047e-03
-1.69900e-02
-3.17770e-02
-5.05859e-02
-7.06628e-02
-8.93615e-02
-1.04518e-01
-1.12803e-01
-1.12735e-01
-1.06536e-01
-9.79995e-02
-9.01453e-02
-8.46711e-02
-8.24390e-02
-8.43511e-02
-8.97664e-02
-9.56016e-02
-9.82434e-02
-9.57386e-02
-8.92798e-02
-8.20635e-02
-7.64661e-02
-7.22980e-02
-6.70008e-02
-5.75571e-02
-4.34030e-02
-2.64626e-02
-9.65830e-03
5.12095e-03
1.64468e-02
2.19833e-02
1.99852e-02
1.17335e-02
1.79216e-03
-4.33678e-03
-2.27283e-03
9.46716e-03
2.82935e-02
5.01831e-02
7.09101e-02
8.48171e-02
8.80855e-02
8.04377e-02
6.26404e-02
3.72514e-02
7.75881e-03
-2.49275e-02
-5.92130e-02
-9.12319e-02
-1.19000e-01
-1.40547e-01
-1.52150e-01
-1.51399e-01
-1.38354e-01
-1.15582e-01
-8.90706e-02
-6.34654e-02
-3.89211e-02
-1.37742e-02
1.27604e-02
4.03755e-02
6.85608e-02
9.69664e-02
1.23957e-01
1.45173e-01
1.55841e-01
1.56154e-01
1.48829e-01
1.34674e-01
1.13607e-01
8.61481e-02
5.53594e-02
2.51587e-02
-2.96329e-03
-2.89698e-02
-5.23211e-02
-7.18637e-02
-8.61179e-02
-9.40650e-02
-9.50371e-02
-8.93037e-02
-7.80625e-02
-6.25631e-02
-4.37934e-02
-2.43077e-02
-8.44124e-03
-5.58258e-04
-1.59073e-03
-7.74770e-03
-1.47526e-02
-2.06185e-02
-2.49481e-02
-2.76588e-02
-2.89552e-02
-2.92911e-02
-2.89623e-02
-2.85116e-02
-2.85860e-02
-2.94315e-02
-3.12009e-02
-3.37379e-02
-3.59970e-02
-3.68636e-02
-3.61702e-02
-3.39105e-02
-2.94311e-02
-2.17939e-02
-1.03713e-02
4.68549e-03
2.24663e-02
4.05283e-02
5.63123e-02
7.01381e-02
8.31749e-02
9.29508e-02
9.45380e-02
8.61526e-02
7.04696e-02
5.13642e-02
3.31084e-02
2.02550e-02
1.63487e-02
2.25386e-02
3.65751e-02
5.36461e-02
6.71777e-02
6.87052e-02
5.30431e-02
2.30487e-02
-1.23650e-02
-4.55424e-02
-7.45713e-02
-9.83217e-02
-1.12703e-01
-1.14588e-01
-1.05101e-01
-8.81826e-02
-6.80278e-02
-4.82819e-02
-3.27850e-02
-2.43738e-02
-2.30109e-02
-2.63337e-02
-3.04126e-02
-3.18000e-02
-2.87184e-02
-2.10812e-02
-1.02047e-02
1.90460e-03
1.32696e-02
2.21698e-02
2.79192e-02
3.00483e-02
2.78922e-02
2.18908e-02
1.37427e-02
5.98120e-03
6.82256e-04
-1.69316e-03
-1.51906e-03
1.99046e-03
1.03920e-02
2.36992e-02
3.99507e-02
5.65881e-02
7.08869e-02
8.08030e-02
8.57128e-02
8.59069e-02
8.18280e-02
7.29221e-02
5.77300e-02
3.58726e-02
9.20671e-03
-1.94816e-02
-4.68357e-02
-6.95452e-02
-8.42308e-02
-8.81284e-02
-8.07871e-02
-6.32070e-02
-3.72539e-02
-7.97656e-03
1.76941e-02
3.87906e-02
6.06744e-02
8.55561e-02
1.08210e-01
1.19897e-01
1.14468e-01
9.50908e-02
7.19855e-02
5.07668e-02
3.09373e-02
1.29863e-02
-1.20186e-03
-1.19527e-02
-2.01323e-02
-2.40312e-02
-2.00374e-02
-6.89760e-03
1.23676e-02
3.33441e-02
5.19215e-02
6.40818e-02
6.70928e-02
6.11538e-02
4.91561e-02
3.45466e-02
1.90921e-02
3.39451e-03
-1.04951e-02
-1.98547e-02
-2.38388e-02
-2.30887e-02
-1.87821e-02
-1.33009e-02
-1.06498e-02
-1.49498e-02
-2.71890e-02
-4.43355e-02
-6.14460e-02
-7.44220e-02
-8.20123e-02
-8.43531e-02
-8.10442e-02
-7.10451e-02
-5.45221e-02
-3.47370e-02
-1.57085e-02
-2.61654e-04
9.26465e-03
1.24257e-02
1.10599e-02
7.90475e-03
5.51333e-03
5.73039e-03
9.27265e-03
1.50875e-02
2.07725e-02
2.34335e-02
2.08763e-02
1.33892e-02
3.42296e-03
-6.43449e-03
-1.45963e-02
-2.01531e-02
-2.28508e-02
-2.34179e-02
-2.33285e-02
-2.42794e-02
-2.76138e-02
-3.38756e-02
-4.22254e-02
-5.09885e-02
-5.79753e-02
-6.08307e-02
-5.82537e-02
-4.99420e-02
-3.71550e-02
-2.24260e-02
-7.31665e-03
7.26409e-03
2.01192e-02
2.94550e-02
3.36161e-02
3.22316e-02
2.54829e-02
1.35259e-02
-2.66656e-03
-2.12434e-02
-3.89921e-02
-5.16225e-02
-5.64737e-02
-5.42169e-02
-4.72968e-02
-3.74374e-02
-2.55930e-02
-1.28884e-02
-1.50712e-03
5.90014e-03
8.72247e-03
8.32571e-03
6.01378e-03
2.59426e-03
-7.64311e-04
-2.43457e-03
-1.69378e-03
1.08521e-03
5.51235e-03
1.11761e-02
1.72936e-02
2.36030e-02
3.03006e-02
3.66368e-02
4.13926e-02
4.45370e-02
4.69172e-02
4.97319e-02
5.45488e-02
6.16175e-02
6.96885e-02
7.81524e-02
8.69074e-02
9.41798e-02
9.76771e-02
9.66853e-02
9.23105e-02
8.53902e-02
7.62217e-02
6.59529e-02
5.60962e-02
4.74009e-02
4.01283e-02
3.38337e-02
2.74763e-02
2.06866e-02
1.42070e-02
8.64223e-03
3.85634e-03
-4.47886e-04
-4.61575e-03
-8.69261e-03
-1.17902e-02
-1.23877e-02
-9.59868e-03
-3.95430e-03
3.55610e-03
1.17318e-02
1.85395e-02
2.17268e-02
2.00127e-02
1.32189e-02
1.99901e-03
-1.18400e-02
-2.51545e-02
-3.49057e-02
-4.00479e-02
-4.15849e-02
-4.16476e-02
-4.22656e-02
-4.44909e-02
-4.83359e-02
-5.25354e-02
-5.47350e-02
-5.24738e-02
-4.40199e-02
-2.93063e-02
-1.17407e-02
3.57404e-03
1.41876e-02
2.07255e-02
2.55799e-02
3.02170e-02
3.32477e-02
3.23396e-02
2.68819e-02
1.78155e-02
6.62026e-03
-5.27070e-03
-1.68063e-02
-2.67812e-02
-3.41470e-02
-3.88037e-02
-4.09643e-02
-4.04118e-02
-3.65520e-02
-2.89889e-02
-1.80107e-02
-4.71273e-03
8.69177e-03
1.95929e-02
2.55471e-02
2.56383e-02
2.14552e-02
1.51725e-02
8.61436e-03
3.31001e-03
-9.52824e-05
-2.11084e-03
-3.43453e-03
-3.76965e-03
-2.41109e-03
4.31064e-04
3.00254e-03
3.12026e-03
-3.82954e-05
-6.21479e-03
-1.50375e-02
-2.59226e-02
-3.74809e-02
-4.79737e-02
-5.65864e-02
-6.28880e-02
-6.65566e-02
-6.80139e-02
-6.76118e-02
-6.46945e-02
-5.81494e-02
-4.77600e-02
-3.45444e-02
-2.14790e-02
-1.26268e-02
-9.38894e-03
-9.74549e-03
-1.13222e-02
-1.24430e-02
-1.15892e-02
-8.18057e-03
-2.57221e-03
4.48076e-03
1.07575e-02
1.30118e-02
9.84645e-03
3.51524e-03
-1.27575e-03
-5.55985e-04
6.80428e-03
1.80318e-02
2.88770e-02
3.86827e-02
4.91214e-02
6.04967e-02
7.17255e-02
8.15835e-02
8.91649e-02
9.42365e-02
9.67264e-02
9.53840e-02
8.86686e-02
7.71021e-02
6.36098e-02
5.19102e-02
4.44840e-02
4.12580e-02
4.06548e-02
4.14042e-02
4.25281e-02
4.34635e-02
4.40488e-02
4.33622e-02
4.01768e-02
3.34985e-02
2.26972e-02
7.93412e-03
-9.98789e-03
-2.92195e-02
-4.70076e-02
-6.17442e-02
-7.33149e-02
-8.08699e-02
-8.38674e-02
-8.29579e-02
-7.91182e-02
-7.30897e-02
-6.59682e-02
-5.92906e-02
-5.42608e-02
-5.11562e-02
-4.91505e-02
-4.69730e-02
-4.35619e-02
-3.86799e-02
-3.20463e-02
-2.33368e-02
-1.35155e-02
-4.03963e-03
4.57800e-03
1.18006e-02
1.69447e-02
1.95154e-02
1.93600e-02
1.61403e-02
9.18815e-03
-9.26136e-04
-1.18806e-02
-2.03147e-02
-2.35768e-02
-2.17480e-02
-1.77063e-02
-1.39023e-02
-1.04258e-02
-6.60227e-03
-2.30516e-03
2.98561e-03
1.05004e-02
2.06266e-02
3.20149e-02
4.33828e-02
5.32874e-02
5.95116e-02
6.14597e-02
5.97370e-02
5.44480e-02
4.60286e-02
3.57705e-02
2.52689e-02
1.62242e-02
1.00680e-02
7.27405e-03
7.45285e-03
9.56251e-03
1.12424e-02
1.06607e-02
8.70097e-03
7.64235e-03
9.36974e-03
1.41974e-02
2.03071e-02
2.61222e-02
3.18930e-02
3.80415e-02
4.33781e-02
4.54099e-02
4.25398e-02
3.48639e-02
2.27891e-02
6.80644e-03
-1.12570e-02
-2.85015e-02
-4.27453e-02
-5.31767e-02
-5.93518e-02
-6.24228e-02
-6.43571e-02
-6.47808e-02
-6.24869e-02
-5.79824e-02
-5.24729e-02
-4.68322e-02
-4.20787e-02
-3.94959e-02
-3.98396e-02
-4.25445e-02
-4.60697e-02
-4.86105e-02
-4.85791e-02
-4.51328e-02
-3.82103e-02
-2.90491e-02
-1.95623e-02
-1.06307e-02
-2.29439e-03
5.23180e-03
1.18660e-02
1.85186e-02
2.59448e-02
3.29326e-02
3.68308e-02
3.50190e-02
2.65151e-02
1.32377e-02
-3.38790e-04
-9.80470e-03
-1.40745e-02
-1.47132e-02
-1.36607e-02
-1.26194e-02
-1.26716e-02
-1.40905e-02
-1.72304e-02
-2.24809e-02
-2.89167e-02
-3.44706e-02
-3.78674e-02
-3.93750e-02
-3.97607e-02
-3.95554e-02
-3.90862e-02
-3.89216e-02
-4.03439e-02
-4.43732e-02
-5.06318e-02
-5.77356e-02
-6.36709e-02
-6.61554e-02
-6.32073e-02
-5.38400e-02
-3.90925e-02
-2.20766e-02
-6.42856e-03
5.63214e-03
1.34000e-02
1.71658e-02
1.81244e-02
1.73748e-02
1.58328e-02
1.38958e-02
1.08857e-02
6.48085e-03
1.70566e-03
-1.69016e-03
-2.50522e-03
-1.00535e-03
1.82956e-03
4.93302e-03
7.20945e-03
8.26449e-03
8.22528e-03
7.12489e-03
5.16356e-03
3.14507e-03
1.77636e-03
6.82988e-04
-8.35262e-04
-2.57069e-03
-3.64376e-03
-3.65525e-03
-2.36868e-03
7.96892e-04
6.62263e-03
1.49114e-02
2.47510e-02
3.53499e-02
4.58487e-02
5.55527e-02
6.31947e-02
6.71030e-02
6.75289e-02
6.61428e-02
6.39180e-02
6.05208e-02
5.50566e-02
4.72446e-02
3.82198e-02
2.98825e-02
2.37432e-02
2.01500e-02
1.79253e-02
1.61898e-02
1.50805e-02
1.47730e-02
1.48401e-02
1.46238e-02
1.34467e-02
1.06646e-02
6.01640e-03
-3.52772e-04
-7.67330e-03
-1.44464e-02
-1.96378e-02
-2.24389e-02
-2.19682e-02
-1.74065e-02
-8.86094e-03
2.08621e-03
1.42004e-02
2.61428e-02
3.47719e-02
3.75437e-02
3.49588e-02
2.88782e-02
2.17508e-02
1.56177e-02
1.11345e-02
7.80965e-03
4.52714e-03
6.43802e-04
-3.65255e-03
-7.69193e-03
-1.07105e-02
-1.22297e-02
-1.23660e-02
-1.18051e-02
-1.16178e-02
-1.21392e-02
-1.27198e-02
-1.24996e-02
-1.06806e-02
-6.83656e-03
-1.51240e-03
4.24112e-03
9.69007e-03
1.50805e-02
2.08874e-02
2.78185e-02
3.68663e-02
4.79051e-02
5.91856e-02
6.87688e-02
7.52532e-02
7.70673e-02
7.30539e-02
6.31456e-02
4.80930e-02
2.97965e-02
1.15698e-02
-4.27009e-03
-1.59808e-02
-2.20025e-02
-2.19713e-02
-1.70903e-02
-9.79064e-03
-2.99626e-03
5.06188e-04
-4.02875e-04
-4.47346e-03
-9.39685e-03
-1.27286e-02
-1.25712e-02
-9.02901e-03
-4.29738e-03
-5.65947e-04
9.61041e-04
-6.65155e-04
-5.62736e-03
-1.23420e-02
-1.83917e-02
-2.25280e-02
-2.46844e-02
-2.49924e-02
-2.34706e-02
-1.99013e-02
-1.48710e-02
-1.03978e-02
-7.77082e-03
-6.24331e-03
-4.60332e-03
-2.92444e-03
-2.14785e-03
-2.84854e-03
-5.70527e-03
-1.09915e-02
-1.71251e-02
-2.13429e-02
-2.15750e-02
-1.69662e-02
-7.91688e-03
3.47267e-03
1.39973e-02
2.12402e-02
2.42564e-02
2.34951e-02
2.04771e-02
1.64604e-02
1.13813e-02
5.07200e-03
-2.07537e-03
-9.52160e-03
-1.71198e-02
-2.49841e-02
-3.29180e-02
-4.01891e-02
-4.57485e-02
-4.87482e-02
-4.89595e-02
-4.63939e-02
-4.14089e-02
-3.53440e-02
-2.96361e-02
-2.44296e-02
-1.94024e-02
-1.48432e-02
-1.10648e-02
-7.56272e-03
-3.31995e-03
2.65122e-03
1.08032e-02
2.05192e-02
3.05625e-02
3.91003e-02
4.36661e-02
4.29116e-02
3.77776e-02
3.06745e-02
2.35657e-02
1.75650e-02
1.29523e-02
8.54011e-03
2.78041e-03
-4.49570e-03
-1.16035e-02
-1.66257e-02
-1.86539e-02
-1.70679e-02
-1.22630e-02
-6.20170e-03
-8.40796e-04
3.25079e-03
5.89527e-03
7.44244e-03
8.89753e-03
1.04206e-02
1.19840e-02
1.35820e-02
1.44566e-02
1.43346e-02
1.35559e-02
1.19795e-02
9.14246e-03
4.79448e-03
-8.19619e-04
-7.49556e-03
-1.48427e-02
-2.20029e-02
-2.83125e-02
-3.33635e-02
-3.62615e-02
-3.59911e-02
-3.31228e-02
-2.91066e-02
-2.46979e-02
-2.02563e-02
-1.59534e-02
-1.18074e-02
-8.12484e-03
-5.79408e-03
-5.78991e-03
-7.92711e-03
-1.08181e-02
-1.31451e-02
-1.44178e-02
-1.43024e-02
-1.19154e-02
-6.55383e-03
7.17767e-04
7.67540e-03
1.33116e-02
1.77235e-02
2.05610e-02
2.09783e-02
1.85255e-02
1.30207e-02
4.33615e-03
-6.94727e-03
-1.81724e-02
-2.54953e-02
-2.75296e-02
-2.60794e-02
-2.32205e-02
-1.92523e-02
-1.37560e-02
-7.02472e-03
1.22787e-04
6.82711e-03
1.26715e-02
1.77968e-02
2.18864e-02
2.43441e-02
2.57347e-02
2.65333e-02
2.66593e-02
2.68937e-02
2.83986e-02
3.14591e-02
3.46880e-02
3.57973e-02
3.35121e-02
2.75730e-02
1.79532e-02
5.97844e-03
-5.53680e-03
-1.40337e-02
-1.81743e-02
-1.76693e-02
-1.31113e-02
-5.84524e-03
2.82515e-03
1.08416e-02
1.58755e-02
1.75029e-02
1.65714e-02
1.37807e-02
9.76299e-03
4.80892e-03
-5.13575e-04
-4.82813e-03
-6.89062e-03
-6.04368e-03
-2.93200e-03
9.05792e-04
4.42869e-03
7.30531e-03
9.13754e-03
9.47701e-03
8.30619e-03
6.02941e-03
3.52173e-03
1.81153e-03
1.42459e-03
1.67125e-03
1.21075e-03
-7.23027e-04
-3.88775e-03
-7.63098e-03
-1.10346e-02
-1.24414e-02
-1.12286e-02
-8.37814e-03
-5.35764e-03
-3.61654e-03
-3.66929e-03
-5.10273e-03
-7.17618e-03
-8.20755e-03
-6.06450e-03
2.28567e-05
8.29909e-03
1.59037e-02
2.07449e-02
2.19294e-02
1.94789e-02
1.38426e-02
7.02637e-03
1.99828e-03
2.55867e-04
1.13954e-03
3.07240e-03
3.97739e-03
1.70206e-03
-4.10668e-03
-1.15386e-02
-1.77000e-02
-2.08233e-02
-2.07615e-02
-1.80776e-02
-1.39022e-02
-8.66162e-03
-1.86252e-03
6.00845e-03
1.32912e-02
1.81920e-02
1.97724e-02
1.88226e-02
1.66392e-02
1.43866e-02
1.27117e-02
1.19864e-02
1.29898e-02
1.60569e-02
1.99089e-02
2.30384e-02
2.52329e-02
2.71974e-02
2.95332e-02
3.14046e-02
3.13983e-02
2.91392e-02
2.53347e-02
2.01936e-02
1.37880e-02
7.34667e-03
1.96073e-03
-2.58848e-03
-6.49844e-03
-9.38124e-03
-1.12258e-02
-1.30834e-02
-1.67645e-02
-2.37265e-02
-3.37107e-02
-4.44289e-02
-5.29980e-02
-5.76926e-02
-5.84973e-02
-5.65675e-02
-5.30088e-02
-4.86809e-02
-4.42988e-02
-3.94433e-02
-3.33427e-02
-2.63435e-02
-1.97764e-02
-1.47819e-02
-1.10972e-02
-7.78773e-03
-4.79105e-03
-2.46821e-03
-4.17611e-04
1.76388e-03
3.65355e-03
4.43439e-03
3.60928e-03
1.78216e-03
8.50770e-05
-1.10541e-03
-2.10472e-03
-2.71595e-03
-2.63025e-03
-1.82899e-03
-2.40228e-04
1.98366e-03
4.76934e-03
7.94144e-03
1.04323e-02
1.13257e-02
1.04691e-02
8.13124e-03
4.63186e-03
2.01709e-04
-4.34119e-03
-7.61304e-03
-8.50570e-03
-6.65572e-03
-3.19462e-03
-2.78656e-04
8.47307e-04
-1.20495e-04
-3.59049e-03
-9.49073e-03
-1.70754e-02
-2.59940e-02
-3.56634e-02
-4.40566e-02
-4.87365e-02
-4.90617e-02
-4.60231e-02
-4.06180e-02
-3.40344e-02
-2.78729e-02
-2.29415e-02
-1.89428e-02
-1.53909e-02
-1.18418e-02
-7.94343e-03
-3.47886e-03
1.90940e-03
7.97396e-03
1.33391e-02
1.71342e-02
1.97156e-02
2.14964e-02
2.26189e-02
2.34175e-02
2.46414e-02
2.67184e-02
2.93620e-02
3.26336e-02
3.63666e-02
3.97905e-02
4.23784e-02
4.41808e-02
4.53900e-02
4.54212e-02
4.41401e-02
4.24959e-02
4.13701e-02
4.16671e-02
4.36255e-02
4.63170e-02
4.94165e-02
5.28292e-02
5.53925e-02
5.58576e-02
5.40428e-02
5.03424e-02
4.53929e-02
4.00560e-02
3.46348e-02
2.88006e-02
2.27591e-02
1.72138e-02
1.23750e-02
8.25132e-03
5.33207e-03
3.99068e-03
3.71838e-03
3.63641e-03
2.98108e-03
1.39384e-03
-8.43137e-04
-2.90664e-03
-4.01475e-03
-3.71486e-03
-2.21384e-03
-7.09883e-04
-1.52873e-04
-1.63850e-04
-5.11527e-04
-1.51475e-03
-3.06377e-03
-4.77206e-03
-6.20976e-03
-7.41761e-03
-8.24515e-03
-8.43079e-03
-8.40506e-03
-8.83739e-03
-1.00932e-02
-1.25259e-02
-1.66599e-02
-2.20877e-02
-2.74867e-02
-3.19796e-02
-3.57361e-02
-3.94998e-02
-4.35903e-02
-4.73676e-02
-4.95831e-02
-4.90920e-02
-4.55253e-02
-3.92389e-02
-3.15043e-02
-2.38513e-02
-1.70970e-02
-1.18984e-02
-8.94862e-03
-7.99501e-03
-8.39948e-03
-1.00662e-02
-1.28676e-02
-1.63964e-02
-2.06023e-02
-2.57730e-02
-3.13322e-02
-3.51149e-02
-3.52039e-02
-3.16430e-02
-2.60306e-02
-2.00272e-02
-1.47313e-02
-1.14680e-02
-1.08887e-02
-1.21423e-02
-1.43913e-02
-1.73452e-02
-2.07168e-02
-2.38284e-02
-2.54098e-02
-2.52044e-02
-2.43012e-02
-2.32762e-02
-2.21005e-02
-2.06798e-02
-1.83635e-02
-1.39004e-02
-6.47257e-03
3.21684e-03
1.34123e-02
2.31640e-02
3.25137e-02
4.05769e-02
4.50699e-02
4.42847e-02
3.85345e-02
2.97677e-02
2.07767e-02
1.41221e-02
1.11874e-02
1.13390e-02
1.26317e-02
1.43961e-02
1.67198e-02
1.87914e-02
1.96918e-02
1.93084e-02
1.80176e-02
1.60427e-02
1.36608e-02
1.15326e-02
1.07956e-02
1.22411e-02
1.52144e-02
1.83364e-02
2.06022e-02
2.15338e-02
2.09755e-02
1.91789e-02
1.66390e-02
1.38945e-02
1.10023e-02
7.91487e-03
5.01088e-03
3.32086e-03
3.30981e-03
3.90097e-03
3.65891e-03
1.65827e-03
-2.39900e-03
-7.57221e-03
-1.16074e-02
-1.22551e-02
-8.65111e-03
-1.38427e-03
7.91461e-03
1.77813e-02
2.71463e-02
3.50088e-02
4.01425e-02
4.14266e-02
3.89376e-02
3.37433e-02
2.58318e-02
1.46298e-02
1.48745e-03
-1.08672e-02
-2.04641e-02
-2.69262e-02
-3.03532e-02
-3.05363e-02
-2.80529e-02
-2.42582e-02
-1.95679e-02
-1.34838e-02
-6.38951e-03
6.34966e-04
7.19593e-03
1.32110e-02
1.81733e-02
2.17810e-02
2.38259e-02
2.36737e-02
2.13574e-02
1.78747e-02
1.36316e-02
8.48095e-03
2.53976e-03
-3.54306e-03
-8.35405e-03
-1.07448e-02
-1.07092e-02
-9.15272e-03
-7.37324e-03
-6.50998e-03
-7.60184e-03
-1.10782e-02
-1.59182e-02
-2.02588e-02
-2.30311e-02
-2.38728e-02
-2.22632e-02
-1.85505e-02
-1.42101e-02
-1.03596e-02
-7.85303e-03
-8.11018e-03
-1.21029e-02
-1.86505e-02
-2.51839e-02
-3.01656e-02
-3.34311e-02
-3.48510e-02
-3.43310e-02
-3.25274e-02
-3.02693e-02
-2.73548e-02
-2.37429e-02
-1.99561e-02
-1.62937e-02
-1.28431e-02
-9.78248e-03
-7.27051e-03
-5.41925e-03
-4.87716e-03
-6.12733e-03
-8.12876e-03
-9.78246e-03
-1.12899e-02
-1.34063e-02
-1.64589e-02
-1.99573e-02
-2.27349e-02
-2.38887e-02
-2.34007e-02
-2.14609e-02
-1.81388e-02
-1.42365e-02
-1.10298e-02
-9.37782e-03
-9.29766e-03
-9.71571e-03
-9.33855e-03
-7.37000e-03
-3.53218e-03
1.76105e-03
7.81820e-03
1.39595e-02
1.96140e-02
2.34221e-02
2.39352e-02
2.13221e-02
1.69404e-02
1.20010e-02
7.48461e-03
4.67239e-03
3.77653e-03
3.51800e-03
2.69638e-03
1.21261e-03
-2.22564e-04
-1.32506e-03
-2.85563e-03
-5.07426e-03
-6.22247e-03
-4.21759e-03
1.07210e-03
8.31954e-03
1.58229e-02
2.20406e-02
2.58994e-02
2.68659e-02
2.47013e-02
2.01124e-02
1.48278e-02
9.90049e-03
5.29020e-03
1.40068e-03
-5.44737e-04
4.36394e-04
4.44275e-03
1.01769e-02
1.50859e-02
1.72346e-02
1.62012e-02
1.25437e-02
7.95793e-03
4.58899e-03
3.34114e-03
3.44992e-03
3.66511e-03
3.37316e-03
2.61546e-03
1.57418e-03
4.80696e-04
-4.91297e-04
-1.42029e-03
-2.26917e-03
-2.79426e-03
-2.59842e-03
-1.58911e-03
1.21945e-05
1.95662e-03
4.20235e-03
6.56253e-03
8.19960e-03
8.09933e-03
6.22676e-03
3.19308e-03
-4.51057e-04
-4.39044e-03
-7.47423e-03
-8.05474e-03
-5.78078e-03
-1.14140e-03
5.38583e-03
1.22883e-02
1.81976e-02
2.33198e-02
2.82463e-02
3.22907e-02
3.46112e-02
3.49672e-02
3.31648e-02
2.86735e-02
2.20018e-02
1.58153e-02
1.27238e-02
1.29440e-02
1.47210e-02
1.65969e-02
1.81770e-02
1.97803e-02
2.11919e-02
2.16224e-02
2.03216e-02
1.77496e-02
1.48234e-02
1.15994e-02
7.95346e-03
4.15991e-03
6.35900e-04
-2.18434e-03
-3.91653e-03
-4.34033e-03
-2.84553e-03
6.71220e-04
5.65294e-03
1.22446e-02
1.99414e-02
2.65420e-02
2.97184e-02
2.86932e-02
2.47743e-02
2.05434e-02
1.78114e-02
1.66172e-02
1.63729e-02
1.66729e-02
1.74910e-02
1.88692e-02
2.00656e-02
2.02172e-02
1.91134e-02
1.63251e-02
1.15673e-02
5.66517e-03
-2.88760e-04
-5.80892e-03
-1.06403e-02
-1.48932e-02
-1.94332e-02
-2.45924e-02
-2.97778e-02
-3.44029e-02
-3.76933e-02
-3.84344e-02
-3.62426e-02
-3.18613e-02
-2.65138e-02
-2.15115e-02
-1.81510e-02
-1.69271e-02
-1.76407e-02
-1.97040e-02
-2.22283e-02
-2.40614e-02
-2.49658e-02
-2.59321e-02
-2.74231e-02
-2.92452e-02
-3.12537e-02
-3.31540e-02
-3.47559e-02
-3.54740e-02
-3.49180e-02
-3.30968e-02
-3.00534e-02
-2.63534e-02
-2.24553e-02
-1.81262e-02
-1.31951e-02
-8.22843e-03
-3.89946e-03
-5.51665e-04
1.65792e-03
2.83365e-03
3.61420e-03
4.12228e-03
3.79487e-03
3.55699e-03
4.98208e-03
7.84378e-03
1.09237e-02
1.35575e-02
1.57549e-02
1.69941e-02
1.59555e-02
1.24406e-02
7.69574e-03
2.48698e-03
-3.27135e-03
-9.74143e-03
-1.66158e-02
-2.30385e-02
-2.80989e-02
-3.11291e-02
-3.23137e-02
-3.22086e-02
-3.07550e-02
-2.76229e-02
-2.27414e-02
-1.68153e-02
-1.09027e-02
-5.45185e-03
7.18946e-06
5.71167e-03
1.13096e-02
1.61170e-02
1.97126e-02
2.21222e-02
2.32329e-02
2.31675e-02
2.20627e-02
1.95972e-02
1.58241e-02
1.13280e-02
7.27493e-03
4.95306e-03
4.62111e-03
5.83320e-03
8.56207e-03
1.28025e-02
1.79210e-02
2.29369e-02
2.68648e-02
2.92913e-02
3.04100e-02
3.08150e-02
3.09529e-02
3.01703e-02
2.72656e-02
2.20660e-02
1.55676e-02
8.61545e-03
1.83744e-03
-3.85138e-03
-7.77925e-03
-9.57761e-03
-9.28805e-03
-7.93107e-03
-6.76335e-03
-6.77210e-03
-8.32580e-03
-1.09522e-02
-1.38245e-02
-1.60584e-02
-1.67481e-02
-1.54486e-02
-1.20691e-02
-7.05022e-03
-1.93192e-03
2.06898e-03
5.19077e-03
7.47945e-03
8.08870e-03
6.46103e-03
3.46566e-03
9.56175e-04
-4.35034e-04
-1.55159e-03
-3.06341e-03
-4.51813e-03
-5.04986e-03
-4.76675e-03
-4.06579e-03
-3.04258e-03
-2.22688e-03
-2.59799e-03
-4.17418e-03
-5.89379e-03
-7.29063e-03
-8.50117e-03
-9.57362e-03
-1.08620e-02
-1.20686e-02
-1.24143e-02
-1.22253e-02
-1.22404e-02
-1.25617e-02
-1.28209e-02
-1.25183e-02
-1.11567e-02
-8.60702e-03
-5.41337e-03
-2.62971e-03
-1.31981e-03
-1.43766e-03
-1.88154e-03
-1.95367e-03
-1.55225e-03
-4.29964e-04
1.69809e-03
4.25890e-03
6.03728e-03
6.53003e-03
5.86210e-03
4.12624e-03
1.44289e-03
-1.49486e-03
-3.87176e-03
-5.64821e-03
-6.72415e-03
-6.03890e-03
-2.98959e-03
1.73675e-03
6.49288e-03
1.00434e-02
1.26186e-02
1.49242e-02
1.66629e-02
1.70984e-02
1.60390e-02
1.41042e-02
1.21171e-02
1.04571e-02
9.28697e-03
8.79910e-03
8.80991e-03
8.52224e-03
7.20613e-03
4.74399e-03
1.46761e-03
-2.21713e-03
-5.80921e-03
-8.85489e-03
-1.11177e-02
-1.26997e-02
-1.34465e-02
-1.27544e-02
-1.10587e-02
-9.40239e-03
-8.06392e-03
-7.15201e-03
-7.08178e-03
-7.47463e-03
-7.46917e-03
-6.41091e-03
-3.89568e-03
-2.03444e-04
3.73785e-03
7.44596e-03
1.09313e-02
1.39161e-02
1.57792e-02
1.62056e-02
1.51315e-02
1.18540e-02
6.04917e-03
-7.32271e-04
-6.27585e-03
-9.50855e-03
-1.07816e-02
-1.15517e-02
-1.30369e-02
-1.55574e-02
-1.87466e-02
-2.21959e-02
-2.52915e-02
-2.70908e-02
-2.73521e-02
-2.68979e-02
-2.66901e-02
-2.72371e-02
-2.88770e-02
-3.15698e-02
-3.39938e-02
-3.41266e-02
-3.09994e-02
-2.55296e-02
-1.96719e-02
-1.45148e-02
-1.00268e-02
-5.96146e-03
-1.98587e-03
2.24284e-03
6.53825e-03
1.03988e-02
1.33847e-02
1.51140e-02
1.53508e-02
1.36746e-02
1.05205e-02
7.13589e-03
4.44026e-03
3.04036e-03
3.04240e-03
4.09876e-03
5.94639e-03
8.34911e-03
1.11819e-02
1.36175e-02
1.40310e-02
1.17856e-02
7.58448e-03
2.99251e-03
-3.79323e-04
-2.14901e-03
-3.57773e-03
-5.95979e-03
-9.86123e-03
-1.49896e-02
-2.06043e-02
-2.62187e-02
-3.03370e-02
-3.05864e-02
-2.59307e-02
-1.82446e-02
-1.04903e-02
-4.12729e-03
5.63060e-04
3.51907e-03
5.23114e-03
6.23107e-03
6.50254e-03
5.70406e-03
4.17423e-03
2.57164e-03
1.17385e-03
5.74694e-04
1.10478e-03
2.60943e-03
4.85751e-03
7.52350e-03
1.02564e-02
1.17867e-02
1.09404e-02
8.21414e-03
4.90675e-03
2.19393e-03
1.35808e-03
3.00341e-03
6.02014e-03
8.82301e-03
1.09549e-02
1.22151e-02
1.18946e-02
9.33153e-03
4.31123e-03
-2.27744e-03
-8.54234e-03
-1.25532e-02
-1.33386e-02
-1.10708e-02
-6.94448e-03
-2.43431e-03
1.67258e-03
4.78408e-03
6.52609e-03
7.23785e-03
6.93240e-03
5.82404e-03
4.65495e-03
3.60441e-03
1.73362e-03
-9.39694e-04
-2.76157e-03
-2.39877e-03
2.56503e-04
4.10220e-03
7.58309e-03
9.91593e-03
1.11892e-02
1.17035e-02
1.16218e-02
1.09740e-02
9.77273e-03
8.62962e-03
8.64706e-03
1.01622e-02
1.23724e-02
1.43434e-02
1.55752e-02
1.56235e-02
1.41188e-02
1.10128e-02
6.37003e-03
7.23482e-04
-4.73542e-03
-8.91416e-03
-1.10725e-02
-1.06640e-02
-7.97684e-03
-4.74641e-03
-2.73457e-03
-2.08705e-03
-1.88096e-03
-1.23611e-03
2.80957e-04
2.28389e-03
4.10030e-03
5.58951e-03
6.44469e-03
6.39670e-03
5.58540e-03
3.92715e-03
1.36352e-03
-1.70756e-03
-4.46559e-03
-6.34158e-03
-7.57871e-03
-8.20096e-03
-8.25007e-03
-8.49217e-03
-9.54496e-03
-1.11893e-02
-1.23786e-02
-1.20653e-02
-1.02923e-02
-8.04393e-03
-6.16180e-03
-5.04237e-03
-5.00822e-03
-6.19606e-03
-8.36500e-03
-1.07692e-02
-1.22555e-02
-1.18065e-02
-9.59050e-03
-6.59072e-03
-3.47253e-03
-7.56596e-04
1.15052e-03
2.36697e-03
3.12014e-03
3.28767e-03
2.47350e-03
1.12286e-03
5.37934e-04
8.07064e-04
9.59249e-04
6.35701e-04
3.19948e-04
7.88853e-04
2.75560e-03
6.29908e-03
1.04352e-02
1.43577e-02
1.80273e-02
2.12012e-02
2.30251e-02
2.28225e-02
2.07803e-02
1.73932e-02
1.31659e-02
8.33087e-03
3.31895e-03
-6.29827e-04
-2.45411e-03
-2.55084e-03
-2.29893e-03
-2.40842e-03
-2.78233e-03
-3.44341e-03
-4.65565e-03
-6.20652e-03
-7.09762e-03
-6.50980e-03
-4.55899e-03
-1.99181e-03
3.54339e-04
2.38697e-03
4.30423e-03
6.09171e-03
7.91818e-03
9.79081e-03
1.18703e-02
1.43236e-02
1.72996e-02
2.03891e-02
2.33302e-02
2.65407e-02
3.00194e-02
3.30138e-02
3.42105e-02
3.23969e-02
2.76365e-02
2.09305e-02
1.29490e-02
4.27266e-03
-3.70283e-03
-9.99634e-03
-1.43961e-02
-1.67022e-02
-1.66676e-02
-1.42691e-02
-1.09350e-02
-8.43055e-03
-6.96446e-03
-5.88661e-03
-5.55643e-03
-6.38252e-03
-7.77613e-03
-8.77310e-03
-8.99235e-03
-8.86327e-03
-8.62837e-03
-7.83061e-03
-6.04406e-03
-3.62015e-03
-1.30528e-03
4.46053e-04
1.73951e-03
2.42099e-03
2.54926e-03
2.49581e-03
2.11099e-03
9.49461e-04
-8.16222e-04
-2.32393e-03
-3.46428e-03
-4.59497e-03
-5.83036e-03
-7.26838e-03
-8.55935e-03
-9.13004e-03
-8.91770e-03
-7.90652e-03
-5.86883e-03
-3.22618e-03
-1.24354e-03
-1.12667e-03
-3.03493e-03
-6.46347e-03
-1.05095e-02
-1.42270e-02
-1.76178e-02
-2.07210e-02
-2.29782e-02
-2.33707e-02
-2.06124e-02
-1.50711e-02
-8.70348e-03
-2.76499e-03
2.36327e-03
6.36365e-03
9.25154e-03
1.13262e-02
1.28925e-02
1.42899e-02
1.57927e-02
1.71345e-02
1.77896e-02
1.79052e-02
1.78308e-02
1.71788e-02
1.51520e-02
1.15680e-02
7.00550e-03
2.10738e-03
-2.39062e-03
-5.36849e-03
-6.29294e-03
-6.15979e-03
-6.27869e-03
-6.73143e-03
-6.73583e-03
-5.59721e-03
-3.12337e-03
5.89831e-04
5.22762e-03
9.81018e-03
1.31289e-02
1.51635e-02
1.68745e-02
1.83763e-02
1.87399e-02
1.74210e-02
1.50466e-02
1.24961e-02
9.74784e-03
6.23812e-03
1.76751e-03
-3.22781e-03
-8.11890e-03
-1.24802e-02
-1.56925e-02
-1.73133e-02
-1.76852e-02
-1.77851e-02
-1.80185e-02
-1.78509e-02
-1.66938e-02
-1.47257e-02
-1.28211e-02
-1.12652e-02
-9.89329e-03
-8.21744e-03
-5.99837e-03
-3.70014e-03
-1.79138e-03
-7.35339e-05
1.20577e-03
1.41600e-03
3.84423e-04
-1.36691e-03
-3.12504e-03
-4.58273e-03
-5.01639e-03
-3.71229e-03
-9.08006e-04
2.34650e-03
4.99798e-03
7.16427e-03
1.00208e-02
1.37099e-02
1.63228e-02
1.59946e-02
1.28021e-02
8.06727e-03
2.94209e-03
-1.76760e-03
-5.44130e-03
-7.55171e-03
-8.10809e-03
-7.56505e-03
-6.26748e-03
-4.41017e-03
-1.96454e-03
1.27361e-03
4.54276e-03
6.47759e-03
6.15876e-03
3.44394e-03
-1.46859e-03
-7.71768e-03
-1.38341e-02
-1.87130e-02
-2.22443e-02
-2.47663e-02
-2.63473e-02
-2.66994e-02
-2.63076e-02
-2.64968e-02
-2.81501e-02
-3.06503e-02
-3.27257e-02
-3.34516e-02
-3.19744e-02
-2.79477e-02
-2.24559e-02
-1.74011e-02
-1.39615e-02
-1.21110e-02
-1.12442e-02
-1.03550e-02
-8.62807e-03
-6.14552e-03
-2.62986e-03
2.51010e-03
8.90917e-03
1.52129e-02
2.02170e-02
2.33446e-02
2.44530e-02
2.44605e-02
2.45276e-02
2.46168e-02
2.40361e-02
2.25601e-02
2.03416e-02
1.77894e-02
1.53487e-02
1.29567e-02
1.07310e-02
8.91860e-03
7.29836e-03
5.79197e-03
5.34870e-03
6.99689e-03
9.94026e-03
1.26740e-02
1.47346e-02
1.57126e-02
1.48951e-02
1.24864e-02
9.65540e-03
7.75353e-03
7.51644e-03
8.91294e-03
1.14395e-02
1.49818e-02
1.95006e-02
2.47931e-02
3.00594e-02
3.40669e-02
3.61262e-02
3.56884e-02
3.27675e-02
2.82881e-02
2.28677e-02
1.67885e-02
1.01375e-02
3.78213e-03
-1.13757e-03
-4.47390e-03
-6.80055e-03
-8.80216e-03
-1.06461e-02
-1.19431e-02
-1.24465e-02
-1.25392e-02
-1.25776e-02
-1.23439e-02
-1.14497e-02
-1.00376e-02
-8.94984e-03
-8.77275e-03
-9.11767e-03
-9.33610e-03
-9.06983e-03
-7.97331e-03
-5.73792e-03
-2.52776e-03
1.43748e-03
5.28151e-03
7.77653e-03
9.13591e-03
9.81476e-03
9.66040e-03
8.73920e-03
7.48761e-03
6.86403e-03
7.74232e-03
9.61120e-03
1.08067e-02
1.06656e-02
9.65401e-03
7.74078e-03
4.63127e-03
6.89619e-04
-3.55560e-03
-7.90897e-03
-1.20168e-02
-1.55642e-02
-1.87770e-02
-2.20110e-02
-2.53717e-02
-2.87753e-02
-3.17774e-02
-3.32636e-02
-3.25792e-02
-3.01535e-02
-2.67095e-02
-2.27850e-02
-1.83442e-02
-1.32921e-02
-8.44822e-03
-4.81864e-03
-2.12492e-03
3.78026e-04
2.68556e-03
4.09295e-03
4.36654e-03
4.05255e-03
3.44408e-03
2.54574e-03
1.93613e-03
2.52729e-03
3.93608e-03
4.42976e-03
3.13336e-03
8.67219e-04
-1.19695e-03
-2.57105e-03
-3.18236e-03
-3.05671e-03
-2.23537e-03
-5.84974e-04
1.75326e-03
4.54591e-03
7.58826e-03
1.00073e-02
1.12276e-02
1.15288e-02
1.14694e-02
1.14992e-02
1.17548e-02
1.21856e-02
1.25980e-02
1.24508e-02
1.08055e-02
6.98824e-03
1.74473e-03
-3.36347e-03
-7.29523e-03
-9.56443e-03
-1.08353e-02
-1.25120e-02
-1.47279e-02
-1.66321e-02
-1.76217e-02
-1.70396e-02
-1.48672e-02
-1.24066e-02
-1.08287e-02
-9.89042e-03
-8.85402e-03
-7.69145e-03
-6.43622e-03
-4.91432e-03
-3.15878e-03
-9.75677e-04
1.42871e-03
3.31737e-03
4.37844e-03
4.58541e-03
3.49593e-03
1.40167e-03
-8.98014e-04
-3.07879e-03
-4.95806e-03
-6.57555e-03
-7.85932e-03
-8.55148e-03
-8.77904e-03
-8.90327e-03
-8.74822e-03
-7.66853e-03
-5.37343e-03
-2.63060e-03
-2.90461e-04
2.32044e-03
5.92817e-03
9.62417e-03
1.21544e-02
1.30913e-02
1.24608e-02
1.05056e-02
8.13217e-03
6.03528e-03
3.89779e-03
1.55561e-03
-2.11686e-04
-8.17221e-04
-9.81139e-04
-1.70922e-03
-2.91770e-03
-3.46913e-03
-2.56235e-03
-1.11618e-03
-2.58835e-04
2.36170e-04
3.56506e-04
-5.26310e-04
-2.47684e-03
-5.25942e-03
-8.27619e-03
-1.02914e-02
-1.07565e-02
-1.01982e-02
-8.99242e-03
-7.08269e-03
-5.09986e-03
-3.97055e-03
-3.50722e-03
-2.63537e-03
-6.73025e-04
1.69851e-03
3.51424e-03
4.38242e-03
4.25038e-03
3.52605e-03
2.49917e-03
1.36592e-03
2.96780e-04
-1.09742e-03
-3.12070e-03
-5.13174e-03
-6.07759e-03
-5.21245e-03
-2.63646e-03
9.44170e-04
4.86096e-03
8.39402e-03
1.06832e-02
1.10340e-02
9.78713e-03
8.25604e-03
7.21736e-03
6.30694e-03
5.29959e-03
4.73674e-03
4.65123e-03
4.26120e-03
3.06779e-03
1.34685e-03
-5.21967e-04
-2.69010e-03
-4.88568e-03
-6.22307e-03
-6.49923e-03
-6.37924e-03
-6.68155e-03
-7.73711e-03
-9.28310e-03
-1.05513e-02
-1.13746e-02
-1.25456e-02
-1.39298e-02
-1.42255e-02
-1.27605e-02
-1.00299e-02
-6.65647e-03
-3.07489e-03
7.76346e-05
2.21337e-03
3.28935e-03
3.72686e-03
4.07604e-03
4.78490e-03
5.75353e-03
6.30913e-03
6.14952e-03
5.89547e-03
6.30617e-03
7.66830e-03
9.52699e-03
1.04266e-02
9.19298e-03
6.26418e-03
3.05216e-03
5.99201e-04
-1.44377e-03
-3.91744e-03
-6.67867e-03
-9.09713e-03
-1.09048e-02
-1.18694e-02
-1.23504e-02
-1.34745e-02
-1.54281e-02
-1.66538e-02
-1.56737e-02
-1.26658e-02
-8.74605e-03
-4.83156e-03
-1.11119e-03
2.31592e-03
4.84284e-03
5.82925e-03
5.66479e-03
5.49608e-03
5.98376e-03
7.27744e-03
9.29750e-03
1.13802e-02
1.28966e-02
1.36987e-02
1.38948e-02
1.39506e-02
1.38467e-02
1.28973e-02
1.07125e-02
8.09048e-03
6.23453e-03
5.55465e-03
5.97587e-03
7.05921e-03
8.43695e-03
1.02339e-02
1.24054e-02
1.46218e-02
1.70287e-02
1.98828e-02
2.24662e-02
2.42287e-02
2.50395e-02
2.45213e-02
2.26343e-02
1.97254e-02
1.60896e-02
1.17514e-02
7.36907e-03
4.01598e-03
2.09038e-03
1.32274e-03
1.10439e-03
1.03490e-03
1.41351e-03
2.77267e-03
4.99800e-03
7.64763e-03
1.04761e-02
1.27281e-02
1.39079e-02
1.40722e-02
1.33649e-02
1.24715e-02
1.18390e-02
1.12657e-02
1.02696e-02
8.97487e-03
7.52320e-03
4.98951e-03
1.17096e-03
-2.50773e-03
-5.35953e-03
-8.24464e-03
-1.14356e-02
-1.44047e-02
-1.67421e-02
-1.80288e-02
-1.82071e-02
-1.74647e-02
-1.55808e-02
-1.25557e-02
-9.35720e-03
-6.74989e-03
-4.77332e-03
-3.88150e-03
-4.64682e-03
-6.54160e-03
-8.43164e-03
-9.71675e-03
-1.03561e-02
-1.05312e-02
-1.05039e-02
-1.01911e-02
-9.22341e-03
-7.70226e-03
-6.48055e-03
-6.23977e-03
-6.93168e-03
-8.00628e-03
-8.22722e-03
-6.94625e-03
-5.26920e-03
-4.48084e-03
-3.93120e-03
-2.46820e-03
-2.20154e-04
2.17966e-03
4.37505e-03
5.92418e-03
6.42460e-03
6.28965e-03
5.89832e-03
4.97265e-03
3.49363e-03
2.39066e-03
2.74794e-03
4.84289e-03
8.08466e-03
1.11067e-02
1.28122e-02
1.33188e-02
1.33046e-02
1.34042e-02
1.39734e-02
1.49268e-02
1.56888e-02
1.54238e-02
1.40021e-02
1.19850e-02
9.68766e-03
7.52918e-03
5.79447e-03
4.34502e-03
3.05334e-03
1.80257e-03
4.22547e-04
-7.28311e-04
-1.18422e-03
-1.23970e-03
-1.29250e-03
-1.05738e-03
6.79048e-05
2.12664e-03
4.23455e-03
5.68610e-03
6.20826e-03
5.98330e-03
5.74306e-03
6.05048e-03
7.11699e-03
8.82548e-03
1.03988e-02
1.07668e-02
9.40578e-03
6.29216e-03
2.01191e-03
-1.97071e-03
-4.55837e-03
-5.80997e-03
-6.22423e-03
-6.33846e-03
-6.52020e-03
-6.71816e-03
-6.73869e-03
-6.64397e-03
-6.81290e-03
-7.74274e-03
-9.59527e-03
-1.17253e-02
-1.34305e-02
-1.44061e-02
-1.45510e-02
-1.41605e-02
-1.32068e-02
-1.14648e-02
-9.48574e-03
-7.98277e-03
-7.14204e-03
-6.72467e-03
-6.01229e-03
-4.78318e-03
-3.37207e-03
-1.75488e-03
5.14048e-04
3.72789e-03
7.47323e-03
1.06052e-02
1.21108e-02
1.18886e-02
1.03633e-02
7.58886e-03
4.03812e-03
7.70605e-04
-2.28281e-03
-5.64735e-03
-8.65377e-03
-1.02233e-02
-1.03756e-02
-1.00361e-02
-9.58558e-03
-8.89315e-03
-8.41693e-03
-9.01196e-03
-1.03712e-02
-1.15129e-02
-1.26768e-02
-1.40502e-02
-1.47711e-02
-1.45669e-02
-1.36145e-02
-1.16936e-02
-9.01709e-03
-6.71502e-03
-5.10803e-03
-3.27132e-03
-8.10763e-04
1.91486e-03
3.94852e-03
5.03349e-03
6.18578e-03
7.61352e-03
8.29101e-03
8.17655e-03
8.03300e-03
8.03770e-03
7.82934e-03
7.07706e-03
5.39875e-03
2.00626e-03
-3.11040e-03
-8.45593e-03
-1.26213e-02
-1.52408e-02
-1.62425e-02
-1.60090e-02
-1.46473e-02
-1.14806e-02
-6.52960e-03
-1.05914e-03
3.21521e-03
5.48240e-03
6.07682e-03
5.61898e-03
4.29765e-03
2.11903e-03
3.00615e-05
-6.84926e-04
3.75439e-04
2.52827e-03
4.49383e-03
5.73130e-03
6.26621e-03
6.32098e-03
6.29413e-03
6.08452e-03
5.21861e-03
3.72586e-03
2.62079e-03
2.58369e-03
2.99475e-03
3.18991e-03
3.02340e-03
2.30598e-03
7.39398e-04
-1.47527e-03
-3.56075e-03
-4.70843e-03
-4.75786e-03
-4.50937e-03
-4.55980e-03
-4.78754e-03
-4.93039e-03
-4.94151e-03
-4.89222e-03
-4.84885e-03
-4.86547e-03
-4.97516e-03
-5.11727e-03
-5.06326e-03
-4.44377e-03
-3.01793e-03
-1.16896e-03
3.55219e-04
1.52126e-03
2.32401e-03
2.58147e-03
2.56595e-03
2.53641e-03
2.31814e-03
1.70267e-03
9.60196e-04
6.00899e-04
5.87543e-04
7.30146e-04
1.27799e-03
2.52165e-03
4.01907e-03
4.68767e-03
4.44959e-03
4.10408e-03
4.02784e-03
4.23135e-03
4.91117e-03
6.29916e-03
7.95495e-03
8.74628e-03
8.40615e-03
7.39592e-03
5.78467e-03
3.65499e-03
1.44883e-03
-5.25747e-04
-2.61593e-03
-4.90826e-03
-7.02549e-03
-8.81659e-03
-1.01048e-02
-1.05464e-02
-1.00216e-02
-8.69656e-03
-6.88249e-03
-4.90582e-03
-2.88554e-03
-1.01012e-03
1.11020e-04
-2.09084e-04
-1.78180e-03
-3.19488e-03
-2.95544e-03
-8.67984e-04
1.94274e-03
4.05979e-03
4.43241e-03
3.02173e-03
1.05711e-03
2.29076e-04
1.34641e-03
3.78189e-03
6.43215e-03
8.65872e-03
1.04679e-02
1.16947e-02
1.21882e-02
1.24485e-02
1.26117e-02
1.24196e-02
1.18743e-02
1.06088e-02
8.35592e-03
5.79349e-03
4.11014e-03
3.98687e-03
5.22416e-03
7.31928e-03
9.82222e-03
1.25674e-02
1.49250e-02
1.63893e-02
1.66615e-02
1.52234e-02
1.26619e-02
1.02177e-02
8.27987e-03
6.97660e-03
6.65449e-03
6.90294e-03
7.03352e-03
6.81487e-03
6.09712e-03
4.59416e-03
2.42581e-03
1.63186e-04
-1.96599e-03
-3.56481e-03
-4.45596e-03
-5.12248e-03
-6.09123e-03
-6.91156e-03
-6.52613e-03
-5.35110e-03
-4.32912e-03
-2.97366e-03
-7.34485e-04
1.40838e-03
2.45275e-03
2.56888e-03
2.46976e-03
2.45158e-03
2.29117e-03
1.86474e-03
1.56617e-03
1.98400e-03
2.88977e-03
3.67682e-03
4.25027e-03
4.70968e-03
5.33130e-03
6.42691e-03
8.03799e-03
9.72920e-03
1.02931e-02
9.00748e-03
6.48086e-03
3.82222e-03
1.39212e-03
-9.84658e-04
-2.70451e-03
-2.91698e-03
-1.55224e-03
1.04593e-03
4.29535e-03
7.60334e-03
1.01825e-02
1.09033e-02
9.44077e-03
6.85010e-03
4.39044e-03
2.59979e-03
1.23627e-03
-4.58829e-05
-9.89778e-04
-7.70479e-04
5.26223e-04
1.32024e-03
6.92384e-04
-1.07839e-03
-3.60582e-03
-6.70317e-03
-1.00477e-02
-1.31176e-02
-1.56352e-02
-1.71519e-02
-1.70616e-02
-1.57361e-02
-1.44527e-02
-1.41248e-02
-1.44865e-02
-1.47588e-02
-1.46196e-02
-1.40794e-02
-1.30980e-02
-1.17283e-02
-1.00358e-02
-7.54793e-03
-4.02571e-03
-4.31648e-04
2.19058e-03
3.67472e-03
4.27057e-03
3.94374e-03
2.48186e-03
-6.76123e-05
-3.06043e-03
-5.81001e-03
-8.04556e-03
-9.50211e-03
-1.01150e-02
-1.02079e-02
-1.02939e-02
-1.05464e-02
-1.07431e-02
-1.05612e-02
-9.76273e-03
-8.37344e-03
-6.66410e-03
-4.90610e-03
-3.46623e-03
-2.28919e-03
-1.47846e-03
-1.27773e-03
-1.37644e-03
-1.36284e-03
-1.18692e-03
-9.67653e-04
-8.21661e-04
-9.55600e-04
-1.68334e-03
-3.11356e-03
-4.61641e-03
-5.20126e-03
-4.91514e-03
-4.16743e-03
-2.79062e-03
-8.35719e-04
1.03158e-03
2.40562e-03
2.83317e-03
2.33383e-03
1.30296e-03
3.15503e-05
-9.03255e-04
-1.07999e-03
-8.90409e-04
-8.76015e-04
-1.03348e-03
-1.10976e-03
-1.00003e-03
-8.29708e-04
-8.90997e-04
-1.55630e-03
-2.97067e-03
-4.51144e-03
-4.88105e-03
-3.79379e-03
-2.13759e-03
-8.27967e-04
-9.59258e-05
3.58725e-04
5.12083e-04
3.09243e-04
1.68980e-04
6.56571e-04
1.93445e-03
3.03241e-03
3.15963e-03
2.66110e-03
1.79571e-03
4.55214e-04
-9.72845e-04
-1.82196e-03
-1.93727e-03
-1.34244e-03
-2.04610e-04
1.30724e-03
3.09412e-03
4.85296e-03
6.27951e-03
7.21839e-03
7.59231e-03
7.04705e-03
5.58303e-03
4.38886e-03
4.27089e-03
4.60290e-03
4.93809e-03
5.67895e-03
7.08354e-03
8.52188e-03
9.65254e-03
1.09815e-02
1.20931e-02
1.21337e-02
1.13250e-02
1.02162e-02
9.19824e-03
8.43914e-03
7.38212e-03
5.16357e-03
1.60367e-03
-2.73878e-03
-6.79885e-03
-9.39519e-03
-1.01374e-02
-1.00397e-02
-1.01657e-02
-1.03997e-02
-9.98173e-03
-8.52272e-03
-6.51253e-03
-4.68742e-03
-3.12290e-03
-1.82306e-03
-6.67478e-04
3.08221e-04
1.18829e-03
2.57116e-03
4.46197e-03
6.06348e-03
7.16943e-03
7.83505e-03
8.18821e-03
8.91067e-03
1.04188e-02
1.19152e-02
1.20938e-02
1.10033e-02
9.58867e-03
8.35147e-03
6.84720e-03
4.37736e-03
1.16489e-03
-2.20210e-03
-5.15445e-03
-7.20766e-03
-8.32353e-03
-8.57335e-03
-7.89011e-03
-6.10499e-03
-3.56050e-03
-1.65614e-03
-1.22515e-03
-1.14274e-03
-6.93915e-05
1.72013e-03
2.80640e-03
2.81959e-03
2.69512e-03
2.91352e-03
3.05200e-03
2.49829e-03
1.03372e-03
-6.91536e-04
-1.08144e-03
7.05066e-04
3.73535e-03
6.13659e-03
6.75452e-03
6.30186e-03
6.01046e-03
6.10295e-03
6.26053e-03
6.49531e-03
7.16002e-03
8.42842e-03
9.80711e-03
1.05185e-02
1.04202e-02
9.70183e-03
8.09324e-03
5.36342e-03
1.85519e-03
-2.18026e-03
-6.47165e-03
-1.04485e-02
-1.38102e-02
-1.63169e-02
-1.80452e-02
-1.93036e-02
-1.99094e-02
-1.98384e-02
-1.90270e-02
-1.71964e-02
-1.47367e-02
-1.26009e-02
-1.10562e-02
-9.88334e-03
-8.98149e-03
-8.05151e-03
-6.65825e-03
-5.15655e-03
-4.06100e-03
-2.73025e-03
-7.46194e-04
1.53024e-03
3.95119e-03
6.41889e-03
8.98550e-03
1.14248e-02
1.31561e-02
1.40262e-02
1.42310e-02
1.37621e-02
1.20974e-02
8.98132e-03
5.27397e-03
2.39807e-03
1.15081e-03
1.15522e-03
1.48797e-03
1.99827e-03
3.07895e-03
4.49063e-03
5.74520e-03
7.04617e-03
7.89022e-03
7.09591e-03
4.81948e-03
1.98752e-03
-1.12530e-03
-4.73816e-03
-8.69156e-03
-1.19583e-02
-1.36860e-02
-1.40428e-02
-1.38837e-02
-1.34193e-02
-1.21429e-02
-1.01345e-02
-8.29661e-03
-7.18179e-03
-6.97844e-03
-7.11077e-03
-6.72971e-03
-5.57945e-03
-4.02459e-03
-2.61832e-03
-1.26634e-03
5.89080e-04
3.19529e-03
6.76186e-03
1.07332e-02
1.39582e-02
1.56674e-02
1.59112e-02
1.54177e-02
1.44506e-02
1.27691e-02
1.05527e-02
8.31089e-03
6.20957e-03
4.06276e-03
2.34791e-03
1.46051e-03
9.30603e-04
-6.42353e-05
-1.59633e-03
-2.88233e-03
-3.64026e-03
-4.44780e-03
-5.67942e-03
-7.21259e-03
-8.41417e-03
-8.65833e-03
-8.03932e-03
-6.88833e-03
-5.50002e-03
-4.25741e-03
-2.71296e-03
-4.90089e-04
1.14935e-03
9.22078e-04
-7.26854e-04
-2.18402e-03
-3.00138e-03
-3.69375e-03
-4.28583e-03
-4.55139e-03
-4.66596e-03
-4.83274e-03
-4.81398e-03
-4.16095e-03
-2.74790e-03
-1.26742e-03
-8.62998e-04
-1.37973e-03
-1.69097e-03
-9.55960e-04
1.27992e-03
4.90083e-03
8.97612e-03
1.27313e-02
1.58827e-02
1.80476e-02
1.88506e-02
1.83184e-02
1.65695e-02
1.37099e-02
9.81687e-03
5.24711e-03
8.01268e-04
-2.49432e-03
-4.09733e-03
-4.22284e-03
-3.55859e-03
-2.43693e-03
-1.01477e-03
3.40650e-04
1.78791e-03
3.32715e-03
4.47704e-03
4.67941e-03
3.71558e-03
2.71322e-03
2.69082e-03
3.17537e-03
3.30052e-03
2.71895e-03
1.46613e-03
-3.26790e-05
-9.27286e-04
-8.80166e-04
-5.29769e-04
-5.88821e-04
-1.27977e-03
-2.47640e-03
-3.58534e-03
-3.63227e-03
-2.44022e-03
-9.70898e-04
2.03952e-04
1.25345e-03
2.39594e-03
3.85653e-03
5.67159e-03
7.39005e-03
8.44647e-03
8.69402e-03
8.34261e-03
7.26289e-03
5.13731e-03
2.20999e-03
-7.32076e-04
-2.80436e-03
-3.93430e-03
-4.90467e-03
-5.88416e-03
-6.68371e-03
-7.73463e-03
-9.23372e-03
-1.04529e-02
-1.08413e-02
-1.06064e-02
-9.74023e-03
-7.79061e-03
-5.02027e-03
-2.74365e-03
-1.48089e-03
-4.72576e-04
4.09823e-04
7.32855e-04
7.19097e-04
8.33610e-04
1.10187e-03
1.24634e-03
9.55073e-04
3.12975e-06
-1.47330e-03
-2.61229e-03
-2.75697e-03
-2.75636e-03
-3.75331e-03
-5.79191e-03
-8.06701e-03
-9.74871e-03
-1.02881e-02
-9.52457e-03
-7.97036e-03
-6.68914e-03
-6.55129e-03
-6.95742e-03
-6.74426e-03
-5.53632e-03
-3.82578e-03
-2.49750e-03
-1.99749e-03
-2.22730e-03
-3.05932e-03
-4.15203e-03
-5.38561e-03
-6.81302e-03
-8.60519e-03
-1.07824e-02
-1.26222e-02
-1.32993e-02
-1.22112e-02
-9.99276e-03
-7.90410e-03
-6.20132e-03
-4.92127e-03
-4.29511e-03
-4.57144e-03
-5.30738e-03
-6.24537e-03
-7.41314e-03
-8.30566e-03
-8.57368e-03
-8.59400e-03
-8.55553e-03
-7.93748e-03
-6.20012e-03
-3.74549e-03
-1.77581e-03
-7.21253e-04
-1.42789e-04
1.82927e-04
-6.71675e-05
-7.34036e-04
-1.33779e-03
-2.17706e-03
-3.54447e-03
-4.85169e-03
-5.55189e-03
-5.66974e-03
-5.26292e-03
-4.61713e-03
-3.83529e-03
-2.62827e-03
-1.33684e-03
-8.84517e-04
-1.09340e-03
-1.17116e-03
-9.59816e-04
-8.12372e-04
-1.08690e-03
-1.98868e-03
-3.42322e-03
-5.04349e-03
-6.90424e-03
-9.16888e-03
-1.12361e-02
-1.26939e-02
-1.36444e-02
-1.37628e-02
-1.23843e-02
-9.76455e-03
-6.02412e-03
-1.24313e-03
3.92345e-03
8.54393e-03
1.21754e-02
1.50528e-02
1.73922e-02
1.95027e-02
2.17989e-02
2.38693e-02
2.48498e-02
2.39054e-02
2.13245e-02
1.79875e-02
1.41195e-02
1.03773e-02
7.42827e-03
5.29488e-03
3.92726e-03
3.44177e-03
3.32715e-03
3.03048e-03
2.78044e-03
3.26544e-03
4.98270e-03
7.63641e-03
1.02579e-02
1.23617e-02
1.37211e-02
1.40467e-02
1.38580e-02
1.38473e-02
1.40741e-02
1.43220e-02
1.45040e-02
1.45604e-02
1.42961e-02
1.34887e-02
1.22792e-02
1.15756e-02
1.23102e-02
1.39300e-02
1.54475e-02
1.62848e-02
1.63508e-02
1.59977e-02
1.53434e-02
1.42152e-02
1.29048e-02
1.19222e-02
1.06556e-02
8.56328e-03
6.35207e-03
4.86657e-03
4.81587e-03
6.23772e-03
8.59027e-03
1.10569e-02
1.25716e-02
1.21777e-02
9.76676e-03
5.84409e-03
1.26789e-03
-3.09043e-03
-6.59598e-03
-9.01051e-03
-1.02629e-02
-1.04623e-02
-1.01113e-02
-1.00055e-02
-1.02883e-02
-1.05229e-02
-1.05252e-02
-1.04165e-02
-1.03317e-02
-1.03205e-02
-1.04134e-02
-1.05821e-02
-1.06465e-02
-1.02187e-02
-8.88686e-03
-6.70308e-03
-4.32320e-03
-2.01785e-03
9.73100e-06
1.71051e-03
3.35521e-03
5.10301e-03
6.88736e-03
8.19264e-03
8.05745e-03
6.56434e-03
4.89237e-03
3.87722e-03
2.97287e-03
1.86102e-03
1.34531e-03
1.40407e-03
1.00344e-03
-4.81925e-04
-2.68805e-03
-4.71876e-03
-6.65346e-03
-9.22514e-03
-1.18262e-02
-1.33867e-02
-1.39917e-02
-1.37430e-02
-1.26006e-02
-1.14465e-02
-1.05571e-02
-9.46362e-03
-8.28548e-03
-6.75541e-03
-4.42543e-03
-2.01946e-03
-2.19738e-04
1.18901e-03
2.59081e-03
4.27442e-03
6.43543e-03
8.59255e-03
1.00708e-02
1.01318e-02
8.66057e-03
6.48801e-03
4.66434e-03
3.50560e-03
3.12010e-03
3.28787e-03
3.47432e-03
3.47658e-03
3.24792e-03
2.53777e-03
1.12155e-03
-5.05755e-04
-1.15656e-03
-5.78373e-04
5.70123e-04
1.79666e-03
2.65039e-03
2.99091e-03
3.42002e-03
4.32433e-03
4.84212e-03
3.65567e-03
9.71459e-04
-2.48473e-03
-6.15638e-03
-9.36359e-03
-1.16953e-02
-1.33630e-02
-1.49860e-02
-1.64864e-02
-1.76537e-02
-1.84093e-02
-1.84828e-02
-1.75419e-02
-1.58922e-02
-1.38574e-02
-1.12039e-02
-8.30177e-03
-5.69561e-03
-3.00372e-03
1.12859e-05
2.36333e-03
3.10908e-03
2.67791e-03
1.67428e-03
-2.76872e-05
-2.37802e-03
-4.82193e-03
-6.86946e-03
-8.78630e-03
-1.11544e-02
-1.38934e-02
-1.60926e-02
-1.71100e-02
-1.72715e-02
-1.74599e-02
-1.83628e-02
-1.99064e-02
-2.12686e-02
-2.17772e-02
-2.17231e-02
-2.16362e-02
-2.13576e-02
-2.03398e-02
-1.85173e-02
-1.65928e-02
-1.48370e-02
-1.29660e-02
-1.06846e-02
-8.14812e-03
-5.77263e-03
-3.73377e-03
-2.20899e-03
-9.60363e-04
3.28040e-04
1.58180e-03
2.94597e-03
4.47757e-03
5.86305e-03
6.93001e-03
7.30399e-03
6.64672e-03
5.80406e-03
5.96570e-03
7.30567e-03
8.61205e-03
8.35984e-03
6.40264e-03
3.79110e-03
1.42148e-03
-4.15542e-04
-1.85987e-03
-2.62766e-03
-2.33524e-03
-1.14545e-03
6.13699e-04
2.41123e-03
4.12579e-03
5.93245e-03
7.91685e-03
9.83774e-03
1.13687e-02
1.22069e-02
1.24303e-02
1.25116e-02
1.23307e-02
1.11640e-02
8.69261e-03
5.79391e-03
3.65703e-03
2.34958e-03
1.59306e-03
1.43288e-03
1.47801e-03
1.36785e-03
1.17233e-03
1.05589e-03
1.05543e-03
1.13970e-03
1.25735e-03
1.27671e-03
9.47700e-04
4.94888e-05
-1.30014e-03
-2.73707e-03
-3.81862e-03
-3.74576e-03
-2.20666e-03
-1.01538e-04
1.71468e-03
3.37315e-03
4.94782e-03
6.18620e-03
6.62940e-03
6.54160e-03
6.52328e-03
6.65445e-03
6.74778e-03
6.76260e-03
6.80892e-03
6.95045e-03
7.09887e-03
6.98273e-03
6.25584e-03
4.82704e-03
3.41121e-03
3.35639e-03
4.83729e-03
6.55188e-03
7.19487e-03
6.95652e-03
6.67990e-03
6.34792e-03
5.41341e-03
3.88214e-03
2.49619e-03
1.42037e-03
5.64298e-04
8.31939e-04
2.35545e-03
3.44059e-03
3.30242e-03
2.86785e-03
2.81354e-03
2.97566e-03
3.08672e-03
3.11687e-03
3.12138e-03
3.11146e-03
3.07973e-03
3.03645e-03
3.01918e-03
3.07545e-03
3.22071e-03
3.35019e-03
3.16668e-03
2.23465e-03
3.42894e-04
-1.99161e-03
-4.15330e-03
-6.39242e-03
-8.99603e-03
-1.12737e-02
-1.22643e-02
-1.19981e-02
-1.10691e-02
-1.02541e-02
-1.03286e-02
-1.07511e-02
-1.02534e-02
-8.08828e-03
-4.49364e-03
-5.07012e-04
3.27875e-03
7.00212e-03
1.06977e-02
1.38281e-02
1.56688e-02
1.61412e-02
1.59805e-02
1.54620e-02
1.41081e-02
1.19248e-02
9.66954e-03
7.47439e-03
5.15847e-03
3.13521e-03
1.85045e-03
1.86625e-03
3.14260e-03
4.61044e-03
5.11849e-03
4.90104e-03
4.87408e-03
5.07318e-03
4.75111e-03
3.26851e-03
8.72090e-04
-9.90857e-04
-1.01230e-03
5.65955e-04
2.27372e-03
3.47553e-03
4.69671e-03
6.23837e-03
7.88771e-03
8.80861e-03
8.52550e-03
7.42517e-03
5.99700e-03
4.87428e-03
4.20387e-03
3.25410e-03
2.03764e-03
1.42441e-03
1.47605e-03
1.30162e-03
3.03654e-04
-1.26275e-03
-2.43812e-03
-2.77441e-03
-3.19893e-03
-4.48923e-03
-6.09888e-03
-7.37496e-03
-8.79281e-03
-1.03570e-02
-1.12532e-02
-1.15394e-02
-1.17541e-02
-1.20078e-02
-1.21348e-02
-1.18799e-02
-1.09420e-02
-9.28116e-03
-7.26928e-03
-5.13427e-03
-2.82274e-03
-5.11805e-04
1.40344e-03
2.65291e-03
2.70086e-03
1.61667e-03
2.07308e-04
-6.78544e-04
-7.55214e-04
-5.15061e-04
-4.62752e-04
-5.98575e-04
-7.21317e-04
-7.63512e-04
-7.59905e-04
-7.47284e-04
-7.34227e-04
-7.24851e-04
-7.19404e-04
-7.20448e-04
-7.28632e-04
-7.46131e-04
-7.63236e-04
-7.58555e-04
-7.05867e-04
-6.15403e-04
-5.77854e-04
-7.87293e-04
-1.45503e-03
-2.56755e-03
-3.67333e-03
-4.43852e-03
-5.37515e-03
-7.10994e-03
-9.00904e-03
-1.01088e-02
-1.01869e-02
-9.31959e-03
-8.37727e-03
-8.03690e-03
-7.44262e-03
-5.86264e-03
-4.11842e-03
-3.22223e-03
-2.99564e-03
-3.00562e-03
-2.89482e-03
-2.38212e-03
-1.48483e-03
-6.60409e-04
-3.90288e-04
-6.23855e-04
-1.29836e-03
-2.53778e-03
-3.95917e-03
-4.60188e-03
-4.00714e-03
-2.57893e-03
-1.01762e-03
3.34517e-05
4.66382e-04
8.20199e-04
1.82243e-03
3.80567e-03
5.99284e-03
7.11487e-03
7.17040e-03
6.81868e-03
5.75222e-03
3.17089e-03
-6.23486e-04
-4.36841e-03
-7.29228e-03
-9.32491e-03
-1.06043e-02
-1.06142e-02
-8.69525e-03
-5.67507e-03
-2.68060e-03
9.60571e-05
2.64806e-03
4.76167e-03
6.13893e-03
6.52224e-03
5.90391e-03
4.67070e-03
3.53192e-03
3.11851e-03
3.26703e-03
3.36682e-03
3.25950e-03
3.19723e-03
3.33478e-03
3.50830e-03
3.26480e-03
2.03182e-03
-3.85903e-04
-3.13632e-03
-5.13482e-03
-6.59167e-03
-8.14920e-03
-9.69473e-03
-1.10168e-02
-1.17742e-02
-1.18541e-02
-1.17037e-02
-1.17123e-02
-1.19697e-02
-1.25052e-02
-1.32715e-02
-1.38689e-02
-1.39297e-02
-1.37632e-02
-1.38119e-02
-1.40810e-02
-1.42403e-02
-1.37992e-02
-1.22830e-02
-9.69176e-03
-6.72947e-03
-4.20084e-03
-2.47115e-03
-1.24383e-03
-3.41034e-05
8.49360e-04
1.07115e-03
1.02641e-03
1.10271e-03
1.25512e-03
1.31415e-03
1.22888e-03
1.06602e-03
1.02250e-03
1.45186e-03
2.69876e-03
4.65416e-03
6.68091e-03
8.17599e-03
8.81005e-03
8.56768e-03
7.68186e-03
6.37202e-03
5.16822e-03
4.45876e-03
3.60327e-03
2.31523e-03
1.39211e-03
1.26465e-03
1.42230e-03
1.43477e-03
1.36923e-03
1.34640e-03
1.30214e-03
1.12256e-03
8.66022e-04
8.97283e-04
1.87030e-03
4.32596e-03
7.88716e-03
1.13259e-02
1.40068e-02
1.63860e-02
1.90047e-02
2.15136e-02
2.31236e-02
2.33193e-02
2.21218e-02
2.02480e-02
1.85530e-02
1.72745e-02
1.60721e-02
1.44250e-02
1.22417e-02
9.84195e-03
7.34760e-03
5.02403e-03
2.60600e-03
-4.94922e-04
-3.52453e-03
-5.25363e-03
-5.50047e-03
-4.82135e-03
-4.10935e-03
-4.05980e-03
-4.45179e-03
-4.74261e-03
-4.71127e-03
-4.24391e-03
-3.14877e-03
-1.51443e-03
8.81987e-05
1.30025e-03
2.48374e-03
4.11236e-03
5.76318e-03
6.65692e-03
6.72747e-03
6.62298e-03
6.78333e-03
7.07001e-03
7.10356e-03
6.50053e-03
5.06483e-03
3.19792e-03
1.65349e-03
4.78091e-04
-3.01571e-04
-4.99007e-04
-4.27840e-04
-4.61334e-04
-5.81536e-04
-6.39271e-04
-6.24825e-04
-6.32876e-04
-7.34913e-04
-8.91956e-04
-8.98910e-04
-4.12492e-04
8.06649e-04
2.40589e-03
3.35884e-03
2.98789e-03
1.60696e-03
8.76112e-06
-9.44611e-04
-8.72848e-04
-5.47188e-05
1.20416e-03
2.48445e-03
2.85360e-03
1.80718e-03
1.61132e-04
-8.09519e-04
-8.35874e-04
-6.27305e-04
-5.50932e-04
-2.24666e-04
7.62542e-04
2.14086e-03
3.04915e-03
3.15700e-03
3.05761e-03
3.20673e-03
3.34680e-03
2.91926e-03
1.58371e-03
-3.30522e-04
-1.90820e-03
-2.94081e-03
-3.64630e-03
-4.18534e-03
-5.21444e-03
-7.27695e-03
-9.85499e-03
-1.21735e-02
-1.43504e-02
-1.62325e-02
-1.72592e-02
-1.74271e-02
-1.73437e-02
-1.74706e-02
-1.77604e-02
-1.79574e-02
-1.77860e-02
-1.69422e-02
-1.52910e-02
-1.31254e-02
-1.07365e-02
-8.20297e-03
-5.81543e-03
-4.00970e-03
-2.97335e-03
-2.68532e-03
-2.99462e-03
-3.84904e-03
-5.14601e-03
-6.23652e-03
-6.47562e-03
-5.97562e-03
-5.07445e-03
-3.96496e-03
-3.07501e-03
-2.70907e-03
-2.72820e-03
-2.80399e-03
-2.76197e-03
-2.63160e-03
-2.47570e-03
-2.35597e-03
-2.42873e-03
-2.96312e-03
-4.13219e-03
-5.58619e-03
-6.57879e-03
-7.35619e-03
-8.57765e-03
-9.76175e-03
-1.01494e-02
-1.00016e-02
-9.92865e-03
-1.00248e-02
-1.01120e-02
-1.01403e-02
-1.01813e-02
-1.02648e-02
-1.02997e-02
-1.00689e-02
-9.32766e-03
-8.07869e-03
-6.70621e-03
-5.41031e-03
-4.19812e-03
-3.33140e-03
-2.97111e-03
-2.87489e-03
-2.56149e-03
-1.70829e-03
-4.99750e-04
4.91863e-04
1.16249e-03
2.08379e-03
3.73710e-03
5.77167e-03
7.43360e-03
8.37039e-03
8.83587e-03
9.48505e-03
1.04666e-02
1.10160e-02
1.04759e-02
8.73530e-03
6.20813e-03
4.05801e-03
3.15861e-03
3.49663e-03
4.59871e-03
5.93410e-03
6.86309e-03
7.05795e-03
6.92894e-03
6.83282e-03
6.46837e-03
5.39187e-03
3.82262e-03
2.54424e-03
1.44368e-03
1.66382e-04
-5.71644e-04
-5.24210e-04
-3.47734e-04
-3.86745e-04
-5.12240e-04
-6.31887e-04
-7.88965e-04
-9.19618e-04
-6.97803e-04
3.60857e-04
2.46969e-03
5.12613e-03
7.55260e-03
9.50249e-03
1.12504e-02
1.28693e-02
1.39906e-02
1.43899e-02
1.44292e-02
1.44444e-02
1.42445e-02
1.35269e-02
1.24555e-02
1.15455e-02
1.10087e-02
1.08214e-02
1.06106e-02
1.00009e-02
9.16505e-03
8.49799e-03
7.87884e-03
7.24251e-03
6.98212e-03
7.06713e-03
7.12837e-03
7.05460e-03
6.95450e-03
6.90739e-03
6.93180e-03
7.03198e-03
7.16377e-03
7.15553e-03
6.71536e-03
5.62986e-03
4.17736e-03
3.15337e-03
2.92462e-03
3.09120e-03
3.48710e-03
4.50253e-03
6.24726e-03
8.07420e-03
9.33285e-03
9.96529e-03
1.03156e-02
1.06739e-02
1.11165e-02
1.13056e-02
1.05248e-02
8.66213e-03
6.53467e-03
4.58767e-03
2.87163e-03
1.27011e-03
-1.87280e-04
-1.46785e-03
-2.20370e-03
-2.24291e-03
-2.18911e-03
-2.66897e-03
-3.85546e-03
-5.44655e-03
-6.99719e-03
-8.52670e-03
-1.01254e-02
-1.15708e-02
-1.28996e-02
-1.38382e-02
-1.39454e-02
-1.30841e-02
-1.11334e-02
-8.30244e-03
-5.22684e-03
-2.27023e-03
3.43789e-04
2.45449e-03
3.95363e-03
4.74682e-03
4.85147e-03
4.41257e-03
3.44168e-03
2.09788e-03
8.27150e-04
-3.09516e-04
-1.39898e-03
-2.04922e-03
-2.28096e-03
-2.98427e-03
-4.73549e-03
-6.92561e-03
-8.63161e-03
-9.67945e-03
-1.03484e-02
-1.13668e-02
-1.28426e-02
-1.38779e-02
-1.39376e-02
-1.33050e-02
-1.22330e-02
-1.08888e-02
-9.63387e-03
-8.48363e-03
-7.32916e-03
-6.58627e-03
-6.38128e-03
-6.07627e-03
-5.26104e-03
-4.30927e-03
-3.64834e-03
-3.05137e-03
-2.20263e-03
-1.00428e-03
3.09124e-04
1.16643e-03
1.50592e-03
1.83868e-03
2.10373e-03
1.39967e-03
-6.78407e-04
-3.03921e-03
-4.28583e-03
-4.21822e-03
-3.86668e-03
-3.93433e-03
-4.27495e-03
-4.53967e-03
-4.48772e-03
-3.90177e-03
-2.69585e-03
-1.32017e-03
-5.81972e-04
-6.23823e-04
-8.26332e-04
-8.03278e-04
-6.62358e-04
-5.72015e-04
-5.54444e-04
-5.73482e-04
-6.06801e-04
-6.32443e-04
-6.14330e-04
-5.29936e-04
-4.27316e-04
-4.76865e-04
-9.52441e-04
-2.03918e-03
-3.48509e-03
-4.77938e-03
-5.93216e-03
-7.12347e-03
-7.92954e-03
-8.12350e-03
-8.13890e-03
-8.16583e-03
-7.79481e-03
-6.60167e-03
-4.79062e-03
-3.07147e-03
-1.81441e-03
-7.98634e-04
2.66255e-04
1.26326e-03
2.01951e-03
2.63948e-03
3.03967e-03
3.08642e-03
2.94101e-03
2.84286e-03
2.98780e-03
3.61353e-03
4.83958e-03
6.23174e-03
6.98198e-03
6.96449e-03
6.81854e-03
6.88978e-03
6.94090e-03
6.64036e-03
5.93320e-03
5.15037e-03
4.56075e-03
3.93986e-03
3.34123e-03
3.15438e-03
3.24760e-03
3.27883e-03
3.20432e-03
3.13537e-03
3.11612e-03
3.12777e-03
3.15461e-03
3.18499e-03
3.19027e-03
3.13461e-03
3.02517e-03
2.97740e-03
3.24027e-03
4.07764e-03
5.48397e-03
7.09910e-03
8.35272e-03
8.80206e-03
8.69328e-03
8.67296e-03
8.93905e-03
9.17983e-03
8.95157e-03
7.90725e-03
6.12644e-03
4.47891e-03
3.60691e-03
3.22240e-03
2.91302e-03
2.43245e-03
1.70791e-03
6.55730e-04
-7.56453e-04
-1.94321e-03
-1.92589e-03
-6.33414e-04
9.01955e-04
1.98375e-03
3.13125e-03
4.91152e-03
6.89867e-03
8.35259e-03
8.90962e-03
8.72933e-03
8.11004e-03
7.06608e-03
5.72117e-03
4.26091e-03
2.31386e-03
-3.11743e-04
-3.24458e-03
-6.16565e-03
-8.25606e-03
-8.48255e-03
-7.33540e-03
-6.19954e-03
-5.49595e-03
-4.87096e-03
-4.09842e-03
-3.22916e-03
-2.26420e-03
-1.11461e-03
2.55680e-04
1.70804e-03
3.08563e-03
3.92022e-03
3.58059e-03
2.08890e-03
3.38437e-04
-1.32790e-03
-3.21778e-03
-5.02082e-03
-6.12814e-03
-6.94998e-03
-8.25525e-03
-9.47332e-03
-9.46145e-03
-8.31674e-03
-7.14202e-03
-6.48172e-03
-6.28524e-03
-6.34850e-03
-6.38895e-03
-6.33325e-03
-6.29655e-03
-6.33008e-03
-6.32487e-03
-6.08063e-03
-5.46326e-03
-4.65313e-03
-4.20838e-03
-4.31015e-03
-4.55090e-03
-4.59468e-03
-4.31442e-03
-3.57851e-03
-2.41383e-03
-1.31129e-03
-7.42316e-04
-6.61828e-04
-7.20505e-04
-6.98039e-04
-6.49677e-04
-6.78436e-04
-7.22672e-04
-5.40581e-04
1.61766e-04
1.43933e-03
2.84488e-03
3.97855e-03
5.05327e-03
6.11017e-03
6.75999e-03
6.89333e-03
6.83571e-03
6.85390e-03
6.93245e-03
6.99823e-03
7.06388e-03
7.14811e-03
7.16597e-03
6.91560e-03
6.20117e-03
5.11528e-03
4.11150e-03
3.45121e-03
3.23474e-03
3.30282e-03
3.33559e-03
3.25622e-03
3.16697e-03
3.12946e-03
3.13057e-03
3.15131e-03
3.18282e-03
3.20861e-03
3.19383e-03
3.11163e-03
2.99535e-03
2.99713e-03
3.37941e-03
4.34226e-03
5.65796e-03
6.67122e-03
7.01564e-03
6.74615e-03
6.01219e-03
4.94028e-03
3.61746e-03
2.00485e-03
5.05210e-04
-2.43204e-04
-2.06615e-04
-1.09009e-04
-6.28286e-04
-1.87032e-03
-3.35425e-03
-4.24474e-03
-4.28637e-03
-4.07281e-03
-4.09308e-03
-4.26774e-03
-4.32540e-03
-4.07953e-03
-3.47257e-03
-2.66455e-03
-1.86263e-03
-8.41013e-04
5.47399e-04
1.95276e-03
2.87703e-03
3.37538e-03
4.03793e-03
4.88075e-03
5.18657e-03
4.66467e-03
3.52715e-03
2.14744e-03
9.18237e-04
-2.47128e-04
-1.50483e-03
-2.36026e-03
-2.48870e-03
-2.23939e-03
-1.85454e-03
-1.28527e-03
-7.49642e-04
-5.09772e-04
-2.17399e-04
4.56952e-04
1.14596e-03
1.43188e-03
1.66625e-03
2.26799e-03
2.97972e-03
3.45112e-03
3.93750e-03
4.58506e-03
5.00968e-03
5.03676e-03
4.97177e-03
5.05347e-03
5.19631e-03
5.17496e-03
4.76738e-03
3.89261e-03
2.83016e-03
1.98203e-03
1.46882e-03
1.31973e-03
1.41614e-03
1.77176e-03
2.60990e-03
3.86819e-03
5.09295e-03
6.29505e-03
7.98003e-03
1.00030e-02
1.16740e-02
1.25208e-02
1.25475e-02
1.21090e-02
1.14197e-02
1.06180e-02
9.95184e-03
9.36486e-03
8.60294e-03
7.31983e-03
5.77264e-03
5.01194e-03
5.13763e-03
5.33090e-03
5.27192e-03
5.19382e-03
5.23271e-03
5.23019e-03
4.89365e-03
4.01564e-03
2.77385e-03
1.80791e-03
1.36437e-03
7.89626e-04
-5.06317e-04
-2.10950e-03
-3.38216e-03
-4.41472e-03
-5.26284e-03
-5.66597e-03
-6.06716e-03
-7.13317e-03
-8.09324e-03
-8.10179e-03
-7.75353e-03
-7.90831e-03
-8.83426e-03
-1.02863e-02
-1.14299e-02
-1.12962e-02
-9.96048e-03
-8.58252e-03
-7.98076e-03
-7.63565e-03
-6.62756e-03
-5.09084e-03
-3.75464e-03
-2.62657e-03
-1.49835e-03
-7.51364e-04
-5.66808e-04
-5.60213e-04
-6.03486e-04
-1.06573e-03
-2.20812e-03
-3.58180e-03
-4.32262e-03
-4.25681e-03
-3.97884e-03
-3.90048e-03
-4.07445e-03
-4.60733e-03
-5.66450e-03
-6.99855e-03
-7.91038e-03
-8.25094e-03
-8.72641e-03
-9.63243e-03
-1.00929e-02
-9.30810e-03
-8.29143e-03
-8.08540e-03
-8.05321e-03
-7.22041e-03
-5.69193e-03
-4.48955e-03
-4.23295e-03
-4.45408e-03
-4.52990e-03
-4.41237e-03
-4.30046e-03
-4.26438e-03
-4.26557e-03
-4.27252e-03
-4.27952e-03
-4.28563e-03
-4.28988e-03
-4.29338e-03
-4.29572e-03
-4.29116e-03
-4.27375e-03
-4.24854e-03
-4.24044e-03
-4.28457e-03
-4.38915e-03
-4.47600e-03
-4.34641e-03
-3.74746e-03
-2.63073e-03
-1.46600e-03
-8.41591e-04
-7.81856e-04
-8.13342e-04
-4.07227e-04
6.18352e-04
1.96227e-03
3.23676e-03
4.48817e-03
5.73261e-03
6.66550e-03
7.07562e-03
6.90557e-03
6.09366e-03
4.64839e-03
3.14501e-03
2.30473e-03
1.85143e-03
1.11400e-03
-3.62212e-04
-2.29614e-03
-3.87208e-03
-5.02127e-03
-5.80368e-03
-6.04306e-03
-5.96995e-03
-5.98080e-03
-6.14597e-03
-6.32372e-03
-6.37994e-03
-6.17461e-03
-5.56363e-03
-4.61807e-03
-3.77154e-03
-3.23710e-03
-2.93139e-03
-2.81305e-03
-2.59674e-03
-1.81003e-03
-4.09938e-04
9.05502e-04
1.41169e-03
1.26643e-03
1.12057e-03
1.20277e-03
1.34004e-03
1.39499e-03
1.37246e-03
1.32583e-03
1.31085e-03
1.38249e-03
1.54344e-03
1.65745e-03
1.41301e-03
4.61918e-04
-1.16003e-03
-2.54658e-03
-2.73596e-03
-2.00150e-03
-9.58436e-04
8.36362e-05
7.67992e-04
1.06267e-03
1.44236e-03
2.44436e-03
3.92782e-03
5.04231e-03
5.34036e-03
5.16595e-03
4.65210e-03
3.42989e-03
1.55487e-03
-9.26745e-05
-1.02059e-03
-9.94614e-04
8.45204e-05
1.29314e-03
1.64246e-03
1.36292e-03
1.16059e-03
1.17266e-03
1.18252e-03
1.16919e-03
1.39367e-03
2.16146e-03
3.45556e-03
4.65570e-03
5.09843e-03
4.93107e-03
4.79053e-03
4.93326e-03
5.20192e-03
5.36542e-03
5.17969e-03
4.38975e-03
3.01492e-03
1.76099e-03
1.52117e-03
2.20908e-03
2.81371e-03
2.34018e-03
7.67733e-04
-6.89636e-04
-1.45404e-03
-2.33144e-03
-3.48291e-03
-4.11805e-03
-4.13959e-03
-4.20202e-03
-4.50971e-03
-4.54765e-03
-3.57961e-03
-1.21248e-03
1.94481e-03
4.59129e-03
6.37171e-03
8.04890e-03
1.01066e-02
1.22244e-02
1.36877e-02
1.38776e-02
1.28287e-02
1.14596e-02
1.06287e-02
1.00262e-02
8.76232e-03
6.98414e-03
5.44705e-03
4.16293e-03
3.05528e-03
2.12504e-03
1.25348e-03
5.09262e-04
-1.53862e-05
-3.88704e-04
-1.14670e-03
-2.63408e-03
-4.07735e-03
-4.19118e-03
-3.00693e-03
-1.50964e-03
-3.66998e-04
6.48614e-04
2.15678e-03
4.01476e-03
5.57893e-03
6.51742e-03
6.85111e-03
6.56200e-03
5.62061e-03
4.23804e-03
2.84413e-03
1.41725e-03
-3.97854e-04
-2.51534e-03
-4.79771e-03
-6.71500e-03
-7.71221e-03
-7.86871e-03
-7.79195e-03
-7.92485e-03
-8.19463e-03
-8.31641e-03
-8.02682e-03
-7.15771e-03
-5.85010e-03
-4.67279e-03
-3.81772e-03
-2.68663e-03
-1.21315e-03
-4.84687e-04
-8.66042e-04
-1.68734e-03
-2.37487e-03
-2.62642e-03
-2.59714e-03
-2.57551e-03
-2.39486e-03
-1.62068e-03
-2.01168e-04
1.13371e-03
1.56881e-03
1.12970e-03
2.30415e-04
-9.17394e-04
-1.92784e-03
-2.51396e-03
-3.21126e-03
-4.56298e-03
-5.91901e-03
-6.17575e-03
-5.21986e-03
-3.81156e-03
-2.83760e-03
-2.66408e-03
-2.66405e-03
-1.93289e-03
-3.83482e-04
1.08865e-03
1.60964e-03
1.23705e-03
3.73333e-04
-8.68201e-04
-2.21977e-03
-3.37953e-03
-4.53179e-03
-5.61432e-03
-6.10249e-03
-6.04136e-03
-5.97335e-03
-6.11443e-03
-6.32067e-03
-6.40883e-03
-6.20228e-03
-5.49825e-03
-4.27840e-03
-2.95217e-03
-1.77836e-03
-3.19533e-04
1.60728e-03
3.42070e-03
4.53655e-03
4.87757e-03
4.88870e-03
4.97779e-03
5.00661e-03
4.54109e-03
3.38848e-03
1.93929e-03
6.87123e-04
-5.13173e-04
-1.74349e-03
-2.46068e-03
-2.50469e-03
-2.27310e-03
-1.86051e-03
-1.11261e-03
-2.56666e-04
4.23936e-04
9.44019e-04
1.21741e-03
1.24461e-03
1.25398e-03
1.34746e-03
1.40663e-03
1.26152e-03
8.15299e-04
1.60625e-04
-3.50210e-04
-7.26584e-04
-1.60681e-03
-3.13243e-03
-4.28485e-03
-4.37643e-03
-4.08217e-03
-4.05110e-03
-4.20549e-03
-4.31082e-03
-4.33190e-03
-4.32986e-03
-4.32923e-03
-4.32352e-03
-4.30412e-03
-4.27274e-03
-4.24708e-03
-4.26728e-03
-4.36959e-03
-4.52357e-03
-4.55885e-03
-4.17142e-03
-3.10347e-03
-1.57936e-03
-6.08191e-04
-7.15952e-04
-1.01021e-03
-5.18439e-04
9.52359e-04
2.95935e-03
4.85469e-03
6.19561e-03
6.77203e-03
6.76786e-03
6.70298e-03
6.81482e-03
6.95952e-03
6.99306e-03
6.93962e-03
6.91725e-03
7.03399e-03
7.29202e-03
7.46114e-03
7.02130e-03
5.37841e-03
2.56137e-03
2.57267e-06
-8.12569e-04
-5.23885e-04
-3.56125e-04
-1.25953e-04
1.04402e-03
3.23944e-03
5.45439e-03
6.70844e-03
6.87965e-03
6.63452e-03
6.53353e-03
6.62877e-03
6.93878e-03
7.70664e-03
9.01906e-03
1.03050e-02
1.08407e-02
1.05243e-02
9.62118e-03
8.32665e-03
6.94770e-03
5.51960e-03
3.50615e-03
8.16631e-04
-1.54025e-03
-2.56529e-03
-2.39880e-03
-1.67337e-03
-5.57618e-04
7.23297e-04
1.38830e-03
1.25841e-03
1.01349e-03
1.04818e-03
1.23689e-03
1.42811e-03
1.57922e-03
1.56447e-03
1.09935e-03
-4.00852e-05
-1.55794e-03
-2.52527e-03
-2.55067e-03
-2.28726e-03
-2.26890e-03
-2.41462e-03
-2.52310e-03
-2.56682e-03
-2.59170e-03
-2.59583e-03
-2.53959e-03
-2.40767e-03
-2.28298e-03
-2.39394e-03
-3.05679e-03
-4.39245e-03
-5.83938e-03
-6.40472e-03
-6.25046e-03
-6.16036e-03
-6.16178e-03
-5.73309e-03
-4.63451e-03
-3.35762e-03
-2.64950e-03
-2.60108e-03
-2.71612e-03
-2.67508e-03
-2.56926e-03
-2.57013e-03
-2.67625e-03
-2.70491e-03
-2.34947e-03
-1.35281e-03
1.48403e-04
1.62496e-03
2.58394e-03
2.82897e-03
3.01098e-03
3.96448e-03
5.59223e-03
6.83180e-03
7.00869e-03
6.72908e-03
6.74026e-03
7.06375e-03
7.30201e-03
6.98688e-03
5.70109e-03
3.47731e-03
1.18441e-03
-2.42772e-04
-5.14640e-04
-2.90735e-04
-2.76583e-04
-4.49732e-04
-5.19213e-04
-4.43459e-04
-4.55652e-04
-8.62293e-04
-1.80659e-03
-2.90686e-03
-3.20650e-03
-2.24996e-03
-8.91567e-04
-2.89661e-04
-8.91914e-04
-2.44146e-03
-4.33114e-03
-5.92926e-03
-7.19491e-03
-7.93089e-03
-7.97248e-03
-7.89768e-03
-8.10106e-03
-8.35270e-03
-8.23557e-03
-7.48196e-03
-6.18047e-03
-5.00341e-03
-4.58335e-03
-4.65208e-03
-4.46545e-03
-3.74190e-03
-2.88473e-03
-2.49164e-03
-2.55580e-03
-2.64203e-03
-2.59000e-03
-2.53584e-03
-2.59758e-03
-2.73704e-03
-2.76508e-03
-2.37484e-03
-1.31405e-03
1.98988e-04
1.23812e-03
1.30567e-03
1.07580e-03
1.17422e-03
1.45551e-03
1.44266e-03
7.43574e-04
-7.06400e-04
-2.24506e-03
-2.85190e-03
-2.70656e-03
-2.34464e-03
-1.42222e-03
5.68857e-04
3.19377e-03
5.57176e-03
7.34301e-03
8.27374e-03
7.60549e-03
4.98378e-03
1.47261e-03
-1.23446e-03
-2.40621e-03
-2.16557e-03
-1.09100e-03
2.39082e-04
1.18596e-03
1.28831e-03
8.90718e-04
7.00006e-04
1.13449e-03
2.33023e-03
4.06531e-03
5.31984e-03
5.19374e-03
4.05561e-03
2.63069e-03
1.65038e-03
1.86483e-03
2.88621e-03
3.47949e-03
3.30861e-03
2.99888e-03
2.91701e-03
2.97060e-03
3.05275e-03
3.18281e-03
3.34072e-03
3.34299e-03
2.86819e-03
1.68168e-03
1.05720e-04
-7.58182e-04
-5.99453e-04
-2.92057e-04
-3.65048e-04
-6.50073e-04
-8.63043e-04
-7.86952e-04
-1.76137e-04
1.07029e-03
2.47151e-03
3.23483e-03
3.08895e-03
2.23173e-03
8.85017e-04
-4.92417e-04
-1.40845e-03
-2.02454e-03
-2.29136e-03
-1.65582e-03
-7.00604e-04
-1.99286e-04
5.02897e-04
1.89381e-03
3.01670e-03
3.21836e-03
3.12221e-03
3.06920e-03
2.52423e-03
1.00265e-03
-1.02623e-03
-2.57990e-03
-3.28461e-03
-2.66914e-03
-1.13522e-03
-2.58293e-04
-4.85744e-04
-8.95402e-04
-9.14650e-04
-7.08321e-04
-5.33655e-04
-5.00689e-04
-7.09935e-04
-1.26982e-03
-2.05750e-03
-2.56196e-03
-2.58764e-03
-2.57039e-03
-2.68816e-03
-2.65301e-03
-2.02489e-03
-6.84674e-04
7.79247e-04
1.48161e-03
1.42835e-03
1.12627e-03
5.06797e-04
-7.41863e-04
-2.15718e-03
-2.67549e-03
-2.44777e-03
-2.37429e-03
-2.63207e-03
-2.75425e-03
-2.26552e-03
-1.00427e-03
5.63465e-04
1.36213e-03
1.29090e-03
1.19111e-03
1.27966e-03
1.02109e-03
-4.27878e-05
-1.64153e-03
-2.64709e-03
-2.57670e-03
-2.25374e-03
-2.30217e-03
-2.60557e-03
-2.85809e-03
-2.81473e-03
-2.21861e-03
-9.66089e-04
4.01782e-04
6.44022e-04
-7.01429e-04
-2.36730e-03
-2.91263e-03
-2.50031e-03
-2.11933e-03
-2.18339e-03
-2.61816e-03
-3.34424e-03
-4.12084e-03
-4.21184e-03
-3.20702e-03
-2.27864e-03
-2.27479e-03
-2.58895e-03
-2.64367e-03
-2.52145e-03
-2.45525e-03
-2.50147e-03
-2.59596e-03
-2.60927e-03
-2.35537e-03
-1.70482e-03
-8.76288e-04
-6.28236e-04
-1.52559e-03
-3.13125e-03
-4.37374e-03
-4.97788e-03
-5.72965e-03
-6.56415e-03
-6.33931e-03
-4.83197e-03
-3.11527e-03
-1.81406e-03
-9.63218e-04
-5.40686e-04
1.59232e-04
1.61440e-03
3.00546e-03
3.34057e-03
2.99925e-03
2.74857e-03
2.78585e-03
3.15485e-03
4.06920e-03
5.51298e-03
6.69371e-03
6.86644e-03
6.56721e-03
6.55463e-03
6.80959e-03
6.90500e-03
6.47083e-03
5.36843e-03
3.94531e-03
3.02909e-03
2.98001e-03
3.26963e-03
3.34399e-03
3.06307e-03
2.39143e-03
1.34849e-03
2.32805e-04
-4.83845e-04
-5.63030e-04
-3.36898e-04
-2.09927e-04
-2.93846e-04
-6.46741e-04
-1.36926e-03
-2.28965e-03
-2.61336e-03
-1.72625e-03
-6.40025e-04
-4.54087e-04
-6.86237e-04
-3.07480e-04
9.57011e-04
2.42701e-03
3.04963e-03
2.84214e-03
2.60281e-03
2.63386e-03
2.76893e-03
2.89133e-03
3.00241e-03
3.01342e-03
2.69163e-03
1.81952e-03
5.51338e-04
-4.28490e-04
-6.38555e-04
-4.42594e-04
-3.58977e-04
-4.36225e-04
-5.16028e-04
-5.69904e-04
-6.58779e-04
-7.75480e-04
-7.60111e-04
-3.38470e-04
6.89612e-04
2.03905e-03
2.82484e-03
2.78869e-03
2.55001e-03
2.37631e-03
2.00814e-03
1.38663e-03
9.47338e-04
9.39917e-04
1.23167e-03
1.82533e-03
2.77449e-03
3.74023e-03
4.44926e-03
5.31576e-03
6.59480e-03
7.49832e-03
7.53635e-03
7.13199e-03
6.50381e-03
5.53490e-03
4.54921e-03
4.08307e-03
3.86796e-03
3.10372e-03
1.70912e-03
6.48622e-04
5.28147e-04
7.77748e-04
8.69356e-04
8.52648e-04
8.11363e-04
5.61051e-04
-1.33595e-04
-1.15540e-03
-1.76592e-03
-1.21488e-03
1.08011e-04
9.52212e-04
7.88488e-04
1.01031e-05
-1.03930e-03
-2.06905e-03
-2.57398e-03
-2.48066e-03
-2.30505e-03
-2.38406e-03
-2.61453e-03
-2.74674e-03
-2.53696e-03
-1.77913e-03
-5.44508e-04
4.77785e-04
6.54937e-04
4.02238e-04
3.20941e-04
4.27567e-04
5.12563e-04
5.10178e-04
4.79359e-04
4.80622e-04
5.41790e-04
6.27195e-04
5.99312e-04
2.29671e-04
-6.30740e-04
-1.73506e-03
-2.43931e-03
-2.48298e-03
-2.29848e-03
-2.26989e-03
-2.36060e-03
-2.42603e-03
-2.43258e-03
-2.41194e-03
-2.38251e-03
-2.35116e-03
-2.32737e-03
-2.32525e-03
-2.34715e-03
-2.37170e-03
-2.34419e-03
-2.20075e-03
-1.93259e-03
-1.68950e-03
-1.83592e-03
-2.62092e-03
-3.46684e-03
-3.68151e-03
-3.46765e-03
-3.33513e-03
-3.36974e-03
-3.41108e-03
-3.38581e-03
-3.33406e-03
-3.31602e-03
-3.36627e-03
-3.45381e-03
-3.43326e-03
-3.05439e-03
-2.13583e-03
-9.34310e-04
-2.73467e-04
-5.31291e-04
-1.32521e-03
-2.25006e-03
-2.89170e-03
-2.89811e-03
-2.49171e-03
-2.26732e-03
-2.54736e-03
-2.94042e-03
-3.00463e-03
-2.86991e-03
-2.78254e-03
-2.76568e-03
-2.75524e-03
-2.73195e-03
-2.70564e-03
-2.67651e-03
-2.63751e-03
-2.58713e-03
-2.53622e-03
-2.50653e-03
-2.51981e-03
-2.56578e-03
-2.56146e-03
-2.33830e-03
-1.72074e-03
-7.57755e-04
8.73085e-05
6.43793e-04
1.34315e-03
2.09827e-03
2.39281e-03
2.34509e-03
2.24391e-03
1.94827e-03
1.24217e-03
3.76897e-04
-2.99258e-05
2.84729e-04
1.01682e-03
1.71084e-03
2.07006e-03
2.11986e-03
2.04914e-03
2.00853e-03
2.02055e-03
2.04715e-03
2.08314e-03
2.14086e-03
2.17873e-03
2.06199e-03
1.61565e-03
8.11217e-04
3.14311e-05
-1.97597e-04
-3.09316e-05
7.84323e-05
3.34022e-05
-5.42068e-05
-1.38832e-04
-2.21000e-04
-2.14795e-04
6.88444e-05
7.92147e-04
1.81714e-03
2.61740e-03
2.95659e-03
3.31699e-03
4.02724e-03
4.60450e-03
4.46876e-03
3.70307e-03
2.83667e-03
2.32180e-03
1.94701e-03
1.35262e-03
8.11902e-04
6.92545e-04
7.83143e-04
6.45566e-04
1.11287e-04
-6.43850e-04
-1.13295e-03
-9.37606e-04
-2.23420e-04
4.35394e-04
7.87487e-04
1.15318e-03
1.74122e-03
2.16680e-03
2.24439e-03
2.30438e-03
2.48337e-03
2.51501e-03
2.25195e-03
2.00542e-03
2.01419e-03
2.04170e-03
1.74148e-03
9.91943e-04
-1.42773e-05
-9.14013e-04
-1.45758e-03
-1.81663e-03
-2.34471e-03
-2.83576e-03
-2.93658e-03
-2.77776e-03
-2.52036e-03
-2.11858e-03
-1.63715e-03
-1.28896e-03
-1.16358e-03
-1.18226e-03
-1.21959e-03
-1.20566e-03
-1.09167e-03
-8.06848e-04
-3.56592e-04
2.01225e-05
-1.86724e-05
-4.94513e-04
-9.69088e-04
-1.04191e-03
-9.04901e-04
-8.71463e-04
-9.21621e-04
-8.56090e-04
-5.30831e-04
1.12350e-05
4.55730e-04
5.28112e-04
4.12736e-04
3.68638e-04
4.08851e-04
4.54295e-04
4.80406e-04
4.88294e-04
4.49444e-04
3.15491e-04
8.09963e-05
-1.41302e-04
-2.02178e-04
-1.51815e-04
-1.21860e-04
-1.36505e-04
-1.56052e-04
-1.60922e-04
-1.55643e-04
-1.45115e-04
-1.30996e-04
-1.18858e-04
-1.19063e-04
-1.38852e-04
-1.67418e-04
-1.62972e-04
-5.73723e-05
1.97408e-04
5.36688e-04
7.56001e-04
7.52345e-04
7.02370e-04
8.36789e-04
1.19146e-03
1.55675e-03
1.60722e-03
1.31293e-03
9.22049e-04
6.43633e-04
4.69115e-04
2.28448e-04
-8.46970e-05
-2.35316e-04
-1.86592e-04
-1.35505e-04
-2.08700e-04
-4.15269e-04
-6.97402e-04
-9.17388e-04
-9.63805e-04
-8.90697e-04
-8.18138e-04
-7.89312e-04
-8.07269e-04
-8.98789e-04
-1.07396e-03
-1.22817e-03
-1.15191e-03
-8.57725e-04
-6.31463e-04
-5.41324e-04
-3.87588e-04
-1.28340e-04
2.82696e-05
5.95808e-06
-3.20641e-05
5.03450e-05
2.63161e-04
5.17821e-04
6.45770e-04
5.84911e-04
4.18955e-04
2.22670e-04
8.19766e-05
1.08641e-04
2.94183e-04
4.79346e-04
5.36746e-04
4.99820e-04
4.56573e-04
4.07457e-04
3.00128e-04
1.40167e-04
2.92606e-05
2.54865e-06
-5.38019e-05
-2.00203e-04
-3.32554e-04
-3.14165e-04
-1.55099e-04
1.07899e-06
5.37410e-05
4.79141e-05
7.92128e-05
1.58811e-04
2.15552e-04
2.12192e-04
1.95353e-04
2.14838e-04
2.79078e-04
3.64532e-04
4.35498e-04
4.64647e-04
4.55170e-04
4.36831e-04
4.15537e-04
3.65322e-04
2.71412e-04
1.67770e-04
1.12397e-04
1.10842e-04
1.18851e-04
1.12360e-04
9.98990e-05
9.14602e-05
8.66350e-05
8.17834e-05
7.61801e-05
7.24227e-05
7.52091e-05
8.79924e-05
1.06503e-04
1.12645e-04
8.98210e-05
5.62230e-05
4.39924e-05
4.83187e-05
4.93818e-05
4.38904e-05
3.87586e-05
3.82064e-05
4.10659e-05
4.14420e-05
2.89543e-05
-6.50954e-06
-6.09509e-05
-1.02687e-04
-1.05367e-04
-8.96719e-05
-8.18976e-05
-8.22005e-05
-8.18638e-05
-7.83797e-05
-7.35869e-05
-6.87094e-05
-6.40084e-05
-5.95441e-05
-5.54099e-05
-5.15100e-05
-4.77279e-05
-4.39816e-05
-4.02971e-05
-3.67024e-05
-3.32584e-05
-2.99916e-05
-2.69172e-05
-2.39494e-05
-2.09495e-05
-1.77725e-05
-1.44970e-05
-1.15355e-05
-9.56084e-06
-8.87171e-06
-8.48078e-06
-5.45136e-06
4.12913e-06
2.15577e-05
3.98795e-05
4.53220e-05
3.26113e-05
1.27630e-05
-2.73702e-07
-4.55107e-06
-5.68321e-06
-5.11627e-06
-3.69725e-06
-2.56321e-06
6.32231e-08
7.35740e-06
1.98349e-05
3.18847e-05
3.54335e-05
3.24772e-05
3.00492e-05
3.05886e-05
3.37158e-05
3.91949e-05
4.52168e-05
4.77615e-05
4.56334e-05
4.19208e-05
3.90318e-05
3.70497e-05
3.60444e-05
3.68739e-05
3.95420e-05
4.12747e-05
3.87158e-05
3.31465e-05
2.77592e-05
2.32321e-05
1.89123e-05
1.61131e-05
1.47911e-05
1.34148e-05
1.15666e-05
9.69701e-06
8.11575e-06
6.79708e-06
5.63247e-06
4.42035e-06
2.84517e-06
6.08575e-07
-2.13684e-06
-4.38394e-06
-5.03969e-06
-4.56801e-06
-4.20624e-06
-4.69990e-06
-5.89276e-06
-7.13858e-06
-8.12729e-06
-8.99974e-06
-9.97257e-06
-1.11565e-05
-1.25251e-05
-1.38519e-05
-1.48053e-05
-1.53581e-05
-1.58609e-05
-1.65618e-05
-1.73458e-05
-1.80898e-05
-1.88520e-05
-1.96820e-05
-2.05332e-05
-2.13643e-05
-2.21784e-05
-2.29863e-05
-2.37901e-05
-2.45929e-05
-2.54030e-05
-2.62260e-05
-2.70511e-05
-2.78472e-05
-2.86059e-05
-2.93582e-05
-3.01128e-05
-3.08535e-05
-3.15818e-05
-3.23132e-05
-3.30553e-05
-3.38081e-05
-3.45676e-05
-3.53283e-05
-3.60914e-05
-3.68611e-05
-3.76360e-05
-3.84140e-05
-3.91948e-05
-3.99785e-05
-4.07653e-05
-4.15547e-05
-4.23464e-05
-4.31404e-05
-4.39368e-05
-4.47356e-05
-4.55369e-05
