-4.77009e-04
-6.04849e-04
-4.77104e-04
-6.04944e-04
-4.77199e-04
-6.09446e-04
-4.66278e-04
-6.44794e-04
-1.90959e-04
1.63113e-03
1.21466e-03
4.14809e-04
-3.03520e-04
-6.91351e-04
-1.82433e-04
1.65508e-03
2.84573e-04
-7.02560e-04
-4.66853e-04
-5.74863e-04
-5.46268e-04
-5.02250e-04
-6.52124e-04
-1.41003e-04
1.48499e-03
1.72070e-03
2.77482e-04
-7.51514e-04
7.11439e-04
2.12371e-03
3.54701e-03
3.89068e-03
3.25607e-03
1.80404e-03
-9.33396e-06
-2.96623e-03
-2.12020e-03
-8.31314e-04
1.69134e-05
1.46861e-04
-5.91298e-04
-8.77776e-04
-2.63827e-03
-2.78594e-03
-1.38909e-03
-4.08662e-04
-6.04805e-04
-6.15869e-04
6.95055e-04
1.78565e-03
1.43527e-03
1.68200e-03
1.46382e-03
1.70393e-03
1.17068e-03
-5.12695e-04
-5.74435e-04
-5.67873e-04
-5.72327e-04
-5.81188e-04
-5.32762e-04
-8.67713e-04
-2.78905e-03
-2.31318e-03
-6.36506e-04
-5.70454e-04
-5.85924e-04
-5.79361e-04
-5.77204e-04
-5.99284e-04
-5.46451e-04
-1.52036e-03
-1.68345e-03
-8.02176e-04
6.73998e-04
2.92133e-03
3.92600e-03
2.26465e-03
1.52429e-03
3.10220e-04
-8.24532e-04
-4.47811e-04
-7.21068e-04
-4.80952e-04
-7.60819e-04
7.06543e-04
1.75748e-03
1.08322e-03
-4.92196e-04
-1.56966e-03
-1.67106e-03
-1.72619e-03
-6.99488e-04
-6.90719e-04
6.73087e-04
1.68877e-03
1.47941e-03
3.60083e-04
-9.39916e-04
-3.56082e-04
-8.76108e-04
-3.38544e-04
-9.77548e-04
9.10150e-05
-1.05124e-04
-2.17536e-04
1.09119e-03
-5.50323e-04
-6.97989e-04
-4.95327e-04
-1.07704e-03
-2.38806e-03
-6.01214e-04
-7.81929e-04
7.31705e-04
1.35300e-03
-7.55616e-04
-4.91260e-04
-7.66717e-04
-5.06768e-04
-7.91037e-04
-2.29234e-04
1.44084e-03
1.49147e-03
1.52007e-03
1.45393e-03
1.56406e-03
1.39436e-03
1.64550e-03
1.24225e-03
2.14557e-03
1.82605e-03
-6.19669e-04
-1.87780e-03
-2.97289e-03
-2.67548e-03
-2.81873e-03
-2.76589e-03
-2.74390e-03
-2.84089e-03
-2.65805e-03
-2.97757e-03
-2.21086e-03
-2.07209e-03
-2.82566e-03
-2.85874e-03
-1.48612e-03
-2.47895e-04
1.81657e-03
3.51088e-03
4.03744e-03
4.56620e-03
2.14031e-03
1.43301e-03
1.53432e-03
1.46598e-03
1.54527e-03
1.41964e-03
1.84925e-03
3.63830e-03
3.57217e-03
3.75280e-03
3.23940e-03
1.62433e-03
2.71462e-04
-9.02939e-04
-3.36723e-04
-2.09941e-03
-2.69213e-03
-4.10449e-03
-4.71264e-03
-2.71868e-03
-1.66333e-03
2.65824e-05
1.28684e-03
1.67680e-03
1.37271e-03
1.69215e-03
1.11265e-03
-5.97156e-04
5.97007e-04
1.81761e-03
1.25353e-03
2.08855e-03
2.34411e-03
1.40759e-04
-7.49412e-04
-4.93859e-04
-6.89986e-04
-4.85109e-04
-9.36820e-04
-2.79425e-03
-1.41500e-03
-4.36760e-04
-6.37292e-04
-6.28509e-04
-1.81267e-04
2.94619e-04
2.13782e-05
1.06352e-03
1.56584e-03
1.55259e-03
1.64070e-03
3.07662e-04
-7.89617e-04
-3.75423e-04
-9.79159e-04
-2.63167e-03
-2.67797e-03
-2.71766e-03
-2.62735e-03
-2.79263e-03
-2.28589e-03
-6.15807e-04
-4.99058e-04
-5.98235e-04
-4.50639e-04
-6.53371e-04
-3.38323e-04
-1.04341e-03
-2.18475e-03
-6.68898e-04
7.10350e-04
3.02380e-03
3.93154e-03
3.55035e-03
5.14552e-03
5.97615e-03
5.93866e-03
4.67834e-03
3.49294e-03
4.05476e-03
2.31412e-03
1.67733e-03
3.72949e-04
-6.69242e-04
-3.71818e-04
-5.54716e-04
-4.09320e-04
-5.32729e-04
-4.00552e-04
-5.65823e-04
-2.88228e-04
-1.85921e-03
-2.38362e-03
-1.29741e-03
-7.77450e-04
-2.35456e-04
-6.49700e-04
-2.61835e-05
2.75658e-03
4.48176e-03
5.70237e-03
6.21793e-03
5.45115e-03
4.06525e-03
3.59372e-03
5.33872e-03
5.68683e-03
3.95501e-03
2.61096e-03
1.47844e-03
2.16145e-03
3.82273e-03
3.83153e-03
3.98354e-03
3.48116e-03
1.83968e-03
1.66560e-03
1.91235e-03
5.85940e-04
3.02720e-03
2.83328e-03
3.58948e-04
-1.97438e-03
-5.09869e-03
-6.90543e-03
-9.06910e-03
-7.50917e-03
-6.63887e-03
-6.80193e-03
-6.73365e-03
-6.55299e-03
-3.12685e-03
2.23380e-03
5.71942e-03
9.54657e-03
1.02516e-02
6.71748e-03
9.44787e-04
-8.25186e-03
-1.83188e-02
-2.71255e-02
-3.40505e-02
-3.78292e-02
-3.90763e-02
-3.67937e-02
-3.05297e-02
-2.26110e-02
-1.15966e-02
-1.50764e-03
6.20835e-03
1.13553e-02
1.44619e-02
1.64053e-02
1.47726e-02
1.33580e-02
1.32347e-02
1.31201e-02
1.46117e-02
1.34572e-02
1.12318e-02
7.59412e-03
2.06379e-03
-1.35576e-03
-3.93806e-03
-4.56821e-03
-4.33026e-03
-9.06323e-04
4.43230e-03
7.95319e-03
1.17032e-02
1.27520e-02
1.21659e-02
1.02160e-02
7.09385e-03
4.72308e-03
3.90344e-03
4.09512e-03
3.96291e-03
4.08409e-03
3.96070e-03
4.09289e-03
4.11051e-03
8.03240e-03
1.52482e-02
2.22019e-02
2.54870e-02
2.43435e-02
1.88815e-02
8.56116e-03
-4.56839e-03
-1.41131e-02
-1.86916e-02
-1.93460e-02
-1.57524e-02
-1.14053e-02
-7.20358e-03
-3.00848e-03
-2.62290e-03
-4.70503e-03
-8.08933e-03
-1.26039e-02
-1.55652e-02
-1.72639e-02
-1.61579e-02
-1.45208e-02
-1.33531e-02
-1.13921e-02
-7.21243e-03
-2.80361e-03
1.04779e-03
3.06602e-03
1.72420e-03
-1.42434e-03
-2.70447e-03
-6.55384e-04
2.13401e-03
1.26790e-04
-7.62006e-03
-1.62593e-02
-2.45547e-02
-2.94615e-02
-3.01908e-02
-2.87653e-02
-2.26379e-02
-1.28507e-02
1.91588e-03
1.36838e-02
2.22635e-02
2.93692e-02
3.60166e-02
3.91321e-02
3.67877e-02
3.42341e-02
2.78445e-02
2.51697e-02
2.17743e-02
1.61956e-02
9.25733e-03
9.28808e-04
-7.91749e-03
-1.33685e-02
-1.13591e-02
-7.26531e-03
-2.82122e-03
3.62572e-04
4.37040e-03
5.98103e-03
7.23031e-03
5.96120e-03
2.91182e-03
6.73471e-05
-2.47307e-03
-1.23921e-03
1.48409e-03
5.44565e-03
1.01541e-02
1.21834e-02
1.04714e-02
9.25740e-03
6.56276e-03
2.47121e-03
-3.05029e-03
-8.89568e-03
-1.33486e-02
-1.52346e-02
-1.51399e-02
-1.53470e-02
-1.48468e-02
-1.29519e-02
-9.25258e-03
-1.40878e-03
7.15331e-03
1.57837e-02
2.28365e-02
2.54012e-02
2.38919e-02
1.79187e-02
8.96447e-03
-1.43076e-03
-8.46152e-03
-1.13280e-02
-1.30797e-02
-1.41725e-02
-1.71293e-02
-1.97403e-02
-2.21066e-02
-2.33581e-02
-2.15976e-02
-1.76625e-02
-1.24010e-02
-8.71702e-03
-5.55746e-03
-3.16245e-03
-2.34281e-03
-3.66920e-03
-6.10826e-03
-6.77365e-03
-6.84194e-03
-5.29521e-03
-7.27728e-04
3.14571e-03
9.09026e-03
1.29483e-02
1.45325e-02
1.42240e-02
1.25583e-02
1.09587e-02
6.48820e-03
2.27548e-03
-5.84416e-04
3.69286e-05
2.80871e-03
5.62676e-03
9.50019e-03
1.03903e-02
1.02780e-02
1.00092e-02
7.87199e-03
5.71275e-03
3.71435e-03
2.04487e-04
-4.09857e-03
-8.53604e-03
-1.13078e-02
-1.47758e-02
-1.76555e-02
-1.73404e-02
-1.76092e-02
-1.71597e-02
-1.50313e-02
-1.33237e-02
-1.17968e-02
-8.01373e-03
-4.81231e-03
3.47867e-04
5.55431e-03
9.74282e-03
1.25631e-02
1.19814e-02
1.00249e-02
7.84802e-03
4.60255e-03
-1.18774e-03
-7.66327e-03
-1.29644e-02
-1.43437e-02
-1.02587e-02
-4.81433e-03
1.14494e-04
-8.87806e-06
-3.82060e-03
-6.40287e-03
-9.17462e-03
-8.57531e-03
-5.61845e-03
7.49143e-04
7.70281e-03
1.05627e-02
1.23540e-02
1.22615e-02
1.26956e-02
1.47182e-02
1.67321e-02
1.61879e-02
1.35395e-02
1.03579e-02
8.28904e-03
6.64097e-03
6.01745e-03
4.56548e-03
3.84281e-03
2.45253e-03
1.89290e-03
3.77675e-03
4.99079e-03
7.30429e-03
9.68388e-03
1.37182e-02
1.57276e-02
1.80455e-02
1.97663e-02
1.87484e-02
1.49653e-02
1.09178e-02
5.08789e-03
7.09586e-05
-5.44612e-03
-1.07693e-02
-1.47992e-02
-1.89326e-02
-1.98205e-02
-1.92696e-02
-1.74188e-02
-1.37944e-02
-9.85703e-03
-7.55456e-03
-6.81423e-03
-6.58727e-03
-4.47207e-03
-2.22027e-03
-1.66943e-03
-4.04679e-03
-4.88843e-03
-3.22932e-03
1.28528e-03
5.05076e-03
6.49174e-03
7.71019e-03
5.67214e-03
3.63409e-03
2.03551e-04
-4.23391e-03
-8.25274e-03
-8.79694e-03
-6.53853e-03
-4.40570e-03
-2.67608e-03
-1.30781e-03
-2.83252e-04
6.13514e-04
3.22225e-03
5.00696e-03
6.59556e-03
7.63554e-03
5.81342e-03
2.38287e-03
-2.20441e-03
-4.93871e-03
-8.13570e-03
-9.01260e-03
-1.01363e-02
-1.24872e-02
-1.36946e-02
-1.52127e-02
-1.55542e-02
-1.37628e-02
-9.53908e-03
-5.07074e-03
-2.32539e-03
1.15806e-03
4.04222e-03
3.67869e-03
4.08191e-03
2.44927e-03
1.72219e-03
4.48695e-04
5.43454e-04
2.47798e-03
3.48711e-03
5.50316e-03
9.79083e-03
1.25692e-02
1.31267e-02
1.29130e-02
1.06127e-02
7.86742e-03
4.82906e-03
2.49357e-03
4.95181e-04
-2.07827e-03
-5.08137e-03
-6.74486e-03
-5.61895e-03
-4.07221e-03
-2.67749e-03
-2.41969e-03
-2.58051e-03
-2.45491e-03
-2.51217e-03
-3.62704e-03
-5.30815e-03
-6.22471e-03
-5.65844e-03
-4.88947e-03
-3.12900e-03
1.38560e-03
4.22569e-03
6.31445e-03
8.19609e-03
8.09035e-03
8.30189e-03
7.97361e-03
9.59526e-03
1.03378e-02
1.04766e-02
8.70077e-03
5.65140e-03
3.67724e-03
1.77801e-03
1.83751e-03
1.53567e-03
-7.22707e-04
-2.35975e-03
-2.59990e-03
-2.07770e-03
-3.85536e-04
-1.40345e-03
-4.34706e-03
-6.72222e-03
-6.81915e-03
-5.28783e-03
-7.09326e-04
3.19276e-03
8.01583e-03
9.02055e-03
8.09518e-03
7.95418e-03
6.03952e-03
6.08801e-03
7.18748e-03
9.74774e-03
1.03471e-02
1.04198e-02
9.13968e-03
6.76893e-03
5.94270e-03
6.22914e-03
5.62986e-03
4.15806e-03
2.34695e-03
-7.48688e-04
-3.55129e-03
-5.11563e-03
-7.75959e-03
-1.03375e-02
-1.22543e-02
-1.33802e-02
-1.28955e-02
-1.35873e-02
-1.51582e-02
-1.52772e-02
-1.61541e-02
-1.55327e-02
-1.40124e-02
-1.14698e-02
-7.30993e-03
-2.83939e-03
-2.98958e-04
-5.87816e-05
1.87574e-03
1.49899e-03
-4.68555e-04
1.33157e-03
4.27080e-03
7.53392e-03
1.09072e-02
1.21235e-02
8.89341e-03
4.47138e-03
-9.57576e-04
-6.55618e-03
-8.79253e-03
-8.92251e-03
-8.57658e-03
-6.39529e-03
-4.67008e-03
-4.31313e-03
-2.37420e-03
-2.67163e-03
-1.04337e-03
-3.40497e-04
9.41845e-04
1.95979e-03
1.79676e-03
5.91558e-04
-5.69575e-04
-3.60247e-04
-4.14553e-03
-7.11778e-03
-8.84737e-03
-8.61822e-03
-5.52696e-03
-3.23109e-03
-2.23738e-03
-3.81935e-03
-5.85299e-03
-8.26561e-03
-8.62253e-03
-6.52717e-03
-3.15829e-03
2.22221e-03
5.78278e-03
8.29457e-03
7.79002e-03
6.15518e-03
4.84201e-03
3.61258e-03
4.22511e-03
3.29312e-03
3.24466e-03
3.94973e-03
5.03818e-03
7.60505e-03
7.03440e-03
5.47006e-03
4.06656e-03
3.80438e-03
4.20319e-03
6.38008e-03
8.04359e-03
9.43830e-03
1.05245e-02
9.94288e-03
7.85855e-03
6.13557e-03
4.76733e-03
3.69432e-03
3.99839e-03
3.86841e-03
2.76676e-03
2.74821e-04
-1.57595e-03
-3.16453e-03
-3.21961e-03
-2.41098e-03
-2.36470e-03
1.09632e-04
3.69633e-04
-5.33716e-04
-5.02860e-04
-3.92239e-03
-4.66931e-03
-4.81692e-03
-3.03443e-03
-2.18586e-04
-5.38058e-04
-3.11108e-04
-2.49406e-04
2.21391e-03
3.42574e-03
1.79970e-03
1.51108e-03
-8.28834e-04
-2.32047e-03
-3.91346e-03
-4.74630e-03
-4.75290e-03
-3.38023e-03
-2.39093e-03
-2.59143e-03
-2.57820e-03
-2.21685e-03
-4.25547e-04
-4.34353e-04
-4.07906e-04
-4.16711e-04
-4.25517e-04
-4.12290e-04
-4.21096e-04
-4.36512e-04
-3.50576e-04
-1.64391e-03
-3.06064e-03
-4.64702e-03
-3.52112e-03
-1.15696e-03
9.16369e-04
1.86600e-03
1.62144e-03
1.74263e-03
1.71840e-03
1.60163e-03
3.00735e-03
3.99004e-03
3.77191e-03
3.84463e-03
3.86887e-03
3.74329e-03
4.01650e-03
2.42792e-03
1.68541e-03
4.86810e-04
-1.80243e-03
-3.06933e-03
-4.54554e-03
-4.90027e-03
-4.18419e-03
-3.09795e-03
-4.28333e-03
-2.65508e-03
-2.50525e-03
-2.74320e-03
-1.20528e-03
-4.12086e-04
7.35844e-04
2.20546e-03
3.74117e-03
3.76541e-03
4.85165e-03
3.63102e-03
1.67448e-03
1.66347e-03
1.79346e-03
3.52500e-04
-5.70685e-04
-4.58313e-04
-3.34925e-04
-1.81114e-03
-2.64399e-03
-2.90839e-03
-4.67985e-03
-4.79442e-03
-4.54765e-03
-6.16267e-03
-6.59232e-03
-4.80543e-03
-3.49666e-03
-2.15704e-03
-1.65241e-04
1.35505e-03
-4.97938e-04
-4.03194e-04
-4.91325e-04
-4.93527e-04
7.09484e-04
2.25621e-03
3.58481e-03
4.23920e-03
5.63389e-03
3.43499e-03
1.78030e-03
1.53573e-03
2.98331e-03
3.96599e-03
3.71040e-03
3.86904e-03
3.74345e-03
3.86023e-03
3.72803e-03
3.92853e-03
2.52943e-03
1.20083e-03
-4.34029e-04
-3.74540e-04
-8.79099e-04
-2.44565e-03
-3.91306e-03
-4.87371e-03
-5.58758e-03
-5.01472e-03
-4.37576e-03
-2.29804e-03
-5.68439e-04
7.68971e-04
1.90808e-03
1.46742e-03
2.74754e-03
1.72961e-03
1.72740e-03
1.51588e-03
3.00312e-03
3.93291e-03
3.74123e-03
3.82054e-03
3.80512e-03
3.76325e-03
3.89104e-03
3.41733e-03
1.74941e-03
1.36603e-03
-5.53054e-04
7.97574e-04
2.12176e-03
3.99458e-03
6.03264e-03
5.73078e-03
7.30394e-03
8.20510e-03
7.76223e-03
5.62941e-03
3.60456e-03
1.27786e-03
-3.23952e-04
-8.46141e-04
-2.54710e-03
-2.63304e-03
-2.50525e-03
-3.87131e-03
-4.95975e-03
-4.53451e-03
-5.18229e-03
-6.75987e-03
-6.93394e-03
-6.78852e-03
-6.96479e-03
-6.74227e-03
-6.18924e-03
-5.12945e-03
-6.09451e-03
-6.85906e-03
-8.15682e-03
-9.13510e-03
-8.97867e-03
-8.94782e-03
-9.14613e-03
-8.52480e-03
-7.10367e-03
-6.29506e-03
-6.23337e-03
-5.68696e-03
-4.54344e-03
-4.58091e-03
-2.22116e-03
-2.95476e-04
2.03783e-03
3.74098e-03
3.80928e-03
3.80707e-03
3.79384e-03
3.81807e-03
3.78281e-03
3.83127e-03
3.76076e-03
3.87973e-03
3.48754e-03
1.39879e-03
-5.24714e-04
-2.75748e-04
-1.89078e-03
-2.36230e-03
-4.96103e-04
7.00288e-04
2.19413e-03
3.96118e-03
6.03228e-03
5.80754e-03
6.07633e-03
5.55414e-03
3.80029e-03
4.78737e-03
3.91925e-03
3.87958e-03
2.48708e-03
1.57710e-03
1.35236e-03
6.84743e-04
2.28214e-03
3.60632e-03
3.90596e-03
3.72308e-03
3.85086e-03
3.78695e-03
3.57102e-03
1.29719e-03
-4.01577e-04
-4.85313e-04
-4.65493e-04
-4.72114e-04
-4.74327e-04
-4.63321e-04
-4.80957e-04
-4.58935e-04
-4.83182e-04
-4.56752e-04
-4.85406e-04
-4.58977e-04
-4.83224e-04
-4.58999e-04
-4.83246e-04
-4.59021e-04
-4.87675e-04
-4.30399e-04
-7.49891e-04
-2.73509e-03
-2.07631e-03
-1.89124e-03
-2.42225e-03
-1.28976e-03
-8.24872e-04
-2.32192e-04
-6.97103e-04
-2.07979e-04
-1.01220e-03
-2.35183e-03
-3.08775e-03
-4.56398e-03
-4.91873e-03
-4.25995e-03
-2.79475e-03
-2.16682e-03
-5.84855e-04
-3.68942e-04
-6.06913e-04
-2.38972e-04
-1.89808e-03
-2.60315e-03
-2.74418e-03
-1.21509e-03
-4.39537e-04
-1.11256e-04
1.55444e-03
2.94692e-03
3.99789e-03
3.70042e-03
3.88108e-03
3.75989e-03
3.84360e-03
3.79512e-03
3.80392e-03
3.87441e-03
2.60969e-03
1.13346e-03
-3.07522e-04
-1.38275e-03
-1.83885e-03
-2.83917e-03
-1.20873e-03
-3.03184e-04
-5.96239e-04
8.33698e-04
2.14025e-03
3.83018e-03
2.59851e-03
1.19719e-03
-3.87008e-04
-3.56176e-04
-1.71784e-03
-2.79748e-03
-1.30585e-03
1.17480e-04
1.44166e-03
3.12718e-03
3.61410e-03
1.66415e-03
1.75447e-03
1.67073e-03
1.73020e-03
1.67511e-03
1.79187e-03
4.54441e-04
-6.62653e-04
-2.39632e-04
-5.96584e-04
-2.15425e-04
-8.83044e-04
-2.42538e-03
-2.62590e-03
-2.44744e-03
-2.88371e-03
-4.74553e-03
-4.24980e-03
-3.58662e-03
-2.59955e-03
-3.82901e-03
-4.54290e-03
-3.31567e-03
-2.94553e-03
-1.99371e-03
-5.61573e-04
-3.10410e-04
-4.71268e-04
-3.23661e-04
-4.95535e-04
8.22031e-04
2.31806e-03
3.63343e-03
4.40017e-03
4.65794e-03
3.71711e-03
3.99912e-03
3.58928e-03
1.40138e-03
-2.33497e-04
-1.68550e-03
-1.77144e-03
-2.16365e-03
-2.72110e-03
-2.28706e-03
-2.96790e-03
-4.52346e-03
-4.69533e-03
-4.58078e-03
-4.68435e-03
-4.57200e-03
-4.71963e-03
-3.42410e-03
-1.04454e-03
-4.64527e-05
2.14803e-03
3.74982e-03
5.22823e-03
6.20869e-03
5.97292e-03
6.09409e-03
6.03899e-03
6.04338e-03
6.11828e-03
5.72827e-03
3.91493e-03
4.03169e-03
2.67223e-03
1.52649e-03
2.09272e-03
2.92601e-04
-2.68952e-05
1.71371e-03
3.01144e-03
4.46341e-03
5.96385e-03
6.10264e-03
6.06738e-03
6.06736e-03
6.10039e-03
6.03428e-03
6.16866e-03
5.73900e-03
3.74498e-03
1.43590e-03
-1.74742e-04
-7.10163e-04
-2.34063e-03
-3.64942e-03
-5.14548e-03
-6.50054e-03
-8.03185e-03
-9.00794e-03
-8.97711e-03
-1.12465e-02
-1.03168e-02
-1.04027e-02
-1.06495e-02
-8.98821e-03
-7.31811e-03
-4.00214e-03
-2.70881e-03
-1.05854e-03
-2.10281e-04
5.74083e-04
-6.26909e-05
-4.04220e-04
-2.87460e-04
8.64857e-04
2.15378e-03
1.55446e-03
2.15155e-03
1.19529e-03
3.27170e-04
4.13084e-04
-4.08768e-04
-2.61161e-04
-3.11853e-04
-3.05258e-04
-2.83241e-04
-3.27322e-04
-2.56831e-04
-3.62606e-04
-2.06186e-04
-4.66192e-04
2.08007e-04
4.67983e-04
4.10681e-04
3.46770e-04
7.65385e-04
1.65110e-03
1.95074e-03
1.67090e-03
2.28341e-03
3.81249e-03
4.15840e-03
2.56098e-03
1.82726e-03
5.77969e-04
-5.08280e-04
-1.84407e-04
-4.02550e-04
-2.15283e-04
-4.44442e-04
9.61258e-04
2.30306e-03
3.89164e-03
3.94450e-03
3.99737e-03
3.88058e-03
4.09208e-03
3.51039e-03
1.99670e-03
4.91824e-04
-4.66632e-04
-2.52924e-04
-3.52087e-04
-3.23458e-04
-2.79406e-04
-6.34153e-04
-2.50919e-03
-2.30429e-03
-3.80476e-03
-4.73237e-03
-4.54951e-03
-4.59799e-03
-4.68614e-03
-3.32671e-03
-2.27795e-03
-2.59083e-03
-2.38594e-03
-2.56001e-03
-2.35952e-03
-3.74322e-03
-4.89997e-03
-4.09797e-03
-2.71651e-03
-1.12353e-03
-2.40009e-04
-3.96457e-04
-3.63420e-04
-2.97332e-04
-1.58628e-03
-2.82676e-03
-1.03989e-03
-1.23159e-03
-1.44532e-03
-1.74719e-03
-2.69903e-03
-2.36854e-03
-2.63956e-03
-2.38399e-03
-2.66603e-03
-2.30690e-03
-3.90211e-03
-4.79226e-03
-3.46367e-03
-1.91255e-03
-6.76501e-04
1.27698e-04
1.47832e-03
3.14401e-03
3.89093e-03
4.18175e-03
5.98185e-03
5.97743e-03
5.99945e-03
5.98843e-03
5.98842e-03
5.97959e-03
5.99941e-03
5.93991e-03
6.08532e-03
4.69062e-03
3.64624e-03
3.97232e-03
3.73215e-03
3.09318e-03
2.24269e-03
1.74032e-03
4.71205e-04
-9.49942e-04
-2.48125e-03
-2.59363e-03
-2.58703e-03
-2.55399e-03
-2.63111e-03
-2.50113e-03
-2.74570e-03
-1.23864e-03
-3.44107e-04
-4.89534e-04
-5.04965e-04
-1.41426e-04
1.67850e-03
1.58155e-03
2.01560e-03
2.93878e-03
3.14148e-03
3.02249e-03
4.04923e-03
2.40775e-03
1.53964e-03
1.70268e-03
1.62996e-03
1.65419e-03
8.12518e-04
1.47111e-04
-5.71175e-04
-4.63219e-04
-4.94071e-04
-5.09500e-04
-4.63236e-04
-5.49171e-04
-4.21384e-04
-6.41721e-04
8.14664e-04
1.82157e-03
5.94323e-04
1.50429e-03
1.62987e-03
1.70698e-03
3.60753e-04
-7.23281e-04
-3.68552e-04
-6.26344e-04
-4.12627e-04
-6.06522e-04
-4.23651e-04
-6.15343e-04
-3.77388e-04
-9.48050e-04
-2.30529e-03
-1.30940e-03
-1.28296e-03
-1.11992e-03
-5.95534e-04
8.34414e-04
1.62099e-03
2.93196e-03
2.69621e-03
1.25524e-03
1.91182e-03
1.93237e-04
-6.39617e-04
-4.30303e-04
-6.55043e-04
-3.00311e-04
-1.99907e-03
-2.33177e-03
-1.73687e-03
-3.20428e-03
-4.67830e-03
-4.81491e-03
-4.80609e-03
-4.75542e-03
-4.85897e-03
-4.67389e-03
-5.18947e-03
-6.85517e-03
-6.95432e-03
-6.89703e-03
-6.09062e-03
-6.33519e-03
-4.94049e-03
-4.70253e-03
-4.87879e-03
-4.69371e-03
-4.89862e-03
-4.65184e-03
-4.98895e-03
-3.40036e-03
-2.56089e-03
-2.65784e-03
-2.71071e-03
-1.44601e-03
4.56383e-05
5.56810e-04
1.46678e-03
1.68051e-03
1.58357e-03
1.66068e-03
2.44507e-03
3.13251e-03
3.85960e-03
3.70317e-03
3.82877e-03
3.66793e-03
4.13724e-03
5.86905e-03
5.89550e-03
5.91092e-03
5.91313e-03
5.04503e-03
4.47218e-03
3.57764e-03
4.21220e-03
5.82724e-03
5.95724e-03
5.87352e-03
5.97708e-03
5.84929e-03
6.04099e-03
5.53864e-03
3.85312e-03
3.78262e-03
3.81567e-03
3.77823e-03
3.82671e-03
3.77604e-03
3.83774e-03
3.77606e-03
3.84877e-03
3.77387e-03
3.85761e-03
3.76948e-03
3.86864e-03
3.76289e-03
3.88849e-03
3.74088e-03
3.95461e-03
3.42803e-03
1.76894e-03
1.65879e-03
1.78219e-03
1.35476e-03
-4.32121e-04
-3.43977e-04
-7.75815e-04
-2.54947e-03
-2.50319e-03
-2.63758e-03
-2.20131e-03
-1.26709e-03
-1.93468e-03
-2.60889e-03
-2.52735e-03
-2.53174e-03
-2.56258e-03
-2.49426e-03
-2.59339e-03
-2.44355e-03
-2.67489e-03
-2.09100e-03
-5.24426e-04
-2.29167e-04
-1.74063e-03
-2.63516e-03
-2.48311e-03
-2.50954e-03
-2.55359e-03
-2.41697e-03
-2.88625e-03
-4.58940e-03
-4.65989e-03
-4.59818e-03
-4.73918e-03
-3.37751e-03
-2.21635e-03
-3.89305e-03
-4.74352e-03
-4.56944e-03
-4.66856e-03
-4.59143e-03
-4.65311e-03
-4.59580e-03
-4.64866e-03
-4.59356e-03
-4.64642e-03
-4.58471e-03
-4.65299e-03
-4.56925e-03
-4.66838e-03
-4.52955e-03
-4.75427e-03
-3.28684e-03
-2.30635e-03
-2.57953e-03
-2.36800e-03
-2.61254e-03
-1.18477e-03
1.28422e-04
1.76110e-03
1.73027e-03
2.16655e-03
3.89838e-03
3.95569e-03
3.89402e-03
4.06590e-03
2.62936e-03
1.65772e-03
1.87147e-03
1.83624e-03
6.04610e-04
-6.02783e-04
-7.83698e-05
-6.13751e-04
3.18275e-04
2.74234e-04
8.73560e-04
2.03693e-03
1.69545e-03
1.89597e-03
1.76600e-03
1.85196e-03
1.79910e-03
1.82777e-03
1.81899e-03
1.81461e-03
1.82124e-03
1.84330e-03
1.55029e-03
-4.32666e-04
1.33614e-04
1.66715e-03
2.19157e-03
3.92119e-03
3.93885e-03
3.97413e-03
3.92569e-03
3.99622e-03
3.87727e-03
4.95252e-03
4.07563e-03
3.99413e-03
3.59977e-03
1.88562e-03
1.51550e-03
-3.50681e-04
-2.47095e-04
-3.99093e-04
-2.31610e-04
-4.58520e-04
9.23393e-05
1.70740e-03
1.93437e-03
5.02251e-04
-4.93615e-04
-2.33592e-04
-3.89995e-04
-2.88610e-04
-3.54677e-04
-3.23798e-04
-3.19358e-04
-3.81017e-04
-2.13532e-04
-1.65006e-03
-2.59525e-03
-2.67894e-03
-4.71477e-03
-4.46356e-03
-3.90828e-03
-3.82893e-03
-4.02719e-03
-4.35765e-03
-2.44294e-03
-2.58392e-03
-2.11898e-03
-3.76126e-04
-3.76090e-04
-3.38597e-04
-3.58391e-04
-3.86997e-04
5.82498e-04
-1.66592e-04
-4.37563e-04
-3.18547e-04
-3.93422e-04
-3.53725e-04
-3.75720e-04
-3.75682e-04
-3.64627e-04
-3.91029e-04
-3.60144e-04
-3.95358e-04
-3.71083e-04
-3.68841e-04
-4.63544e-04
8.73907e-04
1.96018e-03
2.46258e-03
2.44058e-03
3.39025e-03
1.77306e-03
1.84140e-03
4.18101e-04
-5.11656e-04
-6.39408e-04
-2.60693e-03
-2.41079e-03
-3.78782e-03
-5.03045e-03
-3.13115e-03
-2.94382e-03
-3.37343e-03
-2.36868e-03
-2.64405e-03
-2.50960e-03
-2.56244e-03
-2.61968e-03
-1.33291e-03
-1.51886e-04
-7.15891e-04
1.00274e-03
1.93699e-03
4.35627e-03
4.45546e-03
5.00854e-03
6.17854e-03
5.83046e-03
6.91454e-03
7.08204e-03
6.04872e-03
5.98487e-03
5.62798e-03
3.77504e-03
4.80844e-03
3.94258e-03
3.82145e-03
2.82559e-03
3.72019e-03
2.57010e-03
1.46408e-03
1.74616e-03
1.68671e-03
1.27254e-03
-6.92348e-05
4.37574e-04
-7.74201e-04
-2.56375e-04
-7.05804e-04
-1.61187e-05
1.52625e-03
1.74002e-03
1.30601e-03
-5.20486e-04
-3.39766e-04
-1.82916e-03
-2.76111e-03
-2.57158e-03
-2.64424e-03
-2.67283e-03
-2.30924e-03
-4.95860e-04
-5.46487e-04
-4.64915e-04
-5.30965e-04
-4.86849e-04
-5.13239e-04
-5.17596e-04
-4.44837e-04
-1.70949e-03
-3.19227e-03
-4.62658e-03
-4.87109e-03
-4.67715e-03
-4.93709e-03
-3.44981e-03
-2.48691e-03
-2.74905e-03
-2.55731e-03
-2.74674e-03
-2.52416e-03
-2.84579e-03
-2.11203e-03
-1.91589e-03
-2.75530e-03
-2.67372e-03
-1.45524e-03
1.00153e-05
1.50832e-03
1.62955e-03
1.65605e-03
1.29696e-03
-5.42756e-04
-4.45757e-04
-6.19767e-04
-3.59723e-04
-1.86453e-03
-2.78767e-03
-2.59372e-03
-2.67960e-03
-2.65311e-03
-2.63323e-03
-2.70147e-03
-2.56702e-03
-2.82035e-03
-1.28458e-03
-4.58288e-04
-2.42310e-04
1.64378e-03
1.54909e-03
1.67914e-03
1.53378e-03
2.60684e-03
1.76303e-03
1.61987e-03
1.32247e-03
-5.50290e-04
-4.44477e-04
-5.85435e-04
-4.53182e-04
-5.72107e-04
-4.61887e-04
-5.67592e-04
-4.66185e-04
2.87403e-04
1.00794e-03
1.69984e-03
1.58532e-03
1.65147e-03
1.60085e-03
1.65378e-03
1.59435e-03
1.67372e-03
1.56141e-03
1.74874e-03
1.21560e-03
-3.59717e-04
-1.78080e-03
-2.83834e-03
-2.49677e-03
-2.75009e-03
-2.50988e-03
-2.78744e-03
-2.19690e-03
-6.28084e-04
-1.49911e-04
1.64584e-03
1.55336e-03
2.00069e-03
3.76119e-03
3.75023e-03
3.81198e-03
3.75254e-03
3.80988e-03
3.75706e-03
3.81219e-03
3.75937e-03
3.81671e-03
3.75507e-03
3.85207e-03
3.48858e-03
1.55853e-03
2.13806e-03
2.47302e-03
1.45514e-03
9.52837e-04
7.81752e-05
-4.94632e-04
-4.76951e-04
-4.52661e-04
-4.79047e-04
-4.52553e-04
-4.70126e-04
-4.61259e-04
-4.54595e-04
-4.78778e-04
-4.14828e-04
-5.62397e-04
8.25744e-04
1.89000e-03
1.51549e-03
2.73397e-03
1.79321e-03
1.67208e-03
2.54465e-03
2.25386e-03
3.69268e-03
3.89985e-03
3.73024e-03
3.98368e-03
2.48988e-03
1.55132e-03
1.77171e-03
1.63515e-03
2.62890e-03
1.98558e-03
3.33149e-04
-5.70158e-04
-3.43166e-04
-7.08864e-04
-2.94297e-03
-3.66120e-03
-4.61959e-03
-3.50832e-03
-3.32286e-03
-3.01410e-03
-2.41542e-03
-2.86267e-03
-2.45884e-03
-2.92355e-03
-1.25575e-03
-4.89322e-04
-5.76760e-04
-5.69534e-04
-5.86016e-04
-5.54186e-04
-6.87410e-04
6.57610e-04
1.71282e-03
1.07801e-03
-6.53521e-04
3.79857e-04
-8.56729e-04
-2.69855e-03
-2.81557e-03
-1.42829e-03
-5.45485e-04
-5.92002e-04
-1.88848e-03
-2.79749e-03
-2.68008e-03
-2.24763e-03
-1.80309e-03
-2.80665e-03
-2.42541e-03
-2.63866e-03
-2.41549e-03
-2.55368e-03
-2.35144e-03
-2.50501e-03
-2.23075e-03
-2.54756e-03
-9.46333e-04
-6.62351e-04
-1.10731e-03
-1.15755e-04
-4.27560e-04
-2.09321e-04
-3.42622e-04
-2.24667e-04
-2.87073e-04
-2.23338e-04
-2.44853e-04
-2.13383e-04
-2.08091e-04
-1.95160e-04
-1.76666e-04
-1.72660e-04
-1.48600e-04
-1.44324e-04
-1.23831e-04
-1.13986e-04
-1.00500e-04
-8.18000e-05
-7.85881e-05
-5.13079e-05
-5.29835e-05
-2.91751e-05
2.52353e-06
-2.17836e-04
-1.59711e-03
-1.40784e-03
-9.23058e-04
-8.31498e-04
-9.31167e-04
-1.09088e-03
2.40497e-04
2.47906e-04
2.73375e-04
2.93804e-04
2.91918e-04
3.28062e-04
3.17407e-04
3.54169e-04
3.47886e-04
3.75329e-04
3.82849e-04
3.85029e-04
4.32554e-04
3.53789e-04
1.18966e-03
1.76653e-03
1.55058e-03
1.63120e-03
1.49583e-03
1.53889e-03
1.42366e-03
1.45517e-03
1.34032e-03
1.38176e-03
1.23116e-03
1.45271e-03
2.22700e-03
2.17591e-03
2.06129e-03
1.99767e-03
1.86524e-03
1.83743e-03
1.54657e-03
6.86859e-04
6.75874e-04
4.54745e-04
-3.16786e-04
-2.93478e-04
-3.19549e-04
-2.76649e-04
-2.99658e-04
-2.60595e-04
-2.81479e-04
-2.40414e-04
-2.75863e-04
-1.26485e-04
4.99455e-04
3.96125e-04
8.45977e-04
1.07071e-03
9.26713e-04
8.67046e-04
7.83890e-04
6.87688e-04
6.52484e-04
4.36456e-04
-6.99824e-05
-1.43942e-04
-1.11871e-04
-5.13078e-04
-7.25924e-04
-6.73667e-04
-8.54135e-04
-9.66831e-04
-1.06768e-03
-9.93384e-04
-9.35086e-04
-8.90284e-04
-8.18652e-04
-7.86473e-04
-7.07379e-04
-6.90996e-04
-5.55746e-04
-2.43985e-04
-2.26898e-04
-2.08678e-04
-2.08301e-04
-1.79525e-04
-1.92813e-04
-1.47121e-04
-1.84125e-04
-1.02813e-04
-3.17805e-04
-2.75107e-04
-1.56067e-04
-1.14078e-04
-1.89092e-04
-1.79505e-04
-1.38980e-04
-1.21415e-04
-1.04317e-04
-2.30289e-04
-6.46602e-05
1.79005e-07
3.36320e-05
2.39735e-05
9.49673e-05
1.35049e-04
1.50358e-04
1.41864e-04
1.42362e-04
1.38690e-04
1.35549e-04
1.32644e-04
1.28113e-04
1.24515e-04
1.19455e-04
1.14760e-04
1.09363e-04
1.03481e-04
9.78638e-05
9.07455e-05
8.49220e-05
7.62848e-05
7.25642e-05
7.38837e-05
5.85198e-05
4.42010e-05
3.35449e-05
2.08992e-05
8.72545e-06
-3.88808e-06
-1.33991e-05
-1.93682e-05
-2.24486e-05
-2.37218e-05
-2.37458e-05
