3.34557e-05
4.93285e-05
6.58421e-05
8.25366e-05
9.80957e-05
1.11976e-04
1.22660e-04
1.29439e-04
1.30836e-04
1.26553e-04
1.15988e-04
1.00172e-04
7.95791e-05
5.46153e-05
2.49696e-05
-8.44212e-06
-4.51603e-05
-8.32462e-05
-1.20898e-04
-1.55767e-04
-1.85895e-04
-2.08619e-04
-2.22741e-04
-2.27756e-04
-2.25151e-04
-2.11826e-04
-1.83572e-04
-1.35758e-04
-6.63931e-05
2.58074e-05
1.39068e-04
2.70444e-04
4.12762e-04
5.56816e-04
6.90313e-04
7.95506e-04
8.56921e-04
8.72606e-04
8.46168e-04
7.87272e-04
7.01018e-04
5.90311e-04
4.56384e-04
3.02171e-04
1.29232e-04
-5.54156e-05
-2.38998e-04
-4.05468e-04
-5.42571e-04
-6.37145e-04
-6.81041e-04
-6.74829e-04
-6.38932e-04
-5.97922e-04
-5.54313e-04
-5.09681e-04
-4.65340e-04
-4.25863e-04
-3.99922e-04
-3.97267e-04
-4.21937e-04
-4.82039e-04
-5.83204e-04
-7.16806e-04
-8.74285e-04
-1.04140e-03
-1.19534e-03
-1.31954e-03
-1.39502e-03
-1.40282e-03
-1.32554e-03
-1.15350e-03
-8.93415e-04
-5.54382e-04
-1.56282e-04
2.71013e-04
6.92611e-04
1.05966e-03
1.29998e-03
1.35747e-03
1.23624e-03
9.64416e-04
5.81431e-04
1.68676e-04
-1.86240e-04
-4.51053e-04
-6.00062e-04
-6.12442e-04
-4.69391e-04
-1.63382e-04
2.89772e-04
8.59669e-04
1.52441e-03
2.23628e-03
2.93605e-03
3.56692e-03
4.06384e-03
4.35147e-03
4.33805e-03
3.97625e-03
3.34122e-03
2.57532e-03
1.84128e-03
1.19454e-03
6.70017e-04
2.93293e-04
9.24140e-05
2.98021e-05
2.22443e-05
-3.11590e-05
-2.00246e-04
-5.35667e-04
-1.04336e-03
-1.72459e-03
-2.56524e-03
-3.51802e-03
-4.56390e-03
-5.63620e-03
-6.63063e-03
-7.46875e-03
-8.04296e-03
-8.28181e-03
-8.12553e-03
-7.53406e-03
-6.50904e-03
-5.10465e-03
-3.42316e-03
-1.49672e-03
6.13552e-04
2.77129e-03
4.72854e-03
6.23366e-03
7.26279e-03
7.79700e-03
7.81831e-03
7.30805e-03
6.26708e-03
4.75706e-03
2.92462e-03
1.03060e-03
-5.91905e-04
-1.85222e-03
-2.67923e-03
-2.94194e-03
-2.49710e-03
-1.44958e-03
1.54711e-05
1.63810e-03
3.12536e-03
4.39416e-03
5.39378e-03
6.03815e-03
6.23811e-03
5.94992e-03
5.13941e-03
3.85329e-03
2.16717e-03
2.28441e-04
-1.79154e-03
-3.74251e-03
-5.45670e-03
-6.75757e-03
-7.49250e-03
-7.66620e-03
-7.32948e-03
-6.52548e-03
-5.36435e-03
-4.00417e-03
-2.66400e-03
-1.38855e-03
-2.09376e-04
8.28338e-04
1.69446e-03
2.28940e-03
2.48019e-03
2.20024e-03
1.57435e-03
8.01504e-04
8.11564e-05
-4.61362e-04
-7.40353e-04
-7.49024e-04
-5.14939e-04
-6.31395e-05
5.63313e-04
1.25336e-03
1.90981e-03
2.42906e-03
2.73538e-03
2.80777e-03
2.63198e-03
2.21840e-03
1.59249e-03
8.35985e-04
5.09574e-05
-6.51027e-04
-1.17100e-03
-1.43439e-03
-1.36690e-03
-9.66549e-04
-2.41801e-04
7.61753e-04
1.99956e-03
3.33334e-03
4.61161e-03
5.70860e-03
6.48796e-03
6.80066e-03
6.53831e-03
5.63085e-03
4.04380e-03
1.76373e-03
-1.11607e-03
-4.41774e-03
-7.93632e-03
-1.13566e-02
-1.42647e-02
-1.62452e-02
-1.71755e-02
-1.69628e-02
-1.55342e-02
-1.28874e-02
-9.09165e-03
-4.33254e-03
9.59843e-04
6.17729e-03
1.10208e-02
1.50027e-02
1.75324e-02
1.86278e-02
1.83721e-02
1.68489e-02
1.41925e-02
1.06330e-02
6.53801e-03
2.50550e-03
-7.73916e-04
-3.19481e-03
-4.64569e-03
-4.97488e-03
-4.38309e-03
-3.10724e-03
-1.37736e-03
5.04408e-04
2.15015e-03
3.16033e-03
3.45801e-03
2.99876e-03
1.78567e-03
-1.41317e-04
-2.71414e-03
-5.74638e-03
-8.97963e-03
-1.21290e-02
-1.48564e-02
-1.67247e-02
-1.73571e-02
-1.66854e-02
-1.47640e-02
-1.17498e-02
-7.93064e-03
-3.68799e-03
6.87191e-04
4.92033e-03
8.60694e-03
1.14270e-02
1.34307e-02
1.46491e-02
1.50894e-02
1.47197e-02
1.35150e-02
1.14887e-02
8.75157e-03
5.55337e-03
2.24192e-03
-1.23667e-03
-4.93651e-03
-8.76360e-03
-1.24069e-02
-1.55382e-02
-1.82762e-02
-2.07225e-02
-2.28791e-02
-2.46759e-02
-2.59194e-02
-2.64039e-02
-2.58948e-02
-2.41686e-02
-2.10101e-02
-1.63812e-02
-1.04201e-02
-3.54896e-03
3.60871e-03
1.08273e-02
1.76084e-02
2.33022e-02
2.80266e-02
3.19274e-02
3.50071e-02
3.72158e-02
3.84954e-02
3.87477e-02
3.79356e-02
3.61064e-02
3.34364e-02
3.04116e-02
2.76094e-02
2.49315e-02
2.22726e-02
1.96479e-02
1.72921e-02
1.55369e-02
1.41786e-02
1.29971e-02
1.18208e-02
1.05101e-02
9.00150e-03
7.26370e-03
5.26943e-03
3.03693e-03
6.03577e-04
-1.98104e-03
-4.67896e-03
-7.51006e-03
-1.04499e-02
-1.34727e-02
-1.65602e-02
-1.97124e-02
-2.29161e-02
-2.61522e-02
-2.94078e-02
-3.27197e-02
-3.60591e-02
-3.93784e-02
-4.26035e-02
-4.56539e-02
-4.84521e-02
-5.08915e-02
-5.28580e-02
-5.42951e-02
-5.51581e-02
-5.54777e-02
-5.52879e-02
-5.43430e-02
-5.23903e-02
-4.92335e-02
-4.47194e-02
-3.88053e-02
-3.16044e-02
-2.34151e-02
-1.47198e-02
-6.34636e-03
8.88877e-04
7.33725e-03
1.34207e-02
1.94637e-02
2.56720e-02
3.21985e-02
3.90703e-02
4.62223e-02
5.34914e-02
6.05697e-02
6.70702e-02
7.25418e-02
7.65327e-02
7.86239e-02
7.84768e-02
7.59181e-02
7.10282e-02
6.42835e-02
5.67377e-02
4.97636e-02
4.36450e-02
3.86925e-02
3.51279e-02
3.24947e-02
3.03670e-02
2.84314e-02
2.64357e-02
2.42013e-02
2.16459e-02
1.87498e-02
1.55103e-02
1.19820e-02
8.20460e-03
4.22720e-03
1.21614e-04
-4.04850e-03
-8.27001e-03
-1.25373e-02
-1.68671e-02
-2.12764e-02
-2.58192e-02
-3.05641e-02
-3.55524e-02
-4.08047e-02
-4.63502e-02
-5.21718e-02
-5.81692e-02
-6.41714e-02
-6.99629e-02
-7.52241e-02
-7.95920e-02
-8.26682e-02
-8.40215e-02
-8.32571e-02
-8.01303e-02
-7.45914e-02
-6.68611e-02
-5.75969e-02
-4.78756e-02
-3.83741e-02
-2.99146e-02
-2.32936e-02
-1.79894e-02
-1.34076e-02
-9.09873e-03
-4.68443e-03
1.03479e-04
5.41360e-03
1.12844e-02
1.76225e-02
2.42498e-02
3.09060e-02
3.72609e-02
4.29235e-02
4.74624e-02
5.04426e-02
5.15136e-02
5.04773e-02
4.73334e-02
4.23912e-02
3.63121e-02
3.03842e-02
2.60675e-02
2.33588e-02
2.22402e-02
2.28421e-02
2.51699e-02
2.89666e-02
3.39035e-02
3.94849e-02
4.51239e-02
5.05587e-02
5.54314e-02
5.91800e-02
6.12041e-02
6.13757e-02
5.96371e-02
5.59616e-02
5.04441e-02
4.33027e-02
3.50473e-02
2.63986e-02
1.78642e-02
1.01729e-02
4.09042e-03
-7.24940e-04
-4.67842e-03
-8.10896e-03
-1.12939e-02
-1.44474e-02
-1.77191e-02
-2.12599e-02
-2.51592e-02
-2.94804e-02
-3.42478e-02
-3.94914e-02
-4.52136e-02
-5.13909e-02
-5.79692e-02
-6.48679e-02
-7.19426e-02
-7.89476e-02
-8.55653e-02
-9.14347e-02
-9.61113e-02
-9.90645e-02
-9.97608e-02
-9.77758e-02
-9.27909e-02
-8.48231e-02
-7.40732e-02
-6.02065e-02
-4.31763e-02
-2.36592e-02
-3.02196e-03
1.67045e-02
3.33977e-02
4.73457e-02
5.88775e-02
6.80910e-02
7.48215e-02
7.88323e-02
7.98216e-02
7.76039e-02
7.21714e-02
6.39892e-02
5.40299e-02
4.42723e-02
3.69788e-02
3.20139e-02
2.89968e-02
2.76565e-02
2.73305e-02
2.74183e-02
2.74625e-02
2.71842e-02
2.64132e-02
2.50605e-02
2.31102e-02
2.06159e-02
1.76612e-02
1.43279e-02
1.06961e-02
6.84901e-03
2.84589e-03
-1.25607e-03
-5.41781e-03
-9.59055e-03
-1.37223e-02
-1.77191e-02
-2.15008e-02
-2.49434e-02
-2.78681e-02
-3.00549e-02
-3.13148e-02
-3.14539e-02
-3.02916e-02
-2.77526e-02
-2.39264e-02
-1.91591e-02
-1.38839e-02
-8.04462e-03
-1.72532e-03
4.78276e-03
1.08379e-02
1.57209e-02
1.94542e-02
2.20487e-02
2.34635e-02
2.36012e-02
2.23964e-02
1.97973e-02
1.59167e-02
1.10584e-02
5.87601e-03
1.13389e-03
-3.11129e-03
-6.64192e-03
-9.16213e-03
-1.09917e-02
-1.25151e-02
-1.40003e-02
-1.56481e-02
-1.76462e-02
-2.00783e-02
-2.29561e-02
-2.62930e-02
-2.99701e-02
-3.38235e-02
-3.76617e-02
-4.11864e-02
-4.40643e-02
-4.59810e-02
-4.65706e-02
-4.54978e-02
-4.25605e-02
-3.76722e-02
-3.09527e-02
-2.29251e-02
-1.43143e-02
-5.42550e-03
3.03979e-03
1.03060e-02
1.67198e-02
2.26864e-02
2.84650e-02
3.41746e-02
3.97934e-02
4.52179e-02
5.02228e-02
5.44791e-02
5.76243e-02
5.93072e-02
5.92258e-02
5.71836e-02
5.32069e-02
4.76709e-02
4.14311e-02
3.55763e-02
3.02392e-02
2.57027e-02
2.23761e-02
1.98519e-02
1.77191e-02
1.56338e-02
1.33442e-02
1.07154e-02
7.70538e-03
4.31814e-03
6.52043e-04
-3.11785e-03
-6.76863e-03
-1.01080e-02
-1.28725e-02
-1.48201e-02
-1.57652e-02
-1.56376e-02
-1.44604e-02
-1.24809e-02
-1.01260e-02
-8.18560e-03
-7.51840e-03
-8.22364e-03
-1.03313e-02
-1.38932e-02
-1.88776e-02
-2.51572e-02
-3.24643e-02
-4.04073e-02
-4.82676e-02
-5.52534e-02
-6.13105e-02
-6.64259e-02
-7.04584e-02
-7.31571e-02
-7.41967e-02
-7.32512e-02
-6.99758e-02
-6.41692e-02
-5.58530e-02
-4.54770e-02
-3.37390e-02
-2.09219e-02
-7.56742e-03
5.12563e-03
1.59565e-02
2.54116e-02
3.40064e-02
4.20718e-02
4.97194e-02
5.68926e-02
6.33737e-02
6.87855e-02
7.26597e-02
7.45190e-02
7.40018e-02
7.09105e-02
6.53792e-02
5.79896e-02
5.00202e-02
4.30322e-02
3.69822e-02
3.17538e-02
2.74965e-02
2.43835e-02
2.19585e-02
1.97640e-02
1.74379e-02
1.47691e-02
1.16365e-02
7.97724e-03
3.79936e-03
-7.93911e-04
-5.66949e-03
-1.06368e-02
-1.54782e-02
-1.99252e-02
-2.37211e-02
-2.65952e-02
-2.83433e-02
-2.88305e-02
-2.80025e-02
-2.59839e-02
-2.31236e-02
-2.00824e-02
-1.76195e-02
-1.57691e-02
-1.44505e-02
-1.36793e-02
-1.35298e-02
-1.40642e-02
-1.50998e-02
-1.63454e-02
-1.77048e-02
-1.90681e-02
-2.03964e-02
-2.16634e-02
-2.28762e-02
-2.39980e-02
-2.49995e-02
-2.58166e-02
-2.63473e-02
-2.64516e-02
-2.60040e-02
-2.49499e-02
-2.31981e-02
-2.06408e-02
-1.71768e-02
-1.28092e-02
-7.54974e-03
-1.56641e-03
4.81422e-03
1.10306e-02
1.64530e-02
2.11838e-02
2.53515e-02
2.89927e-02
3.20791e-02
3.45152e-02
3.61703e-02
3.68933e-02
3.65671e-02
3.51365e-02
3.26913e-02
2.94927e-02
2.61134e-02
2.32350e-02
2.08362e-02
1.88466e-02
1.72920e-02
1.61516e-02
1.52742e-02
1.45444e-02
1.38871e-02
1.32522e-02
1.26648e-02
1.21865e-02
1.18230e-02
1.15835e-02
1.14313e-02
1.13131e-02
1.10313e-02
1.03752e-02
9.28564e-03
7.69397e-03
5.59532e-03
2.98004e-03
-1.84393e-04
-3.83636e-03
-7.86877e-03
-1.20950e-02
-1.62356e-02
-1.99664e-02
-2.34030e-02
-2.66936e-02
-2.99974e-02
-3.34351e-02
-3.70597e-02
-4.08501e-02
-4.47765e-02
-4.87075e-02
-5.24632e-02
-5.58158e-02
-5.84825e-02
-6.01444e-02
-6.04886e-02
-5.92183e-02
-5.61710e-02
-5.13745e-02
-4.51004e-02
-3.77834e-02
-2.96099e-02
-2.09704e-02
-1.27561e-02
-5.85651e-03
1.18914e-04
5.67310e-03
1.11688e-02
1.68434e-02
2.28553e-02
2.92825e-02
3.60612e-02
4.30130e-02
4.98519e-02
5.62055e-02
6.16341e-02
6.56770e-02
6.78966e-02
6.79710e-02
6.57219e-02
6.12271e-02
5.49519e-02
4.79654e-02
4.15902e-02
3.60466e-02
3.16083e-02
2.85755e-02
2.65334e-02
2.50506e-02
2.38307e-02
2.26452e-02
2.12928e-02
1.96817e-02
1.77719e-02
1.55684e-02
1.30817e-02
1.03642e-02
7.47566e-03
4.43999e-03
1.27247e-03
-2.01548e-03
-5.42958e-03
-8.95398e-03
-1.25624e-02
-1.62263e-02
-1.99279e-02
-2.36220e-02
-2.72516e-02
-3.07317e-02
-3.39134e-02
-3.66259e-02
-3.87096e-02
-4.00002e-02
-4.03347e-02
-3.96278e-02
-3.79389e-02
-3.54336e-02
-3.24525e-02
-2.96607e-02
-2.77864e-02
-2.67774e-02
-2.65418e-02
-2.69853e-02
-2.79466e-02
-2.92074e-02
-3.04848e-02
-3.14185e-02
-3.16777e-02
-3.09904e-02
-2.91579e-02
-2.60175e-02
-2.15447e-02
-1.58212e-02
-9.12801e-03
-1.92323e-03
5.07092e-03
1.10444e-02
1.59960e-02
1.99664e-02
2.29495e-02
2.48768e-02
2.56364e-02
2.51090e-02
2.32138e-02
1.99830e-02
1.56677e-02
1.07304e-02
5.99559e-03
2.40738e-03
2.47085e-05
-1.10956e-03
-8.72713e-04
8.23584e-04
3.84080e-03
7.93783e-03
1.27616e-02
1.78316e-02
2.29133e-02
2.75633e-02
3.13165e-02
3.42828e-02
3.65796e-02
3.82333e-02
3.92197e-02
3.94627e-02
3.88486e-02
3.72303e-02
3.45230e-02
3.07838e-02
2.61870e-02
2.11565e-02
1.62711e-02
1.16487e-02
7.50400e-03
4.13616e-03
1.32014e-03
-1.16746e-03
-3.46685e-03
-5.66652e-03
-7.80441e-03
-9.84643e-03
-1.17026e-02
-1.32663e-02
-1.44165e-02
-1.50485e-02
-1.51151e-02
-1.46665e-02
-1.38987e-02
-1.31287e-02
-1.28741e-02
-1.37048e-02
-1.56283e-02
-1.85637e-02
-2.23613e-02
-2.68181e-02
-3.16394e-02
-3.63828e-02
-4.05509e-02
-4.40855e-02
-4.69960e-02
-4.91755e-02
-5.04831e-02
-5.07743e-02
-4.98792e-02
-4.76796e-02
-4.41051e-02
-3.92079e-02
-3.33360e-02
-2.69156e-02
-2.00378e-02
-1.29301e-02
-6.24181e-03
-6.48147e-04
4.17303e-03
8.61833e-03
1.29851e-02
1.74792e-02
2.22410e-02
2.73391e-02
3.27479e-02
3.83699e-02
4.40150e-02
4.94263e-02
5.43041e-02
5.83127e-02
6.11252e-02
6.24571e-02
6.21189e-02
6.00593e-02
5.64880e-02
5.19831e-02
4.72959e-02
4.23770e-02
3.71943e-02
3.19256e-02
2.71035e-02
2.32754e-02
2.01498e-02
1.74569e-02
1.49518e-02
1.24471e-02
9.82581e-03
7.05149e-03
4.07003e-03
8.62222e-04
-2.54826e-03
-6.14393e-03
-9.93557e-03
-1.39525e-02
-1.81933e-02
-2.26740e-02
-2.74249e-02
-3.24570e-02
-3.77723e-02
-4.33171e-02
-4.89768e-02
-5.46161e-02
-6.00139e-02
-6.48437e-02
-6.87204e-02
-7.12367e-02
-7.19715e-02
-7.04811e-02
-6.64896e-02
-5.99267e-02
-5.10113e-02
-4.03997e-02
-2.91471e-02
-1.77145e-02
-7.01825e-03
1.92364e-03
9.52809e-03
1.62731e-02
2.24443e-02
2.81839e-02
3.34891e-02
3.82184e-02
4.21198e-02
4.49023e-02
4.62453e-02
4.59081e-02
4.37941e-02
4.00636e-02
3.51894e-02
3.02122e-02
2.62941e-02
2.31367e-02
2.04349e-02
1.80134e-02
1.58889e-02
1.41214e-02
1.24182e-02
1.05400e-02
8.34274e-03
5.75072e-03
2.72938e-03
-6.80494e-04
-4.31856e-03
-8.01525e-03
-1.15379e-02
-1.46204e-02
-1.69774e-02
-1.82910e-02
-1.83174e-02
-1.68934e-02
-1.39558e-02
-9.61990e-03
-4.27873e-03
1.41405e-03
7.00035e-03
1.18682e-02
1.54008e-02
1.75874e-02
1.84446e-02
1.79284e-02
1.60078e-02
1.26784e-02
8.05138e-03
2.41948e-03
-3.64067e-03
-9.36338e-03
-1.44987e-02
-1.87795e-02
-2.19389e-02
-2.41062e-02
-2.53745e-02
-2.57666e-02
-2.52367e-02
-2.37032e-02
-2.11479e-02
-1.76135e-02
-1.32621e-02
-8.48303e-03
-3.81653e-03
5.26637e-04
4.27794e-03
7.15317e-03
9.32658e-03
1.09671e-02
1.21696e-02
1.29698e-02
1.33786e-02
1.33439e-02
1.28691e-02
1.19857e-02
1.08153e-02
9.63056e-03
8.75284e-03
8.05517e-03
7.35948e-03
6.54554e-03
5.55160e-03
4.37881e-03
3.07192e-03
1.78304e-03
6.85840e-04
-2.57206e-04
-1.03827e-03
-1.64953e-03
-2.02887e-03
-2.13740e-03
-1.90615e-03
-1.32093e-03
-3.73048e-04
8.50166e-04
2.20963e-03
3.44949e-03
4.44808e-03
5.16682e-03
5.54842e-03
5.53062e-03
5.05493e-03
4.08103e-03
2.64248e-03
8.14502e-04
-1.33477e-03
-3.72683e-03
-6.22433e-03
-8.62693e-03
-1.07336e-02
-1.26715e-02
-1.45493e-02
-1.64540e-02
-1.84223e-02
-2.04157e-02
-2.23288e-02
-2.39909e-02
-2.51771e-02
-2.56131e-02
-2.50012e-02
-2.30860e-02
-1.96963e-02
-1.47728e-02
-8.45314e-03
-1.08677e-03
7.06365e-03
1.55880e-02
2.36828e-02
3.05008e-02
3.60719e-02
4.04466e-02
4.35787e-02
4.53198e-02
4.55001e-02
4.39751e-02
4.06557e-02
3.56376e-02
2.92814e-02
2.23320e-02
1.57842e-02
9.89103e-03
4.93501e-03
1.08776e-03
-2.04959e-03
-4.85698e-03
-7.62495e-03
-1.05602e-02
-1.37384e-02
-1.71382e-02
-2.06681e-02
-2.41829e-02
-2.74694e-02
-3.02873e-02
-3.23869e-02
-3.35450e-02
-3.36187e-02
-3.26062e-02
-3.06664e-02
-2.82348e-02
-2.58521e-02
-2.33581e-02
-2.05938e-02
-1.75343e-02
-1.42940e-02
-1.12221e-02
-8.62876e-03
-6.32961e-03
-4.14675e-03
-1.95359e-03
3.20634e-04
2.67887e-03
5.08343e-03
7.43987e-03
9.63660e-03
1.15568e-02
1.30657e-02
1.40270e-02
1.43560e-02
1.40191e-02
1.30997e-02
1.17910e-02
1.05036e-02
9.70410e-03
9.32744e-03
9.25952e-03
9.42569e-03
9.74977e-03
1.01807e-02
1.06741e-02
1.11935e-02
1.16613e-02
1.20342e-02
1.22890e-02
1.24017e-02
1.23725e-02
1.21867e-02
1.18552e-02
1.13702e-02
1.07287e-02
9.91903e-03
8.91303e-03
7.68554e-03
6.26284e-03
4.65730e-03
2.83949e-03
8.85155e-04
-1.06743e-03
-2.85317e-03
-4.55617e-03
-6.24001e-03
-7.95128e-03
-9.67161e-03
-1.13698e-02
-1.29639e-02
-1.43067e-02
-1.52429e-02
-1.56115e-02
-1.52070e-02
-1.38708e-02
-1.14713e-02
-8.01366e-03
-3.63556e-03
1.32520e-03
6.35003e-03
1.10824e-02
1.50303e-02
1.77982e-02
1.94234e-02
1.99337e-02
1.93640e-02
1.77909e-02
1.53078e-02
1.21244e-02
8.64969e-03
5.35165e-03
2.18958e-03
-8.55882e-04
-3.60156e-03
-5.81353e-03
-7.70557e-03
-9.47081e-03
-1.12939e-02
-1.32774e-02
-1.54358e-02
-1.77750e-02
-2.02575e-02
-2.27459e-02
-2.50777e-02
-2.70606e-02
-2.85329e-02
-2.93177e-02
-2.92436e-02
-2.82514e-02
-2.64193e-02
-2.39731e-02
-2.12407e-02
-1.81792e-02
-1.48051e-02
-1.12877e-02
-8.03036e-03
-5.46097e-03
-3.41266e-03
-1.69519e-03
-1.38614e-04
1.44169e-03
3.16074e-03
5.08758e-03
7.27417e-03
9.73388e-03
1.24640e-02
1.54191e-02
1.85512e-02
2.18258e-02
2.51411e-02
2.83437e-02
3.12627e-02
3.36889e-02
3.54131e-02
3.62120e-02
3.59245e-02
3.44920e-02
3.19393e-02
2.84179e-02
2.43479e-02
2.02425e-02
1.61175e-02
1.20365e-02
8.27394e-03
5.13013e-03
2.44565e-03
2.19458e-05
-2.24641e-03
-4.42548e-03
-6.47446e-03
-8.31713e-03
-9.84985e-03
-1.09608e-02
-1.15341e-02
-1.14785e-02
-1.07636e-02
-9.49456e-03
-7.86717e-03
-6.32819e-03
-5.36203e-03
-4.96315e-03
-5.07416e-03
-5.68078e-03
-6.80633e-03
-8.44050e-03
-1.04711e-02
-1.27523e-02
-1.51385e-02
-1.74485e-02
-1.94729e-02
-2.09770e-02
-2.17044e-02
-2.15409e-02
-2.05387e-02
-1.87922e-02
-1.64795e-02
-1.38599e-02
-1.09835e-02
-7.86015e-03
-4.56819e-03
-1.28970e-03
1.66188e-03
3.97322e-03
5.70810e-03
6.93246e-03
7.69305e-03
8.00502e-03
7.87944e-03
7.32199e-03
6.40340e-03
5.26400e-03
4.16178e-03
3.37996e-03
2.83440e-03
2.47146e-03
2.21164e-03
2.01582e-03
1.82922e-03
1.60021e-03
1.27831e-03
8.37026e-04
2.78116e-04
-3.88294e-04
-1.11976e-03
-1.82419e-03
-2.41352e-03
-2.78973e-03
-2.85409e-03
-2.53040e-03
-1.75616e-03
-5.05050e-04
1.22485e-03
3.42273e-03
6.05996e-03
9.05304e-03
1.22342e-02
1.53785e-02
1.81727e-02
2.02175e-02
2.14616e-02
2.18939e-02
2.14970e-02
2.02679e-02
1.82924e-02
1.57867e-02
1.30185e-02
1.00080e-02
6.83152e-03
3.63252e-03
7.21563e-04
-1.63002e-03
-3.56598e-03
-5.22495e-03
-6.68458e-03
-8.00367e-03
-9.15168e-03
-1.00880e-02
-1.07111e-02
-1.09412e-02
-1.07230e-02
-1.00101e-02
-8.87858e-03
-7.46691e-03
-6.08592e-03
-5.09482e-03
-4.40349e-03
-3.86711e-03
-3.40181e-03
-2.95366e-03
-2.45105e-03
-1.85377e-03
-1.18295e-03
-4.92394e-04
1.64624e-04
6.83755e-04
9.73672e-04
9.86309e-04
6.48931e-04
-1.32440e-04
-1.38847e-03
-3.13434e-03
-5.40091e-03
-8.13757e-03
-1.12848e-02
-1.47094e-02
-1.81323e-02
-2.12205e-02
-2.37543e-02
-2.56438e-02
-2.67821e-02
-2.70200e-02
-2.62088e-02
-2.42564e-02
-2.11037e-02
-1.68368e-02
-1.17699e-02
-6.37912e-03
-9.80568e-04
3.97859e-03
8.07423e-03
1.15452e-02
1.46440e-02
1.75058e-02
2.02045e-02
2.27496e-02
2.50886e-02
2.71050e-02
2.86370e-02
2.95178e-02
2.96123e-02
2.88364e-02
2.72063e-02
2.48647e-02
2.22424e-02
1.98533e-02
1.75793e-02
1.52639e-02
1.28347e-02
1.03400e-02
7.96882e-03
5.92811e-03
4.06138e-03
2.21195e-03
3.25350e-04
-1.64438e-03
-3.72450e-03
-5.88514e-03
-8.05103e-03
-1.01251e-02
-1.19819e-02
-1.34942e-02
-1.45303e-02
-1.49930e-02
-1.48389e-02
-1.41028e-02
-1.28613e-02
-1.13801e-02
-9.99115e-03
-8.65922e-03
-7.30788e-03
-5.92970e-03
-4.59659e-03
-3.38890e-03
-2.41111e-03
-1.76823e-03
-1.39572e-03
-1.22695e-03
-1.21634e-03
-1.30824e-03
-1.48187e-03
-1.73586e-03
-1.97514e-03
-2.15309e-03
-2.21708e-03
-2.19248e-03
-2.10554e-03
-1.99707e-03
-1.95816e-03
-2.03483e-03
-2.25644e-03
-2.64165e-03
-3.20179e-03
-3.90605e-03
-4.74558e-03
-5.69235e-03
-6.66984e-03
-7.57313e-03
-8.37174e-03
-8.98816e-03
-9.39167e-03
-9.61985e-03
-9.71463e-03
-9.63876e-03
-9.33062e-03
-8.74775e-03
-7.80477e-03
-6.47088e-03
-4.70059e-03
-2.47979e-03
1.75345e-04
3.18616e-03
6.40474e-03
9.59549e-03
1.24911e-02
1.51691e-02
1.76973e-02
2.01125e-02
2.24196e-02
2.45484e-02
2.63924e-02
2.78546e-02
2.87812e-02
2.90182e-02
2.84595e-02
2.70804e-02
2.49300e-02
2.22353e-02
1.93065e-02
1.61375e-02
1.27248e-02
9.21195e-03
5.92414e-03
3.21172e-03
9.04450e-04
-1.21027e-03
-3.31373e-03
-5.51346e-03
-7.87992e-03
-1.04604e-02
-1.32433e-02
-1.62011e-02
-1.92731e-02
-2.23272e-02
-2.52017e-02
-2.77249e-02
-2.97351e-02
-3.10393e-02
-3.14845e-02
-3.09894e-02
-2.95611e-02
-2.73542e-02
-2.47513e-02
-2.21703e-02
-1.95212e-02
-1.67416e-02
-1.38363e-02
-1.08995e-02
-8.13159e-03
-5.77943e-03
-3.69162e-03
-1.69794e-03
3.15888e-04
2.43061e-03
4.67229e-03
7.02391e-03
9.44429e-03
1.18458e-02
1.41236e-02
1.61212e-02
1.76920e-02
1.87061e-02
1.90582e-02
1.87011e-02
1.76653e-02
1.60863e-02
1.42947e-02
1.26695e-02
1.11648e-02
9.70325e-03
8.25787e-03
6.82842e-03
5.49163e-03
4.27467e-03
3.19510e-03
2.24417e-03
1.34905e-03
5.02506e-04
-2.82382e-04
-9.71914e-04
-1.55062e-03
-2.00065e-03
-2.33060e-03
-2.53116e-03
-2.55918e-03
-2.40431e-03
-2.07230e-03
-1.60076e-03
-9.96657e-04
-2.72133e-04
5.47524e-04
1.40950e-03
2.26429e-03
3.03144e-03
3.61772e-03
3.93251e-03
3.92009e-03
3.61868e-03
2.99045e-03
2.06029e-03
9.22729e-04
-2.41229e-04
-1.30784e-03
-2.17444e-03
-2.73427e-03
-2.92571e-03
-2.70236e-03
-2.10778e-03
-1.31111e-03
-4.39352e-04
3.53501e-04
1.01362e-03
1.48422e-03
1.73049e-03
1.74412e-03
1.49469e-03
1.00390e-03
2.86454e-04
-6.39604e-04
-1.72165e-03
-2.93207e-03
-4.21738e-03
-5.51725e-03
-6.70797e-03
-7.74684e-03
-8.58323e-03
-9.18849e-03
-9.62925e-03
-9.91717e-03
-1.00601e-02
-1.00749e-02
-1.00477e-02
-1.00188e-02
-9.92137e-03
-9.66532e-03
-9.19483e-03
-8.42471e-03
-7.29964e-03
-5.79223e-03
-3.88816e-03
-1.60831e-03
9.57098e-04
3.67289e-03
6.28212e-03
8.47614e-03
1.02658e-02
1.16401e-02
1.25593e-02
1.30002e-02
1.29410e-02
1.23527e-02
1.12762e-02
9.78720e-03
8.08015e-03
6.43855e-03
4.91154e-03
3.48504e-03
2.14791e-03
9.59134e-04
-1.81192e-07
-6.68447e-04
-9.11344e-04
-7.60388e-04
-3.16512e-04
2.79942e-04
8.74852e-04
1.39068e-03
1.76445e-03
1.99401e-03
2.08753e-03
2.05549e-03
1.87790e-03
1.54501e-03
1.06625e-03
4.51205e-04
-2.53261e-04
-9.99718e-04
-1.78234e-03
-2.55515e-03
-3.24954e-03
-3.82307e-03
-4.22528e-03
-4.40726e-03
-4.39856e-03
-4.22897e-03
-3.93138e-03
-3.55562e-03
-3.15444e-03
-2.74393e-03
-2.37033e-03
-2.03284e-03
-1.73069e-03
-1.49351e-03
-1.30925e-03
-1.16386e-03
-1.05703e-03
-9.78577e-04
-8.71485e-04
-7.28935e-04
-5.38252e-04
-2.68386e-04
1.04748e-04
5.76106e-04
1.15455e-03
1.80684e-03
2.48911e-03
3.18196e-03
3.84823e-03
4.46237e-03
4.96823e-03
5.28385e-03
5.36650e-03
5.21419e-03
4.83690e-03
4.25708e-03
3.52667e-03
2.67628e-03
1.77792e-03
9.07414e-04
1.06136e-04
-5.82995e-04
-1.09198e-03
-1.42283e-03
-1.57876e-03
-1.56620e-03
-1.41132e-03
-1.13467e-03
-7.24588e-04
-2.16174e-04
3.03624e-04
8.02057e-04
1.27280e-03
1.67520e-03
1.94092e-03
2.01482e-03
1.88373e-03
1.55539e-03
9.88601e-04
1.94516e-04
-7.92617e-04
-1.93676e-03
-3.20494e-03
-4.54967e-03
-5.90489e-03
-7.21211e-03
-8.39264e-03
-9.39184e-03
-1.01855e-02
-1.07587e-02
-1.11261e-02
-1.12319e-02
-1.10672e-02
-1.06210e-02
-9.91025e-03
-8.96397e-03
-7.76803e-03
-6.34378e-03
-4.70967e-03
-2.93777e-03
-1.15397e-03
4.40049e-04
1.63733e-03
2.47552e-03
3.00117e-03
3.24057e-03
3.22194e-03
3.01527e-03
2.67316e-03
2.31807e-03
2.12364e-03
2.29128e-03
2.90718e-03
3.98107e-03
5.44263e-03
7.22231e-03
9.18744e-03
1.11563e-02
1.29363e-02
1.43180e-02
1.51945e-02
1.55330e-02
1.53227e-02
1.45867e-02
1.34000e-02
1.19101e-02
1.02738e-02
8.52177e-03
6.64369e-03
4.68214e-03
2.71274e-03
9.27765e-04
-5.39317e-04
-1.77447e-03
-2.84466e-03
-3.80637e-03
-4.71261e-03
-5.55586e-03
-6.30632e-03
-6.89388e-03
-7.26395e-03
-7.37052e-03
-7.18758e-03
-6.74047e-03
-6.09020e-03
-5.37768e-03
-4.74849e-03
-4.14098e-03
-3.53518e-03
-2.89420e-03
-2.22446e-03
-1.57281e-03
-9.47643e-04
-3.82266e-04
1.12316e-04
5.03352e-04
7.91326e-04
9.83414e-04
1.04598e-03
9.79824e-04
8.12527e-04
5.43807e-04
1.76569e-04
-2.68533e-04
-7.66818e-04
-1.27649e-03
-1.78470e-03
-2.28116e-03
-2.75721e-03
-3.19842e-03
-3.62528e-03
-4.04957e-03
-4.49945e-03
-4.95109e-03
-5.43513e-03
-5.95086e-03
-6.47443e-03
-6.98703e-03
-7.43733e-03
-7.71364e-03
-7.77367e-03
-7.57083e-03
-7.05131e-03
-6.17547e-03
-4.92290e-03
-3.30449e-03
-1.32206e-03
9.80020e-04
3.48552e-03
6.03615e-03
8.36374e-03
1.01791e-02
1.14676e-02
1.22099e-02
1.23604e-02
1.19149e-02
1.08606e-02
9.27353e-03
7.26145e-03
5.07945e-03
3.04847e-03
1.21288e-03
-3.95558e-04
-1.66684e-03
-2.44158e-03
-2.77949e-03
-2.74687e-03
-2.42266e-03
-1.88400e-03
-1.21594e-03
-5.33968e-04
4.28575e-06
3.76589e-04
6.18173e-04
7.47639e-04
7.84310e-04
7.64082e-04
7.03445e-04
6.48775e-04
6.14030e-04
6.35552e-04
7.27026e-04
9.07584e-04
1.19928e-03
1.59946e-03
2.06985e-03
2.56227e-03
3.03872e-03
3.44118e-03
3.71525e-03
3.82097e-03
3.72146e-03
3.41373e-03
2.91721e-03
2.22253e-03
1.34899e-03
3.22600e-04
-8.17622e-04
-2.02024e-03
-3.22060e-03
-4.36758e-03
-5.36183e-03
-6.09624e-03
-6.51334e-03
-6.64946e-03
-6.56954e-03
-6.33424e-03
-6.06234e-03
-5.87553e-03
-5.79345e-03
-5.80432e-03
-5.88739e-03
-6.01080e-03
-6.11892e-03
-6.18738e-03
-6.20677e-03
-6.11547e-03
-5.87860e-03
-5.45159e-03
-4.80571e-03
-3.93313e-03
-2.82247e-03
-1.47569e-03
8.61547e-05
1.81027e-03
3.59994e-03
5.34471e-03
6.88147e-03
8.06544e-03
8.88680e-03
9.37287e-03
9.53403e-03
9.40603e-03
9.04666e-03
8.59209e-03
8.17350e-03
7.77727e-03
7.36160e-03
6.89060e-03
6.36249e-03
5.72333e-03
4.95415e-03
4.06893e-03
3.08059e-03
2.04587e-03
9.77091e-04
-1.04438e-04
-1.14334e-03
-2.17465e-03
-3.21928e-03
-4.26656e-03
-5.29200e-03
-6.25881e-03
-7.09907e-03
-7.73802e-03
-8.15217e-03
-8.26448e-03
-8.01177e-03
-7.36271e-03
-6.31050e-03
-4.94199e-03
-3.38094e-03
-1.60075e-03
4.00414e-04
2.54824e-03
4.74364e-03
6.78006e-03
8.46411e-03
9.82400e-03
1.08468e-02
1.15233e-02
1.17930e-02
1.16251e-02
1.09646e-02
9.82917e-03
8.25500e-03
6.42127e-03
4.50864e-03
2.48766e-03
3.48924e-04
-1.83561e-03
-3.90993e-03
-5.72215e-03
-7.35288e-03
-8.87764e-03
-1.03264e-02
-1.16802e-02
-1.28990e-02
-1.39204e-02
-1.46674e-02
-1.50605e-02
-1.50219e-02
-1.45283e-02
-1.36178e-02
-1.24337e-02
-1.11531e-02
-9.74019e-03
-8.16350e-03
-6.44194e-03
-4.65322e-03
-2.99077e-03
-1.64402e-03
-5.17192e-04
5.14316e-04
1.56030e-03
2.68261e-03
3.94572e-03
5.37022e-03
6.94175e-03
8.63745e-03
1.03857e-02
1.20931e-02
1.36274e-02
1.48385e-02
1.55962e-02
1.57682e-02
1.52587e-02
1.39865e-02
1.19525e-02
9.29088e-03
6.28987e-03
3.32029e-03
4.93906e-04
-2.04383e-03
-4.09508e-03
-5.71730e-03
-7.00002e-03
-7.96467e-03
-8.59719e-03
-8.87788e-03
-8.79676e-03
-8.33711e-03
-7.49973e-03
-6.33636e-03
-5.01456e-03
-3.72044e-03
-2.37889e-03
-9.40594e-04
6.27995e-04
2.27253e-03
3.88867e-03
5.31711e-03
6.37706e-03
7.06671e-03
7.41636e-03
7.43032e-03
7.14705e-03
6.61226e-03
5.95444e-03
5.32613e-03
4.73827e-03
4.13932e-03
3.51792e-03
2.83032e-03
2.05069e-03
1.21642e-03
3.80903e-04
-4.00196e-04
-1.09942e-03
-1.75450e-03
-2.40264e-03
-3.05959e-03
-3.70377e-03
-4.31221e-03
-4.83755e-03
-5.22755e-03
-5.48660e-03
-5.56554e-03
-5.42995e-03
-5.07285e-03
-4.51577e-03
-3.81774e-03
-3.09219e-03
-2.37570e-03
-1.62005e-03
-8.60146e-04
-1.35604e-04
5.54394e-04
1.18851e-03
1.70823e-03
2.05763e-03
2.23437e-03
2.23267e-03
2.07236e-03
1.75465e-03
1.27966e-03
6.84757e-04
1.81879e-05
-6.86963e-04
-1.38359e-03
-2.01203e-03
-2.52801e-03
-2.88248e-03
-3.04303e-03
-2.99713e-03
-2.73961e-03
-2.30895e-03
-1.78152e-03
-1.20388e-03
-5.91546e-04
-7.28643e-06
5.00999e-04
9.06784e-04
1.18360e-03
1.33295e-03
1.36090e-03
1.28776e-03
1.15302e-03
9.75933e-04
7.95023e-04
6.09202e-04
4.37824e-04
3.04813e-04
1.80308e-04
1.00956e-04
6.52690e-05
2.82821e-05
-3.16409e-05
-1.22774e-04
-2.42801e-04
-4.25150e-04
-6.66166e-04
-9.26460e-04
-1.19612e-03
-1.44513e-03
-1.63936e-03
-1.76903e-03
-1.83090e-03
-1.81362e-03
-1.69069e-03
-1.49639e-03
-1.24917e-03
-9.47037e-04
-6.17804e-04
-3.16922e-04
-4.38970e-05
2.37926e-04
5.19631e-04
7.96022e-04
1.08604e-03
1.41190e-03
1.82055e-03
2.31512e-03
2.86547e-03
3.47760e-03
4.12123e-03
4.74854e-03
5.32920e-03
5.82163e-03
6.17697e-03
6.33546e-03
6.27408e-03
6.02559e-03
5.57304e-03
4.92674e-03
4.06021e-03
2.98830e-03
1.74689e-03
3.43925e-04
-1.16642e-03
-2.70759e-03
-4.17986e-03
-5.49160e-03
-6.66682e-03
-7.71588e-03
-8.65873e-03
-9.46867e-03
-1.00686e-02
-1.03605e-02
-1.02906e-02
-9.78108e-03
-8.79089e-03
-7.33411e-03
-5.52334e-03
-3.51862e-03
-1.34877e-03
9.38202e-04
3.22873e-03
5.29914e-03
6.91137e-03
8.08973e-03
8.82374e-03
9.12679e-03
8.99202e-03
8.41520e-03
7.44026e-03
6.18062e-03
4.80615e-03
3.57196e-03
2.47452e-03
1.51034e-03
7.24082e-04
1.92177e-04
-4.44871e-05
4.86382e-05
3.83471e-04
8.74286e-04
1.41068e-03
1.88701e-03
2.27225e-03
2.55261e-03
2.74294e-03
2.83415e-03
2.82582e-03
2.70409e-03
2.46790e-03
2.11063e-03
1.63969e-03
1.01970e-03
2.57177e-04
-6.44942e-04
-1.66869e-03
-2.81086e-03
-4.03531e-03
-5.28095e-03
-6.47565e-03
-7.57794e-03
-8.55357e-03
-9.35301e-03
-9.95591e-03
-1.03364e-02
-1.04695e-02
-1.03360e-02
-9.94191e-03
-9.31806e-03
-8.48675e-03
-7.43817e-03
-6.16268e-03
-4.67507e-03
-3.01497e-03
-1.29220e-03
2.89620e-04
1.56528e-03
2.56209e-03
3.33547e-03
3.94854e-03
4.42843e-03
4.77103e-03
4.96933e-03
5.01788e-03
4.95428e-03
4.87004e-03
4.87927e-03
5.09172e-03
5.50504e-03
6.05397e-03
6.64875e-03
7.22156e-03
7.71835e-03
8.07529e-03
8.22494e-03
8.17258e-03
7.91652e-03
7.45474e-03
6.76092e-03
5.84629e-03
4.72621e-03
3.44940e-03
2.04182e-03
5.52776e-04
-9.73081e-04
-2.43427e-03
-3.71114e-03
-4.75836e-03
-5.61615e-03
-6.29819e-03
-6.79686e-03
-7.09620e-03
-7.21987e-03
-7.18380e-03
-7.01629e-03
-6.79496e-03
-6.63127e-03
-6.47278e-03
-6.26940e-03
-6.01989e-03
-5.70564e-03
-5.29457e-03
-4.74728e-03
-4.05630e-03
-3.23140e-03
-2.22600e-03
-1.03261e-03
2.97417e-04
1.69014e-03
3.08731e-03
4.39817e-03
5.55757e-03
6.57196e-03
7.42653e-03
8.08514e-03
8.53790e-03
8.78537e-03
8.82279e-03
8.66300e-03
8.36815e-03
7.94697e-03
7.38214e-03
6.64197e-03
5.71610e-03
4.60268e-03
3.30981e-03
1.89515e-03
4.40854e-04
-9.26554e-04
-2.12031e-03
-3.17496e-03
-4.13178e-03
-4.99234e-03
-5.73159e-03
-6.34760e-03
-6.79004e-03
-7.02728e-03
-7.06062e-03
-6.87790e-03
-6.50994e-03
-6.06491e-03
-5.65884e-03
-5.25442e-03
-4.80895e-03
-4.31558e-03
-3.78462e-03
-3.19499e-03
-2.53562e-03
-1.84695e-03
-1.14162e-03
-4.67422e-04
1.45654e-04
6.77226e-04
1.09656e-03
1.37370e-03
1.50505e-03
1.53520e-03
1.50418e-03
1.43436e-03
1.31840e-03
1.21249e-03
1.13911e-03
1.10159e-03
1.11699e-03
1.19648e-03
1.33626e-03
1.54374e-03
1.79094e-03
2.07890e-03
2.40230e-03
2.73325e-03
3.06627e-03
3.35993e-03
3.61513e-03
3.79428e-03
3.84831e-03
3.78857e-03
3.59893e-03
3.26621e-03
2.74821e-03
2.06084e-03
1.23819e-03
2.82896e-04
-7.79884e-04
-1.88861e-03
-2.97867e-03
-3.97459e-03
-4.79537e-03
-5.38417e-03
-5.68090e-03
-5.65504e-03
-5.34815e-03
-4.89000e-03
-4.31942e-03
-3.71111e-03
-3.05519e-03
-2.35627e-03
-1.62029e-03
-8.36044e-04
-5.77321e-05
6.82670e-04
1.36726e-03
1.94358e-03
2.39451e-03
2.70900e-03
2.90787e-03
3.02167e-03
3.09517e-03
3.20325e-03
3.32841e-03
3.46564e-03
3.60231e-03
3.73695e-03
3.84550e-03
3.91222e-03
3.88429e-03
3.76341e-03
3.55004e-03
3.20843e-03
2.74451e-03
2.17933e-03
1.53895e-03
8.51636e-04
1.78455e-04
-4.53726e-04
-9.90265e-04
-1.36421e-03
-1.61411e-03
-1.74985e-03
-1.70690e-03
-1.53346e-03
-1.33578e-03
-1.12515e-03
-9.79918e-04
-8.96498e-04
-8.98678e-04
-1.00701e-03
-1.19945e-03
-1.43799e-03
-1.70158e-03
-1.99240e-03
-2.30623e-03
-2.60076e-03
-2.86611e-03
-3.08492e-03
-3.24602e-03
-3.33411e-03
-3.37019e-03
-3.32026e-03
-3.17058e-03
-2.93355e-03
-2.60196e-03
-2.19411e-03
-1.71133e-03
-1.17445e-03
-6.03182e-04
-2.50057e-05
5.48723e-04
1.08485e-03
1.56917e-03
1.95903e-03
2.21384e-03
2.30874e-03
2.23348e-03
2.03858e-03
1.77499e-03
1.48916e-03
1.16242e-03
8.19697e-04
4.58961e-04
8.25501e-05
-2.83999e-04
-6.34096e-04
-9.53484e-04
-1.22236e-03
-1.43488e-03
-1.59341e-03
-1.66135e-03
-1.62999e-03
-1.48660e-03
-1.23576e-03
-8.96997e-04
-4.84987e-04
-2.50408e-05
4.34568e-04
8.75377e-04
1.25539e-03
1.54361e-03
1.73398e-03
1.82429e-03
1.80412e-03
1.70201e-03
1.52712e-03
1.29692e-03
1.05702e-03
8.50747e-04
6.83460e-04
5.57251e-04
4.92233e-04
4.95240e-04
5.68915e-04
7.00581e-04
8.97310e-04
1.12852e-03
1.36657e-03
1.58857e-03
1.79295e-03
1.94873e-03
2.03525e-03
2.04544e-03
1.97663e-03
1.82603e-03
1.60288e-03
1.33270e-03
1.02945e-03
7.23822e-04
4.31808e-04
1.76988e-04
-4.73454e-06
-9.15536e-05
-1.05285e-04
-5.09855e-05
8.86842e-05
2.87100e-04
5.18321e-04
7.67070e-04
1.01828e-03
1.23955e-03
1.42605e-03
1.55719e-03
1.63267e-03
1.64713e-03
1.59132e-03
1.44694e-03
1.20218e-03
8.73983e-04
4.76939e-04
9.98856e-06
-5.24650e-04
-1.08909e-03
-1.65197e-03
-2.19391e-03
-2.70553e-03
-3.16515e-03
-3.57811e-03
-3.94313e-03
-4.27556e-03
-4.56838e-03
-4.84364e-03
-5.12264e-03
-5.38541e-03
-5.62625e-03
-5.86264e-03
-6.09633e-03
-6.29488e-03
-6.47449e-03
-6.64075e-03
-6.74614e-03
-6.76171e-03
-6.67572e-03
-6.42805e-03
-5.98446e-03
-5.34210e-03
-4.49283e-03
-3.42219e-03
-2.17516e-03
-8.51494e-04
4.25179e-04
1.53624e-03
2.52805e-03
3.46950e-03
4.40360e-03
5.37119e-03
6.38461e-03
7.45210e-03
8.54489e-03
9.62121e-03
1.06238e-02
1.14673e-02
1.20831e-02
1.23781e-02
1.22936e-02
1.17717e-02
1.08168e-02
9.45912e-03
7.86963e-03
6.23131e-03
4.63537e-03
3.13230e-03
1.81652e-03
7.25056e-04
-1.91666e-04
-1.00317e-03
-1.73966e-03
-2.42310e-03
-3.02811e-03
-3.55916e-03
-3.95792e-03
-4.18001e-03
-4.20775e-03
-4.01744e-03
-3.65800e-03
-3.18482e-03
-2.76147e-03
-2.52768e-03
-2.46681e-03
-2.53883e-03
-2.75818e-03
-3.10475e-03
-3.55446e-03
-4.09387e-03
-4.66278e-03
-5.24874e-03
-5.80866e-03
-6.29104e-03
-6.64867e-03
-6.84988e-03
-6.87931e-03
-6.74236e-03
-6.42175e-03
-5.91308e-03
-5.20868e-03
-4.32372e-03
-3.30471e-03
-2.15192e-03
-8.78140e-04
4.74733e-04
1.86545e-03
3.23129e-03
4.47461e-03
5.50670e-03
6.31305e-03
6.88489e-03
7.22945e-03
7.32732e-03
7.14448e-03
6.68934e-03
6.02892e-03
5.26479e-03
4.52329e-03
3.83451e-03
3.22630e-03
2.70279e-03
2.28159e-03
2.01270e-03
1.91005e-03
1.91272e-03
1.98090e-03
2.08258e-03
2.14632e-03
2.07262e-03
1.89176e-03
1.59131e-03
1.15875e-03
6.28426e-04
2.61125e-05
-6.49976e-04
-1.38020e-03
-2.12469e-03
-2.86367e-03
-3.56446e-03
-4.15636e-03
-4.58016e-03
-4.78417e-03
-4.78479e-03
-4.61757e-03
-4.30709e-03
-3.85983e-03
-3.27732e-03
-2.57730e-03
-1.76808e-03
-8.85490e-04
2.71357e-05
9.16186e-04
1.68230e-03
2.21394e-03
2.50483e-03
2.58662e-03
2.45375e-03
2.10355e-03
1.54562e-03
8.40946e-04
3.88534e-05
-7.88617e-04
-1.62886e-03
-2.44577e-03
-3.24292e-03
-3.99642e-03
-4.65708e-03
-5.20758e-03
-5.62541e-03
-5.88382e-03
-5.99414e-03
-5.91936e-03
-5.68675e-03
-5.33380e-03
-4.86853e-03
-4.31485e-03
-3.65627e-03
-2.90740e-03
-2.08469e-03
-1.21577e-03
-3.70579e-04
4.11045e-04
1.09553e-03
1.73830e-03
2.38279e-03
3.04129e-03
3.74117e-03
4.46499e-03
5.20255e-03
5.94075e-03
6.65154e-03
7.28980e-03
7.81800e-03
8.20634e-03
8.42944e-03
8.46052e-03
8.27824e-03
7.93238e-03
7.49301e-03
6.95951e-03
6.35430e-03
5.66470e-03
4.88680e-03
4.03964e-03
3.16938e-03
2.34295e-03
1.60467e-03
9.82538e-04
4.47643e-04
-6.54015e-06
-4.00501e-04
-7.46483e-04
-1.01363e-03
-1.22607e-03
-1.38300e-03
-1.48154e-03
-1.56131e-03
-1.67752e-03
-1.87527e-03
-2.25482e-03
-2.79943e-03
-3.48565e-03
-4.25572e-03
-5.08393e-03
-5.92032e-03
-6.73295e-03
-7.45752e-03
-8.05880e-03
-8.51654e-03
-8.82223e-03
-8.94900e-03
-8.85659e-03
-8.52964e-03
-7.98669e-03
-7.26783e-03
-6.42925e-03
-5.43408e-03
-4.25962e-03
-2.94170e-03
-1.51532e-03
-5.82173e-05
1.31540e-03
2.49168e-03
3.47847e-03
4.31849e-03
5.01611e-03
5.56963e-03
5.95775e-03
6.16902e-03
6.20258e-03
6.06564e-03
5.77326e-03
5.43221e-03
5.12399e-03
4.84943e-03
4.57489e-03
4.27502e-03
3.92427e-03
3.50566e-03
3.04769e-03
2.55770e-03
2.03633e-03
1.46689e-03
8.61881e-04
2.62605e-04
-3.27142e-04
-9.56901e-04
-1.52729e-03
-1.98103e-03
-2.34384e-03
-2.59601e-03
-2.73430e-03
-2.78204e-03
-2.76721e-03
-2.70932e-03
-2.60528e-03
-2.46800e-03
-2.27260e-03
-2.02029e-03
-1.70979e-03
-1.32035e-03
-8.74939e-04
-3.91667e-04
1.22893e-04
6.62222e-04
1.20902e-03
1.72004e-03
2.19390e-03
2.61642e-03
2.95641e-03
3.20991e-03
3.35051e-03
3.38157e-03
3.33703e-03
3.23855e-03
3.06512e-03
2.82604e-03
2.49894e-03
2.07003e-03
1.58419e-03
1.05493e-03
4.85339e-04
-1.08898e-04
-7.52618e-04
-1.45053e-03
-2.17421e-03
-2.89853e-03
-3.62119e-03
-4.31418e-03
-4.87934e-03
-5.32546e-03
-5.65481e-03
-5.83787e-03
-5.91345e-03
-5.98157e-03
-6.02640e-03
-6.01398e-03
-5.94880e-03
-5.81258e-03
-5.56260e-03
-5.21009e-03
-4.74273e-03
-4.11971e-03
-3.32228e-03
-2.35519e-03
-1.21726e-03
4.66467e-05
1.39572e-03
2.74831e-03
3.99034e-03
5.13476e-03
6.19092e-03
7.15775e-03
8.03693e-03
8.76692e-03
9.31318e-03
9.61917e-03
9.61308e-03
9.29290e-03
8.66995e-03
7.80611e-03
6.81407e-03
5.74842e-03
4.59676e-03
3.35886e-03
2.09453e-03
9.31855e-04
-2.70666e-05
-8.25737e-04
-1.50099e-03
-2.07561e-03
-2.56199e-03
-2.94049e-03
-3.20442e-03
-3.34036e-03
-3.33443e-03
-3.20382e-03
-3.00673e-03
-2.80383e-03
-2.72045e-03
-2.75444e-03
-2.86931e-03
-3.02183e-03
-3.16059e-03
-3.22750e-03
-3.19818e-03
-3.06910e-03
-2.80157e-03
-2.39560e-03
-1.85885e-03
-1.20894e-03
-4.77461e-04
3.18685e-04
1.13204e-03
1.89092e-03
2.49731e-03
2.89109e-03
2.97190e-03
2.73467e-03
2.23496e-03
1.50648e-03
6.23970e-04
-3.16156e-04
-1.26361e-03
-2.18349e-03
-3.02700e-03
-3.70527e-03
-4.16595e-03
-4.40793e-03
-4.39648e-03
-4.20273e-03
-3.92472e-03
-3.63359e-03
-3.31181e-03
-2.98318e-03
-2.63113e-03
-2.27048e-03
-1.89700e-03
-1.50629e-03
-1.10141e-03
-6.88618e-04
-2.65853e-04
1.73861e-04
6.39711e-04
1.08174e-03
1.47978e-03
1.84041e-03
2.12948e-03
2.36966e-03
2.60037e-03
2.82760e-03
3.03612e-03
3.17034e-03
3.25077e-03
3.26267e-03
3.24045e-03
3.25167e-03
3.26142e-03
3.25654e-03
3.26790e-03
3.25234e-03
3.18285e-03
3.07638e-03
2.94307e-03
2.76365e-03
2.55118e-03
2.30369e-03
2.03158e-03
1.74870e-03
1.43737e-03
1.10085e-03
7.46084e-04
3.52762e-04
-5.44531e-05
-4.80220e-04
-8.95775e-04
-1.26395e-03
-1.61417e-03
-1.94933e-03
-2.28020e-03
-2.60180e-03
-2.93183e-03
-3.23667e-03
-3.48972e-03
-3.63451e-03
-3.64951e-03
-3.58697e-03
-3.47155e-03
-3.25284e-03
-2.93988e-03
-2.54726e-03
-2.09597e-03
-1.59497e-03
-1.02324e-03
-4.09387e-04
2.35974e-04
9.19161e-04
1.59954e-03
2.21560e-03
2.75900e-03
3.18416e-03
3.46269e-03
3.56891e-03
3.52472e-03
3.31947e-03
2.97306e-03
2.51110e-03
1.98177e-03
1.37587e-03
7.15444e-04
3.97746e-05
-5.92536e-04
-1.11004e-03
-1.46931e-03
-1.66533e-03
-1.64435e-03
-1.42741e-03
-1.13686e-03
-8.48667e-04
-5.77297e-04
-3.17194e-04
-6.50426e-05
1.72900e-04
3.69008e-04
5.14092e-04
5.95341e-04
6.09554e-04
5.53588e-04
4.41940e-04
2.97660e-04
1.43895e-04
-2.52436e-05
-1.70840e-04
-3.07149e-04
-4.46595e-04
-5.60422e-04
-6.55857e-04
-7.44401e-04
-8.36767e-04
-9.41898e-04
-1.06777e-03
-1.21949e-03
-1.40045e-03
-1.61019e-03
-1.84554e-03
-2.09844e-03
-2.35692e-03
-2.60359e-03
-2.81561e-03
-2.97172e-03
-3.08108e-03
-3.14060e-03
-3.13518e-03
-3.04985e-03
-2.88021e-03
-2.62723e-03
-2.29266e-03
-1.86321e-03
-1.32829e-03
-7.34176e-04
-5.61351e-05
6.85131e-04
1.43757e-03
2.18278e-03
2.82735e-03
3.31958e-03
3.67485e-03
3.92098e-03
4.07319e-03
4.11579e-03
4.07694e-03
4.01059e-03
3.93120e-03
3.79442e-03
3.63359e-03
3.44278e-03
3.21195e-03
2.91535e-03
2.58359e-03
2.22330e-03
1.81588e-03
1.36797e-03
8.79956e-04
3.73120e-04
-1.13508e-04
-5.74296e-04
-1.04327e-03
-1.52250e-03
-1.96081e-03
-2.32779e-03
-2.59885e-03
-2.78711e-03
-2.90818e-03
-3.00602e-03
-3.06623e-03
-3.04934e-03
-2.96243e-03
-2.80862e-03
-2.55393e-03
-2.19684e-03
-1.75738e-03
-1.22977e-03
-6.39312e-04
1.10099e-05
6.82034e-04
1.36397e-03
2.01386e-03
2.59231e-03
3.07047e-03
3.36589e-03
3.46765e-03
3.38994e-03
3.19210e-03
2.91611e-03
2.52048e-03
1.97291e-03
1.33299e-03
6.26529e-04
-1.28664e-04
-9.13189e-04
-1.66978e-03
-2.32508e-03
-2.81368e-03
-3.09640e-03
-3.19182e-03
-3.11932e-03
-2.90113e-03
-2.53779e-03
-2.07991e-03
-1.60525e-03
-1.19634e-03
-8.42130e-04
-5.28215e-04
-2.48893e-04
-2.27837e-05
1.59356e-04
3.14410e-04
4.48084e-04
5.57541e-04
6.48761e-04
7.43264e-04
8.55350e-04
9.73971e-04
1.11112e-03
1.26749e-03
1.42327e-03
1.56693e-03
1.70543e-03
1.80312e-03
1.87761e-03
1.92231e-03
1.90525e-03
1.82545e-03
1.69134e-03
1.50872e-03
1.30394e-03
1.08493e-03
8.65882e-04
6.47361e-04
4.29857e-04
2.39007e-04
7.02433e-05
-7.23346e-05
-1.95650e-04
-3.06247e-04
-3.97609e-04
-4.79701e-04
-5.65937e-04
-6.55607e-04
-7.35921e-04
-8.09058e-04
-8.69395e-04
-9.36387e-04
-1.02482e-03
-1.10138e-03
-1.17890e-03
-1.28996e-03
-1.41216e-03
-1.53934e-03
-1.67357e-03
-1.80710e-03
-1.98045e-03
-2.18627e-03
-2.40485e-03
-2.61716e-03
-2.81307e-03
-2.96430e-03
-3.04410e-03
-3.05048e-03
-2.96190e-03
-2.79385e-03
-2.56952e-03
-2.30101e-03
-1.99234e-03
-1.61317e-03
-1.19032e-03
-7.30482e-04
-2.30133e-04
3.08805e-04
8.56135e-04
1.36459e-03
1.79282e-03
2.19963e-03
2.59344e-03
2.99139e-03
3.40689e-03
3.79094e-03
4.11050e-03
4.38304e-03
4.60415e-03
4.75814e-03
4.85277e-03
4.85631e-03
4.76300e-03
4.49102e-03
4.06639e-03
3.50010e-03
2.82126e-03
2.05676e-03
1.21090e-03
2.86204e-04
-6.91005e-04
-1.68061e-03
-2.60493e-03
-3.42584e-03
-4.10272e-03
-4.56266e-03
-4.74881e-03
-4.76246e-03
-4.64592e-03
-4.44606e-03
-4.22456e-03
-3.96096e-03
-3.61880e-03
-3.20965e-03
-2.76980e-03
-2.28403e-03
-1.76003e-03
-1.20772e-03
-6.44894e-04
-1.14933e-04
3.67899e-04
7.75889e-04
1.07480e-03
1.27114e-03
1.35196e-03
1.40146e-03
1.43982e-03
1.50367e-03
1.58546e-03
1.68333e-03
1.81647e-03
1.96623e-03
2.10795e-03
2.25333e-03
2.41491e-03
2.59254e-03
2.76108e-03
2.89329e-03
2.97286e-03
3.01801e-03
3.02071e-03
2.94950e-03
2.80438e-03
2.60347e-03
2.36392e-03
2.05961e-03
1.71456e-03
1.34521e-03
9.46211e-04
5.49305e-04
1.34883e-04
-2.59800e-04
-5.80228e-04
-8.38570e-04
-1.02247e-03
-1.16516e-03
-1.27061e-03
-1.37122e-03
-1.46606e-03
-1.54119e-03
-1.62851e-03
-1.70239e-03
-1.75102e-03
-1.80101e-03
-1.83668e-03
-1.84362e-03
-1.84747e-03
-1.85702e-03
-1.88181e-03
-1.89473e-03
-1.89624e-03
-1.87078e-03
-1.85271e-03
-1.83403e-03
-1.80158e-03
-1.74803e-03
-1.66905e-03
-1.56822e-03
-1.45343e-03
-1.34674e-03
-1.26092e-03
-1.16709e-03
-1.07987e-03
-9.92614e-04
-9.31758e-04
-8.70978e-04
-8.04347e-04
-7.64742e-04
-7.37729e-04
-7.10501e-04
-6.61819e-04
-5.97982e-04
-5.09210e-04
-3.80912e-04
-2.36140e-04
-6.28551e-05
1.56397e-04
4.06989e-04
6.28201e-04
8.00881e-04
8.95515e-04
9.16384e-04
8.77930e-04
7.66433e-04
6.11084e-04
4.41752e-04
2.56093e-04
5.99416e-05
-9.00049e-05
-1.97170e-04
-2.31209e-04
-1.94941e-04
-9.40081e-05
6.48488e-05
2.75463e-04
5.25967e-04
8.02121e-04
1.07791e-03
1.32783e-03
1.54608e-03
1.73464e-03
1.90028e-03
2.04806e-03
2.19465e-03
2.30985e-03
2.39297e-03
2.44111e-03
2.46374e-03
2.46473e-03
2.45190e-03
2.44226e-03
2.43825e-03
2.42041e-03
2.38538e-03
2.34355e-03
2.31013e-03
2.27261e-03
2.19397e-03
2.08885e-03
1.95821e-03
1.80094e-03
1.65660e-03
1.49197e-03
1.31090e-03
1.09969e-03
8.79529e-04
6.46112e-04
4.01872e-04
1.33557e-04
-1.45682e-04
-4.44625e-04
-7.67955e-04
-1.10213e-03
-1.44068e-03
-1.77195e-03
-2.08599e-03
-2.39604e-03
-2.68479e-03
-2.93386e-03
-3.15611e-03
-3.37149e-03
-3.58277e-03
-3.76230e-03
-3.90279e-03
-4.03009e-03
-4.15408e-03
-4.28303e-03
-4.40146e-03
-4.49221e-03
-4.52554e-03
-4.48099e-03
-4.35621e-03
-4.13766e-03
-3.83484e-03
-3.44058e-03
-2.93428e-03
-2.32578e-03
-1.63520e-03
-8.93339e-04
-1.35362e-04
6.20755e-04
1.31688e-03
1.89409e-03
2.32272e-03
2.55148e-03
2.61512e-03
2.58283e-03
2.50095e-03
2.37847e-03
2.23389e-03
2.11925e-03
2.07777e-03
2.09053e-03
2.15164e-03
2.24471e-03
2.34668e-03
2.44830e-03
2.53849e-03
2.61801e-03
2.66568e-03
2.67903e-03
2.66927e-03
2.60591e-03
2.47549e-03
2.29832e-03
2.08941e-03
1.85011e-03
1.59322e-03
1.34455e-03
1.09460e-03
8.27343e-04
5.41669e-04
2.60503e-04
-3.74105e-05
-3.44997e-04
-6.44243e-04
-9.27433e-04
-1.19797e-03
-1.45710e-03
-1.70089e-03
-1.92573e-03
-2.13777e-03
-2.32963e-03
-2.48424e-03
-2.57662e-03
-2.62332e-03
-2.61666e-03
-2.53728e-03
-2.38418e-03
-2.17104e-03
-1.91879e-03
-1.63163e-03
-1.32624e-03
-1.02180e-03
-6.92517e-04
-3.44650e-04
2.06132e-05
4.02670e-04
7.80243e-04
1.13140e-03
1.45258e-03
1.75638e-03
2.01226e-03
2.19675e-03
2.32402e-03
2.40921e-03
2.45184e-03
2.45975e-03
2.41077e-03
2.29557e-03
2.10883e-03
1.86932e-03
1.58187e-03
1.25607e-03
9.24034e-04
5.79922e-04
2.42579e-04
-7.30533e-05
-3.64659e-04
-6.08136e-04
-7.86107e-04
-9.29017e-04
-1.06327e-03
-1.19304e-03
-1.32396e-03
-1.46399e-03
-1.62880e-03
-1.78266e-03
-1.93966e-03
-2.07652e-03
-2.20772e-03
-2.33752e-03
-2.42143e-03
-2.43947e-03
-2.40747e-03
-2.28747e-03
-2.08008e-03
-1.79299e-03
-1.45944e-03
-1.09382e-03
-6.96095e-04
-2.85565e-04
1.26907e-04
5.06525e-04
8.41244e-04
1.15839e-03
1.46680e-03
1.75261e-03
2.00982e-03
2.24997e-03
2.49217e-03
2.71162e-03
2.91360e-03
3.11037e-03
3.28481e-03
3.44914e-03
3.58855e-03
3.70599e-03
3.76467e-03
3.72779e-03
3.59454e-03
3.35825e-03
3.01414e-03
2.57770e-03
2.03950e-03
1.40226e-03
6.90648e-04
-6.32522e-05
-8.20161e-04
-1.55371e-03
-2.22595e-03
-2.80254e-03
-3.31416e-03
-3.74087e-03
-4.08171e-03
-4.34914e-03
-4.53159e-03
-4.65938e-03
-4.78241e-03
-4.91178e-03
-5.04592e-03
-5.14345e-03
-5.19917e-03
-5.18505e-03
-5.09293e-03
-4.91889e-03
-4.65285e-03
-4.28051e-03
-3.82793e-03
-3.28417e-03
-2.64359e-03
-1.93220e-03
-1.15565e-03
-3.29934e-04
4.98717e-04
1.31082e-03
2.04010e-03
2.66086e-03
3.19981e-03
3.62417e-03
3.94574e-03
4.17027e-03
4.29510e-03
4.34113e-03
4.33087e-03
4.31577e-03
4.36675e-03
4.45074e-03
4.53879e-03
4.63534e-03
4.71903e-03
4.76859e-03
4.76698e-03
4.71327e-03
4.58197e-03
4.36361e-03
4.03535e-03
3.58501e-03
3.02199e-03
2.37173e-03
1.63233e-03
8.11496e-04
-3.53164e-05
-8.65093e-04
-1.61097e-03
-2.20605e-03
-2.62933e-03
-2.88024e-03
-2.97193e-03
-2.91455e-03
-2.74939e-03
-2.55301e-03
-2.37371e-03
-2.23068e-03
-2.12841e-03
-2.04323e-03
-1.96839e-03
-1.90634e-03
-1.87723e-03
-1.85447e-03
-1.81841e-03
-1.78631e-03
-1.75709e-03
-1.73724e-03
-1.72934e-03
-1.71762e-03
-1.70300e-03
-1.66965e-03
-1.61509e-03
-1.52572e-03
-1.43164e-03
-1.31843e-03
-1.18945e-03
-1.03980e-03
-8.79613e-04
-7.23486e-04
-5.92325e-04
-5.04925e-04
-4.49134e-04
-4.12670e-04
-4.08137e-04
-4.16864e-04
-4.18316e-04
-4.19569e-04
-4.30633e-04
-4.38854e-04
-4.16402e-04
-3.59725e-04
-2.69833e-04
-1.47923e-04
2.58325e-07
1.72890e-04
3.91909e-04
6.46228e-04
9.21747e-04
1.21849e-03
1.51105e-03
1.80410e-03
2.08583e-03
2.33547e-03
2.54451e-03
2.71389e-03
2.83182e-03
2.89581e-03
2.89186e-03
2.82886e-03
2.73253e-03
2.59345e-03
2.40701e-03
2.19478e-03
1.97262e-03
1.73665e-03
1.49050e-03
1.25215e-03
1.05039e-03
8.84738e-04
7.16527e-04
5.58876e-04
4.39510e-04
3.15433e-04
1.55344e-04
-2.24227e-05
-2.15254e-04
-4.61392e-04
-7.52142e-04
-1.06163e-03
-1.39880e-03
-1.76389e-03
-2.16433e-03
-2.58545e-03
-2.98783e-03
-3.33631e-03
-3.61112e-03
-3.82165e-03
-3.96135e-03
-4.01527e-03
-3.99451e-03
-3.89424e-03
-3.72940e-03
-3.50764e-03
-3.22087e-03
-2.88242e-03
-2.49108e-03
-2.04215e-03
-1.52643e-03
-9.43507e-04
-3.16099e-04
3.65974e-04
1.08539e-03
1.81624e-03
2.52662e-03
3.18299e-03
3.74740e-03
4.19784e-03
4.53707e-03
4.72180e-03
4.76037e-03
4.67023e-03
4.49403e-03
4.22509e-03
3.85557e-03
3.42270e-03
2.89503e-03
2.26759e-03
1.56892e-03
8.24746e-04
6.50984e-05
-6.78223e-04
-1.37331e-03
-1.93488e-03
-2.33436e-03
-2.54565e-03
-2.57152e-03
-2.43706e-03
-2.17257e-03
-1.84495e-03
-1.52968e-03
-1.25576e-03
-1.00741e-03
-7.96791e-04
-6.34361e-04
-5.02918e-04
-3.93122e-04
-3.16963e-04
-2.90735e-04
-3.04226e-04
-3.50212e-04
-3.90948e-04
-4.19310e-04
-4.11745e-04
-3.86256e-04
-3.43536e-04
-2.59441e-04
-1.44289e-04
-7.32998e-06
1.16071e-04
2.18476e-04
3.10428e-04
3.91951e-04
4.63366e-04
5.20452e-04
5.29091e-04
4.88939e-04
4.08166e-04
2.70283e-04
1.10455e-04
-6.59705e-05
-2.73619e-04
-5.14714e-04
-7.59579e-04
-9.91580e-04
-1.19765e-03
-1.38183e-03
-1.51811e-03
-1.58835e-03
-1.58903e-03
-1.52435e-03
-1.41247e-03
-1.22787e-03
-9.60444e-04
-6.61367e-04
-3.48203e-04
-3.80765e-05
2.67212e-04
5.62368e-04
8.41828e-04
1.07517e-03
1.24126e-03
1.36009e-03
1.43374e-03
1.45689e-03
1.46474e-03
1.47351e-03
1.47884e-03
1.46760e-03
1.43873e-03
1.39107e-03
1.33447e-03
1.24671e-03
1.12078e-03
9.64485e-04
7.91073e-04
5.95712e-04
3.78606e-04
1.54084e-04
-5.85913e-05
-2.58915e-04
-4.45649e-04
-6.03079e-04
-7.04019e-04
-7.55532e-04
-7.62532e-04
-7.37378e-04
-6.73501e-04
-5.72717e-04
-4.40860e-04
-3.06118e-04
-1.60071e-04
-3.19236e-05
8.00159e-05
1.77659e-04
2.57675e-04
3.11209e-04
3.23513e-04
2.81674e-04
2.03110e-04
9.25947e-05
-5.08436e-05
-1.97636e-04
-3.37394e-04
-4.51759e-04
-5.27416e-04
-5.79097e-04
-5.93577e-04
-5.97427e-04
-5.66790e-04
-5.00993e-04
-4.16475e-04
-3.19287e-04
-2.16747e-04
-1.16458e-04
-1.80188e-05
6.82818e-05
1.51448e-04
2.13860e-04
2.63286e-04
3.06816e-04
3.55970e-04
4.08307e-04
4.45166e-04
4.88205e-04
5.12836e-04
5.12679e-04
4.88167e-04
4.36732e-04
3.45570e-04
2.18465e-04
6.69630e-05
-8.73310e-05
-2.20195e-04
-3.29352e-04
-4.20909e-04
-5.24001e-04
-6.17745e-04
-6.65233e-04
-6.86002e-04
-6.83007e-04
-6.20975e-04
-5.26626e-04
-4.30719e-04
-3.11532e-04
-1.60593e-04
3.40882e-06
1.55551e-04
2.90358e-04
4.05255e-04
5.19731e-04
6.16547e-04
6.81031e-04
7.26011e-04
7.38558e-04
7.45699e-04
7.28858e-04
6.89209e-04
6.40423e-04
6.07740e-04
5.75229e-04
5.19676e-04
4.22232e-04
3.01303e-04
1.80244e-04
5.97494e-05
-6.00241e-05
-1.73337e-04
-2.69916e-04
-3.39189e-04
-4.03885e-04
-4.83988e-04
-5.77978e-04
-7.04370e-04
-8.54859e-04
-1.01232e-03
-1.15680e-03
-1.28567e-03
-1.40555e-03
-1.50150e-03
-1.57830e-03
-1.61948e-03
-1.63974e-03
-1.65571e-03
-1.65860e-03
-1.63432e-03
-1.57709e-03
-1.49250e-03
-1.36652e-03
-1.20012e-03
-1.00701e-03
-8.03927e-04
-5.86089e-04
-3.50901e-04
-1.04282e-04
1.42143e-04
3.87727e-04
6.42394e-04
8.91890e-04
1.10563e-03
1.29091e-03
1.43789e-03
1.52787e-03
1.58563e-03
1.63339e-03
1.67748e-03
1.71931e-03
1.76784e-03
1.80261e-03
1.84440e-03
1.89073e-03
1.93638e-03
2.01659e-03
2.11435e-03
2.21353e-03
2.32208e-03
2.43114e-03
2.55315e-03
2.67564e-03
2.77753e-03
2.83961e-03
2.85100e-03
2.79535e-03
2.68171e-03
2.49796e-03
2.23212e-03
1.88207e-03
1.44867e-03
9.21011e-04
3.30003e-04
-2.89987e-04
-9.39740e-04
-1.60993e-03
-2.24240e-03
-2.81873e-03
-3.30113e-03
-3.72210e-03
-4.04956e-03
-4.26349e-03
-4.41497e-03
-4.49842e-03
-4.53722e-03
-4.53548e-03
-4.50770e-03
-4.44145e-03
-4.32543e-03
-4.15551e-03
-3.95023e-03
-3.70701e-03
-3.43139e-03
-3.11902e-03
-2.77808e-03
-2.39623e-03
-1.95061e-03
-1.45939e-03
-9.49863e-04
-4.24316e-04
1.16720e-04
6.41232e-04
1.18698e-03
1.70851e-03
2.16168e-03
2.50211e-03
2.75274e-03
2.94565e-03
3.05916e-03
3.12632e-03
3.19013e-03
3.27519e-03
3.33541e-03
3.35032e-03
3.36046e-03
3.35555e-03
3.33705e-03
3.29086e-03
3.22377e-03
3.11525e-03
2.95051e-03
2.75400e-03
2.52094e-03
2.26484e-03
1.96134e-03
1.61495e-03
1.25299e-03
9.03163e-04
5.46129e-04
1.77833e-04
-1.74094e-04
-4.85321e-04
-8.00902e-04
-1.13400e-03
-1.45075e-03
-1.75189e-03
-2.03846e-03
-2.29494e-03
-2.52353e-03
-2.73655e-03
-2.90494e-03
-3.01210e-03
-3.06322e-03
-3.07205e-03
-3.04350e-03
-2.97230e-03
-2.84205e-03
-2.64844e-03
-2.41309e-03
-2.15763e-03
-1.87708e-03
-1.54936e-03
-1.19293e-03
-8.40370e-04
-4.87774e-04
-1.24744e-04
2.40248e-04
5.97734e-04
9.14954e-04
1.17205e-03
1.38845e-03
1.56081e-03
1.69878e-03
1.79560e-03
1.86725e-03
1.97938e-03
2.11308e-03
2.24708e-03
2.35537e-03
2.44251e-03
2.50458e-03
2.52854e-03
2.49826e-03
2.40165e-03
2.26801e-03
2.09000e-03
1.89177e-03
1.67395e-03
1.42195e-03
1.14131e-03
8.02294e-04
4.31963e-04
2.48507e-05
-4.18187e-04
-8.37021e-04
-1.22166e-03
-1.57208e-03
-1.90238e-03
-2.18689e-03
-2.43827e-03
-2.66701e-03
-2.85624e-03
-3.00032e-03
-3.12056e-03
-3.23279e-03
-3.30010e-03
-3.29515e-03
-3.21988e-03
-3.07760e-03
-2.84693e-03
-2.54032e-03
-2.15783e-03
-1.68023e-03
-1.10672e-03
-4.50226e-04
2.71396e-04
9.99412e-04
1.71882e-03
2.37524e-03
2.88982e-03
3.24590e-03
3.40999e-03
3.40942e-03
3.28213e-03
3.03780e-03
2.69390e-03
2.27989e-03
1.83932e-03
1.38021e-03
9.14616e-04
4.77430e-04
9.71773e-05
-2.11579e-04
-4.51692e-04
-6.30386e-04
-7.42750e-04
-7.83287e-04
-7.88999e-04
-7.84513e-04
-7.63213e-04
-7.23945e-04
-6.97432e-04
-6.74909e-04
-6.37971e-04
-5.82470e-04
-5.07181e-04
-4.27203e-04
-3.44900e-04
-2.59910e-04
-1.54742e-04
-2.54288e-05
1.36275e-04
3.35390e-04
5.67146e-04
8.19784e-04
1.06855e-03
1.28336e-03
1.43922e-03
1.53667e-03
1.59430e-03
1.58831e-03
1.52439e-03
1.37874e-03
1.16109e-03
8.89270e-04
5.73972e-04
2.55577e-04
-5.83045e-05
-3.32948e-04
-5.79182e-04
-7.82522e-04
-9.14500e-04
-9.73324e-04
-9.62896e-04
-9.15170e-04
-8.28339e-04
-7.28944e-04
-6.29860e-04
-5.71451e-04
-5.27750e-04
-5.06813e-04
-5.17899e-04
-5.67827e-04
-6.40866e-04
-7.32653e-04
-8.25137e-04
-9.06106e-04
-9.91221e-04
-1.07111e-03
-1.13343e-03
-1.16142e-03
-1.14721e-03
-1.10642e-03
-1.04293e-03
-9.76130e-04
-8.84260e-04
-7.98799e-04
-7.26847e-04
-6.50805e-04
-5.74558e-04
-4.83010e-04
-3.94390e-04
-3.27027e-04
-2.60530e-04
-1.80722e-04
-8.67008e-05
-3.52653e-07
8.26001e-05
1.34086e-04
1.80692e-04
2.31585e-04
2.58836e-04
2.92169e-04
3.64097e-04
4.44659e-04
5.19308e-04
6.15212e-04
7.34767e-04
8.58031e-04
9.85632e-04
1.14025e-03
1.30523e-03
1.46771e-03
1.61310e-03
1.72335e-03
1.79931e-03
1.85306e-03
1.87381e-03
1.85917e-03
1.79935e-03
1.69947e-03
1.55629e-03
1.37429e-03
1.15870e-03
9.00695e-04
6.24609e-04
3.34347e-04
1.37022e-05
-3.11366e-04
-6.08116e-04
-8.91670e-04
-1.15713e-03
-1.38002e-03
-1.57901e-03
-1.78528e-03
-1.97866e-03
-2.11720e-03
-2.20493e-03
-2.25938e-03
-2.26241e-03
-2.23039e-03
-2.19955e-03
-2.14810e-03
-2.04532e-03
-1.90538e-03
-1.72701e-03
-1.49352e-03
-1.18767e-03
-8.29379e-04
-4.20777e-04
5.14378e-05
5.56594e-04
1.06668e-03
1.57821e-03
2.07563e-03
2.56360e-03
3.00315e-03
3.38188e-03
3.66596e-03
3.82209e-03
3.83979e-03
3.71559e-03
3.47215e-03
3.10523e-03
2.66347e-03
2.17703e-03
1.64376e-03
1.07373e-03
5.24607e-04
2.34043e-05
-4.02725e-04
-7.52502e-04
-1.05033e-03
-1.27872e-03
-1.43257e-03
-1.51688e-03
-1.56299e-03
-1.58624e-03
-1.59812e-03
-1.59696e-03
-1.61200e-03
-1.63908e-03
-1.66744e-03
-1.70514e-03
-1.74194e-03
-1.77885e-03
-1.83610e-03
-1.89900e-03
-1.95337e-03
-1.98949e-03
-2.00384e-03
-1.99887e-03
-1.97882e-03
-1.92016e-03
-1.82296e-03
-1.69320e-03
-1.49666e-03
-1.25025e-03
-9.60679e-04
-6.35338e-04
-2.82850e-04
7.17630e-05
4.35597e-04
7.89544e-04
1.09915e-03
1.37039e-03
1.56509e-03
1.65091e-03
1.63282e-03
1.55586e-03
1.44083e-03
1.29218e-03
1.12214e-03
9.24581e-04
7.27553e-04
5.12233e-04
3.03025e-04
1.12188e-04
-5.64974e-05
-2.08035e-04
-3.36851e-04
-4.35399e-04
-4.94823e-04
-5.04831e-04
-4.97998e-04
-4.67793e-04
-4.38643e-04
-3.98184e-04
-3.27782e-04
-2.15650e-04
-8.59327e-05
6.87950e-05
2.66945e-04
4.78197e-04
7.03422e-04
9.27060e-04
1.15255e-03
1.35206e-03
1.53420e-03
1.67618e-03
1.78600e-03
1.84830e-03
1.86499e-03
1.85532e-03
1.81215e-03
1.72417e-03
1.62533e-03
1.50016e-03
1.34553e-03
1.18684e-03
1.00551e-03
7.86225e-04
5.57431e-04
3.23286e-04
1.01500e-04
-6.13485e-05
-1.87256e-04
-2.49852e-04
-2.80078e-04
-3.10784e-04
-3.47854e-04
-3.80617e-04
-4.20651e-04
-4.25021e-04
-4.15554e-04
-4.15116e-04
-4.33698e-04
-4.66379e-04
-4.91985e-04
-4.90836e-04
-4.64263e-04
-4.38777e-04
-4.22768e-04
-3.93615e-04
-3.83920e-04
-4.04337e-04
-4.32148e-04
-4.67014e-04
-5.49985e-04
-6.64642e-04
-7.94790e-04
-9.57214e-04
-1.13140e-03
-1.31678e-03
-1.51234e-03
-1.71526e-03
-1.91082e-03
-2.07488e-03
-2.21499e-03
-2.31842e-03
-2.37474e-03
-2.37441e-03
-2.33842e-03
-2.23269e-03
-2.08146e-03
-1.90146e-03
-1.68064e-03
-1.43498e-03
-1.17033e-03
-8.93466e-04
-5.97194e-04
-2.96638e-04
-1.31147e-06
2.97221e-04
5.87126e-04
8.61802e-04
1.12412e-03
1.36720e-03
1.56896e-03
1.75122e-03
1.93282e-03
2.08921e-03
2.20105e-03
2.25715e-03
2.28313e-03
2.29034e-03
2.26202e-03
2.21310e-03
2.10137e-03
1.93451e-03
1.74582e-03
1.54227e-03
1.33357e-03
1.12680e-03
9.19156e-04
7.22265e-04
5.43762e-04
3.67145e-04
2.06756e-04
3.72735e-05
-1.26598e-04
-2.80832e-04
-4.43565e-04
-5.87890e-04
-6.99873e-04
-7.90664e-04
-8.49945e-04
-8.77166e-04
-8.60391e-04
-7.92495e-04
-6.85329e-04
-5.46735e-04
-3.90025e-04
-2.19799e-04
-3.14252e-05
1.73710e-04
3.85134e-04
5.83485e-04
7.61437e-04
9.12439e-04
1.00938e-03
1.06663e-03
1.04973e-03
9.70937e-04
8.56724e-04
6.86411e-04
4.51807e-04
1.80651e-04
-9.88719e-05
-3.95183e-04
-6.91679e-04
-9.75677e-04
-1.22228e-03
-1.43169e-03
-1.59352e-03
-1.69310e-03
-1.71786e-03
-1.71515e-03
-1.67460e-03
-1.58976e-03
-1.44627e-03
-1.25652e-03
-1.05362e-03
-8.43019e-04
-6.29135e-04
-4.00505e-04
-1.66434e-04
6.82661e-05
2.99476e-04
5.01495e-04
6.71542e-04
8.34590e-04
9.95109e-04
1.14208e-03
1.28641e-03
1.42285e-03
1.52588e-03
1.58654e-03
1.60778e-03
1.56727e-03
1.44159e-03
1.23682e-03
9.78158e-04
6.67182e-04
3.22074e-04
-4.89495e-05
-4.35166e-04
-8.33506e-04
-1.20720e-03
-1.54383e-03
-1.80559e-03
-1.97590e-03
-2.10004e-03
-2.15801e-03
-2.14650e-03
-2.10500e-03
-2.02876e-03
-1.92722e-03
-1.80030e-03
-1.65042e-03
-1.50973e-03
-1.36651e-03
-1.20968e-03
-1.04012e-03
-8.64533e-04
-6.68057e-04
-4.42097e-04
-1.81893e-04
1.18107e-04
4.48138e-04
8.12669e-04
1.19988e-03
1.59630e-03
1.96910e-03
2.30862e-03
2.61521e-03
2.87939e-03
3.11604e-03
3.30737e-03
3.42651e-03
3.48604e-03
3.49252e-03
3.44736e-03
3.33791e-03
3.16387e-03
2.92113e-03
2.60411e-03
2.22192e-03
1.80458e-03
1.35631e-03
8.48180e-04
3.15258e-04
-2.24641e-04
-7.56802e-04
-1.26971e-03
-1.74777e-03
-2.15310e-03
-2.45993e-03
-2.65129e-03
-2.77019e-03
-2.83984e-03
-2.88473e-03
-2.92899e-03
-2.91491e-03
-2.84943e-03
-2.72753e-03
-2.54592e-03
-2.32097e-03
-2.05442e-03
-1.78133e-03
-1.50034e-03
-1.22101e-03
-9.64624e-04
-7.39296e-04
-5.56918e-04
-4.03873e-04
-2.56718e-04
-1.23100e-04
3.23206e-06
1.33756e-04
2.40466e-04
3.19200e-04
3.91700e-04
4.76106e-04
5.60069e-04
6.67043e-04
7.83057e-04
8.93955e-04
9.97054e-04
1.08034e-03
1.12928e-03
1.15727e-03
1.18305e-03
1.18531e-03
1.16710e-03
1.11144e-03
1.04682e-03
9.54830e-04
8.15392e-04
6.45371e-04
4.67960e-04
2.85299e-04
1.01111e-04
-7.19076e-05
-2.22300e-04
-3.56223e-04
-4.56126e-04
-5.27044e-04
-5.79205e-04
-6.18846e-04
-6.23336e-04
-5.86324e-04
-5.12887e-04
-3.92017e-04
-2.44728e-04
-1.04461e-04
2.26659e-05
1.49221e-04
2.62481e-04
3.68980e-04
4.71550e-04
5.54141e-04
6.14328e-04
6.75319e-04
7.28413e-04
7.55103e-04
7.66437e-04
7.46043e-04
7.12542e-04
6.63456e-04
6.03416e-04
5.43503e-04
4.73840e-04
4.29591e-04
4.04037e-04
3.84486e-04
3.59797e-04
3.20074e-04
2.56904e-04
1.64737e-04
4.10134e-05
-1.11814e-04
-2.85290e-04
-4.68240e-04
-6.75293e-04
-9.12328e-04
-1.15927e-03
-1.40505e-03
-1.63289e-03
-1.84528e-03
-1.99852e-03
-2.09488e-03
-2.14963e-03
-2.14060e-03
-2.06143e-03
-1.93170e-03
-1.74667e-03
-1.53049e-03
-1.28779e-03
-1.00818e-03
-6.97009e-04
-3.62085e-04
-1.59058e-06
3.77247e-04
7.41671e-04
1.08673e-03
1.39703e-03
1.64705e-03
1.81249e-03
1.92558e-03
1.97788e-03
1.98057e-03
1.91314e-03
1.80780e-03
1.69304e-03
1.55949e-03
1.41288e-03
1.25383e-03
1.07512e-03
9.11310e-04
7.58781e-04
6.15583e-04
4.99082e-04
4.01966e-04
3.38551e-04
2.79755e-04
2.22211e-04
1.60897e-04
9.97281e-05
3.57324e-05
-2.44545e-05
-8.71649e-05
-1.57539e-04
-2.36262e-04
-3.25818e-04
-4.03530e-04
-4.71691e-04
-5.17119e-04
-5.38259e-04
-5.50824e-04
-5.55136e-04
-5.25038e-04
-4.79331e-04
-4.28400e-04
-3.54470e-04
-2.60927e-04
-1.60346e-04
-6.97702e-05
1.39685e-06
5.17661e-05
8.18085e-05
9.68152e-05
8.21632e-05
4.55034e-05
5.48406e-06
-3.74578e-05
-8.58334e-05
-1.40488e-04
-2.01959e-04
-2.68006e-04
-3.35092e-04
-3.94857e-04
-4.41464e-04
-4.87106e-04
-5.33661e-04
-5.72042e-04
-6.14860e-04
-6.71515e-04
-7.36204e-04
-8.14302e-04
-8.97543e-04
-9.90125e-04
-1.07549e-03
-1.13826e-03
-1.18883e-03
-1.20789e-03
-1.18213e-03
-1.13330e-03
-1.05285e-03
-9.30442e-04
-7.75506e-04
-6.08061e-04
-4.19539e-04
-2.11023e-04
1.84257e-05
2.61479e-04
5.05379e-04
7.31951e-04
9.15991e-04
1.06739e-03
1.18152e-03
1.25904e-03
1.31300e-03
1.35055e-03
1.34708e-03
1.31702e-03
1.28434e-03
1.23628e-03
1.16710e-03
1.09157e-03
1.02163e-03
9.38856e-04
8.57517e-04
7.82876e-04
7.07173e-04
6.33611e-04
5.59912e-04
4.80213e-04
3.99164e-04
3.29545e-04
2.80450e-04
2.31895e-04
1.75574e-04
1.06573e-04
3.28503e-05
-3.27205e-05
-1.06043e-04
-1.88644e-04
-2.73072e-04
-3.55859e-04
-4.37432e-04
-5.18211e-04
-5.81702e-04
-6.35169e-04
-6.74435e-04
-6.93333e-04
-6.96684e-04
-6.95216e-04
-6.79414e-04
-6.49308e-04
-6.19626e-04
-5.84726e-04
-5.32372e-04
-4.65867e-04
-3.94290e-04
-3.27978e-04
-2.65751e-04
-2.07230e-04
-1.53580e-04
-1.09222e-04
-7.67319e-05
-4.84584e-05
-2.96582e-05
-2.60493e-05
-2.87488e-05
-2.69850e-05
-1.56876e-05
2.07832e-06
2.70527e-05
6.77197e-05
1.11036e-04
1.52039e-04
1.87039e-04
2.11209e-04
2.22303e-04
2.29262e-04
2.30715e-04
2.25069e-04
2.09495e-04
1.86218e-04
1.64776e-04
1.37299e-04
1.04170e-04
6.99262e-05
3.75209e-05
2.66028e-06
-2.90973e-05
-5.61454e-05
-7.96486e-05
-9.15272e-05
-9.24395e-05
-8.40362e-05
-6.87365e-05
-4.16147e-05
1.59968e-06
4.94434e-05
1.01915e-04
1.51987e-04
1.97801e-04
2.37042e-04
2.64477e-04
2.74925e-04
2.70714e-04
2.55476e-04
2.32210e-04
1.99195e-04
1.51277e-04
9.32910e-05
3.03071e-05
-3.51473e-05
-9.57274e-05
-1.51492e-04
-1.91851e-04
-2.23441e-04
-2.46645e-04
-2.56008e-04
-2.49840e-04
-2.33002e-04
-2.09342e-04
-1.84910e-04
-1.57006e-04
-1.28175e-04
-1.06863e-04
-9.12037e-05
-7.85114e-05
-6.71639e-05
-5.64526e-05
-4.66528e-05
-3.94544e-05
-3.61105e-05
-3.40907e-05
-3.51873e-05
-3.62730e-05
-3.46340e-05
-3.23416e-05
-2.90750e-05
-2.21956e-05
-1.41791e-05
-6.82765e-06
1.50465e-06
9.69561e-06
1.96270e-05
2.95943e-05
4.00218e-05
5.28361e-05
6.57730e-05
7.61524e-05
8.54910e-05
9.43227e-05
1.00703e-04
1.06145e-04
1.08125e-04
1.06466e-04
1.02290e-04
9.71431e-05
8.95527e-05
8.29668e-05
7.56393e-05
6.74291e-05
5.92292e-05
5.04796e-05
4.25021e-05
3.55885e-05
3.14323e-05
2.75902e-05
2.36268e-05
1.95808e-05
1.58362e-05
1.23148e-05
7.24262e-06
8.01929e-07
-6.15445e-06
-1.31718e-05
-2.11726e-05
-2.94480e-05
-3.74705e-05
-4.40460e-05
-4.94616e-05
-5.41447e-05
-5.81804e-05
-6.08434e-05
-6.19764e-05
-6.14979e-05
-5.90357e-05
-5.39532e-05
-4.75338e-05
-4.00370e-05
-3.20032e-05
-2.44735e-05
-1.68745e-05
-9.10981e-06
-3.43993e-06
2.24855e-07
3.48391e-06
5.33204e-06
6.31843e-06
6.88636e-06
6.84879e-06
6.87845e-06
6.76420e-06
6.73568e-06
6.57147e-06
6.56113e-06
6.57263e-06
7.02198e-06
7.76443e-06
8.64526e-06
9.50674e-06
1.02570e-05
1.07815e-05
1.10272e-05
1.09111e-05
1.04133e-05
9.47149e-06
8.15268e-06
6.62296e-06
4.81734e-06
2.98878e-06
1.27377e-06
-3.26397e-07
-1.65590e-06
-2.85126e-06
-3.94691e-06
-4.72741e-06
-5.17969e-06
-5.41945e-06
-5.38296e-06
-5.07874e-06
-4.72531e-06
-4.31040e-06
-3.83299e-06
-3.27192e-06
-2.72836e-06
-2.15843e-06
-1.48678e-06
-8.34055e-07
-2.17752e-07
4.05510e-07
1.09734e-06
1.78474e-06
2.38753e-06
2.88773e-06
3.25405e-06
3.46177e-06
3.59212e-06
3.61725e-06
3.54040e-06
3.38005e-06
3.11298e-06
2.79323e-06
2.42891e-06
2.03503e-06
1.65241e-06
1.30630e-06
9.91479e-07
7.23581e-07
5.08661e-07
3.27390e-07
1.86407e-07
9.19589e-08
3.91467e-08
1.10854e-08
2.55074e-11
1.36007e-09
5.83829e-09
1.05392e-08
1.49080e-08
1.83385e-08
1.99525e-08
2.16481e-08
2.33090e-08
2.74444e-08
3.38571e-08
4.18786e-08
5.15142e-08
6.19273e-08
7.30647e-08
8.48879e-08
9.73810e-08
1.10155e-07
1.22985e-07
1.35803e-07
1.48519e-07
1.60790e-07
1.72482e-07
1.83317e-07
1.93064e-07
2.01464e-07
2.08386e-07
2.13717e-07
2.17426e-07
2.19516e-07
