9.53840e-05
9.55070e-05
9.56769e-05
9.58794e-05
9.60726e-05
9.61812e-05
9.61384e-05
9.59225e-05
9.55605e-05
9.51411e-05
9.48348e-05
9.47305e-05
9.48054e-05
9.50790e-05
9.53897e-05
9.54433e-05
9.52828e-05
9.52404e-05
9.54347e-05
9.57329e-05
9.59161e-05
9.58242e-05
9.54962e-05
9.45880e-05
9.25920e-05
8.95214e-05
8.56821e-05
8.22725e-05
8.10250e-05
8.22555e-05
8.52797e-05
8.96306e-05
9.46278e-05
9.95870e-05
1.04419e-04
1.08830e-04
1.11010e-04
1.08951e-04
1.03181e-04
9.62280e-05
9.05353e-05
8.81158e-05
9.08895e-05
9.90681e-05
1.09765e-04
1.18729e-04
1.22429e-04
1.18506e-04
1.07332e-04
9.22119e-05
7.52117e-05
5.76375e-05
4.28347e-05
3.45689e-05
3.58114e-05
4.61804e-05
6.02276e-05
7.00458e-05
6.88133e-05
5.55343e-05
3.59158e-05
1.68548e-05
4.18880e-06
2.83468e-06
1.22219e-05
2.56041e-05
3.88122e-05
5.32218e-05
6.80639e-05
8.08091e-05
9.23112e-05
1.03475e-04
1.13036e-04
1.18473e-04
1.17214e-04
1.09097e-04
9.62905e-05
8.02202e-05
6.09480e-05
3.83513e-05
9.98981e-06
-2.48018e-05
-6.18242e-05
-9.64433e-05
-1.22383e-04
-1.30154e-04
-1.10922e-04
-6.61316e-05
-6.80834e-06
5.32107e-05
9.65821e-05
1.12861e-04
9.92783e-05
5.55014e-05
-7.92852e-06
-7.24301e-05
-1.23474e-04
-1.54265e-04
-1.59738e-04
-1.42337e-04
-1.16224e-04
-9.25156e-05
-7.77405e-05
-7.78112e-05
-9.17494e-05
-1.02108e-04
-8.39695e-05
-3.31519e-05
3.92708e-05
1.21136e-04
1.89087e-04
2.12687e-04
1.68164e-04
5.43645e-05
-9.91776e-05
-2.48719e-04
-3.53159e-04
-3.86840e-04
-3.47472e-04
-2.53872e-04
-1.37957e-04
-2.89906e-05
5.02596e-05
7.73101e-05
3.90172e-05
-5.22843e-05
-1.62025e-04
-2.56923e-04
-3.21525e-04
-3.59420e-04
-3.85237e-04
-4.15368e-04
-4.60619e-04
-5.15582e-04
-5.56199e-04
-5.51735e-04
-4.82955e-04
-3.51815e-04
-1.77350e-04
1.23393e-05
1.90268e-04
3.36725e-04
4.30881e-04
4.51446e-04
3.94426e-04
2.73218e-04
1.07634e-04
-7.53010e-05
-2.40480e-04
-3.51718e-04
-3.75124e-04
-2.99177e-04
-1.54230e-04
1.17450e-05
1.43803e-04
1.85088e-04
1.03124e-04
-8.95933e-05
-3.20352e-04
-4.97279e-04
-5.70595e-04
-5.36892e-04
-4.18870e-04
-2.59198e-04
-1.17805e-04
-4.12232e-05
-3.66233e-05
-9.21068e-05
-1.94753e-04
-3.10976e-04
-3.86346e-04
-3.77136e-04
-2.75651e-04
-1.21732e-04
3.02270e-05
1.46569e-04
2.15344e-04
2.41284e-04
2.26939e-04
1.79625e-04
1.16018e-04
5.33450e-05
2.21933e-05
3.33187e-05
5.37269e-05
3.86092e-05
-3.98186e-05
-1.85957e-04
-3.80060e-04
-5.65722e-04
-6.87046e-04
-7.11740e-04
-6.01948e-04
-3.55315e-04
-4.71037e-05
2.09102e-04
3.35685e-04
3.35062e-04
2.58405e-04
1.58454e-04
6.63729e-05
3.59403e-06
-1.10353e-05
1.28035e-05
5.45623e-05
9.83668e-05
1.27651e-04
1.30832e-04
7.73752e-05
-5.54002e-05
-2.34392e-04
-4.10509e-04
-5.44787e-04
-6.03695e-04
-5.84073e-04
-4.99741e-04
-3.68679e-04
-2.50751e-04
-2.34885e-04
-3.60509e-04
-5.76483e-04
-7.96667e-04
-9.51625e-04
-9.90817e-04
-9.06845e-04
-7.16503e-04
-4.32395e-04
-9.09184e-05
2.49615e-04
5.25577e-04
6.89478e-04
7.33408e-04
7.03785e-04
6.78700e-04
6.83394e-04
6.89840e-04
6.73035e-04
6.33667e-04
5.87356e-04
5.13804e-04
3.64473e-04
1.24070e-04
-1.49291e-04
-3.67403e-04
-4.59216e-04
-3.86329e-04
-1.77517e-04
1.06117e-04
3.90043e-04
5.99941e-04
6.87483e-04
6.25751e-04
4.37487e-04
1.70152e-04
-1.13117e-04
-3.24913e-04
-3.96386e-04
-3.05482e-04
-9.42102e-05
1.63022e-04
3.80542e-04
4.81163e-04
4.39106e-04
2.70062e-04
3.70461e-05
-1.73171e-04
-2.95425e-04
-3.00792e-04
-2.28160e-04
-1.21660e-04
1.07691e-05
1.23651e-04
1.53594e-04
7.47006e-05
-9.82660e-05
-3.01512e-04
-4.43623e-04
-4.61847e-04
-3.72592e-04
-2.43192e-04
-1.27019e-04
-6.27298e-05
-7.00615e-05
-1.27579e-04
-1.80811e-04
-1.90564e-04
-1.48880e-04
-3.33082e-05
1.77958e-04
4.64785e-04
7.71836e-04
1.05077e-03
1.26248e-03
1.34467e-03
1.26694e-03
1.04500e-03
7.08589e-04
3.26752e-04
-1.92525e-05
-2.76137e-04
-4.22651e-04
-4.71648e-04
-4.57107e-04
-4.20554e-04
-4.16347e-04
-4.93450e-04
-6.29922e-04
-7.65062e-04
-8.61878e-04
-8.75288e-04
-7.59666e-04
-5.04457e-04
-1.64765e-04
1.64291e-04
4.02847e-04
4.94167e-04
4.44307e-04
2.93468e-04
9.14702e-05
-7.13997e-05
-1.32200e-04
-7.21881e-05
1.10734e-04
3.65902e-04
6.14638e-04
8.00215e-04
8.79460e-04
8.31304e-04
6.69567e-04
4.34736e-04
2.05195e-04
5.31403e-05
-1.44676e-05
-3.10729e-05
-3.97234e-05
-5.57030e-05
-5.98961e-05
-5.07459e-05
-3.40815e-05
-3.78939e-06
5.03196e-05
1.39214e-04
2.41380e-04
3.02346e-04
2.83764e-04
1.79022e-04
-1.61248e-05
-2.98128e-04
-6.24514e-04
-9.25332e-04
-1.13699e-03
-1.23057e-03
-1.20830e-03
-1.07813e-03
-8.42859e-04
-5.20026e-04
-1.51803e-04
2.12383e-04
4.99619e-04
6.44239e-04
6.30404e-04
4.86415e-04
3.15173e-04
2.23068e-04
2.34691e-04
3.28823e-04
4.50717e-04
5.30585e-04
5.06470e-04
3.50860e-04
1.05464e-04
-1.69890e-04
-4.24222e-04
-5.76600e-04
-5.60747e-04
-4.03100e-04
-1.92331e-04
-1.59882e-05
5.70897e-05
4.44550e-06
-1.30509e-04
-2.85646e-04
-4.25190e-04
-5.22604e-04
-5.70205e-04
-5.84159e-04
-5.66572e-04
-5.29448e-04
-5.05910e-04
-5.23347e-04
-6.09371e-04
-7.80820e-04
-1.01472e-03
-1.21792e-03
-1.27039e-03
-1.11977e-03
-7.92441e-04
-3.74935e-04
2.58938e-05
3.34621e-04
4.99545e-04
4.97098e-04
3.46221e-04
1.04197e-04
-1.31769e-04
-2.63290e-04
-2.43556e-04
-8.97280e-05
1.35229e-04
3.65321e-04
5.42666e-04
6.10733e-04
5.50350e-04
3.75534e-04
1.02972e-04
-2.23489e-04
-5.24634e-04
-7.22003e-04
-7.69866e-04
-6.76641e-04
-4.99085e-04
-3.04280e-04
-1.29776e-04
1.97822e-05
1.28765e-04
1.94593e-04
2.51242e-04
2.99437e-04
3.23009e-04
3.12302e-04
2.69112e-04
2.46375e-04
2.74013e-04
3.24441e-04
3.77054e-04
4.33957e-04
5.03270e-04
5.94422e-04
7.27968e-04
9.00470e-04
1.05669e-03
1.13991e-03
1.13364e-03
1.03200e-03
8.13216e-04
4.96442e-04
1.65097e-04
-9.82415e-05
-2.30291e-04
-1.76040e-04
7.37030e-05
4.47744e-04
8.18369e-04
1.04938e-03
1.02858e-03
7.26831e-04
2.20525e-04
-3.65461e-04
-8.92245e-04
-1.24294e-03
-1.37191e-03
-1.29831e-03
-1.07110e-03
-7.50418e-04
-4.00650e-04
-6.11198e-05
2.35499e-04
4.18132e-04
4.29646e-04
2.58605e-04
-4.42287e-05
-3.52133e-04
-5.67516e-04
-6.69843e-04
-6.72014e-04
-6.16307e-04
-5.61328e-04
-5.11185e-04
-4.15405e-04
-2.71386e-04
-1.20178e-04
4.97815e-06
7.80979e-05
8.96292e-05
4.29580e-05
-7.41735e-05
-2.83489e-04
-5.56582e-04
-8.21042e-04
-9.89763e-04
-9.94155e-04
-8.26936e-04
-5.15878e-04
-1.08895e-04
3.27869e-04
6.93411e-04
8.92565e-04
8.87889e-04
6.44248e-04
1.86088e-04
-3.60768e-04
-8.72410e-04
-1.26008e-03
-1.45416e-03
-1.41487e-03
-1.16756e-03
-8.06267e-04
-4.37291e-04
-1.31921e-04
8.72644e-05
2.38993e-04
3.49559e-04
4.28092e-04
5.01235e-04
6.11211e-04
7.60320e-04
9.06047e-04
1.00019e-03
1.01295e-03
9.18471e-04
7.30998e-04
5.10858e-04
2.94826e-04
1.03007e-04
-6.40700e-05
-2.01559e-04
-2.76527e-04
-2.90496e-04
-2.55438e-04
-2.13673e-04
-2.57541e-04
-4.15853e-04
-6.26069e-04
-7.95851e-04
-8.73501e-04
-8.47315e-04
-6.99130e-04
-4.45696e-04
-1.69298e-04
3.22131e-05
9.99763e-05
3.25534e-05
-1.09809e-04
-2.37839e-04
-2.82156e-04
-1.98871e-04
2.22169e-05
3.55048e-04
7.33792e-04
1.06131e-03
1.26012e-03
1.26842e-03
1.04281e-03
6.28210e-04
1.34238e-04
-3.42387e-04
-6.96615e-04
-8.51031e-04
-8.49951e-04
-7.91619e-04
-7.59389e-04
-8.27772e-04
-1.02913e-03
-1.34752e-03
-1.72071e-03
-2.04827e-03
-2.23099e-03
-2.20247e-03
-1.95772e-03
-1.57341e-03
-1.15469e-03
-7.46530e-04
-3.75626e-04
-8.21256e-05
1.33943e-04
2.99311e-04
4.71187e-04
7.10407e-04
1.03878e-03
1.44259e-03
1.85632e-03
2.22229e-03
2.50294e-03
2.63086e-03
2.55704e-03
2.29475e-03
1.90402e-03
1.44272e-03
9.79211e-04
6.15901e-04
3.87878e-04
2.38392e-04
1.24201e-04
2.54080e-05
-8.79598e-05
-2.12820e-04
-3.05419e-04
-3.25282e-04
-2.49723e-04
-8.84063e-05
9.81508e-05
2.33306e-04
2.74767e-04
2.11941e-04
4.30250e-05
-2.29330e-04
-5.71397e-04
-9.06781e-04
-1.18005e-03
-1.36654e-03
-1.41167e-03
-1.27611e-03
-9.88792e-04
-6.00500e-04
-1.56284e-04
2.82055e-04
6.27217e-04
8.29222e-04
9.18247e-04
9.56127e-04
9.90505e-04
1.05717e-03
1.20694e-03
1.47424e-03
1.82380e-03
2.15511e-03
2.32736e-03
2.24137e-03
1.91714e-03
1.43269e-03
8.46228e-04
2.19557e-04
-3.80685e-04
-8.96367e-04
-1.26909e-03
-1.48286e-03
-1.56034e-03
-1.52968e-03
-1.40943e-03
-1.20449e-03
-9.56565e-04
-7.22377e-04
-5.45907e-04
-4.57738e-04
-4.21824e-04
-3.85204e-04
-3.26537e-04
-2.38302e-04
-1.65906e-04
-1.80557e-04
-3.23661e-04
-6.05563e-04
-9.57659e-04
-1.24070e-03
-1.36017e-03
-1.30455e-03
-1.11558e-03
-8.72618e-04
-6.50471e-04
-4.98119e-04
-4.17909e-04
-3.67150e-04
-3.45384e-04
-3.53656e-04
-3.07199e-04
-1.24805e-04
1.98934e-04
6.23770e-04
1.09925e-03
1.55398e-03
1.89639e-03
2.09480e-03
2.17709e-03
2.14259e-03
1.96853e-03
1.66182e-03
1.24835e-03
7.67182e-04
2.78677e-04
-1.56565e-04
-4.80632e-04
-6.98180e-04
-8.75889e-04
-1.00949e-03
-1.04179e-03
-9.25047e-04
-6.40703e-04
-2.45983e-04
1.75659e-04
5.40599e-04
7.63097e-04
7.99528e-04
6.64793e-04
4.36702e-04
1.94493e-04
-1.32307e-05
-1.39726e-04
-1.67109e-04
-1.06926e-04
2.18616e-06
1.23662e-04
2.39970e-04
3.16744e-04
3.17966e-04
1.80983e-04
-1.34818e-04
-5.85938e-04
-1.09606e-03
-1.55349e-03
-1.84336e-03
-1.90368e-03
-1.74490e-03
-1.44574e-03
-1.11360e-03
-8.40805e-04
-6.51105e-04
-5.13035e-04
-3.71604e-04
-1.80146e-04
4.82416e-05
2.60245e-04
4.10224e-04
4.87757e-04
5.13200e-04
5.22778e-04
5.57481e-04
6.52260e-04
8.33707e-04
1.11583e-03
1.47962e-03
1.82173e-03
2.00793e-03
1.98975e-03
1.80855e-03
1.55990e-03
1.32447e-03
1.10788e-03
8.95205e-04
7.08575e-04
5.75522e-04
4.98842e-04
4.54279e-04
3.77526e-04
1.99365e-04
-1.08929e-04
-5.36844e-04
-1.03554e-03
-1.51754e-03
-1.88279e-03
-2.05781e-03
-2.02746e-03
-1.83381e-03
-1.53297e-03
-1.18609e-03
-8.67440e-04
-6.42212e-04
-5.43900e-04
-5.32350e-04
-4.96636e-04
-3.46700e-04
-6.32063e-05
3.53345e-04
8.91304e-04
1.47262e-03
1.99012e-03
2.37196e-03
2.57653e-03
2.59769e-03
2.47864e-03
2.29751e-03
2.14266e-03
2.06786e-03
2.06314e-03
2.11048e-03
2.21416e-03
2.32858e-03
2.35654e-03
2.21576e-03
1.87935e-03
1.40959e-03
9.01948e-04
4.22074e-04
2.68391e-05
-2.62677e-04
-4.80601e-04
-6.56211e-04
-7.94001e-04
-9.18399e-04
-1.07058e-03
-1.23519e-03
-1.35222e-03
-1.39543e-03
-1.34523e-03
-1.15209e-03
-7.91234e-04
-2.90321e-04
3.01095e-04
9.27989e-04
1.52760e-03
2.03169e-03
2.37318e-03
2.51063e-03
2.44089e-03
2.21055e-03
1.93603e-03
1.74255e-03
1.67572e-03
1.68612e-03
1.68316e-03
1.60306e-03
1.42811e-03
1.17644e-03
8.67628e-04
5.04274e-04
9.66102e-05
-3.42068e-04
-8.03802e-04
-1.26475e-03
-1.68942e-03
-2.05690e-03
-2.35936e-03
-2.58165e-03
-2.70596e-03
-2.73207e-03
-2.66432e-03
-2.49678e-03
-2.26058e-03
-2.02544e-03
-1.82873e-03
-1.67234e-03
-1.56908e-03
-1.54775e-03
-1.60332e-03
-1.68617e-03
-1.71959e-03
-1.60840e-03
-1.29946e-03
-7.96355e-04
-1.63277e-04
4.73345e-04
9.97108e-04
1.32999e-03
1.44256e-03
1.36062e-03
1.13642e-03
8.17279e-04
4.45207e-04
8.52214e-05
-2.09136e-04
-4.39100e-04
-6.31915e-04
-8.00833e-04
-9.40617e-04
-1.00600e-03
-9.27076e-04
-7.00661e-04
-3.76782e-04
-7.24157e-06
3.67423e-04
7.33149e-04
1.06997e-03
1.37506e-03
1.65993e-03
1.88718e-03
2.02340e-03
2.09531e-03
2.15234e-03
2.22820e-03
2.34319e-03
2.49242e-03
2.62068e-03
2.65179e-03
2.51290e-03
2.15454e-03
1.61102e-03
9.69299e-04
3.23546e-04
-2.08561e-04
-5.56579e-04
-7.01028e-04
-6.48422e-04
-4.95935e-04
-3.64201e-04
-3.33672e-04
-4.55733e-04
-7.10700e-04
-1.00939e-03
-1.23964e-03
-1.32632e-03
-1.26224e-03
-1.07265e-03
-8.07164e-04
-5.32315e-04
-2.80128e-04
-6.79023e-05
9.13819e-05
2.33833e-04
4.01496e-04
6.08198e-04
8.71473e-04
1.20512e-03
1.56570e-03
1.86861e-03
2.07204e-03
2.14191e-03
2.00450e-03
1.63297e-03
1.07851e-03
4.14891e-04
-2.76545e-04
-8.95639e-04
-1.32711e-03
-1.51086e-03
-1.49742e-03
-1.35970e-03
-1.14620e-03
-9.38461e-04
-8.09588e-04
-7.82667e-04
-8.72009e-04
-1.05499e-03
-1.25260e-03
-1.40058e-03
-1.50507e-03
-1.63293e-03
-1.85670e-03
-2.20727e-03
-2.64939e-03
-3.07374e-03
-3.32544e-03
-3.29538e-03
-2.98209e-03
-2.43440e-03
-1.73086e-03
-1.00077e-03
-3.58122e-04
1.72561e-04
6.27184e-04
1.01418e-03
1.31966e-03
1.54160e-03
1.68053e-03
1.76933e-03
1.86478e-03
1.97580e-03
2.05595e-03
2.08990e-03
2.10431e-03
2.09919e-03
2.07314e-03
2.03879e-03
1.99002e-03
1.90738e-03
1.79306e-03
1.70787e-03
1.71212e-03
1.80982e-03
1.96258e-03
2.08972e-03
2.11851e-03
2.02297e-03
1.81386e-03
1.53309e-03
1.23425e-03
9.76984e-04
7.98382e-04
6.83856e-04
5.86198e-04
4.46006e-04
2.08834e-04
-1.54101e-04
-6.15897e-04
-1.10460e-03
-1.56194e-03
-1.95401e-03
-2.25024e-03
-2.43353e-03
-2.50703e-03
-2.47888e-03
-2.33949e-03
-2.05818e-03
-1.63025e-03
-1.10065e-03
-5.20830e-04
7.92030e-05
6.74499e-04
1.22848e-03
1.70154e-03
2.08476e-03
2.39387e-03
2.61419e-03
2.69969e-03
2.61815e-03
2.39047e-03
2.08676e-03
1.79024e-03
1.57261e-03
1.44613e-03
1.36943e-03
1.31329e-03
1.26572e-03
1.20594e-03
1.10759e-03
9.45832e-04
6.97362e-04
3.63056e-04
-1.00460e-05
-3.36804e-04
-5.52218e-04
-6.57945e-04
-6.93298e-04
-7.20255e-04
-8.22577e-04
-1.05998e-03
-1.42879e-03
-1.85882e-03
-2.23669e-03
-2.46032e-03
-2.47503e-03
-2.27769e-03
-1.92557e-03
-1.51003e-03
-1.11348e-03
-7.85316e-04
-5.41285e-04
-3.81769e-04
-2.75998e-04
-1.66926e-04
-1.30750e-05
2.06812e-04
4.73123e-04
7.13791e-04
8.71369e-04
9.32794e-04
8.79157e-04
6.94734e-04
4.22000e-04
1.21459e-04
-1.87192e-04
-5.01687e-04
-8.12775e-04
-1.11296e-03
-1.38564e-03
-1.59791e-03
-1.72804e-03
-1.76419e-03
-1.69925e-03
-1.54727e-03
-1.34141e-03
-1.11509e-03
-8.76040e-04
-6.34601e-04
-4.11748e-04
-2.09600e-04
-4.17685e-05
5.96850e-05
5.91468e-05
-4.45102e-05
-1.81297e-04
-2.59668e-04
-2.12842e-04
-1.59004e-05
3.09083e-04
6.93719e-04
1.06273e-03
1.39295e-03
1.67494e-03
1.89057e-03
2.03157e-03
2.07895e-03
2.04190e-03
1.98397e-03
1.96687e-03
2.00120e-03
2.03825e-03
2.00642e-03
1.82757e-03
1.44508e-03
8.80542e-04
2.21213e-04
-4.22365e-04
-9.55016e-04
-1.30486e-03
-1.42356e-03
-1.33647e-03
-1.13723e-03
-9.42455e-04
-8.59700e-04
-9.39042e-04
-1.15218e-03
-1.38506e-03
-1.49498e-03
-1.42346e-03
-1.19393e-03
-8.88213e-04
-6.29372e-04
-5.02148e-04
-5.66403e-04
-8.61841e-04
-1.35011e-03
-1.95001e-03
-2.57230e-03
-3.11784e-03
-3.49205e-03
-3.65469e-03
-3.64472e-03
-3.52107e-03
-3.34290e-03
-3.15354e-03
-2.95265e-03
-2.74801e-03
-2.56956e-03
-2.43189e-03
-2.32079e-03
-2.18521e-03
-1.96126e-03
-1.62043e-03
-1.19630e-03
-7.71847e-04
-4.15544e-04
-1.53848e-04
1.22823e-05
1.20795e-04
2.29527e-04
3.95138e-04
6.60120e-04
1.00776e-03
1.37283e-03
1.70120e-03
1.96791e-03
2.15822e-03
2.26175e-03
2.26052e-03
2.14198e-03
1.94876e-03
1.77755e-03
1.71801e-03
1.77729e-03
1.90939e-03
2.07324e-03
2.20250e-03
2.23458e-03
2.15097e-03
1.96244e-03
1.69383e-03
1.36591e-03
1.01272e-03
6.65158e-04
3.30248e-04
2.96756e-05
-2.16550e-04
-4.17264e-04
-6.03959e-04
-8.12745e-04
-1.01389e-03
-1.12639e-03
-1.11139e-03
-9.57964e-04
-6.64912e-04
-2.70258e-04
1.58050e-04
5.38500e-04
7.97341e-04
8.99623e-04
8.72796e-04
7.88938e-04
7.04451e-04
6.34866e-04
5.69577e-04
4.56447e-04
2.03068e-04
-2.45773e-04
-8.77103e-04
-1.62386e-03
-2.38262e-03
-3.07757e-03
-3.66952e-03
-4.11523e-03
-4.36567e-03
-4.39667e-03
-4.22761e-03
-3.90798e-03
-3.50495e-03
-3.09492e-03
-2.78722e-03
-2.67748e-03
-2.75702e-03
-2.96874e-03
-3.23090e-03
-3.43244e-03
-3.51519e-03
-3.46549e-03
-3.29082e-03
-3.01407e-03
-2.64848e-03
-2.23819e-03
-1.82256e-03
-1.37215e-03
-8.34225e-04
-1.58140e-04
6.79072e-04
1.62367e-03
2.57174e-03
3.40358e-03
3.99997e-03
4.29303e-03
4.30334e-03
4.09817e-03
3.75757e-03
3.38863e-03
3.07058e-03
2.85498e-03
2.79307e-03
2.84433e-03
2.89660e-03
2.85342e-03
2.65914e-03
2.30630e-03
1.80967e-03
1.21073e-03
5.63915e-04
-7.03520e-05
-6.04473e-04
-9.72716e-04
-1.15593e-03
-1.16292e-03
-1.04245e-03
-8.63843e-04
-6.76646e-04
-5.04892e-04
-3.46243e-04
-1.76431e-04
3.68642e-05
2.77786e-04
4.37743e-04
4.13285e-04
2.02333e-04
-1.44054e-04
-5.63762e-04
-9.73351e-04
-1.32230e-03
-1.57639e-03
-1.66836e-03
-1.59680e-03
-1.43111e-03
-1.24080e-03
-1.08705e-03
-1.00016e-03
-9.91769e-04
-1.03473e-03
-1.06771e-03
-1.05322e-03
-9.67108e-04
-7.98057e-04
-5.57781e-04
-2.97571e-04
-1.00281e-04
-1.21163e-05
-3.59418e-05
-1.39807e-04
-2.73673e-04
-4.11884e-04
-5.00208e-04
-4.45200e-04
-1.88243e-04
2.83499e-04
9.10328e-04
1.55388e-03
2.06985e-03
2.34118e-03
2.31762e-03
2.04789e-03
1.63703e-03
1.22118e-03
9.33752e-04
8.55165e-04
1.00567e-03
1.34029e-03
1.75633e-03
2.11934e-03
2.30060e-03
2.22407e-03
1.90215e-03
1.43356e-03
9.26109e-04
4.59275e-04
1.23281e-04
-4.77399e-06
7.76550e-05
2.85074e-04
4.79028e-04
5.52252e-04
4.79795e-04
3.04785e-04
1.26847e-04
3.61193e-05
7.17646e-05
2.41286e-04
4.87077e-04
7.20957e-04
8.83271e-04
9.55903e-04
9.53954e-04
8.80444e-04
7.33365e-04
4.97245e-04
1.59559e-04
-2.58723e-04
-7.47812e-04
-1.27776e-03
-1.78482e-03
-2.24096e-03
-2.63983e-03
-2.93902e-03
-3.08295e-03
-3.03181e-03
-2.76457e-03
-2.30566e-03
-1.70764e-03
-1.04524e-03
-4.35206e-04
-8.57748e-06
1.20493e-04
-1.03677e-04
-6.34032e-04
-1.33194e-03
-2.02078e-03
-2.52119e-03
-2.66249e-03
-2.32602e-03
-1.52228e-03
-3.92583e-04
8.71212e-04
2.05082e-03
2.95048e-03
3.49378e-03
3.70289e-03
3.63180e-03
3.36597e-03
3.01318e-03
2.65711e-03
2.35469e-03
2.13468e-03
1.98414e-03
1.88084e-03
1.80870e-03
1.76521e-03
1.74911e-03
1.74111e-03
1.73613e-03
1.74377e-03
1.74503e-03
1.67618e-03
1.47781e-03
1.14313e-03
6.91848e-04
1.60017e-04
-3.85471e-04
-8.82003e-04
-1.27696e-03
-1.51175e-03
-1.57594e-03
-1.53419e-03
-1.47625e-03
-1.48388e-03
-1.62441e-03
-1.92459e-03
-2.33943e-03
-2.79419e-03
-3.22344e-03
-3.52489e-03
-3.57999e-03
-3.32033e-03
-2.75444e-03
-1.97041e-03
-1.08046e-03
-2.07842e-04
5.14426e-04
1.00267e-03
1.22501e-03
1.19028e-03
9.79382e-04
7.11187e-04
4.48625e-04
2.00446e-04
-2.18706e-05
-2.03757e-04
-3.23903e-04
-3.47912e-04
-2.52413e-04
-2.75104e-05
3.35307e-04
8.21616e-04
1.38748e-03
1.96730e-03
2.46329e-03
2.79739e-03
2.95493e-03
2.95845e-03
2.86743e-03
2.74047e-03
2.57578e-03
2.33717e-03
1.98345e-03
1.48207e-03
8.34043e-04
9.23526e-05
-6.35586e-04
-1.24653e-03
-1.67276e-03
-1.86268e-03
-1.79894e-03
-1.52477e-03
-1.12818e-03
-6.85492e-04
-2.64708e-04
7.56691e-05
3.38980e-04
5.49774e-04
7.16646e-04
8.26547e-04
8.27229e-04
6.80748e-04
4.06421e-04
6.93043e-05
-2.42790e-04
-4.68755e-04
-5.95784e-04
-6.52245e-04
-7.16309e-04
-8.50854e-04
-1.04424e-03
-1.25957e-03
-1.44616e-03
-1.54953e-03
-1.55335e-03
-1.47830e-03
-1.36600e-03
-1.22308e-03
-1.03063e-03
-7.89447e-04
-4.93245e-04
-1.65370e-04
1.42939e-04
3.92526e-04
5.38967e-04
5.55368e-04
4.23592e-04
1.30555e-04
-3.10602e-04
-8.74332e-04
-1.51810e-03
-2.16702e-03
-2.70772e-03
-3.03734e-03
-3.11111e-03
-2.94880e-03
-2.62626e-03
-2.24645e-03
-1.89799e-03
-1.62218e-03
-1.45417e-03
-1.39766e-03
-1.37726e-03
-1.30435e-03
-1.10193e-03
-7.36078e-04
-2.33213e-04
3.74547e-04
1.05128e-03
1.75330e-03
2.42525e-03
2.96277e-03
3.24705e-03
3.22126e-03
2.93141e-03
2.51676e-03
2.11645e-03
1.82385e-03
1.68272e-03
1.66277e-03
1.70311e-03
1.73823e-03
1.69643e-03
1.52766e-03
1.22569e-03
8.36534e-04
4.61724e-04
2.35573e-04
2.59162e-04
5.28079e-04
9.08443e-04
1.24445e-03
1.42921e-03
1.36943e-03
1.04271e-03
5.01150e-04
-1.78656e-04
-8.84093e-04
-1.51432e-03
-2.00749e-03
-2.32693e-03
-2.47456e-03
-2.47769e-03
-2.37362e-03
-2.22822e-03
-2.12482e-03
-2.10716e-03
-2.17858e-03
-2.33128e-03
-2.51868e-03
-2.68531e-03
-2.82614e-03
-2.91499e-03
-2.88882e-03
-2.74829e-03
-2.54655e-03
-2.31715e-03
-2.06494e-03
-1.79733e-03
-1.51757e-03
-1.17674e-03
-7.12099e-04
-1.11835e-04
5.74069e-04
1.23086e-03
1.74450e-03
2.04486e-03
2.09186e-03
1.90305e-03
1.53212e-03
1.05629e-03
5.75992e-04
1.48821e-04
-2.05277e-04
-4.82843e-04
-7.22424e-04
-9.81802e-04
-1.28558e-03
-1.58383e-03
-1.77381e-03
-1.77094e-03
-1.53369e-03
-1.06668e-03
-4.25092e-04
3.17492e-04
1.09023e-03
1.82773e-03
2.48283e-03
3.02883e-03
3.46606e-03
3.79518e-03
4.01672e-03
4.17381e-03
4.30331e-03
4.41155e-03
4.48910e-03
4.50099e-03
4.41429e-03
4.18927e-03
3.80552e-03
3.30901e-03
2.78303e-03
2.33130e-03
2.04929e-03
1.96998e-03
2.05583e-03
2.22909e-03
2.37907e-03
2.38356e-03
2.16505e-03
1.71653e-03
1.08197e-03
3.13477e-04
-5.11352e-04
-1.28893e-03
-1.94547e-03
-2.45347e-03
-2.83554e-03
-3.12082e-03
-3.33192e-03
-3.50247e-03
-3.63965e-03
-3.71311e-03
-3.66419e-03
-3.47364e-03
-3.20918e-03
-2.97063e-03
-2.85398e-03
-2.91063e-03
-3.11827e-03
-3.40234e-03
-3.65458e-03
-3.74451e-03
-3.55615e-03
-3.04193e-03
-2.22332e-03
-1.17413e-03
-4.51784e-06
1.14535e-03
2.11345e-03
2.77650e-03
3.06934e-03
2.99342e-03
2.61195e-03
2.01398e-03
1.32586e-03
6.53649e-04
4.00716e-05
-4.85457e-04
-9.03530e-04
-1.20888e-03
-1.42755e-03
-1.61711e-03
-1.79707e-03
-1.96112e-03
-2.10551e-03
-2.16002e-03
-2.01718e-03
-1.65090e-03
-1.12285e-03
-5.17174e-04
8.73296e-05
6.07136e-04
9.80417e-04
1.23154e-03
1.45299e-03
1.72642e-03
2.10512e-03
2.60202e-03
3.15354e-03
3.66085e-03
4.03904e-03
4.20707e-03
4.12035e-03
3.80475e-03
3.31831e-03
2.72309e-03
2.09797e-03
1.51703e-03
9.94450e-04
4.90001e-04
-3.93465e-05
-6.00274e-04
-1.15477e-03
-1.64974e-03
-2.03075e-03
-2.24591e-03
-2.23818e-03
-1.97240e-03
-1.50529e-03
-9.41077e-04
-3.86698e-04
5.84364e-05
3.50643e-04
4.63839e-04
3.79661e-04
1.37144e-04
-1.70101e-04
-4.18373e-04
-5.00902e-04
-3.65561e-04
-4.12802e-05
3.83038e-04
8.29276e-04
1.22318e-03
1.47875e-03
1.54492e-03
1.42121e-03
1.11687e-03
6.52673e-04
1.03049e-04
-4.43740e-04
-9.27119e-04
-1.31586e-03
-1.63048e-03
-1.92425e-03
-2.20000e-03
-2.38196e-03
-2.40614e-03
-2.25543e-03
-1.90552e-03
-1.34710e-03
-6.54583e-04
4.68430e-05
6.54609e-04
1.09177e-03
1.31361e-03
1.31567e-03
1.11162e-03
7.24068e-04
2.21006e-04
-2.67061e-04
-6.22679e-04
-7.94029e-04
-8.02900e-04
-7.23545e-04
-6.28171e-04
-5.80319e-04
-6.15132e-04
-7.12405e-04
-8.02799e-04
-8.01310e-04
-6.72386e-04
-4.16922e-04
-8.09725e-05
2.22211e-04
4.03215e-04
4.20470e-04
2.60480e-04
-3.52593e-05
-3.58690e-04
-5.76616e-04
-6.02531e-04
-4.08918e-04
-3.71261e-05
4.03746e-04
7.96049e-04
1.05047e-03
1.13281e-03
1.07530e-03
9.27936e-04
7.57702e-04
6.90759e-04
8.47933e-04
1.27826e-03
1.95144e-03
2.74789e-03
3.50737e-03
4.08538e-03
4.38726e-03
4.39944e-03
4.18575e-03
3.83895e-03
3.43455e-03
3.04483e-03
2.72158e-03
2.47689e-03
2.28889e-03
2.09126e-03
1.84406e-03
1.55147e-03
1.20353e-03
7.85575e-04
2.93974e-04
-2.40036e-04
-7.46852e-04
-1.17398e-03
-1.51113e-03
-1.74333e-03
-1.85243e-03
-1.87745e-03
-1.85973e-03
-1.76913e-03
-1.54593e-03
-1.16252e-03
-6.63302e-04
-1.44267e-04
3.01221e-04
5.72041e-04
5.71238e-04
2.69796e-04
-2.83255e-04
-9.76535e-04
-1.67027e-03
-2.23529e-03
-2.56722e-03
-2.61183e-03
-2.35800e-03
-1.85463e-03
-1.23975e-03
-6.52634e-04
-1.76560e-04
1.38874e-04
2.71232e-04
2.08737e-04
-2.59788e-05
-3.49175e-04
-6.34394e-04
-7.72368e-04
-7.80177e-04
-7.76102e-04
-8.46612e-04
-1.00939e-03
-1.23329e-03
-1.45663e-03
-1.62001e-03
-1.69488e-03
-1.66512e-03
-1.49685e-03
-1.16118e-03
-6.78194e-04
-1.07128e-04
4.89232e-04
1.03285e-03
1.44137e-03
1.67163e-03
1.71630e-03
1.61283e-03
1.45845e-03
1.35273e-03
1.34588e-03
1.41949e-03
1.50507e-03
1.56949e-03
1.62024e-03
1.64798e-03
1.65142e-03
1.67080e-03
1.74591e-03
1.89655e-03
2.14884e-03
2.49406e-03
2.86519e-03
3.17955e-03
3.35233e-03
3.33781e-03
3.16506e-03
2.90558e-03
2.66995e-03
2.57617e-03
2.69182e-03
3.02392e-03
3.48711e-03
3.95521e-03
4.34029e-03
4.56957e-03
4.59491e-03
4.39329e-03
3.95538e-03
3.32416e-03
2.58246e-03
1.81751e-03
1.10907e-03
5.10117e-04
2.81273e-05
-3.65935e-04
-6.88485e-04
-9.33760e-04
-1.09110e-03
-1.16121e-03
-1.17530e-03
-1.15627e-03
-1.09268e-03
-9.64611e-04
-7.99793e-04
-6.79017e-04
-6.67591e-04
-8.12629e-04
-1.13405e-03
-1.59866e-03
-2.14485e-03
-2.68595e-03
-3.10440e-03
-3.28902e-03
-3.21675e-03
-2.95086e-03
-2.56073e-03
-2.10170e-03
-1.60219e-03
-1.09468e-03
-6.61654e-04
-3.60329e-04
-1.72953e-04
-4.00516e-05
1.07272e-04
3.18688e-04
6.15834e-04
1.00423e-03
1.47281e-03
1.98025e-03
2.47797e-03
2.90282e-03
3.16913e-03
3.24010e-03
3.14174e-03
2.92619e-03
2.65805e-03
2.39331e-03
2.14159e-03
1.87034e-03
1.58020e-03
1.30778e-03
1.06570e-03
8.54992e-04
6.86914e-04
5.77672e-04
5.48566e-04
5.70998e-04
5.73085e-04
5.29002e-04
3.94665e-04
1.08895e-04
-2.79352e-04
-6.65216e-04
-9.54293e-04
-1.08176e-03
-1.06675e-03
-9.99956e-04
-9.75396e-04
-1.04420e-03
-1.23268e-03
-1.53856e-03
-1.91246e-03
-2.29171e-03
-2.62675e-03
-2.86912e-03
-2.95415e-03
-2.82937e-03
-2.49976e-03
-2.02729e-03
-1.50516e-03
-1.05982e-03
-8.12286e-04
-8.16994e-04
-1.07110e-03
-1.49715e-03
-1.95642e-03
-2.34386e-03
-2.60747e-03
-2.74463e-03
-2.81369e-03
-2.90721e-03
-3.13333e-03
-3.57432e-03
-4.24142e-03
-5.05578e-03
-5.84941e-03
-6.44677e-03
-6.74175e-03
-6.71504e-03
-6.41868e-03
-5.94066e-03
-5.38829e-03
-4.85277e-03
-4.40278e-03
-4.09135e-03
-3.90330e-03
-3.77077e-03
-3.61605e-03
-3.33159e-03
-2.82354e-03
-2.09069e-03
-1.21582e-03
-3.15667e-04
5.20524e-04
1.26453e-03
1.89897e-03
2.40530e-03
2.79327e-03
3.09073e-03
3.29673e-03
3.36455e-03
3.27764e-03
3.03707e-03
2.61229e-03
2.01556e-03
1.31357e-03
5.73478e-04
-1.34753e-04
-7.40641e-04
-1.20264e-03
-1.50752e-03
-1.69359e-03
-1.85153e-03
-2.03253e-03
-2.25426e-03
-2.52629e-03
-2.80577e-03
-3.05874e-03
-3.29309e-03
-3.48251e-03
-3.56323e-03
-3.50628e-03
-3.34481e-03
-3.14578e-03
-2.97857e-03
-2.89305e-03
-2.92262e-03
-3.09688e-03
-3.40833e-03
-3.80025e-03
-4.22997e-03
-4.66195e-03
-5.02424e-03
-5.24967e-03
-5.31129e-03
-5.24896e-03
-5.14024e-03
-5.01645e-03
-4.86966e-03
-4.67323e-03
-4.38593e-03
-3.97955e-03
-3.43965e-03
-2.77773e-03
-2.05849e-03
-1.39581e-03
-8.76665e-04
-4.92777e-04
-1.78725e-04
1.57954e-04
6.11507e-04
1.22540e-03
1.98594e-03
2.79835e-03
3.52708e-03
4.11175e-03
4.55460e-03
4.86117e-03
5.04965e-03
5.13876e-03
5.13660e-03
5.07146e-03
5.00095e-03
5.01111e-03
5.17092e-03
5.44300e-03
5.72494e-03
5.90528e-03
5.87583e-03
5.62068e-03
5.21339e-03
4.74405e-03
4.26920e-03
3.82654e-03
3.48629e-03
3.26470e-03
3.08429e-03
2.83669e-03
2.43922e-03
1.87508e-03
1.17935e-03
4.35079e-04
-2.67495e-04
-8.53911e-04
-1.27900e-03
-1.57466e-03
-1.81633e-03
-2.07905e-03
-2.41563e-03
-2.85580e-03
-3.40546e-03
-4.04891e-03
-4.77217e-03
-5.52982e-03
-6.23704e-03
-6.75719e-03
-6.95166e-03
-6.80905e-03
-6.40382e-03
-5.82991e-03
-5.18116e-03
-4.52057e-03
-3.90330e-03
-3.36080e-03
-2.89476e-03
-2.47938e-03
-2.06024e-03
-1.60140e-03
-1.09412e-03
-5.48864e-04
1.84524e-05
5.95947e-04
1.16498e-03
1.72285e-03
2.30891e-03
2.98663e-03
3.80514e-03
4.76653e-03
5.81614e-03
6.86293e-03
7.79791e-03
8.51917e-03
8.94217e-03
8.99785e-03
8.67855e-03
8.02594e-03
7.09996e-03
6.01943e-03
4.92685e-03
3.88750e-03
2.89081e-03
1.93533e-03
1.02141e-03
1.14555e-04
-7.72933e-04
-1.55845e-03
-2.18064e-03
-2.63524e-03
-2.94648e-03
-3.14821e-03
-3.29491e-03
-3.44914e-03
-3.63104e-03
-3.80248e-03
-3.89693e-03
-3.84863e-03
-3.60137e-03
-3.11627e-03
-2.38801e-03
-1.46155e-03
-4.58925e-04
4.78357e-04
1.27180e-03
1.84669e-03
2.10313e-03
2.00176e-03
1.59937e-03
9.77936e-04
2.06651e-04
-6.31915e-04
-1.45459e-03
-2.18052e-03
-2.73837e-03
-3.08044e-03
-3.20797e-03
-3.16901e-03
-2.99432e-03
-2.71824e-03
-2.38236e-03
-2.02140e-03
-1.69453e-03
-1.43788e-03
-1.27084e-03
-1.24084e-03
-1.39341e-03
-1.75831e-03
-2.33096e-03
-3.03920e-03
-3.74993e-03
-4.31836e-03
-4.62234e-03
-4.56858e-03
-4.15654e-03
-3.50808e-03
-2.77598e-03
-2.06659e-03
-1.45739e-03
-1.02604e-03
-8.11723e-04
-8.07384e-04
-9.91927e-04
-1.30989e-03
-1.66670e-03
-1.98614e-03
-2.24568e-03
-2.45123e-03
-2.63770e-03
-2.88665e-03
-3.27460e-03
-3.79759e-03
-4.39232e-03
-5.01382e-03
-5.60790e-03
-6.08177e-03
-6.35271e-03
-6.37528e-03
-6.15597e-03
-5.71652e-03
-5.05099e-03
-4.15301e-03
-3.03740e-03
-1.73318e-03
-2.76430e-04
1.27204e-03
2.82356e-03
4.25447e-03
5.42307e-03
6.23854e-03
6.68919e-03
6.85965e-03
6.87318e-03
6.82106e-03
6.81016e-03
6.93451e-03
7.23348e-03
7.68063e-03
8.14339e-03
8.48535e-03
8.63596e-03
8.54734e-03
8.24889e-03
7.86082e-03
7.52159e-03
7.33863e-03
7.35627e-03
7.55790e-03
7.87378e-03
8.21856e-03
8.55554e-03
8.88828e-03
9.20571e-03
9.49100e-03
9.77356e-03
1.01111e-02
1.05333e-02
1.10221e-02
1.15277e-02
1.19534e-02
1.21264e-02
1.19207e-02
1.13315e-02
1.03850e-02
9.13559e-03
7.68561e-03
6.15590e-03
4.67908e-03
3.37539e-03
2.30246e-03
1.46954e-03
8.81576e-04
4.94178e-04
2.38272e-04
9.38625e-05
5.71514e-05
1.10950e-04
2.46231e-04
4.64549e-04
7.30829e-04
9.77787e-04
1.16292e-03
1.28163e-03
1.37707e-03
1.50299e-03
1.66990e-03
1.87239e-03
2.09235e-03
2.27871e-03
2.38627e-03
2.40123e-03
2.33075e-03
2.18389e-03
1.96658e-03
1.67939e-03
1.33104e-03
9.76504e-04
6.46941e-04
3.06758e-04
-7.29957e-05
-4.90718e-04
-8.97654e-04
-1.25610e-03
-1.59882e-03
-1.97446e-03
-2.43700e-03
-3.00346e-03
-3.62778e-03
-4.26726e-03
-4.84292e-03
-5.21278e-03
-5.27256e-03
-5.00851e-03
-4.47897e-03
-3.80620e-03
-3.13782e-03
-2.58531e-03
-2.20127e-03
-1.95970e-03
-1.78136e-03
-1.58459e-03
-1.29696e-03
-8.88348e-04
-3.76780e-04
1.85500e-04
7.37487e-04
1.23890e-03
1.63368e-03
1.87100e-03
1.93923e-03
1.86392e-03
1.74251e-03
1.69307e-03
1.77783e-03
1.98657e-03
2.23673e-03
2.46089e-03
2.65212e-03
2.76944e-03
2.75278e-03
2.60081e-03
2.31486e-03
1.88745e-03
1.35365e-03
7.42784e-04
2.61491e-05
-8.46904e-04
-1.89247e-03
-3.10268e-03
-4.48214e-03
-6.01018e-03
-7.62252e-03
-9.26539e-03
-1.08761e-02
-1.23608e-02
-1.36494e-02
-1.47039e-02
-1.54735e-02
-1.58849e-02
-1.59220e-02
-1.56629e-02
-1.51759e-02
-1.44796e-02
-1.35989e-02
-1.25893e-02
-1.15350e-02
-1.05168e-02
-9.60389e-03
-8.86056e-03
-8.31530e-03
-7.96147e-03
-7.76886e-03
-7.64411e-03
-7.46884e-03
-7.17164e-03
-6.68255e-03
-5.92445e-03
-4.83971e-03
-3.41283e-03
-1.73975e-03
3.98955e-05
1.78924e-03
3.34104e-03
4.58183e-03
5.46441e-03
5.97257e-03
6.15888e-03
6.12717e-03
5.96165e-03
5.68382e-03
5.29946e-03
4.82706e-03
4.25854e-03
3.57603e-03
2.80675e-03
2.03805e-03
1.35320e-03
7.87754e-04
3.64286e-04
8.86336e-05
-5.79187e-05
-1.18122e-04
-1.74293e-04
-3.15920e-04
-5.82712e-04
-9.25392e-04
-1.22642e-03
-1.35448e-03
-1.19912e-03
-7.24960e-04
-5.86081e-06
8.22555e-04
1.64376e-03
2.37994e-03
2.98029e-03
3.44215e-03
3.79451e-03
4.07090e-03
4.33039e-03
4.63812e-03
5.02966e-03
5.52099e-03
6.11653e-03
6.78560e-03
7.44405e-03
7.99565e-03
8.36127e-03
8.46698e-03
8.27459e-03
7.80896e-03
7.12280e-03
6.25377e-03
5.24121e-03
4.13393e-03
2.99636e-03
1.91850e-03
9.65213e-04
1.90002e-04
-3.67614e-04
-7.09255e-04
-7.96704e-04
-5.70142e-04
-6.01319e-05
6.31766e-04
1.42369e-03
2.25782e-03
3.09892e-03
3.95883e-03
4.85233e-03
5.76392e-03
6.67394e-03
7.59955e-03
8.56724e-03
9.53326e-03
1.03903e-02
1.10340e-02
1.13738e-02
1.13395e-02
1.09486e-02
1.02940e-02
9.46893e-03
8.56049e-03
7.65479e-03
6.81146e-03
6.05024e-03
5.37778e-03
4.75766e-03
4.09409e-03
3.32654e-03
2.47109e-03
1.58638e-03
7.60339e-04
1.35377e-04
-1.29272e-04
1.23781e-05
4.60999e-04
1.02642e-03
1.49275e-03
1.68892e-03
1.52878e-03
1.02569e-03
2.21763e-04
-8.22438e-04
-1.95316e-03
-3.00100e-03
-3.85732e-03
-4.49723e-03
-4.98526e-03
-5.39550e-03
-5.77860e-03
-6.14548e-03
-6.46141e-03
-6.68463e-03
-6.75641e-03
-6.59701e-03
-6.14513e-03
-5.38543e-03
-4.32213e-03
-2.95745e-03
-1.33427e-03
4.59600e-04
2.35460e-03
4.30036e-03
6.24778e-03
8.16955e-03
1.00179e-02
1.17072e-02
1.31433e-02
1.42068e-02
1.47617e-02
1.46895e-02
1.38948e-02
1.23368e-02
1.00653e-02
7.18542e-03
3.84396e-03
2.51331e-04
-3.39411e-03
-6.95750e-03
-1.03081e-02
-1.32998e-02
-1.57976e-02
-1.76677e-02
-1.87646e-02
-1.89929e-02
-1.83414e-02
-1.68448e-02
-1.45814e-02
-1.17112e-02
-8.49240e-03
-5.21920e-03
-2.16705e-03
4.16211e-04
2.36569e-03
3.60696e-03
4.11534e-03
3.92152e-03
3.11089e-03
1.80459e-03
1.23850e-04
-1.83361e-03
-3.95388e-03
-6.10564e-03
-8.18565e-03
-1.00818e-02
-1.16705e-02
-1.28542e-02
-1.35297e-02
-1.36159e-02
-1.30860e-02
-1.19873e-02
-1.04888e-02
-8.83439e-03
-7.24964e-03
-5.88136e-03
-4.79741e-03
-4.02171e-03
-3.53573e-03
-3.27281e-03
-3.16350e-03
-3.20524e-03
-3.44837e-03
-3.94718e-03
-4.74803e-03
-5.86081e-03
-7.22734e-03
-8.73259e-03
-1.02346e-02
-1.15816e-02
-1.26327e-02
-1.32397e-02
-1.32285e-02
-1.24546e-02
-1.08254e-02
-8.27955e-03
-4.83382e-03
-6.29620e-04
4.08752e-03
9.04845e-03
1.40352e-02
1.88204e-02
2.31687e-02
2.69119e-02
2.98831e-02
3.19618e-02
3.31341e-02
3.34182e-02
3.28703e-02
3.16020e-02
2.97327e-02
2.73386e-02
2.44864e-02
2.12763e-02
1.77885e-02
1.40847e-02
1.02253e-02
6.23602e-03
2.13109e-03
-2.06573e-03
-6.28635e-03
-1.04209e-02
-1.43455e-02
-1.78823e-02
-2.08357e-02
-2.30445e-02
-2.43880e-02
-2.48354e-02
-2.44731e-02
-2.34793e-02
-2.20256e-02
-2.02315e-02
-1.82298e-02
-1.61760e-02
-1.42025e-02
-1.24211e-02
-1.09039e-02
-9.62283e-03
-8.48391e-03
-7.40417e-03
-6.32908e-03
-5.20119e-03
-3.97832e-03
-2.68164e-03
-1.34201e-03
4.15019e-05
1.46012e-03
2.84609e-03
4.07119e-03
5.00441e-03
5.54169e-03
5.58845e-03
5.04437e-03
3.84130e-03
1.99757e-03
-3.75081e-04
-3.10362e-03
-6.01441e-03
-8.96019e-03
-1.18162e-02
-1.44727e-02
-1.68420e-02
-1.89138e-02
-2.07237e-02
-2.22697e-02
-2.35381e-02
-2.44936e-02
-2.50619e-02
-2.51726e-02
-2.47510e-02
-2.37537e-02
-2.22094e-02
-2.01602e-02
-1.76113e-02
-1.45452e-02
-1.09531e-02
-6.84537e-03
-2.25661e-03
2.71032e-03
7.84475e-03
1.28676e-02
1.75345e-02
2.16614e-02
2.50980e-02
2.77584e-02
2.96275e-02
3.07310e-02
3.11391e-02
3.09546e-02
3.03062e-02
2.93017e-02
2.79716e-02
2.63383e-02
2.44527e-02
2.23440e-02
2.00402e-02
1.75865e-02
1.49742e-02
1.21525e-02
9.09961e-03
5.82670e-03
2.37954e-03
-1.16056e-03
-4.68912e-03
-8.11093e-03
-1.13514e-02
-1.42896e-02
-1.67588e-02
-1.85884e-02
-1.96411e-02
-1.98586e-02
-1.92807e-02
-1.80749e-02
-1.64982e-02
-1.48124e-02
-1.32321e-02
-1.18836e-02
-1.07671e-02
-9.73491e-03
-8.58392e-03
-7.17176e-03
-5.44051e-03
-3.42797e-03
-1.22728e-03
1.06376e-03
3.29973e-03
5.29259e-03
6.88114e-03
7.94267e-03
8.39404e-03
8.17537e-03
7.26240e-03
5.72609e-03
3.71477e-03
1.40416e-03
-1.01691e-03
-3.34411e-03
-5.36467e-03
-6.89786e-03
-7.81587e-03
-8.03953e-03
-7.56087e-03
-6.43089e-03
-4.72846e-03
-2.58776e-03
-1.90172e-04
2.28452e-03
4.68449e-03
6.88723e-03
8.79722e-03
1.03704e-02
1.16078e-02
1.25321e-02
1.31765e-02
1.35533e-02
1.36672e-02
1.35432e-02
1.32328e-02
1.28109e-02
1.23354e-02
1.18678e-02
1.15077e-02
1.13466e-02
1.14207e-02
1.16977e-02
1.20803e-02
1.24103e-02
1.25348e-02
1.23850e-02
1.19507e-02
1.12637e-02
1.03785e-02
9.35890e-03
8.32244e-03
7.40362e-03
6.69819e-03
6.26394e-03
6.11586e-03
6.24387e-03
6.59114e-03
7.02509e-03
7.39944e-03
7.58800e-03
7.48701e-03
7.06873e-03
6.37825e-03
5.45200e-03
4.27797e-03
2.85275e-03
1.22320e-03
-5.67373e-04
-2.49248e-03
-4.46914e-03
-6.35619e-03
-8.04393e-03
-9.49303e-03
-1.06870e-02
-1.16267e-02
-1.23555e-02
-1.29425e-02
-1.34767e-02
-1.40497e-02
-1.47090e-02
-1.54419e-02
-1.61679e-02
-1.67509e-02
-1.70446e-02
-1.69513e-02
-1.64580e-02
-1.56225e-02
-1.45196e-02
-1.32183e-02
-1.18331e-02
-1.05036e-02
-9.29927e-03
-8.22816e-03
-7.30294e-03
-6.54345e-03
-5.93327e-03
-5.45274e-03
-5.13659e-03
-5.01486e-03
-5.07524e-03
-5.28418e-03
-5.59721e-03
-5.96377e-03
-6.31896e-03
-6.62678e-03
-6.87209e-03
-7.02245e-03
-7.09488e-03
-7.17615e-03
-7.37073e-03
-7.75537e-03
-8.36415e-03
-9.18282e-03
-1.01319e-02
-1.11154e-02
-1.20666e-02
-1.29326e-02
-1.36568e-02
-1.41695e-02
-1.43923e-02
-1.42720e-02
-1.37896e-02
-1.29160e-02
-1.16203e-02
-9.90829e-03
-7.80422e-03
-5.34133e-03
-2.60555e-03
2.40289e-04
2.98845e-03
5.42454e-03
7.36170e-03
8.68767e-03
9.34826e-03
9.33935e-03
8.75644e-03
7.75648e-03
6.51713e-03
5.23523e-03
4.05479e-03
3.06974e-03
2.36402e-03
1.99645e-03
2.02031e-03
2.45421e-03
3.22644e-03
4.21604e-03
5.30888e-03
6.41167e-03
7.45219e-03
8.34795e-03
8.96453e-03
9.14516e-03
8.78576e-03
7.87924e-03
6.50625e-03
4.78909e-03
2.89298e-03
1.03927e-03
-5.94632e-04
-1.94801e-03
-3.00672e-03
-3.74797e-03
-4.17296e-03
-4.33134e-03
-4.27400e-03
-4.01854e-03
-3.56047e-03
-2.89789e-03
-2.06234e-03
-1.10085e-03
-2.77010e-05
1.19909e-03
2.62662e-03
4.22971e-03
5.90151e-03
7.49790e-03
8.90192e-03
1.00478e-02
1.08940e-02
1.14217e-02
1.16511e-02
1.16234e-02
1.14056e-02
1.11141e-02
1.08629e-02
1.06995e-02
1.05971e-02
1.05013e-02
1.03594e-02
1.00944e-02
9.63323e-03
8.96651e-03
8.11769e-03
7.08716e-03
5.84549e-03
4.32961e-03
2.50449e-03
4.14360e-04
-1.81220e-03
-3.90565e-03
-5.57079e-03
-6.63769e-03
-7.01356e-03
-6.69884e-03
-5.82321e-03
-4.59513e-03
-3.24801e-03
-1.98012e-03
-9.54014e-04
-2.86926e-04
1.68567e-05
3.76512e-05
-1.19794e-04
-3.07486e-04
-3.73559e-04
-2.47335e-04
8.37363e-05
5.87654e-04
1.18023e-03
1.81174e-03
2.47063e-03
3.11105e-03
3.65621e-03
4.04505e-03
4.24744e-03
4.22109e-03
3.92613e-03
3.37250e-03
2.60141e-03
1.68070e-03
7.21416e-04
-1.28381e-04
-7.14417e-04
-9.31944e-04
-7.35184e-04
-1.39023e-04
7.35232e-04
1.68990e-03
2.54122e-03
3.20332e-03
3.67542e-03
3.98021e-03
4.18391e-03
4.34616e-03
4.50779e-03
4.71005e-03
4.92102e-03
5.07265e-03
5.08691e-03
4.87744e-03
4.40451e-03
3.65753e-03
2.63641e-03
1.34772e-03
-1.71898e-04
-1.83693e-03
-3.55347e-03
-5.26066e-03
-6.93452e-03
-8.54555e-03
-1.00611e-02
-1.14644e-02
-1.27166e-02
-1.37376e-02
-1.44346e-02
-1.47528e-02
-1.46754e-02
-1.42013e-02
-1.33554e-02
-1.22006e-02
-1.08421e-02
-9.39685e-03
-7.95594e-03
-6.56525e-03
-5.22631e-03
-3.91274e-03
-2.56119e-03
-1.09905e-03
4.93032e-04
2.20693e-03
4.03331e-03
5.95064e-03
7.93755e-03
9.94224e-03
1.18852e-02
1.37071e-02
1.53449e-02
1.67485e-02
1.79130e-02
1.88385e-02
1.94934e-02
1.98215e-02
1.97757e-02
1.93207e-02
1.84307e-02
1.71136e-02
1.54442e-02
1.35543e-02
1.15676e-02
9.56679e-03
7.59507e-03
5.66169e-03
3.76870e-03
1.91931e-03
8.26400e-05
-1.77390e-03
-3.61517e-03
-5.39667e-03
-7.07232e-03
-8.55294e-03
-9.77080e-03
-1.07051e-02
-1.13665e-02
-1.17834e-02
-1.19842e-02
-1.20181e-02
-1.19315e-02
-1.17422e-02
-1.14610e-02
-1.11273e-02
-1.08151e-02
-1.05633e-02
-1.03644e-02
-1.01840e-02
-9.94867e-03
-9.59679e-03
-9.10246e-03
-8.43460e-03
-7.52518e-03
-6.28061e-03
-4.62505e-03
-2.52531e-03
-1.51951e-05
2.80580e-03
5.78683e-03
8.74280e-03
1.14938e-02
1.38968e-02
1.58686e-02
1.74025e-02
1.85741e-02
1.95203e-02
2.03543e-02
2.10851e-02
2.16500e-02
2.19614e-02
2.18822e-02
2.12577e-02
1.99819e-02
1.80374e-02
1.55237e-02
1.26200e-02
9.53678e-03
6.49898e-03
3.69415e-03
1.20783e-03
-9.49445e-04
-2.77653e-03
-4.28598e-03
-5.48570e-03
-6.36029e-03
-6.89226e-03
-7.05323e-03
-6.83085e-03
-6.22563e-03
-5.21185e-03
-3.78693e-03
-2.01563e-03
9.95637e-06
2.19663e-03
4.44271e-03
6.68897e-03
8.94399e-03
1.12063e-02
1.34231e-02
1.55377e-02
1.74804e-02
1.91418e-02
2.04227e-02
2.12325e-02
2.15133e-02
2.13058e-02
2.06836e-02
1.97014e-02
1.84217e-02
1.69238e-02
1.52952e-02
1.35794e-02
1.17693e-02
9.85123e-03
7.80653e-03
5.63474e-03
3.35617e-03
1.01114e-03
-1.31637e-03
-3.54377e-03
-5.56275e-03
-7.24235e-03
-8.51065e-03
-9.37175e-03
-9.92081e-03
-1.02642e-02
-1.04446e-02
-1.04799e-02
-1.03856e-02
-1.02119e-02
-1.00078e-02
-9.77266e-03
-9.48891e-03
-9.15276e-03
-8.80358e-03
-8.49490e-03
-8.26626e-03
-8.13808e-03
-8.08109e-03
-8.03776e-03
-7.91559e-03
-7.59868e-03
-7.03194e-03
-6.22603e-03
-5.24344e-03
-4.21188e-03
-3.27324e-03
-2.53544e-03
-2.06677e-03
-1.87407e-03
-1.92476e-03
-2.20611e-03
-2.70956e-03
-3.39996e-03
-4.23234e-03
-5.17284e-03
-6.20307e-03
-7.29905e-03
-8.43096e-03
-9.59164e-03
-1.07797e-02
-1.19604e-02
-1.30604e-02
-1.39767e-02
-1.45853e-02
-1.48064e-02
-1.46755e-02
-1.42816e-02
-1.36982e-02
-1.30195e-02
-1.23231e-02
-1.15974e-02
-1.07819e-02
-9.81598e-03
-8.66312e-03
-7.31064e-03
-5.76870e-03
-4.12249e-03
-2.49730e-03
-9.88325e-04
2.89920e-04
1.21362e-03
1.72787e-03
1.84198e-03
1.61174e-03
1.14561e-03
5.85221e-04
6.14360e-05
-3.22866e-04
-4.82683e-04
-3.67243e-04
4.92408e-05
7.95455e-04
1.86750e-03
3.17850e-03
4.56686e-03
5.84085e-03
6.84249e-03
7.46492e-03
7.60796e-03
7.22126e-03
6.35806e-03
5.11104e-03
3.59322e-03
1.99573e-03
5.56710e-04
-5.48960e-04
-1.24220e-03
-1.48651e-03
-1.31172e-03
-8.71529e-04
-3.48145e-04
1.36523e-04
4.97546e-04
7.07225e-04
8.07356e-04
8.65668e-04
9.36457e-04
1.06536e-03
1.30180e-03
1.63418e-03
1.97140e-03
2.23776e-03
2.40448e-03
2.43884e-03
2.30167e-03
1.98968e-03
1.54848e-03
1.03587e-03
5.03161e-04
3.91290e-06
-4.39158e-04
-8.47543e-04
-1.26016e-03
-1.71344e-03
-2.22203e-03
-2.78630e-03
-3.43221e-03
-4.21094e-03
-5.13383e-03
-6.14843e-03
-7.18174e-03
-8.16476e-03
-9.03944e-03
-9.76931e-03
-1.03442e-02
-1.07526e-02
-1.09578e-02
-1.09243e-02
-1.06341e-02
-1.00829e-02
-9.28681e-03
-8.29825e-03
-7.20941e-03
-6.15455e-03
-5.29286e-03
-4.75042e-03
-4.60414e-03
-4.89155e-03
-5.56734e-03
-6.49128e-03
-7.48188e-03
-8.34898e-03
-8.92729e-03
-9.11734e-03
-8.88797e-03
-8.28931e-03
-7.42084e-03
-6.35872e-03
-5.14390e-03
-3.82114e-03
-2.48229e-03
-1.22728e-03
-1.19776e-04
7.67614e-04
1.33838e-03
1.52953e-03
1.37296e-03
9.66259e-04
4.11285e-04
-2.03688e-04
-8.17496e-04
-1.35657e-03
-1.73680e-03
-1.91714e-03
-1.90568e-03
-1.78938e-03
-1.67780e-03
-1.64686e-03
-1.76590e-03
-2.02084e-03
-2.30556e-03
-2.49058e-03
-2.40098e-03
-1.86139e-03
-7.80601e-04
8.23163e-04
2.81099e-03
4.98145e-03
7.11709e-03
8.96676e-03
1.03458e-02
1.12033e-02
1.15445e-02
1.14086e-02
1.08652e-02
1.00015e-02
8.93527e-03
7.78293e-03
6.61703e-03
5.45235e-03
4.27582e-03
3.08091e-03
1.84686e-03
5.33146e-04
-8.74422e-04
-2.33331e-03
-3.77339e-03
-5.13155e-03
-6.33352e-03
-7.30950e-03
-8.04744e-03
-8.54333e-03
-8.74318e-03
-8.57466e-03
-7.96837e-03
-6.88253e-03
-5.32258e-03
-3.33507e-03
-1.03128e-03
1.44060e-03
3.94045e-03
6.33057e-03
8.50326e-03
1.03662e-02
1.18126e-02
1.27625e-02
1.31910e-02
1.31143e-02
1.25708e-02
1.16363e-02
1.04248e-02
9.04377e-03
7.56968e-03
6.06699e-03
4.60701e-03
3.24515e-03
1.99429e-03
8.23967e-04
-2.96044e-04
-1.36808e-03
-2.39384e-03
-3.36774e-03
-4.27236e-03
-5.09240e-03
-5.80866e-03
-6.38544e-03
-6.75630e-03
-6.84416e-03
-6.59520e-03
-5.99628e-03
-5.08683e-03
-3.96538e-03
-2.78814e-03
-1.71010e-03
-8.07626e-04
-7.96669e-05
4.97151e-04
9.48537e-04
1.34308e-03
1.79021e-03
2.37743e-03
3.13415e-03
4.02196e-03
4.94696e-03
5.78592e-03
6.41595e-03
6.76209e-03
6.82358e-03
6.65750e-03
6.33802e-03
5.91440e-03
5.39015e-03
4.76544e-03
4.07691e-03
3.36775e-03
2.67043e-03
1.98288e-03
1.27572e-03
5.39670e-04
-2.36341e-04
-1.05652e-03
-1.88819e-03
-2.69527e-03
-3.44458e-03
-4.10644e-03
-4.69455e-03
-5.25556e-03
-5.78177e-03
-6.17246e-03
-6.30733e-03
-6.11934e-03
-5.58895e-03
-4.73163e-03
-3.59785e-03
-2.27620e-03
-8.95668e-04
4.11229e-04
1.54258e-03
2.44582e-03
3.11488e-03
3.58697e-03
3.92190e-03
4.15497e-03
4.33242e-03
4.50724e-03
4.67493e-03
4.79056e-03
4.78383e-03
4.56128e-03
4.04054e-03
3.17743e-03
1.96942e-03
4.60390e-04
-1.26616e-03
-3.08703e-03
-4.84292e-03
-6.42210e-03
-7.77582e-03
-8.86439e-03
-9.68832e-03
-1.02901e-02
-1.06950e-02
-1.09066e-02
-1.09238e-02
-1.07401e-02
-1.03452e-02
-9.72309e-03
-8.88467e-03
-7.88823e-03
-6.77743e-03
-5.59197e-03
-4.39940e-03
-3.24412e-03
-2.15040e-03
-1.14865e-03
-2.59723e-04
4.92107e-04
1.05096e-03
1.33809e-03
1.29997e-03
9.61776e-04
3.74700e-04
-4.33744e-04
-1.37427e-03
-2.30254e-03
-3.09294e-03
-3.62140e-03
-3.78217e-03
-3.54684e-03
-2.97575e-03
-2.17247e-03
-1.25173e-03
-3.36666e-04
4.61576e-04
1.09745e-03
1.61970e-03
2.09872e-03
2.58855e-03
3.12630e-03
3.69204e-03
4.26187e-03
4.83960e-03
5.40994e-03
5.92898e-03
6.33057e-03
6.56823e-03
6.62331e-03
6.50601e-03
6.29225e-03
6.05092e-03
5.80498e-03
5.57743e-03
5.38705e-03
5.24155e-03
5.12640e-03
5.02403e-03
4.94133e-03
4.88185e-03
4.83726e-03
4.80917e-03
4.80441e-03
4.76735e-03
4.58130e-03
4.17573e-03
3.54142e-03
2.68098e-03
1.63747e-03
5.43267e-04
-4.45840e-04
-1.23743e-03
-1.78764e-03
-2.11591e-03
-2.31144e-03
-2.46969e-03
-2.67499e-03
-2.99429e-03
-3.47209e-03
-4.11858e-03
-4.88282e-03
-5.65548e-03
-6.27666e-03
-6.57845e-03
-6.43523e-03
-5.80376e-03
-4.74898e-03
-3.38626e-03
-1.85502e-03
-3.22284e-04
1.09929e-03
2.39433e-03
3.59251e-03
4.70921e-03
5.73346e-03
6.65426e-03
7.46083e-03
8.11799e-03
8.59660e-03
8.90021e-03
9.00266e-03
8.84862e-03
8.45061e-03
7.88193e-03
7.19379e-03
6.44325e-03
5.73405e-03
5.13146e-03
4.64427e-03
4.28646e-03
4.04515e-03
3.87144e-03
3.73282e-03
3.62618e-03
3.56981e-03
3.57579e-03
3.64267e-03
3.77950e-03
3.96870e-03
4.12271e-03
4.12028e-03
3.85039e-03
3.21878e-03
2.19421e-03
8.27708e-04
-7.99361e-04
-2.57027e-03
-4.34451e-03
-6.01316e-03
-7.50499e-03
-8.78097e-03
-9.82758e-03
-1.06536e-02
-1.12648e-02
-1.16432e-02
-1.17356e-02
-1.14481e-02
-1.07017e-02
-9.46520e-03
-7.78497e-03
-5.78341e-03
-3.60833e-03
-1.45101e-03
4.87318e-04
2.05978e-03
3.20590e-03
3.96739e-03
4.41565e-03
4.61278e-03
4.61186e-03
4.45186e-03
4.17328e-03
3.78437e-03
3.24837e-03
2.51229e-03
1.53799e-03
3.53826e-04
-9.71981e-04
-2.38108e-03
-3.82238e-03
-5.23597e-03
-6.49003e-03
-7.42818e-03
-7.99450e-03
-8.21442e-03
-8.14792e-03
-7.84443e-03
-7.30934e-03
-6.55205e-03
-5.58804e-03
-4.42383e-03
-3.08177e-03
-1.62423e-03
-1.57876e-04
1.23001e-03
2.48773e-03
3.56198e-03
4.43939e-03
5.16028e-03
5.76236e-03
6.28127e-03
6.76597e-03
7.23987e-03
7.67670e-03
8.03481e-03
8.30478e-03
8.46604e-03
8.43937e-03
8.17750e-03
7.70848e-03
7.10983e-03
6.47089e-03
5.84334e-03
5.28153e-03
4.82380e-03
4.45122e-03
4.09920e-03
3.68135e-03
3.19391e-03
2.67862e-03
2.16216e-03
1.69929e-03
1.32771e-03
1.10187e-03
1.07617e-03
1.23430e-03
1.54552e-03
1.94897e-03
2.35038e-03
2.66086e-03
2.82710e-03
2.84906e-03
2.76282e-03
2.66552e-03
2.66145e-03
2.80921e-03
3.13369e-03
3.61512e-03
4.19676e-03
4.78214e-03
5.28192e-03
5.67678e-03
6.00385e-03
6.31158e-03
6.64582e-03
7.07071e-03
7.61344e-03
8.19358e-03
8.67606e-03
8.96445e-03
9.00961e-03
8.76329e-03
8.18664e-03
7.29400e-03
6.15022e-03
4.85088e-03
3.52292e-03
2.30056e-03
1.26791e-03
4.28124e-04
-2.86018e-04
-9.47406e-04
-1.58580e-03
-2.19657e-03
-2.74522e-03
-3.19523e-03
-3.51525e-03
-3.66959e-03
-3.64710e-03
-3.45713e-03
-3.13507e-03
-2.73805e-03
-2.34572e-03
-2.05735e-03
-1.91122e-03
-1.90134e-03
-2.01600e-03
-2.20434e-03
-2.39127e-03
-2.50016e-03
-2.50092e-03
-2.41369e-03
-2.27300e-03
-2.12117e-03
-1.97983e-03
-1.86380e-03
-1.78471e-03
-1.72956e-03
-1.66651e-03
-1.57255e-03
-1.48373e-03
-1.48631e-03
-1.67809e-03
-2.12034e-03
-2.81408e-03
-3.71999e-03
-4.76199e-03
-5.84442e-03
-6.84555e-03
-7.62008e-03
-8.06105e-03
-8.14099e-03
-7.90901e-03
-7.46524e-03
-6.91939e-03
-6.37034e-03
-5.91599e-03
-5.59468e-03
-5.34077e-03
-5.04620e-03
-4.63118e-03
-4.06842e-03
-3.35850e-03
-2.51781e-03
-1.59090e-03
-6.59179e-04
1.98679e-04
9.42601e-04
1.54668e-03
2.00837e-03
2.33984e-03
2.53138e-03
2.57511e-03
2.49112e-03
2.29409e-03
1.98346e-03
1.59701e-03
1.20086e-03
8.45807e-04
5.57456e-04
3.37669e-04
1.77928e-04
4.44762e-05
-1.14199e-04
-3.27549e-04
-6.12784e-04
-9.94546e-04
-1.46670e-03
-1.96036e-03
-2.39300e-03
-2.70671e-03
-2.85991e-03
-2.84180e-03
-2.68568e-03
-2.43293e-03
-2.09508e-03
-1.69178e-03
-1.26587e-03
-8.35415e-04
-3.88355e-04
7.99689e-05
5.35488e-04
9.30845e-04
1.23497e-03
1.44872e-03
1.60552e-03
1.73180e-03
1.83511e-03
1.88528e-03
1.85280e-03
1.76930e-03
1.65828e-03
1.50824e-03
1.32665e-03
1.14667e-03
1.00221e-03
8.99698e-04
8.25174e-04
7.76920e-04
7.51082e-04
7.14430e-04
6.11813e-04
4.08407e-04
1.36525e-04
-1.41055e-04
-3.74215e-04
-5.33900e-04
-6.15649e-04
-6.24865e-04
-6.06124e-04
-6.14009e-04
-6.64695e-04
-7.81567e-04
-9.97236e-04
-1.31776e-03
-1.69939e-03
-2.07046e-03
-2.39005e-03
-2.65755e-03
-2.89434e-03
-3.12328e-03
-3.36520e-03
-3.64371e-03
-3.99557e-03
-4.48301e-03
-5.14280e-03
-5.92682e-03
-6.71116e-03
-7.38002e-03
-7.87872e-03
-8.16815e-03
-8.24075e-03
-8.15141e-03
-7.96634e-03
-7.73470e-03
-7.47344e-03
-7.16323e-03
-6.77152e-03
-6.27517e-03
-5.65268e-03
-4.90557e-03
-4.07232e-03
-3.15257e-03
-2.14059e-03
-1.08579e-03
-7.34482e-05
8.03990e-04
1.50642e-03
2.04550e-03
2.46460e-03
2.80166e-03
3.07948e-03
3.32384e-03
3.51070e-03
3.59199e-03
3.52351e-03
3.29166e-03
2.95229e-03
2.55082e-03
2.09860e-03
1.62639e-03
1.17537e-03
7.58617e-04
3.89267e-04
1.10597e-04
-4.28498e-05
-5.84111e-05
3.34472e-05
1.60224e-04
2.82479e-04
4.17389e-04
5.95919e-04
8.30405e-04
1.12402e-03
1.47886e-03
1.86954e-03
2.24283e-03
2.55186e-03
2.77828e-03
2.92561e-03
3.01294e-03
3.08260e-03
3.18394e-03
3.34321e-03
3.55270e-03
3.79299e-03
4.03033e-03
4.20888e-03
4.29896e-03
4.26929e-03
4.06960e-03
3.70893e-03
3.24159e-03
2.70422e-03
2.10478e-03
1.45608e-03
8.18247e-04
2.74970e-04
-1.33391e-04
-4.31955e-04
-6.53820e-04
-8.22037e-04
-9.84110e-04
-1.16677e-03
-1.36290e-03
-1.55155e-03
-1.65812e-03
-1.59586e-03
-1.33256e-03
-8.71728e-04
-2.69195e-04
3.32052e-04
7.77056e-04
9.93589e-04
1.00824e-03
9.09563e-04
7.64128e-04
6.00715e-04
4.57383e-04
3.49788e-04
2.66803e-04
1.99642e-04
9.81778e-05
-1.06320e-04
-4.27974e-04
-8.36226e-04
-1.29054e-03
-1.74605e-03
-2.14395e-03
-2.42570e-03
-2.54881e-03
-2.51530e-03
-2.40339e-03
-2.30309e-03
-2.26592e-03
-2.32758e-03
-2.50249e-03
-2.77467e-03
-3.10544e-03
-3.40648e-03
-3.54395e-03
-3.43044e-03
-3.08029e-03
-2.59453e-03
-2.09480e-03
-1.65812e-03
-1.32515e-03
-1.09254e-03
-9.15945e-04
-7.42505e-04
-5.41686e-04
-3.18365e-04
-7.00396e-05
1.84465e-04
3.96208e-04
5.25309e-04
5.12433e-04
3.21653e-04
-1.87320e-05
-4.43878e-04
-8.93547e-04
-1.34509e-03
-1.75638e-03
-2.04685e-03
-2.16384e-03
-2.10964e-03
-1.90476e-03
-1.56669e-03
-1.12901e-03
-6.24729e-04
-5.75256e-05
5.94667e-04
1.35231e-03
2.23084e-03
3.22916e-03
4.28989e-03
5.31679e-03
6.20235e-03
6.84935e-03
7.20858e-03
7.30058e-03
7.19546e-03
6.96858e-03
6.68467e-03
6.38446e-03
6.05975e-03
5.68120e-03
5.24322e-03
4.72127e-03
4.05327e-03
3.19476e-03
2.13244e-03
9.08628e-04
-3.70826e-04
-1.60183e-03
-2.71043e-03
-3.66406e-03
-4.48768e-03
-5.22162e-03
-5.87640e-03
-6.44808e-03
-6.94600e-03
-7.37895e-03
-7.73594e-03
-7.99734e-03
-8.14678e-03
-8.18564e-03
-8.11647e-03
-7.94194e-03
-7.72268e-03
-7.52697e-03
-7.34525e-03
-7.12301e-03
-6.79409e-03
-6.31207e-03
-5.67847e-03
-4.91446e-03
-4.04538e-03
-3.09443e-03
-2.09645e-03
-1.12075e-03
-2.39216e-04
4.91798e-04
1.02593e-03
1.35765e-03
1.55231e-03
1.70989e-03
1.89541e-03
2.14700e-03
2.50662e-03
2.99868e-03
3.59254e-03
4.20748e-03
4.75613e-03
5.15369e-03
5.35197e-03
5.35931e-03
5.19506e-03
4.89967e-03
4.53965e-03
4.18732e-03
3.90259e-03
3.69221e-03
3.52245e-03
3.34307e-03
3.09396e-03
2.73648e-03
2.25335e-03
1.64690e-03
9.69108e-04
3.16354e-04
-2.30768e-04
-6.88058e-04
-1.13255e-03
-1.60249e-03
-2.10231e-03
-2.61203e-03
-3.09254e-03
-3.51079e-03
-3.82697e-03
-3.98073e-03
-3.89716e-03
-3.54712e-03
-2.98678e-03
-2.33340e-03
-1.70829e-03
-1.18310e-03
-7.93344e-04
-5.30277e-04
-3.45366e-04
-1.87172e-04
5.76256e-06
2.92556e-04
7.04990e-04
1.22538e-03
1.78929e-03
2.28764e-03
2.60547e-03
2.71102e-03
2.61725e-03
2.34852e-03
1.95987e-03
1.51602e-03
1.10145e-03
8.15264e-04
7.42732e-04
8.98407e-04
1.21848e-03
1.61549e-03
1.99582e-03
2.28553e-03
2.44884e-03
2.49441e-03
2.46176e-03
2.41248e-03
2.42230e-03
2.52045e-03
2.66533e-03
2.76973e-03
2.76745e-03
2.65106e-03
2.41849e-03
2.04579e-03
1.52600e-03
9.31957e-04
4.05775e-04
8.73516e-05
4.91826e-05
2.32243e-04
5.28010e-04
8.64380e-04
1.13929e-03
1.26304e-03
1.19818e-03
9.30747e-04
5.25491e-04
9.50180e-05
-2.37159e-04
-3.39549e-04
-1.72436e-04
1.80136e-04
5.92746e-04
9.66050e-04
1.22946e-03
1.33172e-03
1.25649e-03
1.03140e-03
7.44544e-04
5.17276e-04
4.18450e-04
4.43717e-04
5.51304e-04
6.74007e-04
7.19019e-04
6.24272e-04
4.18673e-04
1.63013e-04
-8.54507e-05
-2.47849e-04
-2.64198e-04
-1.35493e-04
5.32218e-05
1.74097e-04
1.38471e-04
-1.15643e-04
-6.13624e-04
-1.30253e-03
-2.09566e-03
-2.88689e-03
-3.53008e-03
-3.90582e-03
-3.98707e-03
-3.82595e-03
-3.51969e-03
-3.18427e-03
-2.94098e-03
-2.85827e-03
-2.89685e-03
-2.95294e-03
-2.91444e-03
-2.70532e-03
-2.29782e-03
-1.70412e-03
-9.71043e-04
-1.45945e-04
7.00492e-04
1.46364e-03
2.07010e-03
2.50139e-03
2.77474e-03
2.96635e-03
3.20078e-03
3.53962e-03
3.95950e-03
4.40605e-03
4.80249e-03
5.09837e-03
5.25740e-03
5.20283e-03
4.89248e-03
4.35817e-03
3.66227e-03
2.87884e-03
2.07123e-03
1.30092e-03
6.04800e-04
-5.16773e-05
-7.17419e-04
-1.40315e-03
-2.08635e-03
-2.73083e-03
-3.30799e-03
-3.79642e-03
-4.16265e-03
-4.35268e-03
-4.33258e-03
-4.10469e-03
-3.72088e-03
-3.29929e-03
-2.97863e-03
-2.90598e-03
-3.15764e-03
-3.65745e-03
-4.26195e-03
-4.82917e-03
-5.25011e-03
-5.47564e-03
-5.53913e-03
-5.55421e-03
-5.60900e-03
-5.72564e-03
-5.91275e-03
-6.17308e-03
-6.47838e-03
-6.75173e-03
-6.89183e-03
-6.80419e-03
-6.43487e-03
-5.80718e-03
-4.99659e-03
-4.09101e-03
-3.16777e-03
-2.31203e-03
-1.64287e-03
-1.21213e-03
-9.65575e-04
-8.43316e-04
-7.83089e-04
-7.04990e-04
-5.61197e-04
-3.44048e-04
-8.48611e-05
1.58961e-04
3.47746e-04
4.53858e-04
4.64176e-04
4.05874e-04
3.10144e-04
2.13035e-04
1.40182e-04
6.86564e-05
-1.20272e-05
-1.07847e-04
-2.47101e-04
-4.39869e-04
-6.88910e-04
-9.88966e-04
-1.30863e-03
-1.59730e-03
-1.81029e-03
-1.92215e-03
-1.94744e-03
-1.95021e-03
-1.97445e-03
-2.05067e-03
-2.23480e-03
-2.54284e-03
-2.92345e-03
-3.30512e-03
-3.62736e-03
-3.81993e-03
-3.80982e-03
-3.56864e-03
-3.12422e-03
-2.54160e-03
-1.88085e-03
-1.20988e-03
-6.25373e-04
-1.58816e-04
2.47149e-04
6.30510e-04
9.87807e-04
1.33749e-03
1.70105e-03
2.06795e-03
2.45052e-03
2.90588e-03
3.46237e-03
4.08635e-03
4.72951e-03
5.35378e-03
5.93353e-03
6.44928e-03
6.86260e-03
7.13978e-03
7.26997e-03
7.24439e-03
7.04084e-03
6.64578e-03
6.11011e-03
5.50444e-03
4.86359e-03
4.23232e-03
3.66042e-03
3.18986e-03
2.85833e-03
2.67257e-03
2.61846e-03
2.64629e-03
2.65388e-03
2.53575e-03
2.24959e-03
1.84326e-03
1.41619e-03
1.08373e-03
9.60264e-04
1.10883e-03
1.48684e-03
1.98500e-03
2.48252e-03
2.86759e-03
3.09465e-03
3.15019e-03
3.01519e-03
2.72066e-03
2.34828e-03
2.00473e-03
1.76462e-03
1.64968e-03
1.67214e-03
1.81218e-03
2.02990e-03
2.29216e-03
2.54907e-03
2.78895e-03
3.05299e-03
3.36323e-03
3.71097e-03
4.06140e-03
4.38003e-03
4.63159e-03
4.76030e-03
4.74900e-03
4.60694e-03
4.36446e-03
4.11068e-03
3.94617e-03
3.94306e-03
4.11105e-03
4.41843e-03
4.83595e-03
5.30717e-03
5.73688e-03
5.98880e-03
5.94190e-03
5.59222e-03
5.03640e-03
4.38572e-03
3.71635e-03
3.07827e-03
2.52146e-03
2.07608e-03
1.73990e-03
1.50596e-03
1.36128e-03
1.25548e-03
1.13186e-03
9.96161e-04
8.73262e-04
7.76558e-04
7.54639e-04
8.25319e-04
9.44854e-04
1.06560e-03
1.13388e-03
1.11981e-03
1.03521e-03
9.01708e-04
7.56706e-04
6.42316e-04
5.85042e-04
6.05886e-04
6.98026e-04
8.12421e-04
8.87922e-04
8.61633e-04
6.92999e-04
3.99130e-04
4.10347e-05
-3.08149e-04
-6.06603e-04
-8.46384e-04
-1.02623e-03
-1.17446e-03
-1.32274e-03
-1.46425e-03
-1.57965e-03
-1.66012e-03
-1.72136e-03
-1.78881e-03
-1.89700e-03
-2.08279e-03
-2.32460e-03
-2.55520e-03
-2.70859e-03
-2.73870e-03
-2.64193e-03
-2.43177e-03
-2.14923e-03
-1.88917e-03
-1.73730e-03
-1.72677e-03
-1.82631e-03
-1.96106e-03
-2.06247e-03
-2.09531e-03
-2.08242e-03
-2.07847e-03
-2.13241e-03
-2.24150e-03
-2.36644e-03
-2.50640e-03
-2.64929e-03
-2.76199e-03
-2.83037e-03
-2.83672e-03
-2.76040e-03
-2.58088e-03
-2.31550e-03
-2.01708e-03
-1.72829e-03
-1.50477e-03
-1.40572e-03
-1.45473e-03
-1.63304e-03
-1.89374e-03
-2.18554e-03
-2.45773e-03
-2.68105e-03
-2.87018e-03
-3.06253e-03
-3.29093e-03
-3.55979e-03
-3.82684e-03
-4.04434e-03
-4.19819e-03
-4.28022e-03
-4.27342e-03
-4.15549e-03
-3.92995e-03
-3.66781e-03
-3.44331e-03
-3.28122e-03
-3.19316e-03
-3.15877e-03
-3.11699e-03
-3.04079e-03
-2.94935e-03
-2.85126e-03
-2.74992e-03
-2.68223e-03
-2.67861e-03
-2.71088e-03
-2.74033e-03
-2.76852e-03
-2.80902e-03
-2.85169e-03
-2.86641e-03
-2.81863e-03
-2.66712e-03
-2.38056e-03
-1.97714e-03
-1.50637e-03
-1.00950e-03
-5.30154e-04
-1.08413e-04
2.19731e-04
4.06332e-04
4.41203e-04
3.70327e-04
2.82595e-04
2.92428e-04
4.66611e-04
7.98719e-04
1.22398e-03
1.64999e-03
1.97406e-03
2.08144e-03
1.94732e-03
1.67023e-03
1.35495e-03
1.06626e-03
8.47430e-04
7.08692e-04
6.47038e-04
6.66123e-04
7.34835e-04
7.87094e-04
7.54901e-04
5.94564e-04
3.16366e-04
-3.47870e-05
-3.74618e-04
-6.03689e-04
-6.97543e-04
-6.80100e-04
-5.96320e-04
-5.29690e-04
-5.37050e-04
-6.25941e-04
-7.70917e-04
-9.10125e-04
-9.75948e-04
-9.22097e-04
-6.98655e-04
-2.64314e-04
3.30011e-04
9.65784e-04
1.55058e-03
2.03446e-03
2.38983e-03
2.59836e-03
2.68983e-03
2.73361e-03
2.76361e-03
2.78181e-03
2.78471e-03
2.74358e-03
2.60933e-03
2.37929e-03
2.11942e-03
1.90215e-03
1.77626e-03
1.77733e-03
1.90581e-03
2.10188e-03
2.30920e-03
2.50784e-03
2.65605e-03
2.71882e-03
2.69554e-03
2.58557e-03
2.40794e-03
2.20570e-03
2.01139e-03
1.84553e-03
1.74976e-03
1.76369e-03
1.85145e-03
1.93931e-03
1.98503e-03
1.94955e-03
1.79298e-03
1.52232e-03
1.20576e-03
9.21654e-04
7.17089e-04
6.35288e-04
7.01105e-04
9.08536e-04
1.22468e-03
1.56659e-03
1.86561e-03
2.08017e-03
2.16581e-03
2.14543e-03
2.09931e-03
2.09831e-03
2.19719e-03
2.40430e-03
2.64109e-03
2.79010e-03
2.78360e-03
2.61317e-03
2.28946e-03
1.85176e-03
1.38080e-03
9.48203e-04
5.91129e-04
3.21479e-04
1.41147e-04
7.08096e-05
1.04703e-04
1.77949e-04
2.26664e-04
1.94289e-04
2.08373e-05
-3.16174e-04
-8.01255e-04
-1.40019e-03
-2.06048e-03
-2.69648e-03
-3.21335e-03
-3.56372e-03
-3.71486e-03
-3.65158e-03
-3.45446e-03
-3.25544e-03
-3.14509e-03
-3.14219e-03
-3.21247e-03
-3.30101e-03
-3.33925e-03
-3.26548e-03
-3.04294e-03
-2.68824e-03
-2.27180e-03
-1.86209e-03
-1.53252e-03
-1.35060e-03
-1.33655e-03
-1.47010e-03
-1.67866e-03
-1.87112e-03
-2.00128e-03
-2.07697e-03
-2.14495e-03
-2.23871e-03
-2.34217e-03
-2.41709e-03
-2.42439e-03
-2.32694e-03
-2.10137e-03
-1.75615e-03
-1.34398e-03
-9.30441e-04
-5.55384e-04
-2.52172e-04
-5.73851e-05
2.06411e-06
-1.07266e-04
-3.96034e-04
-8.05292e-04
-1.22371e-03
-1.51812e-03
-1.59924e-03
-1.46155e-03
-1.15275e-03
-7.47336e-04
-2.94811e-04
1.61563e-04
5.34413e-04
7.58068e-04
8.30246e-04
8.00599e-04
7.39489e-04
6.98479e-04
7.26914e-04
8.54729e-04
1.06095e-03
1.30471e-03
1.54171e-03
1.72216e-03
1.81938e-03
1.85109e-03
1.82356e-03
1.72702e-03
1.61302e-03
1.55429e-03
1.57392e-03
1.64118e-03
1.71197e-03
1.79535e-03
1.91623e-03
2.06028e-03
2.18917e-03
2.26814e-03
2.30338e-03
2.30477e-03
2.22302e-03
2.00371e-03
1.64762e-03
1.20254e-03
7.47991e-04
3.30636e-04
-6.39094e-05
-4.52561e-04
-8.41242e-04
-1.22192e-03
-1.55396e-03
-1.77919e-03
-1.86273e-03
-1.83649e-03
-1.76852e-03
-1.70967e-03
-1.72205e-03
-1.86772e-03
-2.14867e-03
-2.53120e-03
-2.95580e-03
-3.33913e-03
-3.62266e-03
-3.79113e-03
-3.88150e-03
-3.93860e-03
-3.98700e-03
-4.07625e-03
-4.26520e-03
-4.58272e-03
-5.00202e-03
-5.43695e-03
-5.79850e-03
-6.02670e-03
-6.07468e-03
-5.92696e-03
-5.60369e-03
-5.12526e-03
-4.54076e-03
-3.93040e-03
-3.35374e-03
-2.85780e-03
-2.47038e-03
-2.15660e-03
-1.83307e-03
-1.42438e-03
-9.05953e-04
-3.13690e-04
2.88600e-04
8.31600e-04
1.23944e-03
1.45551e-03
1.46267e-03
1.29961e-03
1.06279e-03
8.67858e-04
7.96076e-04
8.43329e-04
9.45675e-04
1.04947e-03
1.12927e-03
1.18602e-03
1.21899e-03
1.21068e-03
1.16822e-03
1.12620e-03
1.11128e-03
1.12144e-03
1.13124e-03
1.12628e-03
1.10364e-03
1.05986e-03
9.90143e-04
8.87760e-04
7.68671e-04
6.47816e-04
5.49016e-04
5.75751e-04
8.33450e-04
1.31678e-03
1.93680e-03
2.57359e-03
3.10570e-03
3.47024e-03
3.67243e-03
3.73283e-03
3.69722e-03
3.65185e-03
3.68289e-03
3.82640e-03
4.04301e-03
4.26353e-03
4.42965e-03
4.48740e-03
4.40559e-03
4.19565e-03
3.88771e-03
3.50909e-03
3.10501e-03
2.73162e-03
2.41284e-03
2.14476e-03
1.91167e-03
1.69832e-03
1.49758e-03
1.28623e-03
1.04432e-03
7.82921e-04
5.39777e-04
3.69005e-04
3.00514e-04
3.33702e-04
4.58945e-04
6.39781e-04
8.10255e-04
8.99187e-04
8.63358e-04
7.22793e-04
5.23049e-04
2.89479e-04
6.01716e-05
-1.05969e-04
-1.57645e-04
-6.06215e-05
1.86874e-04
5.31082e-04
8.93353e-04
1.21747e-03
1.49575e-03
1.76828e-03
2.05291e-03
2.33154e-03
2.57204e-03
2.74081e-03
2.83482e-03
2.84928e-03
2.76196e-03
2.54444e-03
2.19383e-03
1.77107e-03
1.35651e-03
1.00932e-03
7.75974e-04
6.91194e-04
7.54054e-04
9.15334e-04
1.08489e-03
1.18869e-03
1.21492e-03
1.16182e-03
1.02837e-03
8.37995e-04
6.05537e-04
3.36265e-04
6.88008e-05
-1.40501e-04
-2.84476e-04
-3.93655e-04
-4.67374e-04
-4.71978e-04
-3.93102e-04
-2.58633e-04
-1.13914e-04
-1.19417e-05
-6.92429e-06
-9.34386e-05
-2.10850e-04
-3.14628e-04
-3.97414e-04
-4.90336e-04
-6.31517e-04
-8.54674e-04
-1.17696e-03
-1.55565e-03
-1.93460e-03
-2.28566e-03
-2.60144e-03
-2.89741e-03
-3.19158e-03
-3.50254e-03
-3.85771e-03
-4.25108e-03
-4.64475e-03
-5.03270e-03
-5.41250e-03
-5.75031e-03
-5.99857e-03
-6.09828e-03
-6.00481e-03
-5.70314e-03
-5.21965e-03
-4.62463e-03
-3.98879e-03
-3.37137e-03
-2.83934e-03
-2.43559e-03
-2.16658e-03
-2.01772e-03
-1.91399e-03
-1.76172e-03
-1.52751e-03
-1.23450e-03
-9.41506e-04
-6.91637e-04
-4.99259e-04
-3.74224e-04
-3.19632e-04
-3.29207e-04
-3.63627e-04
-3.50816e-04
-2.35181e-04
5.14402e-06
3.72911e-04
8.22673e-04
1.25604e-03
1.60725e-03
1.87255e-03
2.06442e-03
2.20167e-03
2.30687e-03
2.38102e-03
2.40512e-03
2.36601e-03
2.27560e-03
2.17447e-03
2.08984e-03
2.00518e-03
1.89103e-03
1.72536e-03
1.50524e-03
1.25241e-03
1.01295e-03
8.62114e-04
8.40769e-04
9.02070e-04
9.68791e-04
1.00434e-03
1.00229e-03
9.43174e-04
8.18310e-04
6.44200e-04
4.41256e-04
2.59355e-04
1.67917e-04
1.98263e-04
3.27043e-04
5.09148e-04
7.13354e-04
9.10301e-04
1.06652e-03
1.17266e-03
1.26812e-03
1.42721e-03
1.68356e-03
2.01883e-03
2.42015e-03
2.87079e-03
3.33666e-03
3.76498e-03
4.06205e-03
4.12964e-03
3.93149e-03
3.50679e-03
2.96582e-03
2.44779e-03
2.05957e-03
1.88550e-03
1.94917e-03
2.17070e-03
2.45568e-03
2.75163e-03
3.02036e-03
3.22232e-03
3.32513e-03
3.32377e-03
3.25447e-03
3.17268e-03
3.13000e-03
3.16890e-03
3.30805e-03
3.54362e-03
3.83350e-03
4.09134e-03
4.23274e-03
4.22374e-03
4.10569e-03
3.95943e-03
3.85504e-03
3.82096e-03
3.83789e-03
3.87339e-03
3.89594e-03
3.87559e-03
3.77321e-03
3.55529e-03
3.23634e-03
2.85059e-03
2.43342e-03
2.04459e-03
1.75001e-03
1.58256e-03
1.53228e-03
1.56239e-03
1.59263e-03
1.52438e-03
1.32407e-03
1.03236e-03
7.05271e-04
4.02534e-04
2.39908e-04
3.31408e-04
6.78376e-04
1.18746e-03
1.73056e-03
2.19913e-03
2.51524e-03
2.62944e-03
2.56404e-03
2.40162e-03
2.23851e-03
2.15363e-03
2.17955e-03
2.28852e-03
2.40842e-03
2.48197e-03
2.49014e-03
2.39728e-03
2.14148e-03
1.70356e-03
1.14130e-03
5.66178e-04
1.04601e-04
-1.32288e-04
-9.55928e-05
1.63393e-04
5.37257e-04
9.23057e-04
1.24168e-03
1.43116e-03
1.45366e-03
1.33063e-03
1.13331e-03
9.36903e-04
7.96575e-04
7.24356e-04
6.81105e-04
6.25890e-04
5.42052e-04
4.11227e-04
2.05768e-04
-6.55688e-05
-3.34122e-04
-5.53363e-04
-7.18034e-04
-8.04780e-04
-7.82835e-04
-6.49366e-04
-4.57559e-04
-2.86551e-04
-2.04823e-04
-2.55712e-04
-4.23959e-04
-6.59501e-04
-8.98367e-04
-1.07730e-03
-1.16444e-03
-1.14613e-03
-1.01810e-03
-7.98956e-04
-5.28214e-04
-2.66313e-04
-8.84077e-05
-1.14239e-06
5.51021e-05
1.14481e-04
1.90653e-04
2.68157e-04
3.03706e-04
2.63745e-04
1.47741e-04
1.59439e-05
-5.47092e-05
-2.64785e-05
8.55904e-05
2.00657e-04
2.12815e-04
1.04799e-04
-3.79254e-05
-1.26311e-04
-1.29506e-04
-9.12376e-05
-7.89703e-05
-1.42178e-04
-3.07868e-04
-5.38770e-04
-7.51316e-04
-8.77954e-04
-8.91462e-04
-8.11941e-04
-6.71641e-04
-4.95504e-04
-3.21066e-04
-1.82528e-04
-1.26438e-04
-2.11662e-04
-4.75215e-04
-9.23299e-04
-1.49314e-03
-2.07326e-03
-2.56559e-03
-2.93757e-03
-3.24209e-03
-3.54176e-03
-3.86299e-03
-4.19219e-03
-4.49870e-03
-4.77231e-03
-5.01960e-03
-5.23487e-03
-5.35680e-03
-5.32382e-03
-5.13834e-03
-4.84906e-03
-4.52248e-03
-4.19400e-03
-3.89965e-03
-3.69353e-03
-3.59644e-03
-3.59950e-03
-3.68138e-03
-3.81711e-03
-3.97310e-03
-4.11715e-03
-4.22852e-03
-4.28599e-03
-4.26878e-03
-4.19269e-03
-4.14471e-03
-4.19875e-03
-4.34617e-03
-4.55939e-03
-4.83228e-03
-5.13585e-03
-5.38575e-03
-5.50066e-03
-5.47023e-03
-5.34986e-03
-5.20933e-03
-5.08305e-03
-4.97239e-03
-4.84957e-03
-4.66946e-03
-4.42552e-03
-4.11751e-03
-3.70646e-03
-3.19111e-03
-2.63854e-03
-2.12407e-03
-1.70408e-03
-1.40755e-03
-1.22328e-03
-1.11992e-03
-1.08370e-03
-1.13780e-03
-1.30647e-03
-1.54512e-03
-1.76006e-03
-1.87950e-03
-1.87137e-03
-1.76217e-03
-1.62055e-03
-1.49776e-03
-1.41124e-03
-1.35589e-03
-1.33418e-03
-1.34478e-03
-1.34600e-03
-1.27478e-03
-1.10378e-03
-8.70040e-04
-6.12838e-04
-3.67904e-04
-1.96972e-04
-1.40157e-04
-2.22619e-04
-4.53911e-04
-7.82615e-04
-1.08863e-03
-1.25145e-03
-1.26844e-03
-1.24564e-03
-1.28303e-03
-1.41489e-03
-1.61160e-03
-1.82248e-03
-2.01989e-03
-2.17430e-03
-2.22950e-03
-2.13607e-03
-1.87656e-03
-1.48485e-03
-1.06005e-03
-7.24962e-04
-5.61039e-04
-5.89129e-04
-7.66055e-04
-1.00276e-03
-1.19262e-03
-1.20720e-03
-9.58942e-04
-4.71446e-04
1.44651e-04
7.39824e-04
1.18355e-03
1.40839e-03
1.41409e-03
1.24729e-03
9.59339e-04
6.08022e-04
2.76941e-04
2.38519e-05
-1.22698e-04
-1.42702e-04
-7.42563e-05
8.14529e-06
5.14983e-05
2.42245e-05
-1.01810e-04
-3.29762e-04
-5.93206e-04
-8.10005e-04
-9.43028e-04
-1.00487e-03
-1.03420e-03
-1.03680e-03
-1.01957e-03
-1.01170e-03
-1.02273e-03
-1.04991e-03
-1.06820e-03
-1.04648e-03
-9.73024e-04
-8.32961e-04
-6.33477e-04
-4.51890e-04
-3.84362e-04
-4.52163e-04
-6.00228e-04
-7.59180e-04
-8.85937e-04
-9.37618e-04
-8.84783e-04
-7.47480e-04
-5.37731e-04
-2.63914e-04
3.68300e-05
3.14820e-04
5.01089e-04
5.40025e-04
4.17225e-04
1.44750e-04
-2.38113e-04
-6.57920e-04
-1.02946e-03
-1.29054e-03
-1.42146e-03
-1.44661e-03
-1.40387e-03
-1.35068e-03
-1.36480e-03
-1.48705e-03
-1.70191e-03
-1.94729e-03
-2.16383e-03
-2.32098e-03
-2.39645e-03
-2.40491e-03
-2.39357e-03
-2.44384e-03
-2.65262e-03
-3.03519e-03
-3.52587e-03
-4.01276e-03
-4.36118e-03
-4.47029e-03
-4.28885e-03
-3.83944e-03
-3.21012e-03
-2.51188e-03
-1.89943e-03
-1.52388e-03
-1.42501e-03
-1.53863e-03
-1.76590e-03
-2.00967e-03
-2.17384e-03
-2.19308e-03
-2.07082e-03
-1.83936e-03
-1.55425e-03
-1.28399e-03
-1.05708e-03
-8.98832e-04
-8.39251e-04
-8.67952e-04
-9.12828e-04
-8.58455e-04
-6.40073e-04
-2.86453e-04
1.12050e-04
4.47494e-04
6.26093e-04
5.82446e-04
3.52153e-04
6.31730e-05
-1.79688e-04
-3.32039e-04
-3.84945e-04
-3.30388e-04
-1.77809e-04
2.21803e-05
2.32636e-04
4.43213e-04
6.24423e-04
7.29433e-04
7.41194e-04
7.06137e-04
7.21331e-04
8.73501e-04
1.21917e-03
1.77438e-03
2.45996e-03
3.14334e-03
3.69468e-03
4.02341e-03
4.13082e-03
4.04401e-03
3.78149e-03
3.39573e-03
2.95837e-03
2.53826e-03
2.17409e-03
1.87620e-03
1.66349e-03
1.51835e-03
1.36236e-03
1.14158e-03
8.46549e-04
4.79327e-04
9.57301e-05
-1.91684e-04
-2.83263e-04
-1.42776e-04
1.85258e-04
6.11444e-04
1.01893e-03
1.28827e-03
1.35044e-03
1.19376e-03
8.88189e-04
5.59890e-04
3.33824e-04
2.89107e-04
4.11322e-04
6.32705e-04
8.77243e-04
1.06965e-03
1.18101e-03
1.25533e-03
1.33642e-03
1.44519e-03
1.61895e-03
1.86933e-03
2.17583e-03
2.48018e-03
2.71452e-03
2.85165e-03
2.85422e-03
2.71886e-03
2.49482e-03
2.21528e-03
1.93957e-03
1.74770e-03
1.70041e-03
1.82639e-03
2.07066e-03
2.35368e-03
2.64998e-03
2.94408e-03
3.19268e-03
3.35425e-03
3.42944e-03
3.44350e-03
3.41686e-03
3.35039e-03
3.23807e-03
3.08628e-03
2.88399e-03
2.62395e-03
2.31451e-03
1.96579e-03
1.61577e-03
1.30908e-03
1.08561e-03
9.79983e-04
9.98132e-04
1.11053e-03
1.26790e-03
1.43226e-03
1.55918e-03
1.58342e-03
1.47030e-03
1.24744e-03
9.81903e-04
7.58501e-04
6.52402e-04
6.99754e-04
8.85409e-04
1.13678e-03
1.36244e-03
1.48401e-03
1.49251e-03
1.50037e-03
1.61731e-03
1.83540e-03
2.10030e-03
2.38539e-03
2.66320e-03
2.90305e-03
3.10292e-03
3.26262e-03
3.34106e-03
3.27619e-03
3.05968e-03
2.74457e-03
2.39975e-03
2.11140e-03
1.93900e-03
1.85841e-03
1.83386e-03
1.86286e-03
1.91857e-03
1.95102e-03
1.93447e-03
1.86669e-03
1.73870e-03
1.55553e-03
1.36971e-03
1.24957e-03
1.21262e-03
1.23153e-03
1.29284e-03
1.36857e-03
1.40975e-03
1.38669e-03
1.30322e-03
1.18809e-03
1.05204e-03
9.12682e-04
8.19025e-04
8.18326e-04
9.07155e-04
1.03560e-03
1.23671e-03
1.30979e-03
1.31728e-03
1.28677e-03
1.22253e-03
1.13534e-03
1.07507e-03
1.09004e-03
1.17016e-03
1.24655e-03
1.25767e-03
1.17492e-03
9.97071e-04
7.43627e-04
4.31919e-04
1.10793e-04
-1.48844e-04
-3.28983e-04
-4.41342e-04
-5.14725e-04
-6.08968e-04
-7.71984e-04
-1.03616e-03
-1.42622e-03
-1.91085e-03
-2.39294e-03
-2.78945e-03
-3.06269e-03
-3.20145e-03
-3.21808e-03
-3.15470e-03
-3.09445e-03
-3.11261e-03
-3.24980e-03
-3.50837e-03
-3.82103e-03
-4.09236e-03
-4.25520e-03
-4.28195e-03
-4.16622e-03
-3.91046e-03
-3.54457e-03
-3.13488e-03
-2.75236e-03
-2.42922e-03
-2.15523e-03
-1.89992e-03
-1.65488e-03
-1.45052e-03
-1.31294e-03
-1.21893e-03
-1.13188e-03
-1.05810e-03
-1.00433e-03
-9.77252e-04
-1.03085e-03
-1.20665e-03
-1.49241e-03
-1.84741e-03
-2.19513e-03
-2.45191e-03
-2.57196e-03
-2.53310e-03
-2.34091e-03
-2.03124e-03
-1.65268e-03
-1.25798e-03
-8.89344e-04
-5.84988e-04
-3.72953e-04
-2.45040e-04
-1.54072e-04
-4.69467e-05
8.17651e-05
1.98921e-04
2.89614e-04
3.59655e-04
4.17960e-04
4.96665e-04
6.32611e-04
8.34764e-04
1.10468e-03
1.44113e-03
1.82668e-03
2.24431e-03
2.67605e-03
3.05690e-03
3.29778e-03
3.36588e-03
3.26999e-03
3.02823e-03
2.70132e-03
2.37335e-03
2.10548e-03
1.94160e-03
1.87873e-03
1.87299e-03
1.90064e-03
1.92567e-03
1.90130e-03
1.83456e-03
1.76137e-03
1.71423e-03
1.73191e-03
1.84145e-03
2.02117e-03
2.21605e-03
2.38875e-03
2.51446e-03
2.55448e-03
2.47955e-03
2.30961e-03
2.08448e-03
1.84472e-03
1.67041e-03
1.64169e-03
1.76361e-03
1.94806e-03
2.09284e-03
2.15029e-03
2.08335e-03
1.88573e-03
1.60977e-03
1.31495e-03
1.06058e-03
9.15149e-04
9.20337e-04
1.05830e-03
1.28065e-03
1.52371e-03
1.71171e-03
1.81140e-03
1.83533e-03
1.79331e-03
1.67674e-03
1.49631e-03
1.32544e-03
1.25479e-03
1.32713e-03
1.52608e-03
1.77045e-03
1.94252e-03
1.95762e-03
1.79816e-03
1.48331e-03
1.06067e-03
6.14970e-04
2.00546e-04
-1.79422e-04
-5.18073e-04
-7.95363e-04
-9.79832e-04
-1.07052e-03
-1.11155e-03
-1.11772e-03
-1.08761e-03
-1.04097e-03
-9.86638e-04
-9.19878e-04
-8.39737e-04
-7.72443e-04
-7.68381e-04
-8.56728e-04
-1.02815e-03
-1.25035e-03
-1.48869e-03
-1.71282e-03
-1.87803e-03
-1.93408e-03
-1.86339e-03
-1.70404e-03
-1.54735e-03
-1.46468e-03
-1.46667e-03
-1.55113e-03
-1.69158e-03
-1.84037e-03
-1.97885e-03
-2.07815e-03
-2.06251e-03
-1.89037e-03
-1.60046e-03
-1.24988e-03
-9.04231e-04
-6.43054e-04
-5.06604e-04
-4.89155e-04
-5.59856e-04
-6.81492e-04
-8.37232e-04
-1.00363e-03
-1.13608e-03
-1.22218e-03
-1.27662e-03
-1.30693e-03
-1.34012e-03
-1.41958e-03
-1.57334e-03
-1.78109e-03
-1.96601e-03
-2.04690e-03
-1.95993e-03
-1.70144e-03
-1.36126e-03
-1.03579e-03
-7.81506e-04
-6.32285e-04
-5.83716e-04
-6.07215e-04
-6.75374e-04
-7.51100e-04
-8.03290e-04
-8.21962e-04
-8.13386e-04
-8.00056e-04
-7.94942e-04
-8.10622e-04
-8.68448e-04
-9.59389e-04
-1.07291e-03
-1.21715e-03
-1.36011e-03
-1.44110e-03
-1.42775e-03
-1.32856e-03
-1.17705e-03
-1.01070e-03
-8.73645e-04
-8.03514e-04
-8.12852e-04
-8.80234e-04
-9.55781e-04
-9.93750e-04
-9.51006e-04
-8.07668e-04
-6.01390e-04
-3.99336e-04
-2.60607e-04
-2.21680e-04
-2.85315e-04
-4.14707e-04
-5.69411e-04
-7.11047e-04
-7.99534e-04
-8.23181e-04
-7.79340e-04
-6.91372e-04
-6.15701e-04
-5.92715e-04
-6.47185e-04
-7.74468e-04
-9.45059e-04
-1.12527e-03
-1.26386e-03
-1.31369e-03
-1.24257e-03
-1.04578e-03
-7.58651e-04
-4.29864e-04
-1.37616e-04
2.82881e-05
4.57545e-05
-3.57203e-05
-1.52039e-04
-2.69119e-04
-3.70140e-04
-4.22680e-04
-3.99482e-04
-2.98948e-04
-1.29862e-04
8.02287e-05
2.77149e-04
4.31016e-04
5.39560e-04
5.96180e-04
6.24744e-04
6.74989e-04
7.70258e-04
8.89058e-04
9.93092e-04
1.05837e-03
1.06760e-03
1.02045e-03
9.33175e-04
8.27707e-04
7.32789e-04
6.69038e-04
6.48908e-04
6.65330e-04
7.05515e-04
7.73469e-04
8.57578e-04
9.30290e-04
9.67530e-04
9.62971e-04
9.32587e-04
8.86945e-04
8.31174e-04
7.72241e-04
7.14822e-04
6.69392e-04
6.41934e-04
6.22259e-04
5.96971e-04
5.58505e-04
5.11863e-04
4.71289e-04
4.38980e-04
4.13802e-04
4.08948e-04
4.44832e-04
5.16603e-04
5.88877e-04
6.40816e-04
6.58274e-04
6.29320e-04
5.69975e-04
4.98338e-04
4.34041e-04
3.97901e-04
3.77098e-04
3.45866e-04
3.00844e-04
2.55037e-04
2.13977e-04
1.73451e-04
1.36801e-04
1.02954e-04
6.44065e-05
2.68020e-05
2.30226e-06
-6.07544e-06
-1.62597e-06
1.31667e-05
2.29811e-05
3.24770e-06
-5.34918e-05
-1.25333e-04
-1.74793e-04
-1.78954e-04
-1.37320e-04
-6.52700e-05
1.80072e-05
9.57584e-05
1.46095e-04
1.54046e-04
1.19751e-04
4.65175e-05
-5.76743e-05
-1.70895e-04
-2.63804e-04
-3.15604e-04
-3.23129e-04
-2.96540e-04
-2.57632e-04
-2.31774e-04
-2.23888e-04
-2.28619e-04
-2.45103e-04
-2.64107e-04
-2.76436e-04
-2.74967e-04
-2.49191e-04
-1.99575e-04
-1.40481e-04
-9.48772e-05
-8.12609e-05
-1.00431e-04
-1.44713e-04
-2.03932e-04
-2.65272e-04
-3.19490e-04
-3.58551e-04
-3.71806e-04
-3.49696e-04
-2.89928e-04
-2.07486e-04
-1.33746e-04
-9.43328e-05
-9.23594e-05
-1.13242e-04
-1.38050e-04
-1.51011e-04
-1.40348e-04
-1.02306e-04
-3.88112e-05
4.17611e-05
1.21447e-04
1.87947e-04
2.31889e-04
2.43660e-04
2.27648e-04
1.94329e-04
1.57233e-04
1.35228e-04
1.41823e-04
1.79386e-04
2.36654e-04
2.97275e-04
3.50512e-04
3.88004e-04
4.02344e-04
3.93759e-04
3.69599e-04
3.37733e-04
3.06295e-04
2.83457e-04
2.74527e-04
2.78307e-04
2.88038e-04
2.97652e-04
3.02750e-04
3.00679e-04
2.88961e-04
2.66783e-04
2.41491e-04
2.25722e-04
2.28085e-04
2.43798e-04
2.58674e-04
2.62053e-04
2.48930e-04
2.21236e-04
1.84486e-04
1.42342e-04
1.02589e-04
7.49806e-05
6.51730e-05
7.59259e-05
1.04606e-04
1.43062e-04
1.80932e-04
2.07761e-04
2.16435e-04
2.05687e-04
1.77785e-04
1.37130e-04
9.27402e-05
5.42288e-05
2.67105e-05
1.16968e-05
7.52122e-06
1.00676e-05
1.57119e-05
2.21422e-05
2.69863e-05
2.81970e-05
2.36666e-05
1.24544e-05
-4.14229e-06
-2.43182e-05
-4.36810e-05
-5.71393e-05
-6.40482e-05
-6.62720e-05
-6.51263e-05
-6.03406e-05
-5.03940e-05
-3.61297e-05
-2.13054e-05
-8.84910e-06
4.64176e-07
7.81310e-06
1.44106e-05
1.99007e-05
2.35371e-05
2.43852e-05
2.21126e-05
1.72888e-05
1.07290e-05
4.07199e-06
-3.66047e-07
-6.89747e-07
3.09649e-06
9.20393e-06
1.47879e-05
1.74688e-05
1.73011e-05
1.49571e-05
1.06973e-05
5.25866e-06
-6.65774e-07
-6.29479e-06
-1.10178e-05
-1.50424e-05
-1.89433e-05
-2.34063e-05
-2.88420e-05
-3.51799e-05
-4.23131e-05
-4.96060e-05
-5.58196e-05
-6.02178e-05
-6.28401e-05
-6.41523e-05
-6.46433e-05
-6.47043e-05
-6.49361e-05
-6.60668e-05
-6.85686e-05
-7.24774e-05
-7.72946e-05
-8.19846e-05
-8.55509e-05
-8.76868e-05
-8.85005e-05
-8.82435e-05
-8.73094e-05
-8.59257e-05
-8.44509e-05
-8.35110e-05
-8.34132e-05
-8.40368e-05
-8.49889e-05
-8.58044e-05
-8.60925e-05
-8.56625e-05
-8.47095e-05
-8.36052e-05
-8.25992e-05
-8.17893e-05
-8.11992e-05
-8.08163e-05
-8.05630e-05
-8.03055e-05
-7.99198e-05
-7.92543e-05
-7.80575e-05
-7.62417e-05
-7.40878e-05
-7.19488e-05
-7.00544e-05
-6.85887e-05
-6.76351e-05
-6.71148e-05
-6.68459e-05
-6.66354e-05
-6.63076e-05
-6.57105e-05
-6.48340e-05
-6.38145e-05
-6.27878e-05
-6.18360e-05
-6.09817e-05
-6.02008e-05
-5.94623e-05
-5.87225e-05
-5.79269e-05
-5.70303e-05
-5.60189e-05
-5.49272e-05
-5.38058e-05
-5.26952e-05
-5.16224e-05
-5.05946e-05
-4.96109e-05
-4.86630e-05
-4.77283e-05
-4.67883e-05
-4.58342e-05
-4.48655e-05
-4.38907e-05
-4.29200e-05
-4.19597e-05
-4.10145e-05
-4.00863e-05
-3.91715e-05
-3.82622e-05
-3.73529e-05
-3.64407e-05
-3.55238e-05
-3.46038e-05
-3.36843e-05
-3.27684e-05
-3.18588e-05
-3.09576e-05
-3.00659e-05
-2.91837e-05
-2.83105e-05
-2.74459e-05
-2.65897e-05
-2.57419e-05
-2.49026e-05
-2.40722e-05
-2.32510e-05
-2.24393e-05
-2.16373e-05
-2.08452e-05
-2.00630e-05
-1.92908e-05
-1.85286e-05
