-6.32089e-06
-6.20815e-06
-4.28244e-06
-2.75879e-06
-1.68211e-06
9.52698e-07
-6.83027e-08
-7.99129e-06
-1.99641e-05
-3.06423e-05
-3.42133e-05
-3.67763e-05
-4.14728e-05
-5.07347e-05
-8.55692e-05
-1.19099e-04
-1.27829e-04
-1.03989e-04
-2.22690e-05
3.80531e-05
3.66963e-05
3.59785e-05
4.94490e-05
5.92529e-05
6.46516e-05
7.62755e-05
8.84043e-05
1.02107e-04
1.13591e-04
1.25298e-04
8.90229e-05
-1.84582e-04
-3.82400e-04
-3.62288e-04
-3.22695e-04
-2.02897e-04
-5.19667e-05
-3.70916e-05
-5.81931e-05
-3.90226e-05
-2.13161e-05
-1.79013e-05
-1.64462e-05
-5.35330e-06
1.26624e-05
3.62812e-05
4.54526e-05
5.55035e-05
7.15925e-05
8.93339e-05
8.89873e-05
-9.91146e-05
-1.41405e-04
1.51195e-04
2.57235e-04
2.33025e-04
2.32928e-04
2.03548e-04
-4.73497e-04
-1.24821e-03
-1.29811e-03
-1.18840e-03
-1.23202e-03
-1.27185e-03
-1.25389e-03
-1.24628e-03
-1.27258e-03
-1.27333e-03
-9.69938e-04
-8.17746e-04
-1.11030e-03
-6.50495e-04
-1.35901e-04
-1.58802e-04
-1.87157e-04
3.84964e-04
1.07460e-03
1.17475e-03
1.11886e-03
1.16871e-03
1.25190e-03
1.32989e-03
1.38850e-03
1.20603e-03
4.30724e-04
3.11530e-05
-3.61640e-04
-9.67658e-04
-4.85852e-04
-5.25332e-04
-1.10255e-03
-1.15596e-03
-1.00944e-03
-9.61611e-04
-7.26405e-04
-4.20691e-05
-4.28368e-04
-9.92724e-04
-1.00048e-03
-1.67904e-03
-2.31636e-03
-1.31873e-03
-9.78740e-04
-2.10938e-03
-1.86595e-03
-1.37372e-03
-8.82454e-04
1.15820e-03
3.16733e-03
4.15690e-03
5.01224e-03
4.42283e-03
3.74018e-03
4.51017e-03
4.17246e-03
2.84628e-03
1.81515e-03
1.84767e-03
2.10412e-03
2.15676e-03
2.73412e-03
3.27871e-03
2.50596e-03
2.20412e-03
2.10236e-03
9.19770e-04
-3.23095e-04
-5.40554e-04
1.45463e-03
2.97379e-03
2.96664e-03
2.83827e-03
2.97078e-03
3.03607e-03
3.06013e-03
2.87527e-03
1.63304e-03
3.15752e-04
-8.01796e-04
-1.06752e-03
-9.09929e-04
-8.41709e-04
-8.08377e-04
-7.24738e-04
-1.44346e-03
-2.73503e-03
-2.94714e-03
-2.68989e-03
-2.65951e-03
-2.65981e-03
-2.55764e-03
-2.45075e-03
-2.12250e-03
-7.47022e-04
7.69276e-05
-7.52172e-05
-1.03993e-03
-2.13104e-03
-2.22521e-03
-1.99374e-03
-1.92353e-03
-1.90002e-03
-1.90638e-03
-1.82154e-03
-1.72371e-03
-1.67258e-03
-1.65707e-03
-1.58617e-03
-1.52062e-03
-1.04881e-03
9.35898e-04
3.01319e-03
3.18248e-03
8.40592e-04
-1.35311e-03
-1.32592e-03
-9.46881e-04
-9.90926e-04
-1.17411e-03
-2.51582e-03
-4.73709e-03
-5.55501e-03
-5.24663e-03
-5.04983e-03
-5.06298e-03
-5.01955e-03
-4.44547e-03
-2.30343e-03
-3.23913e-04
-1.62896e-04
-1.69150e-04
8.28387e-04
4.47809e-04
-2.41016e-04
-3.05362e-05
1.27174e-03
1.93654e-03
6.16387e-04
-4.53089e-05
1.24837e-03
3.79520e-03
5.01029e-03
4.79244e-03
4.01496e-03
2.74257e-03
1.38914e-03
7.99199e-04
2.58751e-03
4.91984e-03
5.33288e-03
3.88485e-03
1.56052e-03
2.20736e-04
-1.46776e-03
-4.15452e-03
-5.80852e-03
-5.91768e-03
-6.58557e-03
-5.63205e-03
-2.63341e-03
-6.19363e-04
6.11508e-04
3.10556e-03
5.62377e-03
6.20803e-03
5.90415e-03
5.90475e-03
5.41418e-03
2.79457e-03
1.27493e-03
1.64310e-03
1.80907e-03
3.00080e-04
-1.69119e-03
-4.79523e-04
1.94577e-03
2.32753e-03
1.75232e-03
2.27346e-04
-1.94338e-03
-3.35569e-03
-5.29239e-03
-6.69562e-03
-6.29659e-03
-4.24427e-03
-2.12303e-03
-1.61659e-03
-6.69000e-04
1.76259e-03
2.97548e-03
2.75428e-03
2.62194e-03
2.43022e-03
1.16663e-04
-1.87504e-03
-1.77332e-03
-1.42534e-03
-1.46017e-03
-1.42600e-03
-1.31059e-03
-1.25657e-03
-1.30039e-03
-2.30837e-03
-4.59122e-03
-5.82381e-03
-5.60130e-03
-4.71804e-03
-2.53970e-03
-6.11634e-04
9.76500e-04
3.49115e-03
5.67232e-03
5.25500e-03
3.68206e-03
3.51775e-03
3.88748e-03
3.92743e-03
3.79688e-03
2.85261e-03
1.73360e-03
1.33105e-03
7.58947e-04
2.17650e-03
4.21326e-03
4.58736e-03
5.08530e-03
6.27847e-03
6.04969e-03
4.36932e-03
1.94560e-03
-8.65464e-05
-5.68434e-04
-2.25052e-03
-4.20693e-03
-4.39602e-03
-4.28467e-03
-5.19648e-03
-4.76563e-03
-3.83298e-03
-2.78658e-03
-5.03075e-04
1.20469e-03
1.93862e-03
1.15635e-03
1.49577e-03
3.09301e-03
4.60403e-03
5.41476e-03
5.42204e-03
5.20579e-03
3.18963e-03
3.91844e-04
-2.72317e-03
-5.90526e-03
-7.72610e-03
-7.81952e-03
-7.55497e-03
-7.18152e-03
-5.21247e-03
-2.28342e-03
-4.92828e-04
6.57041e-04
1.25574e-03
5.41971e-04
1.10849e-03
1.78941e-03
1.77298e-03
1.74872e-03
1.84391e-03
1.87577e-03
1.72449e-03
-2.86338e-04
-2.59188e-03
-2.69166e-03
-2.21016e-03
-1.32415e-03
9.23305e-04
2.46972e-03
2.44086e-03
2.22001e-03
1.56168e-03
3.67267e-04
-7.09268e-05
-7.46332e-04
-7.26121e-04
-1.27668e-03
-1.78073e-03
-5.15919e-04
2.02345e-03
3.08778e-03
2.87403e-03
2.85559e-03
2.89208e-03
1.55683e-03
-4.48466e-04
-4.65081e-04
-1.07739e-04
-1.96530e-04
-1.27841e-03
-2.74392e-03
-3.08292e-03
-1.53052e-03
-7.09424e-04
-8.88888e-04
-9.60987e-04
-8.74546e-04
-8.16162e-04
-7.52922e-04
-6.59194e-04
-6.35722e-04
-9.30738e-04
-1.66071e-03
-9.69407e-04
-3.27637e-04
-3.58272e-04
-6.80435e-04
-1.92340e-03
-2.65664e-03
-2.47433e-03
-2.26996e-03
-2.24178e-03
-2.24355e-03
-2.16302e-03
-1.40783e-03
-1.02814e-03
-1.85309e-03
-1.75440e-03
-2.04866e-04
5.73691e-04
4.17713e-04
2.19707e-04
-6.20131e-04
1.87674e-04
2.53835e-03
3.21127e-03
2.70896e-03
1.51360e-03
6.94520e-04
8.07501e-04
9.90926e-04
9.95340e-04
1.00977e-03
1.04789e-03
1.14660e-03
1.22762e-03
1.26749e-03
1.43175e-03
2.88743e-03
5.34253e-03
6.22717e-03
5.94533e-03
5.90013e-03
6.04561e-03
6.07675e-03
5.55797e-03
4.22841e-03
2.88043e-03
6.38001e-04
-2.06787e-03
-4.24018e-03
-4.28373e-03
-2.66033e-03
-1.94153e-03
-7.91925e-04
9.28968e-04
-6.82312e-04
-2.46921e-03
-2.25764e-03
-1.84867e-03
-2.10207e-03
-3.81692e-03
-5.94562e-03
-6.46121e-03
-6.02797e-03
-4.59187e-03
-2.24126e-03
-1.24877e-03
-1.44792e-03
-1.51352e-03
-1.71070e-03
-4.02237e-03
-5.95110e-03
-5.78310e-03
-4.67634e-03
-2.49151e-03
-8.24967e-04
-7.03449e-06
1.24585e-03
2.75560e-03
3.64898e-03
3.71118e-03
3.64018e-03
2.92255e-03
3.50725e-04
-9.30858e-04
-5.70294e-04
-3.36935e-04
-3.92348e-04
-3.84869e-04
-2.80776e-04
7.10262e-04
3.29647e-03
6.25742e-03
8.50395e-03
9.08917e-03
7.42627e-03
4.52957e-03
1.88025e-03
4.64983e-04
2.26981e-03
4.13623e-03
3.12341e-03
1.15532e-03
-2.08321e-03
-4.53249e-03
-5.68004e-03
-6.01155e-03
-5.92277e-03
-5.80234e-03
-5.48170e-03
-3.74479e-03
-9.20560e-04
2.29645e-03
5.98768e-03
8.11745e-03
7.38127e-03
3.91142e-03
5.72988e-04
-8.97931e-04
-7.94168e-04
-5.39863e-04
-1.55601e-04
1.78594e-03
3.83246e-03
3.20534e-03
2.47233e-04
-3.81028e-03
-6.74340e-03
-7.07014e-03
-6.58409e-03
-5.37857e-03
-2.63648e-03
1.03839e-03
4.19560e-03
4.97835e-03
4.70401e-03
4.54607e-03
3.16858e-03
9.58781e-04
-3.30089e-04
-1.36319e-03
-1.82007e-03
-2.56019e-03
-2.59234e-03
-3.02563e-03
-4.29197e-03
-6.52314e-03
-9.17400e-03
-1.15049e-02
-1.19059e-02
-9.64118e-03
-5.78425e-03
-7.99417e-04
4.07349e-03
7.63934e-03
8.61923e-03
8.25861e-03
7.33658e-03
5.94929e-03
3.41941e-03
1.70020e-03
1.28110e-03
2.61782e-04
-1.44350e-04
9.38212e-05
-1.31008e-04
-1.99928e-03
-4.02619e-03
-3.43527e-03
-1.59557e-03
-1.51273e-04
1.09689e-03
2.56072e-03
3.03870e-03
1.85182e-03
-4.93860e-04
-1.89777e-03
-2.98423e-03
-3.46153e-03
-2.37656e-03
-7.36394e-04
9.76442e-04
3.12918e-03
3.34686e-03
1.78462e-03
1.16444e-03
3.18404e-04
-1.67713e-04
1.84792e-03
4.87595e-03
6.67496e-03
7.91988e-03
8.86551e-03
7.91065e-03
3.69950e-03
-1.88151e-03
-7.08405e-03
-1.16147e-02
-1.33568e-02
-1.14787e-02
-5.52392e-03
1.80665e-03
8.10345e-03
1.20161e-02
1.38083e-02
1.27178e-02
8.87326e-03
4.45341e-03
-2.15505e-04
-4.09156e-03
-7.81168e-03
-1.06888e-02
-1.19831e-02
-1.19025e-02
-1.09957e-02
-7.11450e-03
-1.18368e-03
4.14036e-03
6.63268e-03
6.52457e-03
5.78614e-03
4.61580e-03
5.09022e-03
6.45042e-03
5.25576e-03
1.85356e-03
-2.86268e-03
-7.16373e-03
-8.79305e-03
-8.25253e-03
-6.27381e-03
-3.54065e-03
-1.50022e-03
-4.69537e-05
2.39525e-03
5.26688e-03
7.96315e-03
1.06534e-02
1.20966e-02
9.47297e-03
4.62234e-03
1.80511e-03
-2.98050e-04
-9.49200e-04
-6.65651e-04
-5.31521e-04
-5.60703e-04
-1.82846e-03
-4.50530e-03
-5.32892e-03
-5.76627e-03
-5.28491e-03
-3.83770e-03
-2.28740e-03
-2.31279e-04
3.45478e-03
6.57293e-03
7.87160e-03
8.86519e-03
8.27428e-03
6.52607e-03
3.02894e-03
-1.11801e-03
-2.88787e-03
-3.47118e-03
-2.21579e-03
5.85160e-04
3.48212e-03
6.13553e-03
7.76299e-03
7.68135e-03
5.57215e-03
4.96669e-04
-6.32911e-03
-1.19790e-02
-1.54850e-02
-1.55900e-02
-9.13412e-03
5.11785e-04
7.70448e-03
1.17487e-02
1.15893e-02
8.31319e-03
4.16547e-03
9.86508e-04
-1.32555e-03
-2.43043e-03
-3.01946e-03
-5.55990e-03
-6.99456e-03
-6.58105e-03
-6.28909e-03
-6.37403e-03
-5.94077e-03
-3.74277e-03
-1.66345e-03
-1.80918e-03
-4.38031e-03
-7.04404e-03
-9.59978e-03
-1.06103e-02
-1.03029e-02
-1.00740e-02
-1.00834e-02
-1.00292e-02
-8.30063e-03
-3.67330e-03
-1.05176e-04
3.10439e-03
7.20703e-03
8.57409e-03
7.88959e-03
5.69323e-03
3.05585e-03
3.46826e-04
-7.93471e-04
9.87559e-04
4.91797e-03
8.39335e-03
1.00723e-02
8.53633e-03
3.81602e-03
-3.39999e-03
-8.65724e-03
-1.09775e-02
-1.27245e-02
-1.26611e-02
-1.01693e-02
-8.06198e-03
-5.10915e-03
-2.01951e-04
3.46974e-03
5.80575e-03
8.46739e-03
1.26753e-02
1.78750e-02
2.07108e-02
1.92607e-02
1.40493e-02
6.39457e-03
-4.60760e-04
-3.88337e-03
-5.34816e-03
-5.58737e-03
-4.48010e-03
-3.20230e-03
-3.05601e-03
-3.15444e-03
-3.08417e-03
-3.02591e-03
-2.80985e-03
-1.20508e-03
1.15565e-03
1.92048e-03
1.69880e-03
1.61072e-03
1.55767e-04
-4.08673e-03
-9.10246e-03
-1.28486e-02
-1.54472e-02
-1.46543e-02
-1.13724e-02
-6.69533e-03
-2.38539e-03
2.35524e-04
4.64199e-03
8.97973e-03
1.12231e-02
1.16383e-02
1.07275e-02
8.49727e-03
6.71167e-03
4.37686e-03
1.82184e-03
-8.53397e-04
-1.83714e-03
-3.64926e-03
-8.65869e-03
-1.36058e-02
-1.49355e-02
-1.43802e-02
-1.40521e-02
-1.18069e-02
-6.80758e-03
-2.68827e-03
-8.35220e-04
-1.24990e-03
-1.70573e-03
-6.90054e-04
2.46445e-04
2.84020e-03
6.71814e-03
8.94430e-03
1.01860e-02
1.23824e-02
1.35377e-02
1.34616e-02
1.41686e-02
1.57391e-02
1.72791e-02
1.81906e-02
1.71734e-02
1.15192e-02
1.36597e-03
-7.76947e-03
-1.25397e-02
-1.39735e-02
-1.19590e-02
-6.84712e-03
-2.14217e-03
4.46812e-05
-1.56779e-03
-4.39819e-03
-7.06830e-03
-7.81708e-03
-7.18042e-03
-4.22083e-03
1.39682e-03
7.07856e-03
1.13905e-02
1.41384e-02
1.53886e-02
1.50743e-02
1.32325e-02
1.11234e-02
9.15168e-03
6.91901e-03
6.54731e-03
6.30781e-03
3.67322e-03
1.50218e-03
-2.53875e-04
-1.59335e-03
-1.68801e-03
-9.50822e-04
1.16827e-03
3.15845e-03
3.37778e-03
1.87489e-03
-3.98156e-04
-2.18187e-03
-4.60740e-03
-5.49544e-03
-5.06040e-03
-4.88178e-03
-5.25285e-03
-7.10247e-03
-1.05765e-02
-1.36984e-02
-1.60799e-02
-1.78241e-02
-1.73482e-02
-1.38849e-02
-7.51775e-03
7.98436e-06
7.67500e-03
1.41271e-02
1.81672e-02
1.88545e-02
1.83262e-02
1.68360e-02
1.31243e-02
9.00298e-03
4.68083e-03
5.66820e-04
-1.05563e-03
3.86177e-04
2.01941e-03
2.99668e-03
3.70709e-03
-1.09819e-04
-9.84909e-03
-1.74958e-02
-1.96372e-02
-1.76556e-02
-1.32998e-02
-7.00256e-03
1.92615e-05
6.76870e-03
1.24689e-02
1.72433e-02
2.11757e-02
2.29003e-02
2.16293e-02
1.90253e-02
1.22480e-02
9.11601e-04
-9.33677e-03
-1.44704e-02
-1.73338e-02
-1.82417e-02
-1.73708e-02
-1.79050e-02
-1.82458e-02
-1.65982e-02
-1.36195e-02
-1.07719e-02
-9.01530e-03
-8.84603e-03
-1.01227e-02
-1.11228e-02
-1.09402e-02
-1.06999e-02
-1.04824e-02
-7.79566e-03
-2.68928e-03
1.49337e-03
5.97874e-03
9.66818e-03
9.83815e-03
6.81942e-03
3.14966e-03
7.39222e-05
-2.87013e-03
-4.57372e-03
-6.46346e-03
-7.23827e-03
-5.70269e-03
-3.98847e-03
-1.92784e-03
-3.17631e-04
-1.39059e-04
-3.24437e-04
-1.95427e-04
1.23313e-03
5.01228e-03
8.95647e-03
1.33977e-02
1.82853e-02
2.13886e-02
2.24472e-02
2.08625e-02
1.60044e-02
9.18138e-03
4.13753e-03
1.54236e-03
-1.75122e-03
-5.81169e-03
-1.02342e-02
-1.65392e-02
-2.27583e-02
-2.36879e-02
-2.06559e-02
-1.61606e-02
-1.10893e-02
-7.24470e-03
-5.03027e-03
-1.22916e-03
5.58012e-03
1.33519e-02
1.93335e-02
2.27752e-02
2.00354e-02
1.17613e-02
2.39618e-03
-7.74245e-03
-1.55341e-02
-1.89685e-02
-1.87331e-02
-1.91799e-02
-2.18857e-02
-2.47224e-02
-2.50177e-02
-2.16461e-02
-1.36009e-02
-2.80052e-03
7.28151e-03
1.48663e-02
1.96196e-02
2.13255e-02
2.05154e-02
1.90810e-02
1.96684e-02
2.00439e-02
1.87918e-02
1.67057e-02
1.34548e-02
8.37598e-03
9.38841e-04
-5.98643e-03
-7.42014e-03
-5.25577e-03
-3.48108e-03
-1.46993e-03
2.74698e-04
2.80310e-03
6.08159e-03
7.81046e-03
7.73455e-03
5.08830e-03
-4.80831e-04
-5.79122e-03
-6.89858e-03
-4.90440e-03
-1.05715e-03
2.49751e-03
4.69272e-03
5.89583e-03
7.93717e-03
9.71942e-03
9.86863e-03
9.26875e-03
7.98182e-03
5.94054e-03
3.26592e-03
6.32976e-04
-1.19008e-03
-1.14762e-03
-7.94556e-04
-8.04706e-04
-6.91596e-04
8.31038e-04
3.34492e-03
4.83374e-03
5.82390e-03
5.21752e-03
4.01482e-03
3.94626e-03
4.21326e-03
5.05487e-03
7.57347e-03
1.18320e-02
1.65185e-02
1.73864e-02
1.41241e-02
1.09472e-02
5.76415e-03
-4.47256e-04
-4.50089e-03
-7.96700e-03
-1.12056e-02
-1.28707e-02
-1.28895e-02
-1.24997e-02
-1.08652e-02
-7.87445e-03
-5.05509e-03
-3.50576e-03
-3.36460e-03
-3.90202e-03
-6.36547e-03
-8.13240e-03
-7.95692e-03
-8.53812e-03
-1.08472e-02
-1.24859e-02
-1.39826e-02
-1.64619e-02
-1.83995e-02
-1.75182e-02
-1.45927e-02
-1.10618e-02
-7.75793e-03
-6.73715e-03
-7.87110e-03
-1.04589e-02
-1.40701e-02
-1.63701e-02
-1.79939e-02
-1.97675e-02
-2.01919e-02
-1.95417e-02
-1.52698e-02
-7.22661e-03
-6.70628e-04
3.36925e-03
6.10549e-03
8.72285e-03
1.10724e-02
1.08501e-02
7.91430e-03
6.82116e-03
7.21168e-03
6.01351e-03
3.63099e-03
2.78027e-03
3.11871e-03
3.45667e-03
5.91834e-03
1.14481e-02
1.72485e-02
2.17497e-02
2.43889e-02
2.35997e-02
2.08569e-02
1.73912e-02
1.28313e-02
9.61603e-03
8.12184e-03
5.71669e-03
8.32236e-04
-3.77207e-03
-6.14689e-03
-8.44299e-03
-1.00321e-02
-8.57450e-03
-2.94915e-03
3.86133e-03
8.71186e-03
9.52971e-03
9.04615e-03
8.67327e-03
6.32661e-03
3.46956e-03
-5.20803e-04
-5.92619e-03
-1.20044e-02
-1.79420e-02
-2.16245e-02
-2.28132e-02
-2.04131e-02
-1.50507e-02
-8.68910e-03
-2.36354e-03
1.57406e-03
3.24744e-03
4.33539e-03
5.75447e-03
7.45179e-03
9.32621e-03
7.69591e-03
1.77562e-03
-4.10088e-03
-7.07996e-03
-1.00657e-02
-1.18604e-02
-1.09046e-02
-6.98876e-03
-1.92159e-04
7.65651e-03
1.47184e-02
1.80048e-02
1.87111e-02
1.98780e-02
2.15163e-02
2.28520e-02
2.41870e-02
2.47502e-02
2.25248e-02
1.61960e-02
8.00441e-03
1.02257e-03
-3.20330e-03
-7.26341e-03
-1.04216e-02
-1.08923e-02
-1.16023e-02
-1.24784e-02
-1.24413e-02
-1.21139e-02
-1.06563e-02
-6.48527e-03
4.24414e-05
9.75184e-03
1.86125e-02
2.25204e-02
2.14070e-02
1.44007e-02
2.43330e-03
-1.01854e-02
-1.84695e-02
-2.17716e-02
-2.04829e-02
-1.47594e-02
-6.51470e-03
3.68430e-03
1.08449e-02
1.29966e-02
1.23594e-02
8.93703e-03
3.93441e-03
-2.25766e-03
-7.35252e-03
-9.39527e-03
-1.08093e-02
-1.26788e-02
-1.31317e-02
-1.29960e-02
-1.38232e-02
-1.26593e-02
-7.74202e-03
-2.77018e-03
2.61269e-05
2.18172e-03
3.29750e-03
3.25880e-03
4.03286e-03
8.62170e-03
1.62789e-02
1.97713e-02
1.85968e-02
1.53917e-02
9.67621e-03
3.31578e-03
6.03193e-04
-1.98866e-04
-1.31706e-03
-4.24118e-03
-8.60075e-03
-1.47117e-02
-2.03679e-02
-2.25901e-02
-2.16233e-02
-1.79711e-02
-1.36706e-02
-1.00624e-02
-8.25687e-03
-7.09185e-03
-5.77535e-03
-3.25679e-03
1.06853e-03
6.89839e-03
1.33037e-02
1.78489e-02
1.85473e-02
1.89142e-02
1.84997e-02
1.54022e-02
9.70662e-03
2.07361e-03
-4.71442e-03
-9.26183e-03
-1.04168e-02
-8.15773e-03
-4.25503e-03
5.85006e-04
3.33828e-03
2.42132e-03
-2.10668e-03
-9.50891e-03
-1.65966e-02
-1.96029e-02
-2.01114e-02
-1.89863e-02
-1.57828e-02
-1.17349e-02
-8.42808e-03
-7.28468e-03
-7.09092e-03
-5.13257e-03
-1.72324e-03
2.08908e-03
5.50961e-03
7.88475e-03
8.45627e-03
8.25356e-03
8.29989e-03
7.98043e-03
5.47583e-03
2.62351e-03
-6.07487e-04
-3.51756e-03
-4.82022e-03
-4.72030e-03
-4.54916e-03
-4.04739e-03
-2.61190e-03
-1.93681e-03
-7.43205e-04
2.04244e-03
4.99055e-03
8.49867e-03
1.33991e-02
1.76176e-02
1.98669e-02
1.98421e-02
1.67145e-02
1.14769e-02
6.22039e-03
1.41332e-03
-2.91104e-03
-4.26970e-03
-3.72456e-03
-3.56294e-03
-3.69016e-03
-3.65254e-03
-3.52503e-03
-3.49371e-03
-3.56114e-03
-4.53145e-03
-5.62366e-03
-6.11999e-03
-7.27295e-03
-6.88903e-03
-4.12898e-03
-1.10587e-03
1.47993e-03
4.05433e-03
5.98524e-03
7.26068e-03
8.04130e-03
6.90374e-03
5.35915e-03
3.38001e-03
1.68148e-03
3.67892e-04
-1.71737e-03
-2.72678e-03
-2.45718e-03
-2.22186e-03
-2.27932e-03
-2.28079e-03
-2.19775e-03
-2.06499e-03
-1.23124e-03
3.31783e-04
2.76398e-03
6.54461e-03
9.23984e-03
1.03881e-02
1.15371e-02
1.30237e-02
1.40522e-02
1.40696e-02
1.33032e-02
1.07811e-02
5.68640e-03
-6.62403e-04
-7.67732e-03
-1.48084e-02
-1.89256e-02
-1.89874e-02
-1.71091e-02
-1.41536e-02
-9.59661e-03
-4.66543e-03
-4.71105e-04
4.39007e-03
9.21692e-03
1.29849e-02
1.50331e-02
1.44300e-02
1.16198e-02
7.39644e-03
2.57346e-03
-1.22840e-03
-3.34676e-03
-2.54920e-03
-1.79535e-03
-1.87487e-03
-2.41462e-03
-4.35944e-03
-6.19220e-03
-6.26293e-03
-5.90239e-03
-5.87063e-03
-6.39991e-03
-8.48425e-03
-1.13566e-02
-1.48159e-02
-1.75213e-02
-2.00009e-02
-2.03418e-02
-1.62253e-02
-9.27425e-03
-1.69494e-03
6.23063e-03
1.44640e-02
2.06660e-02
2.23511e-02
2.15897e-02
1.97695e-02
1.72230e-02
1.45510e-02
1.09803e-02
6.33478e-03
2.18626e-03
-1.68577e-03
-4.02090e-03
-4.05885e-03
-3.70078e-03
-3.93305e-03
-5.66531e-03
-8.44948e-03
-1.10909e-02
-1.43712e-02
-1.65182e-02
-1.51873e-02
-1.37841e-02
-1.22219e-02
-7.52619e-03
-1.50225e-03
4.09203e-03
9.33339e-03
1.29819e-02
1.33526e-02
1.13611e-02
7.52337e-03
3.55131e-03
5.02338e-04
-6.47829e-05
5.87653e-04
2.28232e-03
5.13632e-03
6.65021e-03
5.58442e-03
4.69356e-03
1.93380e-03
-2.47157e-03
-4.47508e-03
-5.99273e-03
-7.46915e-03
-7.34321e-03
-5.35933e-03
-3.00826e-03
-1.63334e-03
-1.44499e-03
-2.08314e-03
-1.27604e-03
-1.48756e-03
-2.22471e-03
-2.13425e-03
-1.84099e-03
-1.75136e-03
-1.16685e-03
2.96626e-04
9.43033e-04
8.75528e-04
5.62089e-04
-6.54662e-04
-1.24094e-03
-9.80842e-04
-7.92585e-04
-4.05443e-04
1.05336e-03
2.61663e-03
4.02299e-03
5.47476e-03
6.55701e-03
6.12458e-03
4.22683e-03
2.29451e-03
8.23619e-04
4.87881e-04
1.52211e-03
1.86700e-03
4.05514e-03
8.10540e-03
1.01961e-02
9.99705e-03
9.79827e-03
1.00360e-02
1.03990e-02
1.20119e-02
1.48370e-02
1.70311e-02
1.73530e-02
1.58038e-02
1.16308e-02
6.27276e-03
1.13338e-03
-3.04217e-03
-5.66151e-03
-6.56584e-03
-5.99445e-03
-4.43406e-03
-3.64955e-03
-2.73690e-03
-1.50518e-03
-1.25130e-03
-2.48064e-03
-6.72899e-03
-1.23225e-02
-1.72808e-02
-1.91096e-02
-1.85921e-02
-1.74799e-02
-1.35674e-02
-6.88413e-03
-2.26593e-03
-5.09299e-04
-1.61036e-04
-2.30268e-04
-1.40526e-03
-3.94447e-03
-6.18214e-03
-6.61872e-03
-6.25650e-03
-6.10666e-03
-5.76603e-03
-3.87425e-03
-8.71983e-04
2.48969e-03
6.32656e-03
9.44646e-03
1.07260e-02
1.18965e-02
1.24879e-02
1.14155e-02
9.70680e-03
6.29482e-03
9.93371e-04
-4.39350e-03
-9.17078e-03
-1.16706e-02
-1.15390e-02
-1.10886e-02
-1.10868e-02
-1.09500e-02
-9.75580e-03
-8.22332e-03
-6.19972e-03
-4.19218e-03
-3.77612e-03
-3.95586e-03
-3.84713e-03
-3.22163e-03
-1.72277e-03
-1.86800e-04
2.01137e-03
3.44687e-03
3.44879e-03
3.32648e-03
2.52751e-03
2.75803e-04
-1.28430e-03
-2.74529e-03
-5.29774e-03
-7.96459e-03
-9.39614e-03
-9.58737e-03
-1.06043e-02
-1.08952e-02
-9.33629e-03
-7.72863e-03
-6.61671e-03
-5.98777e-03
-3.33539e-03
7.10435e-04
3.86389e-03
6.14883e-03
7.58632e-03
8.90721e-03
8.93754e-03
7.55219e-03
7.16491e-03
7.47083e-03
8.03270e-03
1.01276e-02
1.29957e-02
1.47493e-02
1.59215e-02
1.68376e-02
1.63395e-02
1.34193e-02
1.01390e-02
7.27607e-03
4.03539e-03
1.33176e-03
-1.13360e-03
-4.65472e-03
-9.73051e-03
-1.45104e-02
-1.61710e-02
-1.51538e-02
-1.19011e-02
-6.60699e-03
-2.13752e-04
6.29368e-03
1.10480e-02
1.42954e-02
1.57671e-02
1.44055e-02
1.11423e-02
6.62116e-03
2.78179e-03
4.04707e-04
-1.36667e-03
-3.42879e-04
9.71503e-04
2.50174e-04
-2.15168e-03
-3.83954e-03
-5.19012e-03
-7.24436e-03
-7.99586e-03
-6.99110e-03
-6.39748e-03
-7.56636e-03
-9.45221e-03
-1.19147e-02
-1.39225e-02
-1.41939e-02
-1.38670e-02
-1.35768e-02
-1.22422e-02
-1.07101e-02
-8.42415e-03
-4.41055e-03
6.59393e-04
4.41808e-03
6.86676e-03
9.33924e-03
1.10767e-02
1.10487e-02
9.59451e-03
8.23221e-03
7.03828e-03
5.88584e-03
4.63573e-03
3.37917e-03
2.60269e-03
2.67604e-03
3.71391e-03
6.05606e-03
7.76594e-03
8.97325e-03
1.03372e-02
1.17661e-02
1.20579e-02
1.08290e-02
9.46269e-03
7.80979e-03
5.77957e-03
3.72882e-03
1.40934e-03
1.01686e-03
1.45567e-03
2.09634e-03
4.29097e-03
7.20437e-03
9.67060e-03
1.06902e-02
1.01361e-02
7.95073e-03
4.20854e-03
-1.49095e-03
-6.81239e-03
-1.03310e-02
-1.14727e-02
-1.05181e-02
-8.86498e-03
-7.24011e-03
-4.79626e-03
-1.97511e-03
7.29530e-04
2.46400e-03
2.67439e-03
2.26571e-03
1.05255e-03
3.15757e-04
4.74506e-04
6.70784e-04
7.06761e-04
3.91456e-04
-8.89990e-04
-2.77802e-03
-6.21381e-03
-9.27690e-03
-1.00449e-02
-8.14766e-03
-5.70858e-03
-4.36695e-03
-2.41284e-03
-7.76792e-04
-6.63025e-04
-8.49209e-04
-1.35937e-03
-3.42762e-03
-5.33587e-03
-6.73660e-03
-8.39127e-03
-8.47650e-03
-8.81855e-03
-9.26431e-03
-9.22681e-03
-9.05471e-03
-8.97899e-03
-8.21077e-03
-5.81753e-03
-2.99334e-03
-3.83003e-04
2.31958e-03
4.45976e-03
4.81734e-03
3.47025e-03
1.14514e-03
-2.46815e-04
-1.38180e-03
-2.57565e-03
-3.82950e-03
-5.17449e-03
-6.40074e-03
-7.70476e-03
-8.18733e-03
-6.92352e-03
-4.28294e-03
-1.53116e-03
1.56618e-03
6.44234e-03
1.11755e-02
1.27228e-02
1.20214e-02
9.71980e-03
6.33472e-03
4.48870e-03
2.65668e-03
1.38569e-03
1.44811e-03
1.66656e-03
1.66080e-03
1.67059e-03
1.72275e-03
1.07747e-03
-1.54150e-03
-3.02050e-03
-3.44576e-03
-3.38946e-03
-2.16404e-03
-9.95432e-04
-1.76783e-03
-2.65776e-03
-4.55823e-03
-7.15494e-03
-9.89968e-03
-1.12379e-02
-1.09478e-02
-1.06111e-02
-9.31395e-03
-6.36891e-03
-2.47192e-03
1.65620e-03
5.46711e-03
7.47684e-03
7.44693e-03
6.69244e-03
4.76986e-03
2.95805e-03
2.63089e-03
2.01822e-03
2.42391e-03
3.94664e-03
5.38366e-03
5.80147e-03
6.87281e-03
7.91479e-03
7.31942e-03
5.01973e-03
3.40659e-03
3.48684e-03
4.05604e-03
5.42794e-03
6.22059e-03
7.01131e-03
8.26406e-03
8.18749e-03
6.18710e-03
3.42073e-03
7.90496e-04
-1.66318e-03
-3.92153e-03
-4.79320e-03
-4.52772e-03
-3.50924e-03
-1.16401e-03
5.35604e-04
2.20413e-03
4.32533e-03
5.75295e-03
6.88966e-03
7.19251e-03
7.06992e-03
6.54617e-03
5.24390e-03
4.60070e-03
2.68395e-03
2.39215e-04
-6.39814e-04
4.66393e-04
1.03583e-03
5.67039e-06
-2.27845e-04
-4.72265e-04
-1.11379e-03
-1.17491e-03
-1.91352e-03
-3.50811e-03
-6.10035e-03
-7.67126e-03
-6.74667e-03
-4.13077e-03
-8.15305e-04
2.98144e-03
6.32414e-03
8.38284e-03
8.66164e-03
7.50781e-03
5.91032e-03
3.38790e-03
1.38791e-03
-4.28341e-04
-2.09128e-03
-2.25173e-03
-1.91907e-03
-2.26256e-03
-3.65954e-03
-5.00880e-03
-6.10178e-03
-6.21417e-03
-5.97440e-03
-5.45950e-03
-4.06534e-03
-4.27891e-03
-5.70887e-03
-5.93694e-03
-5.61921e-03
-5.55612e-03
-5.50213e-03
-5.28557e-03
-4.06289e-03
-2.96319e-03
-2.93933e-03
-2.30526e-03
7.50412e-05
1.98145e-03
3.25713e-03
4.03726e-03
4.08574e-03
4.09691e-03
4.20896e-03
4.27383e-03
4.27825e-03
3.33702e-03
5.75670e-04
-2.16708e-03
-4.43745e-03
-6.14534e-03
-7.67116e-03
-6.37526e-03
-3.98639e-03
-2.41720e-03
-3.81372e-04
8.07270e-04
7.88916e-04
7.18842e-04
8.35103e-04
5.17501e-04
-1.92726e-03
-3.78742e-03
-4.20899e-03
-4.45751e-03
-4.44216e-03
-3.99054e-03
-3.14000e-03
-2.33620e-03
-2.11977e-04
1.61550e-03
1.52167e-03
-3.03657e-04
-2.44590e-03
-2.91612e-03
-2.63140e-03
-2.52873e-03
-2.18657e-03
-3.85594e-04
1.84542e-03
2.37439e-03
2.16213e-03
2.48449e-03
3.92412e-03
4.79615e-03
3.96399e-03
2.55062e-03
2.16941e-03
9.04079e-04
-1.34786e-03
-2.06319e-03
-1.69453e-03
-1.35209e-03
9.67541e-05
2.45557e-03
3.31009e-03
3.07131e-03
3.01068e-03
3.17481e-03
3.24182e-03
2.93779e-03
1.58106e-03
-2.22084e-04
-1.10104e-03
-9.91562e-04
-3.04711e-04
1.77025e-03
3.70657e-03
3.93122e-03
3.73216e-03
3.82131e-03
3.90164e-03
3.91032e-03
4.10920e-03
5.57840e-03
7.98221e-03
8.27103e-03
6.64170e-03
6.03895e-03
5.22593e-03
4.23222e-03
4.21597e-03
4.46965e-03
4.41030e-03
3.33119e-03
1.94004e-03
5.93976e-04
7.96928e-05
1.76590e-04
-5.73918e-04
-8.22879e-04
-1.22970e-03
-2.45806e-03
-3.82947e-03
-4.06602e-03
-3.81940e-03
-3.74206e-03
-3.77164e-03
-4.45287e-03
-4.82094e-03
-3.81001e-03
-3.41643e-03
-3.58411e-03
-3.55847e-03
-3.45536e-03
-3.39573e-03
-3.39357e-03
-2.92537e-03
-1.45568e-03
-4.15049e-07
1.15966e-03
1.39118e-03
1.28448e-03
1.31649e-03
1.38605e-03
1.38201e-03
1.39559e-03
7.49993e-04
-1.90857e-03
-3.26098e-03
-2.94341e-03
-2.73684e-03
-2.77854e-03
-2.75567e-03
-2.72436e-03
-2.71444e-03
-2.67790e-03
-2.60022e-03
-2.56702e-03
-2.51568e-03
-2.55790e-03
-3.52812e-03
-4.67869e-03
-4.76304e-03
-4.54142e-03
-3.75575e-03
-2.42619e-03
-2.08153e-03
-2.23852e-03
-2.26458e-03
-2.83862e-03
-4.17555e-03
-4.72319e-03
-5.67052e-03
-6.58830e-03
-6.56633e-03
-5.62449e-03
-4.26583e-03
-3.95194e-03
-4.11947e-03
-4.10283e-03
-3.97685e-03
-3.05853e-03
-1.80598e-03
-1.57369e-03
-2.13681e-03
-2.83334e-03
-1.92714e-03
-3.09430e-04
9.99144e-04
2.77086e-03
4.94185e-03
6.27925e-03
7.33812e-03
7.56871e-03
7.50793e-03
8.10405e-03
9.54407e-03
1.00581e-02
1.01040e-02
1.10199e-02
1.06743e-02
9.21829e-03
7.78715e-03
6.46882e-03
4.07719e-03
1.66799e-03
5.54106e-04
-4.95235e-04
-9.08965e-04
-1.00248e-03
-2.16348e-03
-2.99382e-03
-2.90780e-03
-3.61279e-03
-4.69905e-03
-3.92498e-03
-4.06115e-03
-4.83437e-03
-4.05702e-03
-2.53147e-03
-2.00458e-03
-8.61506e-04
6.24576e-04
1.89313e-03
1.26629e-03
-2.89881e-04
-1.93848e-03
-3.86210e-03
-3.79483e-03
-1.31080e-03
4.93909e-04
8.13030e-04
1.48179e-03
9.36539e-04
-5.17011e-04
-1.66892e-03
-1.70852e-03
-1.51962e-03
-1.50033e-03
-1.48445e-03
-1.30702e-03
1.30986e-04
2.53681e-03
3.49074e-03
3.24488e-03
3.20708e-03
3.39488e-03
3.46561e-03
3.47555e-03
4.11029e-03
4.68355e-03
3.88668e-03
3.24728e-03
1.71010e-03
-1.00001e-03
-3.64768e-03
-5.05310e-03
-4.96181e-03
-4.30048e-03
-2.91634e-03
-1.42426e-03
-2.11237e-04
5.34700e-05
-2.25218e-05
5.96184e-06
9.56745e-05
2.99038e-04
1.48697e-03
2.98462e-03
4.44271e-03
5.78622e-03
7.17851e-03
8.52448e-03
9.27358e-03
8.07172e-03
7.25519e-03
7.34444e-03
5.49095e-03
2.88084e-03
1.44934e-03
1.08655e-03
1.28997e-03
1.35249e-03
1.15064e-03
1.58711e-05
-8.31071e-04
-6.89315e-04
-4.23468e-04
-3.79031e-04
-3.59861e-04
-3.12283e-04
-2.35606e-04
-4.67758e-05
9.49114e-04
9.79812e-04
5.13408e-04
1.25337e-03
7.97974e-04
2.48336e-04
3.89800e-04
5.39899e-04
5.71302e-04
6.13542e-04
-6.39832e-05
-3.48892e-04
-7.84360e-04
-2.18864e-03
-2.05330e-03
-7.32957e-04
-4.73075e-04
-1.65744e-04
4.91753e-04
-1.16113e-03
-3.07913e-03
-4.27078e-03
-4.90528e-03
-4.82139e-03
-4.68156e-03
-4.67394e-03
-4.27374e-03
-2.43747e-03
-2.24907e-04
3.07217e-04
-1.17633e-04
-1.01741e-03
-9.26683e-04
-1.38141e-03
-1.24975e-03
1.95542e-04
9.25223e-04
1.98525e-03
2.87561e-03
2.82842e-03
1.81551e-03
6.44507e-04
2.48177e-04
-8.34159e-04
-2.20590e-03
-3.36827e-03
-3.55424e-03
-3.32374e-03
-3.24441e-03
-2.64729e-03
-1.24456e-03
-8.86052e-04
-2.38602e-03
-4.70007e-03
-5.98861e-03
-7.04800e-03
-7.38577e-03
-7.40041e-03
-8.18402e-03
-8.23219e-03
-8.12678e-03
-7.23677e-03
-6.74054e-03
-6.49561e-03
-4.73941e-03
-2.43041e-03
-1.91589e-03
-2.22472e-03
-2.18447e-03
-2.03577e-03
-1.47129e-03
-7.84310e-05
5.55245e-04
1.79474e-03
4.17639e-03
5.21045e-03
5.02775e-03
5.77821e-03
6.08522e-03
5.19418e-03
5.00001e-03
5.21424e-03
5.27429e-03
5.29063e-03
5.31614e-03
4.93745e-03
4.26401e-03
5.09878e-03
5.73753e-03
5.65627e-03
5.60717e-03
5.66876e-03
5.74674e-03
5.85102e-03
5.88523e-03
5.89333e-03
5.95439e-03
5.99537e-03
5.83554e-03
3.78657e-03
1.49579e-03
6.11951e-04
-1.70139e-03
-2.94774e-03
-2.63701e-03
-2.40241e-03
-2.45828e-03
-2.45436e-03
-1.63492e-03
6.86494e-04
2.33377e-03
2.66583e-03
4.28219e-03
5.79235e-03
4.88189e-03
4.03994e-03
3.09221e-03
1.87106e-03
-9.80767e-05
-1.97699e-03
-3.29733e-03
-5.36034e-03
-6.53736e-03
-6.34184e-03
-6.06360e-03
-6.09727e-03
-6.14450e-03
-6.11111e-03
-5.54179e-03
-4.13070e-03
-3.59902e-03
-3.79437e-03
-3.76681e-03
-3.63079e-03
-3.63408e-03
-3.63620e-03
-3.58444e-03
-3.57488e-03
-3.55889e-03
-2.92159e-03
-1.49279e-03
-9.92788e-04
-1.20089e-03
-1.25079e-03
-6.91719e-04
8.01430e-04
1.40412e-03
1.19036e-03
1.15274e-03
1.24737e-03
1.24227e-03
1.21246e-03
1.27901e-03
1.19894e-03
1.58888e-06
-9.63575e-04
-9.04116e-04
-7.60295e-04
-7.77157e-04
-7.70695e-04
-1.12735e-03
-2.40846e-03
-3.00218e-03
-2.02386e-03
-1.72096e-03
-2.72311e-03
-2.99791e-03
-2.75317e-03
-2.55342e-03
-1.54246e-03
-3.84018e-04
7.65677e-05
1.26864e-03
2.70504e-03
3.98059e-03
4.27641e-03
4.10863e-03
4.09412e-03
4.13623e-03
3.28791e-03
2.04286e-03
1.64585e-03
5.00516e-04
-3.35163e-04
-9.24852e-04
-2.09904e-03
-2.46941e-03
-2.26925e-03
-2.12599e-03
-1.45536e-03
-9.12708e-05
2.64433e-04
5.03540e-05
5.40685e-04
1.44839e-03
5.76844e-04
-1.04576e-03
-2.08705e-03
-2.07345e-03
-1.83667e-03
-1.82446e-03
-1.86962e-03
-1.79088e-03
-1.70390e-03
-1.71563e-03
-1.69283e-03
-8.68748e-04
5.04510e-04
1.07563e-03
2.18857e-03
3.01521e-03
2.98490e-03
2.82328e-03
1.90258e-03
2.10613e-03
3.59438e-03
5.09445e-03
5.52478e-03
5.36102e-03
5.32614e-03
5.41473e-03
5.43732e-03
5.34411e-03
4.42233e-03
3.08513e-03
1.74875e-03
1.04230e-03
1.15144e-03
2.17331e-03
3.44122e-03
3.64273e-03
3.49659e-03
3.53674e-03
2.84633e-03
1.35937e-03
-2.82611e-04
-2.32430e-03
-3.66596e-03
-4.81268e-03
-5.23121e-03
-6.15299e-03
-7.19600e-03
-7.21459e-03
-7.02890e-03
-6.91341e-03
-5.80504e-03
-4.59121e-03
-4.13965e-03
-2.93899e-03
-1.40078e-03
-2.85046e-05
1.29546e-03
2.23546e-03
2.33637e-03
2.25523e-03
2.27551e-03
2.33663e-03
2.37385e-03
2.37241e-03
2.41618e-03
2.52826e-03
2.72817e-03
3.90884e-03
4.95958e-03
5.03615e-03
4.92731e-03
4.95585e-03
4.80506e-03
3.59958e-03
2.70246e-03
2.88869e-03
3.00458e-03
1.93973e-03
1.03150e-03
2.37227e-03
3.46053e-03
3.22751e-03
1.99236e-03
-2.17709e-04
-2.01616e-03
-4.49568e-03
-5.75908e-03
-6.30865e-03
-7.37595e-03
-7.66597e-03
-7.00578e-03
-5.53362e-03
-4.81410e-03
-4.09980e-03
-3.89637e-03
-3.51296e-03
-2.65761e-03
-2.46356e-03
-1.66323e-03
5.55738e-04
1.06124e-03
1.26188e-03
2.01896e-03
1.41900e-03
-1.08551e-04
-1.45043e-03
-2.33412e-03
-2.26515e-03
-2.06379e-03
-2.08248e-03
-2.03337e-03
-1.91531e-03
-1.89286e-03
-1.88435e-03
-1.82105e-03
-1.88727e-03
-2.89421e-03
-3.93445e-03
-3.96138e-03
-3.75893e-03
-3.72506e-03
-3.61281e-03
-2.39222e-03
-9.02447e-04
4.60517e-04
1.06751e-03
1.14308e-03
1.99389e-03
2.26028e-03
2.68376e-03
3.49423e-03
3.65701e-03
4.45067e-03
5.92214e-03
7.37469e-03
8.20630e-03
8.23147e-03
8.15214e-03
8.19230e-03
8.30717e-03
8.39067e-03
8.39215e-03
8.34842e-03
7.48668e-03
5.29485e-03
3.64955e-03
2.47710e-03
1.96883e-03
1.25055e-03
-9.47728e-04
-2.44219e-03
-2.28709e-03
-1.97090e-03
-2.00819e-03
-2.02321e-03
-1.94076e-03
-1.87213e-03
-1.83659e-03
-2.39638e-03
-3.74915e-03
-4.11106e-03
-3.80281e-03
-3.74559e-03
-3.76608e-03
-3.02734e-03
-1.53471e-03
-5.84019e-05
9.79315e-04
1.05183e-03
9.32206e-04
9.33211e-04
2.20809e-06
-9.19229e-04
3.25453e-04
2.02912e-03
3.36356e-03
3.68373e-03
3.34964e-03
1.84265e-03
-2.85579e-04
-9.44877e-04
-6.75870e-04
-4.96327e-04
6.04238e-04
1.45013e-03
1.55673e-04
-7.38866e-04
-4.93897e-04
-4.72549e-04
-1.70771e-03
-2.66794e-03
-2.58407e-03
-2.37245e-03
-2.31950e-03
-2.32948e-03
-2.31399e-03
-2.75920e-03
-3.38564e-03
-2.50067e-03
-1.88029e-03
-1.95939e-03
-2.04221e-03
-2.01271e-03
-2.75358e-03
-4.07758e-03
-4.25974e-03
-3.95797e-03
-3.95115e-03
-3.96505e-03
-3.85303e-03
-3.81975e-03
-4.14530e-03
-5.42359e-03
-6.12279e-03
-5.93427e-03
-5.78494e-03
-5.83710e-03
-5.83429e-03
-5.68936e-03
-4.88951e-03
-3.52897e-03
-3.35469e-03
-4.76152e-03
-5.29147e-03
-3.73587e-03
-2.92971e-03
-3.13707e-03
-2.94824e-03
-1.48788e-03
-5.70714e-04
1.39430e-05
1.23089e-03
1.68821e-03
1.58299e-03
2.04232e-03
2.84418e-03
2.18710e-03
2.68141e-03
4.00318e-03
4.19531e-03
4.59217e-03
6.03466e-03
6.51828e-03
5.23343e-03
3.80954e-03
2.55166e-03
1.95302e-03
1.29096e-03
9.96815e-04
8.15347e-04
-2.16563e-04
-1.10874e-03
-2.23811e-04
4.47623e-04
4.76110e-04
1.62536e-03
2.72545e-03
2.72945e-03
1.76161e-03
-4.61134e-04
-1.91860e-03
-1.74853e-03
-1.46254e-03
-1.52902e-03
-1.51020e-03
-1.37994e-03
-1.10510e-03
2.19291e-04
1.13432e-03
1.11438e-03
2.00038e-03
3.21180e-03
2.15678e-03
1.42774e-03
2.37044e-03
2.63821e-03
3.32958e-03
3.71024e-03
3.66511e-03
3.68417e-03
4.45068e-03
5.95218e-03
7.36851e-03
8.42894e-03
8.56194e-03
8.40276e-03
7.70030e-03
6.34452e-03
4.99619e-03
4.11522e-03
3.69219e-03
1.91300e-03
-4.16534e-05
-2.71142e-04
-1.58024e-04
-1.43090e-03
-2.29517e-03
-1.41093e-03
-6.38078e-04
-4.64197e-04
2.48359e-04
4.85542e-04
3.73651e-04
4.29774e-04
5.78836e-04
6.06602e-04
1.72379e-04
-1.16894e-03
-1.72841e-03
-1.44612e-03
-1.50932e-03
-2.48206e-03
-1.93108e-03
-9.35337e-04
6.88982e-06
1.35014e-03
2.82480e-03
3.56745e-03
2.86496e-03
1.49931e-03
1.22724e-03
1.51228e-03
1.13083e-03
-9.14913e-04
-2.75882e-03
-1.92088e-03
-3.50749e-04
-1.85420e-04
-4.30719e-04
-1.07400e-03
-2.24527e-03
-2.53295e-03
-1.98415e-03
-5.52997e-04
2.29228e-04
1.59277e-04
9.62248e-05
5.16211e-04
1.92313e-03
2.71198e-03
2.60838e-03
2.57278e-03
2.45464e-03
1.19538e-03
-1.68813e-04
-1.39847e-03
-1.66736e-03
-1.39781e-03
-1.33696e-03
-1.37328e-03
-1.97922e-03
-3.31381e-03
-3.59265e-03
-3.26554e-03
-3.20304e-03
-2.67391e-03
-1.96972e-03
-1.75671e-03
-9.42918e-04
-6.41389e-04
-2.10357e-04
1.23017e-03
1.87550e-03
1.48860e-03
1.91800e-04
-1.12930e-03
-2.38610e-03
-2.74221e-03
-2.73231e-03
-3.83321e-03
-4.76598e-03
-4.68878e-03
-4.41844e-03
-3.37360e-03
-2.11518e-03
-1.59218e-03
-9.50245e-04
-1.54838e-03
-1.27862e-03
-7.87553e-04
-3.96535e-04
8.29378e-04
2.41286e-03
3.75164e-03
3.80825e-03
2.80570e-03
2.21587e-03
1.03954e-03
4.72602e-04
7.16062e-04
8.64894e-04
8.28752e-04
8.66089e-04
9.11890e-04
8.07010e-04
-2.40390e-04
-1.27633e-03
-1.26695e-03
-1.65200e-03
-3.04240e-03
-3.48285e-03
-3.20251e-03
-3.09382e-03
-3.10921e-03
-3.06169e-03
-3.03338e-03
-3.03068e-03
-2.93790e-03
-2.42205e-03
-1.02033e-03
-4.30520e-04
-6.22112e-04
-6.10136e-04
-4.68479e-04
-4.67996e-04
-4.77419e-04
-5.06676e-04
-1.52641e-03
-2.63391e-03
-2.63286e-03
-2.44412e-03
-2.38310e-03
-1.34967e-03
-6.66065e-05
4.11200e-05
-1.51591e-04
5.63603e-04
1.99167e-03
2.36328e-03
2.13270e-03
1.72827e-03
5.37353e-04
7.02973e-04
2.17626e-03
2.37186e-03
8.87805e-04
-9.11299e-05
-5.60990e-04
-1.76011e-03
-2.12819e-03
-1.92031e-03
-1.50304e-03
-2.24613e-04
-2.78307e-04
-1.74751e-03
-2.14357e-03
-1.79518e-03
-1.70129e-03
-1.78928e-03
-1.77895e-03
-1.72389e-03
-1.73261e-03
-1.72368e-03
-1.07169e-03
3.84256e-04
8.47889e-04
6.19045e-04
5.74933e-04
6.81029e-04
7.01359e-04
6.78391e-04
7.53828e-04
1.14696e-03
2.04603e-03
2.01160e-03
2.69184e-03
3.30454e-03
3.24748e-03
3.15824e-03
3.22484e-03
3.92295e-03
4.29595e-03
3.32574e-03
3.03581e-03
3.26724e-03
2.63662e-03
1.23199e-03
8.74782e-04
1.12672e-03
7.89828e-04
-8.86205e-05
6.74932e-04
2.32236e-03
3.45468e-03
3.46649e-03
3.27601e-03
3.32128e-03
3.42385e-03
3.40076e-03
3.05073e-03
1.35773e-03
-7.20073e-04
-1.13250e-03
-8.31456e-04
-8.10116e-04
-7.97435e-04
-7.34901e-04
-7.38950e-04
-7.30412e-04
-6.92534e-04
-6.94249e-04
-6.75581e-04
-5.82404e-04
-6.44823e-04
-1.64076e-03
-2.36802e-03
-1.56139e-03
-1.94374e-03
-2.60314e-03
-2.53424e-03
-2.60297e-03
-3.73407e-03
-4.41766e-03
-3.53324e-03
-2.05691e-03
-7.98899e-04
2.43081e-05
6.74017e-05
-4.84563e-05
-4.05728e-06
5.96371e-05
5.27803e-05
7.22862e-05
1.67404e-04
2.02018e-04
1.88075e-04
2.21007e-04
2.53486e-04
2.48786e-04
2.95570e-04
3.79088e-04
3.88535e-04
3.90424e-04
8.98498e-04
1.36738e-03
6.31473e-04
2.55999e-04
4.29025e-04
8.75109e-05
-9.61323e-04
-5.68734e-04
6.27196e-04
7.84718e-04
9.61914e-04
2.08809e-03
2.61443e-03
2.42840e-03
2.32401e-03
2.69598e-03
3.70388e-03
3.45266e-03
2.15648e-03
1.03191e-03
5.03684e-04
6.06765e-04
6.98628e-04
5.64601e-04
-2.76850e-04
-1.01974e-03
-9.60591e-04
-7.46638e-04
-7.34404e-04
-7.51907e-04
-4.67229e-04
4.99104e-04
1.00304e-03
8.80060e-04
7.97572e-04
1.08859e-03
1.73120e-03
1.65244e-03
1.53031e-03
1.03322e-03
7.99050e-04
8.55232e-04
8.89731e-04
8.56498e-04
8.26449e-04
7.20472e-04
-3.72088e-05
-5.96659e-04
-5.11378e-04
-3.43067e-04
2.99468e-04
9.58956e-04
6.70640e-04
-2.43181e-04
-5.44216e-04
-8.73888e-04
-9.51873e-04
-1.14541e-03
-1.50816e-03
-1.88825e-03
-1.98437e-03
-2.04820e-03
-2.42640e-03
-2.40072e-03
-2.22661e-03
-2.10745e-03
-1.47637e-03
-8.62983e-04
-7.87310e-04
-8.27914e-04
-7.88848e-04
-7.10494e-04
-6.51519e-04
-6.33090e-04
-6.06818e-04
-6.09924e-04
-1.07624e-03
-1.51283e-03
-1.62585e-03
-1.79552e-03
-1.40434e-03
-1.10912e-03
-1.11135e-03
-1.08605e-03
-9.73409e-04
-8.69529e-04
-4.23521e-04
6.08075e-05
1.09289e-04
8.13858e-05
1.15468e-04
1.33130e-04
1.62284e-04
1.93532e-04
1.95594e-04
2.00819e-04
2.18827e-04
2.22412e-04
2.26193e-04
2.57475e-04
2.71893e-04
2.32685e-04
-7.73174e-05
-3.72219e-04
-3.44221e-04
-2.37723e-04
-2.09173e-04
-1.96851e-04
-1.48432e-04
-1.04957e-04
-8.74655e-05
-6.51072e-05
-3.42549e-05
-1.48558e-05
5.52445e-06
4.33557e-05
6.80220e-05
7.72455e-05
9.12907e-05
1.23116e-04
1.45032e-04
1.51630e-04
1.64423e-04
1.80327e-04
1.87577e-04
1.98704e-04
2.20361e-04
2.29683e-04
2.60522e-04
4.33083e-04
5.52349e-04
5.24883e-04
4.83517e-04
4.69238e-04
4.62681e-04
4.47753e-04
4.25199e-04
4.06948e-04
3.91278e-04
3.71151e-04
3.53009e-04
3.42345e-04
3.26044e-04
3.05812e-04
2.93108e-04
3.09327e-04
3.78727e-04
3.84987e-04
3.42701e-04
3.12455e-04
2.87223e-04
2.27559e-04
1.33892e-04
6.03527e-05
5.20200e-05
2.94739e-05
-5.10057e-06
-6.30815e-06
-3.30252e-06
-7.90875e-06
-1.05343e-05
-1.11640e-05
-1.40883e-05
-1.71655e-05
-1.94447e-05
-1.49750e-05
-2.22906e-06
-2.05420e-05
-3.63985e-05
-5.32232e-05
-6.76730e-05
-6.61079e-05
-6.11292e-05
-5.81140e-05
-5.52047e-05
-5.29693e-05
-5.10048e-05
-5.41286e-05
-6.15125e-05
-5.91375e-05
-5.31447e-05
-4.91626e-05
-4.56287e-05
-4.17534e-05
-3.85648e-05
-3.58686e-05
-3.31922e-05
-3.22115e-05
-3.29743e-05
-3.08775e-05
-2.74266e-05
-2.46376e-05
-2.14701e-05
-1.86404e-05
-1.71381e-05
-1.53477e-05
-1.50539e-05
-1.46443e-05
-1.33672e-05
-1.18251e-05
-1.06561e-05
-1.01503e-05
-9.77849e-06
-9.35670e-06
-8.97737e-06
-8.63680e-06
-8.28759e-06
-7.90385e-06
-7.60793e-06
-7.36213e-06
-7.09464e-06
-6.80520e-06
-6.50339e-06
-6.19007e-06
-5.86533e-06
-5.53380e-06
-5.19575e-06
-4.85050e-06
-4.50019e-06
-4.14672e-06
