-1.00469e-03
-5.73638e-04
2.03309e-03
6.34221e-03
6.40973e-03
5.55129e-03
4.27921e-04
-2.85038e-03
-2.01054e-03
-1.67141e-03
1.21515e-03
1.02476e-03
7.12281e-04
2.15979e-04
-5.28620e-04
-2.42279e-03
-1.53769e-03
2.02378e-03
-8.96499e-04
-1.77691e-03
2.21941e-03
1.18535e-03
1.76590e-03
3.22165e-03
2.54151e-03
2.94920e-03
-1.36895e-03
-2.77477e-03
-2.18326e-03
-3.23105e-03
-2.69853e-03
-3.53781e-03
-4.90935e-03
-1.96521e-03
3.43033e-03
3.67477e-03
5.52807e-04
3.59636e-04
4.35337e-04
2.20214e-04
-1.99774e-03
-3.22113e-03
-2.92046e-03
-5.17683e-03
-6.61149e-03
-2.79627e-03
1.26175e-03
4.26348e-03
4.27469e-03
4.39377e-04
5.45240e-04
2.18889e-03
3.15349e-03
3.53783e-03
5.39135e-03
5.22971e-03
3.65511e-03
3.98686e-04
-3.27065e-03
-4.73277e-03
-4.84915e-03
-3.78990e-03
-1.69220e-03
2.55099e-03
3.86675e-03
2.02464e-03
-1.57675e-04
1.42559e-03
1.11029e-03
-2.92396e-03
-1.50669e-03
6.41754e-04
-1.17979e-03
-3.58023e-03
-2.32483e-03
2.70809e-04
1.65790e-03
4.26177e-03
-2.38440e-03
-7.62035e-03
-4.10561e-03
-3.49634e-03
-5.36865e-03
-3.08579e-03
2.57032e-03
5.69958e-03
1.85325e-03
-1.05615e-03
1.77131e-03
2.10759e-03
-6.31713e-04
-2.98554e-03
-2.92911e-03
-2.11683e-03
1.90713e-04
2.01538e-03
4.03210e-03
8.80750e-03
7.07509e-03
1.21769e-03
-2.86598e-03
-1.79032e-03
-1.38548e-03
-3.03284e-03
-1.16228e-04
-1.26426e-03
-6.48379e-03
-6.91025e-03
-1.22673e-03
-9.96108e-04
-2.05793e-04
3.60522e-03
3.60401e-03
2.61784e-03
2.84571e-03
2.70869e-03
2.61556e-03
1.74050e-03
-1.58184e-03
-2.06319e-03
1.48854e-03
9.94841e-04
-2.28224e-03
-4.45776e-03
-4.39726e-03
-4.61112e-03
-9.76756e-03
-7.90727e-03
-2.45632e-04
5.37339e-03
5.33923e-03
7.78117e-03
8.46447e-03
5.51661e-03
2.14898e-03
-2.20361e-03
-2.55191e-03
-1.73282e-03
-3.07387e-04
-2.13449e-03
-8.68195e-04
1.56002e-03
4.20908e-03
5.13654e-03
3.35333e-03
3.97230e-04
-1.43811e-03
1.37282e-03
1.83661e-03
1.18375e-03
1.14821e-03
-6.14437e-04
-1.92850e-03
-6.34781e-04
-4.16019e-03
-6.75277e-03
-5.55371e-03
-3.32991e-03
-3.66040e-03
-3.35438e-03
-9.96150e-04
-1.47891e-03
-1.13997e-03
3.59009e-03
9.29551e-03
6.01976e-03
-5.38702e-04
1.35037e-03
1.65364e-03
-4.60202e-04
-4.43832e-03
-7.93493e-03
-4.85377e-03
-2.31585e-03
6.70654e-04
1.15088e-03
-3.09474e-03
-4.72023e-03
-2.45666e-03
2.62320e-03
6.28462e-03
2.69197e-03
-3.05577e-03
-3.08449e-03
-1.08971e-04
8.65094e-04
-4.22831e-03
-7.80038e-03
-7.11851e-03
-2.86997e-03
4.28953e-03
3.04951e-03
-2.56518e-03
-1.54448e-03
5.18702e-03
6.70705e-03
6.78258e-03
8.69906e-03
3.95683e-03
-1.72234e-03
2.55089e-03
6.11764e-03
5.16020e-03
5.65275e-03
-3.99548e-04
-9.31732e-04
-9.37147e-04
-7.21031e-03
-1.17715e-02
-1.16342e-02
-4.92880e-03
2.94128e-03
6.75357e-03
6.39423e-03
3.14313e-03
2.52314e-03
9.51389e-03
1.14153e-02
2.24898e-03
-8.43864e-03
-8.88716e-03
-6.77178e-03
-1.28041e-03
-2.21866e-03
-5.66593e-03
6.00139e-05
5.15356e-03
7.39788e-03
5.68456e-03
7.08659e-03
5.23746e-03
4.85611e-04
-2.70925e-03
-3.97674e-03
-4.32101e-03
-2.87783e-03
-2.07390e-03
-3.91617e-03
-2.15062e-03
-1.95852e-03
2.61511e-03
5.44517e-03
6.70316e-03
9.94202e-03
1.12700e-02
1.57146e-02
1.33140e-02
1.16693e-02
9.60479e-03
4.34673e-03
2.23695e-03
-5.80998e-03
-1.38679e-02
-2.45898e-02
-3.61568e-02
-4.09525e-02
-4.20184e-02
-3.90772e-02
-2.99657e-02
-1.87882e-02
-2.41716e-03
1.41885e-02
3.36804e-02
4.67770e-02
5.39269e-02
5.44194e-02
4.31062e-02
2.73003e-02
5.82076e-03
-1.51170e-02
-2.74590e-02
-2.26632e-02
-1.29384e-02
1.53954e-03
1.73838e-02
1.82097e-02
3.91558e-03
-1.48671e-02
-3.09280e-02
-3.39076e-02
-2.51445e-02
-2.30415e-02
-2.01305e-02
-8.90780e-03
1.75933e-03
5.44674e-03
1.66746e-03
-1.60288e-03
3.58940e-03
1.42195e-02
2.12349e-02
2.78099e-02
2.82215e-02
2.82297e-02
2.44052e-02
2.12871e-02
2.32227e-02
2.22309e-02
2.27811e-02
1.41415e-02
8.64608e-03
2.56492e-03
-7.49720e-03
-1.26785e-02
-2.26075e-02
-2.68231e-02
-3.00221e-02
-3.24350e-02
-2.53428e-02
-1.50241e-02
-7.67954e-03
-1.13738e-02
-1.89900e-02
-2.13495e-02
-1.46441e-02
-4.30897e-03
7.57904e-03
1.33310e-02
1.46260e-02
1.46521e-02
9.59151e-03
-3.56266e-03
-1.61105e-02
-2.16457e-02
-1.62984e-02
-4.69573e-03
-1.03851e-03
5.66410e-03
1.02884e-02
1.56165e-02
1.30951e-02
3.82865e-03
6.89188e-03
1.83313e-02
2.86541e-02
3.45336e-02
3.21097e-02
1.73779e-02
-3.23883e-03
-1.95962e-02
-3.21152e-02
-3.90263e-02
-3.68314e-02
-3.11837e-02
-2.92879e-02
-2.71891e-02
-1.76016e-02
-7.10593e-03
2.21406e-03
7.46256e-03
9.23355e-03
4.84517e-03
8.73808e-04
8.24585e-03
1.80432e-02
2.62809e-02
2.63097e-02
2.23685e-02
2.03300e-02
1.75754e-02
1.89321e-02
1.62626e-02
1.20073e-02
7.65455e-03
6.67783e-03
3.22638e-03
-1.91102e-03
-3.59696e-03
-8.97579e-03
-1.75413e-02
-2.77146e-02
-3.36380e-02
-4.13571e-02
-3.68439e-02
-2.45732e-02
-8.71247e-03
7.83278e-03
1.43790e-02
1.57919e-02
1.36176e-02
1.30332e-02
6.51717e-03
-3.22631e-04
-1.09085e-03
-1.35150e-03
9.57303e-05
8.62830e-03
2.45206e-02
3.75293e-02
3.52165e-02
2.54835e-02
9.92184e-03
-5.01157e-03
-1.45072e-02
-2.27325e-02
-2.74858e-02
-3.19318e-02
-3.00785e-02
-2.00603e-02
-1.18912e-02
-3.49723e-03
5.61835e-03
1.29053e-02
2.19290e-02
1.76778e-02
2.62502e-03
-7.80341e-03
-1.86598e-02
-2.98277e-02
-3.20143e-02
-2.18768e-02
-9.63759e-03
2.94041e-03
1.35362e-02
1.63566e-02
1.14002e-02
2.95405e-03
4.88277e-03
1.27198e-02
1.82687e-02
8.48368e-03
-1.18862e-02
-2.93670e-02
-3.10640e-02
-1.92295e-02
-7.03146e-03
3.97308e-03
9.47672e-03
1.19061e-02
1.18581e-02
1.05110e-02
6.26250e-03
-1.40999e-03
-8.23882e-03
-1.41746e-02
-1.57988e-02
-1.51022e-03
2.27116e-02
4.12350e-02
3.98234e-02
2.19049e-02
3.21550e-03
-1.23284e-02
-2.03616e-02
-1.61667e-02
2.34157e-03
2.62328e-02
4.57850e-02
4.82583e-02
3.78806e-02
2.12366e-02
2.45116e-03
-5.67677e-03
-6.79207e-03
-5.67820e-03
-1.14137e-02
-1.58803e-02
-2.35748e-02
-2.61400e-02
-1.91617e-02
-1.32836e-02
-5.85397e-03
-1.67413e-03
1.89389e-03
7.29326e-03
7.10804e-03
-7.26569e-03
-2.66122e-02
-4.23838e-02
-4.24812e-02
-2.60677e-02
-5.99418e-03
1.24400e-02
2.55365e-02
3.24202e-02
3.00058e-02
2.02029e-02
1.24207e-02
9.38485e-03
6.66043e-03
8.44648e-03
1.43013e-02
1.27127e-02
6.08552e-03
-1.16172e-03
-9.04821e-03
-1.47193e-02
-1.48716e-02
-1.71885e-02
-2.60902e-02
-3.61784e-02
-3.34307e-02
-1.71750e-02
3.83821e-03
2.49419e-02
4.03897e-02
4.73310e-02
4.58823e-02
4.21592e-02
3.63016e-02
3.53249e-02
3.40395e-02
2.80022e-02
1.73199e-02
4.78029e-03
-8.49597e-04
5.29054e-03
1.14362e-02
7.60333e-03
2.18607e-03
-2.59057e-03
-1.16047e-02
-2.95369e-02
-4.97737e-02
-6.88623e-02
-8.34939e-02
-9.72764e-02
-1.07477e-01
-1.04456e-01
-8.03855e-02
-4.77766e-02
-1.79666e-03
6.36971e-02
1.10570e-01
1.35770e-01
1.54074e-01
1.55647e-01
1.46584e-01
1.18023e-01
5.71287e-02
-8.36650e-03
-5.21626e-02
-6.91317e-02
-7.31278e-02
-7.10674e-02
-7.37685e-02
-7.55656e-02
-7.21718e-02
-7.06354e-02
-6.72567e-02
-5.36266e-02
-4.16398e-02
-3.73818e-02
-4.55180e-02
-5.06348e-02
-4.58678e-02
-3.00607e-02
-2.39700e-03
2.56521e-02
4.45006e-02
4.14963e-02
3.19938e-02
3.16906e-02
3.46043e-02
3.05177e-02
2.79922e-02
3.03105e-02
3.50034e-02
3.85357e-02
5.07776e-02
6.03815e-02
7.26440e-02
7.65700e-02
5.59711e-02
1.78941e-02
-1.94244e-02
-4.01386e-02
-5.14216e-02
-6.58406e-02
-7.41414e-02
-7.89263e-02
-9.91905e-02
-1.22910e-01
-1.37867e-01
-1.22214e-01
-8.81024e-02
-3.03182e-02
4.26244e-02
9.15701e-02
1.13784e-01
1.18807e-01
1.16087e-01
1.12130e-01
9.88775e-02
6.35770e-02
1.83309e-02
-1.23453e-02
-2.97671e-02
-4.36443e-02
-5.23621e-02
-4.27993e-02
-1.86447e-02
8.23151e-03
2.69661e-02
2.66657e-02
1.72880e-02
9.92555e-03
1.36472e-02
9.93645e-03
-7.79956e-03
-3.00502e-02
-5.42528e-02
-7.10985e-02
-8.35490e-02
-8.28522e-02
-6.93400e-02
-4.03018e-02
2.24310e-03
3.91170e-02
6.19341e-02
7.51102e-02
8.71271e-02
9.66994e-02
9.11985e-02
7.81170e-02
6.54169e-02
4.38110e-02
1.23776e-02
-2.29257e-02
-5.00461e-02
-6.47491e-02
-6.66107e-02
-5.23220e-02
-2.82333e-02
-6.29966e-03
1.02606e-02
1.49741e-02
1.58150e-02
2.11087e-02
2.31925e-02
2.15243e-02
1.86737e-02
1.68958e-02
1.25225e-02
-4.15176e-03
-2.64874e-02
-4.73676e-02
-5.14158e-02
-3.52506e-02
-1.60880e-02
2.18587e-04
1.30298e-02
2.21316e-02
2.38230e-02
2.45583e-02
3.28686e-02
4.13271e-02
4.43505e-02
4.05272e-02
3.07106e-02
1.97979e-02
4.96876e-03
-6.23063e-03
-8.23623e-03
-1.00868e-02
-9.55459e-03
-1.53875e-02
-3.10466e-02
-5.04055e-02
-6.60317e-02
-6.99948e-02
-6.55036e-02
-5.36650e-02
-3.81719e-02
-1.85072e-02
-3.41919e-04
1.53555e-02
3.02313e-02
3.15111e-02
1.92966e-02
3.33846e-03
-2.02393e-03
8.86991e-04
-1.65210e-04
1.84581e-03
8.11627e-03
1.44155e-02
1.87243e-02
2.27903e-02
2.33321e-02
1.90137e-02
9.42067e-03
5.12541e-05
-3.46598e-04
8.14480e-03
1.47802e-02
1.93674e-02
1.00405e-02
-8.31415e-03
-2.54562e-02
-4.03430e-02
-4.69523e-02
-4.71197e-02
-3.42674e-02
-1.66233e-02
2.19224e-03
1.94645e-02
3.60523e-02
4.39305e-02
4.63873e-02
4.37027e-02
2.87007e-02
8.76020e-03
-1.00732e-02
-1.34781e-02
-6.75904e-03
-4.94556e-03
-6.88942e-03
-1.32957e-02
-2.09710e-02
-2.31494e-02
-2.04882e-02
-1.38981e-02
-2.48064e-03
1.03072e-02
1.73884e-02
1.15404e-02
1.30130e-03
-5.89107e-03
-8.36033e-03
-1.41562e-02
-2.27163e-02
-2.43295e-02
-1.93938e-02
-1.33867e-02
-1.17077e-02
-1.01754e-02
-1.11206e-02
-1.18120e-02
-1.44675e-03
1.88929e-02
4.24713e-02
5.48778e-02
5.39381e-02
4.83919e-02
4.24973e-02
3.41896e-02
1.69502e-02
-3.00124e-03
-2.27071e-02
-3.83951e-02
-4.81431e-02
-4.39248e-02
-3.14401e-02
-2.19555e-02
-1.44518e-02
-7.63813e-03
-4.25101e-05
-2.29228e-03
-9.45310e-03
-1.34862e-02
-8.29124e-03
3.19069e-03
1.58592e-02
2.69406e-02
3.06965e-02
2.97445e-02
2.37003e-02
1.51513e-02
1.69551e-02
2.23051e-02
2.86839e-02
3.06579e-02
2.83451e-02
2.01403e-02
7.57052e-03
-2.65352e-03
-1.40340e-02
-2.23224e-02
-2.87150e-02
-2.81732e-02
-2.49344e-02
-2.02676e-02
-1.94088e-02
-1.79218e-02
-1.44910e-02
-1.28407e-02
-1.10986e-02
-5.96258e-03
7.19294e-03
2.25337e-02
2.78357e-02
2.15762e-02
1.13686e-02
1.36131e-03
-1.12058e-02
-2.24545e-02
-2.43133e-02
-2.23846e-02
-2.25863e-02
-2.30747e-02
-2.04258e-02
-1.61787e-02
-1.05516e-02
-1.99159e-03
5.27892e-03
1.13285e-02
1.05425e-02
3.87550e-03
2.26362e-03
4.77125e-03
8.83861e-03
1.43244e-02
1.87868e-02
1.94768e-02
1.44409e-02
8.54631e-03
8.46386e-04
-5.48174e-03
-6.93724e-03
-7.84676e-03
-3.45977e-03
4.16466e-03
1.00250e-02
9.76842e-03
2.63093e-03
-5.95929e-03
-1.28005e-02
-1.65510e-02
-1.46236e-02
-1.20474e-02
-1.36744e-02
-1.66553e-02
-1.95965e-02
-2.05636e-02
-1.60545e-02
-8.42872e-03
-3.43951e-03
-4.08701e-03
-9.20658e-03
-8.48366e-03
-3.40254e-03
3.14229e-03
1.04293e-02
1.59631e-02
2.16135e-02
1.88932e-02
1.45720e-02
1.26007e-02
1.08311e-02
7.78157e-03
4.54273e-03
1.93904e-03
-1.83479e-03
-4.13624e-04
5.66068e-03
1.22384e-02
1.61261e-02
1.50767e-02
1.41287e-02
1.05209e-02
5.01721e-03
9.40206e-04
-9.57007e-04
1.34928e-04
-1.16692e-03
-2.78017e-03
-3.97777e-03
-2.93385e-03
4.17891e-03
1.29598e-02
1.11161e-02
3.44495e-03
-1.71714e-03
-7.14399e-03
-1.38974e-02
-1.32142e-02
-4.13568e-03
8.50817e-03
1.77760e-02
2.20423e-02
2.43057e-02
2.22700e-02
2.12452e-02
1.90805e-02
1.52998e-02
1.11542e-02
1.07002e-02
9.12807e-03
4.14569e-03
-4.89036e-03
-1.12912e-02
-1.81927e-02
-2.07168e-02
-1.85014e-02
-1.53627e-02
-9.48322e-03
-9.17458e-03
-1.03187e-02
-1.34985e-02
-1.79390e-02
-2.41327e-02
-2.72591e-02
-2.71754e-02
-2.50766e-02
-1.96456e-02
-1.00211e-02
4.63793e-03
1.40608e-02
1.59100e-02
1.62762e-02
1.70801e-02
1.83627e-02
1.73860e-02
1.32431e-02
8.84514e-03
4.85457e-03
9.97059e-04
1.79681e-03
6.18929e-03
8.30871e-03
5.30172e-03
-1.61078e-03
-8.90190e-03
-1.24302e-02
-1.21435e-02
-5.57532e-03
1.27542e-03
4.41135e-03
2.14512e-03
-3.86885e-03
-1.02285e-02
-1.21065e-02
-1.08376e-02
-7.25997e-03
-4.73587e-03
-8.59183e-04
8.67892e-03
1.33238e-02
1.69454e-02
1.67766e-02
9.71047e-03
1.11889e-03
-4.93486e-03
-1.48598e-02
-2.39274e-02
-2.65119e-02
-2.47684e-02
-2.00878e-02
-1.69244e-02
-1.08103e-02
-4.02269e-03
-7.85250e-04
-1.35593e-03
1.42744e-03
6.61558e-03
9.11499e-03
1.17955e-02
1.63841e-02
2.10949e-02
2.70883e-02
2.87125e-02
2.63433e-02
2.00193e-02
1.30259e-02
8.88308e-03
1.05422e-03
-5.36991e-03
-9.12590e-03
-1.03688e-02
-8.31244e-03
-1.07241e-02
-1.63814e-02
-2.07862e-02
-2.64874e-02
-3.18457e-02
-3.10171e-02
-2.62021e-02
-2.06134e-02
-1.52058e-02
-9.55398e-03
-4.60728e-03
-2.83493e-03
1.39981e-03
3.99799e-03
2.54525e-03
6.91484e-05
-3.90907e-03
-8.06151e-03
-6.47709e-03
-1.21213e-03
3.49862e-03
6.95280e-03
9.18059e-03
1.39832e-02
2.02606e-02
2.38314e-02
2.59604e-02
2.54693e-02
2.50797e-02
2.48438e-02
2.00850e-02
1.62549e-02
1.26677e-02
1.14893e-02
1.04248e-02
8.32316e-03
9.48507e-03
7.84714e-03
8.17774e-03
1.22108e-02
1.24619e-02
8.32314e-03
1.98406e-03
-4.11907e-03
-8.82846e-03
-1.12826e-02
-1.05199e-02
-8.75302e-03
-8.04792e-03
-1.30989e-02
-2.01060e-02
-2.62366e-02
-2.91873e-02
-2.60692e-02
-1.73144e-02
-5.76389e-03
4.63982e-03
1.03355e-02
1.20009e-02
1.22944e-02
1.13987e-02
1.03904e-02
7.94859e-03
9.79849e-04
-7.91489e-03
-1.43733e-02
-1.64626e-02
-1.89428e-02
-2.04614e-02
-1.72637e-02
-1.02044e-02
-2.07379e-03
-1.16703e-03
-3.01621e-03
-3.75836e-03
-4.72548e-03
-3.55945e-03
-1.28775e-03
-9.46175e-04
3.66635e-04
1.08271e-03
-1.20133e-03
-3.83381e-03
-3.56220e-03
-1.20956e-03
-1.02574e-03
-1.92153e-03
-3.57043e-03
-3.61021e-03
1.61085e-03
6.15836e-03
1.36566e-02
1.90341e-02
2.17379e-02
2.20987e-02
1.84428e-02
1.55470e-02
1.24686e-02
1.18801e-02
1.10845e-02
1.11627e-02
1.41669e-02
1.56485e-02
1.31422e-02
7.35046e-03
2.77414e-03
1.25008e-03
1.31455e-03
3.94429e-03
9.98295e-03
1.34262e-02
1.07251e-02
2.77827e-03
-5.34278e-03
-9.37586e-03
-1.30166e-02
-1.43829e-02
-1.65065e-02
-1.93090e-02
-1.96575e-02
-2.20417e-02
-2.48525e-02
-2.47757e-02
-2.09593e-02
-1.37313e-02
-4.83656e-03
3.54924e-03
7.21469e-03
1.02930e-02
1.00461e-02
5.50132e-03
1.59993e-03
1.64246e-03
6.66735e-03
1.16730e-02
1.70505e-02
2.19684e-02
2.19753e-02
1.76514e-02
1.31587e-02
7.80733e-03
3.34214e-03
4.87427e-04
-2.02296e-03
3.36535e-04
6.34638e-03
1.11792e-02
1.29489e-02
8.95967e-03
2.96355e-03
-2.94890e-03
-6.37016e-03
-9.22624e-03
-9.58291e-03
-9.24818e-03
-7.83386e-03
-8.29066e-03
-1.29850e-02
-1.52045e-02
-1.55626e-02
-1.70098e-02
-1.77958e-02
-1.74899e-02
-1.77382e-02
-1.57011e-02
-1.26529e-02
-9.54033e-03
-8.97240e-03
-1.07352e-02
-1.10095e-02
-1.04238e-02
-1.07242e-02
-7.61567e-03
-3.87889e-03
-1.09962e-03
7.18012e-04
2.67969e-03
6.20658e-03
9.45912e-03
1.28200e-02
1.51768e-02
1.51562e-02
1.10737e-02
9.39604e-03
8.30273e-03
9.28357e-03
1.27775e-02
1.75432e-02
2.13088e-02
2.04637e-02
1.53812e-02
8.68686e-03
2.20787e-03
-1.96890e-04
-1.74976e-03
-4.28621e-03
-3.70868e-03
-6.81717e-03
-7.49895e-03
-8.72121e-03
-1.19504e-02
-1.55514e-02
-1.94926e-02
-2.14323e-02
-2.20990e-02
-1.84911e-02
-1.22110e-02
-6.52492e-03
-2.47674e-03
-6.37150e-04
3.35461e-04
1.09270e-03
-3.68260e-04
-3.78815e-03
-4.76761e-03
-5.27928e-03
-5.77861e-03
-8.84183e-03
-1.04990e-02
-8.58392e-03
-5.19557e-03
-6.45625e-03
-7.43296e-03
-4.32583e-03
-1.31610e-03
4.17247e-03
1.08202e-02
1.35570e-02
1.42662e-02
1.29753e-02
8.46211e-03
7.13696e-03
7.01488e-03
9.81473e-03
1.21317e-02
1.43431e-02
1.71511e-02
1.74008e-02
1.45886e-02
1.43774e-02
1.62197e-02
1.71086e-02
1.65860e-02
1.29425e-02
1.12127e-02
5.63082e-03
3.87218e-03
2.50176e-03
3.09713e-03
5.33728e-03
7.32640e-03
7.29623e-03
6.00126e-03
4.22753e-03
-8.68695e-04
-2.97851e-03
-3.19662e-03
-2.15816e-03
-2.91950e-03
-2.08133e-03
5.73110e-05
-8.96082e-04
-4.86743e-03
-1.14232e-02
-1.44549e-02
-1.41668e-02
-1.30954e-02
-1.35138e-02
-1.55235e-02
-1.32765e-02
-1.09170e-02
-5.95246e-03
-1.72594e-03
2.49646e-03
5.03430e-03
5.45133e-03
4.98218e-03
2.44436e-03
1.05337e-03
3.58023e-03
5.20444e-03
5.00828e-03
4.76137e-03
4.78881e-03
4.26891e-03
1.03970e-03
-1.24596e-05
-1.28548e-03
-3.08939e-03
-2.70391e-03
-2.72859e-03
-1.87532e-03
-1.42811e-03
-2.66409e-03
-3.55438e-03
-3.72722e-03
-1.96034e-03
-1.83824e-03
-3.29920e-03
-4.03859e-03
-6.21562e-03
-7.75889e-03
-8.82477e-03
-9.35976e-03
-7.16625e-03
-2.36220e-03
2.16748e-03
4.16071e-03
4.44194e-03
3.98788e-03
7.54561e-04
5.90668e-05
1.41441e-03
4.54160e-04
1.50085e-03
4.34971e-04
-6.25421e-04
-1.15104e-04
-4.63533e-04
3.99336e-04
-1.80514e-03
-3.05346e-03
-4.32923e-03
-7.46927e-03
-9.23888e-03
-7.19215e-03
-2.76809e-03
-2.86500e-04
1.78218e-03
3.97706e-03
4.79603e-03
3.16086e-03
1.07711e-03
-2.72825e-03
-5.32643e-03
-6.67901e-03
-6.16596e-03
-5.74480e-03
-7.01645e-03
-6.99587e-03
-6.23314e-03
-5.62543e-03
-4.51975e-03
-2.37699e-03
-3.11057e-04
1.32139e-03
4.66859e-03
5.40113e-03
4.87574e-03
4.55475e-03
1.87975e-03
1.04708e-03
1.54093e-03
1.66441e-03
9.33244e-04
3.50675e-03
6.27916e-03
1.02080e-02
1.33384e-02
1.49736e-02
1.48913e-02
1.41094e-02
1.12218e-02
5.55765e-03
2.54382e-03
-1.48652e-03
4.05198e-04
2.37922e-03
4.68797e-03
8.93506e-03
1.04907e-02
1.23673e-02
1.24826e-02
1.11163e-02
5.88697e-03
1.81685e-03
1.50123e-04
-9.96693e-04
-3.05438e-03
-4.81851e-03
-5.78836e-03
-8.26033e-03
-6.21634e-03
-5.19846e-03
-4.57840e-03
-6.78562e-03
-7.27260e-03
-6.18887e-03
-6.85418e-03
-5.71696e-03
-7.16557e-03
-5.37810e-03
-4.61263e-03
-3.79641e-03
-2.61117e-03
-2.03363e-03
-1.30520e-03
-1.52331e-03
-1.42179e-03
-2.72087e-03
-2.82649e-03
-4.89241e-03
-3.98427e-03
-1.32023e-03
3.45137e-04
1.41652e-03
2.33426e-03
1.66895e-03
-4.64069e-06
-1.01565e-03
-3.01023e-03
-4.80042e-03
-6.69213e-03
-8.36846e-03
-8.10506e-03
-8.49190e-03
-6.64820e-03
-5.16939e-03
-5.60287e-03
-2.01561e-03
9.36504e-04
2.22737e-03
5.13011e-03
8.00129e-03
1.00892e-02
1.34583e-02
1.28396e-02
1.23033e-02
1.02072e-02
9.59125e-03
8.15224e-03
4.38940e-03
3.96827e-03
4.47858e-03
4.76530e-03
4.60755e-03
4.55543e-03
3.38940e-03
6.63649e-04
5.90951e-04
3.64458e-03
4.41965e-03
5.11791e-03
5.51162e-03
6.68177e-03
4.47456e-03
-4.14527e-04
-6.37910e-03
-1.15892e-02
-1.27236e-02
-1.33272e-02
-1.33012e-02
-1.38101e-02
-1.31406e-02
-1.19252e-02
-1.20473e-02
-1.14122e-02
-1.20857e-02
-1.23985e-02
-1.08977e-02
-9.18296e-03
-1.00321e-02
-9.28172e-03
-1.07413e-02
-1.04326e-02
-9.08827e-03
-7.43662e-03
-5.91255e-03
-7.90576e-03
-6.46537e-03
-3.49816e-03
7.99687e-04
3.81765e-03
7.87818e-03
1.05985e-02
1.34161e-02
1.45369e-02
1.42625e-02
1.37605e-02
1.23242e-02
1.06218e-02
6.38160e-03
3.98507e-03
7.65471e-04
-1.84506e-03
-1.88757e-03
1.86842e-03
3.93572e-03
6.61211e-03
1.05999e-02
1.02556e-02
9.61911e-03
7.00584e-03
5.64776e-03
3.99750e-03
2.91378e-03
2.93848e-03
2.82051e-03
2.33079e-03
-2.49560e-04
-1.43204e-03
-5.11561e-04
3.20602e-03
6.85226e-03
1.01995e-02
1.17427e-02
1.22764e-02
1.32353e-02
1.37908e-02
1.32888e-02
8.69326e-03
5.35705e-03
1.59147e-03
-2.26465e-03
-4.61042e-03
-7.30874e-03
-6.89308e-03
-8.29642e-03
-1.14022e-02
-9.86026e-03
-8.67502e-03
-6.72432e-03
-4.40735e-03
-1.64317e-03
6.71061e-04
-9.14732e-04
-2.82328e-04
-1.21515e-03
-2.62946e-03
-2.04370e-03
-6.62294e-04
5.84675e-04
2.38311e-03
3.42156e-03
4.02653e-03
4.40378e-03
6.91006e-03
1.02682e-02
1.04726e-02
9.98565e-03
7.69064e-03
3.27894e-03
-1.80357e-03
-5.79275e-03
-6.28111e-03
-5.90386e-03
-5.77353e-03
-5.29340e-03
-7.48416e-03
-8.72563e-03
-9.82032e-03
-1.06461e-02
-1.28136e-02
-1.34940e-02
-1.15446e-02
-1.04445e-02
-1.00247e-02
-1.12154e-02
-1.44611e-02
-1.68631e-02
-1.88975e-02
-1.86807e-02
-1.71127e-02
-1.50674e-02
-1.11344e-02
-7.48819e-03
-2.04901e-03
2.32703e-03
6.60430e-03
1.15455e-02
1.32507e-02
1.27280e-02
1.13302e-02
8.62224e-03
6.07893e-03
4.95680e-03
6.41640e-03
8.16819e-03
7.66337e-03
7.74980e-03
7.49465e-03
5.27234e-03
4.61114e-03
6.56732e-03
6.93634e-03
5.07070e-03
5.95003e-03
6.59066e-03
5.32175e-03
3.94584e-03
3.31070e-03
3.32443e-03
2.93209e-03
1.78939e-03
1.68102e-03
2.07336e-03
4.00485e-03
5.49600e-03
5.51658e-03
4.84989e-03
3.42734e-03
2.19273e-03
2.45611e-03
6.70037e-04
2.02257e-04
2.05830e-03
4.29434e-03
5.37806e-03
3.34232e-03
1.67696e-03
1.58642e-03
1.79357e-03
1.95956e-03
-5.06934e-04
-1.98710e-03
-4.15042e-03
-5.97766e-03
-6.35215e-03
-7.43176e-03
-5.71015e-03
-6.21085e-03
-6.53322e-03
-7.23832e-03
-6.64845e-03
-5.88847e-03
-5.69778e-03
-4.71557e-03
-4.99267e-03
-8.23286e-03
-1.18517e-02
-1.29134e-02
-1.63169e-02
-1.52290e-02
-1.32097e-02
-9.89821e-03
-6.85967e-03
-4.52624e-03
-7.77114e-04
-9.56817e-04
-8.03173e-04
-2.79091e-03
-3.11190e-03
-3.44388e-03
-2.78953e-03
-2.10088e-03
-1.20005e-04
3.18603e-03
5.83909e-03
7.13133e-03
6.19576e-03
5.88025e-03
7.66222e-03
8.16841e-03
8.14509e-03
8.21643e-03
7.17249e-03
8.79122e-03
9.37286e-03
8.88725e-03
9.44420e-03
9.92844e-03
8.92703e-03
8.69932e-03
7.83920e-03
6.49073e-03
7.22190e-03
8.36735e-03
9.19454e-03
9.07520e-03
1.11041e-02
1.25266e-02
1.15993e-02
1.15431e-02
1.00876e-02
8.37285e-03
5.01880e-03
1.52483e-03
-2.26407e-03
-5.23401e-03
-6.46452e-03
-7.10926e-03
-7.66758e-03
-7.14355e-03
-5.35473e-03
-4.66745e-03
-4.73741e-03
-4.15714e-03
-4.43424e-03
-6.34379e-03
-8.77461e-03
-1.02369e-02
-1.03481e-02
-1.11931e-02
-1.09091e-02
-9.64158e-03
-8.62234e-03
-7.53176e-03
-5.88971e-03
-5.91166e-03
-5.33688e-03
-3.44791e-03
-2.32029e-03
-1.35318e-03
-2.17326e-04
9.65165e-04
5.94780e-04
-1.55593e-04
2.94357e-04
-3.42733e-03
-5.09406e-03
-5.84993e-03
-4.06522e-03
-2.98835e-03
-2.86626e-03
-8.77156e-04
-4.95796e-04
2.80887e-03
1.35476e-03
1.04062e-03
2.94605e-03
3.24373e-03
2.36989e-03
4.21938e-04
-1.15974e-03
-2.06239e-03
-3.74558e-03
-3.32444e-03
-3.24625e-03
-3.46848e-03
-3.41224e-03
-3.30249e-03
-2.59190e-03
-3.63447e-03
-4.46715e-03
-3.54667e-03
-2.76308e-04
3.21903e-03
7.83788e-03
1.03167e-02
1.17818e-02
1.14965e-02
1.11645e-02
1.08490e-02
7.40439e-03
7.15883e-03
8.70759e-03
1.07982e-02
1.20671e-02
9.05466e-03
6.66636e-03
6.00103e-03
6.21778e-03
6.88310e-03
8.13555e-03
8.02169e-03
6.29597e-03
5.41665e-03
5.16149e-03
2.77319e-03
-8.07205e-04
-2.47120e-03
-1.41766e-03
-2.64542e-03
-6.65930e-03
-7.81024e-03
-8.52769e-03
-6.87193e-03
-5.77586e-03
-5.57147e-03
-3.71131e-03
-3.26685e-03
-3.85947e-03
-3.84986e-03
-3.83066e-03
-3.77030e-03
-4.11188e-03
-4.43014e-03
-5.29986e-03
-7.84866e-03
-9.40565e-03
-9.90773e-03
-8.36172e-03
-8.25198e-03
-7.60174e-03
-6.39319e-03
-4.40820e-03
-2.58371e-03
-1.48902e-03
-1.17625e-03
-3.40131e-03
-5.58795e-03
-7.33151e-03
-9.06821e-03
-9.15875e-03
-6.27523e-03
-2.71953e-03
1.32590e-03
4.52768e-03
7.27676e-03
8.11493e-03
9.94902e-03
1.04593e-02
1.09202e-02
1.09408e-02
1.02961e-02
1.08297e-02
1.05032e-02
9.89825e-03
7.00101e-03
6.89813e-03
4.63466e-03
5.57845e-03
6.14089e-03
3.65930e-03
3.60443e-03
2.51934e-03
3.42609e-03
3.70731e-03
3.07217e-03
4.34245e-03
5.77735e-03
4.31501e-03
1.60159e-03
-2.12010e-03
-5.06947e-03
-7.45365e-03
-8.00100e-03
-6.65390e-03
-5.21626e-03
-2.67980e-03
-1.48223e-03
-1.62627e-03
-3.89111e-03
-4.45903e-03
-4.94054e-03
-4.43709e-03
-1.27372e-03
1.74149e-03
1.86358e-03
1.58784e-03
2.81697e-03
2.52889e-03
2.12284e-03
6.15076e-06
-2.40775e-04
5.65840e-04
9.95211e-04
2.37798e-03
7.24963e-04
-1.44248e-03
-5.20807e-03
-7.84055e-03
-9.51552e-03
-1.21219e-02
-1.17831e-02
-1.13524e-02
-9.46203e-03
-9.54022e-03
-9.06284e-03
-8.51824e-03
-7.52643e-03
-6.06409e-03
-5.11893e-03
-2.65381e-03
-1.69355e-03
-1.08859e-03
9.91054e-04
1.56035e-03
1.98012e-03
4.33000e-03
5.28752e-03
4.05976e-03
2.44377e-03
2.28327e-03
1.79080e-03
-1.96943e-04
-8.51293e-04
-9.66526e-04
-1.95148e-03
-1.83488e-03
-1.23678e-03
-7.10009e-04
3.36670e-04
9.74554e-04
3.22979e-03
4.69898e-03
6.35748e-03
6.64556e-03
4.70858e-03
4.32173e-03
3.41222e-03
4.78128e-03
5.59886e-03
5.46717e-03
5.37800e-03
6.01177e-03
7.48645e-03
7.92131e-03
7.99127e-03
9.50573e-03
9.77597e-03
9.88297e-03
8.59622e-03
7.14897e-03
5.74836e-03
3.13920e-03
3.06649e-03
3.69478e-03
1.16106e-03
-1.62918e-03
-3.37411e-03
-3.81309e-03
-2.03112e-03
-3.40155e-03
-3.59772e-03
-2.66353e-03
5.98976e-06
2.64396e-03
3.29007e-03
6.26001e-03
6.94454e-03
5.09535e-03
2.03761e-03
1.83201e-05
-2.54557e-03
-4.73634e-03
-4.33440e-03
-3.89680e-03
-3.12585e-03
-4.39888e-03
-4.30972e-03
-5.87769e-03
-8.15076e-03
-8.36065e-03
-9.33737e-03
-9.64877e-03
-7.98478e-03
-5.40169e-03
-4.89549e-03
-4.55529e-03
-4.62663e-03
-4.88453e-03
-4.99016e-03
-6.12464e-03
-5.57866e-03
-5.24257e-03
-4.13554e-03
-2.09430e-03
-1.55519e-03
-1.93655e-03
-2.56483e-03
-4.24255e-03
-4.25764e-03
-2.33026e-03
-1.49621e-03
-1.31276e-04
2.33247e-03
4.96358e-03
5.64262e-03
7.75518e-03
7.40674e-03
6.25032e-03
5.13641e-03
4.49167e-03
3.91963e-03
4.00879e-03
5.25164e-03
5.06233e-03
5.01157e-03
7.28052e-03
8.71816e-03
8.47398e-03
8.56040e-03
6.33809e-03
5.32296e-03
2.52449e-03
3.19941e-03
2.30225e-03
5.51834e-04
9.62000e-04
3.13138e-04
-7.52751e-04
-2.30151e-03
-2.02990e-03
-3.46480e-03
-4.47033e-03
-4.47308e-03
-4.40997e-03
-3.65412e-03
-2.48397e-03
-2.38795e-03
-2.47849e-03
-2.14377e-03
-2.65271e-03
-2.18905e-03
-2.06284e-03
-2.55943e-03
-2.26862e-03
-1.72813e-03
-2.06559e-03
-1.82416e-03
-2.13830e-03
-2.16025e-03
-2.54298e-03
-3.88049e-03
-4.68299e-03
-5.72282e-03
-6.31543e-03
-5.84902e-03
-6.22353e-03
-5.64737e-03
-6.30447e-03
-4.67751e-03
-5.05476e-03
-4.42922e-03
-3.44839e-03
-1.59097e-03
-5.15486e-04
-1.54845e-03
7.21874e-04
-1.20276e-03
-2.30569e-03
-3.66514e-03
-3.37706e-03
-2.09169e-03
-2.30706e-03
-1.19316e-03
-3.20702e-04
-7.78950e-05
6.87567e-04
1.54631e-03
3.29947e-03
3.77274e-03
4.45452e-03
5.18843e-03
4.16781e-03
5.40380e-03
7.55615e-03
6.01699e-03
6.33662e-03
7.31746e-03
7.69607e-03
7.42308e-03
6.77697e-03
6.40109e-03
3.75215e-03
7.30078e-04
-2.02724e-03
-3.45254e-03
-4.97660e-03
-4.23721e-03
-4.09180e-03
-3.15074e-03
-2.58968e-03
-9.81931e-04
5.07842e-04
1.90982e-03
4.77962e-03
4.67536e-03
4.96618e-03
5.36401e-03
7.30373e-03
9.00338e-03
8.28593e-03
7.16792e-03
5.61230e-03
5.61779e-03
5.66717e-03
2.47088e-03
2.33644e-03
2.54221e-03
1.11829e-03
1.47633e-03
8.64504e-04
8.19235e-04
7.53388e-04
1.36247e-03
1.48044e-03
6.61175e-05
-1.22612e-03
-2.41821e-03
-3.23443e-03
-4.02321e-03
-5.84359e-03
-5.89297e-03
-6.86146e-03
-8.32654e-03
-6.75720e-03
-7.46368e-03
-6.87929e-03
-6.05896e-03
-3.89700e-03
-2.53618e-03
-1.69527e-03
-1.32789e-04
-3.08379e-04
1.51337e-03
2.59435e-03
1.67799e-03
4.27206e-03
4.06766e-03
3.59851e-03
3.29945e-03
2.73290e-03
2.47912e-03
9.20759e-04
1.95098e-03
8.98812e-04
-1.22062e-03
-2.31257e-03
-2.74194e-03
-2.68158e-03
-2.84345e-03
-3.75569e-03
-3.82703e-03
-3.37022e-03
-2.37017e-03
-9.13324e-04
-7.06181e-04
6.16233e-04
1.41051e-03
7.38326e-04
3.28160e-04
3.14443e-04
6.06614e-05
-6.21121e-04
1.23492e-03
8.61796e-04
9.90773e-05
2.30771e-04
2.14311e-04
-1.42355e-04
9.90752e-04
1.65333e-03
2.04292e-03
1.57240e-03
2.35433e-03
3.42296e-03
3.34751e-03
3.58346e-03
3.74259e-03
4.43672e-03
4.21312e-03
4.38734e-03
3.95386e-03
4.97173e-03
4.50395e-03
3.56564e-03
2.07999e-03
9.18078e-04
-9.97946e-05
-9.06410e-04
-1.45376e-03
-1.92428e-03
-2.80360e-03
-5.06158e-03
-6.36478e-03
-7.23862e-03
-8.61453e-03
-9.63651e-03
-9.39371e-03
-9.31962e-03
-7.84357e-03
-8.15359e-03
-8.26882e-03
-8.22218e-03
-5.50190e-03
-4.44698e-03
-3.71856e-03
-1.05726e-03
-1.87542e-04
5.79296e-04
9.56543e-04
1.56288e-03
1.41336e-03
2.54784e-03
4.13913e-03
5.78940e-03
5.70161e-03
5.38473e-03
5.82508e-03
5.21463e-03
6.09670e-03
6.26818e-03
5.55073e-03
4.92794e-03
6.04321e-03
5.90603e-03
3.27493e-03
1.80985e-03
5.99931e-04
-2.03941e-03
-1.27531e-03
-2.56480e-03
-3.42354e-03
-3.74317e-03
-3.46194e-03
-2.77604e-03
-3.57168e-03
-3.59774e-03
-4.42905e-03
-3.57716e-03
-4.26717e-03
-3.70198e-03
-3.71570e-03
-4.19994e-03
-3.34530e-03
-3.07231e-03
-4.36866e-03
-4.92698e-03
-5.57309e-03
-5.48392e-03
-4.61968e-03
-4.96400e-03
-4.34257e-03
-4.33708e-03
-2.06400e-03
-1.79376e-03
-4.08466e-03
-3.85830e-03
-3.36308e-03
-2.48238e-03
-1.30675e-03
7.08428e-04
2.24622e-03
3.79498e-03
5.57695e-03
7.80201e-03
8.12576e-03
9.21086e-03
9.61829e-03
8.49891e-03
6.85138e-03
6.10513e-03
5.57013e-03
4.43840e-03
5.29578e-03
5.11608e-03
4.06666e-03
2.68663e-03
2.12009e-03
2.15438e-03
9.52695e-04
-1.09072e-04
-2.42132e-04
-3.36781e-04
2.07828e-04
1.09950e-03
7.42839e-04
1.14204e-03
1.43698e-03
1.86361e-03
2.74980e-03
2.87052e-03
3.91995e-03
4.24919e-03
5.52497e-03
6.30278e-03
5.78699e-03
4.20257e-03
2.56739e-03
2.45628e-03
2.34654e-03
3.94479e-04
-1.04865e-03
-1.42451e-03
-1.34083e-03
-1.69338e-03
-3.18177e-03
-1.16522e-03
-4.49139e-04
-1.14463e-03
-2.20640e-03
-2.69338e-03
-3.84432e-03
-6.11052e-03
-6.34647e-03
-6.71822e-03
-5.95138e-03
-6.81972e-03
-6.80188e-03
-6.33546e-03
-6.07893e-03
-5.80731e-03
-5.81416e-03
-5.73322e-03
-3.71804e-03
-1.23783e-03
-1.69737e-03
1.18932e-05
5.12605e-04
5.42791e-04
2.27126e-03
2.40296e-03
2.60599e-03
2.94621e-03
3.31934e-03
2.40436e-03
1.99968e-03
2.10669e-03
1.95854e-03
1.93111e-03
2.23291e-03
1.57034e-03
-5.57313e-04
-1.96889e-03
-1.17461e-03
-4.29718e-04
-1.00038e-03
-8.59078e-04
-1.15127e-03
-6.42322e-04
8.19939e-05
-1.07168e-03
-7.36957e-04
-8.26118e-04
1.47439e-03
3.19875e-03
2.20832e-03
4.66796e-03
5.54592e-03
5.88201e-03
4.79144e-03
4.91354e-03
5.12891e-03
3.94506e-03
5.43209e-03
5.94241e-03
5.76545e-03
6.19895e-03
5.11661e-03
4.46364e-03
4.55693e-03
4.13305e-03
2.60761e-03
2.59390e-03
2.87787e-03
3.68861e-03
1.21664e-03
-5.08996e-05
1.43476e-03
6.51474e-04
3.19505e-04
-6.90132e-04
-1.17437e-03
-2.25260e-03
-3.11271e-03
-3.37334e-03
-2.59141e-03
-3.49542e-03
-3.81642e-03
-4.08117e-03
-6.06066e-03
-5.93445e-03
-5.87134e-03
-8.29668e-03
-7.50651e-03
-9.76449e-03
-9.99220e-03
-8.79324e-03
-8.37758e-03
-5.55853e-03
-6.04139e-03
-6.54758e-03
-7.28012e-03
-7.04004e-03
-6.34728e-03
-6.10584e-03
-6.61202e-03
-4.58313e-03
-3.02476e-03
-2.55834e-03
-2.40744e-03
-1.87517e-03
-2.00823e-03
-2.10151e-03
-5.00613e-04
-1.32369e-03
-7.58499e-04
-2.70133e-04
-6.15820e-04
-3.16761e-04
4.00695e-04
8.61626e-04
-1.01371e-04
-2.90672e-04
9.27490e-04
1.18539e-03
1.19363e-03
1.97282e-03
1.96459e-03
1.99615e-03
1.92071e-03
2.13472e-03
2.33912e-03
2.53255e-03
2.86590e-03
2.29250e-03
2.41048e-03
4.70138e-03
5.41335e-03
5.60678e-03
5.93328e-03
5.90173e-03
5.77690e-03
5.18841e-03
5.55331e-03
5.70422e-03
6.15554e-03
5.68914e-03
5.56568e-03
5.59038e-03
5.53277e-03
5.58765e-03
5.40246e-03
5.58903e-03
5.41619e-03
5.70153e-03
3.43532e-03
2.26107e-03
2.56835e-03
1.14169e-03
3.47424e-04
6.23160e-04
-6.16940e-04
-7.40397e-04
-3.71378e-04
-6.04579e-04
-7.54100e-04
-2.23209e-04
2.34480e-03
1.23365e-03
6.01256e-04
-8.14435e-04
-1.40979e-03
-2.96129e-03
-1.97359e-03
-8.87122e-04
-2.72670e-03
-1.79662e-03
-1.59770e-03
-9.55695e-04
-5.22202e-04
-1.08189e-03
-8.52797e-04
-2.61548e-04
-5.08468e-04
-2.76630e-04
-3.86370e-04
-7.43034e-04
-1.28489e-03
-2.55243e-03
-3.02295e-03
-3.51954e-03
-3.71296e-03
-4.60874e-03
-3.64848e-03
-3.10936e-03
-4.16564e-03
-4.46194e-03
-4.98460e-03
-4.88445e-03
-5.54291e-03
-7.23296e-03
-7.81049e-03
-6.53197e-03
-6.15335e-03
-6.64308e-03
-5.62657e-03
-3.77327e-03
-2.10653e-03
-1.26013e-03
-1.63052e-03
2.46107e-04
5.97290e-04
-3.01236e-04
1.07742e-03
5.79462e-04
-1.79512e-03
-2.92411e-03
-3.05442e-03
-2.39596e-03
-2.61133e-03
-2.73891e-03
-2.94330e-03
-3.19160e-03
-6.51026e-04
4.24464e-04
-3.68434e-04
1.91012e-03
2.77024e-03
2.82374e-03
4.57004e-03
5.19284e-03
4.46030e-03
5.49464e-03
6.31497e-03
6.25598e-03
6.13389e-03
5.47818e-03
5.85268e-03
4.33272e-03
4.75249e-03
5.71275e-03
5.43702e-03
5.84307e-03
6.32869e-03
6.28753e-03
6.56601e-03
6.54406e-03
6.39042e-03
6.21345e-03
6.12566e-03
5.66610e-03
6.04197e-03
5.86364e-03
5.96515e-03
5.64277e-03
3.10632e-03
3.95957e-03
3.60290e-03
2.68105e-03
2.63029e-03
2.63852e-03
1.28181e-03
-8.97979e-04
-4.06080e-05
8.16763e-04
-6.40090e-04
-2.20806e-03
-2.75404e-03
-4.57579e-03
-4.36454e-03
-4.59912e-03
-3.94340e-03
-4.47292e-03
-3.38920e-03
-1.07087e-03
-1.68681e-03
-5.41365e-04
-2.96808e-03
-4.12451e-03
-4.27267e-03
-4.46610e-03
-4.82414e-03
-4.68148e-03
-3.85841e-03
-5.25765e-03
-5.77071e-03
-5.44560e-03
-4.72678e-03
-4.76246e-03
-4.42774e-03
-3.66640e-03
-1.91462e-03
-1.03942e-03
3.14534e-04
7.72707e-04
-8.88548e-04
-1.18349e-03
-1.17664e-03
-1.64169e-03
-2.74874e-03
-4.62125e-03
-4.81743e-03
-5.55684e-03
-5.17960e-03
-4.63363e-03
-6.85596e-03
-5.72149e-03
-4.60348e-03
-4.90666e-03
-4.57332e-03
-4.83672e-03
-4.49515e-03
-4.81891e-03
-3.81476e-03
-2.30168e-03
-2.44298e-03
-1.80237e-03
-1.96013e-03
3.87001e-04
1.42818e-03
1.19771e-03
2.29514e-03
1.12086e-03
4.12372e-03
3.60379e-03
1.56529e-03
1.23467e-03
1.22506e-03
2.24292e-03
3.41716e-03
4.40758e-03
4.78481e-03
5.39388e-03
7.13605e-03
8.63266e-03
8.22934e-03
8.58325e-03
7.97141e-03
7.75328e-03
7.62843e-03
7.12771e-03
7.45281e-03
5.55971e-03
4.99177e-03
4.92316e-03
2.60892e-03
1.72409e-03
8.51610e-04
5.79976e-04
7.14394e-04
9.80504e-04
-9.49635e-04
-9.70231e-04
5.09796e-06
-8.56411e-04
-2.70699e-03
-3.08013e-03
-3.07878e-03
-3.04451e-03
-3.45744e-03
-3.17213e-03
-2.69476e-03
-2.54389e-03
-1.88545e-03
-2.34091e-03
-1.80044e-03
-1.85122e-03
-1.98294e-03
-2.41645e-03
-2.48780e-03
-6.68824e-04
-4.47988e-04
6.50401e-05
2.37101e-03
2.46975e-03
4.35351e-04
-7.19729e-04
-1.38508e-03
-1.37824e-03
-9.15974e-04
-1.90232e-03
-1.15335e-03
-1.17670e-03
2.49946e-04
6.57343e-04
-4.77162e-04
4.27207e-05
-3.04373e-04
3.97959e-04
-1.05480e-03
-1.00271e-03
-8.38120e-04
-2.11667e-03
-2.01667e-04
-8.09792e-05
-4.78832e-04
5.77421e-04
5.76018e-04
3.38664e-04
1.65830e-03
1.14247e-03
1.45933e-03
2.16988e-03
2.19180e-03
2.61702e-03
1.68554e-03
2.60872e-03
3.76923e-03
2.29314e-03
2.72385e-03
1.46587e-03
6.99000e-04
2.99770e-04
1.48497e-03
2.28469e-03
4.90337e-04
2.92760e-04
-6.08550e-04
-7.05987e-04
-1.17792e-03
-1.17934e-03
-1.69243e-03
-1.59370e-03
-1.18083e-03
-1.46346e-03
-2.99169e-03
-2.77224e-03
-2.04660e-03
-1.83401e-03
-1.97124e-03
-2.68324e-03
-2.24568e-03
-2.54752e-03
-1.57771e-03
-1.27047e-03
-9.55001e-04
-1.28977e-03
-1.37761e-03
-1.32141e-03
-1.36673e-03
-2.19946e-03
-2.22831e-03
-2.14468e-03
-1.56309e-03
-1.01167e-03
-1.25041e-03
-9.39066e-04
3.64092e-04
1.82363e-03
2.00192e-03
1.82353e-03
1.45995e-03
1.38857e-03
2.63548e-03
2.54352e-03
4.25405e-04
1.90552e-03
1.93839e-03
1.91776e-03
1.99864e-03
1.86277e-03
2.04242e-03
6.62338e-04
2.02311e-03
1.92291e-03
1.42626e-03
1.64157e-03
6.99085e-04
5.85166e-04
1.42015e-04
2.27006e-04
-2.55928e-04
-2.10243e-03
-8.74732e-04
1.27070e-03
-1.06279e-03
-1.70453e-03
-2.27817e-03
-1.74372e-03
-1.46640e-03
-2.26201e-03
-1.39209e-03
-2.02182e-03
-2.26314e-03
-1.91546e-03
-3.34629e-03
-5.62063e-03
-4.83842e-03
-4.83334e-03
-4.66377e-03
-4.05917e-03
-3.35311e-03
-3.06336e-03
-2.54628e-03
-1.54962e-03
-1.52145e-03
-1.47362e-03
-1.13586e-03
7.22736e-04
1.14666e-03
1.39370e-03
1.61484e-03
2.80614e-03
3.94616e-03
4.84757e-03
5.03157e-03
5.37040e-03
6.51731e-03
6.12066e-03
6.08557e-03
5.37339e-03
4.98738e-03
4.78607e-03
5.66272e-03
6.41468e-03
5.36581e-03
4.06346e-03
4.74669e-03
3.82691e-03
3.62634e-03
3.53858e-03
3.36060e-03
2.04803e-03
2.45377e-03
2.91154e-03
9.52870e-04
6.12347e-04
3.59360e-04
7.85937e-05
-3.11071e-04
9.40395e-05
-1.65363e-03
-2.86997e-03
-2.91774e-03
-3.76126e-03
-5.67859e-03
-5.31457e-03
-5.23932e-03
-6.00266e-03
-5.77689e-03
-5.21873e-03
-5.73441e-03
-5.56616e-03
-5.03688e-03
-4.36838e-03
-4.07772e-03
-3.31596e-03
-2.06650e-03
-1.41177e-03
-8.48892e-04
-1.37376e-03
-1.17184e-03
-1.96402e-03
-5.25987e-04
-2.69482e-04
-1.65532e-03
-5.10864e-04
2.29432e-05
-3.34676e-04
-3.04673e-05
2.57047e-04
1.06692e-03
6.23251e-04
7.62348e-04
1.24269e-03
3.64863e-04
7.84319e-04
4.82304e-04
7.62270e-04
1.23388e-03
1.33538e-03
8.08497e-04
4.76660e-04
7.08533e-04
6.40271e-04
-1.94741e-04
-8.90268e-04
-7.69811e-04
-9.80943e-04
-9.17093e-04
-9.86665e-04
-9.79759e-04
-8.27166e-04
-2.87379e-04
-1.21117e-04
-3.38854e-04
-2.14184e-04
-1.42517e-04
-3.40680e-04
-4.03684e-04
-1.33395e-04
4.52427e-04
8.41547e-04
1.16155e-03
1.33150e-03
1.12013e-03
9.75349e-04
5.79687e-04
9.82635e-04
9.65978e-04
3.11334e-04
4.72890e-04
1.40028e-04
6.87272e-04
1.29892e-03
5.57152e-04
1.16828e-03
1.38902e-03
1.67902e-03
1.58330e-03
1.31881e-03
1.13589e-03
9.99545e-04
1.35559e-03
1.16721e-03
1.27041e-03
1.40231e-03
2.09736e-03
1.64787e-03
1.61042e-03
1.40740e-03
1.18252e-03
9.44569e-04
8.28269e-04
8.43524e-04
5.08312e-04
4.07150e-04
9.04661e-05
2.75145e-04
2.32390e-04
-3.01036e-04
-5.51601e-04
-5.21938e-04
-4.57510e-04
-6.20138e-04
-6.84492e-04
-4.94929e-04
-6.40562e-04
-7.44505e-04
-1.03407e-03
-1.02280e-03
-1.01125e-03
-1.03549e-03
-8.58175e-04
-6.95879e-04
-9.01033e-04
-9.19385e-04
-8.18990e-04
-9.06242e-04
-7.29206e-04
-1.04483e-03
-1.00900e-03
-8.89083e-04
-7.26414e-04
-4.22250e-04
-6.52553e-04
-3.20947e-04
-3.03735e-04
-2.28137e-04
-1.89552e-04
-1.14517e-04
-5.43036e-05
-2.36356e-05
8.86141e-05
9.66468e-05
9.29854e-05
1.89021e-05
1.71970e-04
1.30843e-04
4.81085e-05
-1.98573e-05
-1.17596e-05
-6.89381e-06
1.50176e-04
1.93560e-04
1.62049e-04
9.97106e-05
1.26212e-04
1.35718e-04
9.24300e-05
1.53963e-04
1.25677e-04
1.40879e-04
1.22661e-04
1.06379e-04
1.10528e-04
9.68009e-05
8.82607e-05
8.56532e-05
7.31251e-05
5.23076e-05
2.77439e-05
-1.13018e-05
-1.37245e-05
3.68178e-05
2.96892e-05
-3.22396e-07
-3.21101e-06
1.21302e-06
2.42680e-05
1.38931e-05
3.29102e-05
6.72533e-06
3.92614e-05
5.64841e-05
5.86175e-05
7.13686e-05
6.87670e-05
7.47987e-05
6.15430e-05
7.33584e-05
5.74814e-05
5.33133e-05
7.88126e-05
6.55157e-05
4.03660e-05
3.46508e-05
2.56603e-05
2.01735e-05
2.12226e-05
1.60725e-05
1.53861e-05
1.38664e-05
1.19862e-05
1.44053e-05
4.50061e-06
2.14943e-06
-3.16453e-06
-3.91207e-06
-4.66628e-06
-4.35529e-06
-2.88547e-06
-1.36404e-07
3.87952e-06
5.90491e-06
6.76793e-06
6.66099e-06
6.29818e-06
3.27328e-06
9.93628e-07
-1.09146e-06
-3.86188e-06
-6.05790e-06
-7.51925e-06
-8.00752e-06
-9.48158e-06
-1.10873e-05
-1.15142e-05
-1.25953e-05
-1.35854e-05
-1.47546e-05
-1.54214e-05
-1.61990e-05
-1.67505e-05
-1.75063e-05
-1.81979e-05
-1.85199e-05
-1.90668e-05
-1.94374e-05
-1.99157e-05
-2.02554e-05
-2.06029e-05
-2.09770e-05
-2.13123e-05
-2.16933e-05
-2.20951e-05
-2.25120e-05
-2.29490e-05
-2.34037e-05
-2.38805e-05
-2.43789e-05
-2.49002e-05
-2.54454e-05
-2.60147e-05
-2.66080e-05
-2.72254e-05
