-6.91933e-04
4.64268e-03
3.33402e-03
-2.27623e-03
6.93657e-04
-3.01375e-04
2.03525e-03
4.10233e-03
-6.88280e-04
-6.49292e-03
-5.91982e-03
2.36368e-03
7.61313e-03
4.43774e-03
7.76735e-03
5.06090e-03
-5.95816e-03
-2.55039e-03
1.33332e-03
1.46328e-02
1.42350e-02
-2.23802e-02
-9.36723e-03
9.23889e-03
-1.84374e-02
1.81498e-03
-8.40369e-04
-1.40368e-02
3.00823e-03
1.25412e-02
7.49110e-03
3.00510e-03
-5.18731e-03
-4.19829e-04
-2.65934e-03
1.19869e-02
-3.49109e-03
-2.77736e-02
9.52081e-03
5.25826e-03
6.01472e-03
-1.12358e-03
-7.03843e-03
-4.37015e-03
-5.64874e-03
-4.54558e-03
1.12760e-02
-9.91239e-03
-2.42861e-02
-1.64105e-02
3.51030e-03
1.66705e-02
-1.21461e-02
8.31177e-03
3.74661e-03
-2.62333e-02
3.24980e-02
2.06172e-02
-1.56343e-02
-3.26360e-03
-1.98237e-02
-5.22561e-03
-1.20122e-02
7.09893e-03
4.68643e-04
-1.28340e-02
5.49159e-03
-1.15675e-02
-9.89722e-03
3.02655e-03
-3.16908e-02
-1.71558e-02
2.46326e-02
-5.38041e-03
8.53635e-03
3.91207e-03
-1.14011e-04
1.69360e-02
-9.30244e-03
2.49670e-02
3.72294e-02
2.42795e-02
3.33816e-02
5.24948e-02
4.89036e-02
3.43415e-02
5.15057e-02
1.76500e-02
-1.41485e-02
-1.50614e-02
1.23132e-02
1.89745e-02
1.80618e-03
-1.09323e-02
-2.94313e-02
2.87339e-02
5.04251e-02
-2.14685e-02
-6.43221e-02
-9.37700e-02
-6.96208e-02
2.25202e-02
7.19218e-02
3.67265e-02
-2.98605e-02
-7.38003e-02
-1.00711e-01
-6.54708e-02
-6.83225e-02
-1.03813e-01
-5.42485e-02
-6.13297e-02
-2.82015e-02
3.42111e-02
2.61069e-02
9.02771e-03
1.30257e-02
1.24695e-02
3.75826e-02
6.09773e-02
6.39793e-02
6.62778e-02
4.65965e-02
7.21876e-02
6.29140e-02
7.22576e-02
-7.24922e-03
-5.37802e-02
-2.20378e-02
-2.49377e-02
-1.13696e-02
-4.06241e-02
-1.92043e-02
-7.16331e-03
1.65781e-02
3.27563e-02
2.61090e-02
1.84727e-02
-2.98709e-02
-9.08517e-02
-9.70762e-02
-5.35162e-02
3.63392e-02
1.26913e-01
1.22823e-01
1.21936e-01
1.20978e-01
8.67738e-02
-3.21608e-02
-1.01509e-01
-1.15797e-01
-1.62014e-01
-1.23781e-01
-6.67300e-02
-3.17542e-02
-1.63675e-02
4.91573e-02
1.03478e-01
1.33353e-01
1.11049e-01
8.69006e-02
7.18715e-02
1.44348e-02
2.36221e-02
1.97643e-02
9.83647e-03
-3.39600e-02
-4.09460e-02
-6.01083e-02
-6.10851e-03
2.93543e-02
-2.04913e-02
-8.40303e-02
-1.82482e-01
-1.38802e-01
-2.75255e-02
7.69581e-03
-7.10856e-02
-8.57269e-02
5.99732e-03
7.82957e-02
1.45343e-01
8.87004e-02
3.02015e-02
8.52404e-02
6.44579e-02
3.37034e-02
-1.36515e-01
-1.44408e-01
3.21773e-02
-8.27958e-03
-8.91010e-02
-1.31774e-01
-1.63829e-01
-8.74989e-02
2.31541e-03
-3.12148e-03
7.35136e-02
1.36647e-01
5.83522e-02
4.19224e-02
7.82158e-02
8.79582e-02
1.11249e-01
7.76476e-02
2.53822e-02
-6.20597e-03
3.60243e-02
6.15513e-02
9.46323e-03
1.56516e-02
3.59544e-03
-3.69706e-02
-8.31990e-02
-1.64168e-01
-1.46928e-01
-8.85949e-02
-4.46191e-02
2.14218e-02
1.70681e-02
5.60215e-03
5.64848e-02
8.83534e-02
9.94726e-02
9.64004e-02
-1.22026e-02
-9.10942e-03
1.19847e-02
-4.43058e-02
4.44755e-02
4.18873e-02
2.14755e-02
3.44253e-02
-4.32559e-02
-8.79141e-02
-2.59503e-02
4.93821e-02
1.19884e-02
-5.33151e-02
-8.32579e-02
-4.66749e-02
3.23529e-02
4.22356e-02
3.39320e-02
4.96033e-02
5.57215e-02
-4.89831e-04
-2.01601e-02
2.45682e-02
2.83567e-02
1.77765e-02
-2.12475e-02
-4.02214e-02
-3.86192e-02
-3.44269e-02
-3.08197e-02
-2.22847e-02
-1.83258e-02
1.90368e-02
1.38905e-02
-9.48021e-03
1.35778e-02
1.34575e-02
3.29535e-02
4.83662e-02
6.85026e-03
-2.65795e-02
-3.80184e-02
-6.47645e-03
1.95906e-02
1.92829e-02
1.41737e-02
-2.21759e-02
-2.47030e-02
-2.15998e-02
-2.09285e-02
-1.87181e-02
-2.72853e-02
-4.26340e-02
-4.66851e-02
-2.79136e-02
-7.39866e-03
1.76233e-02
2.46663e-02
1.46333e-02
1.17926e-02
1.66873e-02
2.11662e-02
8.51392e-03
-4.23357e-03
-1.99189e-02
-1.62857e-02
-1.84300e-02
-2.66515e-02
-1.17617e-02
1.50087e-02
2.78934e-02
8.52269e-03
-1.63781e-02
-1.32503e-03
1.23623e-02
2.66217e-02
2.55075e-02
7.43435e-03
2.00877e-04
-6.12579e-03
1.31497e-02
3.32248e-02
2.98820e-02
2.31285e-02
2.92748e-02
1.97547e-02
1.80186e-03
-1.37733e-02
-1.62482e-02
2.00819e-03
1.81765e-02
2.46193e-02
5.12334e-03
-1.69307e-02
-1.04278e-02
-1.58213e-03
2.91783e-03
5.57110e-03
9.50994e-03
-1.57095e-02
-1.60211e-02
-1.18318e-02
-1.45282e-02
5.53788e-03
4.55705e-04
2.72722e-03
1.18324e-02
1.99646e-02
2.87341e-02
2.51259e-02
1.40818e-02
5.31624e-03
-5.56051e-03
-2.05375e-02
-2.76577e-02
-1.56217e-02
-1.22249e-02
-1.98963e-02
-1.65145e-02
-2.11238e-02
-2.38883e-02
-2.81268e-02
-3.27911e-02
-3.17150e-02
-2.47762e-02
-1.11991e-02
-1.38434e-02
-1.38534e-02
5.47714e-03
2.36404e-02
3.18788e-02
2.57155e-02
2.05461e-02
1.66473e-02
1.56573e-02
1.08487e-02
1.20843e-03
-8.54708e-03
-2.12114e-02
-2.58266e-02
-2.39199e-02
-7.46201e-03
-4.04520e-03
-8.31475e-03
-7.04725e-03
-3.96511e-03
1.15609e-03
7.58276e-04
7.76525e-03
9.21312e-03
9.01169e-03
1.80928e-02
2.38333e-02
2.50366e-02
2.36238e-02
1.33623e-02
8.60174e-03
5.93139e-03
7.38627e-03
7.71591e-03
2.50948e-03
9.85419e-04
-4.37130e-03
-6.84927e-03
-9.62785e-03
-1.00447e-02
4.27488e-03
2.63258e-03
3.40410e-03
7.09144e-03
3.01428e-03
4.87998e-03
6.60240e-03
4.82583e-03
-2.69621e-03
-4.31447e-03
1.94201e-03
1.65341e-03
7.65337e-03
6.73151e-03
-2.62219e-03
-1.30150e-02
-2.23687e-02
-1.75240e-02
-1.73006e-02
-2.24760e-02
-2.75341e-02
-1.55081e-02
4.10709e-03
6.76438e-03
1.22072e-02
2.40188e-02
2.12332e-02
1.86240e-02
1.90328e-02
2.92201e-02
2.58433e-02
2.89676e-02
2.48774e-02
5.65897e-03
2.81026e-03
-1.15267e-03
1.16995e-03
-1.10395e-02
-2.09493e-02
-1.93942e-02
-2.00325e-02
-2.40034e-02
-2.53000e-02
-2.64413e-02
-1.92760e-02
-5.02760e-03
7.61943e-04
-8.82923e-03
-1.25707e-02
1.97130e-03
-1.35536e-03
-4.39846e-03
-1.44457e-03
-2.58287e-03
-1.03274e-02
-1.59296e-02
-1.09657e-02
-7.79836e-03
-1.11080e-02
-1.47543e-02
-1.16541e-02
-5.71226e-03
-1.42872e-03
4.65641e-03
1.11293e-02
1.51594e-02
1.65411e-02
1.27084e-02
2.12855e-02
2.75961e-02
2.34709e-02
1.55250e-02
5.24744e-03
1.82860e-03
2.33158e-03
9.27143e-03
1.95259e-02
1.38926e-02
6.29042e-03
5.35855e-03
-2.15047e-03
-1.21675e-02
-2.84689e-03
-1.09442e-04
-5.53029e-03
-7.94713e-03
-3.30387e-03
3.03978e-03
-8.91084e-04
-3.13458e-03
-6.43218e-03
-3.35906e-03
2.72107e-03
6.13086e-03
-2.58055e-03
-2.60261e-03
-5.68566e-04
3.39433e-03
-3.52165e-04
-1.29844e-02
-1.34784e-02
-1.56848e-02
-6.25301e-03
3.55172e-04
-2.15984e-04
3.64070e-03
8.14068e-03
8.97433e-03
7.86309e-03
1.74091e-02
3.82600e-03
-4.87339e-03
-3.77621e-03
-5.43955e-03
-4.79929e-03
-7.96963e-03
-1.32993e-02
-1.35268e-02
-1.11230e-02
-1.25739e-02
-9.73623e-03
-9.88053e-03
-9.61802e-03
-6.49881e-03
3.86688e-03
1.05192e-02
7.20552e-03
1.59631e-03
-1.91572e-03
-7.45397e-04
1.12796e-02
1.51714e-02
1.47555e-02
5.66535e-03
7.73046e-03
1.42565e-02
1.11723e-02
4.75548e-03
-3.76354e-03
-2.67338e-03
-5.91988e-03
2.22037e-03
3.83759e-03
-3.94880e-04
4.77143e-03
4.47778e-04
-3.03519e-03
-6.77467e-03
-1.15532e-02
-9.36688e-03
-7.36990e-03
-4.75469e-03
-2.02434e-05
5.03885e-03
7.12901e-03
6.38151e-03
5.98270e-03
1.03123e-02
7.36544e-03
6.86142e-03
7.21110e-03
5.83535e-03
9.30727e-03
9.33632e-03
8.98961e-03
2.07679e-03
2.48660e-03
7.03567e-03
4.01263e-03
-1.84809e-03
-4.59158e-03
-4.29500e-03
-4.96335e-03
-6.96736e-03
-8.57158e-03
-1.01207e-02
-1.34063e-02
-1.72509e-02
-2.08161e-02
-1.95225e-02
-2.55015e-02
-2.71688e-02
-2.08392e-02
-1.64324e-02
-1.29344e-02
-1.63783e-02
-1.24304e-02
1.95799e-04
8.13865e-03
1.13240e-02
1.44512e-02
1.09092e-02
1.33500e-02
1.68420e-02
1.48360e-02
1.77688e-02
1.45103e-02
8.94618e-03
9.56040e-03
1.22117e-02
1.30303e-02
1.20103e-02
8.86998e-03
3.86297e-03
2.29984e-03
1.05132e-02
1.26585e-02
1.36204e-02
1.19641e-02
1.09791e-02
5.78875e-03
1.56831e-03
-7.21267e-04
-4.93269e-03
-2.25936e-03
-8.73597e-04
-1.54394e-03
-7.95977e-03
-8.72931e-03
-7.98383e-03
-1.00470e-02
-8.77142e-03
-8.15219e-03
-9.03296e-03
-1.39738e-02
-1.51773e-02
-7.91375e-03
-9.85563e-03
-3.91077e-03
1.01506e-03
2.68339e-03
1.66334e-03
-4.50599e-03
4.14128e-03
-2.51803e-03
-1.54960e-02
-1.66513e-02
-6.73848e-03
5.58713e-03
5.29453e-03
-3.48701e-03
-6.81767e-03
2.63821e-03
6.82256e-03
2.24942e-03
4.40872e-03
8.58305e-03
6.30750e-03
5.09708e-03
6.62212e-03
9.22731e-03
6.15717e-03
-5.06224e-03
-4.66345e-03
2.81448e-03
6.32849e-03
8.31445e-03
7.55393e-03
6.46575e-03
-2.65748e-03
-9.18953e-03
-7.01119e-03
-3.72864e-03
-2.14348e-03
5.50897e-04
-1.61043e-03
-9.25470e-03
-1.22707e-02
-5.24270e-03
-1.79682e-03
-7.88499e-03
-6.36997e-03
1.65406e-03
3.32840e-03
-2.80386e-03
-3.46118e-03
-7.49925e-03
-5.41509e-03
3.52476e-03
1.62496e-03
3.20010e-03
3.02475e-03
7.79527e-03
8.11190e-03
7.67001e-03
1.39445e-02
1.89135e-02
9.74013e-03
-8.69770e-03
-9.98027e-03
-7.37812e-04
1.18613e-02
1.33704e-02
1.20647e-02
7.70002e-03
2.99663e-03
4.89241e-03
3.06976e-03
4.54972e-03
2.00864e-03
-1.93424e-03
-3.48234e-03
-6.21630e-04
2.92144e-03
1.50905e-04
6.23846e-04
1.78115e-03
5.60980e-03
2.05068e-03
-7.66946e-04
-1.02078e-02
-1.39713e-02
-9.91823e-03
-8.56554e-03
-5.97236e-03
-7.06555e-03
-4.20985e-03
-3.21286e-03
-5.07558e-03
-5.83310e-03
-5.52950e-03
-6.28801e-03
-5.85515e-03
-8.80705e-03
-1.18431e-02
-8.27900e-03
-1.21489e-03
1.77307e-03
3.71695e-03
3.61975e-03
2.98548e-03
2.70192e-03
1.89831e-03
5.01052e-03
7.93336e-03
2.23698e-03
-6.27302e-03
-9.08664e-03
5.38578e-04
1.06077e-02
1.50245e-02
1.61598e-02
4.01151e-03
-3.46242e-03
-4.28407e-03
-4.64078e-03
9.98481e-04
1.91230e-03
-5.38327e-03
-7.75401e-03
-2.01755e-03
1.21090e-03
2.31610e-03
2.66380e-03
-1.15383e-03
-6.84520e-03
2.34940e-04
6.84314e-03
3.92252e-04
-3.60674e-03
1.19986e-03
8.30123e-04
-4.47347e-03
-6.45243e-03
-5.59471e-03
-3.44943e-03
-1.08671e-03
8.13270e-03
9.71085e-03
8.99342e-03
5.88020e-03
7.84022e-04
5.77198e-03
5.17279e-03
-2.41337e-03
-9.73800e-03
-2.80816e-03
9.60764e-03
9.43931e-03
8.55253e-03
9.54351e-03
7.64472e-03
7.31807e-03
1.08551e-02
1.03231e-02
7.02749e-03
6.76802e-04
-4.02259e-03
-6.02358e-03
-8.14181e-03
-4.76507e-03
-1.67189e-03
-3.23401e-03
-6.17588e-03
-1.12560e-02
-1.45757e-02
-1.11408e-02
-8.63479e-03
-7.74001e-03
-8.51756e-03
-4.02659e-03
-3.05365e-03
-2.12980e-03
-2.34623e-03
-6.19191e-03
-2.49252e-03
-6.28810e-03
-8.51956e-03
-3.92137e-03
1.73493e-03
9.35329e-04
-7.53659e-03
-7.51555e-03
-4.41636e-03
5.59583e-04
6.63572e-03
7.85315e-03
4.59565e-03
2.28503e-03
5.68783e-03
9.07259e-03
1.07289e-02
6.34615e-03
5.30607e-03
1.99947e-03
6.97241e-03
9.90226e-03
5.37321e-03
-1.85622e-03
-6.74699e-03
-3.02555e-03
4.76441e-04
5.58264e-03
2.41432e-03
5.51451e-03
6.55860e-03
2.04458e-03
-2.66683e-03
-1.48446e-03
5.77203e-03
7.49848e-03
9.83516e-03
7.95941e-03
6.20753e-04
-4.55659e-03
-6.32411e-03
-6.74495e-03
-4.86820e-03
-6.55256e-03
-5.99645e-03
-5.83513e-03
-6.07761e-03
-4.77400e-03
-4.34915e-03
-1.87521e-03
-9.95447e-04
-4.79103e-03
-7.34813e-03
-3.34313e-03
3.50956e-03
8.19893e-03
5.43642e-03
4.64283e-03
4.72099e-03
9.15084e-03
1.06599e-02
6.28713e-03
2.84826e-03
-1.40122e-03
-2.76294e-03
2.02162e-03
4.25008e-03
-2.23387e-03
-5.34308e-03
-7.44728e-03
-3.12364e-03
4.09879e-03
5.00160e-03
-1.71982e-03
-7.66570e-03
-5.04847e-03
-1.00338e-03
-1.32903e-03
-3.77191e-03
-4.87511e-03
-5.60155e-03
-5.71277e-03
-7.10455e-03
-7.40114e-03
-5.66066e-03
-4.15164e-03
-1.25385e-03
-2.40820e-04
-3.66065e-03
-4.90313e-03
-2.80889e-04
4.18203e-03
3.58584e-03
-1.33899e-03
-4.82796e-03
-9.54214e-04
3.43556e-03
2.36242e-03
6.84071e-04
1.23017e-03
4.08387e-03
8.56282e-03
9.64699e-03
7.49169e-03
5.78829e-03
9.02275e-03
7.57286e-03
5.73420e-03
5.78330e-03
1.55786e-03
-2.43811e-03
-3.59241e-03
5.31827e-04
2.75527e-03
3.68814e-03
1.54186e-03
5.56896e-04
-2.11644e-03
-2.83387e-03
2.40460e-03
3.25931e-03
1.29065e-04
-6.53186e-05
3.07095e-03
5.50882e-03
3.20523e-03
-3.25768e-03
-5.07129e-03
-5.21057e-03
-2.67689e-04
-6.85518e-04
-5.79572e-03
-5.34582e-03
-5.51715e-03
-3.32377e-03
-5.33077e-03
-8.91192e-03
-5.92495e-03
-2.68347e-03
1.36169e-04
6.35359e-03
4.99288e-03
3.21333e-03
1.89370e-03
1.07137e-04
7.41409e-04
-5.31127e-04
-5.93792e-03
-8.24552e-03
-4.59323e-03
-2.48200e-03
-3.41185e-03
-8.32266e-03
-7.27656e-03
-6.14329e-03
-7.78056e-03
-3.13427e-03
4.36571e-03
5.81061e-03
6.86572e-03
4.38477e-03
3.43087e-03
2.49501e-03
1.16260e-04
2.75153e-03
2.93991e-03
5.50003e-03
5.85174e-03
5.97499e-03
5.71448e-03
7.36578e-03
8.85376e-03
4.15738e-03
3.19246e-03
2.65039e-03
4.59327e-03
5.63837e-03
1.62135e-03
-2.24332e-04
2.03118e-03
2.90192e-03
3.00213e-03
2.41597e-03
2.27469e-03
1.41999e-03
-2.70324e-03
-2.58400e-03
-5.53589e-03
-5.15612e-03
-5.18117e-03
-8.34448e-03
-9.47273e-03
-8.13505e-03
-7.41761e-03
-7.94666e-03
-4.07692e-03
-3.73022e-03
-3.09294e-03
-3.13101e-03
-2.89754e-03
-3.35846e-03
-4.33607e-04
2.67761e-03
-1.15003e-03
-1.14701e-03
1.41568e-04
-8.28363e-04
1.09649e-03
2.13457e-03
4.15060e-03
2.26985e-03
-8.08379e-05
1.75985e-03
-3.16295e-04
-3.29315e-04
1.12059e-03
4.58952e-03
3.47530e-03
1.82000e-03
-1.30824e-03
-2.28117e-03
1.54347e-03
3.88015e-03
5.18275e-03
2.90991e-04
1.65873e-03
1.76194e-03
2.30891e-04
1.80604e-03
-5.06583e-05
-1.05666e-03
1.11268e-03
2.46839e-03
3.60189e-04
-7.32987e-04
-2.03924e-04
5.31552e-04
-1.64880e-03
-5.70636e-04
-4.27343e-04
2.99115e-04
2.65082e-03
3.97948e-03
-2.36935e-04
-7.47949e-04
2.93642e-03
2.55667e-03
1.41439e-03
-4.45166e-05
-2.04450e-03
-3.26694e-03
-8.52109e-04
-3.49097e-04
2.02465e-03
4.68550e-04
-3.14466e-03
-1.15368e-03
-2.39844e-04
-5.36430e-04
3.75398e-04
2.60085e-03
4.75416e-03
5.67701e-03
3.23514e-03
-2.16965e-03
-3.15561e-03
-3.16462e-03
-3.10349e-03
-3.15860e-03
-2.16060e-03
-1.32492e-03
-2.35497e-03
1.72083e-04
-2.35796e-03
-5.73971e-03
-5.38099e-03
-1.14051e-03
-1.48018e-03
-2.83187e-03
-4.02920e-05
-1.23451e-04
-3.52679e-05
-2.18355e-03
-5.40999e-03
-1.95308e-03
-1.22361e-03
-5.65546e-03
-4.18451e-03
1.19724e-03
3.12911e-03
3.23833e-03
2.18223e-03
1.73835e-03
3.46982e-03
1.89568e-03
2.64919e-03
1.97185e-03
3.34583e-04
7.37395e-04
1.49792e-03
4.66926e-03
7.58509e-03
6.25544e-03
1.64725e-03
2.72541e-03
1.52201e-03
4.43865e-04
-2.43889e-03
-4.76853e-03
1.82665e-03
6.68235e-03
6.84368e-03
3.29761e-03
6.21268e-04
1.56616e-03
3.76757e-03
3.14433e-03
8.53761e-04
1.06218e-03
-6.10527e-05
-2.26244e-03
-1.75342e-03
-3.07205e-03
-1.48186e-03
1.13938e-03
-4.27743e-03
-6.90467e-03
-5.31449e-03
-4.67922e-03
-2.36859e-03
-3.36157e-03
-2.87860e-03
-1.44873e-03
-5.32898e-04
2.23464e-03
3.70257e-03
3.76370e-03
2.67454e-03
-8.07412e-04
-2.58997e-03
5.55323e-04
4.02025e-03
5.83588e-03
3.41305e-03
-1.78833e-03
-4.83641e-03
-4.60995e-03
-5.08890e-03
-4.41254e-03
-7.42255e-03
-8.69909e-03
-5.43857e-03
-4.22514e-03
-3.39448e-03
-5.26922e-03
-4.05779e-03
-2.13394e-03
8.59044e-04
4.84000e-03
6.60052e-03
3.90415e-03
1.11258e-03
7.98957e-04
7.57882e-04
2.63564e-03
4.41119e-03
6.49536e-03
5.42323e-03
-2.29057e-04
-1.44348e-03
3.04750e-03
3.31604e-03
4.47737e-03
2.01145e-03
-4.16588e-03
-4.29112e-03
-3.97342e-04
2.59164e-03
-6.51837e-04
-2.65784e-03
-9.54429e-04
5.33549e-04
6.25740e-04
5.33562e-04
-1.28306e-03
-5.91330e-03
-2.22693e-03
5.27506e-03
6.14580e-03
6.26605e-03
5.97247e-03
2.04463e-03
-1.38722e-03
2.92741e-03
4.59374e-03
2.76309e-03
-3.51125e-04
-3.92325e-03
-4.54649e-03
-1.88517e-03
3.17795e-03
4.10981e-03
1.08378e-03
-4.15368e-03
-5.02742e-03
-6.60757e-03
-7.02940e-03
-2.20777e-03
3.43332e-04
2.38943e-03
1.56679e-03
-1.83300e-03
-9.90308e-04
3.44363e-04
2.00569e-03
4.10589e-03
4.66401e-03
3.75820e-03
3.01172e-03
8.90487e-04
1.41998e-04
3.37394e-04
1.95115e-04
-2.73240e-05
-3.40306e-03
-1.91308e-03
1.75096e-04
2.50252e-04
-3.18880e-04
1.87050e-03
1.81640e-03
-1.23870e-03
-2.30182e-03
-2.91404e-03
-2.82285e-03
-2.83086e-03
-2.60240e-03
-2.89899e-03
-2.27774e-03
1.37957e-03
5.91163e-03
6.14610e-03
2.10704e-03
-2.11539e-03
-2.70256e-03
-2.57530e-03
-2.81177e-03
-9.45035e-04
-1.29401e-04
3.09239e-05
-2.71875e-05
-4.50027e-04
-1.96906e-03
-2.72356e-03
4.28742e-04
2.71030e-03
1.86462e-03
-1.89489e-03
-3.89788e-03
-4.29968e-03
-4.35479e-03
-2.57623e-03
-6.85449e-04
-8.92536e-05
-2.06483e-04
-8.42351e-05
-1.83272e-03
-5.57219e-03
-2.80666e-03
9.41376e-05
1.85867e-03
1.94484e-03
-2.04212e-03
-3.13129e-03
-2.01005e-03
8.14600e-04
3.30959e-03
4.83764e-03
2.79156e-03
3.31361e-03
4.05008e-03
4.26051e-03
5.57814e-03
6.43185e-03
8.69537e-03
4.44789e-03
-4.76940e-04
7.33481e-04
1.85390e-04
-4.66910e-04
-4.84942e-04
-3.99769e-04
-5.08984e-04
6.73381e-04
2.33370e-03
3.82067e-03
4.13931e-03
4.02910e-03
2.86177e-03
1.38582e-03
4.00857e-04
-3.27595e-04
-8.33603e-04
-3.04702e-03
-3.40974e-03
-2.48790e-03
-2.49190e-03
-3.29651e-03
-4.96384e-03
-5.28047e-03
-2.02396e-03
1.89464e-04
2.18645e-03
2.37784e-03
9.11071e-06
-2.46783e-03
-3.98186e-03
-4.02795e-03
-2.22534e-03
-5.36969e-04
-1.86161e-03
-1.89167e-03
-5.60010e-04
-5.11912e-04
-6.40166e-04
-1.66822e-03
-3.16821e-03
-3.77943e-03
-5.77542e-03
-5.52792e-03
-3.15618e-03
2.67659e-04
2.17247e-03
2.04922e-03
2.33279e-03
1.61335e-03
1.89592e-03
2.66145e-03
3.70754e-03
4.25062e-03
5.02417e-03
3.40494e-03
-1.30123e-04
-3.56298e-03
-3.34855e-03
8.93925e-04
2.04422e-03
3.47709e-03
2.80575e-03
2.95404e-03
4.92899e-03
5.08931e-03
5.14742e-03
2.82178e-03
2.15244e-03
2.37890e-03
7.09562e-04
-1.97480e-03
-3.86157e-03
-3.79944e-03
-3.33351e-03
-4.67620e-03
-3.89063e-03
-3.26939e-03
-3.37760e-03
-3.30846e-03
-1.54494e-03
-4.00657e-04
-6.71198e-04
-4.00658e-04
-6.52161e-04
1.56627e-03
3.99211e-03
5.37989e-03
3.81376e-03
8.75887e-04
1.93500e-03
1.73460e-03
-7.14292e-04
-5.94053e-04
-3.88644e-04
-2.50988e-03
-3.55998e-03
-2.42071e-03
-2.77427e-04
-2.12913e-03
-3.41269e-03
-1.62112e-03
-3.60600e-04
1.90192e-03
2.23458e-03
2.14039e-03
3.67946e-03
4.86683e-03
2.95200e-03
2.30571e-03
9.81065e-04
-4.84866e-04
-5.43986e-04
-1.06002e-03
-2.64619e-03
-4.44579e-03
-6.18526e-03
-6.39368e-03
-4.43778e-03
-1.85562e-03
-4.83887e-04
-8.03528e-04
-1.05303e-03
-9.27782e-04
-5.60051e-04
-1.01396e-03
3.90842e-04
2.40386e-03
2.42690e-03
1.18742e-03
4.91462e-05
1.73551e-03
4.59322e-03
5.00303e-03
4.37678e-03
2.65634e-03
2.58542e-04
-1.16531e-03
-1.89477e-03
-1.78255e-03
-4.95982e-04
1.69343e-04
-3.79758e-04
1.40180e-03
2.51401e-03
4.50888e-04
-4.57932e-04
-9.06833e-04
7.26424e-04
2.19034e-03
2.39575e-03
1.45486e-03
-4.69986e-04
-2.57319e-03
-3.50105e-03
-2.09926e-03
2.69470e-04
2.20633e-03
2.24340e-03
-8.10067e-06
-1.14939e-03
-9.44983e-04
4.05709e-04
2.29949e-03
2.18525e-03
2.23935e-03
-1.15356e-04
-6.82495e-04
1.33128e-04
1.19524e-03
1.26437e-03
-1.05827e-03
-3.07831e-03
-1.50017e-03
-2.03224e-03
-2.84186e-03
-9.63841e-05
1.41262e-03
2.36151e-03
1.33345e-03
-4.52123e-04
-8.97019e-04
-7.36706e-04
-1.03230e-03
-3.11347e-03
-3.69163e-03
-3.74875e-03
-2.45818e-03
-2.61804e-04
-5.79446e-04
-7.50797e-04
-9.33169e-04
-7.04721e-04
6.18914e-04
1.51870e-03
1.98763e-03
1.98361e-03
1.82228e-03
2.62889e-03
3.40843e-03
2.94249e-03
2.04469e-03
9.34465e-04
2.94177e-04
5.06592e-04
-5.37502e-04
-1.21186e-03
-1.91327e-03
-1.58162e-03
-7.25917e-04
-6.60797e-04
-1.35519e-03
-3.52955e-03
-3.88026e-03
-3.99049e-03
-3.32116e-03
-1.63480e-03
-1.26207e-03
3.75159e-05
-5.28626e-04
-2.75130e-04
1.37215e-03
2.08055e-03
4.10358e-03
4.30798e-03
2.26188e-03
6.75703e-04
9.95407e-05
-8.86440e-04
-1.44256e-03
-1.10490e-03
8.34620e-05
5.95473e-04
-3.35399e-04
7.96851e-04
2.14553e-03
2.01225e-03
1.04230e-03
8.05820e-04
-7.29480e-05
-1.33949e-03
3.62447e-05
7.80719e-04
1.22058e-03
1.40594e-03
1.91595e-03
1.69750e-03
1.24558e-03
2.25358e-03
1.20948e-03
-1.04804e-03
-1.13723e-03
5.33090e-04
1.58117e-03
1.33366e-03
2.06411e-03
1.81660e-03
1.60817e-03
3.37368e-03
2.60212e-03
1.68227e-03
1.27645e-03
1.95272e-04
-2.33600e-04
-1.35485e-03
-1.17451e-03
-2.26971e-03
-4.44808e-03
-2.84890e-03
-3.23469e-03
-4.50524e-03
-4.04634e-03
-4.67762e-03
-2.35299e-03
-1.43818e-03
-8.96111e-04
-3.17973e-04
-1.49534e-03
-1.21480e-03
-1.43626e-03
-1.27595e-03
-1.36515e-03
-1.36015e-03
-1.29103e-03
-1.45839e-03
-3.84257e-04
2.65462e-05
6.42760e-04
1.56057e-03
1.52248e-03
1.59461e-03
1.72585e-03
2.13813e-04
6.61690e-04
1.80395e-03
1.48730e-03
1.03037e-03
9.08108e-04
2.54937e-03
2.53131e-03
1.52528e-03
1.62647e-03
1.52424e-03
1.63144e-03
1.51418e-03
1.74463e-03
1.08128e-03
-1.03697e-03
-2.39069e-03
-3.50694e-03
-3.10616e-03
-1.38675e-03
-6.08215e-04
-8.98816e-04
-1.47399e-03
-1.00407e-03
-2.04491e-04
-1.32375e-03
-9.29982e-04
1.22029e-03
3.66014e-03
4.50882e-03
2.76030e-03
1.41459e-03
7.66276e-04
-3.01879e-04
4.85672e-04
1.29827e-03
1.35436e-03
8.90413e-04
-8.38062e-04
-3.43096e-04
-5.19471e-04
-1.47641e-03
-1.33214e-03
-1.65681e-03
-2.21295e-03
-1.44043e-03
-1.34626e-03
-1.21803e-03
-2.06619e-05
-2.36919e-05
-1.19806e-03
-8.52395e-04
1.23530e-04
4.81219e-04
1.88199e-03
-1.45081e-04
-3.02420e-04
2.49658e-04
1.46306e-03
4.11931e-04
-1.70031e-03
-1.81304e-04
3.88809e-04
9.74954e-04
1.52603e-03
3.81717e-04
-1.39987e-03
-1.40090e-03
-1.24962e-03
-2.96744e-04
4.35692e-04
1.40661e-03
-2.55742e-04
-1.28583e-03
-1.18966e-03
-1.40211e-03
-1.23380e-03
-1.42221e-03
-2.81959e-04
-1.00744e-03
-3.63178e-04
1.49651e-03
1.12073e-03
-6.66702e-05
4.42318e-04
1.43928e-03
1.38114e-03
1.35405e-03
1.36404e-03
1.28085e-03
1.28383e-03
1.08840e-03
-7.02202e-04
-1.78840e-03
-8.35528e-04
9.64036e-04
1.13535e-03
2.58121e-03
2.90983e-03
1.90980e-03
-1.89420e-04
-1.56921e-03
-1.14539e-03
2.62389e-04
1.37257e-03
9.89993e-05
1.40458e-03
3.96530e-04
-1.74678e-03
-1.59852e-03
-1.78693e-03
-1.51842e-03
-1.00643e-03
-9.49352e-04
-1.23195e-03
-1.29411e-03
-1.71197e-03
-1.15991e-03
7.15210e-05
1.03140e-03
1.43017e-03
1.45017e-03
1.40806e-03
1.48518e-03
1.42502e-03
-1.86232e-04
-8.30554e-04
-1.32057e-03
-7.06375e-04
3.82765e-04
9.10784e-04
1.60313e-03
1.22033e-03
6.14085e-04
3.82587e-04
7.19302e-05
1.00952e-04
1.35742e-03
1.35338e-03
5.07423e-05
-8.00996e-04
-1.18480e-03
-9.51370e-04
-1.03057e-03
-9.34411e-04
-1.02363e-03
-9.15448e-04
-9.66588e-04
-1.03276e-03
-2.01576e-03
-3.45668e-03
-1.69820e-03
-9.78805e-04
-1.16722e-03
-1.06706e-03
-1.25247e-03
-8.11627e-04
-1.10525e-03
-1.14838e-03
-1.13239e-03
-1.12441e-03
-1.03026e-03
-1.03732e-03
9.29000e-05
7.27126e-04
1.00865e-03
2.44080e-04
5.00551e-04
6.22754e-04
7.76018e-04
1.02748e-03
-2.74163e-04
2.74892e-04
7.25751e-04
-9.29268e-05
-6.18018e-04
1.45909e-03
1.84081e-03
1.80770e-03
2.08521e-03
1.59218e-03
3.72841e-03
4.53898e-03
3.79645e-03
2.20423e-03
1.73224e-03
3.93259e-03
2.89949e-03
1.54273e-03
1.62285e-03
1.65587e-03
1.55161e-03
1.21490e-03
4.75373e-04
-7.03026e-04
-9.69604e-04
-5.18750e-04
-1.53065e-04
4.97187e-04
3.63874e-04
-1.19328e-03
1.61376e-04
-2.98589e-04
-1.30565e-03
-1.32574e-03
-1.28270e-03
-9.82145e-04
-1.41906e-03
-1.28384e-03
-1.43119e-03
-1.26591e-03
-1.92828e-03
-2.25498e-03
-2.22998e-03
-1.93343e-03
-1.87236e-03
-2.22411e-03
-3.00372e-03
-3.77832e-03
-3.60803e-03
-3.66920e-03
-3.02897e-03
-2.33964e-03
-1.20844e-03
-5.55182e-04
-1.74375e-03
-1.57433e-03
-6.13096e-04
-4.49216e-04
-3.18310e-04
-2.34426e-04
1.61502e-03
8.40687e-04
-5.29692e-04
-2.06752e-04
-5.24790e-04
4.43506e-04
1.52460e-03
2.66190e-03
1.19345e-03
1.61501e-03
2.48286e-03
2.52826e-03
2.73068e-03
2.34116e-03
2.41462e-03
2.29925e-03
2.33028e-03
2.19040e-03
2.18012e-03
1.21530e-03
1.89480e-03
2.12707e-03
9.33111e-04
-1.69980e-05
-9.66106e-04
3.98648e-04
7.57595e-04
-4.68094e-04
-4.43601e-04
-6.93322e-04
-4.18039e-04
-1.90399e-04
-1.96339e-04
-8.21303e-06
1.18869e-05
-2.34369e-04
-5.57754e-04
-9.92698e-04
-1.18903e-03
-1.28560e-03
-9.55907e-04
-8.82820e-04
-6.28457e-04
-5.26839e-04
-1.05520e-03
-8.89591e-04
-6.99115e-04
-9.65080e-04
-1.40129e-03
-1.00010e-03
6.47259e-04
3.87086e-04
1.18474e-04
-2.90786e-05
-1.85964e-04
1.36692e-04
-4.05426e-04
1.05506e-04
3.14004e-04
5.91358e-04
4.83279e-04
3.91675e-04
2.88319e-04
6.96299e-04
5.95659e-04
-1.82711e-05
-4.94058e-04
-5.04665e-04
-5.92788e-04
-8.81008e-04
7.18516e-05
1.90231e-04
9.60197e-05
-6.73839e-05
4.71534e-05
2.70500e-04
3.21735e-04
3.07006e-04
2.93062e-04
2.95544e-04
2.68802e-04
2.82218e-04
2.42244e-04
2.84420e-04
4.37093e-04
2.00358e-04
2.43394e-04
1.87283e-04
2.18449e-04
1.76427e-04
1.85378e-04
2.91953e-04
2.75099e-04
-4.49154e-05
-8.56430e-04
-2.93433e-04
8.28934e-05
1.42657e-04
4.29488e-04
5.05969e-04
3.46335e-04
2.34877e-04
7.93131e-05
1.26557e-04
9.28582e-06
1.62511e-04
-2.75775e-04
-1.03025e-03
-7.65238e-04
-3.89220e-04
8.58853e-04
-1.47789e-04
-1.61873e-03
-4.71805e-04
-7.09277e-05
-2.80870e-04
-6.94800e-04
-1.01867e-04
-1.10428e-04
-5.33837e-04
-2.72793e-04
-1.82812e-04
1.61258e-05
3.83186e-04
5.01728e-05
-4.33972e-04
1.05444e-04
5.27974e-04
3.65867e-04
-4.29806e-04
1.81214e-05
4.68078e-04
2.51072e-04
2.50336e-04
2.84425e-04
3.26614e-04
2.18092e-04
1.86591e-04
1.57097e-04
1.77974e-04
6.20108e-05
3.77084e-05
2.65469e-04
3.41759e-05
-2.22124e-04
1.04445e-04
1.57916e-04
6.62705e-05
1.19686e-04
9.58942e-05
2.71708e-04
9.79029e-05
-7.88804e-05
8.50825e-05
1.48532e-04
1.68990e-04
8.39868e-05
2.64244e-06
-4.74396e-06
4.43802e-05
1.21642e-04
5.62072e-05
-6.58727e-05
-4.33998e-05
-2.74308e-05
-8.15316e-07
-4.99045e-05
-8.24821e-05
-1.10731e-04
-1.74688e-04
-1.19803e-04
-9.73639e-05
-1.10315e-04
-1.13524e-04
-9.24343e-05
-3.95302e-05
-2.29562e-05
-2.53028e-05
-3.84164e-05
-5.73907e-05
-3.57876e-05
-2.56730e-05
-2.18511e-05
-2.18525e-05
-1.70620e-05
-9.61417e-06
-6.02905e-06
-2.10446e-06
-4.37874e-07
-4.11246e-06
-7.21232e-06
-1.05700e-05
-1.55574e-05
-2.21019e-05
