1.64565e-03
5.77724e-04
-2.40829e-03
-1.92492e-04
4.37851e-03
-4.88224e-03
-2.58794e-03
5.85800e-03
-6.03709e-03
5.35528e-03
2.64937e-03
-6.16844e-03
9.91340e-04
-1.38407e-03
6.23997e-03
8.31813e-03
-7.22802e-03
-1.50947e-03
-2.27888e-03
7.99985e-03
1.98419e-02
-1.60065e-02
-3.70887e-03
4.79909e-03
-1.12472e-02
9.35084e-03
9.19784e-03
-3.55986e-03
-1.70076e-03
-1.03761e-02
-3.02637e-03
1.15227e-02
8.36710e-03
-5.78920e-03
-1.30642e-03
2.81775e-03
6.10355e-03
1.73735e-03
8.35435e-03
-3.20444e-03
-1.35323e-02
2.95135e-03
7.05322e-03
5.06839e-03
2.66371e-05
-7.50601e-03
-9.90995e-05
9.36934e-03
4.53616e-04
-8.92928e-03
8.15045e-03
4.50243e-03
-1.54789e-02
2.18643e-02
-9.71045e-05
-2.06338e-02
7.64043e-03
8.52642e-03
6.76160e-03
1.56379e-03
-8.70885e-03
1.34254e-02
-7.05996e-03
1.39757e-03
1.41711e-02
-1.20676e-02
-1.07067e-03
-4.29612e-03
-2.89450e-03
5.16468e-03
-1.26016e-03
4.45738e-03
1.14155e-02
-7.76813e-03
-1.30028e-02
-6.21424e-03
-9.24391e-03
-3.43138e-03
-3.09145e-02
-4.31672e-02
-1.34886e-02
-2.38514e-02
-4.43116e-02
-2.65582e-02
-2.80721e-02
-3.84135e-02
7.11861e-03
1.59764e-02
2.24151e-02
1.58594e-02
-4.32648e-03
-3.46474e-03
-5.18782e-02
-2.43648e-02
1.72488e-02
2.21347e-02
1.73139e-02
-4.30102e-02
-3.43075e-02
-2.05086e-02
1.69480e-02
1.26226e-01
1.56323e-01
9.94735e-02
-2.95747e-03
8.57926e-03
7.33679e-02
6.57470e-02
6.82515e-02
3.96034e-02
2.38576e-02
-7.88915e-03
-1.94751e-02
2.25290e-02
-2.47291e-02
-7.57943e-02
-4.07889e-02
-1.39646e-02
-1.67007e-02
2.15854e-03
-2.96027e-02
-3.40940e-02
-4.49627e-02
-5.80326e-02
-7.20125e-02
-4.97000e-02
-2.35901e-02
-3.39258e-02
1.63565e-02
3.99174e-02
1.05394e-02
-4.31292e-02
-4.05228e-02
-1.92774e-02
1.83187e-02
5.36382e-02
6.48095e-02
4.55996e-02
1.98213e-02
1.48755e-02
-9.54394e-03
-4.28003e-03
5.77124e-02
6.08595e-03
-8.48239e-02
-9.95289e-02
-6.58203e-02
-1.18840e-02
-5.69256e-02
2.00791e-02
1.64901e-01
9.92471e-02
6.24158e-02
2.62339e-02
-7.29008e-02
-5.43909e-03
2.27062e-02
-5.35830e-02
-5.44756e-02
-8.54945e-02
-1.19566e-01
-6.40096e-02
-5.65611e-02
4.55804e-03
5.85699e-02
9.35365e-02
7.99171e-02
3.10353e-03
5.61678e-03
1.80636e-02
8.97430e-03
-6.17089e-02
-6.68641e-02
-6.25074e-02
5.42430e-02
1.96785e-01
1.68126e-01
4.42185e-02
-1.24999e-01
-1.45109e-01
-3.14687e-02
3.44122e-02
6.85880e-02
2.18648e-02
-1.19173e-02
-2.01179e-03
-4.38142e-02
7.66406e-03
5.92644e-02
8.99268e-02
5.34803e-02
-2.39798e-02
-2.80582e-02
-1.12350e-03
4.22724e-02
8.04288e-02
4.23695e-02
-4.82762e-03
-7.04708e-03
-4.56879e-02
-3.89702e-02
2.90953e-02
1.70906e-02
-1.68282e-02
-5.15000e-02
-7.65349e-02
-7.31155e-02
-5.11645e-02
1.04188e-02
4.07022e-02
6.88716e-02
2.70208e-02
-7.11282e-02
-5.78712e-02
-3.94288e-02
5.67043e-02
1.08175e-01
4.69211e-02
5.10026e-03
-2.50046e-02
-7.34733e-03
-8.69741e-03
-1.46745e-02
-1.50835e-02
-3.09951e-02
-8.52365e-02
-8.29714e-02
-4.51795e-02
-4.20596e-02
1.24388e-02
3.45361e-02
6.99654e-04
-3.56587e-02
-8.75827e-02
-6.79346e-02
2.97987e-02
1.00662e-01
1.02802e-01
4.98482e-02
-3.79147e-02
-6.85508e-02
-8.10469e-02
1.74977e-02
1.09204e-01
4.57224e-02
-1.54082e-02
-5.91055e-02
-7.99068e-02
-1.58384e-02
5.91211e-02
5.10534e-02
8.58607e-03
-1.83194e-02
-4.51481e-03
2.06627e-02
4.10367e-02
2.20575e-02
2.83913e-02
2.33059e-02
1.77178e-03
6.42673e-04
-7.80599e-03
-5.47459e-04
1.93604e-02
5.23876e-02
7.12031e-02
3.48118e-02
-6.73673e-03
-2.07633e-02
-1.62951e-02
8.64199e-03
2.39819e-02
3.69128e-03
-1.27690e-02
-1.51503e-02
-4.59837e-03
2.12246e-02
1.24386e-02
-6.31865e-03
-1.65410e-02
-2.92591e-02
-9.48791e-03
6.48100e-03
4.69960e-03
6.58088e-03
2.21999e-02
3.23283e-02
-1.15813e-02
-4.61330e-02
-5.23854e-02
-5.92532e-02
-3.29738e-02
-6.26592e-03
-1.62799e-02
-2.43060e-02
-2.20583e-02
-1.72742e-02
-1.40409e-02
5.00820e-03
2.89741e-02
4.24764e-02
2.64629e-02
1.58017e-03
-1.20199e-02
-1.72580e-03
9.08394e-03
3.64954e-03
3.93355e-03
5.52987e-03
7.94284e-04
-1.38450e-03
1.74125e-03
-6.43410e-03
-1.89390e-02
-2.41417e-02
-1.34522e-02
-9.31551e-03
-6.93606e-03
-3.59901e-03
-1.19605e-02
-1.00534e-03
-6.27327e-04
-3.47294e-03
9.16862e-03
8.97964e-03
9.66102e-03
2.03036e-03
8.03954e-03
2.51133e-02
3.58707e-02
2.48478e-02
2.16979e-02
9.20269e-03
-6.27865e-03
6.66239e-03
1.47331e-02
1.20532e-02
4.60478e-03
6.29318e-03
-2.71378e-03
-1.80662e-02
-9.95674e-03
8.65134e-03
1.29731e-02
1.01585e-02
2.50749e-03
-7.16725e-03
-7.93196e-03
6.80893e-03
1.80684e-02
4.19593e-03
-1.11187e-02
-1.90238e-03
1.01547e-02
9.56740e-03
-3.75744e-03
-7.91151e-03
-9.80923e-03
-1.91186e-02
-1.92717e-02
-2.02293e-02
-1.54908e-02
-6.11064e-03
-2.65440e-03
1.30945e-02
4.19219e-03
-2.47681e-02
-2.73637e-02
-1.21692e-02
6.56972e-03
8.52755e-03
2.72387e-03
2.89348e-03
-5.30611e-03
-1.79729e-02
-1.96835e-02
-1.30773e-02
-5.21692e-03
-6.62810e-03
-1.19850e-02
-1.80048e-02
-1.91514e-02
-1.40223e-02
-8.43762e-03
-4.75555e-03
-9.37388e-03
-6.66103e-03
9.35922e-03
2.33790e-02
2.90063e-02
2.54812e-02
2.76697e-02
3.43157e-02
2.64253e-02
2.83579e-02
2.74711e-02
2.56489e-02
3.30441e-02
3.16310e-02
2.44054e-02
1.21331e-02
2.56792e-03
-2.12776e-04
-2.20452e-03
-5.78385e-03
3.63910e-04
-6.01841e-03
-2.10355e-02
-1.96941e-02
-8.68280e-03
-8.38428e-03
-9.29244e-03
-1.06329e-02
-7.43251e-03
-7.65058e-03
-1.54160e-02
-1.61196e-02
-1.55284e-02
-1.98424e-02
-2.02534e-02
-1.46910e-02
-9.56191e-03
-5.56775e-03
-8.05381e-03
-8.12844e-03
-1.59723e-02
-1.26673e-02
-6.17838e-03
1.89038e-03
1.15758e-02
1.64994e-02
1.88100e-02
1.51474e-02
1.28988e-02
1.11832e-02
1.41490e-02
1.62309e-02
1.50475e-02
6.25085e-03
5.01993e-03
-2.57973e-03
-3.98705e-03
-2.17073e-03
-1.57786e-02
-8.90392e-03
-1.52622e-03
-1.10760e-02
-1.70086e-02
-9.53491e-03
-2.73099e-03
-5.67452e-03
-2.52456e-03
-4.50372e-03
-7.52673e-03
-8.71099e-04
1.15844e-03
-3.52484e-03
-3.68090e-03
2.39708e-03
2.70722e-03
7.27224e-03
5.74280e-03
-2.29883e-03
-6.16991e-03
-1.04500e-02
-4.65019e-03
-4.74712e-03
-7.97559e-04
4.12801e-03
8.43328e-03
1.47904e-02
2.01783e-02
1.58710e-02
1.09309e-02
2.00891e-02
2.60885e-02
2.29366e-02
1.08999e-02
8.35273e-03
9.04668e-03
2.50346e-03
-1.94624e-03
-3.66468e-03
-5.20672e-03
-6.41535e-03
-1.13061e-02
-1.33841e-02
-1.04629e-02
-9.88230e-03
-3.07645e-03
-8.23024e-04
-4.14649e-03
5.60997e-04
-2.41258e-03
5.99739e-04
8.07338e-03
5.04456e-03
3.48991e-03
-4.37920e-03
-5.31742e-03
1.21831e-04
-3.76669e-03
-5.63436e-04
-6.75880e-04
-5.30004e-03
-1.79245e-03
-2.38805e-04
6.49955e-04
-1.29625e-03
-5.64225e-03
-5.91947e-03
-2.43901e-03
3.55851e-03
-3.89093e-03
-7.15625e-03
5.82958e-04
2.21511e-03
-1.88955e-03
-5.56893e-04
-4.67513e-03
-1.20238e-02
-7.55374e-03
-4.44741e-03
-4.26715e-03
-5.11039e-03
-5.44769e-03
-7.26209e-03
-8.65294e-03
-5.12790e-03
2.04819e-03
-7.36295e-03
-7.03731e-03
-3.38531e-03
-1.03385e-02
-1.19833e-02
-7.41829e-03
4.69211e-03
8.08339e-03
5.47035e-03
4.35186e-03
1.99082e-03
2.05768e-03
6.18072e-03
7.43778e-03
6.23981e-03
5.87149e-03
3.50463e-03
-1.74371e-03
-8.41389e-04
3.61991e-03
3.49099e-03
3.14981e-03
3.50161e-03
3.16818e-03
3.76423e-03
-4.97427e-03
-5.09060e-03
1.44386e-03
9.33621e-03
1.33895e-02
7.55571e-03
6.87821e-03
1.24657e-02
1.71548e-02
1.84477e-02
1.54703e-02
9.18195e-03
8.66824e-03
1.25218e-02
1.64714e-02
1.21593e-02
9.43578e-03
3.01565e-03
-1.06091e-03
8.16895e-03
1.05222e-02
1.30131e-02
9.53743e-03
5.66150e-03
7.28783e-03
4.11555e-03
-4.22073e-03
-1.09200e-02
-1.19222e-02
-5.14931e-03
-3.07810e-03
-1.30572e-02
-1.65387e-02
-2.22048e-02
-2.38311e-02
-2.40570e-02
-2.37420e-02
-2.06648e-02
-1.91121e-02
-1.85684e-02
-1.51373e-02
-8.90335e-03
-5.43550e-03
-1.00025e-02
-1.58992e-02
-1.60747e-02
-1.31089e-02
-1.48206e-02
-1.20961e-02
-7.34501e-03
-6.69663e-03
-5.18369e-03
-4.29785e-03
-1.87482e-03
-4.01626e-04
-1.10336e-03
2.80451e-03
4.38626e-03
4.17278e-04
3.13010e-03
6.72783e-03
1.35298e-02
1.54624e-02
1.86734e-02
1.74212e-02
9.51811e-03
6.38362e-03
5.41923e-03
-4.46491e-03
2.05017e-03
1.54002e-02
1.26001e-02
6.84872e-03
5.24076e-03
7.34685e-03
5.11278e-03
1.00839e-02
1.14272e-02
6.61209e-03
3.56096e-03
4.14441e-03
4.49137e-03
1.16151e-02
1.87224e-02
1.75719e-02
1.45935e-02
1.60192e-02
1.62411e-02
1.16974e-02
9.24425e-03
1.19726e-02
1.28991e-02
8.99993e-03
7.43850e-03
1.21511e-03
1.76085e-04
-1.83313e-03
-7.57869e-03
-8.82320e-03
-9.79728e-03
-7.22403e-03
-7.91704e-03
-1.00988e-02
-1.45078e-02
-1.83963e-02
-1.65858e-02
-1.70385e-02
-1.82200e-02
-1.58629e-02
-9.71610e-03
-9.10067e-03
-1.38867e-02
-1.77714e-02
-1.52252e-02
-8.64522e-03
-9.02324e-03
-1.24843e-02
-1.10112e-02
-9.95376e-03
-6.16219e-03
-6.26883e-03
-1.17101e-02
-9.27831e-03
-7.22940e-03
-7.84197e-03
-1.33161e-02
-9.21734e-03
-1.75503e-04
5.90924e-03
3.80601e-03
-1.76509e-03
-4.03600e-03
4.18514e-04
7.06540e-03
7.22918e-03
1.17438e-02
1.14210e-02
1.11738e-02
1.24871e-02
1.15111e-02
9.60945e-03
1.07725e-02
1.55527e-02
1.37664e-02
1.53656e-02
1.51843e-02
1.21458e-02
7.85888e-03
8.76314e-03
1.92811e-02
1.60410e-02
4.52273e-03
-2.07089e-04
6.31477e-03
1.06394e-02
9.08282e-03
6.10843e-04
-2.95785e-03
1.18942e-03
2.79927e-03
1.89303e-03
-3.42220e-03
-1.79199e-03
4.54669e-03
8.46183e-04
-2.59845e-03
-4.80732e-03
-1.11809e-02
-1.14136e-02
-4.56993e-03
5.41592e-03
4.15204e-03
-3.00859e-03
-2.55792e-03
-2.84483e-03
-1.92700e-03
-2.58319e-03
-4.38984e-03
-5.13422e-03
-7.57183e-03
-7.86843e-03
-7.93824e-03
-6.08705e-03
-8.62449e-03
-7.58745e-03
-6.40793e-03
-9.09463e-03
-6.69389e-03
-6.58827e-03
-7.63990e-03
-7.69323e-03
-8.48122e-03
-5.24987e-03
-1.53680e-03
-3.79608e-03
-5.36624e-03
-1.44382e-03
1.34460e-03
2.83136e-03
1.26024e-03
-1.47093e-04
-1.47689e-03
-8.97313e-04
3.46803e-03
4.51962e-03
7.07640e-03
5.27460e-03
-1.02659e-04
-1.53080e-04
3.87498e-03
4.59509e-03
8.52907e-04
-3.02425e-04
1.50180e-04
5.17944e-03
2.57707e-03
-9.29594e-04
-3.62405e-03
-6.83025e-03
1.58777e-04
7.56651e-03
4.73442e-03
-1.72758e-04
-9.29740e-04
1.75304e-03
4.22259e-03
-6.52576e-05
6.74237e-04
5.46410e-03
1.10507e-02
1.00776e-02
3.28427e-03
4.18659e-03
8.34840e-03
5.12185e-03
3.38692e-03
1.81676e-03
2.01737e-03
6.34977e-03
1.90006e-03
1.52010e-03
-5.48233e-04
1.31168e-03
2.09964e-03
1.37464e-03
3.62224e-03
2.35642e-03
4.86776e-04
-5.27332e-03
-3.80400e-03
1.04499e-03
2.07719e-03
2.49103e-03
1.87071e-03
-3.87597e-04
-4.85475e-03
-5.54486e-03
-5.54778e-03
-6.64011e-03
-1.99563e-03
-3.10831e-03
-8.52627e-03
-8.48365e-03
-7.87403e-03
-9.98015e-03
-6.00250e-03
-4.15131e-03
-3.59984e-03
-5.42199e-03
-4.21824e-03
-3.19084e-04
-3.02129e-03
-4.12137e-03
-4.32493e-03
-7.48945e-03
-3.72211e-03
1.69291e-03
9.97959e-04
5.60852e-03
5.74710e-03
3.09433e-03
1.78586e-03
3.10496e-03
2.89268e-03
-1.77317e-03
-4.17244e-04
5.29048e-03
5.37963e-03
2.65707e-03
1.61320e-03
-9.48464e-04
-7.38160e-04
7.15653e-04
4.63613e-03
7.17644e-03
5.55395e-03
4.71556e-03
2.14614e-03
9.39442e-04
2.04821e-03
-3.25424e-04
1.20205e-03
5.07116e-03
2.80898e-03
-4.26289e-04
-2.13019e-03
-1.70666e-03
4.46930e-04
-3.28463e-04
1.06041e-03
2.54331e-03
1.08946e-03
4.90465e-04
-6.60985e-04
-1.43638e-03
-4.64645e-03
-3.35374e-04
6.10605e-03
5.13391e-03
2.94573e-04
1.03698e-03
2.64587e-03
2.89681e-04
-2.04712e-03
-2.97178e-03
-8.99597e-04
-2.12665e-03
-9.21919e-04
2.86287e-03
4.06853e-04
-4.78625e-03
-4.20860e-03
6.76252e-04
-1.94122e-04
-3.71047e-03
-5.29128e-03
-5.84763e-03
-1.83119e-03
1.05610e-03
1.37690e-03
-1.31173e-03
-9.74881e-03
-9.03548e-03
-3.33647e-03
-3.65730e-03
-1.22263e-03
-1.75669e-03
-3.22507e-03
-4.37749e-03
-5.17226e-03
-3.13982e-03
-3.57404e-03
-3.74948e-03
2.80825e-03
4.89691e-03
2.77589e-04
3.02776e-04
9.05045e-05
-3.47596e-04
1.17407e-03
3.06016e-03
5.58206e-03
9.28253e-03
9.56940e-03
6.39810e-03
6.94376e-03
7.98954e-03
1.02691e-02
5.92023e-03
2.19744e-03
9.08956e-03
1.06452e-02
3.41766e-03
-4.93219e-03
-2.39284e-03
5.84552e-03
6.27487e-03
2.25454e-03
-1.13968e-03
-2.38514e-03
-2.33485e-04
-3.31077e-03
-3.54660e-04
8.17117e-04
-1.33747e-03
-8.13133e-04
-2.48699e-03
-3.27982e-03
-4.61542e-03
-2.23405e-03
-3.28082e-03
-2.01406e-03
-3.28569e-03
-5.61667e-03
-4.50305e-03
-3.40105e-03
-1.93657e-03
-2.08681e-03
-6.50433e-04
-1.44617e-03
-4.89661e-03
-8.51472e-03
-4.84816e-03
7.23875e-04
7.14174e-04
-5.07111e-03
-7.39628e-03
-5.19325e-03
-3.10944e-03
-2.82062e-03
-4.24247e-03
-4.68832e-03
-4.00988e-03
-2.20232e-04
-1.15748e-03
-3.39154e-03
-4.42207e-04
2.80177e-03
3.72349e-03
1.51850e-03
-6.95205e-04
2.26479e-03
4.72854e-03
6.79588e-03
5.05806e-03
3.70793e-03
5.35850e-03
3.70210e-03
1.32168e-03
1.36529e-03
2.38297e-03
3.12538e-03
4.81279e-03
5.26541e-03
5.22179e-03
6.44784e-03
5.84207e-03
3.20870e-03
1.43502e-03
3.28913e-03
3.78536e-03
2.02138e-03
1.63376e-04
1.13259e-03
1.25664e-03
-6.32371e-04
6.86732e-04
-4.39199e-03
-6.70552e-03
-9.29943e-04
3.73491e-03
8.31120e-04
-4.79521e-03
-6.95367e-03
-6.18314e-03
-4.92122e-03
-1.85461e-03
1.37773e-03
1.81969e-03
2.30165e-04
-1.94671e-03
-2.86252e-05
2.80246e-03
4.06632e-03
1.22360e-03
-3.07393e-03
-3.66031e-03
-2.48756e-03
8.24261e-04
3.94515e-03
4.01493e-03
1.33018e-03
-1.85565e-03
-1.50792e-04
1.31951e-03
1.80606e-03
9.27941e-04
-1.77425e-03
-1.27704e-03
-1.05315e-03
-2.83846e-03
-3.42097e-03
-4.13528e-03
-5.21500e-03
-1.52130e-03
-6.75172e-04
-3.45878e-03
-4.77304e-03
-2.97998e-03
1.44780e-04
-2.45176e-03
-3.60998e-03
-3.66620e-03
-5.44472e-03
-4.15081e-03
1.36502e-03
5.19441e-03
1.35339e-03
-1.48907e-04
-2.26569e-03
-2.71347e-03
-2.34613e-03
-8.57411e-04
5.86316e-03
5.85153e-03
5.32330e-03
4.81931e-03
3.85881e-03
5.87091e-03
9.00440e-03
9.14397e-03
5.09069e-03
1.43790e-04
-2.47775e-04
2.54552e-03
3.50311e-03
3.05727e-03
2.30903e-03
4.59000e-05
-1.08421e-03
1.10041e-03
4.34246e-03
3.79969e-03
1.39603e-03
-1.26351e-03
-4.95527e-03
-5.63179e-03
-4.35920e-03
-3.81546e-03
-2.54578e-03
-1.18403e-03
1.58407e-03
6.91770e-05
-3.73404e-03
-3.34054e-03
-4.33011e-03
-1.55232e-03
-4.54192e-04
-3.12245e-03
-4.15273e-03
-5.44082e-03
-6.97413e-03
-9.25180e-03
-6.54864e-03
-3.18253e-03
-2.24723e-03
-1.35748e-03
-1.30708e-03
-1.40400e-03
-1.24989e-03
-1.58233e-03
1.38542e-03
5.64903e-03
5.56568e-03
5.15075e-04
-6.35572e-03
-3.89196e-03
1.93209e-03
6.42249e-03
6.99918e-03
3.54197e-03
3.27932e-03
3.66701e-03
4.31639e-03
3.61953e-03
6.36146e-03
7.13781e-03
1.43104e-03
9.70665e-04
5.29242e-03
6.84803e-03
3.40439e-03
-1.80750e-04
1.26145e-03
4.41627e-03
4.75841e-03
4.83305e-03
4.07593e-04
-3.73776e-03
-2.45450e-03
-2.36436e-03
-4.88336e-03
-5.52304e-03
-4.59937e-03
-3.95289e-03
-2.67448e-03
-1.76147e-03
-2.46027e-03
-3.71638e-03
-6.12928e-04
-4.58816e-04
-1.79052e-03
-2.08515e-03
-4.61704e-04
7.62428e-04
1.84990e-03
3.37449e-03
1.18885e-04
1.90323e-03
3.43945e-03
2.65826e-03
7.56660e-04
-1.03833e-03
1.44127e-04
6.29714e-04
2.94034e-03
3.14195e-03
2.23477e-03
1.15022e-03
-1.79427e-03
-5.28733e-03
-7.72201e-03
-4.66702e-03
-1.84173e-03
-2.12667e-03
-2.97376e-03
-4.32000e-03
-2.84387e-03
2.43104e-04
1.79386e-03
1.20653e-03
-3.46608e-03
-3.32747e-03
-1.87266e-03
-7.89065e-04
7.48127e-04
-1.43552e-03
-4.94215e-03
-5.21643e-03
1.54099e-03
5.96355e-03
5.87245e-03
4.98175e-03
5.22794e-03
3.56476e-03
3.94858e-03
5.92968e-03
4.60477e-03
1.90937e-03
4.97228e-04
1.08071e-03
4.14864e-04
1.17377e-03
1.45776e-03
5.51554e-04
8.24615e-05
-2.04400e-03
-2.55574e-03
-2.98897e-03
-6.53136e-04
3.25574e-03
1.64588e-03
-3.33494e-03
-7.36204e-03
-7.92321e-03
-4.07442e-03
4.90618e-04
2.08015e-03
3.58536e-03
3.11045e-03
-2.79596e-03
-4.84489e-03
-1.38960e-03
1.05187e-03
2.05406e-03
2.72865e-03
-8.11113e-05
-3.38517e-03
-1.10652e-03
1.77886e-03
1.14112e-03
-1.01344e-03
-1.84502e-03
-1.28383e-03
-2.94991e-03
-4.16530e-03
-1.41755e-03
8.90176e-04
1.90496e-03
2.79666e-03
2.61833e-03
1.13059e-03
2.87132e-03
4.99974e-03
4.59075e-03
1.90117e-03
2.89370e-04
1.32936e-03
1.20628e-03
2.46724e-03
2.10671e-03
1.75065e-04
-2.21987e-03
-2.40982e-03
-8.84255e-04
3.15653e-04
1.79954e-03
7.81874e-04
-8.44465e-04
-2.23334e-03
-2.09279e-03
-8.25041e-04
-1.84465e-03
-2.93501e-03
-4.49738e-03
-6.48233e-03
-4.99844e-03
-3.67835e-03
-3.83244e-03
-4.06407e-03
-3.84792e-03
-2.06745e-03
-5.75803e-04
-6.72711e-04
-1.80959e-03
-2.82920e-03
-2.35911e-03
8.18006e-04
2.61108e-03
2.89217e-03
2.14588e-03
2.95422e-03
6.47542e-03
7.22270e-03
6.49483e-03
4.82584e-03
3.39238e-03
4.15130e-03
5.32407e-03
6.93590e-03
6.49201e-03
5.70405e-03
3.58244e-03
2.40194e-03
3.40025e-03
3.55728e-03
2.37097e-03
4.40298e-04
-1.49813e-03
-3.06147e-03
-2.64953e-03
-2.64273e-03
-2.80555e-03
-3.47139e-03
-4.98820e-03
-6.59612e-03
-5.44855e-03
-2.83455e-03
-2.15705e-03
-1.88177e-03
-2.18997e-03
-4.50348e-03
-3.27741e-03
-5.30300e-06
2.10849e-04
-7.68049e-04
-1.23035e-03
-1.03940e-03
-1.09560e-03
-7.90279e-04
-2.10453e-03
-2.84112e-03
-1.45803e-03
5.28892e-04
2.25606e-03
3.89018e-03
3.48603e-03
2.26677e-03
2.89581e-03
3.66926e-03
4.94671e-03
4.02596e-03
1.52830e-03
-9.93596e-04
-4.13967e-03
-6.28648e-03
-4.57385e-03
-7.33782e-04
8.13488e-05
1.06706e-03
2.37425e-04
-2.17592e-03
-2.22242e-03
-2.14584e-03
-8.49976e-04
-1.23045e-04
6.11641e-04
8.08408e-04
-4.73854e-04
-1.17361e-03
-5.55236e-04
2.18089e-03
2.05878e-03
4.76672e-05
-1.59999e-03
-1.62905e-03
3.01652e-04
-9.88365e-04
-2.93745e-03
-3.07313e-03
-1.71523e-03
-8.41947e-04
-9.34976e-04
1.68982e-04
2.09678e-03
2.78203e-03
3.29186e-03
2.92842e-03
2.83830e-03
2.39247e-03
2.50880e-03
2.85095e-03
2.86356e-03
1.85171e-03
9.61016e-04
1.44467e-03
1.12291e-03
1.08706e-03
7.52699e-04
-1.35340e-03
-1.85738e-03
-1.77704e-04
1.83926e-03
2.72514e-03
1.50007e-03
1.22967e-03
1.54468e-03
2.08262e-03
2.43058e-03
2.73300e-03
7.92634e-04
-1.90566e-03
-4.00110e-03
-4.08250e-03
-2.72169e-03
-2.49682e-03
-2.36693e-03
-2.63829e-03
-4.91594e-03
-3.03564e-03
-1.25807e-03
-7.51155e-04
1.19222e-04
2.54929e-04
1.49361e-03
1.71364e-03
7.60911e-04
1.33841e-04
-8.74131e-04
-1.76871e-03
-4.31165e-04
-1.72118e-03
-2.06621e-03
-8.33343e-04
-8.64342e-04
-5.95852e-04
-1.15314e-03
-1.92559e-03
-2.35494e-03
1.13815e-03
2.13065e-03
1.42791e-04
7.85400e-04
-7.20753e-04
-6.63553e-04
5.38297e-04
2.18696e-03
2.69969e-03
7.54481e-04
-7.70944e-05
7.14774e-04
8.82465e-04
2.27622e-03
1.83524e-03
-1.71209e-03
-1.71498e-03
3.97934e-04
1.74904e-03
6.68378e-04
-5.94910e-05
-1.55428e-04
7.07193e-04
2.25796e-03
2.25604e-03
2.60110e-03
2.43344e-03
1.95853e-03
5.90011e-04
7.05239e-05
-2.64811e-04
7.79055e-04
6.99594e-04
-1.30044e-04
-1.93028e-04
-1.97735e-03
-2.47454e-03
-2.46871e-03
-2.74299e-03
-2.62957e-03
-2.02379e-03
-1.59829e-03
-3.38552e-03
-5.04287e-03
-2.64985e-03
1.84266e-05
2.21470e-03
1.30655e-03
-4.32217e-04
3.57712e-04
4.94387e-04
-1.28807e-04
-5.03881e-04
-1.81522e-03
-3.05969e-03
-1.86462e-03
-2.97380e-04
1.69050e-03
2.19161e-03
2.28564e-03
1.99100e-03
3.36344e-03
4.88028e-03
4.55173e-03
3.84615e-03
4.29661e-04
-1.52827e-04
-6.21916e-04
-6.11241e-04
-3.43723e-04
4.10714e-05
2.03914e-04
-5.63695e-04
-4.72575e-04
-8.68124e-05
2.01059e-04
-5.33597e-04
-5.89798e-04
-5.49078e-04
-7.82647e-04
-1.58457e-04
1.30508e-03
2.11051e-03
1.19171e-03
-6.43985e-04
-8.27942e-05
2.92277e-03
2.82683e-03
1.90221e-03
4.58080e-04
-7.90263e-04
-8.49374e-04
-2.21307e-04
1.84702e-03
1.56693e-03
2.06706e-03
6.85373e-05
-7.62073e-04
-8.17307e-04
-4.10223e-04
5.80332e-04
-8.93880e-05
-2.50661e-03
-3.03967e-03
-2.72176e-03
-3.24416e-03
-3.36142e-03
-1.88723e-03
-6.72781e-04
-1.26012e-03
-2.30493e-03
-2.62767e-03
-1.76311e-03
-1.44132e-03
5.41968e-05
-6.36847e-04
-8.52973e-04
-7.27934e-04
-7.91892e-04
-6.92053e-04
8.93602e-04
2.28541e-03
1.19505e-03
-4.03187e-04
-5.98960e-04
-4.47752e-04
-6.81325e-04
-4.04119e-04
-1.27447e-03
-3.44358e-03
-1.82109e-03
-7.56880e-04
1.28996e-04
1.68266e-03
1.48689e-03
1.70013e-03
1.49466e-03
1.73213e-03
1.61389e-03
1.74571e-03
1.63135e-03
1.71181e-03
1.67305e-03
5.55541e-04
-6.75362e-04
-9.31228e-04
7.70730e-04
1.59942e-03
3.76271e-04
-8.50755e-04
4.31530e-04
-5.40591e-04
-1.70343e-04
1.76617e-03
3.63871e-03
2.46886e-03
1.17205e-03
1.53067e-03
1.24185e-03
1.36494e-03
9.54970e-04
1.69837e-03
-2.47822e-04
-9.88301e-04
4.69411e-04
1.67319e-03
3.11438e-04
-1.08520e-03
-1.72198e-03
-1.50196e-03
-1.02316e-03
-1.20828e-03
-1.07840e-03
-1.18501e-03
-8.34147e-04
9.22084e-04
1.42124e-03
1.34661e-03
1.37569e-03
7.59268e-04
1.43094e-03
1.38151e-03
1.28944e-03
-1.18982e-03
2.72733e-04
7.35054e-04
-5.46254e-04
-5.11360e-04
-1.02698e-03
-2.59421e-03
-3.72723e-03
-2.93247e-03
-3.79216e-03
-2.49341e-03
-1.20240e-03
-1.22179e-03
-1.03473e-03
-9.55250e-04
-1.13456e-03
-1.53194e-03
-6.45099e-04
7.53486e-04
-7.35237e-04
-1.08028e-03
-1.03376e-03
-1.02504e-03
-1.76552e-03
-1.21404e-03
-1.09870e-03
5.48974e-04
1.48912e-03
1.68005e-03
2.68865e-04
-6.49958e-04
1.45616e-03
1.43483e-03
2.29118e-04
-1.47477e-03
1.94221e-04
1.61509e-03
1.59668e-03
1.41737e-03
1.42318e-03
1.42996e-03
1.34370e-03
1.45128e-03
1.22641e-03
1.61410e-03
1.34093e-04
-1.09101e-03
1.08392e-03
1.22154e-03
1.50649e-03
7.93138e-04
-8.96219e-04
5.36283e-04
1.40954e-03
1.20213e-03
-8.40997e-04
-9.94140e-04
1.25154e-03
1.20985e-03
1.49092e-03
1.07899e-03
1.23794e-03
1.30965e-03
1.40172e-03
1.05667e-03
-5.34796e-04
-1.36736e-03
-9.69993e-04
4.82860e-04
-7.70351e-04
-1.37418e-03
-1.03303e-03
-1.49729e-03
-4.34069e-04
1.25624e-03
-8.51695e-05
-1.40623e-03
-6.38674e-05
1.42097e-03
1.15442e-03
-7.67554e-04
-1.27059e-03
-1.16108e-03
-1.27255e-03
-1.21150e-03
-3.28565e-03
-3.14803e-03
-1.37243e-03
-1.14565e-03
-1.39669e-03
-2.84035e-04
1.35684e-03
1.35586e-03
1.28509e-03
1.59910e-03
3.76771e-05
-1.22911e-03
-1.25335e-03
7.13180e-04
3.59399e-04
-8.56988e-04
-1.08865e-03
-1.19818e-03
-1.17203e-03
-1.18852e-03
-4.40303e-04
1.89674e-04
1.09103e-03
-6.10937e-04
-1.35338e-03
-6.16787e-04
1.22375e-03
1.58718e-03
1.42821e-03
1.62689e-03
1.42139e-03
6.07228e-04
1.09376e-03
-3.34655e-05
-1.08218e-03
-8.22451e-04
-1.09094e-03
-9.39767e-04
-1.06094e-03
-9.78577e-04
-6.37433e-04
-5.18240e-04
-3.73848e-04
9.61716e-04
1.37070e-03
1.37068e-03
1.73509e-03
7.86196e-04
-4.86413e-04
-1.00400e-03
-9.07102e-04
-1.14362e-03
4.69143e-04
1.80761e-03
1.56528e-03
1.78333e-03
1.61951e-03
1.74742e-03
1.65726e-03
1.70666e-03
1.71536e-03
1.59127e-03
2.89872e-03
2.78820e-03
1.15698e-03
4.45543e-04
1.44575e-03
1.60661e-03
1.58817e-03
1.59396e-03
1.57939e-03
-4.91865e-04
-8.41783e-04
1.29920e-03
-5.32661e-04
-9.71749e-04
-1.01152e-03
-9.52426e-04
-1.06295e-03
-8.54597e-04
-1.64454e-03
-2.56534e-03
-1.02818e-03
-1.03500e-03
-2.73698e-03
-3.66747e-03
-3.40581e-03
-3.76737e-03
-3.34870e-03
-2.98721e-03
-3.07060e-03
-3.77526e-03
-2.49398e-03
8.81774e-04
7.53470e-05
-1.33394e-03
-7.82486e-04
-7.70892e-04
5.86949e-04
1.04240e-04
-1.19746e-03
-1.16842e-03
-1.03277e-03
2.19424e-04
-1.17145e-03
-4.70739e-04
7.98900e-04
1.47247e-03
1.40264e-03
1.69337e-03
2.43376e-04
-8.58669e-04
1.32397e-03
1.49645e-03
1.31226e-03
1.13097e-03
9.63255e-04
1.36447e-03
1.73881e-03
1.77665e-03
1.74730e-03
1.54058e-03
1.94822e-03
1.99588e-03
2.01876e-03
2.10082e-03
1.91801e-03
1.45463e-03
1.72926e-03
2.27733e-03
1.28253e-03
-4.77322e-04
-2.50798e-04
1.70221e-03
9.21396e-04
1.54900e-04
-2.62929e-05
-8.80164e-04
-6.06585e-04
-9.39492e-04
-6.48975e-04
-9.99990e-04
-1.61109e-04
1.32694e-03
-2.82210e-04
-7.55680e-04
-5.54844e-04
-9.56320e-04
-1.17828e-03
-2.21334e-04
-1.43480e-03
-1.64838e-03
-3.31189e-04
-4.05222e-04
-2.41195e-04
-5.40886e-04
-4.61800e-04
-2.15562e-04
-4.36556e-04
-9.86530e-05
-7.11736e-04
-7.91219e-04
-2.12550e-04
-2.12557e-03
-2.32326e-03
-2.18816e-03
-1.28212e-03
-5.74079e-04
-2.73734e-04
3.69692e-05
-1.80682e-05
-3.97605e-04
-1.43811e-04
8.57092e-05
3.34309e-05
7.58756e-05
1.03231e-04
6.41138e-05
2.14038e-04
5.24922e-04
8.82306e-05
1.45720e-04
1.23691e-04
1.78503e-04
1.92512e-04
2.10878e-04
2.00942e-04
2.23332e-04
2.60588e-04
2.93428e-04
2.48165e-04
3.48522e-04
8.97900e-04
1.72240e-03
7.66947e-04
8.17818e-05
2.31137e-04
1.02638e-04
2.01615e-04
1.15066e-04
1.92064e-04
1.24627e-04
1.85311e-04
1.30772e-04
1.77610e-04
1.37100e-04
1.66698e-04
1.47932e-04
1.30320e-04
3.11201e-04
5.22358e-04
9.34293e-05
2.09736e-04
1.27230e-03
3.61596e-04
7.31619e-05
8.71504e-06
4.39135e-04
3.37172e-04
-6.04526e-05
2.40441e-05
-5.58628e-05
-2.15323e-05
-3.55606e-05
-1.15542e-04
-9.87864e-04
-2.77276e-04
3.23239e-05
-8.31638e-04
-3.67713e-04
9.47952e-05
-1.23558e-03
-4.56941e-04
8.56618e-04
3.15323e-04
-3.29590e-04
-1.93449e-03
-5.21521e-04
5.11176e-04
-5.92994e-04
-6.35184e-04
4.29651e-04
7.67569e-04
-6.67987e-04
3.47173e-05
6.67803e-04
1.72292e-05
4.53598e-05
5.08211e-05
-4.48064e-04
-4.58513e-04
3.84368e-05
2.18814e-05
-4.75633e-04
-1.32248e-04
4.16171e-04
-1.71276e-04
-1.84996e-04
9.34283e-05
4.36653e-04
4.52938e-06
-2.83543e-04
1.12197e-04
-7.94745e-05
1.95878e-04
1.95443e-04
4.74057e-05
7.80026e-05
4.81115e-05
1.25444e-04
-6.83359e-05
-9.60923e-05
5.84779e-05
6.83869e-05
1.14221e-05
8.88064e-06
7.59678e-05
5.48932e-05
6.73524e-05
5.29036e-05
6.03492e-05
4.92109e-05
5.28553e-05
4.12141e-05
4.99354e-05
5.61477e-05
4.68579e-05
3.19077e-05
4.36559e-05
1.27871e-04
3.13488e-05
-4.82181e-06
6.35699e-06
2.03833e-05
2.05618e-05
1.08552e-05
1.10510e-05
8.42267e-06
8.74990e-06
-2.41643e-05
4.57006e-06
1.38663e-05
1.12823e-05
9.39597e-06
8.26651e-06
4.69659e-06
9.84928e-06
1.22169e-05
3.50852e-06
-6.52356e-06
-1.44155e-05
-1.51526e-05
-1.23810e-05
-1.29603e-05
-1.28289e-05
-1.08658e-05
-9.02078e-06
-7.15015e-06
