1.17187e-03
1.17096e-03
1.16988e-03
1.16906e-03
1.16725e-03
1.16466e-03
1.16044e-03
1.15627e-03
1.15202e-03
1.14683e-03
1.13842e-03
1.12741e-03
1.11552e-03
1.10936e-03
1.11511e-03
1.13297e-03
1.14509e-03
1.14546e-03
1.13254e-03
1.10566e-03
1.06655e-03
1.02475e-03
9.95134e-04
9.89907e-04
9.99940e-04
9.83521e-04
9.22184e-04
8.42360e-04
7.55349e-04
6.91559e-04
6.92248e-04
7.81349e-04
9.47753e-04
1.16057e-03
1.32849e-03
1.39869e-03
1.37260e-03
1.24202e-03
1.08075e-03
9.70795e-04
9.47517e-04
1.01880e-03
1.14763e-03
1.27535e-03
1.40698e-03
1.55474e-03
1.71260e-03
1.86835e-03
2.01012e-03
2.14937e-03
2.30698e-03
2.48081e-03
2.62868e-03
2.65425e-03
2.44535e-03
1.87537e-03
1.07188e-03
4.86612e-04
1.51984e-04
-1.34683e-04
-3.86545e-04
-6.25381e-04
-7.62592e-04
-7.23325e-04
-5.39635e-04
-4.20021e-04
-3.84215e-04
-3.41443e-04
-2.91783e-04
-2.34127e-04
-1.36529e-04
7.49083e-05
4.68946e-04
1.08092e-03
1.92220e-03
2.77367e-03
3.51052e-03
4.15191e-03
4.54833e-03
4.68178e-03
4.74336e-03
4.62085e-03
4.08154e-03
2.89119e-03
1.28236e-03
1.47607e-04
-1.36481e-04
-7.82123e-05
1.53389e-04
4.44021e-04
6.94548e-04
9.62959e-04
1.29468e-03
1.73044e-03
2.26836e-03
2.82179e-03
3.15355e-03
3.06266e-03
2.45328e-03
1.27062e-03
-1.37261e-04
-1.50561e-03
-2.92111e-03
-4.48868e-03
-6.24323e-03
-8.03589e-03
-9.48252e-03
-1.00233e-02
-9.26172e-03
-7.74035e-03
-6.07488e-03
-4.50528e-03
-3.27147e-03
-2.17897e-03
-9.49005e-04
4.00825e-04
1.79597e-03
3.20084e-03
4.58910e-03
5.96834e-03
7.36622e-03
8.85200e-03
1.03157e-02
1.15273e-02
1.23178e-02
1.27122e-02
1.24617e-02
1.15401e-02
9.67453e-03
6.95749e-03
3.24574e-03
-1.84593e-03
-6.78113e-03
-1.00961e-02
-1.21524e-02
-1.26571e-02
-1.17334e-02
-9.91360e-03
-7.14760e-03
-3.59475e-03
4.95770e-04
3.83109e-03
5.59185e-03
6.14578e-03
5.24679e-03
3.66117e-03
2.44103e-03
1.81144e-03
1.91472e-03
2.57158e-03
3.41861e-03
4.32632e-03
4.73567e-03
4.29215e-03
3.29430e-03
1.87302e-03
3.37844e-04
-1.09022e-03
-2.51820e-03
-4.18350e-03
-6.35985e-03
-9.13499e-03
-1.19245e-02
-1.32657e-02
-1.23162e-02
-9.79244e-03
-5.76948e-03
-1.03325e-03
3.34939e-03
6.40478e-03
7.01540e-03
4.65576e-03
9.01155e-04
-3.83202e-03
-7.70442e-03
-1.01993e-02
-1.14290e-02
-1.09594e-02
-9.52758e-03
-7.54116e-03
-5.54779e-03
-4.44048e-03
-4.25558e-03
-4.80486e-03
-6.10330e-03
-7.10930e-03
-7.60928e-03
-7.44878e-03
-5.62203e-03
-1.45174e-03
5.05182e-03
1.26485e-02
1.86176e-02
2.16634e-02
2.28850e-02
2.18526e-02
1.93706e-02
1.53656e-02
1.02593e-02
4.42747e-03
-1.17375e-03
-4.55560e-03
-4.73619e-03
-2.46584e-03
1.69845e-03
5.24915e-03
7.75162e-03
9.72874e-03
1.10659e-02
1.12091e-02
9.02669e-03
3.90734e-03
-3.95537e-03
-1.25555e-02
-1.86913e-02
-2.04629e-02
-1.76815e-02
-9.58713e-03
8.41793e-04
1.28122e-02
2.30523e-02
3.12592e-02
3.74833e-02
4.16603e-02
4.22335e-02
3.65933e-02
2.37142e-02
7.45886e-03
-1.03187e-02
-2.65331e-02
-3.73143e-02
-3.93497e-02
-3.34999e-02
-2.12501e-02
-5.68846e-03
1.10280e-02
2.37252e-02
3.02256e-02
3.22209e-02
2.68983e-02
1.50352e-02
-1.93009e-03
-2.11452e-02
-3.84102e-02
-4.98620e-02
-5.49271e-02
-5.21767e-02
-4.25027e-02
-2.93891e-02
-1.61242e-02
-3.09868e-03
8.05319e-03
1.37726e-02
1.20866e-02
5.60847e-03
-2.12461e-03
-1.02706e-02
-1.67589e-02
-2.16760e-02
-2.58065e-02
-2.93042e-02
-3.07945e-02
-2.86409e-02
-2.21957e-02
-1.22370e-02
-2.71109e-04
1.17894e-02
2.46213e-02
3.84258e-02
5.11285e-02
5.80391e-02
5.39778e-02
3.90856e-02
1.80505e-02
-8.53010e-03
-3.43085e-02
-5.49434e-02
-6.55778e-02
-6.39157e-02
-5.59426e-02
-4.48506e-02
-3.03672e-02
-1.61860e-02
-4.79092e-03
3.65640e-03
1.03224e-02
1.44991e-02
1.55655e-02
1.14724e-02
3.13290e-03
-5.95872e-03
-1.39678e-02
-1.70842e-02
-1.26947e-02
-3.04326e-03
1.16372e-02
2.78408e-02
4.32977e-02
5.60545e-02
6.58974e-02
7.29921e-02
7.75790e-02
7.87212e-02
7.65244e-02
6.96804e-02
5.89694e-02
4.52035e-02
3.08515e-02
1.71317e-02
4.27873e-03
-6.96615e-03
-1.64153e-02
-2.25343e-02
-2.50161e-02
-2.60651e-02
-2.62699e-02
-2.66946e-02
-2.75432e-02
-2.82990e-02
-2.80896e-02
-2.52223e-02
-1.86267e-02
-9.65034e-03
-2.32098e-04
8.60784e-03
1.49168e-02
1.85633e-02
2.22024e-02
2.60400e-02
2.96630e-02
3.19407e-02
3.06211e-02
2.43286e-02
1.42857e-02
2.24602e-03
-1.03039e-02
-2.06991e-02
-2.89109e-02
-3.63903e-02
-4.27141e-02
-4.82947e-02
-5.27890e-02
-5.56963e-02
-5.64493e-02
-5.54019e-02
-5.12592e-02
-4.35667e-02
-3.31923e-02
-2.27609e-02
-1.42538e-02
-7.89350e-03
-3.59435e-03
7.77144e-06
5.85984e-03
1.47131e-02
2.50785e-02
3.69288e-02
4.80822e-02
5.51568e-02
5.70042e-02
5.27653e-02
4.14036e-02
2.62266e-02
8.25766e-03
-1.21136e-02
-3.09542e-02
-4.45611e-02
-5.01365e-02
-4.93638e-02
-4.51944e-02
-3.76832e-02
-2.78227e-02
-1.60881e-02
-4.73367e-03
5.21843e-03
1.30857e-02
1.79656e-02
2.09982e-02
2.28002e-02
2.39392e-02
2.51756e-02
2.68865e-02
2.96806e-02
3.27907e-02
3.41945e-02
3.26068e-02
2.82397e-02
2.12374e-02
1.31285e-02
3.75532e-03
-6.58008e-03
-1.78102e-02
-2.90567e-02
-3.80970e-02
-4.34506e-02
-4.56221e-02
-4.33286e-02
-3.70722e-02
-2.50717e-02
-8.78813e-03
1.10449e-02
2.97814e-02
4.40207e-02
5.47182e-02
6.18219e-02
6.55678e-02
6.73418e-02
6.72370e-02
6.65946e-02
6.45094e-02
5.92800e-02
4.99157e-02
3.74713e-02
2.24199e-02
6.74764e-03
-9.04936e-03
-2.51470e-02
-4.05152e-02
-5.30844e-02
-6.09005e-02
-6.49244e-02
-6.76018e-02
-6.80864e-02
-6.59497e-02
-6.04249e-02
-5.23120e-02
-4.11346e-02
-2.83418e-02
-1.42623e-02
1.66115e-04
1.48275e-02
2.91225e-02
3.97393e-02
4.58962e-02
4.98255e-02
5.10219e-02
4.92806e-02
4.38950e-02
3.45780e-02
2.20455e-02
8.27617e-03
-5.28971e-03
-1.89465e-02
-3.28161e-02
-4.66426e-02
-5.96924e-02
-7.13531e-02
-8.22499e-02
-9.06975e-02
-9.44311e-02
-9.29463e-02
-8.69360e-02
-7.48031e-02
-5.75240e-02
-3.71086e-02
-1.49746e-02
4.32238e-03
2.09843e-02
3.49988e-02
4.45757e-02
5.06230e-02
5.39096e-02
5.55922e-02
5.45012e-02
4.82846e-02
3.59797e-02
2.01716e-02
3.12994e-03
-8.75070e-03
-1.31360e-02
-1.33602e-02
-9.56857e-03
-5.30069e-03
-3.01339e-03
-5.24145e-03
-1.36347e-02
-2.52072e-02
-3.84421e-02
-5.14112e-02
-6.04806e-02
-6.44962e-02
-6.44020e-02
-5.91296e-02
-5.04382e-02
-4.07123e-02
-3.08112e-02
-2.39993e-02
-2.30663e-02
-2.79175e-02
-3.59044e-02
-4.56832e-02
-5.55085e-02
-6.42332e-02
-7.21867e-02
-7.90022e-02
-8.43994e-02
-8.79705e-02
-8.88171e-02
-8.82692e-02
-8.57859e-02
-8.15166e-02
-7.50734e-02
-6.73365e-02
-5.91084e-02
-5.19509e-02
-4.81457e-02
-4.79515e-02
-4.97712e-02
-5.31034e-02
-5.63539e-02
-5.93279e-02
-6.18648e-02
-6.32890e-02
-6.33808e-02
-6.22021e-02
-6.08530e-02
-5.96651e-02
-5.85499e-02
-5.74535e-02
-5.62038e-02
-5.43640e-02
-5.13896e-02
-4.71317e-02
-4.15303e-02
-3.59831e-02
-3.16093e-02
-2.99996e-02
-3.23013e-02
-3.80925e-02
-4.61829e-02
-5.46550e-02
-6.06935e-02
-6.44937e-02
-6.66627e-02
-6.66323e-02
-6.50410e-02
-6.09811e-02
-5.46220e-02
-4.46351e-02
-3.03887e-02
-1.25500e-02
5.81678e-03
2.38322e-02
4.21306e-02
6.08273e-02
7.95287e-02
9.69975e-02
1.11860e-01
1.23663e-01
1.33275e-01
1.40982e-01
1.45993e-01
1.47748e-01
1.47743e-01
1.45901e-01
1.42858e-01
1.38532e-01
1.33164e-01
1.25391e-01
1.13365e-01
9.51484e-02
7.03739e-02
3.86035e-02
5.02067e-03
-2.83616e-02
-6.04332e-02
-8.68953e-02
-1.02388e-01
-1.04279e-01
-8.97239e-02
-6.09657e-02
-2.33912e-02
1.11708e-02
3.78931e-02
5.42743e-02
6.17735e-02
6.05937e-02
5.34025e-02
4.41000e-02
3.48791e-02
2.65372e-02
2.09991e-02
1.85439e-02
1.77401e-02
1.91756e-02
2.13907e-02
2.41981e-02
2.64370e-02
2.79828e-02
2.92383e-02
3.07254e-02
3.33226e-02
3.77423e-02
4.27849e-02
4.76414e-02
5.23365e-02
5.70005e-02
6.14834e-02
6.57763e-02
7.00583e-02
7.50249e-02
8.02181e-02
8.57181e-02
9.12238e-02
9.55491e-02
9.62996e-02
9.14271e-02
8.13906e-02
6.41622e-02
3.55886e-02
-1.66103e-03
-4.40757e-02
-8.68564e-02
-1.29602e-01
-1.70326e-01
-2.03555e-01
-2.24221e-01
-2.33529e-01
-2.31220e-01
-2.17081e-01
-1.89359e-01
-1.50660e-01
-1.02819e-01
-5.54013e-02
-1.42621e-02
2.06226e-02
4.76029e-02
7.04156e-02
8.79495e-02
1.00061e-01
1.09993e-01
1.16816e-01
1.21176e-01
1.22922e-01
1.23230e-01
1.22609e-01
1.21482e-01
1.20683e-01
1.20890e-01
1.22470e-01
1.23354e-01
1.21798e-01
1.16891e-01
1.08513e-01
9.63424e-02
7.85754e-02
5.69099e-02
3.41717e-02
1.42908e-02
-3.19463e-03
-2.10407e-02
-3.93647e-02
-5.80323e-02
-7.71529e-02
-9.65340e-02
-1.14809e-01
-1.28819e-01
-1.33418e-01
-1.24501e-01
-1.04598e-01
-7.88680e-02
-5.30568e-02
-3.03556e-02
-1.54688e-02
-1.15130e-02
-1.78018e-02
-3.23469e-02
-5.45227e-02
-8.26314e-02
-1.10370e-01
-1.34138e-01
-1.56818e-01
-1.78428e-01
-1.97702e-01
-2.13154e-01
-2.16523e-01
-2.00421e-01
-1.61359e-01
-1.02596e-01
-3.09449e-02
3.39426e-02
8.27507e-02
1.20914e-01
1.47090e-01
1.65153e-01
1.75542e-01
1.84415e-01
1.90411e-01
1.91205e-01
1.83781e-01
1.65187e-01
1.35904e-01
1.03942e-01
8.31699e-02
7.05678e-02
6.51704e-02
6.73614e-02
7.27061e-02
7.95100e-02
8.63277e-02
9.07020e-02
9.28388e-02
9.31069e-02
9.05507e-02
8.53605e-02
7.69611e-02
6.71688e-02
5.62364e-02
4.50065e-02
3.34160e-02
2.14729e-02
1.03900e-02
2.23837e-03
-1.14099e-03
-8.01885e-04
1.80040e-03
6.95266e-03
1.36782e-02
2.20367e-02
3.12905e-02
4.07047e-02
4.84930e-02
5.32647e-02
5.50504e-02
5.31785e-02
4.83366e-02
4.23854e-02
3.59216e-02
3.00548e-02
2.57577e-02
2.22341e-02
1.89384e-02
1.41916e-02
7.03993e-03
-1.71048e-03
-1.13533e-02
-2.10273e-02
-3.05647e-02
-4.00952e-02
-4.95190e-02
-5.86190e-02
-6.72635e-02
-7.55299e-02
-8.21537e-02
-8.56776e-02
-8.54753e-02
-7.92509e-02
-6.74656e-02
-5.05141e-02
-3.30362e-02
-1.80919e-02
-8.24341e-03
-3.58817e-03
-2.97165e-03
-2.38706e-03
3.88913e-05
6.10491e-03
1.69840e-02
3.02373e-02
4.43814e-02
5.46960e-02
5.75359e-02
5.11838e-02
3.72058e-02
1.84803e-02
-3.17091e-03
-2.20955e-02
-3.67265e-02
-5.04755e-02
-6.26455e-02
-7.30042e-02
-8.19656e-02
-9.05782e-02
-9.79830e-02
-1.03105e-01
-1.02291e-01
-9.10095e-02
-6.79160e-02
-3.57680e-02
2.31799e-03
3.40249e-02
5.70905e-02
7.33092e-02
8.33838e-02
8.88402e-02
9.17445e-02
9.37422e-02
9.55769e-02
1.00356e-01
1.08871e-01
1.18701e-01
1.29175e-01
1.39557e-01
1.50050e-01
1.60945e-01
1.71748e-01
1.81417e-01
1.88449e-01
1.92284e-01
1.92977e-01
1.88347e-01
1.78633e-01
1.65228e-01
1.48544e-01
1.32357e-01
1.18293e-01
1.08081e-01
1.03727e-01
1.01610e-01
9.77842e-02
9.03396e-02
7.71218e-02
5.71599e-02
3.17087e-02
2.98758e-03
-2.59424e-02
-5.10686e-02
-6.93218e-02
-7.77344e-02
-7.72987e-02
-6.64053e-02
-5.03829e-02
-3.46786e-02
-2.16733e-02
-1.61496e-02
-2.13333e-02
-3.49177e-02
-5.32091e-02
-7.34243e-02
-8.68182e-02
-8.94041e-02
-8.38837e-02
-7.31891e-02
-6.03242e-02
-4.88342e-02
-4.13859e-02
-3.81320e-02
-3.86105e-02
-4.05655e-02
-4.41567e-02
-4.84404e-02
-5.32766e-02
-5.84579e-02
-6.38582e-02
-6.94023e-02
-7.46394e-02
-7.90448e-02
-8.22101e-02
-8.45547e-02
-8.61299e-02
-8.59711e-02
-8.35569e-02
-7.84503e-02
-7.11505e-02
-6.26172e-02
-5.66710e-02
-5.58677e-02
-6.11156e-02
-7.01075e-02
-7.92796e-02
-8.67805e-02
-9.23176e-02
-9.69423e-02
-1.00873e-01
-1.04665e-01
-1.09243e-01
-1.16537e-01
-1.26532e-01
-1.35487e-01
-1.42174e-01
-1.45247e-01
-1.41408e-01
-1.31358e-01
-1.15736e-01
-9.74125e-02
-7.78771e-02
-5.72407e-02
-3.62243e-02
-1.46760e-02
7.23617e-03
2.86337e-02
4.81549e-02
6.47915e-02
7.97010e-02
9.59259e-02
1.12083e-01
1.25352e-01
1.36508e-01
1.46843e-01
1.55420e-01
1.61277e-01
1.63092e-01
1.59852e-01
1.50801e-01
1.37032e-01
1.20031e-01
1.00178e-01
7.76125e-02
5.32480e-02
2.85821e-02
4.77484e-03
-1.57041e-02
-3.01831e-02
-3.87749e-02
-4.21969e-02
-3.90955e-02
-3.30386e-02
-2.62590e-02
-1.93954e-02
-1.55391e-02
-1.70497e-02
-2.26189e-02
-3.04201e-02
-3.93952e-02
-4.67845e-02
-4.85901e-02
-4.34876e-02
-3.44888e-02
-2.61961e-02
-1.81203e-02
-9.44600e-03
-1.06466e-03
4.61538e-03
4.68943e-03
-1.07037e-03
-1.09330e-02
-2.45173e-02
-3.78882e-02
-5.01800e-02
-5.97728e-02
-6.37342e-02
-6.39882e-02
-6.13763e-02
-5.76457e-02
-5.41581e-02
-5.06567e-02
-4.70920e-02
-4.36321e-02
-4.02616e-02
-3.63597e-02
-3.09911e-02
-2.41869e-02
-1.74864e-02
-1.09187e-02
-4.25748e-03
2.30371e-03
8.18869e-03
1.25981e-02
1.52287e-02
1.59519e-02
1.40759e-02
1.03608e-02
4.32448e-03
-2.88260e-03
-1.02412e-02
-1.50856e-02
-1.45454e-02
-9.10561e-03
-8.90108e-04
1.03389e-02
2.46053e-02
4.11852e-02
5.98607e-02
7.80539e-02
9.49310e-02
1.10880e-01
1.24497e-01
1.34178e-01
1.39556e-01
1.38829e-01
1.34020e-01
1.27025e-01
1.16024e-01
9.99646e-02
7.78684e-02
5.54042e-02
3.76059e-02
2.63010e-02
2.14623e-02
2.13918e-02
2.60019e-02
3.34473e-02
3.95790e-02
4.31508e-02
4.28743e-02
3.72860e-02
2.85513e-02
1.93556e-02
9.53404e-03
-6.89560e-04
-1.14275e-02
-2.23792e-02
-3.22584e-02
-3.93657e-02
-4.30506e-02
-4.57801e-02
-4.88760e-02
-5.21560e-02
-5.55649e-02
-5.91466e-02
-6.26896e-02
-6.52635e-02
-6.52742e-02
-6.20714e-02
-5.70237e-02
-5.01234e-02
-4.22881e-02
-3.44057e-02
-2.88042e-02
-2.65547e-02
-2.80754e-02
-3.32683e-02
-4.07972e-02
-4.84779e-02
-5.58694e-02
-6.17865e-02
-6.37230e-02
-6.04124e-02
-5.41154e-02
-4.52499e-02
-3.54940e-02
-2.53517e-02
-1.63447e-02
-1.00218e-02
-5.36365e-03
-2.09055e-03
7.23335e-04
3.73804e-03
6.91122e-03
1.00221e-02
1.26903e-02
1.39640e-02
1.28720e-02
9.12278e-03
1.85073e-03
-8.54947e-03
-2.16785e-02
-3.45907e-02
-4.28778e-02
-4.60797e-02
-4.50388e-02
-4.15988e-02
-3.59147e-02
-2.97924e-02
-2.37892e-02
-1.92142e-02
-1.73523e-02
-1.72329e-02
-1.75749e-02
-1.69368e-02
-1.45908e-02
-1.13671e-02
-8.33023e-03
-5.39537e-03
-2.46865e-03
6.00376e-06
1.33742e-03
1.19913e-03
7.56536e-04
1.07454e-03
2.70169e-03
6.05196e-03
1.11146e-02
1.71738e-02
2.37986e-02
3.04013e-02
3.71209e-02
4.39891e-02
5.06586e-02
5.64355e-02
6.07498e-02
6.38728e-02
6.62659e-02
6.74967e-02
6.76138e-02
6.71809e-02
6.71480e-02
6.76571e-02
6.81505e-02
6.69623e-02
6.14387e-02
5.00041e-02
3.50952e-02
1.65481e-02
-3.23155e-03
-2.09796e-02
-3.40048e-02
-4.11244e-02
-4.34932e-02
-4.08181e-02
-3.43890e-02
-2.67623e-02
-2.03757e-02
-1.77556e-02
-2.04864e-02
-2.71165e-02
-3.49356e-02
-4.39382e-02
-5.24233e-02
-5.95239e-02
-6.57376e-02
-7.16198e-02
-7.77650e-02
-8.46329e-02
-9.23172e-02
-9.97886e-02
-1.03937e-01
-1.00122e-01
-8.58594e-02
-6.39697e-02
-3.57233e-02
-7.21771e-03
1.40554e-02
2.85249e-02
3.98301e-02
4.68111e-02
5.11812e-02
5.29096e-02
5.21422e-02
4.89948e-02
4.39976e-02
3.80046e-02
3.19657e-02
2.79685e-02
2.64276e-02
2.67576e-02
2.92332e-02
3.26757e-02
3.68816e-02
4.09904e-02
4.42785e-02
4.62964e-02
4.63738e-02
4.54633e-02
4.36592e-02
4.07375e-02
3.61493e-02
2.94834e-02
2.06147e-02
9.73670e-03
5.14636e-05
-6.79539e-03
-1.13859e-02
-1.34271e-02
-1.36478e-02
-1.13042e-02
-6.94030e-03
-9.03173e-04
5.18577e-03
8.84961e-03
8.45617e-03
3.58073e-03
-4.72578e-03
-1.43676e-02
-2.43016e-02
-3.10480e-02
-3.26669e-02
-3.09652e-02
-2.50599e-02
-1.69429e-02
-7.34954e-03
1.40458e-03
8.12793e-03
1.38271e-02
1.78317e-02
1.99789e-02
1.98925e-02
1.71061e-02
1.23921e-02
5.15333e-03
-3.96278e-03
-1.43319e-02
-2.40259e-02
-3.23655e-02
-3.85905e-02
-4.09072e-02
-3.92934e-02
-3.40645e-02
-2.72604e-02
-2.11474e-02
-1.63250e-02
-1.40646e-02
-1.52761e-02
-1.96415e-02
-2.65866e-02
-3.33896e-02
-3.98853e-02
-4.60178e-02
-5.09240e-02
-5.37570e-02
-5.34419e-02
-5.02518e-02
-4.47768e-02
-3.84419e-02
-3.22110e-02
-2.58602e-02
-1.93688e-02
-1.31445e-02
-7.82868e-03
-3.67981e-03
1.43447e-04
4.22339e-03
8.37081e-03
1.21801e-02
1.51356e-02
1.69961e-02
1.84770e-02
2.10268e-02
2.43088e-02
2.75543e-02
3.07701e-02
3.39344e-02
3.66875e-02
3.83303e-02
3.83217e-02
3.70023e-02
3.36517e-02
2.80099e-02
2.07649e-02
1.37251e-02
8.68450e-03
6.59682e-03
8.33863e-03
1.40099e-02
2.10335e-02
2.85274e-02
3.54289e-02
4.09864e-02
4.46404e-02
4.51449e-02
4.14854e-02
3.30687e-02
2.15957e-02
9.03043e-03
-3.16431e-03
-1.47208e-02
-2.45974e-02
-3.08781e-02
-3.34140e-02
-3.37710e-02
-3.12121e-02
-2.65912e-02
-1.96384e-02
-1.11734e-02
-1.24817e-03
9.16695e-03
1.82270e-02
2.50355e-02
2.85658e-02
2.98412e-02
2.95822e-02
2.74154e-02
2.41592e-02
2.00526e-02
1.56993e-02
1.05669e-02
4.01587e-03
-3.76692e-03
-1.14837e-02
-1.91060e-02
-2.69845e-02
-3.50741e-02
-4.28357e-02
-4.89285e-02
-5.18865e-02
-5.12027e-02
-4.64192e-02
-3.80441e-02
-2.75576e-02
-1.71914e-02
-7.20266e-03
1.98507e-03
9.35203e-03
1.44383e-02
1.63674e-02
1.68978e-02
1.70657e-02
1.73785e-02
1.82903e-02
1.97969e-02
2.15700e-02
2.27234e-02
2.18149e-02
1.76892e-02
1.05783e-02
7.46802e-04
-9.04677e-03
-1.83307e-02
-2.67656e-02
-3.38639e-02
-4.02399e-02
-4.52856e-02
-4.69091e-02
-4.41501e-02
-3.72173e-02
-2.84678e-02
-1.90967e-02
-9.80651e-03
-3.07566e-03
-8.30220e-04
-1.95005e-03
-6.29027e-03
-1.05876e-02
-1.48239e-02
-1.95287e-02
-2.35277e-02
-2.46995e-02
-2.08797e-02
-1.30011e-02
-2.63363e-03
9.34985e-03
2.05321e-02
2.98594e-02
3.66640e-02
4.03204e-02
4.17904e-02
4.01421e-02
3.61349e-02
2.98732e-02
2.30069e-02
1.62368e-02
9.81996e-03
4.54501e-03
1.21124e-03
8.32553e-04
3.80482e-03
8.59082e-03
1.48694e-02
2.13192e-02
2.74567e-02
3.23841e-02
3.46557e-02
3.38466e-02
3.03925e-02
2.60285e-02
2.19140e-02
1.78306e-02
1.36582e-02
9.57663e-03
5.84541e-03
2.43210e-03
-1.01601e-03
-4.49977e-03
-7.92639e-03
-1.12855e-02
-1.45770e-02
-1.79249e-02
-2.15114e-02
-2.54285e-02
-2.94073e-02
-3.34315e-02
-3.75416e-02
-4.16122e-02
-4.51411e-02
-4.73838e-02
-4.78266e-02
-4.63155e-02
-4.21650e-02
-3.62052e-02
-2.89387e-02
-2.21525e-02
-1.63680e-02
-1.14356e-02
-6.77796e-03
-2.05843e-03
2.70357e-03
7.42893e-03
1.21271e-02
1.69694e-02
2.21038e-02
2.74043e-02
3.21998e-02
3.60434e-02
3.89444e-02
4.02067e-02
3.93522e-02
3.60069e-02
3.05111e-02
2.39913e-02
1.68602e-02
9.56214e-03
1.96892e-03
-5.78388e-03
-1.27429e-02
-1.73749e-02
-1.86254e-02
-1.75696e-02
-1.38363e-02
-7.83945e-03
2.36841e-04
9.36220e-03
1.77964e-02
2.43695e-02
2.71308e-02
2.58576e-02
2.18208e-02
1.55859e-02
9.44096e-03
3.36590e-03
-2.89259e-03
-8.79007e-03
-1.35672e-02
-1.68918e-02
-1.99321e-02
-2.32767e-02
-2.67895e-02
-3.01242e-02
-3.26928e-02
-3.38351e-02
-3.35731e-02
-3.33919e-02
-3.33904e-02
-3.27795e-02
-3.12052e-02
-2.87258e-02
-2.48249e-02
-1.92004e-02
-1.14409e-02
-1.64820e-03
9.30722e-03
2.01538e-02
3.07412e-02
4.06291e-02
4.77006e-02
5.11005e-02
5.18598e-02
4.96602e-02
4.62344e-02
4.18803e-02
3.72032e-02
3.24854e-02
2.75306e-02
2.24233e-02
1.72909e-02
1.24690e-02
8.13520e-03
3.79936e-03
-6.20801e-04
-4.97536e-03
-9.21680e-03
-1.32960e-02
-1.73770e-02
-2.17215e-02
-2.63119e-02
-3.04863e-02
-3.32406e-02
-3.41709e-02
-3.35480e-02
-3.22642e-02
-3.11935e-02
-3.08654e-02
-3.20077e-02
-3.44711e-02
-3.68742e-02
-3.85801e-02
-3.86868e-02
-3.61244e-02
-3.10111e-02
-2.29860e-02
-1.35681e-02
-2.81484e-03
7.47803e-03
1.43488e-02
1.74497e-02
1.66400e-02
1.20015e-02
6.36804e-03
9.99613e-04
-3.04546e-03
-5.15928e-03
-5.22943e-03
-2.10720e-03
3.57518e-03
1.15488e-02
1.99202e-02
2.78526e-02
3.51736e-02
4.13294e-02
4.59685e-02
4.86984e-02
4.92050e-02
4.82053e-02
4.55513e-02
4.24007e-02
3.88888e-02
3.48388e-02
2.96511e-02
2.29452e-02
1.54634e-02
9.17542e-03
5.88142e-03
4.72033e-03
4.27938e-03
4.00525e-03
3.22218e-03
1.80765e-03
-6.11692e-04
-4.83353e-03
-1.06730e-02
-1.82955e-02
-2.57445e-02
-3.12898e-02
-3.41557e-02
-3.43873e-02
-3.26850e-02
-2.85475e-02
-2.09409e-02
-9.85241e-03
4.01531e-03
1.64299e-02
2.54825e-02
3.24173e-02
3.62483e-02
3.71632e-02
3.42830e-02
2.87521e-02
2.22601e-02
1.64005e-02
1.19394e-02
8.27774e-03
5.78293e-03
4.61209e-03
4.11875e-03
4.12564e-03
4.07794e-03
3.90066e-03
3.80082e-03
4.07324e-03
5.26998e-03
7.68667e-03
1.07720e-02
1.37960e-02
1.68439e-02
1.98677e-02
2.24532e-02
2.38611e-02
2.37208e-02
2.26946e-02
2.02323e-02
1.61078e-02
1.04101e-02
4.63821e-03
-1.68797e-04
-3.71167e-03
-5.80408e-03
-6.98634e-03
-7.04422e-03
-5.67688e-03
-2.84393e-03
1.20839e-03
5.94698e-03
1.10240e-02
1.51489e-02
1.71786e-02
1.67018e-02
1.31375e-02
7.43539e-03
-1.98308e-04
-8.01373e-03
-1.53976e-02
-2.16305e-02
-2.64330e-02
-2.95537e-02
-3.04248e-02
-2.89476e-02
-2.59552e-02
-2.12388e-02
-1.46958e-02
-6.25930e-03
2.26854e-03
1.08515e-02
1.97731e-02
2.85689e-02
3.61783e-02
4.12160e-02
4.35068e-02
4.48294e-02
4.57773e-02
4.67704e-02
4.77420e-02
4.85969e-02
4.94945e-02
5.05221e-02
5.14977e-02
5.16737e-02
5.02159e-02
4.67599e-02
4.06836e-02
3.16453e-02
2.06986e-02
9.66980e-03
2.17924e-04
-7.50138e-03
-1.30540e-02
-1.56033e-02
-1.69895e-02
-1.69176e-02
-1.58011e-02
-1.37197e-02
-1.14069e-02
-9.45679e-03
-8.01777e-03
-8.23652e-03
-1.08694e-02
-1.58487e-02
-2.21043e-02
-2.81284e-02
-3.40400e-02
-4.01847e-02
-4.64975e-02
-5.25773e-02
-5.76136e-02
-6.08353e-02
-6.16675e-02
-6.00478e-02
-5.58553e-02
-4.98797e-02
-4.28242e-02
-3.53565e-02
-2.79623e-02
-2.05647e-02
-1.30362e-02
-5.18170e-03
3.26195e-03
1.23621e-02
2.15177e-02
2.99942e-02
3.75283e-02
4.35913e-02
4.85452e-02
5.26752e-02
5.55290e-02
5.63749e-02
5.50472e-02
5.29171e-02
4.98482e-02
4.57432e-02
4.04431e-02
3.31841e-02
2.37170e-02
1.33488e-02
3.02353e-03
-7.30798e-03
-1.74022e-02
-2.64894e-02
-3.37761e-02
-3.94739e-02
-4.45546e-02
-4.86130e-02
-5.14284e-02
-5.26995e-02
-5.29058e-02
-5.15706e-02
-4.84446e-02
-4.25163e-02
-3.35647e-02
-2.18506e-02
-8.58708e-03
4.16053e-03
1.48307e-02
2.36022e-02
2.99220e-02
3.45418e-02
3.78127e-02
3.96615e-02
3.96907e-02
3.71148e-02
3.18104e-02
2.51213e-02
1.95300e-02
1.54666e-02
1.30311e-02
1.27904e-02
1.44378e-02
1.79025e-02
2.12918e-02
2.45310e-02
2.79771e-02
3.14706e-02
3.47252e-02
3.72906e-02
3.92031e-02
4.11032e-02
4.30682e-02
4.50338e-02
4.71390e-02
4.94456e-02
5.18212e-02
5.35488e-02
5.38536e-02
5.23538e-02
4.79414e-02
3.99854e-02
2.95645e-02
1.77388e-02
5.93409e-03
-5.93427e-03
-1.77623e-02
-2.86465e-02
-3.74229e-02
-4.38158e-02
-4.86460e-02
-5.13747e-02
-5.27726e-02
-5.27736e-02
-5.14333e-02
-4.89324e-02
-4.51880e-02
-4.03243e-02
-3.47432e-02
-2.91591e-02
-2.35322e-02
-1.78923e-02
-1.24915e-02
-7.73422e-03
-3.73331e-03
9.93015e-05
4.10030e-03
7.84114e-03
1.07330e-02
1.25113e-02
1.38133e-02
1.48310e-02
1.59296e-02
1.70943e-02
1.81952e-02
1.90868e-02
1.95868e-02
1.96089e-02
1.93937e-02
1.88980e-02
1.75302e-02
1.48348e-02
1.14978e-02
8.76004e-03
6.97419e-03
5.16620e-03
3.16382e-03
1.02176e-03
-1.24902e-03
-3.53594e-03
-5.54785e-03
-6.80722e-03
-7.08007e-03
-7.02914e-03
-7.13685e-03
-7.31009e-03
-7.37872e-03
-7.23185e-03
-6.87750e-03
-6.61546e-03
-7.02803e-03
-8.18938e-03
-9.53842e-03
-1.09583e-02
-1.24214e-02
-1.35532e-02
-1.36040e-02
-1.19530e-02
-9.11743e-03
-6.43266e-03
-3.87682e-03
-1.25594e-03
1.36180e-03
3.75999e-03
5.73726e-03
7.43868e-03
9.22115e-03
1.16255e-02
1.51593e-02
1.93804e-02
2.34529e-02
2.70824e-02
2.98723e-02
3.12465e-02
3.12017e-02
2.95179e-02
2.69492e-02
2.32541e-02
1.83337e-02
1.24240e-02
6.09930e-03
-2.06248e-04
-6.54427e-03
-1.28678e-02
-1.89312e-02
-2.43834e-02
-2.90355e-02
-3.24157e-02
-3.38100e-02
-3.41815e-02
-3.38259e-02
-3.33489e-02
-3.29654e-02
-3.25148e-02
-3.19504e-02
-3.12285e-02
-3.04251e-02
-2.97235e-02
-2.94357e-02
-3.00965e-02
-3.18253e-02
-3.44220e-02
-3.70656e-02
-3.98009e-02
-4.26639e-02
-4.50612e-02
-4.59719e-02
-4.45557e-02
-4.16382e-02
-3.88980e-02
-3.63273e-02
-3.36979e-02
-3.11660e-02
-2.89912e-02
-2.73189e-02
-2.56332e-02
-2.32971e-02
-1.98717e-02
-1.51254e-02
-8.95361e-03
-2.06049e-03
5.22784e-03
1.25528e-02
1.99582e-02
2.73763e-02
3.44149e-02
4.05319e-02
4.55207e-02
5.00130e-02
5.35736e-02
5.53078e-02
5.36715e-02
4.82560e-02
4.11739e-02
3.32469e-02
2.54051e-02
1.84922e-02
1.36922e-02
1.08487e-02
8.55185e-03
7.04652e-03
5.99410e-03
5.33526e-03
5.01993e-03
4.10198e-03
1.21143e-03
-1.85205e-03
-3.75908e-03
-5.04707e-03
-5.71318e-03
-6.12564e-03
-6.60923e-03
-7.07911e-03
-7.51407e-03
-8.20476e-03
-9.65254e-03
-1.22383e-02
-1.56820e-02
-2.05301e-02
-2.66705e-02
-3.40157e-02
-4.15929e-02
-4.82680e-02
-5.34211e-02
-5.71430e-02
-6.01862e-02
-6.24207e-02
-6.35437e-02
-6.29451e-02
-6.00728e-02
-5.55167e-02
-4.96206e-02
-4.36518e-02
-3.77996e-02
-3.23258e-02
-2.80216e-02
-2.53753e-02
-2.35882e-02
-2.15563e-02
-1.93921e-02
-1.73792e-02
-1.56885e-02
-1.43399e-02
-1.30002e-02
-1.09479e-02
-8.15118e-03
-5.42705e-03
-2.84607e-03
-2.62408e-04
2.45128e-03
5.40389e-03
8.52930e-03
1.14272e-02
1.35733e-02
1.50667e-02
1.60942e-02
1.63287e-02
1.57320e-02
1.44274e-02
1.33030e-02
1.24625e-02
1.15810e-02
1.00750e-02
7.11896e-03
2.40928e-03
-2.70160e-03
-6.14249e-03
-8.20708e-03
-1.00242e-02
-1.17497e-02
-1.33872e-02
-1.45036e-02
-1.48424e-02
-1.42324e-02
-1.28241e-02
-1.08015e-02
-8.52606e-03
-6.22063e-03
-3.81922e-03
-1.45333e-03
4.30078e-04
1.22833e-03
7.87100e-04
-2.86325e-04
-2.10053e-03
-4.33692e-03
-6.25396e-03
-7.23615e-03
-6.95695e-03
-6.23832e-03
-5.67435e-03
-5.16088e-03
-4.64235e-03
-4.24164e-03
-4.17733e-03
-4.49790e-03
-4.82662e-03
-5.12096e-03
-5.44939e-03
-5.78498e-03
-6.05208e-03
-6.12464e-03
-5.98727e-03
-5.77924e-03
-5.71475e-03
-6.15008e-03
-7.06580e-03
-8.19307e-03
-9.93356e-03
-1.26404e-02
-1.63107e-02
-2.01417e-02
-2.39002e-02
-2.76858e-02
-3.14747e-02
-3.50949e-02
-3.83058e-02
-4.10151e-02
-4.33366e-02
-4.50755e-02
-4.61259e-02
-4.60735e-02
-4.48476e-02
-4.19665e-02
-3.76829e-02
-3.25990e-02
-2.73578e-02
-2.24859e-02
-1.80819e-02
-1.43391e-02
-1.18701e-02
-1.04342e-02
-1.06920e-02
-1.26900e-02
-1.63243e-02
-1.99855e-02
-2.36525e-02
-2.75935e-02
-3.13311e-02
-3.38533e-02
-3.39133e-02
-3.14948e-02
-2.76346e-02
-2.26959e-02
-1.78529e-02
-1.33418e-02
-9.28517e-03
-6.19803e-03
-4.11370e-03
-2.72462e-03
-1.53492e-03
-2.80286e-04
9.90144e-04
2.17394e-03
3.24442e-03
4.15306e-03
4.95365e-03
5.79848e-03
6.79309e-03
7.85064e-03
8.67912e-03
8.70842e-03
7.45751e-03
5.15950e-03
2.41949e-03
-5.88555e-04
-3.64409e-03
-6.78631e-03
-9.90284e-03
-1.26206e-02
-1.44826e-02
-1.54892e-02
-1.65821e-02
-1.78072e-02
-1.84678e-02
-1.78759e-02
-1.60165e-02
-1.35214e-02
-1.06928e-02
-7.85747e-03
-4.93170e-03
-1.93327e-03
8.07103e-04
2.75613e-03
3.61161e-03
3.97101e-03
4.58303e-03
5.43288e-03
6.20244e-03
6.30421e-03
4.98498e-03
2.10218e-03
-1.00898e-03
-3.90851e-03
-5.98092e-03
-6.68532e-03
-6.21619e-03
-4.52184e-03
-2.61754e-03
-7.58346e-04
1.22527e-03
3.16337e-03
4.56069e-03
4.80860e-03
3.96146e-03
3.22192e-03
2.69054e-03
2.15773e-03
1.49535e-03
4.97692e-04
-9.39895e-04
-2.66514e-03
-4.37956e-03
-5.94333e-03
-6.95268e-03
-7.38382e-03
-7.53993e-03
-7.09633e-03
-5.96922e-03
-4.15464e-03
-2.31396e-03
-4.95837e-04
1.37557e-03
3.12208e-03
4.47320e-03
5.20034e-03
5.57099e-03
5.99455e-03
6.47910e-03
6.96707e-03
7.46797e-03
7.95368e-03
8.34912e-03
8.48520e-03
8.31033e-03
8.05539e-03
7.75801e-03
7.36597e-03
7.02001e-03
7.08809e-03
8.08236e-03
1.00701e-02
1.20060e-02
1.37974e-02
1.56026e-02
1.73958e-02
1.91339e-02
2.07352e-02
2.22754e-02
2.38405e-02
2.54030e-02
2.69263e-02
2.84654e-02
3.00972e-02
3.18876e-02
3.37311e-02
3.52142e-02
3.56710e-02
3.51824e-02
3.39869e-02
3.17865e-02
2.84248e-02
2.39757e-02
1.88569e-02
1.37551e-02
9.59585e-03
7.25578e-03
6.32232e-03
5.16257e-03
3.68608e-03
2.16471e-03
7.60737e-04
-2.26028e-04
-5.24963e-04
-6.16865e-05
1.11038e-03
2.27166e-03
2.15798e-03
1.32486e-03
6.47608e-04
-2.41697e-04
-2.02600e-03
-4.81250e-03
-7.64049e-03
-1.04569e-02
-1.33693e-02
-1.61534e-02
-1.83797e-02
-1.95652e-02
-1.98844e-02
-2.03007e-02
-2.08834e-02
-2.14572e-02
-2.19306e-02
-2.21203e-02
-2.18896e-02
-2.12017e-02
-1.99218e-02
-1.79183e-02
-1.52717e-02
-1.23419e-02
-9.38191e-03
-6.36123e-03
-3.43870e-03
-9.94445e-04
5.32468e-04
1.27204e-03
2.34470e-03
3.42463e-03
3.54030e-03
2.42051e-03
1.08479e-03
-4.97408e-05
-1.15002e-03
-2.37396e-03
-3.92962e-03
-5.81680e-03
-7.66776e-03
-8.61954e-03
-8.42254e-03
-7.73034e-03
-6.23592e-03
-3.78764e-03
-7.31413e-04
2.45628e-03
5.63327e-03
8.85487e-03
1.19818e-02
1.48312e-02
1.72612e-02
1.95582e-02
2.20501e-02
2.46276e-02
2.71277e-02
2.94123e-02
3.12702e-02
3.27419e-02
3.42845e-02
3.63849e-02
3.85497e-02
3.98212e-02
4.00595e-02
4.00800e-02
3.97961e-02
3.90727e-02
3.73115e-02
3.40109e-02
2.89142e-02
2.35075e-02
1.82323e-02
1.28275e-02
7.30334e-03
2.08881e-03
-1.94652e-03
-4.11566e-03
-4.99920e-03
-4.06417e-03
-1.65493e-03
2.03447e-03
5.99252e-03
9.97524e-03
1.34509e-02
1.53835e-02
1.54593e-02
1.40417e-02
1.18351e-02
9.78500e-03
7.82258e-03
5.72145e-03
3.45222e-03
1.03751e-03
-1.35639e-03
-3.53846e-03
-5.71822e-03
-7.94901e-03
-1.01482e-02
-1.21967e-02
-1.39193e-02
-1.52924e-02
-1.65870e-02
-1.76534e-02
-1.80757e-02
-1.77461e-02
-1.73609e-02
-1.68746e-02
-1.59814e-02
-1.42484e-02
-1.12314e-02
-6.65914e-03
-1.35622e-03
3.05087e-03
6.13528e-03
7.84494e-03
8.22135e-03
8.75067e-03
9.48966e-03
1.01771e-02
1.08864e-02
1.17727e-02
1.30262e-02
1.44925e-02
1.59907e-02
1.75591e-02
1.91843e-02
2.05869e-02
2.12959e-02
2.09359e-02
1.97967e-02
1.80086e-02
1.61473e-02
1.43978e-02
1.26718e-02
1.08992e-02
8.98036e-03
6.79813e-03
4.39650e-03
2.47438e-03
1.29936e-03
9.47498e-04
1.66967e-03
2.87007e-03
4.42841e-03
6.05764e-03
7.68191e-03
9.40488e-03
1.12137e-02
1.29779e-02
1.44026e-02
1.51894e-02
1.51416e-02
1.42623e-02
1.34130e-02
1.26562e-02
1.18705e-02
1.11391e-02
1.05653e-02
1.02102e-02
9.80340e-03
8.89621e-03
7.13466e-03
4.69460e-03
2.24273e-03
-2.65770e-04
-2.89545e-03
-5.25621e-03
-6.56161e-03
-6.14022e-03
-4.96198e-03
-2.96622e-03
-6.14339e-04
1.65412e-03
3.98777e-03
6.47819e-03
9.07259e-03
1.15014e-02
1.33415e-02
1.41770e-02
1.40475e-02
1.40655e-02
1.43301e-02
1.45578e-02
1.44278e-02
1.35366e-02
1.18388e-02
1.01211e-02
9.36646e-03
9.37905e-03
9.32066e-03
9.13096e-03
8.90075e-03
8.59104e-03
8.12335e-03
7.45470e-03
6.76639e-03
6.14851e-03
5.56565e-03
4.90773e-03
4.00459e-03
2.68936e-03
1.06449e-03
-3.06348e-04
-1.40937e-03
-2.58682e-03
-3.87267e-03
-5.16156e-03
-6.23239e-03
-6.83433e-03
-6.95299e-03
-7.14375e-03
-7.96517e-03
-9.52544e-03
-1.10649e-02
-1.24908e-02
-1.38771e-02
-1.51415e-02
-1.61653e-02
-1.68760e-02
-1.74728e-02
-1.78813e-02
-1.76288e-02
-1.63736e-02
-1.47042e-02
-1.30674e-02
-1.14136e-02
-9.78898e-03
-8.45352e-03
-7.75290e-03
-7.71300e-03
-7.61989e-03
-7.26224e-03
-6.80358e-03
-6.64769e-03
-7.48551e-03
-9.87595e-03
-1.33325e-02
-1.61436e-02
-1.77301e-02
-1.86572e-02
-1.92208e-02
-1.99659e-02
-2.08687e-02
-2.17292e-02
-2.23674e-02
-2.25535e-02
-2.22119e-02
-2.16255e-02
-2.08763e-02
-1.96902e-02
-1.78951e-02
-1.55895e-02
-1.32782e-02
-1.09815e-02
-8.67909e-03
-6.50782e-03
-4.66775e-03
-3.24157e-03
-1.91762e-03
-5.05409e-04
9.47131e-04
2.33282e-03
3.50619e-03
4.34618e-03
4.95715e-03
5.82217e-03
6.96858e-03
8.08984e-03
9.16325e-03
1.02383e-02
1.13566e-02
1.25318e-02
1.37015e-02
1.47416e-02
1.57561e-02
1.67788e-02
1.78320e-02
1.89746e-02
2.02292e-02
2.14933e-02
2.24510e-02
2.28821e-02
2.29480e-02
2.25948e-02
2.18957e-02
2.11899e-02
2.04670e-02
1.97480e-02
1.92197e-02
1.91396e-02
1.95681e-02
2.00514e-02
2.04517e-02
2.08616e-02
2.13307e-02
2.18612e-02
2.23655e-02
2.26812e-02
2.26324e-02
2.22582e-02
2.19560e-02
2.17571e-02
2.15218e-02
2.10580e-02
2.01350e-02
1.87651e-02
1.74692e-02
1.65756e-02
1.57960e-02
1.50166e-02
1.42167e-02
1.32705e-02
1.19354e-02
1.00313e-02
7.77798e-03
5.57618e-03
3.42509e-03
1.29482e-03
-7.84336e-04
-2.79585e-03
-4.82657e-03
-7.11954e-03
-9.78750e-03
-1.25411e-02
-1.51570e-02
-1.76772e-02
-2.02917e-02
-2.32838e-02
-2.68757e-02
-3.07620e-02
-3.35241e-02
-3.42846e-02
-3.37519e-02
-3.21635e-02
-3.04761e-02
-2.89850e-02
-2.74808e-02
-2.58298e-02
-2.38717e-02
-2.15127e-02
-1.88406e-02
-1.61584e-02
-1.34602e-02
-1.07838e-02
-8.35258e-03
-6.50159e-03
-5.34763e-03
-4.34774e-03
-3.11381e-03
-1.78790e-03
-4.92397e-04
7.73282e-04
2.02544e-03
3.25079e-03
4.39252e-03
5.39525e-03
6.37923e-03
7.44926e-03
8.55804e-03
9.52787e-03
1.00552e-02
9.90248e-03
9.26705e-03
8.54748e-03
7.83778e-03
7.22703e-03
6.70153e-03
6.08973e-03
5.00856e-03
2.95335e-03
-1.66684e-04
-3.41440e-03
-6.55387e-03
-9.68200e-03
-1.27165e-02
-1.54599e-02
-1.77286e-02
-1.97112e-02
-2.18395e-02
-2.37064e-02
-2.47046e-02
-2.46092e-02
-2.38254e-02
-2.25478e-02
-2.13955e-02
-2.04078e-02
-1.93427e-02
-1.78985e-02
-1.56511e-02
-1.25292e-02
-9.25080e-03
-6.20355e-03
-3.52477e-03
-1.42295e-03
1.21357e-04
1.20769e-03
1.47978e-03
1.06622e-03
1.10213e-04
-9.51588e-04
-1.94668e-03
-2.95594e-03
-3.99544e-03
-5.12542e-03
-6.37620e-03
-7.76917e-03
-9.17786e-03
-1.05493e-02
-1.17770e-02
-1.27894e-02
-1.36637e-02
-1.48492e-02
-1.70992e-02
-2.05341e-02
-2.36886e-02
-2.55083e-02
-2.65577e-02
-2.78253e-02
-2.93628e-02
-3.09506e-02
-3.22381e-02
-3.27500e-02
-3.22326e-02
-3.11407e-02
-2.96652e-02
-2.81669e-02
-2.67587e-02
-2.53577e-02
-2.38740e-02
-2.21464e-02
-2.00015e-02
-1.74579e-02
-1.49225e-02
-1.24388e-02
-1.00032e-02
-7.70818e-03
-5.61603e-03
-3.61736e-03
-1.26378e-03
1.62762e-03
4.57915e-03
7.41866e-03
1.02496e-02
1.31847e-02
1.63103e-02
1.95370e-02
2.25021e-02
2.45533e-02
2.56464e-02
2.68458e-02
2.82829e-02
2.97484e-02
3.10068e-02
3.16512e-02
3.14142e-02
3.05455e-02
2.95686e-02
2.82744e-02
2.65168e-02
2.43639e-02
2.21980e-02
2.00266e-02
1.78091e-02
1.55950e-02
1.35119e-02
1.17091e-02
1.01869e-02
8.62701e-03
6.97286e-03
5.25096e-03
3.55770e-03
2.12381e-03
1.25140e-03
1.04829e-03
1.19039e-03
8.45937e-04
-8.27091e-05
-1.13656e-03
-2.08876e-03
-2.98378e-03
-3.87682e-03
-4.78802e-03
-5.69264e-03
-6.55465e-03
-7.33891e-03
-8.04853e-03
-8.72854e-03
-9.38147e-03
-1.00300e-02
-1.07820e-02
-1.17549e-02
-1.29508e-02
-1.40365e-02
-1.45544e-02
-1.40396e-02
-1.25749e-02
-1.08239e-02
-9.23156e-03
-7.70073e-03
-6.08307e-03
-4.24169e-03
-2.10085e-03
2.19299e-04
2.30746e-03
4.35128e-03
6.39645e-03
8.39306e-03
1.03225e-02
1.22294e-02
1.42582e-02
1.65241e-02
1.86241e-02
1.97002e-02
1.98201e-02
1.96997e-02
1.90306e-02
1.75544e-02
1.53189e-02
1.31240e-02
1.10211e-02
8.84697e-03
6.52317e-03
4.02351e-03
1.54879e-03
-4.65829e-04
-1.81045e-03
-2.04889e-03
-1.29697e-03
1.80773e-04
1.59340e-03
2.93827e-03
4.37237e-03
5.84051e-03
7.20843e-03
8.26855e-03
9.01511e-03
9.88043e-03
1.09246e-02
1.19156e-02
1.23899e-02
1.16982e-02
9.65835e-03
7.26513e-03
4.85224e-03
2.41174e-03
-1.49534e-04
-2.81305e-03
-5.24583e-03
-6.93050e-03
-7.51258e-03
-7.49407e-03
-7.59699e-03
-7.84014e-03
-8.11813e-03
-8.33337e-03
-8.26630e-03
-7.65270e-03
-6.35939e-03
-4.50590e-03
-2.88632e-03
-1.78413e-03
-1.27710e-03
-1.58432e-03
-2.65033e-03
-4.32285e-03
-6.21202e-03
-8.06552e-03
-9.94112e-03
-1.18673e-02
-1.37803e-02
-1.55831e-02
-1.72321e-02
-1.88482e-02
-2.05381e-02
-2.23030e-02
-2.40314e-02
-2.54425e-02
-2.61643e-02
-2.60625e-02
-2.54549e-02
-2.46067e-02
-2.38581e-02
-2.32406e-02
-2.26582e-02
-2.18683e-02
-2.03714e-02
-1.76878e-02
-1.38751e-02
-9.09336e-03
-4.45271e-03
-5.06755e-04
2.81213e-03
5.57520e-03
7.83676e-03
9.55568e-03
1.04869e-02
1.14111e-02
1.24360e-02
1.34257e-02
1.43648e-02
1.51839e-02
1.58945e-02
1.65749e-02
1.74366e-02
1.87676e-02
2.09351e-02
2.33908e-02
2.57211e-02
2.80496e-02
3.05565e-02
3.32867e-02
3.60009e-02
3.80491e-02
3.86246e-02
3.79292e-02
3.71606e-02
3.66685e-02
3.62400e-02
3.55470e-02
3.41565e-02
3.17943e-02
2.88373e-02
2.60100e-02
2.33345e-02
2.06731e-02
1.78848e-02
1.47744e-02
1.12288e-02
7.42207e-03
3.80099e-03
9.51177e-04
-1.52260e-03
-3.67782e-03
-5.13662e-03
-5.60551e-03
-5.20795e-03
-4.33265e-03
-3.50158e-03
-2.71090e-03
-1.88603e-03
-1.08629e-03
-3.71514e-04
2.47711e-04
9.35764e-04
1.70524e-03
2.51649e-03
3.20331e-03
3.45374e-03
2.95473e-03
1.83211e-03
6.90922e-04
-4.17642e-04
-1.57163e-03
-2.81682e-03
-4.13282e-03
-5.31704e-03
-6.05677e-03
-6.10588e-03
-5.72149e-03
-5.42879e-03
-5.23347e-03
-4.99261e-03
-4.58039e-03
-3.85653e-03
-2.86198e-03
-1.91404e-03
-1.01721e-03
-5.24110e-05
9.94346e-04
2.03369e-03
2.78086e-03
2.87020e-03
2.18362e-03
1.32871e-03
5.33598e-04
-2.94617e-04
-1.15788e-03
-1.87913e-03
-2.14288e-03
-1.74805e-03
-9.72000e-04
6.60852e-05
1.06238e-03
1.99675e-03
2.93399e-03
3.93199e-03
5.12094e-03
6.64068e-03
8.47928e-03
1.03589e-02
1.22530e-02
1.40757e-02
1.55500e-02
1.63655e-02
1.65861e-02
1.70777e-02
1.80678e-02
1.90705e-02
2.00189e-02
2.09296e-02
2.17207e-02
2.22336e-02
2.23266e-02
2.21263e-02
2.18288e-02
2.10971e-02
1.95893e-02
1.74925e-02
1.55859e-02
1.41881e-02
1.34033e-02
1.30522e-02
1.21977e-02
1.04788e-02
8.63271e-03
6.96953e-03
5.41763e-03
3.85843e-03
2.08412e-03
-1.20614e-04
-2.78596e-03
-5.38826e-03
-7.88326e-03
-1.03999e-02
-1.30733e-02
-1.60049e-02
-1.90748e-02
-2.17650e-02
-2.34356e-02
-2.40075e-02
-2.38025e-02
-2.32063e-02
-2.27337e-02
-2.23300e-02
-2.18267e-02
-2.10993e-02
-2.00522e-02
-1.87952e-02
-1.77250e-02
-1.68110e-02
-1.59359e-02
-1.48571e-02
-1.31377e-02
-1.04530e-02
-7.17846e-03
-4.39775e-03
-2.21506e-03
-5.27968e-04
6.62352e-04
1.83454e-03
3.09344e-03
4.37950e-03
5.70195e-03
7.07262e-03
8.42281e-03
9.52053e-03
1.01988e-02
1.07147e-02
1.12844e-02
1.19074e-02
1.25802e-02
1.32768e-02
1.38859e-02
1.41781e-02
1.38873e-02
1.29125e-02
1.18671e-02
1.09525e-02
1.00290e-02
8.94341e-03
7.56734e-03
5.99754e-03
4.68318e-03
3.97599e-03
4.14715e-03
5.08555e-03
6.83364e-03
8.68545e-03
1.02150e-02
1.08279e-02
1.02979e-02
9.69871e-03
9.32798e-03
8.94264e-03
8.25745e-03
7.08538e-03
5.59653e-03
4.54455e-03
4.36443e-03
4.83427e-03
5.20127e-03
5.40567e-03
5.57319e-03
5.82059e-03
6.33252e-03
7.27135e-03
8.57527e-03
9.82312e-03
1.09917e-02
1.21793e-02
1.34452e-02
1.48081e-02
1.61328e-02
1.70929e-02
1.72593e-02
1.64193e-02
1.44792e-02
1.23502e-02
1.03374e-02
8.34848e-03
6.44872e-03
4.77952e-03
3.40245e-03
2.04752e-03
6.41474e-04
-7.97693e-04
-2.25794e-03
-3.67382e-03
-4.88485e-03
-5.68239e-03
-5.98198e-03
-5.83982e-03
-5.64545e-03
-5.51413e-03
-5.38738e-03
-5.24245e-03
-5.06809e-03
-4.86069e-03
-4.60846e-03
-4.35312e-03
-4.10540e-03
-3.87493e-03
-3.67652e-03
-3.51086e-03
-3.33090e-03
-3.02437e-03
-2.51451e-03
-1.92393e-03
-1.35672e-03
-8.19299e-04
-3.12449e-04
1.80825e-04
7.24655e-04
1.44382e-03
2.57129e-03
4.02023e-03
4.98079e-03
5.04247e-03
4.92466e-03
4.89221e-03
4.88389e-03
4.95374e-03
5.26610e-03
6.01495e-03
7.11249e-03
8.18495e-03
9.24261e-03
1.03439e-02
1.13991e-02
1.22144e-02
1.25708e-02
1.24816e-02
1.20126e-02
1.14187e-02
1.08604e-02
1.02809e-02
9.61839e-03
8.87764e-03
8.15821e-03
7.62868e-03
7.11055e-03
6.56041e-03
5.99010e-03
5.40310e-03
4.84048e-03
4.38048e-03
4.12095e-03
4.09295e-03
4.14807e-03
4.20020e-03
4.29724e-03
4.44103e-03
4.50808e-03
4.24643e-03
3.44687e-03
2.22295e-03
7.76733e-04
2.89640e-05
4.45656e-04
1.08322e-03
1.62458e-03
2.14974e-03
2.54277e-03
2.48777e-03
1.64647e-03
1.90019e-04
-1.20636e-03
-2.52081e-03
-3.83571e-03
-5.08960e-03
-6.19590e-03
-7.10899e-03
-7.98837e-03
-8.75156e-03
-8.97377e-03
-8.46383e-03
-7.68969e-03
-6.98997e-03
-6.32073e-03
-5.61553e-03
-4.87870e-03
-4.16362e-03
-3.56930e-03
-3.13169e-03
-2.69670e-03
-2.24459e-03
-1.79887e-03
-1.34053e-03
-8.52143e-04
-3.07810e-04
2.75222e-04
8.70462e-04
1.42728e-03
1.95344e-03
2.50377e-03
3.21552e-03
4.24669e-03
5.61759e-03
6.99655e-03
8.33493e-03
9.71787e-03
1.11932e-02
1.26940e-02
1.39851e-02
1.46952e-02
1.45488e-02
1.37512e-02
1.30820e-02
1.25602e-02
1.19762e-02
1.11032e-02
9.70000e-03
7.81041e-03
5.99490e-03
4.24930e-03
2.47892e-03
6.91739e-04
-1.06435e-03
-2.68105e-03
-4.10698e-03
-5.44421e-03
-6.74163e-03
-8.08329e-03
-9.48219e-03
-1.08647e-02
-1.20612e-02
-1.28228e-02
-1.30472e-02
-1.30838e-02
-1.31473e-02
-1.32064e-02
-1.33028e-02
-1.35933e-02
-1.42566e-02
-1.52278e-02
-1.59745e-02
-1.64604e-02
-1.69542e-02
-1.74793e-02
-1.80251e-02
-1.86219e-02
-1.93165e-02
-2.01155e-02
-2.08556e-02
-2.11866e-02
-2.10272e-02
-2.05192e-02
-1.94125e-02
-1.77043e-02
-1.55437e-02
-1.34301e-02
-1.13484e-02
-9.15291e-03
-6.80562e-03
-4.37149e-03
-2.12958e-03
-4.40987e-04
9.43158e-04
2.55775e-03
5.07536e-03
8.16475e-03
1.05414e-02
1.19349e-02
1.25163e-02
1.23226e-02
1.22220e-02
1.22626e-02
1.22937e-02
1.23241e-02
1.23628e-02
1.24071e-02
1.23473e-02
1.22980e-02
1.22769e-02
1.22498e-02
1.21718e-02
1.20181e-02
1.18415e-02
1.18163e-02
1.20162e-02
1.23139e-02
1.26851e-02
1.30790e-02
1.32208e-02
1.26325e-02
1.09603e-02
8.62034e-03
6.30007e-03
3.97617e-03
1.68545e-03
-2.06458e-04
-1.20787e-03
-1.23368e-03
-1.30282e-03
-2.04644e-03
-2.94405e-03
-3.76161e-03
-4.52505e-03
-5.20358e-03
-5.69183e-03
-5.85651e-03
-5.75713e-03
-5.68414e-03
-5.65161e-03
-5.62938e-03
-5.64014e-03
-5.68692e-03
-5.71348e-03
-5.54895e-03
-5.07771e-03
-4.48507e-03
-3.91972e-03
-3.37177e-03
-2.85478e-03
-2.42035e-03
-2.11142e-03
-1.86662e-03
-1.57624e-03
-1.26174e-03
-9.46346e-04
-6.56885e-04
-4.54485e-04
-4.03953e-04
-5.09619e-04
-7.35371e-04
-1.04370e-03
-1.37883e-03
-1.74328e-03
-2.08232e-03
-2.23730e-03
-2.01863e-03
-1.42794e-03
-8.82525e-04
-4.04791e-04
9.87930e-05
6.85729e-04
1.38291e-03
2.10276e-03
2.60503e-03
2.60965e-03
2.23823e-03
1.95673e-03
1.78584e-03
1.57980e-03
1.13433e-03
2.06905e-04
-1.20726e-03
-2.62569e-03
-3.99105e-03
-5.36749e-03
-6.72384e-03
-7.99147e-03
-9.09331e-03
-1.01013e-02
-1.13032e-02
-1.27459e-02
-1.42300e-02
-1.53966e-02
-1.56597e-02
-1.48398e-02
-1.38186e-02
-1.28641e-02
-1.18826e-02
-1.10191e-02
-1.06430e-02
-1.11617e-02
-1.24128e-02
-1.35760e-02
-1.46199e-02
-1.56982e-02
-1.68496e-02
-1.80898e-02
-1.93284e-02
-2.04054e-02
-2.11374e-02
-2.14884e-02
-2.13781e-02
-2.08665e-02
-2.01780e-02
-1.90094e-02
-1.71335e-02
-1.49018e-02
-1.32069e-02
-1.22170e-02
-1.14234e-02
-1.05421e-02
-9.59131e-03
-8.59753e-03
-7.50598e-03
-6.28413e-03
-5.01767e-03
-3.91616e-03
-2.90848e-03
-1.86907e-03
-7.89126e-04
2.94902e-04
1.33345e-03
2.25642e-03
3.04370e-03
3.78320e-03
4.55825e-03
5.35020e-03
6.11342e-03
6.77757e-03
7.29654e-03
7.73244e-03
8.32883e-03
9.07212e-03
9.81607e-03
1.05485e-02
1.12671e-02
1.19230e-02
1.24509e-02
1.28331e-02
1.32007e-02
1.35893e-02
1.39842e-02
1.43766e-02
1.47629e-02
1.51356e-02
1.54867e-02
1.58116e-02
1.61328e-02
1.64993e-02
1.69333e-02
1.73764e-02
1.76519e-02
1.74793e-02
1.66950e-02
1.56054e-02
1.46625e-02
1.38396e-02
1.29261e-02
1.16099e-02
9.58384e-03
6.95750e-03
4.68532e-03
3.27147e-03
1.99535e-03
5.65693e-04
-9.09508e-04
-2.28200e-03
-3.39329e-03
-4.24696e-03
-5.10662e-03
-5.98987e-03
-6.86478e-03
-7.75896e-03
-8.70128e-03
-9.72237e-03
-1.07581e-02
-1.16250e-02
-1.22147e-02
-1.27096e-02
-1.32449e-02
-1.38138e-02
-1.43820e-02
-1.49149e-02
-1.53579e-02
-1.56865e-02
-1.59566e-02
-1.62032e-02
-1.64727e-02
-1.68980e-02
-1.76137e-02
-1.85769e-02
-1.92995e-02
-1.91936e-02
-1.82554e-02
-1.66306e-02
-1.46307e-02
-1.27337e-02
-1.08979e-02
-9.01516e-03
-7.00945e-03
-4.81111e-03
-2.40699e-03
6.05075e-05
2.53098e-03
5.06893e-03
7.68526e-03
1.01944e-02
1.21774e-02
1.31805e-02
1.31470e-02
1.21101e-02
1.11545e-02
1.03738e-02
9.58746e-03
8.74576e-03
7.73157e-03
6.43433e-03
4.80811e-03
3.13331e-03
1.43979e-03
-1.74002e-04
-1.41488e-03
-1.93455e-03
-1.77987e-03
-1.84588e-03
-2.37224e-03
-2.89556e-03
-3.35316e-03
-3.78586e-03
-4.19623e-03
-4.53192e-03
-4.69206e-03
-4.64469e-03
-4.60970e-03
-4.59783e-03
-4.57257e-03
-4.54892e-03
-4.57181e-03
-4.70846e-03
-4.98274e-03
-5.38833e-03
-5.83051e-03
-6.29776e-03
-6.79498e-03
-7.24451e-03
-7.47750e-03
-7.31559e-03
-6.81270e-03
-6.37435e-03
-6.01361e-03
-5.60724e-03
-5.03835e-03
-4.21701e-03
-3.25370e-03
-2.58955e-03
-2.58634e-03
-2.83524e-03
-2.99677e-03
-3.09931e-03
-3.20259e-03
-3.35260e-03
-3.58645e-03
-3.91699e-03
-4.29775e-03
-4.71809e-03
-5.18461e-03
-5.60719e-03
-5.74859e-03
-5.30790e-03
-4.22314e-03
-2.81759e-03
-1.27660e-03
2.14452e-04
1.69245e-03
3.24806e-03
4.92045e-03
6.68507e-03
8.36951e-03
9.62862e-03
1.01152e-02
1.03260e-02
1.06884e-02
1.11579e-02
1.15736e-02
1.16778e-02
1.11893e-02
1.01014e-02
8.96097e-03
7.91371e-03
6.87336e-03
5.78740e-03
4.63060e-03
3.43825e-03
2.29997e-03
1.30992e-03
3.87975e-04
-6.01899e-04
-1.67301e-03
-2.72279e-03
-3.51139e-03
-3.70989e-03
-3.21842e-03
-2.55593e-03
-1.97690e-03
-1.39326e-03
-7.55283e-04
-1.08101e-04
3.76916e-04
4.93987e-04
1.68454e-04
-5.09176e-04
-1.18424e-03
-1.84438e-03
-2.50782e-03
-3.04715e-03
-3.28831e-03
-3.15894e-03
-2.95058e-03
-2.80004e-03
-2.67063e-03
-2.50565e-03
-2.25645e-03
-1.88765e-03
-1.45219e-03
-1.12626e-03
-9.46774e-04
-7.50631e-04
-5.25586e-04
-3.08496e-04
-1.51619e-04
-9.80245e-05
-1.22555e-04
-8.43642e-05
-4.24872e-05
-2.36189e-05
-9.81129e-06
4.78473e-05
2.23827e-04
5.60888e-04
9.77091e-04
1.41213e-03
1.85803e-03
2.35306e-03
2.91550e-03
3.47620e-03
3.82598e-03
3.66738e-03
2.90685e-03
2.12475e-03
1.36931e-03
6.32544e-04
1.12858e-04
7.63895e-05
6.00128e-04
1.13257e-03
1.07267e-03
7.67542e-04
5.55959e-04
4.28515e-04
3.34233e-04
2.03008e-04
-4.31338e-05
-4.67396e-04
-1.02698e-03
-1.54566e-03
-2.02400e-03
-2.54740e-03
-3.23030e-03
-4.16877e-03
-5.28901e-03
-6.35278e-03
-7.36178e-03
-8.37672e-03
-9.41995e-03
-1.05073e-02
-1.16356e-02
-1.27670e-02
-1.37991e-02
-1.46277e-02
-1.55657e-02
-1.66483e-02
-1.76301e-02
-1.80410e-02
-1.73243e-02
-1.55278e-02
-1.39152e-02
-1.25647e-02
-1.11865e-02
-9.72524e-03
-8.15692e-03
-6.56094e-03
-5.06201e-03
-3.84642e-03
-2.96264e-03
-2.06548e-03
-1.10180e-03
-1.34851e-04
8.03574e-04
1.64695e-03
2.37450e-03
3.02332e-03
3.64165e-03
4.30019e-03
5.04078e-03
5.82471e-03
6.50160e-03
6.75968e-03
6.29744e-03
5.22421e-03
4.21821e-03
3.29198e-03
2.32370e-03
1.30569e-03
3.15577e-04
-4.73439e-04
-9.02139e-04
-9.51421e-04
-9.45322e-04
-9.90778e-04
-1.04571e-03
-1.08828e-03
-1.09941e-03
-1.06918e-03
-9.91992e-04
-8.94237e-04
-7.80914e-04
-6.90468e-04
-7.09137e-04
-9.32740e-04
-1.34004e-03
-1.64279e-03
-1.57244e-03
-1.36828e-03
-1.25073e-03
-1.21207e-03
-1.16549e-03
-9.39433e-04
-3.14891e-04
7.70905e-04
1.94280e-03
3.07560e-03
4.22376e-03
5.37059e-03
6.40848e-03
7.16972e-03
7.59463e-03
7.82111e-03
7.97299e-03
8.19723e-03
8.49160e-03
8.73763e-03
8.70792e-03
8.10264e-03
6.87081e-03
5.55616e-03
4.34037e-03
3.13290e-03
1.87378e-03
5.25759e-04
-8.77932e-04
-2.23437e-03
-3.40918e-03
-4.46651e-03
-5.60079e-03
-6.83166e-03
-8.02831e-03
-8.91741e-03
-9.13740e-03
-8.62088e-03
-8.00162e-03
-7.50198e-03
-7.02159e-03
-6.48762e-03
-5.84046e-03
-5.10208e-03
-4.40682e-03
-4.04895e-03
-4.11714e-03
-4.39864e-03
-5.12497e-03
-6.43497e-03
-8.05303e-03
-9.15008e-03
-9.01048e-03
-8.40683e-03
-7.97042e-03
-7.64077e-03
-7.31562e-03
-6.96182e-03
-6.58594e-03
-6.19952e-03
-5.77949e-03
-5.38285e-03
-5.00889e-03
-4.60197e-03
-4.07115e-03
-3.34874e-03
-2.50700e-03
-1.75313e-03
-1.07509e-03
-4.10500e-04
2.52872e-04
9.47756e-04
1.73923e-03
2.67391e-03
3.68030e-03
4.45035e-03
4.60515e-03
4.28314e-03
4.01017e-03
3.81933e-03
3.66742e-03
3.56809e-03
3.50443e-03
3.36281e-03
2.89596e-03
2.07861e-03
1.27936e-03
5.26594e-04
-2.25265e-04
-9.49040e-04
-1.59144e-03
-2.10533e-03
-2.55624e-03
-3.02455e-03
-3.50870e-03
-3.98842e-03
-4.44436e-03
-4.84478e-03
-5.17550e-03
-5.46666e-03
-5.73752e-03
-6.01883e-03
-6.33990e-03
-6.70009e-03
-7.04494e-03
-7.23083e-03
-7.06287e-03
-6.49908e-03
-5.98228e-03
-5.55161e-03
-5.10017e-03
-4.52851e-03
-3.72720e-03
-2.72053e-03
-1.77336e-03
-1.05357e-03
-4.06050e-04
3.06874e-04
1.09406e-03
1.88554e-03
2.52330e-03
2.78112e-03
2.57122e-03
2.27908e-03
2.08260e-03
1.90400e-03
1.62348e-03
1.09400e-03
2.59443e-04
-6.90417e-04
-1.50885e-03
-2.26464e-03
-3.08687e-03
-3.98781e-03
-4.86658e-03
-5.49791e-03
-5.60036e-03
-5.14129e-03
-4.65277e-03
-4.27110e-03
-3.88645e-03
-3.39507e-03
-2.70232e-03
-1.84741e-03
-1.11033e-03
-9.19193e-04
-1.18441e-03
-1.44268e-03
-1.68657e-03
-1.94169e-03
-2.04399e-03
-1.70374e-03
-6.99784e-04
6.91848e-04
2.11542e-03
3.58214e-03
4.97826e-03
5.89866e-03
5.85748e-03
4.87366e-03
4.11299e-03
3.89790e-03
3.69922e-03
3.42073e-03
3.06846e-03
2.58697e-03
1.88842e-03
9.55051e-04
-3.72584e-06
-9.58441e-04
-1.94199e-03
-2.90299e-03
-3.70791e-03
-4.20530e-03
-4.43718e-03
-4.85023e-03
-5.69692e-03
-6.65283e-03
-7.61355e-03
-8.59980e-03
-9.49228e-03
-1.00061e-02
-9.81246e-03
-8.97893e-03
-8.18473e-03
-7.45852e-03
-6.71278e-03
-6.02565e-03
-5.53451e-03
-5.35448e-03
-5.32212e-03
-5.20001e-03
-5.00670e-03
-4.79229e-03
-4.56720e-03
-4.41081e-03
-4.45569e-03
-4.82846e-03
-5.40803e-03
-5.64525e-03
-5.21369e-03
-4.46992e-03
-3.83957e-03
-3.29957e-03
-2.69985e-03
-1.89960e-03
-7.99455e-04
4.48515e-04
1.36099e-03
1.91198e-03
2.51633e-03
3.21903e-03
3.94617e-03
4.55239e-03
4.83657e-03
4.67533e-03
4.28267e-03
3.91434e-03
3.54768e-03
3.15010e-03
2.80471e-03
2.66254e-03
2.85303e-03
3.25694e-03
3.50682e-03
3.11840e-03
2.72720e-03
2.46087e-03
2.20353e-03
1.87130e-03
1.34774e-03
6.29214e-04
-1.13614e-04
-8.22304e-04
-1.54394e-03
-2.32142e-03
-3.16541e-03
-3.98296e-03
-4.55537e-03
-4.59706e-03
-4.07532e-03
-3.57672e-03
-3.14542e-03
-2.70331e-03
-2.29865e-03
-2.02620e-03
-1.98518e-03
-2.10857e-03
-2.33593e-03
-2.60312e-03
-2.91097e-03
-3.24101e-03
-3.48352e-03
-3.46294e-03
-3.07766e-03
-2.58010e-03
-2.67803e-03
-3.41303e-03
-4.12581e-03
-4.76713e-03
-5.39127e-03
-5.91839e-03
-6.19961e-03
-6.13354e-03
-5.91250e-03
-5.74324e-03
-5.60554e-03
-5.43708e-03
-5.17360e-03
-4.73789e-03
-4.11848e-03
-3.44257e-03
-2.56486e-03
-1.21763e-03
4.48659e-04
1.53605e-03
1.17440e-03
-4.52269e-05
-1.12649e-03
-2.08334e-03
-3.03758e-03
-3.93878e-03
-4.64895e-03
-5.07313e-03
-5.39389e-03
-5.77442e-03
-6.18661e-03
-6.54239e-03
-6.71501e-03
-6.58149e-03
-6.18724e-03
-5.76410e-03
-5.33613e-03
-4.91330e-03
-4.49846e-03
-4.08345e-03
-3.65752e-03
-3.17087e-03
-2.54811e-03
-1.75867e-03
-9.66342e-04
-1.76485e-04
6.22825e-04
1.37158e-03
1.95648e-03
2.28276e-03
2.41108e-03
2.38366e-03
2.36246e-03
2.34628e-03
2.31177e-03
2.29965e-03
2.37853e-03
2.61162e-03
2.94461e-03
3.23021e-03
3.48543e-03
3.81396e-03
4.33273e-03
5.09740e-03
5.90613e-03
6.19198e-03
5.72336e-03
5.15473e-03
4.72482e-03
4.33324e-03
3.84933e-03
3.11236e-03
2.04889e-03
8.14424e-04
-4.25044e-04
-1.69978e-03
-2.98953e-03
-4.13009e-03
-4.83663e-03
-4.92354e-03
-4.68088e-03
-4.55275e-03
-4.49746e-03
-4.42619e-03
-4.33055e-03
-4.21321e-03
-4.07033e-03
-3.86932e-03
-3.57759e-03
-3.24319e-03
-2.90253e-03
-2.58464e-03
-2.35745e-03
-2.28481e-03
-2.31949e-03
-2.16640e-03
-1.44157e-03
-3.57269e-04
7.00652e-04
1.73876e-03
2.75394e-03
3.60933e-03
4.10083e-03
4.17733e-03
4.20557e-03
4.29880e-03
4.39886e-03
4.46715e-03
4.47252e-03
4.41191e-03
4.32702e-03
4.32344e-03
4.37389e-03
4.38200e-03
4.33980e-03
4.31407e-03
4.44102e-03
4.87122e-03
5.58366e-03
6.15519e-03
6.04654e-03
5.34576e-03
4.69258e-03
4.13122e-03
3.59153e-03
3.10699e-03
2.73075e-03
2.47311e-03
2.17053e-03
1.77690e-03
1.35670e-03
9.29268e-04
5.00275e-04
1.31617e-04
-6.51099e-05
7.97713e-06
2.63060e-04
4.64547e-04
6.21766e-04
8.35705e-04
1.20366e-03
1.78087e-03
2.41878e-03
2.68308e-03
2.38362e-03
1.99659e-03
1.68518e-03
1.38330e-03
1.04813e-03
6.80207e-04
3.51558e-04
1.54741e-04
-2.44411e-05
-2.09027e-04
-4.11264e-04
-6.88016e-04
-1.08388e-03
-1.55692e-03
-1.88158e-03
-1.87023e-03
-1.72688e-03
-1.62095e-03
-1.53575e-03
-1.45827e-03
-1.40668e-03
-1.42023e-03
-1.50612e-03
-1.59121e-03
-1.68050e-03
-1.80837e-03
-1.97191e-03
-2.10504e-03
-2.06642e-03
-1.71831e-03
-1.08346e-03
-5.16786e-04
-5.63636e-04
-1.12140e-03
-1.64753e-03
-2.11240e-03
-2.53994e-03
-2.83141e-03
-2.84621e-03
-2.57289e-03
-2.33192e-03
-2.15342e-03
-1.98155e-03
-1.77511e-03
-1.46806e-03
-1.01110e-03
-4.45544e-04
1.54423e-05
3.30625e-04
5.92114e-04
8.28150e-04
1.13732e-03
1.72473e-03
2.78014e-03
4.16855e-03
5.12335e-03
5.11929e-03
4.57299e-03
4.12826e-03
3.79066e-03
3.48030e-03
3.20825e-03
2.99893e-03
2.81702e-03
2.50061e-03
2.16055e-03
1.81780e-03
1.46459e-03
1.16139e-03
1.03913e-03
1.23872e-03
1.75719e-03
2.53016e-03
3.31021e-03
4.09279e-03
4.86834e-03
5.48526e-03
5.74093e-03
5.58656e-03
5.39416e-03
5.17579e-03
4.94431e-03
4.90572e-03
5.35235e-03
6.41756e-03
7.55378e-03
7.33149e-03
5.90381e-03
5.16878e-03
5.52031e-03
5.87768e-03
6.06135e-03
6.17642e-03
6.30099e-03
6.53786e-03
6.91586e-03
7.36677e-03
7.82938e-03
8.32851e-03
8.85189e-03
9.29492e-03
9.43456e-03
9.06495e-03
8.23859e-03
7.09260e-03
5.91219e-03
4.75836e-03
3.56214e-03
2.31756e-03
1.07598e-03
-3.22541e-05
-9.18852e-04
-1.83802e-03
-2.85130e-03
-3.88519e-03
-4.78766e-03
-5.28108e-03
-5.17138e-03
-4.65521e-03
-4.11379e-03
-3.60839e-03
-3.14182e-03
-2.68023e-03
-2.14789e-03
-1.40405e-03
-2.97054e-04
1.12931e-03
2.44563e-03
3.73036e-03
5.06819e-03
6.41569e-03
7.64366e-03
8.54271e-03
9.00714e-03
9.14860e-03
9.12300e-03
9.12701e-03
9.15106e-03
9.15794e-03
9.15485e-03
9.15435e-03
9.16792e-03
9.17744e-03
9.19585e-03
9.25254e-03
9.36129e-03
9.47409e-03
9.45098e-03
9.09564e-03
8.31781e-03
7.41012e-03
7.02961e-03
7.26084e-03
7.59248e-03
7.86043e-03
8.09952e-03
8.26217e-03
8.20921e-03
7.81735e-03
7.20210e-03
6.56978e-03
5.92249e-03
5.24116e-03
4.51152e-03
3.76969e-03
3.13944e-03
2.78654e-03
2.76976e-03
2.83878e-03
2.83040e-03
2.74678e-03
2.64812e-03
2.68978e-03
3.10809e-03
4.05771e-03
5.35421e-03
6.39912e-03
6.58312e-03
6.08852e-03
5.66009e-03
5.33576e-03
5.04677e-03
4.87114e-03
4.92761e-03
5.23396e-03
5.50081e-03
5.70363e-03
5.89692e-03
6.14435e-03
6.54206e-03
7.16211e-03
7.90694e-03
8.39437e-03
8.52905e-03
8.47614e-03
8.10912e-03
7.40632e-03
6.43682e-03
5.42004e-03
4.40871e-03
3.36554e-03
2.31345e-03
1.33039e-03
5.27246e-04
-8.06553e-05
-7.09438e-04
-1.38959e-03
-2.08007e-03
-2.72495e-03
-3.21333e-03
-3.45184e-03
-3.46252e-03
-3.29506e-03
-3.06606e-03
-2.85453e-03
-2.63228e-03
-2.38554e-03
-2.13115e-03
-1.92402e-03
-1.81668e-03
-1.74723e-03
-1.65938e-03
-1.57179e-03
-1.51531e-03
-1.52144e-03
-1.58189e-03
-1.61462e-03
-1.54018e-03
-1.42630e-03
-1.32520e-03
-1.22381e-03
-1.09988e-03
-9.48681e-04
-8.00793e-04
-7.27502e-04
-7.08068e-04
-6.84165e-04
-6.44293e-04
-5.83168e-04
-4.95761e-04
-4.07027e-04
-3.82878e-04
-4.82250e-04
-6.49180e-04
-7.89993e-04
-8.85357e-04
-9.53364e-04
-1.05415e-03
-1.31193e-03
-1.84013e-03
-2.59339e-03
-3.29514e-03
-3.49486e-03
-2.96340e-03
-2.16345e-03
-1.42670e-03
-7.00753e-04
2.38762e-05
6.12813e-04
8.43502e-04
6.44317e-04
4.38730e-04
2.57212e-04
8.40131e-05
4.32885e-05
2.93481e-04
8.66774e-04
1.39288e-03
1.47918e-03
1.35894e-03
1.24081e-03
1.11465e-03
1.05526e-03
1.26822e-03
1.99776e-03
3.18324e-03
4.13922e-03
4.52936e-03
4.55167e-03
4.64928e-03
4.85331e-03
5.07358e-03
5.24798e-03
5.29278e-03
5.17378e-03
4.91758e-03
4.61557e-03
4.37854e-03
4.22411e-03
4.06832e-03
3.71729e-03
2.88590e-03
1.46565e-03
-1.07416e-04
-1.24580e-03
-1.69099e-03
-1.43373e-03
-9.63546e-04
-6.13915e-04
-3.16519e-04
2.01766e-05
4.41695e-04
9.61230e-04
1.53622e-03
2.09227e-03
2.62357e-03
3.16610e-03
3.76729e-03
4.46726e-03
5.22629e-03
5.86958e-03
6.24697e-03
6.51508e-03
6.80356e-03
7.11179e-03
7.45080e-03
7.86163e-03
8.37416e-03
8.91564e-03
9.28687e-03
9.65857e-03
1.00717e-02
1.04623e-02
1.07446e-02
1.08242e-02
1.07210e-02
1.05100e-02
1.02425e-02
9.97839e-03
9.71399e-03
9.44479e-03
9.19896e-03
9.00875e-03
8.87896e-03
8.74108e-03
8.61721e-03
8.51558e-03
8.39164e-03
8.14599e-03
7.66827e-03
6.96707e-03
6.21141e-03
5.45169e-03
4.73144e-03
4.05866e-03
3.37986e-03
2.55360e-03
1.36681e-03
-2.66065e-04
-2.02615e-03
-3.60246e-03
-4.62645e-03
-4.69802e-03
-3.95933e-03
-3.29903e-03
-2.75218e-03
-2.19159e-03
-1.67323e-03
-1.30629e-03
-1.18348e-03
-1.16730e-03
-1.21461e-03
-1.25594e-03
-1.29739e-03
-1.34788e-03
-1.40925e-03
-1.48520e-03
-1.59538e-03
-1.75264e-03
-1.93980e-03
-2.18130e-03
-2.46349e-03
-2.64502e-03
-2.46888e-03
-1.72521e-03
-5.72878e-04
5.79198e-04
8.91441e-04
3.81068e-04
-2.15640e-04
-7.10817e-04
-1.18457e-03
-1.62710e-03
-1.91117e-03
-1.87402e-03
-1.55281e-03
-1.27873e-03
-1.06011e-03
-8.09339e-04
-4.60553e-04
4.03059e-05
6.30342e-04
1.06364e-03
1.13105e-03
1.05368e-03
1.00934e-03
9.83137e-04
9.64638e-04
9.92221e-04
1.12825e-03
1.39022e-03
1.66855e-03
1.93862e-03
2.21632e-03
2.49257e-03
2.72783e-03
2.87115e-03
2.90750e-03
2.86559e-03
2.80066e-03
2.75175e-03
2.71239e-03
2.66588e-03
2.58079e-03
2.41754e-03
2.16214e-03
1.88137e-03
1.60150e-03
1.32247e-03
1.06629e-03
8.78854e-04
7.91810e-04
7.54328e-04
6.41814e-04
4.75823e-04
3.14751e-04
1.69877e-04
5.02325e-05
-3.49456e-05
-9.74743e-05
-2.04132e-04
-4.53854e-04
-7.03980e-04
-9.38889e-04
-1.19904e-03
-1.49751e-03
-1.81167e-03
-2.04068e-03
-2.07507e-03
-1.98818e-03
-1.91381e-03
-1.84891e-03
-1.78858e-03
-1.76184e-03
-1.81471e-03
-1.95936e-03
-2.11438e-03
-2.23591e-03
-2.35977e-03
-2.55407e-03
-2.88575e-03
-3.34087e-03
-3.70118e-03
-3.54185e-03
-2.94016e-03
-2.35998e-03
-1.83884e-03
-1.37084e-03
-1.03964e-03
-9.22703e-04
-9.28271e-04
-6.96996e-04
-4.31651e-04
-2.10091e-04
-3.62027e-06
1.97787e-04
4.25177e-04
6.80375e-04
9.43962e-04
1.19018e-03
1.39843e-03
1.55330e-03
1.70927e-03
2.01114e-03
2.66182e-03
3.71796e-03
4.79779e-03
5.28513e-03
5.06996e-03
4.41376e-03
3.53070e-03
2.66456e-03
1.78474e-03
9.08902e-04
2.43574e-04
5.79648e-05
3.96072e-04
7.36342e-04
1.01165e-03
1.30341e-03
1.62098e-03
1.92922e-03
2.14315e-03
2.20650e-03
2.17069e-03
2.06664e-03
1.97455e-03
1.90379e-03
1.83449e-03
1.73719e-03
1.55346e-03
1.23096e-03
7.96241e-04
3.46528e-04
-1.10846e-04
-5.37840e-04
-8.20851e-04
-8.32447e-04
-6.02634e-04
-4.76211e-04
-4.57416e-04
-4.25259e-04
-3.67100e-04
-2.91229e-04
-2.20518e-04
-1.79854e-04
-1.86256e-04
-2.22107e-04
-2.74244e-04
-3.43294e-04
-3.98407e-04
-3.57482e-04
-1.14938e-04
3.43026e-04
8.10534e-04
1.23462e-03
1.68153e-03
2.16923e-03
2.65802e-03
3.03183e-03
3.13849e-03
2.93673e-03
2.67881e-03
2.45192e-03
2.22594e-03
2.00281e-03
1.81593e-03
1.70996e-03
1.67161e-03
1.57439e-03
1.38400e-03
1.18870e-03
1.03024e-03
9.05906e-04
7.77062e-04
5.52315e-04
1.03288e-04
-6.07746e-04
-1.31907e-03
-2.02290e-03
-2.75535e-03
-3.44684e-03
-3.93777e-03
-4.04227e-03
-3.74860e-03
-3.13125e-03
-2.46677e-03
-1.82613e-03
-1.17506e-03
-5.42151e-04
-9.36792e-07
3.84717e-04
6.78765e-04
1.00606e-03
1.37424e-03
1.74001e-03
2.02202e-03
2.09299e-03
1.88119e-03
1.52547e-03
1.22306e-03
9.29191e-04
5.87947e-04
2.22379e-04
-6.54643e-05
-1.30973e-04
9.05613e-05
3.54307e-04
5.78041e-05
-8.75690e-04
-1.78484e-03
-2.62443e-03
-3.47650e-03
-4.28982e-03
-4.92643e-03
-5.21197e-03
-5.18871e-03
-5.19113e-03
-5.23653e-03
-5.27493e-03
-5.31642e-03
-5.37678e-03
-5.47433e-03
-5.57476e-03
-5.66668e-03
-5.77350e-03
-5.91249e-03
-6.05954e-03
-6.13994e-03
-6.02758e-03
-5.64215e-03
-5.10116e-03
-4.57821e-03
-4.06264e-03
-3.54472e-03
-3.07104e-03
-2.72183e-03
-2.53528e-03
-2.40335e-03
-2.25028e-03
-2.10288e-03
-1.97924e-03
-1.86216e-03
-1.69204e-03
-1.38680e-03
-9.13510e-04
-3.98268e-04
2.91134e-05
4.41937e-04
8.86541e-04
1.38306e-03
1.93506e-03
2.47779e-03
2.86373e-03
2.99451e-03
3.03762e-03
3.12830e-03
3.25412e-03
3.36730e-03
3.39639e-03
3.26021e-03
2.95194e-03
2.62991e-03
2.34043e-03
2.05707e-03
1.75379e-03
1.39824e-03
9.76986e-04
5.19101e-04
7.06823e-05
-3.67709e-04
-8.06504e-04
-1.26294e-03
-1.74985e-03
-2.25780e-03
-2.73377e-03
-3.07772e-03
-3.22144e-03
-3.35557e-03
-3.57983e-03
-3.97597e-03
-4.57968e-03
-5.19487e-03
-5.27651e-03
-4.30408e-03
-2.98756e-03
-2.53452e-03
-2.79377e-03
-2.96924e-03
-2.99422e-03
-2.98097e-03
-3.02664e-03
-3.22535e-03
-3.58445e-03
-3.97608e-03
-4.36469e-03
-4.77419e-03
-5.19121e-03
-5.54206e-03
-5.68405e-03
-5.51451e-03
-5.11990e-03
-4.55306e-03
-3.98400e-03
-3.41300e-03
-2.83186e-03
-2.33228e-03
-2.04534e-03
-2.03644e-03
-2.11960e-03
-2.21969e-03
-2.34919e-03
-2.43317e-03
-2.28618e-03
-1.71799e-03
-8.09469e-04
-1.99366e-04
-2.18350e-04
-3.48229e-04
-3.83337e-04
-3.78872e-04
-3.67246e-04
-3.62251e-04
-3.38617e-04
-2.81915e-04
-2.03074e-04
-1.02777e-04
2.13860e-06
3.03808e-05
-1.31263e-04
-5.42683e-04
-1.04024e-03
-1.41557e-03
-1.72132e-03
-2.06770e-03
-2.45654e-03
-2.84003e-03
-3.11497e-03
-3.16984e-03
-2.99937e-03
-2.84097e-03
-2.74679e-03
-2.64877e-03
-2.43525e-03
-1.98766e-03
-1.30358e-03
-6.88074e-04
-6.35596e-04
-1.04404e-03
-1.39353e-03
-1.64887e-03
-1.87843e-03
-2.13553e-03
-2.49554e-03
-3.03459e-03
-3.75084e-03
-4.50082e-03
-5.27575e-03
-6.02535e-03
-6.54848e-03
-6.57031e-03
-6.01377e-03
-5.32879e-03
-4.54208e-03
-3.74346e-03
-2.93262e-03
-2.10649e-03
-1.35058e-03
-7.55898e-04
-3.21298e-04
1.61758e-04
7.10582e-04
1.30604e-03
1.88277e-03
2.25429e-03
2.16052e-03
1.49656e-03
6.25570e-04
-3.37286e-04
-1.33387e-03
-2.37213e-03
-3.46641e-03
-4.51091e-03
-5.29569e-03
-5.61227e-03
-5.54577e-03
-5.51496e-03
-5.53570e-03
-5.54191e-03
-5.53926e-03
-5.55922e-03
-5.65713e-03
-5.84042e-03
-6.08331e-03
-6.34569e-03
-6.60722e-03
-6.87404e-03
-7.15092e-03
-7.42807e-03
-7.68506e-03
-7.89291e-03
-8.04740e-03
-8.24954e-03
-8.46637e-03
-8.55417e-03
-8.33068e-03
-7.72134e-03
-7.04850e-03
-6.89989e-03
-7.10385e-03
-7.28140e-03
-7.41966e-03
-7.49993e-03
-7.41346e-03
-7.02038e-03
-6.36281e-03
-5.83034e-03
-5.34264e-03
-4.81983e-03
-4.27691e-03
-3.74330e-03
-3.29662e-03
-2.98304e-03
-2.77224e-03
-2.63258e-03
-2.49056e-03
-2.34286e-03
-2.20506e-03
-2.05983e-03
-1.88395e-03
-1.64927e-03
-1.37666e-03
-1.12160e-03
-8.85890e-04
-6.30981e-04
-3.02505e-04
1.60093e-04
7.30182e-04
1.23095e-03
1.61624e-03
2.00610e-03
2.41004e-03
2.81247e-03
3.20719e-03
3.61085e-03
4.06624e-03
4.61362e-03
5.18128e-03
5.76303e-03
6.33271e-03
6.79821e-03
7.03854e-03
7.03178e-03
7.01819e-03
7.15435e-03
7.33513e-03
7.51868e-03
7.70282e-03
7.83768e-03
7.80770e-03
7.48756e-03
6.91292e-03
6.30781e-03
5.66876e-03
5.03951e-03
4.64433e-03
4.79089e-03
5.58037e-03
6.44801e-03
6.71836e-03
6.64435e-03
6.68943e-03
6.86568e-03
7.04226e-03
7.00296e-03
6.50081e-03
5.50016e-03
4.44395e-03
3.44844e-03
2.43064e-03
1.36058e-03
2.95540e-04
-5.78501e-04
-1.02739e-03
-9.02425e-04
-3.17141e-04
2.51801e-04
7.90714e-04
1.33561e-03
1.76458e-03
1.89912e-03
1.65442e-03
1.30878e-03
1.02539e-03
7.55318e-04
4.17923e-04
-4.43742e-05
-6.25526e-04
-1.15753e-03
-1.30463e-03
-1.07318e-03
-9.15935e-04
-8.67404e-04
-7.96298e-04
-5.23877e-04
1.35990e-04
1.14456e-03
1.96729e-03
1.96987e-03
1.47080e-03
1.04742e-03
7.11393e-04
4.14617e-04
1.80469e-04
4.21642e-05
-5.35617e-05
-3.05285e-04
-6.32269e-04
-9.75171e-04
-1.23169e-03
-1.19040e-03
-6.75116e-04
1.57594e-04
5.09996e-04
-3.68032e-06
-6.67106e-04
-1.19879e-03
-1.67262e-03
-2.13327e-03
-2.62232e-03
-3.15895e-03
-3.78542e-03
-4.51769e-03
-5.30653e-03
-6.12984e-03
-6.88542e-03
-7.31671e-03
-7.14255e-03
-6.41627e-03
-5.87909e-03
-5.54161e-03
-5.16604e-03
-4.72120e-03
-4.24207e-03
-3.83053e-03
-3.61281e-03
-3.64206e-03
-3.75362e-03
-3.80206e-03
-3.80621e-03
-3.85742e-03
-4.10303e-03
-4.68819e-03
-5.55493e-03
-6.25622e-03
-6.69427e-03
-7.16950e-03
-7.73597e-03
-8.32430e-03
-8.78584e-03
-8.90262e-03
-8.56744e-03
-8.03158e-03
-7.54938e-03
-7.09680e-03
-6.62791e-03
-6.12959e-03
-5.61833e-03
-5.13056e-03
-4.70518e-03
-4.34437e-03
-3.98252e-03
-3.56987e-03
-3.10065e-03
-2.63739e-03
-2.35988e-03
-2.53184e-03
-3.24451e-03
-3.97144e-03
-4.67984e-03
-5.40403e-03
-5.97307e-03
-6.10176e-03
-5.57831e-03
-4.69602e-03
-3.89816e-03
-3.14439e-03
-2.32105e-03
-1.41726e-03
-5.18424e-04
1.56593e-04
3.55966e-04
6.43108e-05
-2.05837e-04
-3.90692e-04
-5.85125e-04
-8.52439e-04
-1.24563e-03
-1.73151e-03
-2.13621e-03
-2.22965e-03
-2.13802e-03
-2.07881e-03
-2.02992e-03
-1.93328e-03
-1.78642e-03
-1.67350e-03
-1.80040e-03
-2.33561e-03
-2.89928e-03
-3.43799e-03
-3.95866e-03
-4.32560e-03
-4.36603e-03
-4.02954e-03
-3.64030e-03
-3.23958e-03
-2.85530e-03
-2.47660e-03
-2.06717e-03
-1.58316e-03
-9.70472e-04
-2.30750e-04
5.07979e-04
1.22144e-03
1.94867e-03
2.72447e-03
3.54927e-03
4.34342e-03
4.92713e-03
5.08434e-03
4.81294e-03
4.57136e-03
4.38399e-03
4.16961e-03
3.92937e-03
3.70864e-03
3.62099e-03
3.73007e-03
3.84696e-03
3.94983e-03
4.05616e-03
4.11852e-03
4.07045e-03
3.86537e-03
3.58856e-03
3.29924e-03
3.00241e-03
2.68964e-03
2.37964e-03
2.12389e-03
1.99395e-03
1.99634e-03
2.00024e-03
1.98417e-03
1.96918e-03
1.95694e-03
1.95108e-03
1.94783e-03
1.95423e-03
1.97918e-03
2.03402e-03
2.10583e-03
2.19084e-03
2.28392e-03
2.35524e-03
2.33823e-03
2.16840e-03
1.88041e-03
1.68104e-03
1.48969e-03
1.27058e-03
1.06465e-03
9.37892e-04
9.56204e-04
1.06623e-03
1.07978e-03
8.95843e-04
3.39395e-04
-8.18713e-04
-2.43210e-03
-4.10221e-03
-4.93245e-03
-4.70927e-03
-4.33862e-03
-4.10747e-03
-3.92904e-03
-3.81629e-03
-3.87807e-03
-4.21589e-03
-4.70424e-03
-5.16802e-03
-5.63222e-03
-6.12158e-03
-6.58904e-03
-6.93703e-03
-7.07779e-03
-7.05414e-03
-6.92830e-03
-6.79293e-03
-6.73245e-03
-6.74542e-03
-6.72269e-03
-6.40669e-03
-5.46439e-03
-3.84540e-03
-2.23436e-03
-1.03012e-03
-3.17178e-04
-5.26681e-05
1.84600e-04
5.18168e-04
8.99678e-04
1.31202e-03
1.73572e-03
2.08640e-03
2.22655e-03
2.37434e-03
2.57767e-03
2.78778e-03
2.94732e-03
2.96969e-03
2.82715e-03
2.63448e-03
2.54156e-03
2.50173e-03
2.46622e-03
2.42603e-03
2.35090e-03
2.17303e-03
1.82899e-03
1.35444e-03
8.79326e-04
3.92691e-04
-8.60753e-05
-4.54132e-04
-5.80263e-04
-4.46752e-04
-3.52315e-04
-6.38655e-04
-1.16211e-03
-1.66307e-03
-2.13798e-03
-2.58532e-03
-2.92886e-03
-3.06056e-03
-2.97375e-03
-2.90689e-03
-2.89550e-03
-2.89251e-03
-2.84045e-03
-2.64519e-03
-2.23471e-03
-1.66815e-03
-1.14212e-03
-6.49296e-04
-1.31133e-04
4.23348e-04
9.78978e-04
1.43979e-03
1.68221e-03
1.67701e-03
1.63325e-03
1.63209e-03
1.64523e-03
1.64140e-03
1.57980e-03
1.42774e-03
1.19937e-03
1.00159e-03
8.43380e-04
6.86963e-04
5.20396e-04
3.34355e-04
1.20984e-04
-1.15518e-04
-3.37282e-04
-4.83325e-04
-6.51048e-04
-1.42195e-03
-1.69002e-03
-1.87546e-03
-1.73071e-03
-1.04425e-03
8.72219e-05
1.38619e-03
2.13066e-03
2.06786e-03
1.89034e-03
1.84618e-03
1.88118e-03
1.96576e-03
2.07144e-03
2.11768e-03
1.94814e-03
1.64706e-03
1.36867e-03
1.10274e-03
8.24385e-04
5.50713e-04
3.51100e-04
3.24604e-04
5.16116e-04
7.97714e-04
1.08672e-03
1.40376e-03
1.71455e-03
1.88046e-03
1.70125e-03
1.10824e-03
4.11157e-04
-2.51628e-04
-9.24155e-04
-1.59787e-03
-2.18085e-03
-2.52849e-03
-2.57989e-03
-2.43953e-03
-2.20983e-03
-2.01063e-03
-1.82539e-03
-1.59515e-03
-1.26915e-03
-8.13698e-04
-3.10125e-04
3.56169e-05
3.77393e-04
7.51117e-04
1.08765e-03
1.31716e-03
1.38396e-03
1.39920e-03
1.67435e-03
2.18194e-03
2.67449e-03
3.15659e-03
3.64739e-03
4.10100e-03
4.39694e-03
4.41147e-03
4.18424e-03
3.98175e-03
3.81047e-03
3.63087e-03
3.44529e-03
3.27936e-03
3.16983e-03
3.12888e-03
3.15874e-03
3.20505e-03
3.26122e-03
3.30410e-03
3.25193e-03
3.00821e-03
2.56660e-03
2.13554e-03
1.73299e-03
1.31635e-03
8.71461e-04
4.21115e-04
4.60310e-05
-1.41794e-04
-7.76442e-05
2.20501e-04
5.43792e-04
8.28301e-04
1.10694e-03
1.40763e-03
1.76058e-03
2.18636e-03
2.66794e-03
3.16081e-03
3.69092e-03
4.25138e-03
4.72318e-03
4.86912e-03
4.45516e-03
3.54464e-03
2.38495e-03
1.14678e-03
-1.07821e-04
-1.41488e-03
-2.71473e-03
-3.78416e-03
-4.32693e-03
-4.27572e-03
-4.14138e-03
-4.03710e-03
-3.89334e-03
-3.77915e-03
-3.90121e-03
-4.51374e-03
-5.59237e-03
-6.71830e-03
-7.59178e-03
-7.80539e-03
-7.30063e-03
-6.43940e-03
-5.22651e-03
-3.98855e-03
-2.71620e-03
-1.43587e-03
-4.52161e-04
-1.95089e-04
-8.69522e-04
-1.88724e-03
-2.90249e-03
-4.32504e-03
-6.57336e-03
-9.39400e-03
-1.14795e-02
-1.24271e-02
-1.21577e-02
-1.06625e-02
-8.43326e-03
-5.16945e-03
-1.16907e-03
2.39261e-03
5.04940e-03
6.77573e-03
7.14291e-03
6.63390e-03
5.28282e-03
3.93671e-03
2.62775e-03
1.23030e-03
-2.82428e-05
-8.04701e-04
-8.07805e-04
-3.57744e-04
7.25217e-05
5.00964e-04
9.41082e-04
1.16973e-03
8.62146e-04
-1.24887e-04
-1.29852e-03
-2.40952e-03
-3.23125e-03
-3.49911e-03
-2.93701e-03
-1.65324e-03
-1.47831e-04
1.28754e-03
2.74221e-03
4.24232e-03
5.62327e-03
6.57146e-03
6.85061e-03
6.63536e-03
5.99277e-03
5.26825e-03
4.56112e-03
3.82900e-03
3.16548e-03
2.75315e-03
2.75614e-03
3.03340e-03
3.27808e-03
3.48445e-03
3.69129e-03
3.87233e-03
4.00114e-03
4.07559e-03
4.20001e-03
4.45365e-03
4.73090e-03
4.94782e-03
5.15480e-03
5.45279e-03
5.95383e-03
6.64768e-03
7.22600e-03
7.04608e-03
6.12217e-03
5.14475e-03
4.32180e-03
3.54625e-03
2.70417e-03
1.69179e-03
4.96534e-04
-6.62464e-04
-1.11060e-03
-9.48204e-04
-8.20719e-04
-7.66839e-04
-7.43139e-04
-8.19186e-04
-1.09309e-03
-1.57394e-03
-2.01866e-03
-2.43185e-03
-2.86946e-03
-3.33922e-03
-3.78956e-03
-4.09208e-03
-4.10030e-03
-3.77610e-03
-3.15701e-03
-2.56094e-03
-2.01088e-03
-1.47729e-03
-9.98149e-04
-6.10943e-04
-3.00369e-04
6.64172e-05
4.55577e-04
7.22246e-04
6.81215e-04
3.89313e-04
1.10027e-04
-1.57517e-04
-4.36157e-04
-6.58647e-04
-6.89263e-04
-4.04530e-04
1.07321e-04
6.05144e-04
1.08399e-03
1.54114e-03
1.88672e-03
2.01116e-03
1.91730e-03
1.87301e-03
1.94779e-03
2.02174e-03
2.07529e-03
2.11581e-03
2.13999e-03
2.13431e-03
2.08283e-03
1.99832e-03
1.91497e-03
1.82624e-03
1.72976e-03
1.65406e-03
1.65692e-03
1.79388e-03
2.05205e-03
2.39890e-03
2.75862e-03
3.11882e-03
3.48663e-03
3.82250e-03
4.04404e-03
4.07036e-03
3.94254e-03
3.84041e-03
3.76954e-03
3.68588e-03
3.55909e-03
3.36595e-03
3.13788e-03
2.98468e-03
2.99687e-03
3.07393e-03
3.13655e-03
3.18741e-03
3.22429e-03
3.22470e-03
3.16747e-03
3.07653e-03
3.04570e-03
3.02872e-03
3.00504e-03
2.96815e-03
2.89629e-03
2.77283e-03
2.61023e-03
2.45431e-03
2.30504e-03
2.15166e-03
1.98779e-03
1.81735e-03
1.66425e-03
1.56380e-03
1.53398e-03
1.52800e-03
1.44115e-03
1.09762e-03
4.44986e-04
-1.51733e-04
-2.20490e-04
2.57660e-05
2.10422e-04
3.28576e-04
4.27764e-04
5.28628e-04
6.39921e-04
7.67987e-04
9.23784e-04
1.07010e-03
1.20460e-03
1.34464e-03
1.50494e-03
1.68564e-03
1.84463e-03
1.90066e-03
1.87189e-03
1.84640e-03
1.82021e-03
1.78161e-03
1.75029e-03
1.77322e-03
1.90164e-03
2.11330e-03
2.24710e-03
2.20211e-03
1.92580e-03
1.47638e-03
1.05868e-03
6.76525e-04
3.12178e-04
-4.69854e-06
-2.33340e-04
-3.74764e-04
-5.28383e-04
-6.85308e-04
-8.34099e-04
-9.85570e-04
-1.14571e-03
-1.30617e-03
-1.42080e-03
-1.41734e-03
-1.30059e-03
-1.20011e-03
-1.12282e-03
-1.04189e-03
-9.37727e-04
-7.93331e-04
-6.21907e-04
-4.74460e-04
-3.30778e-04
-1.82847e-04
-4.87814e-05
4.12423e-05
5.40353e-05
4.84970e-06
-6.32322e-06
4.75458e-05
1.07286e-04
1.54688e-04
1.96614e-04
2.41594e-04
2.92972e-04
3.44104e-04
3.79135e-04
4.13740e-04
4.50756e-04
4.84680e-04
5.07229e-04
5.08257e-04
4.87616e-04
4.67080e-04
4.59906e-04
4.56399e-04
4.48116e-04
4.35097e-04
4.23168e-04
4.24291e-04
4.52841e-04
5.10251e-04
5.69011e-04
6.22054e-04
6.73948e-04
7.22317e-04
7.56080e-04
7.58465e-04
7.21949e-04
6.51932e-04
5.70820e-04
5.03835e-04
4.74210e-04
5.05149e-04
5.83498e-04
6.58371e-04
7.29781e-04
7.93126e-04
8.16807e-04
7.60998e-04
6.21075e-04
4.86814e-04
4.41452e-04
4.45559e-04
4.38996e-04
4.21674e-04
4.00683e-04
3.76401e-04
3.44921e-04
3.04468e-04
2.63712e-04
2.26562e-04
1.91211e-04
1.55880e-04
1.18273e-04
7.66523e-05
3.18523e-05
-1.20751e-05
-5.43640e-05
-9.43180e-05
-1.34618e-04
-1.77122e-04
-2.18498e-04
-2.47379e-04
-2.47417e-04
-2.10756e-04
-1.51701e-04
-1.11551e-04
-1.44164e-04
-2.17242e-04
-2.79714e-04
-3.33207e-04
-3.80558e-04
-4.12890e-04
-4.15193e-04
-3.83577e-04
-3.45349e-04
-3.13236e-04
-2.83922e-04
-2.57834e-04
-2.39458e-04
-2.34046e-04
-2.39216e-04
-2.45203e-04
-2.51502e-04
-2.58463e-04
-2.65938e-04
-2.73099e-04
-2.77165e-04
-2.75729e-04
-2.69601e-04
-2.65842e-04
-2.63797e-04
-2.62216e-04
-2.60525e-04
-2.58347e-04
-2.56117e-04
-2.55712e-04
-2.60118e-04
-2.68918e-04
-2.77233e-04
-2.85028e-04
-2.93161e-04
-3.01566e-04
-3.09270e-04
-3.14308e-04
-3.15575e-04
-3.17479e-04
-3.20412e-04
-3.23686e-04
-3.27350e-04
-3.31657e-04
-3.37132e-04
-3.43933e-04
-3.51931e-04
-3.59946e-04
-3.67599e-04
-3.75082e-04
-3.82738e-04
-3.91108e-04
-4.00625e-04
-4.10925e-04
-4.20480e-04
-4.29280e-04
-4.37822e-04
-4.46647e-04
-4.56242e-04
-4.66325e-04
-4.75326e-04
-4.82479e-04
-4.88765e-04
-4.94798e-04
-5.00506e-04
-5.05938e-04
-5.11472e-04
-5.17706e-04
-5.24853e-04
-5.31769e-04
-5.38039e-04
-5.43755e-04
-5.48630e-04
-5.52091e-04
-5.53778e-04
-5.54396e-04
-5.54925e-04
-5.55632e-04
-5.56719e-04
-5.58121e-04
-5.59810e-04
-5.61912e-04
-5.64548e-04
-5.67710e-04
-5.71079e-04
-5.74484e-04
-5.77981e-04
-5.81676e-04
-5.85640e-04
-5.89828e-04
-5.93954e-04
-5.97675e-04
-6.01186e-04
-6.04888e-04
-6.08754e-04
-6.12666e-04
-6.16511e-04
-6.20232e-04
-6.23935e-04
-6.27943e-04
-6.32397e-04
-6.36942e-04
-6.41373e-04
-6.45725e-04
-6.50022e-04
-6.54262e-04
-6.58430e-04
-6.62538e-04
-6.66636e-04
-6.70727e-04
-6.74799e-04
-6.78850e-04
-6.82878e-04
-6.86886e-04
-6.90867e-04
-6.94816e-04
-6.98731e-04
-7.02611e-04
-7.06457e-04
-7.10268e-04
-7.14044e-04
-7.17787e-04
-7.21496e-04
-7.25170e-04
-7.28806e-04
-7.32407e-04
-7.35973e-04
-7.39507e-04
-7.43007e-04
-7.46476e-04
-7.49912e-04
-7.53317e-04
-7.56690e-04
-7.60031e-04
-7.63340e-04
-7.66618e-04
-7.69862e-04
-7.73074e-04
