-4.26613e-04
-4.24129e-04
-4.22360e-04
-4.22744e-04
-4.25618e-04
-4.32214e-04
-4.42352e-04
-4.56634e-04
-4.73980e-04
-4.93809e-04
-5.14277e-04
-5.33905e-04
-5.51124e-04
-5.66157e-04
-5.78991e-04
-5.90554e-04
-5.99889e-04
-6.07878e-04
-6.14741e-04
-6.20823e-04
-6.23378e-04
-6.22007e-04
-6.14179e-04
-6.01437e-04
-5.85634e-04
-5.67865e-04
-5.48900e-04
-5.31170e-04
-5.17495e-04
-5.10934e-04
-5.10759e-04
-5.17891e-04
-5.22642e-04
-5.20208e-04
-5.08196e-04
-4.81458e-04
-4.22349e-04
-3.22822e-04
-1.69986e-04
4.30396e-05
3.24919e-04
6.84770e-04
1.12180e-03
1.62626e-03
2.18186e-03
2.76527e-03
3.33853e-03
3.86103e-03
4.30064e-03
4.62061e-03
4.81926e-03
4.89221e-03
4.83607e-03
4.65794e-03
4.35864e-03
3.95477e-03
3.48870e-03
2.99785e-03
2.54007e-03
2.17935e-03
1.97064e-03
1.90598e-03
1.98541e-03
2.21229e-03
2.49425e-03
2.75909e-03
2.92970e-03
2.93992e-03
2.77830e-03
2.42460e-03
1.85930e-03
1.08020e-03
1.15897e-04
-9.82746e-04
-2.14757e-03
-3.30715e-03
-4.37214e-03
-5.30063e-03
-6.11714e-03
-6.88393e-03
-7.72934e-03
-8.64709e-03
-9.59762e-03
-1.05679e-02
-1.15377e-02
-1.23897e-02
-1.29617e-02
-1.31547e-02
-1.29482e-02
-1.22933e-02
-1.11881e-02
-9.60769e-03
-7.52296e-03
-4.91913e-03
-1.86456e-03
1.53692e-03
5.01572e-03
8.16748e-03
1.06815e-02
1.25403e-02
1.37542e-02
1.42633e-02
1.40984e-02
1.33359e-02
1.20911e-02
1.06887e-02
9.48533e-03
8.41840e-03
7.47685e-03
6.64770e-03
5.93205e-03
5.33837e-03
4.94846e-03
4.81309e-03
4.93896e-03
5.36951e-03
5.99870e-03
6.73747e-03
7.52853e-03
8.27014e-03
8.81784e-03
9.06135e-03
8.90022e-03
8.30335e-03
7.23797e-03
5.68525e-03
3.63608e-03
1.06680e-03
-1.99668e-03
-5.47511e-03
-9.31589e-03
-1.34392e-02
-1.76354e-02
-2.16002e-02
-2.49341e-02
-2.75314e-02
-2.92405e-02
-2.98706e-02
-2.92909e-02
-2.75127e-02
-2.45978e-02
-2.07864e-02
-1.64470e-02
-1.15687e-02
-6.23757e-03
-6.06442e-04
4.96146e-03
9.86316e-03
1.33170e-02
1.45066e-02
1.35248e-02
1.06913e-02
6.52134e-03
1.82122e-03
-2.45093e-03
-6.08155e-03
-8.95423e-03
-1.09841e-02
-1.21792e-02
-1.24370e-02
-1.16949e-02
-9.99658e-03
-7.56894e-03
-4.62760e-03
-1.52902e-03
1.55896e-03
4.41898e-03
6.85775e-03
8.69247e-03
9.87390e-03
1.04137e-02
1.02930e-02
9.67741e-03
8.70990e-03
7.61671e-03
6.48520e-03
5.34562e-03
4.10883e-03
2.66792e-03
9.84935e-04
-9.66384e-04
-3.24455e-03
-5.79945e-03
-8.71867e-03
-1.19742e-02
-1.52738e-02
-1.82421e-02
-2.06246e-02
-2.20549e-02
-2.22716e-02
-2.09958e-02
-1.80821e-02
-1.36550e-02
-7.75291e-03
-7.38368e-04
7.11076e-03
1.55174e-02
2.39273e-02
3.15412e-02
3.74756e-02
4.07199e-02
4.07610e-02
3.83862e-02
3.42672e-02
2.91831e-02
2.42490e-02
1.99521e-02
1.68861e-02
1.53049e-02
1.53956e-02
1.73006e-02
2.08209e-02
2.55181e-02
3.10080e-02
3.70301e-02
4.30496e-02
4.84724e-02
5.29607e-02
5.60611e-02
5.73357e-02
5.62518e-02
5.28496e-02
4.72508e-02
3.96842e-02
3.06917e-02
2.07381e-02
1.04074e-02
3.98122e-04
-8.47663e-03
-1.52497e-02
-1.95351e-02
-2.13820e-02
-2.09973e-02
-1.85335e-02
-1.41198e-02
-8.23545e-03
-2.01732e-03
3.37847e-03
7.79103e-03
1.09323e-02
1.25521e-02
1.23709e-02
1.01967e-02
6.00670e-03
2.76361e-04
-6.68284e-03
-1.43531e-02
-2.23415e-02
-3.03720e-02
-3.80798e-02
-4.49711e-02
-5.05549e-02
-5.43281e-02
-5.58791e-02
-5.48014e-02
-5.10083e-02
-4.46949e-02
-3.63535e-02
-2.65887e-02
-1.57310e-02
-4.38926e-03
6.48684e-03
1.55955e-02
2.10416e-02
2.12239e-02
1.65581e-02
7.90625e-03
-3.43006e-03
-1.56212e-02
-2.65069e-02
-3.56946e-02
-4.31747e-02
-4.88228e-02
-5.26563e-02
-5.50363e-02
-5.61275e-02
-5.63019e-02
-5.60322e-02
-5.57138e-02
-5.53993e-02
-5.50202e-02
-5.44808e-02
-5.38011e-02
-5.29113e-02
-5.18611e-02
-5.09361e-02
-5.03662e-02
-5.05474e-02
-5.18972e-02
-5.48558e-02
-5.95905e-02
-6.60038e-02
-7.37033e-02
-8.24526e-02
-9.16629e-02
-1.00794e-01
-1.09404e-01
-1.16808e-01
-1.22290e-01
-1.25397e-01
-1.25658e-01
-1.22659e-01
-1.16295e-01
-1.06456e-01
-9.34612e-02
-7.79396e-02
-6.06514e-02
-4.26158e-02
-2.58908e-02
-1.25653e-02
-1.78236e-03
7.53293e-03
1.61909e-02
2.47257e-02
3.35771e-02
4.30601e-02
5.32961e-02
6.42322e-02
7.59007e-02
8.81073e-02
1.00669e-01
1.13358e-01
1.26152e-01
1.38897e-01
1.51555e-01
1.64091e-01
1.76778e-01
1.89830e-01
2.03425e-01
2.17938e-01
2.33530e-01
2.50320e-01
2.68223e-01
2.87131e-01
3.06456e-01
3.25391e-01
3.42798e-01
3.57201e-01
3.66737e-01
3.69534e-01
3.63797e-01
3.48105e-01
3.21653e-01
2.84991e-01
2.40514e-01
1.92415e-01
1.43758e-01
9.95117e-02
6.47440e-02
3.70871e-02
1.37936e-02
-7.42732e-03
-2.83983e-02
-5.05236e-02
-7.46872e-02
-1.01505e-01
-1.31243e-01
-1.63812e-01
-1.98680e-01
-2.35093e-01
-2.71945e-01
-3.07858e-01
-3.41093e-01
-3.69816e-01
-3.92161e-01
-4.06324e-01
-4.10803e-01
-4.04835e-01
-3.88859e-01
-3.64838e-01
-3.37272e-01
-3.11604e-01
-2.86712e-01
-2.61315e-01
-2.34970e-01
-2.08524e-01
-1.84748e-01
-1.65684e-01
-1.49456e-01
-1.34056e-01
-1.18000e-01
-1.00184e-01
-7.97382e-02
-5.63487e-02
-2.99740e-02
-8.61597e-04
3.02578e-02
6.22280e-02
9.36015e-02
1.22418e-01
1.46418e-01
1.63286e-01
1.70600e-01
1.66209e-01
1.48909e-01
1.18752e-01
7.75746e-02
3.01639e-02
-1.68904e-02
-5.95900e-02
-9.27193e-02
-1.08708e-01
-1.00667e-01
-7.31049e-02
-3.32159e-02
8.96374e-03
4.31026e-02
6.95058e-02
8.97588e-02
1.04932e-01
1.15922e-01
1.23118e-01
1.27132e-01
1.29654e-01
1.32178e-01
1.35800e-01
1.41301e-01
1.49143e-01
1.59533e-01
1.72416e-01
1.87502e-01
2.04288e-01
2.22112e-01
2.39820e-01
2.56078e-01
2.69307e-01
2.77734e-01
2.79507e-01
2.72872e-01
2.56480e-01
2.29679e-01
1.93138e-01
1.48776e-01
9.83907e-02
4.47952e-02
-6.83569e-03
-5.10068e-02
-8.95799e-02
-1.24647e-01
-1.57415e-01
-1.88007e-01
-2.15692e-01
-2.38908e-01
-2.55572e-01
-2.63328e-01
-2.60003e-01
-2.43984e-01
-2.15273e-01
-1.75904e-01
-1.31370e-01
-8.89097e-02
-4.97291e-02
-1.49900e-02
1.14167e-02
2.52859e-02
2.78385e-02
2.07680e-02
5.42112e-03
-1.65045e-02
-4.25497e-02
-6.84620e-02
-8.95951e-02
-1.06358e-01
-1.20037e-01
-1.31232e-01
-1.40051e-01
-1.45866e-01
-1.48211e-01
-1.47494e-01
-1.44049e-01
-1.37768e-01
-1.28672e-01
-1.16762e-01
-1.02787e-01
-8.76339e-02
-7.13051e-02
-5.37683e-02
-3.53095e-02
-1.68379e-02
1.07649e-04
1.35624e-02
2.46415e-02
3.46564e-02
4.45984e-02
5.53232e-02
6.72516e-02
8.05253e-02
9.52823e-02
1.11333e-01
1.28223e-01
1.45452e-01
1.62229e-01
1.77645e-01
1.90580e-01
1.99910e-01
2.04617e-01
2.03688e-01
1.96521e-01
1.83408e-01
1.65418e-01
1.45171e-01
1.25866e-01
1.07822e-01
9.13400e-02
7.72665e-02
6.64423e-02
5.76287e-02
4.93504e-02
4.05584e-02
3.03091e-02
1.78688e-02
2.81293e-03
-1.51360e-02
-3.59726e-02
-5.93576e-02
-8.45126e-02
-1.10221e-01
-1.34967e-01
-1.59277e-01
-1.83780e-01
-2.08918e-01
-2.34825e-01
-2.61363e-01
-2.88025e-01
-3.13703e-01
-3.36994e-01
-3.56030e-01
-3.68600e-01
-3.72426e-01
-3.65383e-01
-3.46010e-01
-3.14010e-01
-2.70662e-01
-2.19754e-01
-1.65876e-01
-1.11010e-01
-6.03495e-02
-2.01395e-02
1.24970e-02
4.10005e-02
6.78893e-02
9.50404e-02
1.23742e-01
1.54748e-01
1.87981e-01
2.22947e-01
2.58783e-01
2.94134e-01
3.27423e-01
3.56857e-01
3.80904e-01
3.98235e-01
4.08213e-01
4.10965e-01
4.08597e-01
4.03547e-01
3.93403e-01
3.76168e-01
3.51009e-01
3.19388e-01
2.84006e-01
2.45239e-01
2.04723e-01
1.66812e-01
1.36104e-01
1.10360e-01
8.70344e-02
6.42067e-02
4.04249e-02
1.46882e-02
-1.34910e-02
-4.41487e-02
-7.67331e-02
-1.10456e-01
-1.43942e-01
-1.75664e-01
-2.03806e-01
-2.26486e-01
-2.41906e-01
-2.48748e-01
-2.46282e-01
-2.35020e-01
-2.16739e-01
-1.95956e-01
-1.77847e-01
-1.61510e-01
-1.45848e-01
-1.30012e-01
-1.13933e-01
-9.94817e-02
-8.90600e-02
-8.20709e-02
-7.79295e-02
-7.65326e-02
-7.78475e-02
-8.17466e-02
-8.78101e-02
-9.52851e-02
-1.02440e-01
-1.07152e-01
-1.09527e-01
-1.09737e-01
-1.07959e-01
-1.04232e-01
-9.84123e-02
-9.02690e-02
-7.97392e-02
-6.68445e-02
-5.15913e-02
-3.41634e-02
-1.52023e-02
4.34643e-03
2.28316e-02
3.86580e-02
5.23506e-02
6.45656e-02
7.55134e-02
8.51946e-02
9.33348e-02
9.94818e-02
1.02974e-01
1.03219e-01
9.99053e-02
9.30914e-02
8.33136e-02
7.23584e-02
6.23130e-02
5.31545e-02
4.47553e-02
3.70958e-02
3.04820e-02
2.53273e-02
2.11507e-02
1.76356e-02
1.46458e-02
1.22510e-02
1.05774e-02
9.81629e-03
1.00487e-02
1.12225e-02
1.29821e-02
1.45856e-02
1.50293e-02
1.41239e-02
1.16242e-02
7.42528e-03
1.43659e-03
-6.24171e-03
-1.54265e-02
-2.57825e-02
-3.68614e-02
-4.79967e-02
-5.86951e-02
-6.79739e-02
-7.46070e-02
-7.80445e-02
-7.83335e-02
-7.56664e-02
-7.05571e-02
-6.37609e-02
-5.63212e-02
-4.85880e-02
-4.05310e-02
-3.20253e-02
-2.30998e-02
-1.41134e-02
-5.81122e-03
1.37791e-03
7.62468e-03
1.30649e-02
1.83420e-02
2.40355e-02
3.05123e-02
3.81225e-02
4.70968e-02
5.73606e-02
6.86690e-02
8.06819e-02
9.28891e-02
1.04524e-01
1.14528e-01
1.21775e-01
1.25107e-01
1.23383e-01
1.15571e-01
1.01102e-01
8.01304e-02
5.38559e-02
2.47758e-02
-3.08756e-03
-2.53571e-02
-3.68041e-02
-3.29887e-02
-1.68222e-02
7.04567e-03
3.18636e-02
5.07078e-02
6.28701e-02
6.85112e-02
6.77750e-02
6.10193e-02
4.95198e-02
3.50364e-02
1.89451e-02
1.93541e-03
-1.52262e-02
-3.16321e-02
-4.60553e-02
-5.78909e-02
-6.78175e-02
-7.65722e-02
-8.47457e-02
-9.25492e-02
-9.98428e-02
-1.06315e-01
-1.11312e-01
-1.14118e-01
-1.14073e-01
-1.10432e-01
-1.02938e-01
-9.18785e-02
-7.84116e-02
-6.40407e-02
-4.88938e-02
-3.31895e-02
-1.77057e-02
-3.87609e-03
5.46678e-03
7.81705e-03
3.91829e-03
-4.71899e-03
-1.63139e-02
-2.79596e-02
-3.66557e-02
-4.20713e-02
-4.40682e-02
-4.28127e-02
-3.84567e-02
-3.11905e-02
-2.13489e-02
-9.49520e-03
3.85332e-03
1.82882e-02
3.31228e-02
4.76445e-02
6.07268e-02
7.11028e-02
7.93449e-02
8.62776e-02
9.26101e-02
9.91066e-02
1.06235e-01
1.14490e-01
1.24026e-01
1.34876e-01
1.46996e-01
1.60055e-01
1.73645e-01
1.87009e-01
1.99107e-01
2.08574e-01
2.13878e-01
2.13507e-01
2.05997e-01
1.90439e-01
1.66317e-01
1.34407e-01
9.64665e-02
5.41482e-02
9.87557e-03
-3.20326e-02
-6.73372e-02
-9.78725e-02
-1.25563e-01
-1.51738e-01
-1.77035e-01
-2.01445e-01
-2.24352e-01
-2.44652e-01
-2.60938e-01
-2.71735e-01
-2.75698e-01
-2.72109e-01
-2.61276e-01
-2.44849e-01
-2.26847e-01
-2.12027e-01
-1.99210e-01
-1.86925e-01
-1.74283e-01
-1.61485e-01
-1.49792e-01
-1.40576e-01
-1.32749e-01
-1.25256e-01
-1.17203e-01
-1.08168e-01
-9.80098e-02
-8.67576e-02
-7.45297e-02
-6.14701e-02
-4.76814e-02
-3.34160e-02
-1.89763e-02
-4.56859e-03
9.75813e-03
2.38682e-02
3.78356e-02
5.16131e-02
6.52866e-02
7.90715e-02
9.30594e-02
1.07397e-01
1.22329e-01
1.37872e-01
1.54016e-01
1.70676e-01
1.87566e-01
2.04207e-01
2.19984e-01
2.34056e-01
2.45532e-01
2.53258e-01
2.56161e-01
2.53352e-01
2.44489e-01
2.29930e-01
2.11028e-01
1.89930e-01
1.67044e-01
1.42857e-01
1.18490e-01
9.61638e-02
7.79077e-02
6.26427e-02
4.93781e-02
3.75125e-02
2.69441e-02
1.77087e-02
1.00326e-02
4.34220e-03
9.13069e-04
-2.65501e-04
4.10774e-04
1.92279e-03
2.26181e-03
-9.35056e-04
-7.05194e-03
-1.52022e-02
-2.46826e-02
-3.46791e-02
-4.46895e-02
-5.43965e-02
-6.35170e-02
-7.13210e-02
-7.73900e-02
-8.17415e-02
-8.45899e-02
-8.63741e-02
-8.75170e-02
-8.80166e-02
-8.77730e-02
-8.78327e-02
-8.87374e-02
-9.04491e-02
-9.30919e-02
-9.69480e-02
-1.02056e-01
-1.08437e-01
-1.15935e-01
-1.24171e-01
-1.32363e-01
-1.39797e-01
-1.45649e-01
-1.49265e-01
-1.49864e-01
-1.47713e-01
-1.43350e-01
-1.36595e-01
-1.27602e-01
-1.16605e-01
-1.03749e-01
-8.89820e-02
-7.26023e-02
-5.54644e-02
-3.93797e-02
-2.60967e-02
-1.48936e-02
-4.86420e-03
4.56782e-03
1.38517e-02
2.32446e-02
3.30458e-02
4.32464e-02
5.37261e-02
6.44634e-02
7.54444e-02
8.66821e-02
9.80781e-02
1.09640e-01
1.21631e-01
1.34174e-01
1.47423e-01
1.61559e-01
1.76781e-01
1.92975e-01
2.09805e-01
2.26781e-01
2.43114e-01
2.57647e-01
2.68741e-01
2.74503e-01
2.73125e-01
2.62680e-01
2.41752e-01
2.09630e-01
1.67349e-01
1.16981e-01
6.00150e-02
-5.14439e-04
-5.89213e-02
-1.09082e-01
-1.53234e-01
-1.93681e-01
-2.31872e-01
-2.68078e-01
-3.01510e-01
-3.30341e-01
-3.52131e-01
-3.64045e-01
-3.63342e-01
-3.47829e-01
-3.17081e-01
-2.72711e-01
-2.20226e-01
-1.66870e-01
-1.13228e-01
-6.06728e-02
-1.40316e-02
2.15167e-02
4.78614e-02
6.67568e-02
7.89320e-02
8.44297e-02
8.29223e-02
7.41502e-02
5.84025e-02
3.72109e-02
1.37649e-02
-5.83984e-03
-1.47940e-02
-1.47161e-02
-7.83085e-03
3.73935e-03
1.77728e-02
3.22126e-02
4.55802e-02
5.69673e-02
6.57827e-02
7.20185e-02
7.58561e-02
7.77804e-02
7.86207e-02
7.93115e-02
8.05679e-02
8.29327e-02
8.67277e-02
9.20912e-02
9.88451e-02
1.06441e-01
1.14020e-01
1.20351e-01
1.23978e-01
1.23254e-01
1.16441e-01
1.01944e-01
7.87241e-02
4.64621e-02
6.14896e-03
-3.93944e-02
-8.61612e-02
-1.28545e-01
-1.58575e-01
-1.68920e-01
-1.61052e-01
-1.38516e-01
-1.06071e-01
-7.11225e-02
-4.16179e-02
-1.75029e-02
2.13818e-03
1.78955e-02
2.93992e-02
3.60366e-02
3.90831e-02
3.95827e-02
3.80895e-02
3.49447e-02
3.03512e-02
2.44060e-02
1.74161e-02
1.01546e-02
4.10907e-03
1.06918e-03
7.11329e-04
2.30982e-03
5.19890e-03
8.85236e-03
1.27915e-02
1.65175e-02
1.97646e-02
2.23765e-02
2.42638e-02
2.53769e-02
2.58366e-02
2.58090e-02
2.53609e-02
2.46496e-02
2.38983e-02
2.32510e-02
2.28329e-02
2.27573e-02
2.31610e-02
2.39556e-02
2.50873e-02
2.65569e-02
2.82011e-02
2.97067e-02
3.08201e-02
3.12294e-02
3.06830e-02
2.89644e-02
2.58506e-02
2.10717e-02
1.44751e-02
6.23417e-03
-3.42234e-03
-1.41166e-02
-2.52961e-02
-3.60451e-02
-4.53447e-02
-5.35992e-02
-6.13211e-02
-6.88352e-02
-7.64207e-02
-8.40773e-02
-9.16392e-02
-9.88102e-02
-1.05062e-01
-1.09866e-01
-1.12610e-01
-1.12762e-01
-1.10079e-01
-1.04561e-01
-9.68593e-02
-8.78986e-02
-7.75904e-02
-6.56087e-02
-5.18341e-02
-3.66793e-02
-2.10918e-02
-6.75633e-03
4.41467e-03
1.27521e-02
1.89137e-02
2.32266e-02
2.60756e-02
2.78988e-02
2.92612e-02
3.09039e-02
3.41301e-02
3.99636e-02
4.77741e-02
5.70453e-02
6.66855e-02
7.54417e-02
8.27292e-02
8.81193e-02
9.12321e-02
9.17339e-02
8.96044e-02
8.51659e-02
7.92378e-02
7.27519e-02
6.58642e-02
5.85271e-02
5.07530e-02
4.28807e-02
3.53915e-02
2.88265e-02
2.32928e-02
1.83816e-02
1.35612e-02
8.59271e-03
3.32609e-03
-2.39483e-03
-8.60751e-03
-1.51727e-02
-2.19052e-02
-2.85820e-02
-3.49362e-02
-4.07519e-02
-4.57475e-02
-4.97083e-02
-5.25932e-02
-5.42852e-02
-5.50590e-02
-5.58699e-02
-5.67671e-02
-5.77132e-02
-5.82339e-02
-5.81270e-02
-5.72915e-02
-5.55690e-02
-5.26979e-02
-4.85149e-02
-4.28681e-02
-3.57379e-02
-2.71433e-02
-1.71497e-02
-6.06415e-03
5.51132e-03
1.69728e-02
2.80113e-02
3.80659e-02
4.71697e-02
5.51374e-02
6.17789e-02
6.66050e-02
6.90545e-02
6.87458e-02
6.52706e-02
5.84777e-02
4.86365e-02
3.70207e-02
2.51947e-02
1.34717e-02
2.26680e-03
-7.59575e-03
-1.53467e-02
-2.16365e-02
-2.70086e-02
-3.17929e-02
-3.60554e-02
-3.96921e-02
-4.22976e-02
-4.36387e-02
-4.34428e-02
-4.15546e-02
-3.80795e-02
-3.35683e-02
-2.88582e-02
-2.39567e-02
-1.88536e-02
-1.35096e-02
-7.88020e-03
-2.05996e-03
3.76181e-03
9.16707e-03
1.37713e-02
1.75622e-02
2.05933e-02
2.33794e-02
2.64252e-02
2.98107e-02
3.35306e-02
3.73980e-02
4.06915e-02
4.25037e-02
4.25844e-02
4.04088e-02
3.57099e-02
2.89341e-02
2.08947e-02
1.18273e-02
2.02092e-03
-7.96357e-03
-1.72169e-02
-2.48265e-02
-3.10836e-02
-3.63253e-02
-4.06414e-02
-4.39690e-02
-4.61361e-02
-4.69733e-02
-4.62672e-02
-4.39109e-02
-4.00316e-02
-3.52612e-02
-3.02928e-02
-2.50413e-02
-1.93472e-02
-1.30584e-02
-6.08560e-03
1.22800e-03
8.45930e-03
1.48960e-02
2.00239e-02
2.37660e-02
2.61180e-02
2.77347e-02
2.92509e-02
3.11928e-02
3.41784e-02
3.85060e-02
4.46172e-02
5.22646e-02
6.07295e-02
6.94387e-02
7.80733e-02
8.60961e-02
9.25084e-02
9.68203e-02
9.86032e-02
9.75243e-02
9.35763e-02
8.68475e-02
7.77664e-02
6.72234e-02
5.58071e-02
4.39380e-02
3.22598e-02
2.17712e-02
1.35212e-02
6.90390e-03
1.15446e-03
-4.28229e-03
-9.90858e-03
-1.59511e-02
-2.25776e-02
-2.99822e-02
-3.81841e-02
-4.72429e-02
-5.69813e-02
-6.70608e-02
-7.72489e-02
-8.71800e-02
-9.64317e-02
-1.04519e-01
-1.11023e-01
-1.15448e-01
-1.17372e-01
-1.16608e-01
-1.13230e-01
-1.07883e-01
-1.01532e-01
-9.46665e-02
-8.71488e-02
-7.87461e-02
-6.94028e-02
-5.96871e-02
-5.04486e-02
-4.28654e-02
-3.80076e-02
-3.55182e-02
-3.49577e-02
-3.56447e-02
-3.69348e-02
-3.79441e-02
-3.76715e-02
-3.57604e-02
-3.15465e-02
-2.48815e-02
-1.63878e-02
-6.46254e-03
4.36856e-03
1.52851e-02
2.55655e-02
3.46124e-02
4.21325e-02
4.80033e-02
5.20639e-02
5.43133e-02
5.47481e-02
5.33405e-02
5.04005e-02
4.65509e-02
4.26979e-02
3.99930e-02
3.86386e-02
3.85101e-02
3.94371e-02
4.11738e-02
4.35142e-02
4.61927e-02
4.89484e-02
5.15274e-02
5.36290e-02
5.49747e-02
5.55562e-02
5.53434e-02
5.43829e-02
5.28956e-02
5.11384e-02
4.92297e-02
4.72030e-02
4.49559e-02
4.25230e-02
3.98678e-02
3.68945e-02
3.35629e-02
2.98768e-02
2.58790e-02
2.16674e-02
1.73426e-02
1.31503e-02
9.25517e-03
5.48711e-03
1.84808e-03
-1.40906e-03
-4.40937e-03
-7.37107e-03
-1.01385e-02
-1.29449e-02
-1.59357e-02
-1.91278e-02
-2.23754e-02
-2.57853e-02
-2.95184e-02
-3.34150e-02
-3.71501e-02
-4.03572e-02
-4.27406e-02
-4.41414e-02
-4.46771e-02
-4.44116e-02
-4.32705e-02
-4.08758e-02
-3.71744e-02
-3.21829e-02
-2.58806e-02
-1.82900e-02
-9.59509e-03
-6.70439e-05
9.68571e-03
1.89919e-02
2.70841e-02
3.28483e-02
3.60982e-02
3.67249e-02
3.46116e-02
2.97883e-02
2.25144e-02
1.34644e-02
3.72464e-03
-6.24240e-03
-1.61254e-02
-2.55553e-02
-3.38885e-02
-4.06281e-02
-4.62748e-02
-5.11328e-02
-5.53803e-02
-5.89759e-02
-6.15888e-02
-6.29008e-02
-6.26622e-02
-6.04514e-02
-5.61370e-02
-4.98583e-02
-4.21742e-02
-3.39820e-02
-2.52209e-02
-1.56302e-02
-5.27366e-03
5.36178e-03
1.54281e-02
2.41935e-02
3.21635e-02
3.98854e-02
4.76234e-02
5.55077e-02
6.34072e-02
7.10708e-02
7.80589e-02
8.40134e-02
8.83552e-02
9.06073e-02
9.03342e-02
8.74576e-02
8.21728e-02
7.54350e-02
6.84267e-02
6.09512e-02
5.28590e-02
4.42595e-02
3.54940e-02
2.74848e-02
2.10583e-02
1.56323e-02
1.06405e-02
5.61506e-03
2.71251e-04
-5.64967e-03
-1.23157e-02
-1.96718e-02
-2.76738e-02
-3.60364e-02
-4.44139e-02
-5.24475e-02
-5.96608e-02
-6.56008e-02
-6.97548e-02
-7.17791e-02
-7.14833e-02
-6.88197e-02
-6.41800e-02
-5.84087e-02
-5.27741e-02
-4.72900e-02
-4.16184e-02
-3.57727e-02
-2.99767e-02
-2.45121e-02
-1.98496e-02
-1.65034e-02
-1.47576e-02
-1.44855e-02
-1.55169e-02
-1.73921e-02
-1.93442e-02
-2.12513e-02
-2.31809e-02
-2.51013e-02
-2.69747e-02
-2.87564e-02
-3.04390e-02
-3.19553e-02
-3.32673e-02
-3.42358e-02
-3.47990e-02
-3.49093e-02
-3.45185e-02
-3.34810e-02
-3.18375e-02
-2.95186e-02
-2.63884e-02
-2.22281e-02
-1.68700e-02
-1.01060e-02
-2.02831e-03
7.23563e-03
1.74039e-02
2.78327e-02
3.77024e-02
4.65070e-02
5.46799e-02
6.27142e-02
7.08707e-02
7.92934e-02
8.78140e-02
9.61970e-02
1.03960e-01
1.10557e-01
1.15223e-01
1.17169e-01
1.15788e-01
1.10570e-01
1.01366e-01
8.86028e-02
7.37150e-02
5.86720e-02
4.40923e-02
3.10409e-02
2.06765e-02
1.21686e-02
4.60858e-03
-2.67759e-03
-1.01455e-02
-1.78470e-02
-2.57043e-02
-3.35311e-02
-4.08938e-02
-4.71683e-02
-5.18555e-02
-5.45131e-02
-5.48445e-02
-5.28365e-02
-4.89464e-02
-4.43477e-02
-4.05285e-02
-3.76000e-02
-3.55547e-02
-3.41969e-02
-3.35400e-02
-3.35425e-02
-3.41943e-02
-3.54549e-02
-3.74747e-02
-4.06180e-02
-4.39957e-02
-4.72015e-02
-4.98387e-02
-5.17027e-02
-5.27614e-02
-5.28960e-02
-5.19368e-02
-4.98983e-02
-4.67632e-02
-4.25969e-02
-3.73908e-02
-3.11381e-02
-2.39304e-02
-1.58312e-02
-7.07516e-03
1.80244e-03
1.03941e-02
1.83993e-02
2.55136e-02
3.20180e-02
3.81924e-02
4.41149e-02
4.95385e-02
5.43042e-02
5.82306e-02
6.11037e-02
6.27573e-02
6.30067e-02
6.17581e-02
5.93029e-02
5.63574e-02
5.38490e-02
5.15912e-02
4.91788e-02
4.63326e-02
4.28143e-02
3.84045e-02
3.32193e-02
2.74302e-02
2.12740e-02
1.51885e-02
9.66202e-03
4.42900e-03
-7.50369e-04
-5.90430e-03
-1.10101e-02
-1.60508e-02
-2.09084e-02
-2.53122e-02
-2.90598e-02
-3.19610e-02
-3.38146e-02
-3.45448e-02
-3.41136e-02
-3.28292e-02
-3.12301e-02
-2.97335e-02
-2.85165e-02
-2.75414e-02
-2.67407e-02
-2.60892e-02
-2.55684e-02
-2.49952e-02
-2.42903e-02
-2.33845e-02
-2.23462e-02
-2.11755e-02
-1.97776e-02
-1.82530e-02
-1.66848e-02
-1.53201e-02
-1.43770e-02
-1.39739e-02
-1.42407e-02
-1.52169e-02
-1.69132e-02
-1.92175e-02
-2.19149e-02
-2.48509e-02
-2.77038e-02
-3.02071e-02
-3.19809e-02
-3.28084e-02
-3.25543e-02
-3.10223e-02
-2.83904e-02
-2.47897e-02
-2.00911e-02
-1.43834e-02
-7.74771e-03
-3.87167e-04
7.45987e-03
1.54063e-02
2.25222e-02
2.85022e-02
3.28317e-02
3.50726e-02
3.51601e-02
3.34411e-02
3.04701e-02
2.70741e-02
2.40657e-02
2.16453e-02
1.98011e-02
1.86162e-02
1.82016e-02
1.85735e-02
1.97198e-02
2.16082e-02
2.42511e-02
2.75412e-02
3.12955e-02
3.54514e-02
3.99485e-02
4.46681e-02
4.94227e-02
5.40770e-02
5.84938e-02
6.22548e-02
6.50532e-02
6.67659e-02
6.73085e-02
6.67553e-02
6.50070e-02
6.22017e-02
5.82542e-02
5.30727e-02
4.65942e-02
3.87670e-02
2.97489e-02
1.99770e-02
1.00792e-02
8.79862e-04
-6.90085e-03
-1.37075e-02
-2.00610e-02
-2.62809e-02
-3.25661e-02
-3.90354e-02
-4.56582e-02
-5.23123e-02
-5.86333e-02
-6.43504e-02
-6.91191e-02
-7.26403e-02
-7.47367e-02
-7.53684e-02
-7.47559e-02
-7.34440e-02
-7.21747e-02
-7.10356e-02
-6.98387e-02
-6.83605e-02
-6.62431e-02
-6.30057e-02
-5.83859e-02
-5.21919e-02
-4.43965e-02
-3.52228e-02
-2.50377e-02
-1.44694e-02
-4.17879e-03
5.41549e-03
1.41158e-02
2.20427e-02
2.92157e-02
3.55163e-02
4.07135e-02
4.45272e-02
4.67293e-02
4.71139e-02
4.56450e-02
4.25590e-02
3.85493e-02
3.46066e-02
3.09045e-02
2.74117e-02
2.41483e-02
2.08815e-02
1.75847e-02
1.43709e-02
1.12741e-02
8.42531e-03
5.91782e-03
3.48090e-03
9.27600e-04
-1.70160e-03
-4.49110e-03
-7.83559e-03
-1.13893e-02
-1.47508e-02
-1.79560e-02
-2.08736e-02
-2.33628e-02
-2.53456e-02
-2.68472e-02
-2.76830e-02
-2.77688e-02
-2.74144e-02
-2.65614e-02
-2.51486e-02
-2.33619e-02
-2.14964e-02
-1.95959e-02
-1.77859e-02
-1.61986e-02
-1.49647e-02
-1.43045e-02
-1.42809e-02
-1.47468e-02
-1.56057e-02
-1.66382e-02
-1.76612e-02
-1.84646e-02
-1.89738e-02
-1.91218e-02
-1.87530e-02
-1.77555e-02
-1.59611e-02
-1.33960e-02
-1.00812e-02
-5.89116e-03
-8.96536e-04
4.83070e-03
1.10680e-02
1.77185e-02
2.46617e-02
3.16134e-02
3.82154e-02
4.44957e-02
5.04223e-02
5.57980e-02
6.05397e-02
6.45628e-02
6.76400e-02
6.95569e-02
7.02773e-02
6.97039e-02
6.78761e-02
6.51663e-02
6.20917e-02
5.87388e-02
5.50419e-02
5.08557e-02
4.59618e-02
4.03936e-02
3.44220e-02
2.83044e-02
2.24568e-02
1.73575e-02
1.27581e-02
8.45300e-03
4.44578e-03
7.39280e-04
-2.55807e-03
-5.38401e-03
-7.79541e-03
-9.71696e-03
-1.11333e-02
-1.21433e-02
-1.31282e-02
-1.45131e-02
-1.60769e-02
-1.77514e-02
-1.97052e-02
-2.20282e-02
-2.46532e-02
-2.75570e-02
-3.09140e-02
-3.44426e-02
-3.79382e-02
-4.14039e-02
-4.48099e-02
-4.80926e-02
-5.11669e-02
-5.41272e-02
-5.67964e-02
-5.91403e-02
-6.10319e-02
-6.22604e-02
-6.27103e-02
-6.23395e-02
-6.11846e-02
-5.90542e-02
-5.57868e-02
-5.12979e-02
-4.53404e-02
-3.78935e-02
-2.89440e-02
-1.85751e-02
-7.29504e-03
4.15480e-03
1.48600e-02
2.42871e-02
3.26549e-02
4.01207e-02
4.67729e-02
5.24418e-02
5.69126e-02
5.99469e-02
6.12032e-02
6.04213e-02
5.76805e-02
5.32500e-02
4.79463e-02
4.28253e-02
3.77862e-02
3.25817e-02
2.69816e-02
2.09437e-02
1.46897e-02
8.61102e-03
3.04205e-03
-2.01848e-03
-6.89717e-03
-1.17985e-02
-1.68113e-02
-2.18316e-02
-2.68233e-02
-3.16099e-02
-3.57810e-02
-3.91051e-02
-4.14244e-02
-4.25373e-02
-4.24576e-02
-4.14427e-02
-3.99478e-02
-3.80497e-02
-3.57737e-02
-3.29651e-02
-2.95956e-02
-2.55761e-02
-2.08934e-02
-1.56650e-02
-1.00799e-02
-4.59722e-03
3.30641e-04
4.89961e-03
9.43606e-03
1.41054e-02
1.84446e-02
2.25834e-02
2.61848e-02
2.88687e-02
3.09392e-02
3.24873e-02
3.36248e-02
3.45606e-02
3.51173e-02
3.49906e-02
3.39129e-02
3.19935e-02
2.93296e-02
2.60170e-02
2.20931e-02
1.75379e-02
1.23601e-02
6.73447e-03
8.98548e-04
-4.84865e-03
-1.00813e-02
-1.44440e-02
-1.80610e-02
-2.09758e-02
-2.31647e-02
-2.45902e-02
-2.53683e-02
-2.56056e-02
-2.54850e-02
-2.52170e-02
-2.47660e-02
-2.42518e-02
-2.36434e-02
-2.28782e-02
-2.18545e-02
-2.03613e-02
-1.83441e-02
-1.57060e-02
-1.23674e-02
-8.32236e-03
-3.62554e-03
1.56069e-03
7.01921e-03
1.26463e-02
1.83358e-02
2.37335e-02
2.85902e-02
3.28040e-02
3.61604e-02
3.85462e-02
3.99682e-02
4.04739e-02
4.02309e-02
3.95066e-02
3.87776e-02
3.81501e-02
3.76030e-02
3.70411e-02
3.64367e-02
3.57993e-02
3.50293e-02
3.40482e-02
3.28603e-02
3.14543e-02
2.96613e-02
2.75290e-02
2.50586e-02
2.22324e-02
1.90365e-02
1.56477e-02
1.21470e-02
8.38887e-03
4.28000e-03
5.80096e-05
-4.27685e-03
-8.68497e-03
-1.30454e-02
-1.71245e-02
-2.06639e-02
-2.36561e-02
-2.60670e-02
-2.79599e-02
-2.93937e-02
-3.03857e-02
-3.10430e-02
-3.10851e-02
-3.08423e-02
-3.05566e-02
-3.04600e-02
-3.06368e-02
-3.09081e-02
-3.12467e-02
-3.17321e-02
-3.23797e-02
-3.32040e-02
-3.41680e-02
-3.52168e-02
-3.62437e-02
-3.70677e-02
-3.76054e-02
-3.76527e-02
-3.72326e-02
-3.64008e-02
-3.50560e-02
-3.31780e-02
-3.08108e-02
-2.80742e-02
-2.50266e-02
-2.16974e-02
-1.81991e-02
-1.46890e-02
-1.12333e-02
-7.91152e-03
-4.69175e-03
-1.74109e-03
8.20820e-04
3.26897e-03
5.67020e-03
8.29815e-03
1.11729e-02
1.43922e-02
1.76119e-02
2.05399e-02
2.31721e-02
2.53762e-02
2.69330e-02
2.78688e-02
2.81706e-02
2.78376e-02
2.70565e-02
2.61165e-02
2.51210e-02
2.41144e-02
2.31080e-02
2.21309e-02
2.11565e-02
2.01176e-02
1.89939e-02
1.77237e-02
1.63115e-02
1.48370e-02
1.33917e-02
1.20518e-02
1.08853e-02
9.94544e-03
9.12731e-03
8.52559e-03
8.33065e-03
8.51103e-03
9.14841e-03
1.02687e-02
1.17711e-02
1.35340e-02
1.52933e-02
1.69194e-02
1.83188e-02
1.93198e-02
1.97221e-02
1.94433e-02
1.85352e-02
1.69252e-02
1.46515e-02
1.16983e-02
8.07262e-03
3.98041e-03
-3.21114e-04
-4.78491e-03
-9.22669e-03
-1.34082e-02
-1.73062e-02
-2.07945e-02
-2.36218e-02
-2.56662e-02
-2.69911e-02
-2.75989e-02
-2.77695e-02
-2.77043e-02
-2.74807e-02
-2.71725e-02
-2.65421e-02
-2.57145e-02
-2.47524e-02
-2.36496e-02
-2.23624e-02
-2.09718e-02
-1.94803e-02
-1.80164e-02
-1.65737e-02
-1.51676e-02
-1.38562e-02
-1.25899e-02
-1.13277e-02
-1.00019e-02
-8.58549e-03
-7.20269e-03
-5.85107e-03
-4.44964e-03
-3.11447e-03
-1.81723e-03
-5.51325e-04
6.89876e-04
1.74625e-03
2.40426e-03
2.78905e-03
2.88351e-03
2.68881e-03
2.28222e-03
1.81654e-03
1.45144e-03
1.16773e-03
8.47694e-04
6.91972e-04
7.91105e-04
1.15228e-03
1.91274e-03
3.07194e-03
4.53079e-03
6.33102e-03
8.29155e-03
1.03818e-02
1.25418e-02
1.46098e-02
1.63227e-02
1.76506e-02
1.84705e-02
1.86551e-02
1.81653e-02
1.70685e-02
1.55370e-02
1.35985e-02
1.14717e-02
9.29151e-03
7.15531e-03
5.05225e-03
3.18014e-03
1.78185e-03
8.54239e-04
3.77890e-04
3.21968e-04
8.29680e-04
2.32633e-03
4.45691e-03
7.11996e-03
1.03285e-02
1.39460e-02
1.78923e-02
2.22069e-02
2.67680e-02
3.13673e-02
3.58447e-02
3.99395e-02
4.32181e-02
4.54915e-02
4.66643e-02
4.65596e-02
4.54852e-02
4.32731e-02
3.98884e-02
3.54173e-02
2.99339e-02
2.34887e-02
1.61756e-02
8.22370e-03
5.34006e-05
-7.63912e-03
-1.41358e-02
-1.97513e-02
-2.48951e-02
-2.99685e-02
-3.51323e-02
-4.03457e-02
-4.54253e-02
-5.02025e-02
-5.45977e-02
-5.82799e-02
-6.08821e-02
-6.20818e-02
-6.18028e-02
-6.03331e-02
-5.80927e-02
-5.56529e-02
-5.29202e-02
-4.96789e-02
-4.58762e-02
-4.15628e-02
-3.67461e-02
-3.15297e-02
-2.61632e-02
-2.11447e-02
-1.66418e-02
-1.30330e-02
-1.04960e-02
-8.75067e-03
-7.67481e-03
-7.15979e-03
-6.79062e-03
-6.06013e-03
-5.16301e-03
-4.17420e-03
-3.19291e-03
-2.27976e-03
-1.35029e-03
-3.87948e-04
5.65759e-04
1.52504e-03
2.60705e-03
3.79082e-03
5.12816e-03
6.68620e-03
8.60081e-03
1.09917e-02
1.39836e-02
1.75799e-02
2.18406e-02
2.66423e-02
3.18896e-02
3.74350e-02
4.30686e-02
4.84626e-02
5.33856e-02
5.73961e-02
6.03392e-02
6.21807e-02
6.27329e-02
6.18335e-02
5.93713e-02
5.54433e-02
5.04930e-02
4.50462e-02
3.91831e-02
3.28153e-02
2.61622e-02
1.95297e-02
1.35109e-02
8.44714e-03
3.91651e-03
-4.24373e-04
-4.82517e-03
-9.23893e-03
-1.36956e-02
-1.80924e-02
-2.21905e-02
-2.58028e-02
-2.86213e-02
-3.05117e-02
-3.13639e-02
-3.10263e-02
-2.97083e-02
-2.78778e-02
-2.61838e-02
-2.46125e-02
-2.30999e-02
-2.16883e-02
-2.03776e-02
-1.91262e-02
-1.79548e-02
-1.69559e-02
-1.61836e-02
-1.55674e-02
-1.49199e-02
-1.41077e-02
-1.30953e-02
-1.17314e-02
-1.00514e-02
-8.22219e-03
-6.34360e-03
-4.37821e-03
-2.45883e-03
-6.70309e-04
1.00670e-03
2.39025e-03
3.21851e-03
3.34990e-03
2.76835e-03
1.52355e-03
-1.96103e-04
-2.16264e-03
-4.33467e-03
-6.47611e-03
-8.57239e-03
-1.05412e-02
-1.21966e-02
-1.33959e-02
-1.41426e-02
-1.44571e-02
-1.43135e-02
-1.37712e-02
-1.28150e-02
-1.15364e-02
-1.01529e-02
-8.66842e-03
-7.01729e-03
-5.38219e-03
-3.71600e-03
-1.99223e-03
-2.50909e-04
1.37426e-03
2.92582e-03
4.22865e-03
5.25380e-03
6.09343e-03
6.69130e-03
7.06271e-03
7.28151e-03
7.37365e-03
7.20210e-03
6.85703e-03
6.41774e-03
5.99550e-03
5.54171e-03
4.88396e-03
4.05479e-03
3.06297e-03
1.96982e-03
7.78236e-04
-4.16816e-04
-1.51539e-03
-2.53204e-03
-3.26585e-03
-3.65772e-03
-3.61735e-03
-3.07826e-03
-1.96445e-03
-3.59681e-04
1.64304e-03
3.98156e-03
6.52695e-03
9.13894e-03
1.16111e-02
1.38594e-02
1.57562e-02
1.72825e-02
1.83589e-02
1.89011e-02
1.89725e-02
1.86235e-02
1.79208e-02
1.70184e-02
1.61021e-02
1.51953e-02
1.42758e-02
1.33657e-02
1.25776e-02
1.18765e-02
1.12659e-02
1.08164e-02
1.04999e-02
1.02073e-02
9.88071e-03
9.45167e-03
8.90476e-03
8.20872e-03
7.38794e-03
6.44573e-03
5.45806e-03
4.41590e-03
3.15738e-03
1.74613e-03
2.30459e-04
-1.29371e-03
-2.65805e-03
-3.77152e-03
-4.66359e-03
-5.53200e-03
-6.32744e-03
-6.88491e-03
-7.34595e-03
-7.82981e-03
-8.35310e-03
-8.93427e-03
-9.68621e-03
-1.06348e-02
-1.17341e-02
-1.30530e-02
-1.45181e-02
-1.60246e-02
-1.74486e-02
-1.88340e-02
-2.00685e-02
-2.10452e-02
-2.17459e-02
-2.21650e-02
-2.20570e-02
-2.12269e-02
-1.97378e-02
-1.77036e-02
-1.51165e-02
-1.20643e-02
-8.52186e-03
-4.58171e-03
-4.72235e-04
3.69388e-03
7.83632e-03
1.15990e-02
1.46473e-02
1.69668e-02
1.84720e-02
1.91175e-02
1.90194e-02
1.84433e-02
1.76813e-02
1.69212e-02
1.62454e-02
1.57324e-02
1.53513e-02
1.50878e-02
1.50159e-02
1.52097e-02
1.55526e-02
1.59360e-02
1.61291e-02
1.59560e-02
1.53284e-02
1.40870e-02
1.22075e-02
9.54008e-03
6.06286e-03
1.84756e-03
-2.89073e-03
-7.96006e-03
-1.31931e-02
-1.82689e-02
-2.27583e-02
-2.67086e-02
-3.02566e-02
-3.34592e-02
-3.63012e-02
-3.87066e-02
-4.03732e-02
-4.11948e-02
-4.11453e-02
-4.02192e-02
-3.86678e-02
-3.67956e-02
-3.44622e-02
-3.17654e-02
-2.87565e-02
-2.53726e-02
-2.16244e-02
-1.76783e-02
-1.37015e-02
-9.91184e-03
-6.36661e-03
-3.15783e-03
-1.40828e-04
2.75606e-03
5.66837e-03
8.67558e-03
1.17038e-02
1.46665e-02
1.74122e-02
1.99151e-02
2.21381e-02
2.39384e-02
2.53437e-02
2.62135e-02
2.63929e-02
2.58985e-02
2.48645e-02
2.34001e-02
2.16772e-02
1.98245e-02
1.79066e-02
1.59838e-02
1.41010e-02
1.22880e-02
1.05263e-02
8.88534e-03
7.55561e-03
6.35541e-03
5.37692e-03
4.86018e-03
4.68811e-03
4.70848e-03
4.98096e-03
5.55709e-03
6.42069e-03
7.49020e-03
8.72121e-03
1.00465e-02
1.13970e-02
1.28037e-02
1.42235e-02
1.55271e-02
1.65499e-02
1.71429e-02
1.72320e-02
1.68462e-02
1.61222e-02
1.50911e-02
1.38409e-02
1.24342e-02
1.10377e-02
9.78378e-03
8.70732e-03
7.81105e-03
7.22154e-03
6.90510e-03
6.87383e-03
7.02455e-03
7.17995e-03
7.19600e-03
6.92956e-03
6.30475e-03
5.31318e-03
3.89218e-03
1.92327e-03
-5.91223e-04
-3.48980e-03
-6.69356e-03
-1.00789e-02
-1.34526e-02
-1.65125e-02
-1.91468e-02
-2.11450e-02
-2.24244e-02
-2.32190e-02
-2.36595e-02
-2.35658e-02
-2.28341e-02
-2.14527e-02
-1.94349e-02
-1.69961e-02
-1.42767e-02
-1.14117e-02
-8.54789e-03
-5.79496e-03
-3.43193e-03
-1.76825e-03
-8.72152e-04
-8.13861e-04
-1.67635e-03
-3.52179e-03
-6.06131e-03
-9.06874e-03
-1.24473e-02
-1.59913e-02
-1.95349e-02
-2.28377e-02
-2.55925e-02
-2.78730e-02
-2.95660e-02
-3.04508e-02
-3.04167e-02
-2.94077e-02
-2.75080e-02
-2.50582e-02
-2.21767e-02
-1.87817e-02
-1.49375e-02
-1.06816e-02
-6.04455e-03
-1.24353e-03
3.49423e-03
7.96436e-03
1.17888e-02
1.47198e-02
1.68458e-02
1.81900e-02
1.88195e-02
1.87940e-02
1.81130e-02
1.69167e-02
1.55914e-02
1.46747e-02
1.44312e-02
1.46932e-02
1.54018e-02
1.65221e-02
1.79490e-02
1.96442e-02
2.14244e-02
2.31914e-02
2.47476e-02
2.60365e-02
2.68843e-02
2.72009e-02
2.68673e-02
2.60168e-02
2.46354e-02
2.27525e-02
2.03489e-02
1.74362e-02
1.39955e-02
1.01095e-02
6.00334e-03
1.89502e-03
-2.10479e-03
-5.87131e-03
-9.22699e-03
-1.18316e-02
-1.36750e-02
-1.47578e-02
-1.51133e-02
-1.49224e-02
-1.43486e-02
-1.36342e-02
-1.28711e-02
-1.19013e-02
-1.08737e-02
-9.96098e-03
-9.24775e-03
-8.70715e-03
-8.34641e-03
-8.22041e-03
-8.26686e-03
-8.38677e-03
-8.58541e-03
-8.77798e-03
-8.74232e-03
-8.45210e-03
-7.88957e-03
-7.05039e-03
-5.78904e-03
-4.15083e-03
-2.29247e-03
-2.91306e-04
1.80774e-03
3.91018e-03
5.89937e-03
7.80301e-03
9.52674e-03
1.08466e-02
1.16970e-02
1.19409e-02
1.16036e-02
1.06299e-02
9.06862e-03
7.19099e-03
5.03100e-03
2.61570e-03
-3.62727e-06
-2.85467e-03
-5.83176e-03
-8.73758e-03
-1.15404e-02
-1.41067e-02
-1.61081e-02
-1.73795e-02
-1.81396e-02
-1.84699e-02
-1.83869e-02
-1.80023e-02
-1.74035e-02
-1.66404e-02
-1.57744e-02
-1.47402e-02
-1.35206e-02
-1.19458e-02
-1.01327e-02
-8.08035e-03
-5.76580e-03
-3.25489e-03
-7.02110e-04
1.72999e-03
3.91527e-03
5.77744e-03
7.53319e-03
8.99633e-03
1.00531e-02
1.09415e-02
1.18322e-02
1.25739e-02
1.31620e-02
1.35914e-02
1.39107e-02
1.42151e-02
1.45314e-02
1.47788e-02
1.48770e-02
1.48109e-02
1.44642e-02
1.38014e-02
1.28185e-02
1.15629e-02
1.00274e-02
8.13032e-03
5.88684e-03
3.43363e-03
8.67135e-04
-1.60332e-03
-3.83804e-03
-5.73049e-03
-7.21619e-03
-8.17765e-03
-8.65632e-03
-8.73903e-03
-8.43191e-03
-7.63707e-03
-6.53393e-03
-5.29825e-03
-4.03646e-03
-2.76283e-03
-1.62597e-03
-7.19237e-04
-2.62786e-05
4.42285e-04
6.84717e-04
7.37923e-04
6.20024e-04
4.35161e-04
3.39370e-04
4.06499e-04
6.82347e-04
1.19091e-03
1.98188e-03
3.02155e-03
4.38072e-03
6.12891e-03
8.17519e-03
1.04868e-02
1.31215e-02
1.58716e-02
1.86387e-02
2.14270e-02
2.40165e-02
2.62898e-02
2.81287e-02
2.94179e-02
3.00885e-02
3.00244e-02
2.92323e-02
2.76226e-02
2.53661e-02
2.25584e-02
1.93119e-02
1.57103e-02
1.19106e-02
8.11333e-03
4.46483e-03
1.10673e-03
-1.75625e-03
-4.25021e-03
-6.62599e-03
-9.06777e-03
-1.16152e-02
-1.43383e-02
-1.71712e-02
-2.01260e-02
-2.31749e-02
-2.61610e-02
-2.90270e-02
-3.17028e-02
-3.40262e-02
-3.59364e-02
-3.73200e-02
-3.82438e-02
-3.88633e-02
-3.92935e-02
-3.94991e-02
-3.94234e-02
-3.91620e-02
-3.86969e-02
-3.80251e-02
-3.69913e-02
-3.55957e-02
-3.39717e-02
-3.20726e-02
-2.99027e-02
-2.74355e-02
-2.47040e-02
-2.18658e-02
-1.88842e-02
-1.57997e-02
-1.27034e-02
-9.54462e-03
-6.36950e-03
-3.24096e-03
-1.07125e-04
3.11823e-03
6.27200e-03
9.27657e-03
1.20908e-02
1.49183e-02
1.78066e-02
2.04937e-02
2.28300e-02
2.47171e-02
2.62217e-02
2.74533e-02
2.83009e-02
2.86908e-02
2.88988e-02
2.89165e-02
2.86571e-02
2.82818e-02
2.77477e-02
2.71621e-02
2.65360e-02
2.58415e-02
2.51487e-02
2.44322e-02
2.37086e-02
2.29541e-02
2.20124e-02
2.08700e-02
1.95754e-02
1.81345e-02
1.64968e-02
1.48110e-02
1.30759e-02
1.12970e-02
9.63816e-03
8.10545e-03
6.69375e-03
5.27112e-03
3.94221e-03
2.81861e-03
1.76250e-03
7.50069e-04
-1.62597e-04
-1.06932e-03
-1.92846e-03
-2.67771e-03
-3.29329e-03
-3.83113e-03
-4.32746e-03
-4.76197e-03
-5.09090e-03
-5.34427e-03
-5.52963e-03
-5.60486e-03
-5.58222e-03
-5.52831e-03
-5.40281e-03
-5.26474e-03
-5.13918e-03
-5.14554e-03
-5.21068e-03
-5.38121e-03
-5.69635e-03
-6.10881e-03
-6.64976e-03
-7.32789e-03
-8.15111e-03
-9.01714e-03
-9.88059e-03
-1.07208e-02
-1.15826e-02
-1.23915e-02
-1.30785e-02
-1.36615e-02
-1.42289e-02
-1.47308e-02
-1.52402e-02
-1.57371e-02
-1.62276e-02
-1.66478e-02
-1.69314e-02
-1.70615e-02
-1.69720e-02
-1.66212e-02
-1.60295e-02
-1.50644e-02
-1.36092e-02
-1.15919e-02
-9.03514e-03
-6.02224e-03
-2.58667e-03
1.07111e-03
4.67335e-03
7.98884e-03
1.07756e-02
1.30429e-02
1.47988e-02
1.60374e-02
1.69056e-02
1.74391e-02
1.77884e-02
1.76775e-02
1.71703e-02
1.63763e-02
1.53031e-02
1.38796e-02
1.20452e-02
9.85211e-03
7.21661e-03
4.20933e-03
9.43611e-04
-2.44179e-03
-5.71180e-03
-8.64457e-03
-1.11347e-02
-1.30314e-02
-1.42045e-02
-1.44901e-02
-1.40534e-02
-1.30549e-02
-1.15214e-02
-9.57380e-03
-7.23910e-03
-4.64953e-03
-1.96423e-03
6.96155e-04
3.21717e-03
5.50834e-03
7.29013e-03
8.37485e-03
8.72919e-03
8.37978e-03
7.54399e-03
6.20950e-03
4.46088e-03
2.62509e-03
9.73937e-04
-4.73787e-04
-1.59996e-03
-2.31191e-03
-2.59625e-03
-2.51556e-03
-2.10265e-03
-1.36335e-03
-3.73066e-04
7.24222e-04
1.77782e-03
2.57953e-03
3.12496e-03
3.41398e-03
3.42892e-03
3.11661e-03
2.44434e-03
1.47254e-03
2.03516e-04
-1.24134e-03
-2.80038e-03
-4.36486e-03
-5.78306e-03
-6.95882e-03
-7.76312e-03
-8.09077e-03
-7.87701e-03
-7.07161e-03
-5.69258e-03
-3.65318e-03
-8.94795e-04
2.38984e-03
6.04196e-03
9.93452e-03
1.40044e-02
1.80918e-02
2.18624e-02
2.52137e-02
2.78592e-02
2.92561e-02
2.94244e-02
2.84307e-02
2.64155e-02
2.37343e-02
2.07965e-02
1.76298e-02
1.41399e-02
1.04904e-02
6.84338e-03
3.30557e-03
5.91894e-05
-2.78034e-03
-5.14511e-03
-7.17840e-03
-8.97578e-03
-1.05871e-02
-1.20659e-02
-1.33889e-02
-1.45071e-02
-1.53898e-02
-1.60326e-02
-1.65332e-02
-1.70611e-02
-1.74333e-02
-1.75859e-02
-1.76017e-02
-1.73206e-02
-1.67359e-02
-1.58988e-02
-1.48707e-02
-1.36021e-02
-1.20717e-02
-1.03975e-02
-8.67088e-03
-6.92573e-03
-5.18893e-03
-3.49927e-03
-2.02747e-03
-9.17799e-04
-1.61886e-04
2.73424e-04
4.26325e-04
3.82499e-04
2.28590e-04
-7.42958e-05
-4.81053e-04
-8.63886e-04
-1.14124e-03
-1.40835e-03
-1.62293e-03
-1.74844e-03
-1.75334e-03
-1.62015e-03
-1.45106e-03
-1.19043e-03
-8.66854e-04
-5.24923e-04
-2.08993e-04
1.15335e-04
5.27045e-04
9.72597e-04
1.37332e-03
1.75698e-03
2.14456e-03
2.54494e-03
2.93280e-03
3.28994e-03
3.70771e-03
4.27781e-03
4.92380e-03
5.58059e-03
6.28719e-03
6.96770e-03
7.69092e-03
8.33181e-03
8.88536e-03
9.29404e-03
9.49654e-03
9.48283e-03
9.19516e-03
8.59690e-03
7.73868e-03
6.66841e-03
5.46510e-03
4.13497e-03
2.74188e-03
1.38614e-03
1.21182e-04
-9.82571e-04
-1.82721e-03
-2.28323e-03
-2.48697e-03
-2.48931e-03
-2.28466e-03
-1.94005e-03
-1.48430e-03
-9.29998e-04
-3.84396e-04
4.30565e-05
2.81242e-04
3.49299e-04
2.51076e-04
-3.70465e-05
-5.67978e-04
-1.38885e-03
-2.40584e-03
-3.50430e-03
-4.65921e-03
-5.83354e-03
-6.93848e-03
-7.86876e-03
-8.59295e-03
-9.10958e-03
-9.47233e-03
-9.51231e-03
-9.22046e-03
-8.68038e-03
-7.94953e-03
-7.04775e-03
-6.03723e-03
-4.93915e-03
-3.80947e-03
-2.82992e-03
-2.04593e-03
-1.53693e-03
-1.26018e-03
-1.20799e-03
-1.34506e-03
-1.67615e-03
-2.13729e-03
-2.64101e-03
-3.11665e-03
-3.39473e-03
-3.35897e-03
-3.04291e-03
-2.36284e-03
-1.23188e-03
3.00857e-04
2.22066e-03
4.49678e-03
6.95965e-03
9.58014e-03
1.22192e-02
1.47117e-02
1.68476e-02
1.83836e-02
1.92583e-02
1.94243e-02
1.88259e-02
1.74654e-02
1.54549e-02
1.29029e-02
9.91524e-03
6.49972e-03
2.84480e-03
-8.27494e-04
-4.39942e-03
-7.73396e-03
-1.06560e-02
-1.30748e-02
-1.46982e-02
-1.54490e-02
-1.55353e-02
-1.51685e-02
-1.46670e-02
-1.40694e-02
-1.33415e-02
-1.23949e-02
-1.12045e-02
-9.79287e-03
-8.21551e-03
-6.45173e-03
-4.53535e-03
-2.52152e-03
-4.38952e-04
1.58520e-03
3.57651e-03
5.42204e-03
7.17065e-03
8.80902e-03
1.01863e-02
1.13788e-02
1.25059e-02
1.33934e-02
1.39716e-02
1.41655e-02
1.38673e-02
1.31763e-02
1.22090e-02
1.10467e-02
9.64984e-03
8.07168e-03
6.41004e-03
4.84942e-03
3.34321e-03
1.91284e-03
5.73786e-04
-5.77538e-04
-1.65153e-03
-2.77917e-03
-3.92593e-03
-5.25459e-03
-6.77033e-03
-8.37526e-03
-1.01070e-02
-1.18237e-02
-1.35356e-02
-1.51945e-02
-1.67848e-02
-1.80947e-02
-1.90906e-02
-1.96714e-02
-1.98824e-02
-1.98027e-02
-1.94568e-02
-1.88826e-02
-1.80567e-02
-1.69129e-02
-1.54101e-02
-1.36253e-02
-1.16122e-02
-9.35494e-03
-6.80026e-03
-3.98615e-03
-1.05202e-03
1.96249e-03
5.04517e-03
8.12962e-03
1.11754e-02
1.41755e-02
1.70454e-02
1.94415e-02
2.13263e-02
2.28167e-02
2.39209e-02
2.46205e-02
2.51045e-02
2.56671e-02
2.62083e-02
2.65408e-02
2.66777e-02
2.66283e-02
2.64462e-02
2.61640e-02
2.57762e-02
2.51862e-02
2.43768e-02
2.33084e-02
2.19661e-02
2.03197e-02
1.84220e-02
1.62600e-02
1.38989e-02
1.13330e-02
8.65041e-03
5.93036e-03
3.23902e-03
3.51837e-04
-2.66149e-03
-5.64097e-03
-8.60173e-03
-1.14356e-02
-1.42331e-02
-1.69449e-02
-1.95702e-02
-2.19804e-02
-2.40995e-02
-2.58822e-02
-2.72321e-02
-2.82151e-02
-2.88296e-02
-2.92197e-02
-2.94274e-02
-2.94104e-02
-2.91452e-02
-2.87394e-02
-2.81777e-02
-2.73400e-02
-2.62254e-02
-2.48640e-02
-2.31529e-02
-2.09740e-02
-1.83952e-02
-1.54410e-02
-1.21508e-02
-8.45785e-03
-4.32847e-03
-5.95041e-05
4.27200e-03
8.48833e-03
1.21856e-02
1.52956e-02
1.77096e-02
1.94111e-02
2.03461e-02
2.02666e-02
1.92033e-02
1.72499e-02
1.46634e-02
1.19466e-02
9.25745e-03
6.58651e-03
3.86609e-03
1.03771e-03
-1.76599e-03
-4.27305e-03
-6.36533e-03
-8.04218e-03
-9.16318e-03
-9.60803e-03
-9.86818e-03
-1.00891e-02
-1.01488e-02
-1.00624e-02
-9.89220e-03
-9.66160e-03
-9.43645e-03
-9.25488e-03
-9.11012e-03
-8.92865e-03
-8.83107e-03
-8.79943e-03
-8.81757e-03
-8.79190e-03
-8.62963e-03
-8.20871e-03
-7.49441e-03
-6.48745e-03
-5.15255e-03
-3.43435e-03
-1.37100e-03
9.76729e-04
3.43649e-03
5.96786e-03
8.49567e-03
1.08340e-02
1.30743e-02
1.51681e-02
1.68678e-02
1.80566e-02
1.89073e-02
1.93723e-02
1.94013e-02
1.91600e-02
1.85661e-02
1.76579e-02
1.64694e-02
1.51895e-02
1.39642e-02
1.27854e-02
1.16181e-02
1.04691e-02
9.37502e-03
8.29311e-03
7.25268e-03
6.25350e-03
5.38663e-03
4.71624e-03
4.10277e-03
3.44628e-03
2.85389e-03
2.31176e-03
1.79122e-03
1.16916e-03
4.48105e-04
-3.92946e-04
-1.27500e-03
-2.17127e-03
-3.04862e-03
-3.82941e-03
-4.47199e-03
-4.90153e-03
-5.08729e-03
-4.97527e-03
-4.57498e-03
-3.89207e-03
-3.01937e-03
-1.96439e-03
-7.31111e-04
5.92982e-04
1.95743e-03
3.29906e-03
4.59208e-03
5.74951e-03
6.79997e-03
7.70825e-03
8.46742e-03
9.03001e-03
9.32267e-03
9.49549e-03
9.54632e-03
9.42579e-03
9.14196e-03
8.72182e-03
8.23774e-03
7.60082e-03
6.84976e-03
6.03812e-03
5.19535e-03
4.34198e-03
3.43910e-03
2.40437e-03
1.33753e-03
2.33431e-04
-9.15723e-04
-2.11228e-03
-3.22332e-03
-4.27349e-03
-5.34220e-03
-6.56920e-03
-8.13366e-03
-9.88920e-03
-1.18388e-02
-1.39055e-02
-1.59029e-02
-1.77461e-02
-1.94374e-02
-2.08678e-02
-2.20340e-02
-2.29305e-02
-2.35250e-02
-2.38252e-02
-2.37884e-02
-2.35045e-02
-2.30140e-02
-2.23350e-02
-2.14643e-02
-2.03384e-02
-1.90428e-02
-1.77159e-02
-1.63555e-02
-1.49667e-02
-1.35522e-02
-1.22440e-02
-1.10429e-02
-9.97382e-03
-8.89086e-03
-7.82041e-03
-6.76984e-03
-5.68017e-03
-4.44618e-03
-3.07686e-03
-1.45314e-03
4.97222e-04
2.69205e-03
5.13425e-03
7.72979e-03
1.04023e-02
1.29379e-02
1.51809e-02
1.70948e-02
1.86110e-02
1.97212e-02
2.05385e-02
2.09802e-02
2.11477e-02
2.10048e-02
2.06502e-02
2.01184e-02
1.93988e-02
1.85749e-02
1.76300e-02
1.65357e-02
1.53607e-02
1.42247e-02
1.30809e-02
1.19245e-02
1.08089e-02
9.78582e-03
8.86924e-03
8.05065e-03
7.30597e-03
6.61407e-03
6.09221e-03
5.64106e-03
5.17358e-03
4.65019e-03
4.01672e-03
3.28930e-03
2.49017e-03
1.50824e-03
4.89352e-04
-5.92939e-04
-1.81302e-03
-3.10160e-03
-4.42820e-03
-5.59708e-03
-6.57098e-03
-7.35073e-03
-7.78359e-03
-7.87126e-03
-7.60385e-03
-7.07242e-03
-6.30100e-03
-5.24970e-03
-4.16299e-03
-3.02913e-03
-1.84546e-03
-6.78458e-04
3.44313e-04
1.19458e-03
1.88992e-03
2.26471e-03
2.29020e-03
2.00910e-03
1.42387e-03
6.38192e-04
-2.36127e-04
-1.18773e-03
-2.09070e-03
-2.91125e-03
-3.53880e-03
-3.95081e-03
-4.22887e-03
-4.35754e-03
-4.27294e-03
-4.12899e-03
-3.97553e-03
-3.79892e-03
-3.64142e-03
-3.57274e-03
-3.68259e-03
-4.06599e-03
-4.68587e-03
-5.50414e-03
-6.50257e-03
-7.62758e-03
-8.88044e-03
-1.01534e-02
-1.13986e-02
-1.25710e-02
-1.36353e-02
-1.44792e-02
-1.50165e-02
-1.52318e-02
-1.51738e-02
-1.48387e-02
-1.41817e-02
-1.32419e-02
-1.20348e-02
-1.05753e-02
-8.91042e-03
-7.05261e-03
-5.05303e-03
-2.94163e-03
-7.87304e-04
1.43944e-03
3.70299e-03
5.91297e-03
8.08578e-03
1.01114e-02
1.18492e-02
1.32694e-02
1.43211e-02
1.50231e-02
1.53646e-02
1.54739e-02
1.53027e-02
1.50543e-02
1.47348e-02
1.41724e-02
1.34043e-02
1.25351e-02
1.16472e-02
1.06583e-02
9.52463e-03
8.29559e-03
7.09159e-03
5.97181e-03
4.92718e-03
4.05900e-03
3.40964e-03
2.89681e-03
2.56534e-03
2.31917e-03
2.14176e-03
2.02898e-03
2.00868e-03
2.02415e-03
2.05976e-03
2.10045e-03
2.08499e-03
2.06561e-03
2.07674e-03
2.17663e-03
2.20174e-03
2.16431e-03
2.09127e-03
1.99473e-03
1.87497e-03
1.72561e-03
1.53247e-03
1.28301e-03
9.64537e-04
5.82110e-04
1.23705e-04
-5.18583e-04
-1.31921e-03
-2.22415e-03
-3.17169e-03
-4.06579e-03
-4.96329e-03
-5.69835e-03
-6.24213e-03
-6.62000e-03
-6.81127e-03
-6.84759e-03
-6.77520e-03
-6.59533e-03
-6.39883e-03
-6.18761e-03
-5.85000e-03
-5.47730e-03
-5.06908e-03
-4.66633e-03
-4.23319e-03
-3.73650e-03
-3.18626e-03
-2.59073e-03
-1.89169e-03
-1.15890e-03
-4.54150e-04
2.36574e-04
1.00741e-03
1.76378e-03
2.44593e-03
3.10309e-03
3.71235e-03
4.18776e-03
4.55049e-03
4.75795e-03
4.71170e-03
4.38507e-03
3.86154e-03
3.16496e-03
2.19166e-03
9.80495e-04
-3.50677e-04
-1.78090e-03
-3.32236e-03
-4.85729e-03
-6.33335e-03
-7.64151e-03
-8.76282e-03
-9.65041e-03
-1.03613e-02
-1.08148e-02
-1.10652e-02
-1.10696e-02
-1.08013e-02
-1.03227e-02
-9.67335e-03
-8.81936e-03
-7.84535e-03
-6.81472e-03
-5.67466e-03
-4.40325e-03
-3.07558e-03
-1.80915e-03
-6.12925e-04
5.64773e-04
1.75739e-03
2.87770e-03
3.94696e-03
4.91771e-03
5.71433e-03
6.40520e-03
7.10168e-03
7.77941e-03
8.50358e-03
9.22943e-03
9.84398e-03
1.02932e-02
1.05630e-02
1.07310e-02
1.08521e-02
1.09451e-02
1.09727e-02
1.08546e-02
1.05259e-02
1.00552e-02
9.58410e-03
9.06466e-03
8.43811e-03
7.68588e-03
6.81439e-03
5.89762e-03
4.98880e-03
3.98176e-03
2.98657e-03
1.97836e-03
8.87976e-04
-2.16013e-04
-1.29789e-03
-2.35331e-03
-3.31216e-03
-4.14940e-03
-4.91509e-03
-5.65433e-03
-6.37512e-03
-7.12970e-03
-7.94808e-03
-8.88727e-03
-9.82009e-03
-1.06930e-02
-1.16071e-02
-1.24428e-02
-1.31210e-02
-1.36123e-02
-1.38645e-02
-1.38700e-02
-1.36297e-02
-1.31687e-02
-1.23550e-02
-1.12076e-02
-9.66972e-03
-7.84308e-03
-5.78119e-03
-3.50894e-03
-1.15981e-03
1.20889e-03
3.47302e-03
5.50094e-03
7.20749e-03
8.48557e-03
9.31201e-03
9.66701e-03
9.54450e-03
9.06832e-03
8.45961e-03
7.78300e-03
7.13196e-03
6.54070e-03
6.04369e-03
5.63089e-03
5.18457e-03
4.75001e-03
4.46146e-03
4.33475e-03
4.19052e-03
4.01798e-03
3.78893e-03
3.49909e-03
3.13206e-03
2.67522e-03
2.25667e-03
1.81072e-03
1.38014e-03
1.05938e-03
7.66684e-04
5.40162e-04
4.33555e-04
3.72057e-04
4.28748e-04
4.78716e-04
5.07890e-04
4.63505e-04
4.17842e-04
3.92836e-04
1.87784e-04
-2.00935e-04
-7.38509e-04
-1.37455e-03
-2.03722e-03
-2.62863e-03
-3.11851e-03
-3.48734e-03
-3.65042e-03
-3.69336e-03
-3.52520e-03
-3.20225e-03
-2.76029e-03
-2.25499e-03
-1.75842e-03
-1.30050e-03
-8.54390e-04
-4.08461e-04
3.68370e-05
4.47681e-04
7.87683e-04
1.03988e-03
1.14283e-03
1.14820e-03
1.10791e-03
9.68066e-04
8.09251e-04
7.15687e-04
6.90449e-04
7.57219e-04
8.63094e-04
1.05112e-03
1.33828e-03
1.71206e-03
2.12541e-03
2.61644e-03
3.11364e-03
3.59205e-03
4.07641e-03
4.52715e-03
4.87748e-03
5.03949e-03
4.92837e-03
4.60079e-03
4.11634e-03
3.46602e-03
2.75441e-03
2.01689e-03
1.30951e-03
7.07726e-04
1.83051e-04
-2.77202e-04
-6.98391e-04
-1.09676e-03
-1.34269e-03
-1.49404e-03
-1.61273e-03
-1.76593e-03
-1.80692e-03
-1.76184e-03
-1.74398e-03
-1.76165e-03
-1.76289e-03
-1.77612e-03
-1.82449e-03
-1.84275e-03
-1.89603e-03
-2.06415e-03
-2.32969e-03
-2.71479e-03
-3.18664e-03
-3.68465e-03
-4.16201e-03
-4.66187e-03
-5.12631e-03
-5.60734e-03
-6.13719e-03
-6.61798e-03
-6.98015e-03
-7.21282e-03
-7.31546e-03
-7.35274e-03
-7.33380e-03
-7.28639e-03
-7.20544e-03
-7.01727e-03
-6.79400e-03
-6.45969e-03
-5.95089e-03
-5.33858e-03
-4.62160e-03
-3.79540e-03
-2.77423e-03
-1.63505e-03
-3.93895e-04
1.01175e-03
2.43134e-03
3.83862e-03
5.17752e-03
6.40069e-03
7.30957e-03
7.96054e-03
8.45985e-03
8.81659e-03
8.86379e-03
8.55462e-03
7.94457e-03
7.09152e-03
6.11024e-03
5.11058e-03
4.13568e-03
3.20375e-03
2.32842e-03
1.56702e-03
9.67219e-04
5.27813e-04
1.44965e-04
-1.97549e-04
-4.70478e-04
-7.84235e-04
-1.07713e-03
-1.26475e-03
-1.33266e-03
-1.36554e-03
-1.36261e-03
-1.21089e-03
-9.92699e-04
-6.33875e-04
-1.78083e-04
3.47630e-04
9.38957e-04
1.57961e-03
2.25302e-03
2.87354e-03
3.42853e-03
3.89656e-03
4.23114e-03
4.46302e-03
4.64142e-03
4.67638e-03
4.61351e-03
4.42421e-03
4.13158e-03
3.72330e-03
3.21341e-03
2.63054e-03
1.99970e-03
1.42408e-03
9.06039e-04
3.48269e-04
-2.11586e-04
-7.81555e-04
-1.37074e-03
-1.90549e-03
-2.48581e-03
-3.05126e-03
-3.58218e-03
-4.18213e-03
-4.89472e-03
-5.68100e-03
-6.48177e-03
-7.30174e-03
-8.20049e-03
-9.16563e-03
-1.00871e-02
-1.08389e-02
-1.14267e-02
-1.19036e-02
-1.21483e-02
-1.20943e-02
-1.17442e-02
-1.10934e-02
-1.02309e-02
-9.22127e-03
-7.96886e-03
-6.44363e-03
-4.76018e-03
-2.88948e-03
-9.06920e-04
1.10876e-03
3.10426e-03
4.94609e-03
6.67910e-03
8.32727e-03
9.78172e-03
1.08466e-02
1.15824e-02
1.21798e-02
1.26120e-02
1.28858e-02
1.32057e-02
1.35809e-02
1.39719e-02
1.43406e-02
1.46499e-02
1.49138e-02
1.50173e-02
1.49364e-02
1.47260e-02
1.42514e-02
1.35378e-02
1.26440e-02
1.16007e-02
1.03958e-02
8.89625e-03
7.15905e-03
5.16416e-03
3.02522e-03
7.39990e-04
-1.43040e-03
-3.52618e-03
-5.53340e-03
-7.36651e-03
-8.91656e-03
-1.02624e-02
-1.15132e-02
-1.25480e-02
-1.33626e-02
-1.40951e-02
-1.47057e-02
-1.50651e-02
-1.52364e-02
-1.52042e-02
-1.48914e-02
-1.43832e-02
-1.36961e-02
-1.27335e-02
-1.15840e-02
-1.03451e-02
-9.02053e-03
-7.64319e-03
-6.19984e-03
-4.63246e-03
-2.93544e-03
-1.29554e-03
3.01973e-04
1.79251e-03
3.06768e-03
4.12401e-03
5.02995e-03
5.85286e-03
6.51574e-03
6.89126e-03
6.97765e-03
6.85106e-03
6.60151e-03
6.22088e-03
5.75605e-03
5.15540e-03
4.45130e-03
3.70403e-03
3.02061e-03
2.43430e-03
1.87434e-03
1.33008e-03
9.27162e-04
6.48972e-04
4.05047e-04
1.93645e-04
5.04570e-05
-5.22945e-05
-1.82651e-05
9.83218e-05
2.20541e-04
2.39344e-04
2.34079e-04
1.92502e-04
1.09960e-04
-7.19773e-05
-3.08538e-04
-5.38418e-04
-7.26963e-04
-9.59637e-04
-1.21354e-03
-1.45834e-03
-1.64030e-03
-1.74044e-03
-1.83511e-03
-1.90828e-03
-1.90464e-03
-1.80515e-03
-1.68885e-03
-1.55887e-03
-1.45609e-03
-1.38030e-03
-1.32246e-03
-1.28033e-03
-1.25182e-03
-1.24122e-03
-1.25318e-03
-1.29785e-03
-1.38375e-03
-1.52230e-03
-1.71880e-03
-1.97906e-03
-2.28284e-03
-2.53918e-03
-2.70633e-03
-2.79414e-03
-2.74954e-03
-2.49896e-03
-1.98557e-03
-1.30461e-03
-5.76946e-04
1.64406e-04
8.72425e-04
1.48655e-03
2.06515e-03
2.63096e-03
3.10079e-03
3.53068e-03
3.93049e-03
4.29290e-03
4.58005e-03
4.71546e-03
4.79278e-03
4.78836e-03
4.66031e-03
4.51158e-03
4.26740e-03
3.95886e-03
3.57707e-03
3.10694e-03
2.63182e-03
2.05352e-03
1.39655e-03
7.30899e-04
9.44961e-05
-5.19832e-04
-1.09205e-03
-1.59893e-03
-2.04039e-03
-2.36153e-03
-2.55441e-03
-2.70728e-03
-2.87085e-03
-2.87636e-03
-2.73030e-03
-2.51422e-03
-2.16296e-03
-1.67482e-03
-1.09413e-03
-4.90649e-04
1.60586e-04
8.49654e-04
1.56985e-03
2.36766e-03
3.17908e-03
3.99461e-03
4.82328e-03
5.65028e-03
6.30048e-03
6.77399e-03
7.05074e-03
7.14838e-03
7.05608e-03
6.83073e-03
6.49115e-03
6.01680e-03
5.41262e-03
4.72209e-03
3.95714e-03
3.11047e-03
2.21052e-03
1.34696e-03
5.44925e-04
-2.71985e-04
-9.45213e-04
-1.44536e-03
-1.79432e-03
-1.96294e-03
-1.96880e-03
-1.87491e-03
-1.79722e-03
-1.70233e-03
-1.64405e-03
-1.72990e-03
-1.85585e-03
-1.96649e-03
-2.10531e-03
-2.32641e-03
-2.57691e-03
-2.78769e-03
-2.92058e-03
-3.06004e-03
-3.18295e-03
-3.29215e-03
-3.49972e-03
-3.82546e-03
-4.26172e-03
-4.79822e-03
-5.39875e-03
-6.01331e-03
-6.56115e-03
-7.03816e-03
-7.44708e-03
-7.73677e-03
-8.01957e-03
-8.24740e-03
-8.47543e-03
-8.62493e-03
-8.70878e-03
-8.77888e-03
-8.87069e-03
-8.91796e-03
-8.88456e-03
-8.70772e-03
-8.46599e-03
-8.26410e-03
-8.10511e-03
-8.00130e-03
-7.94589e-03
-7.83958e-03
-7.66529e-03
-7.32326e-03
-6.82910e-03
-6.14695e-03
-5.22255e-03
-4.12187e-03
-2.84762e-03
-1.41402e-03
1.99096e-04
2.03009e-03
4.02211e-03
6.10025e-03
8.05108e-03
9.70458e-03
1.11454e-02
1.23405e-02
1.32525e-02
1.39303e-02
1.43591e-02
1.45922e-02
1.45179e-02
1.42730e-02
1.39250e-02
1.34941e-02
1.30583e-02
1.26165e-02
1.22147e-02
1.18076e-02
1.14033e-02
1.09551e-02
1.04281e-02
9.85667e-03
9.26367e-03
8.56968e-03
7.85688e-03
7.15811e-03
6.48764e-03
5.84503e-03
5.25306e-03
4.67535e-03
4.21045e-03
3.79826e-03
3.32989e-03
2.79434e-03
2.32922e-03
1.84209e-03
1.29982e-03
8.15828e-04
2.80378e-04
-3.06772e-04
-9.29339e-04
-1.69193e-03
-2.53006e-03
-3.46829e-03
-4.41815e-03
-5.44878e-03
-6.41851e-03
-7.35049e-03
-8.27836e-03
-9.03670e-03
-9.71827e-03
-1.03763e-02
-1.09307e-02
-1.13544e-02
-1.16913e-02
-1.19183e-02
-1.19863e-02
-1.19415e-02
-1.16935e-02
-1.12060e-02
-1.05116e-02
-9.72509e-03
-8.83907e-03
-7.85781e-03
-6.78701e-03
-5.72718e-03
-4.71414e-03
-3.82048e-03
-3.07739e-03
-2.49256e-03
-2.05829e-03
-1.72935e-03
-1.41821e-03
-1.09424e-03
-8.41418e-04
-5.61900e-04
-2.65331e-04
6.09073e-05
4.21436e-04
8.64013e-04
1.44040e-03
2.20585e-03
3.01792e-03
3.85567e-03
4.65952e-03
5.34369e-03
5.91560e-03
6.38228e-03
6.57459e-03
6.55958e-03
6.30153e-03
5.88166e-03
5.35688e-03
4.75724e-03
4.11192e-03
3.36599e-03
2.56655e-03
1.83893e-03
1.10512e-03
3.81283e-04
-2.72127e-04
-9.51497e-04
-1.53757e-03
-2.05665e-03
-2.58220e-03
-3.07873e-03
-3.51894e-03
-3.84350e-03
-4.08691e-03
-4.27945e-03
-4.46276e-03
-4.48021e-03
-4.32770e-03
-3.98316e-03
-3.45408e-03
-2.77473e-03
-1.95659e-03
-9.75979e-04
1.40411e-04
1.32779e-03
2.52660e-03
3.70611e-03
4.76863e-03
5.61586e-03
6.27684e-03
6.75479e-03
7.07099e-03
7.22573e-03
7.23737e-03
7.07732e-03
6.87887e-03
6.65018e-03
6.32808e-03
5.90407e-03
5.42924e-03
4.85282e-03
4.25364e-03
3.62844e-03
2.88920e-03
2.11494e-03
1.42215e-03
7.70216e-04
7.07885e-05
-6.16334e-04
-1.28607e-03
-1.91544e-03
-2.35814e-03
-2.68610e-03
-2.89264e-03
-3.07408e-03
-3.08307e-03
-2.94515e-03
-2.77759e-03
-2.53995e-03
-2.22061e-03
-1.85140e-03
-1.37559e-03
-9.59038e-04
-5.90588e-04
-2.58318e-04
3.17891e-05
2.34517e-04
3.21038e-04
3.43104e-04
2.71850e-04
1.79792e-04
9.52982e-05
-1.81031e-05
-2.06867e-04
-4.79223e-04
-7.08048e-04
-8.75283e-04
-1.07257e-03
-1.26168e-03
-1.38741e-03
-1.40668e-03
-1.27003e-03
-1.11986e-03
-9.14198e-04
-7.01477e-04
-4.71338e-04
-1.70412e-04
1.23308e-04
3.10952e-04
4.08745e-04
4.45837e-04
4.29623e-04
2.38085e-04
-9.94772e-05
-4.55718e-04
-8.91415e-04
-1.37159e-03
-1.81155e-03
-2.11500e-03
-2.23179e-03
-2.18148e-03
-1.98709e-03
-1.69264e-03
-1.33165e-03
-9.15489e-04
-4.89347e-04
-3.33210e-05
3.70394e-04
7.22980e-04
1.02793e-03
1.27293e-03
1.42349e-03
1.45900e-03
1.46337e-03
1.40212e-03
1.25452e-03
1.10847e-03
9.58609e-04
7.87106e-04
5.87977e-04
3.64018e-04
1.36704e-04
-5.71176e-05
-1.51563e-04
-8.75618e-05
6.83287e-05
2.41381e-04
4.87849e-04
8.48177e-04
1.25216e-03
1.70686e-03
2.15823e-03
2.60610e-03
3.07106e-03
3.46142e-03
3.74960e-03
3.86330e-03
3.84430e-03
3.72401e-03
3.43262e-03
3.01018e-03
2.44471e-03
1.70361e-03
8.74256e-04
-1.38467e-05
-9.44243e-04
-1.95633e-03
-2.97884e-03
-4.06301e-03
-5.17975e-03
-6.25905e-03
-7.26124e-03
-8.17740e-03
-8.91342e-03
-9.42973e-03
-9.72667e-03
-9.77541e-03
-9.61101e-03
-9.31761e-03
-8.91934e-03
-8.36926e-03
-7.68607e-03
-6.90139e-03
-6.07976e-03
-5.28242e-03
-4.45476e-03
-3.56133e-03
-2.66183e-03
-1.68853e-03
-7.18667e-04
2.42037e-04
1.09241e-03
1.84738e-03
2.48148e-03
3.01089e-03
3.45160e-03
3.76302e-03
3.98781e-03
4.14611e-03
4.13026e-03
4.00189e-03
3.84270e-03
3.72887e-03
3.59860e-03
3.45281e-03
3.34338e-03
3.33458e-03
3.39165e-03
3.47739e-03
3.56437e-03
3.63363e-03
3.67351e-03
3.67863e-03
3.65095e-03
3.59560e-03
3.53130e-03
3.44914e-03
3.23031e-03
2.86045e-03
2.34772e-03
1.71811e-03
1.01607e-03
3.22645e-04
-2.77307e-04
-8.06765e-04
-1.27416e-03
-1.53885e-03
-1.53423e-03
-1.36704e-03
-1.07216e-03
-6.65897e-04
-1.45399e-04
4.45279e-04
1.11961e-03
1.76749e-03
2.34416e-03
2.80155e-03
3.21056e-03
3.59925e-03
3.90392e-03
4.15822e-03
4.27504e-03
4.36586e-03
4.44481e-03
4.45777e-03
4.40673e-03
4.32025e-03
4.22751e-03
4.13265e-03
4.09187e-03
4.05522e-03
3.99154e-03
4.00389e-03
4.06367e-03
4.06244e-03
4.08201e-03
4.01168e-03
3.83970e-03
3.57159e-03
3.24483e-03
2.87027e-03
2.38125e-03
1.80232e-03
1.16241e-03
5.31403e-04
-1.01814e-04
-7.72873e-04
-1.46386e-03
-2.13937e-03
-2.85508e-03
-3.48431e-03
-4.07084e-03
-4.65910e-03
-5.29042e-03
-5.86069e-03
-6.39640e-03
-6.90761e-03
-7.43280e-03
-7.90223e-03
-8.30525e-03
-8.69418e-03
-8.98609e-03
-9.05503e-03
-8.95735e-03
-8.73228e-03
-8.37398e-03
-7.91186e-03
-7.38032e-03
-6.75400e-03
-6.13936e-03
-5.55184e-03
-4.90942e-03
-4.29050e-03
-3.76550e-03
-3.23573e-03
-2.80997e-03
-2.46023e-03
-2.04678e-03
-1.62090e-03
-1.27430e-03
-9.30885e-04
-5.56661e-04
-1.92805e-04
1.40366e-04
5.26442e-04
8.80031e-04
1.19455e-03
1.56627e-03
1.94863e-03
2.32772e-03
2.71210e-03
3.09389e-03
3.41747e-03
3.67797e-03
3.88671e-03
4.06311e-03
4.22492e-03
4.33814e-03
4.44152e-03
4.55749e-03
4.61692e-03
4.64465e-03
4.64739e-03
4.67646e-03
4.66260e-03
4.55257e-03
4.39256e-03
4.16536e-03
3.95290e-03
3.74728e-03
3.53125e-03
3.29653e-03
3.04169e-03
2.78283e-03
2.51724e-03
2.14270e-03
1.66945e-03
1.14586e-03
6.15800e-04
3.61261e-05
-5.27813e-04
-1.11015e-03
-1.64320e-03
-2.04652e-03
-2.39646e-03
-2.61619e-03
-2.71436e-03
-2.61339e-03
-2.40992e-03
-2.03674e-03
-1.54141e-03
-1.00429e-03
-4.17810e-04
2.08164e-04
8.23929e-04
1.35716e-03
1.83775e-03
2.24602e-03
2.46931e-03
2.56393e-03
2.43361e-03
2.03484e-03
1.46124e-03
7.82814e-04
3.91871e-05
-7.07321e-04
-1.42607e-03
-2.11906e-03
-2.75762e-03
-3.28342e-03
-3.67364e-03
-3.94732e-03
-4.12611e-03
-4.28006e-03
-4.41250e-03
-4.54577e-03
-4.70808e-03
-4.81886e-03
-4.95906e-03
-5.03614e-03
-5.04918e-03
-5.01389e-03
-4.91776e-03
-4.80049e-03
-4.59782e-03
-4.28242e-03
-3.90559e-03
-3.37879e-03
-2.79192e-03
-2.07801e-03
-1.29833e-03
-5.17409e-04
2.93107e-04
1.02818e-03
1.76919e-03
2.58098e-03
3.36500e-03
4.14466e-03
4.86939e-03
5.42373e-03
5.78772e-03
6.02321e-03
6.20579e-03
6.35148e-03
6.39108e-03
6.43946e-03
6.54579e-03
6.58836e-03
6.57268e-03
6.50669e-03
6.39004e-03
6.21693e-03
6.02541e-03
5.78441e-03
5.45665e-03
5.03646e-03
4.52801e-03
3.98692e-03
3.44434e-03
2.84694e-03
2.23692e-03
1.54102e-03
8.50595e-04
1.73286e-04
-4.57495e-04
-1.08236e-03
-1.67865e-03
-2.16169e-03
-2.54592e-03
-2.91772e-03
-3.36088e-03
-3.77949e-03
-4.12319e-03
-4.52669e-03
-4.83033e-03
-4.98059e-03
-5.01026e-03
-4.96980e-03
-4.87409e-03
-4.69453e-03
-4.43295e-03
-4.13345e-03
-3.73516e-03
-3.28811e-03
-2.86900e-03
-2.48555e-03
-2.15836e-03
-1.91437e-03
-1.68474e-03
-1.41738e-03
-1.14585e-03
-8.34999e-04
-5.07353e-04
-2.35685e-04
-1.12998e-05
1.90185e-04
3.86268e-04
5.56070e-04
7.30318e-04
9.29825e-04
1.09925e-03
1.27348e-03
1.48763e-03
1.69704e-03
1.88190e-03
1.97589e-03
1.92021e-03
1.76179e-03
1.56080e-03
1.30298e-03
9.74775e-04
5.78162e-04
1.32622e-04
-3.15404e-04
-7.10750e-04
-1.07135e-03
-1.40211e-03
-1.65704e-03
-1.81108e-03
-1.85176e-03
-1.85855e-03
-1.84989e-03
-1.74881e-03
-1.61369e-03
-1.40946e-03
-1.16424e-03
-9.88064e-04
-8.49948e-04
-7.15543e-04
-5.96310e-04
-4.78475e-04
-3.52296e-04
-2.20685e-04
-8.54783e-05
6.78194e-05
1.76089e-04
2.55157e-04
3.47405e-04
4.44272e-04
5.82788e-04
7.53883e-04
9.95431e-04
1.28603e-03
1.61252e-03
1.93670e-03
2.26897e-03
2.55254e-03
2.80034e-03
3.00313e-03
3.10365e-03
3.10923e-03
2.96678e-03
2.74877e-03
2.48860e-03
2.17173e-03
1.77307e-03
1.33936e-03
8.74061e-04
3.96370e-04
-6.88609e-05
-5.33529e-04
-9.25653e-04
-1.19657e-03
-1.39636e-03
-1.58295e-03
-1.76856e-03
-1.92226e-03
-2.00228e-03
-2.01575e-03
-1.98667e-03
-1.87399e-03
-1.72099e-03
-1.53703e-03
-1.32986e-03
-1.09995e-03
-8.84534e-04
-6.74697e-04
-4.74892e-04
-2.86186e-04
-7.33491e-05
1.38799e-04
3.36914e-04
5.40459e-04
7.43902e-04
8.97910e-04
1.04513e-03
1.14958e-03
1.20863e-03
1.26612e-03
1.29516e-03
1.28469e-03
1.23751e-03
1.15142e-03
1.01470e-03
8.32176e-04
5.81908e-04
2.88081e-04
-4.38412e-05
-3.50677e-04
-6.07631e-04
-8.44131e-04
-1.07345e-03
-1.25992e-03
-1.42876e-03
-1.58117e-03
-1.71073e-03
-1.80556e-03
-1.89194e-03
-2.00054e-03
-2.08067e-03
-2.13545e-03
-2.15530e-03
-2.13390e-03
-2.09493e-03
-2.03612e-03
-1.91862e-03
-1.75230e-03
-1.56089e-03
-1.35306e-03
-1.12164e-03
-8.69628e-04
-6.05037e-04
-3.32959e-04
-8.10446e-05
1.50345e-04
3.62214e-04
5.66162e-04
7.45758e-04
8.84410e-04
9.96583e-04
1.08538e-03
1.16823e-03
1.24192e-03
1.28407e-03
1.29287e-03
1.29490e-03
1.31498e-03
1.32830e-03
1.33474e-03
1.36328e-03
1.38300e-03
1.37678e-03
1.34871e-03
1.31283e-03
1.27962e-03
1.23634e-03
1.17855e-03
1.09953e-03
1.01875e-03
9.34045e-04
8.41796e-04
7.42315e-04
6.38344e-04
5.38556e-04
4.47929e-04
3.52479e-04
2.60820e-04
1.77997e-04
1.19061e-04
7.42152e-05
3.73130e-05
2.15106e-05
2.17169e-05
3.81443e-05
5.73641e-05
6.69045e-05
6.95623e-05
5.02594e-05
1.19203e-05
-4.10457e-05
-1.02452e-04
-1.69516e-04
-2.43490e-04
-3.08141e-04
-3.52389e-04
-3.78693e-04
-3.94130e-04
-3.93445e-04
-3.82186e-04
-3.54118e-04
-3.19384e-04
-2.88211e-04
-2.57509e-04
-2.29809e-04
-2.01271e-04
-1.71554e-04
-1.55385e-04
-1.52839e-04
-1.51168e-04
-1.50157e-04
-1.51924e-04
-1.59426e-04
-1.74435e-04
-1.93194e-04
-2.16769e-04
-2.45914e-04
-2.80429e-04
-3.17835e-04
-3.55423e-04
-3.91997e-04
-4.21880e-04
-4.46739e-04
-4.68286e-04
-4.85311e-04
-4.90831e-04
-4.82182e-04
-4.65385e-04
-4.41423e-04
-4.09185e-04
-3.72682e-04
-3.28482e-04
-2.83259e-04
-2.38196e-04
-1.92616e-04
-1.49212e-04
-1.06208e-04
-6.25576e-05
-1.94405e-05
2.13252e-05
6.19025e-05
9.93241e-05
1.28129e-04
1.51341e-04
1.70406e-04
1.87251e-04
1.98484e-04
2.03990e-04
2.08176e-04
2.06236e-04
1.99394e-04
1.90558e-04
1.78732e-04
1.65105e-04
1.47991e-04
1.30407e-04
1.13506e-04
9.67500e-05
7.97000e-05
6.44243e-05
4.89179e-05
3.43782e-05
2.21817e-05
1.10045e-05
6.83801e-07
-7.75594e-06
-1.24763e-05
-1.43425e-05
-1.42019e-05
-1.20414e-05
-8.49320e-06
-3.69710e-06
1.38839e-06
6.45263e-06
1.16996e-05
1.71071e-05
2.23508e-05
2.75470e-05
3.30567e-05
3.89390e-05
4.47969e-05
4.99497e-05
5.39193e-05
5.63833e-05
5.70097e-05
5.64281e-05
5.46378e-05
5.14347e-05
4.76314e-05
4.31364e-05
3.79740e-05
3.28000e-05
2.74935e-05
2.23553e-05
1.76518e-05
1.36142e-05
1.00660e-05
7.03581e-06
4.41884e-06
2.50519e-06
1.25258e-06
3.17597e-07
-2.19442e-07
-4.91065e-07
-7.32304e-07
-9.46712e-07
-9.55499e-07
-8.33838e-07
-6.42166e-07
-4.60004e-07
-2.51842e-07
3.07884e-08
3.18525e-07
6.76585e-07
1.08128e-06
1.51572e-06
1.99609e-06
2.52139e-06
3.09175e-06
3.71208e-06
4.36368e-06
5.01858e-06
5.68716e-06
6.36351e-06
7.03365e-06
7.69595e-06
8.35923e-06
9.02009e-06
9.68003e-06
1.03425e-05
1.10063e-05
1.16706e-05
1.23371e-05
1.30036e-05
1.36658e-05
1.43215e-05
1.49677e-05
1.56016e-05
1.62208e-05
1.68242e-05
1.74109e-05
1.79805e-05
1.85328e-05
1.90678e-05
1.95855e-05
2.00859e-05
2.05692e-05
2.10352e-05
