-1.06420e-04
-1.05363e-04
-1.04218e-04
-1.03110e-04
-1.02148e-04
-1.01195e-04
-9.99158e-05
-9.82932e-05
-9.63835e-05
-9.37621e-05
-9.03466e-05
-8.68114e-05
-8.30456e-05
-7.80024e-05
-7.09633e-05
-6.23372e-05
-5.37810e-05
-4.79593e-05
-4.67498e-05
-5.17596e-05
-6.37277e-05
-8.09936e-05
-1.00845e-04
-1.20396e-04
-1.36759e-04
-1.47484e-04
-1.52642e-04
-1.53342e-04
-1.49311e-04
-1.39895e-04
-1.26001e-04
-1.09178e-04
-8.50672e-05
-4.53516e-05
1.22453e-05
7.70934e-05
1.27343e-04
1.48378e-04
1.41154e-04
1.09919e-04
6.05306e-05
9.20430e-06
-2.19655e-05
-2.52818e-05
-1.34948e-05
2.52220e-06
2.43813e-05
4.78288e-05
6.32370e-05
5.53416e-05
1.89884e-05
-2.96760e-05
-6.70465e-05
-8.57479e-05
-9.24871e-05
-9.08567e-05
-7.99220e-05
-6.07011e-05
-3.82655e-05
-2.07731e-05
-1.97760e-05
-4.61056e-05
-8.56377e-05
-1.03868e-04
-8.42869e-05
-2.66070e-05
6.51375e-05
1.72259e-04
2.50031e-04
2.49527e-04
1.55357e-04
-1.71641e-05
-2.26692e-04
-4.06456e-04
-5.03629e-04
-5.08260e-04
-4.29677e-04
-2.78052e-04
-8.32510e-05
9.37717e-05
2.06274e-04
2.74446e-04
3.51984e-04
4.35428e-04
4.86069e-04
4.94411e-04
4.61265e-04
3.74020e-04
2.23643e-04
3.13895e-05
-1.39767e-04
-2.26687e-04
-2.43533e-04
-2.58261e-04
-2.81080e-04
-2.66553e-04
-2.00932e-04
-1.40646e-04
-1.18244e-04
-1.12682e-04
-1.02866e-04
-8.37451e-05
-5.29991e-05
-6.67608e-06
5.23712e-05
1.08569e-04
1.50322e-04
2.28362e-04
3.93321e-04
6.13882e-04
8.72786e-04
1.20997e-03
1.62129e-03
2.00113e-03
2.21609e-03
2.17982e-03
1.89237e-03
1.48693e-03
1.14444e-03
9.40576e-04
8.39897e-04
8.13315e-04
8.78975e-04
1.06363e-03
1.37066e-03
1.76291e-03
2.17939e-03
2.59813e-03
2.98827e-03
3.21086e-03
3.05219e-03
2.40604e-03
1.35713e-03
1.58219e-04
-8.62407e-04
-1.49838e-03
-1.75185e-03
-1.76611e-03
-1.65640e-03
-1.39276e-03
-9.03710e-04
-1.94621e-04
6.15822e-04
1.34439e-03
1.87540e-03
2.16840e-03
2.20338e-03
2.03749e-03
1.73393e-03
1.27144e-03
6.92363e-04
8.97065e-05
-4.75627e-04
-1.00257e-03
-1.44547e-03
-1.66843e-03
-1.59486e-03
-1.23657e-03
-6.32226e-04
1.12642e-04
7.85327e-04
1.22567e-03
1.47231e-03
1.63696e-03
1.75114e-03
1.77181e-03
1.62662e-03
1.23239e-03
5.27657e-04
-4.50156e-04
-1.50528e-03
-2.40154e-03
-3.02135e-03
-3.30080e-03
-3.22403e-03
-2.89037e-03
-2.45441e-03
-1.96533e-03
-1.32450e-03
-4.84484e-04
4.21293e-04
1.19924e-03
1.69572e-03
1.80344e-03
1.50149e-03
8.17431e-04
-1.49183e-04
-1.12654e-03
-1.73606e-03
-1.76948e-03
-1.28340e-03
-4.47736e-04
4.86584e-04
1.22128e-03
1.64597e-03
1.90521e-03
2.17910e-03
2.55586e-03
3.03999e-03
3.53942e-03
3.91774e-03
4.16483e-03
4.33616e-03
4.41084e-03
4.29916e-03
3.90668e-03
3.18291e-03
2.17690e-03
1.03033e-03
-1.32727e-04
-1.16635e-03
-1.90683e-03
-2.20124e-03
-2.01508e-03
-1.44906e-03
-6.61600e-04
1.63462e-04
9.50313e-04
1.74509e-03
2.65555e-03
3.57436e-03
4.22486e-03
4.56430e-03
4.74897e-03
4.84866e-03
4.80657e-03
4.53961e-03
3.99332e-03
3.18060e-03
2.21201e-03
1.17417e-03
1.23425e-04
-7.00079e-04
-9.58779e-04
-4.61156e-04
7.10201e-04
2.25905e-03
3.84278e-03
5.09972e-03
5.79512e-03
5.79953e-03
4.90916e-03
3.06276e-03
5.99738e-04
-2.05609e-03
-4.62699e-03
-6.88462e-03
-8.60803e-03
-9.67530e-03
-1.00272e-02
-9.59369e-03
-8.47659e-03
-6.89704e-03
-4.96305e-03
-2.77371e-03
-4.29968e-04
1.97141e-03
4.10035e-03
5.46360e-03
5.70956e-03
4.86566e-03
3.44465e-03
2.20264e-03
1.55899e-03
1.23278e-03
7.77467e-04
2.32888e-04
-1.12272e-04
-2.40494e-04
-2.92081e-04
-2.88275e-04
-1.56440e-04
1.49075e-04
6.00391e-04
1.07923e-03
1.34676e-03
1.13005e-03
4.42661e-04
-4.36852e-04
-1.37268e-03
-2.32964e-03
-3.13486e-03
-3.66701e-03
-3.91140e-03
-3.76677e-03
-3.10946e-03
-2.13375e-03
-1.21253e-03
-5.83773e-04
-2.67124e-04
-1.40608e-04
-1.09856e-04
-1.37310e-04
-1.94018e-04
-2.48768e-04
-2.81888e-04
-2.84412e-04
-2.50867e-04
-1.78142e-04
-7.49953e-05
2.63575e-05
6.02555e-05
-7.16758e-05
-4.81958e-04
-1.25091e-03
-2.34725e-03
-3.56401e-03
-4.66310e-03
-5.49620e-03
-6.02251e-03
-6.33457e-03
-6.49210e-03
-6.42754e-03
-6.00848e-03
-5.11951e-03
-3.75022e-03
-2.12578e-03
-7.78372e-04
-1.30214e-04
-1.67594e-04
-7.90627e-04
-1.97800e-03
-3.55369e-03
-5.01986e-03
-5.89255e-03
-6.15339e-03
-5.95436e-03
-5.30854e-03
-4.21828e-03
-2.84949e-03
-1.41987e-03
-1.75929e-05
1.32716e-03
2.59434e-03
3.76123e-03
4.83071e-03
5.65657e-03
5.98487e-03
5.88385e-03
5.70021e-03
5.55859e-03
5.37676e-03
5.12602e-03
4.86629e-03
4.69768e-03
4.75029e-03
5.05542e-03
5.39452e-03
5.61338e-03
5.71650e-03
5.67115e-03
5.36897e-03
4.71780e-03
3.72791e-03
2.57129e-03
1.51714e-03
7.29711e-04
2.49968e-04
-5.86661e-05
-4.14259e-04
-9.45514e-04
-1.64261e-03
-2.33399e-03
-2.74056e-03
-2.73805e-03
-2.38573e-03
-1.77249e-03
-1.04793e-03
-4.38908e-04
-1.42732e-05
3.13544e-04
5.61875e-04
6.25757e-04
4.34204e-04
1.70075e-04
-1.50472e-05
-1.97966e-04
-4.81852e-04
-8.67991e-04
-1.27231e-03
-1.52568e-03
-1.41434e-03
-9.67944e-04
-5.26241e-04
-2.97253e-04
-2.09730e-04
-1.74680e-04
-1.81360e-04
-2.17643e-04
-2.37480e-04
-1.89449e-04
-4.15800e-05
2.08441e-04
5.16873e-04
7.70242e-04
8.37939e-04
7.85950e-04
6.93887e-04
4.45861e-04
1.02568e-04
-1.13260e-04
-1.67356e-04
-1.44061e-04
-9.00883e-05
-3.46806e-05
-4.04530e-05
-1.93851e-04
-5.66267e-04
-1.17285e-03
-1.91828e-03
-2.57229e-03
-2.97159e-03
-3.16696e-03
-3.23095e-03
-3.14540e-03
-2.87277e-03
-2.42418e-03
-1.88608e-03
-1.45015e-03
-1.42062e-03
-1.99691e-03
-2.99298e-03
-4.07496e-03
-5.05628e-03
-5.68530e-03
-5.63049e-03
-4.80366e-03
-3.38042e-03
-1.73470e-03
-3.46268e-04
5.00596e-04
7.58054e-04
3.52954e-04
-6.80724e-04
-1.84593e-03
-2.59661e-03
-2.93441e-03
-3.10311e-03
-3.20285e-03
-3.23888e-03
-3.22181e-03
-3.14949e-03
-2.97444e-03
-2.63243e-03
-2.09786e-03
-1.44406e-03
-8.85688e-04
-6.62909e-04
-7.67671e-04
-9.97464e-04
-1.11907e-03
-8.68038e-04
-8.10280e-05
9.66810e-04
1.82875e-03
2.55717e-03
3.49658e-03
4.76773e-03
6.16721e-03
7.29140e-03
7.85286e-03
7.89859e-03
7.61268e-03
7.12313e-03
6.57565e-03
6.13806e-03
5.72916e-03
5.02765e-03
3.76118e-03
1.88089e-03
-4.18327e-04
-2.89846e-03
-5.34741e-03
-7.36473e-03
-8.62538e-03
-9.21669e-03
-9.36359e-03
-9.10774e-03
-8.43160e-03
-7.56926e-03
-6.68064e-03
-5.74203e-03
-4.77651e-03
-3.87578e-03
-3.23923e-03
-2.98356e-03
-3.04284e-03
-3.34211e-03
-3.83391e-03
-4.38858e-03
-4.71799e-03
-4.41911e-03
-3.30260e-03
-1.65462e-03
1.04980e-04
1.83017e-03
3.48008e-03
4.87916e-03
5.76612e-03
5.90735e-03
5.21816e-03
3.88929e-03
2.30699e-03
6.41630e-04
-1.11182e-03
-2.88204e-03
-4.46929e-03
-5.56498e-03
-6.03047e-03
-5.97987e-03
-5.52027e-03
-4.68178e-03
-3.55885e-03
-2.26097e-03
-7.82169e-04
7.63492e-04
2.07834e-03
3.04212e-03
3.77471e-03
4.31534e-03
4.53723e-03
4.29189e-03
3.53058e-03
2.39026e-03
1.15108e-03
2.75268e-05
-8.41696e-04
-1.40962e-03
-1.61862e-03
-1.42478e-03
-1.10893e-03
-1.08855e-03
-1.41058e-03
-1.79016e-03
-1.86210e-03
-1.35970e-03
-3.93594e-04
6.46444e-04
1.49229e-03
2.03971e-03
2.33838e-03
2.55335e-03
2.82859e-03
3.24159e-03
3.79417e-03
4.37074e-03
4.78709e-03
5.05806e-03
5.39256e-03
5.96308e-03
6.81973e-03
7.87543e-03
8.92932e-03
9.85026e-03
1.05755e-02
1.11504e-02
1.17448e-02
1.24434e-02
1.31170e-02
1.34127e-02
1.29046e-02
1.16385e-02
1.00721e-02
8.43079e-03
6.74450e-03
5.04537e-03
3.20725e-03
1.09510e-03
-1.13597e-03
-3.35169e-03
-5.55655e-03
-7.63938e-03
-9.46479e-03
-1.10717e-02
-1.25350e-02
-1.38284e-02
-1.48856e-02
-1.56686e-02
-1.62195e-02
-1.67288e-02
-1.75442e-02
-1.86705e-02
-1.94746e-02
-1.94013e-02
-1.85183e-02
-1.71268e-02
-1.53537e-02
-1.32446e-02
-1.09714e-02
-8.67514e-03
-6.30099e-03
-3.80751e-03
-1.43591e-03
4.55634e-04
1.66382e-03
2.24967e-03
2.45715e-03
2.48227e-03
2.41399e-03
2.31283e-03
2.25195e-03
2.30716e-03
2.55150e-03
3.04533e-03
3.79931e-03
4.72628e-03
5.75880e-03
6.98249e-03
8.40038e-03
9.80124e-03
1.09600e-02
1.16820e-02
1.19867e-02
1.21325e-02
1.21194e-02
1.17415e-02
1.10133e-02
9.92810e-03
8.37670e-03
6.47596e-03
4.65867e-03
3.33223e-03
2.58981e-03
2.25326e-03
2.15060e-03
2.23420e-03
2.49607e-03
2.90116e-03
3.36980e-03
3.75217e-03
3.79614e-03
3.25364e-03
2.22785e-03
1.16384e-03
4.22076e-04
1.73130e-04
3.65240e-04
7.25123e-04
8.51584e-04
3.40215e-04
-9.72836e-04
-3.13838e-03
-6.12223e-03
-9.51206e-03
-1.27696e-02
-1.55506e-02
-1.76239e-02
-1.90181e-02
-1.99344e-02
-2.03683e-02
-2.02608e-02
-1.97166e-02
-1.88953e-02
-1.79268e-02
-1.67845e-02
-1.53574e-02
-1.37092e-02
-1.19940e-02
-1.03801e-02
-9.09523e-03
-8.44505e-03
-8.48105e-03
-8.71160e-03
-8.65745e-03
-8.25212e-03
-7.60461e-03
-6.83212e-03
-5.95158e-03
-4.84370e-03
-3.47432e-03
-1.85566e-03
2.69588e-05
1.92642e-03
3.38672e-03
4.32233e-03
4.92488e-03
5.20212e-03
5.13708e-03
4.79159e-03
4.23946e-03
3.60023e-03
3.09747e-03
2.89384e-03
2.92280e-03
3.20827e-03
3.98932e-03
5.25314e-03
6.74585e-03
8.26524e-03
9.47253e-03
1.00005e-02
9.89008e-03
9.24623e-03
7.97262e-03
6.28828e-03
4.76454e-03
3.81631e-03
3.59451e-03
4.13304e-03
5.22323e-03
6.55750e-03
7.97189e-03
9.38166e-03
1.08581e-02
1.25606e-02
1.42784e-02
1.56218e-02
1.65077e-02
1.71526e-02
1.76864e-02
1.79853e-02
1.78901e-02
1.74129e-02
1.65576e-02
1.54002e-02
1.40430e-02
1.25298e-02
1.08414e-02
9.11845e-03
7.63333e-03
6.31064e-03
4.93597e-03
3.54834e-03
2.16160e-03
4.65990e-04
-1.82728e-03
-4.61282e-03
-7.58638e-03
-1.05108e-02
-1.31792e-02
-1.54327e-02
-1.74001e-02
-1.93092e-02
-2.11555e-02
-2.24643e-02
-2.27863e-02
-2.22847e-02
-2.15368e-02
-2.07121e-02
-1.95100e-02
-1.77642e-02
-1.56374e-02
-1.33151e-02
-1.08023e-02
-8.16959e-03
-5.49835e-03
-2.79746e-03
-1.26585e-06
2.88931e-03
5.62486e-03
7.83671e-03
9.19904e-03
9.54733e-03
9.02313e-03
8.03737e-03
7.09595e-03
6.58043e-03
6.67870e-03
7.28642e-03
7.98828e-03
8.43018e-03
8.50762e-03
8.35945e-03
8.17145e-03
7.90465e-03
7.43778e-03
6.75374e-03
5.96453e-03
5.29590e-03
4.90085e-03
4.73518e-03
4.74838e-03
4.98121e-03
5.47445e-03
6.17683e-03
6.88794e-03
7.24814e-03
6.96416e-03
6.01855e-03
4.54402e-03
2.60012e-03
2.06705e-04
-2.46111e-03
-5.16372e-03
-7.73183e-03
-9.90909e-03
-1.13304e-02
-1.19832e-02
-1.22124e-02
-1.22971e-02
-1.23341e-02
-1.23528e-02
-1.23616e-02
-1.23229e-02
-1.21600e-02
-1.18038e-02
-1.12482e-02
-1.06071e-02
-1.01411e-02
-1.00803e-02
-1.03758e-02
-1.08026e-02
-1.12100e-02
-1.15840e-02
-1.17737e-02
-1.16437e-02
-1.10910e-02
-9.84506e-03
-7.87564e-03
-5.55929e-03
-3.26683e-03
-1.12373e-03
9.30377e-04
2.97690e-03
4.93481e-03
6.72728e-03
8.37992e-03
9.80803e-03
1.09441e-02
1.19147e-02
1.27844e-02
1.34408e-02
1.38892e-02
1.42541e-02
1.45432e-02
1.46928e-02
1.48151e-02
1.50199e-02
1.53571e-02
1.56819e-02
1.56365e-02
1.50974e-02
1.43005e-02
1.36674e-02
1.36819e-02
1.45344e-02
1.58380e-02
1.70995e-02
1.81539e-02
1.89499e-02
1.94676e-02
1.97270e-02
1.96602e-02
1.90808e-02
1.77708e-02
1.56278e-02
1.27966e-02
9.58486e-03
6.31127e-03
3.26627e-03
5.79228e-04
-1.65818e-03
-3.40414e-03
-4.71072e-03
-5.61424e-03
-6.10780e-03
-6.28494e-03
-6.39438e-03
-6.67413e-03
-7.26794e-03
-8.22586e-03
-9.44481e-03
-1.06146e-02
-1.14221e-02
-1.18783e-02
-1.22743e-02
-1.28699e-02
-1.37301e-02
-1.45572e-02
-1.49972e-02
-1.51294e-02
-1.51912e-02
-1.52908e-02
-1.54767e-02
-1.58006e-02
-1.62574e-02
-1.66989e-02
-1.68404e-02
-1.64819e-02
-1.55190e-02
-1.39037e-02
-1.17537e-02
-9.09928e-03
-5.95801e-03
-2.63949e-03
3.64733e-04
2.76508e-03
4.63749e-03
6.04245e-03
6.86204e-03
7.18847e-03
7.40185e-03
7.84783e-03
8.69437e-03
9.94190e-03
1.13704e-02
1.26222e-02
1.35291e-02
1.41559e-02
1.44744e-02
1.42509e-02
1.33535e-02
1.19183e-02
1.00762e-02
8.04075e-03
6.09332e-03
4.31266e-03
2.88592e-03
2.11218e-03
1.94344e-03
2.16123e-03
2.67066e-03
3.41265e-03
4.21711e-03
4.93384e-03
5.62947e-03
6.38164e-03
7.06033e-03
7.49687e-03
7.72933e-03
7.84416e-03
7.79778e-03
7.46382e-03
6.72721e-03
5.55359e-03
4.07067e-03
2.53708e-03
1.04663e-03
-5.44914e-04
-2.23914e-03
-3.87744e-03
-5.62791e-03
-7.73022e-03
-9.92438e-03
-1.15733e-02
-1.22494e-02
-1.18976e-02
-1.10295e-02
-1.03465e-02
-9.95478e-03
-9.56232e-03
-8.97328e-03
-8.13575e-03
-7.07901e-03
-5.91881e-03
-4.72224e-03
-3.50947e-03
-2.24835e-03
-9.71196e-04
9.17285e-05
8.17337e-04
1.39236e-03
1.87857e-03
2.21687e-03
2.45525e-03
2.72334e-03
3.28521e-03
4.22260e-03
5.18394e-03
5.59780e-03
5.14970e-03
4.09547e-03
3.02681e-03
2.33676e-03
2.00362e-03
1.87177e-03
1.87281e-03
1.96438e-03
2.05426e-03
2.02167e-03
1.75725e-03
1.18921e-03
3.23092e-04
-6.90034e-04
-1.58597e-03
-2.33099e-03
-3.25386e-03
-4.45776e-03
-5.57886e-03
-6.32035e-03
-6.78756e-03
-7.22586e-03
-7.72303e-03
-8.19978e-03
-8.52492e-03
-8.76112e-03
-9.13008e-03
-9.56311e-03
-9.79530e-03
-9.70539e-03
-9.22756e-03
-8.25447e-03
-6.76342e-03
-4.93854e-03
-2.98240e-03
-9.06088e-04
1.24439e-03
3.27803e-03
5.06458e-03
6.44035e-03
7.17844e-03
7.27177e-03
6.91819e-03
6.30698e-03
5.63853e-03
5.18587e-03
5.06008e-03
5.10463e-03
5.09307e-03
4.82530e-03
4.11226e-03
2.89675e-03
1.52319e-03
3.84542e-04
-4.52419e-04
-1.16188e-03
-1.98968e-03
-3.05602e-03
-4.24114e-03
-5.23384e-03
-5.93217e-03
-6.41271e-03
-6.60985e-03
-6.49395e-03
-6.14355e-03
-5.63443e-03
-4.86060e-03
-3.71520e-03
-2.51597e-03
-1.72357e-03
-1.38878e-03
-1.19535e-03
-8.31080e-04
-5.00388e-05
1.57168e-03
4.38967e-03
8.07252e-03
1.19033e-02
1.54008e-02
1.82745e-02
2.02727e-02
2.12692e-02
2.13875e-02
2.09285e-02
2.01433e-02
1.90506e-02
1.76613e-02
1.62029e-02
1.47531e-02
1.32224e-02
1.17850e-02
1.08083e-02
1.03856e-02
1.03288e-02
1.04847e-02
1.07713e-02
1.10369e-02
1.10077e-02
1.03341e-02
8.68481e-03
5.91443e-03
2.28130e-03
-1.64730e-03
-5.36847e-03
-8.54567e-03
-1.10181e-02
-1.27091e-02
-1.36255e-02
-1.38845e-02
-1.36783e-02
-1.32462e-02
-1.27897e-02
-1.25673e-02
-1.27257e-02
-1.32690e-02
-1.41463e-02
-1.52050e-02
-1.62635e-02
-1.72413e-02
-1.79785e-02
-1.82257e-02
-1.78948e-02
-1.70137e-02
-1.56466e-02
-1.38904e-02
-1.18049e-02
-9.52213e-03
-7.32407e-03
-5.57463e-03
-4.41195e-03
-3.81782e-03
-3.72698e-03
-4.06210e-03
-4.64439e-03
-5.13836e-03
-5.46975e-03
-5.69052e-03
-5.78810e-03
-5.59976e-03
-4.95932e-03
-3.71309e-03
-1.87238e-03
4.19303e-04
2.90762e-03
5.30434e-03
7.42765e-03
9.10591e-03
1.01087e-02
1.04952e-02
1.05156e-02
1.02839e-02
9.80159e-03
9.10397e-03
8.33526e-03
7.67813e-03
7.11829e-03
6.49814e-03
5.78298e-03
5.04610e-03
4.18159e-03
2.96707e-03
1.40434e-03
-2.23217e-04
-1.69825e-03
-3.06796e-03
-4.30255e-03
-5.07146e-03
-5.13762e-03
-4.74791e-03
-4.35790e-03
-4.11437e-03
-3.90621e-03
-3.68286e-03
-3.50411e-03
-3.47302e-03
-3.72449e-03
-4.42761e-03
-5.71388e-03
-7.54087e-03
-9.58462e-03
-1.14161e-02
-1.27965e-02
-1.37601e-02
-1.44310e-02
-1.49560e-02
-1.53413e-02
-1.54811e-02
-1.53607e-02
-1.49816e-02
-1.42930e-02
-1.32884e-02
-1.20651e-02
-1.06497e-02
-8.95171e-03
-6.82429e-03
-4.17673e-03
-1.02473e-03
2.54356e-03
6.13029e-03
9.15743e-03
1.13657e-02
1.29171e-02
1.41565e-02
1.53391e-02
1.63989e-02
1.69519e-02
1.67888e-02
1.60606e-02
1.50188e-02
1.39551e-02
1.29144e-02
1.17013e-02
1.02870e-02
8.98499e-03
8.17154e-03
7.88208e-03
7.86207e-03
7.87573e-03
7.75816e-03
7.33713e-03
6.46274e-03
5.13079e-03
3.59458e-03
2.25915e-03
1.32988e-03
7.69794e-04
6.11671e-04
9.14217e-04
1.61048e-03
2.75724e-03
4.46352e-03
6.57419e-03
8.68912e-03
1.04736e-02
1.16547e-02
1.20245e-02
1.17391e-02
1.09972e-02
9.79285e-03
8.21208e-03
6.27057e-03
3.79387e-03
8.41586e-04
-2.15490e-03
-4.91198e-03
-7.40935e-03
-9.65141e-03
-1.16468e-02
-1.34026e-02
-1.47718e-02
-1.56383e-02
-1.60969e-02
-1.62173e-02
-1.60032e-02
-1.55997e-02
-1.50523e-02
-1.42373e-02
-1.31116e-02
-1.17219e-02
-1.00109e-02
-8.01725e-03
-6.13061e-03
-4.71545e-03
-3.56650e-03
-2.20534e-03
-4.70060e-04
1.43963e-03
3.33398e-03
5.18472e-03
6.84247e-03
7.99985e-03
8.38569e-03
8.20154e-03
8.00304e-03
8.04329e-03
8.20281e-03
8.29174e-03
8.09937e-03
7.33633e-03
5.81098e-03
3.80172e-03
1.77554e-03
-2.36431e-04
-2.40608e-03
-4.56896e-03
-6.54453e-03
-8.36786e-03
-1.00997e-02
-1.18461e-02
-1.35999e-02
-1.50318e-02
-1.59243e-02
-1.63666e-02
-1.63423e-02
-1.56589e-02
-1.44307e-02
-1.32015e-02
-1.22501e-02
-1.13928e-02
-1.05246e-02
-9.82515e-03
-9.40616e-03
-9.05892e-03
-8.36156e-03
-7.17197e-03
-5.69146e-03
-3.92685e-03
-1.91540e-03
6.38555e-05
1.77622e-03
3.06706e-03
3.94435e-03
4.54314e-03
4.87234e-03
4.96523e-03
4.89327e-03
4.66473e-03
4.25502e-03
3.68757e-03
3.10154e-03
2.77025e-03
2.90892e-03
3.40818e-03
3.95585e-03
4.37253e-03
4.78925e-03
5.41427e-03
6.30922e-03
7.37955e-03
8.50075e-03
9.48119e-03
1.00051e-02
1.00487e-02
9.81632e-03
9.47187e-03
9.15450e-03
8.88407e-03
8.37854e-03
7.41319e-03
6.26675e-03
5.31175e-03
4.41252e-03
3.24044e-03
1.78241e-03
4.03221e-04
-4.85429e-04
-9.27976e-04
-1.19841e-03
-1.39128e-03
-1.43526e-03
-1.22000e-03
-6.26310e-04
4.47411e-04
1.97255e-03
3.64941e-03
5.07140e-03
6.18430e-03
7.05937e-03
7.59202e-03
7.75406e-03
7.63017e-03
7.24566e-03
6.56793e-03
5.62345e-03
4.49585e-03
3.12538e-03
1.42516e-03
-4.65698e-04
-2.39813e-03
-4.40826e-03
-6.45269e-03
-8.37565e-03
-1.00868e-02
-1.14192e-02
-1.21978e-02
-1.25153e-02
-1.25972e-02
-1.25556e-02
-1.24067e-02
-1.21659e-02
-1.18741e-02
-1.16024e-02
-1.14038e-02
-1.11178e-02
-1.06073e-02
-1.00399e-02
-9.49832e-03
-8.79333e-03
-7.77993e-03
-6.49964e-03
-5.00245e-03
-3.47974e-03
-2.13242e-03
-9.16619e-04
3.70216e-04
1.95120e-03
4.06981e-03
6.85470e-03
9.97315e-03
1.27359e-02
1.46564e-02
1.56489e-02
1.58368e-02
1.54012e-02
1.45273e-02
1.34480e-02
1.23141e-02
1.11214e-02
9.95553e-03
8.97110e-03
8.22648e-03
7.65426e-03
7.07363e-03
6.38705e-03
5.70969e-03
5.33025e-03
5.44168e-03
5.94666e-03
6.58619e-03
7.02162e-03
6.96772e-03
6.37716e-03
5.35306e-03
3.92862e-03
2.00404e-03
-3.31522e-04
-2.69204e-03
-4.71704e-03
-6.27081e-03
-7.44298e-03
-8.41566e-03
-9.20727e-03
-9.75195e-03
-1.01639e-02
-1.05900e-02
-1.10203e-02
-1.14669e-02
-1.20389e-02
-1.27302e-02
-1.35491e-02
-1.45039e-02
-1.53946e-02
-1.58893e-02
-1.59479e-02
-1.58891e-02
-1.58389e-02
-1.56341e-02
-1.52218e-02
-1.47288e-02
-1.39474e-02
-1.26248e-02
-1.08981e-02
-9.01223e-03
-6.81134e-03
-3.95477e-03
-2.95908e-04
3.90097e-03
8.11986e-03
1.20533e-02
1.56699e-02
1.88221e-02
2.12217e-02
2.28408e-02
2.39105e-02
2.45734e-02
2.49208e-02
2.50681e-02
2.50140e-02
2.46096e-02
2.36562e-02
2.20369e-02
1.97657e-02
1.69058e-02
1.37098e-02
1.05892e-02
7.67937e-03
4.81347e-03
1.90087e-03
-8.22679e-04
-3.16478e-03
-5.18430e-03
-6.96636e-03
-8.37020e-03
-9.15304e-03
-9.33523e-03
-9.14551e-03
-8.76346e-03
-8.26217e-03
-7.53055e-03
-6.49563e-03
-5.27839e-03
-4.22286e-03
-3.58233e-03
-3.29460e-03
-3.25497e-03
-3.28945e-03
-3.25576e-03
-3.28072e-03
-3.64872e-03
-4.63598e-03
-6.42218e-03
-8.93346e-03
-1.16723e-02
-1.40257e-02
-1.57265e-02
-1.67720e-02
-1.71357e-02
-1.68108e-02
-1.59905e-02
-1.47610e-02
-1.29165e-02
-1.03247e-02
-7.08208e-03
-3.33729e-03
7.57488e-04
5.06251e-03
9.50704e-03
1.40218e-02
1.84907e-02
2.25397e-02
2.57354e-02
2.80754e-02
2.97868e-02
3.09055e-02
3.12698e-02
3.09555e-02
3.02830e-02
2.93468e-02
2.81117e-02
2.67754e-02
2.57441e-02
2.52092e-02
2.49745e-02
2.47610e-02
2.44200e-02
2.38997e-02
2.32351e-02
2.26134e-02
2.22858e-02
2.22947e-02
2.25237e-02
2.28557e-02
2.31441e-02
2.32407e-02
2.32799e-02
2.35887e-02
2.41506e-02
2.46055e-02
2.47618e-02
2.46284e-02
2.41397e-02
2.31514e-02
2.15223e-02
1.90934e-02
1.59444e-02
1.21600e-02
7.59480e-03
2.25378e-03
-3.47729e-03
-9.30662e-03
-1.53700e-02
-2.19543e-02
-2.92324e-02
-3.71387e-02
-4.53549e-02
-5.36359e-02
-6.17975e-02
-6.94784e-02
-7.63654e-02
-8.22572e-02
-8.69895e-02
-9.05382e-02
-9.28618e-02
-9.38847e-02
-9.35503e-02
-9.15925e-02
-8.78022e-02
-8.23382e-02
-7.53298e-02
-6.66259e-02
-5.61044e-02
-4.37538e-02
-2.95938e-02
-1.37767e-02
3.26386e-03
2.06079e-02
3.72433e-02
5.25142e-02
6.59909e-02
7.71139e-02
8.50728e-02
8.92508e-02
8.94545e-02
8.58766e-02
7.93009e-02
7.07910e-02
6.09845e-02
5.00896e-02
3.83289e-02
2.60953e-02
1.37328e-02
1.47397e-03
-1.02990e-02
-2.13870e-02
-3.16777e-02
-4.05447e-02
-4.70081e-02
-5.05851e-02
-5.13670e-02
-4.96557e-02
-4.58141e-02
-4.02716e-02
-3.33125e-02
-2.50096e-02
-1.55613e-02
-5.24517e-03
5.52477e-03
1.60561e-02
2.56287e-02
3.36792e-02
3.97578e-02
4.37446e-02
4.58654e-02
4.61296e-02
4.44525e-02
4.10717e-02
3.63228e-02
3.04682e-02
2.37683e-02
1.64587e-02
8.63370e-03
3.12704e-04
-8.36556e-03
-1.72055e-02
-2.60532e-02
-3.45795e-02
-4.20955e-02
-4.77925e-02
-5.09893e-02
-5.13643e-02
-4.87710e-02
-4.31948e-02
-3.48111e-02
-2.38163e-02
-1.04924e-02
4.42160e-03
1.99678e-02
3.53680e-02
5.02070e-02
6.43825e-02
7.76738e-02
8.95213e-02
9.94672e-02
1.07245e-01
1.12612e-01
1.15378e-01
1.15537e-01
1.13235e-01
1.08653e-01
1.02122e-01
9.40170e-02
8.46359e-02
7.41907e-02
6.29133e-02
5.11909e-02
3.94674e-02
2.78681e-02
1.61731e-02
4.13511e-03
-8.33413e-03
-2.10993e-02
-3.36722e-02
-4.51982e-02
-5.47733e-02
-6.18141e-02
-6.62300e-02
-6.84397e-02
-6.92641e-02
-6.97188e-02
-7.06475e-02
-7.25783e-02
-7.56810e-02
-7.97602e-02
-8.43881e-02
-8.90987e-02
-9.36185e-02
-9.78301e-02
-1.01587e-01
-1.04702e-01
-1.06945e-01
-1.08259e-01
-1.08681e-01
-1.08077e-01
-1.06188e-01
-1.02573e-01
-9.67391e-02
-8.84150e-02
-7.76592e-02
-6.46871e-02
-4.98706e-02
-3.39257e-02
-1.78082e-02
-2.33323e-03
1.20768e-02
2.54112e-02
3.77919e-02
4.91347e-02
5.91874e-02
6.75249e-02
7.38499e-02
7.81204e-02
8.02512e-02
8.00545e-02
7.72100e-02
7.15371e-02
6.32627e-02
5.28965e-02
4.12197e-02
2.89645e-02
1.65368e-02
4.24737e-03
-7.69047e-03
-1.92609e-02
-3.03737e-02
-4.05159e-02
-4.89412e-02
-5.51254e-02
-5.89486e-02
-6.07597e-02
-6.10614e-02
-6.01925e-02
-5.83045e-02
-5.54022e-02
-5.14037e-02
-4.64130e-02
-4.06752e-02
-3.42875e-02
-2.72199e-02
-1.95455e-02
-1.15320e-02
-3.49649e-03
4.40448e-03
1.23827e-02
2.10990e-02
3.10707e-02
4.20858e-02
5.33707e-02
6.40008e-02
7.30200e-02
7.95381e-02
8.30189e-02
8.34255e-02
8.10489e-02
7.61214e-02
6.87412e-02
5.92207e-02
4.81764e-02
3.61852e-02
2.37915e-02
1.15013e-02
-2.95902e-04
-1.13300e-02
-2.11918e-02
-2.93333e-02
-3.56568e-02
-4.04362e-02
-4.37817e-02
-4.56914e-02
-4.62417e-02
-4.55595e-02
-4.37747e-02
-4.10283e-02
-3.74152e-02
-3.26715e-02
-2.61917e-02
-1.76134e-02
-7.18400e-03
4.37985e-03
1.62143e-02
2.76516e-02
3.83114e-02
4.79122e-02
5.61085e-02
6.23376e-02
6.59219e-02
6.63382e-02
6.33219e-02
5.69133e-02
4.76079e-02
3.63419e-02
2.41322e-02
1.18793e-02
4.91120e-04
-9.18777e-03
-1.67739e-02
-2.22827e-02
-2.57160e-02
-2.72923e-02
-2.77300e-02
-2.78527e-02
-2.79595e-02
-2.78763e-02
-2.73258e-02
-2.61967e-02
-2.48458e-02
-2.38340e-02
-2.32824e-02
-2.29008e-02
-2.21633e-02
-2.05651e-02
-1.80113e-02
-1.46282e-02
-1.04685e-02
-5.68378e-03
-7.55017e-04
3.62887e-03
6.73575e-03
8.18536e-03
7.95805e-03
6.05592e-03
2.69490e-03
-1.64779e-03
-6.40006e-03
-1.08569e-02
-1.43517e-02
-1.66114e-02
-1.79240e-02
-1.88991e-02
-2.00062e-02
-2.13238e-02
-2.25036e-02
-2.28708e-02
-2.19828e-02
-1.99160e-02
-1.69975e-02
-1.35025e-02
-9.34072e-03
-4.13136e-03
2.39343e-03
1.03281e-02
1.96082e-02
2.97755e-02
4.01530e-02
5.02207e-02
5.94506e-02
6.71827e-02
7.27543e-02
7.56169e-02
7.53884e-02
7.18974e-02
6.54227e-02
5.65749e-02
4.60312e-02
3.45747e-02
2.29806e-02
1.18817e-02
1.82830e-03
-6.66140e-03
-1.30969e-02
-1.72339e-02
-1.93168e-02
-1.99373e-02
-1.95441e-02
-1.82014e-02
-1.58242e-02
-1.22647e-02
-7.44178e-03
-1.44403e-03
5.46039e-03
1.28722e-02
2.02427e-02
2.68245e-02
3.19329e-02
3.54303e-02
3.76364e-02
3.89108e-02
3.93581e-02
3.89335e-02
3.74816e-02
3.47791e-02
3.07739e-02
2.55843e-02
1.92830e-02
1.20459e-02
4.13410e-03
-4.22852e-03
-1.26889e-02
-2.07916e-02
-2.81082e-02
-3.42101e-02
-3.87100e-02
-4.15226e-02
-4.28745e-02
-4.30858e-02
-4.24173e-02
-4.09357e-02
-3.87987e-02
-3.63309e-02
-3.40152e-02
-3.23951e-02
-3.18824e-02
-3.25688e-02
-3.41032e-02
-3.59401e-02
-3.77829e-02
-3.97294e-02
-4.20610e-02
-4.49223e-02
-4.82245e-02
-5.16310e-02
-5.47886e-02
-5.72729e-02
-5.85222e-02
-5.81905e-02
-5.61139e-02
-5.21486e-02
-4.63119e-02
-3.87421e-02
-2.97565e-02
-1.97985e-02
-9.24014e-03
1.68314e-03
1.26643e-02
2.32677e-02
3.30364e-02
4.14472e-02
4.82055e-02
5.31756e-02
5.63656e-02
5.82339e-02
5.93112e-02
5.98620e-02
5.99225e-02
5.93248e-02
5.78719e-02
5.57977e-02
5.37743e-02
5.21851e-02
5.08102e-02
4.91128e-02
4.66649e-02
4.33901e-02
3.94346e-02
3.49788e-02
3.01372e-02
2.50428e-02
1.98743e-02
1.47381e-02
9.76321e-03
4.97729e-03
2.70732e-04
-4.40578e-03
-8.91886e-03
-1.30532e-02
-1.67685e-02
-2.01398e-02
-2.32800e-02
-2.61578e-02
-2.85987e-02
-3.05685e-02
-3.21834e-02
-3.34602e-02
-3.43194e-02
-3.49193e-02
-3.54512e-02
-3.58787e-02
-3.61873e-02
-3.63836e-02
-3.63807e-02
-3.62051e-02
-3.59704e-02
-3.55466e-02
-3.46557e-02
-3.31358e-02
-3.09940e-02
-2.80829e-02
-2.42467e-02
-1.99106e-02
-1.57326e-02
-1.19766e-02
-8.42726e-03
-4.88450e-03
-1.46697e-03
1.68816e-03
4.51515e-03
7.03265e-03
9.38878e-03
1.17819e-02
1.45113e-02
1.75924e-02
2.06695e-02
2.34933e-02
2.59562e-02
2.79195e-02
2.92690e-02
2.99154e-02
2.97456e-02
2.87878e-02
2.72269e-02
2.52435e-02
2.29726e-02
2.06955e-02
1.87745e-02
1.74151e-02
1.66819e-02
1.66492e-02
1.71232e-02
1.76254e-02
1.80995e-02
1.87669e-02
1.95035e-02
2.00534e-02
2.02185e-02
1.98126e-02
1.87298e-02
1.67472e-02
1.36326e-02
9.50780e-03
4.74951e-03
-4.58016e-04
-6.21109e-03
-1.24539e-02
-1.88432e-02
-2.50032e-02
-3.08163e-02
-3.63207e-02
-4.14419e-02
-4.59257e-02
-4.95023e-02
-5.20919e-02
-5.37298e-02
-5.43808e-02
-5.38668e-02
-5.21089e-02
-4.93397e-02
-4.58671e-02
-4.18909e-02
-3.76055e-02
-3.31460e-02
-2.85844e-02
-2.40008e-02
-1.95777e-02
-1.56353e-02
-1.24317e-02
-1.00611e-02
-8.41430e-03
-7.23350e-03
-6.32824e-03
-5.80013e-03
-6.01401e-03
-6.99942e-03
-8.23487e-03
-9.13904e-03
-9.50565e-03
-9.35134e-03
-8.58911e-03
-7.02928e-03
-4.37720e-03
-3.19652e-04
5.02253e-03
1.11752e-02
1.79731e-02
2.55061e-02
3.36666e-02
4.22655e-02
5.12933e-02
6.04258e-02
6.89911e-02
7.65339e-02
8.27813e-02
8.76292e-02
9.10439e-02
9.30735e-02
9.39806e-02
9.40364e-02
9.32088e-02
9.12057e-02
8.76484e-02
8.21694e-02
7.48297e-02
6.62306e-02
5.70279e-02
4.77044e-02
3.86215e-02
2.98876e-02
2.14339e-02
1.31750e-02
4.97734e-03
-3.39244e-03
-1.19544e-02
-2.03936e-02
-2.82780e-02
-3.52162e-02
-4.09614e-02
-4.55540e-02
-4.91897e-02
-5.19437e-02
-5.39469e-02
-5.55441e-02
-5.71145e-02
-5.87100e-02
-5.98775e-02
-6.00125e-02
-5.87505e-02
-5.57907e-02
-5.10477e-02
-4.49781e-02
-3.82191e-02
-3.11444e-02
-2.41303e-02
-1.75943e-02
-1.19671e-02
-7.67425e-03
-4.70031e-03
-2.73962e-03
-1.71571e-03
-1.77244e-03
-2.92613e-03
-4.95971e-03
-7.67466e-03
-1.08831e-02
-1.41670e-02
-1.71532e-02
-1.97771e-02
-2.20944e-02
-2.41199e-02
-2.56950e-02
-2.66011e-02
-2.68224e-02
-2.62928e-02
-2.47205e-02
-2.17855e-02
-1.71451e-02
-1.06019e-02
-2.87531e-03
4.85665e-03
1.22184e-02
1.94115e-02
2.63153e-02
3.23340e-02
3.70146e-02
4.06215e-02
4.37096e-02
4.65078e-02
4.89449e-02
5.08893e-02
5.21211e-02
5.23222e-02
5.15296e-02
5.00143e-02
4.79397e-02
4.55940e-02
4.32093e-02
4.07910e-02
3.79174e-02
3.39241e-02
2.85355e-02
2.20030e-02
1.47853e-02
7.39701e-03
2.75713e-04
-6.33951e-03
-1.21849e-02
-1.68743e-02
-2.03115e-02
-2.28502e-02
-2.49174e-02
-2.67111e-02
-2.80940e-02
-2.87683e-02
-2.86142e-02
-2.76713e-02
-2.60122e-02
-2.37795e-02
-2.10078e-02
-1.79257e-02
-1.52635e-02
-1.36741e-02
-1.33071e-02
-1.39224e-02
-1.51435e-02
-1.67303e-02
-1.85572e-02
-2.04867e-02
-2.23344e-02
-2.38589e-02
-2.49375e-02
-2.55157e-02
-2.55294e-02
-2.49644e-02
-2.36028e-02
-2.11223e-02
-1.74496e-02
-1.26260e-02
-6.83458e-03
-5.55502e-04
5.72536e-03
1.16404e-02
1.67141e-02
2.05976e-02
2.32886e-02
2.50372e-02
2.61708e-02
2.69627e-02
2.74572e-02
2.75902e-02
2.74921e-02
2.73768e-02
2.72111e-02
2.66752e-02
2.56656e-02
2.43207e-02
2.25953e-02
2.02960e-02
1.72676e-02
1.34616e-02
8.81926e-03
3.50350e-03
-2.04110e-03
-7.22513e-03
-1.16471e-02
-1.51437e-02
-1.76878e-02
-1.93101e-02
-2.01156e-02
-2.03772e-02
-2.03756e-02
-2.02313e-02
-1.99522e-02
-1.95442e-02
-1.90615e-02
-1.85503e-02
-1.79174e-02
-1.71988e-02
-1.65556e-02
-1.60953e-02
-1.59264e-02
-1.59631e-02
-1.58647e-02
-1.55182e-02
-1.51666e-02
-1.48648e-02
-1.43027e-02
-1.31523e-02
-1.12888e-02
-8.80580e-03
-5.84773e-03
-2.47106e-03
1.22973e-03
4.99234e-03
8.60550e-03
1.20926e-02
1.56485e-02
1.93438e-02
2.27966e-02
2.55399e-02
2.75742e-02
2.91487e-02
3.03437e-02
3.11132e-02
3.14725e-02
3.15643e-02
3.14765e-02
3.11617e-02
3.05267e-02
2.95241e-02
2.82070e-02
2.66078e-02
2.44419e-02
2.12093e-02
1.67615e-02
1.13997e-02
5.38308e-03
-1.05222e-03
-7.35620e-03
-1.29615e-02
-1.77176e-02
-2.17847e-02
-2.53624e-02
-2.84461e-02
-3.08848e-02
-3.26071e-02
-3.34041e-02
-3.29865e-02
-3.13285e-02
-2.86932e-02
-2.54333e-02
-2.16500e-02
-1.72296e-02
-1.22013e-02
-6.89006e-03
-1.58400e-03
3.86002e-03
9.56559e-03
1.51418e-02
2.01491e-02
2.44818e-02
2.81406e-02
3.08686e-02
3.21881e-02
3.19541e-02
3.04871e-02
2.80343e-02
2.47154e-02
2.07946e-02
1.66251e-02
1.24164e-02
8.26585e-03
4.24542e-03
5.00276e-04
-2.58640e-03
-4.61089e-03
-5.39494e-03
-4.95450e-03
-3.37492e-03
-8.46029e-04
2.12896e-03
4.95685e-03
7.35384e-03
9.19326e-03
1.01360e-02
9.66560e-03
7.60913e-03
4.32718e-03
2.21903e-04
-4.38456e-03
-8.96979e-03
-1.30915e-02
-1.66477e-02
-1.94870e-02
-2.12504e-02
-2.19747e-02
-2.22315e-02
-2.26030e-02
-2.34409e-02
-2.49289e-02
-2.70407e-02
-2.95427e-02
-3.22080e-02
-3.47710e-02
-3.68663e-02
-3.83941e-02
-3.94628e-02
-4.00976e-02
-4.03034e-02
-4.00335e-02
-3.91139e-02
-3.73531e-02
-3.47542e-02
-3.16139e-02
-2.83488e-02
-2.52666e-02
-2.25066e-02
-2.02587e-02
-1.85186e-02
-1.70157e-02
-1.55497e-02
-1.40221e-02
-1.23933e-02
-1.06553e-02
-8.94110e-03
-7.38319e-03
-5.90371e-03
-4.38629e-03
-2.73817e-03
-8.96338e-04
1.18396e-03
3.43421e-03
5.73147e-03
8.12049e-03
1.07695e-02
1.36255e-02
1.64932e-02
1.95471e-02
2.32185e-02
2.74934e-02
3.17291e-02
3.51730e-02
3.74717e-02
3.87565e-02
3.92720e-02
3.91528e-02
3.82682e-02
3.62129e-02
3.28390e-02
2.83408e-02
2.27328e-02
1.58949e-02
7.93313e-03
-8.34920e-04
-9.98104e-03
-1.87519e-02
-2.60608e-02
-3.09273e-02
-3.27677e-02
-3.15122e-02
-2.74195e-02
-2.07996e-02
-1.23498e-02
-3.32645e-03
5.24441e-03
1.31379e-02
2.04940e-02
2.72772e-02
3.33098e-02
3.84595e-02
4.25470e-02
4.53609e-02
4.70742e-02
4.80945e-02
4.85024e-02
4.81221e-02
4.69543e-02
4.50264e-02
4.21627e-02
3.83717e-02
3.39800e-02
2.92700e-02
2.44075e-02
1.94119e-02
1.42279e-02
8.93857e-03
3.63423e-03
-1.75460e-03
-7.36387e-03
-1.32335e-02
-1.93020e-02
-2.53117e-02
-3.08160e-02
-3.56593e-02
-3.98358e-02
-4.33213e-02
-4.62550e-02
-4.88238e-02
-5.11042e-02
-5.31083e-02
-5.47699e-02
-5.57895e-02
-5.58689e-02
-5.49999e-02
-5.34039e-02
-5.13933e-02
-4.91885e-02
-4.68546e-02
-4.45849e-02
-4.27090e-02
-4.14034e-02
-4.06129e-02
-4.02339e-02
-4.00364e-02
-3.96197e-02
-3.85929e-02
-3.68089e-02
-3.45501e-02
-3.19986e-02
-2.89475e-02
-2.52468e-02
-2.08700e-02
-1.60499e-02
-1.12783e-02
-6.90411e-03
-2.92284e-03
9.21042e-04
4.67015e-03
8.15710e-03
1.14672e-02
1.46990e-02
1.77651e-02
2.06141e-02
2.31762e-02
2.51068e-02
2.60193e-02
2.57994e-02
2.48945e-02
2.42990e-02
2.47229e-02
2.62539e-02
2.86911e-02
3.16153e-02
3.45565e-02
3.72589e-02
3.96176e-02
4.16011e-02
4.32963e-02
4.47784e-02
4.60089e-02
4.68942e-02
4.73476e-02
4.73799e-02
4.71842e-02
4.70006e-02
4.68234e-02
4.65104e-02
4.59659e-02
4.51611e-02
4.41197e-02
4.27701e-02
4.08914e-02
3.82458e-02
3.47141e-02
3.05025e-02
2.61474e-02
2.22930e-02
1.93285e-02
1.71472e-02
1.53689e-02
1.39180e-02
1.30636e-02
1.28865e-02
1.31312e-02
1.34953e-02
1.37428e-02
1.37421e-02
1.34614e-02
1.28281e-02
1.18154e-02
1.03485e-02
8.40932e-03
6.12457e-03
3.57407e-03
8.47632e-04
-1.78543e-03
-4.10704e-03
-5.98676e-03
-7.46986e-03
-8.67580e-03
-9.73036e-03
-1.07952e-02
-1.21582e-02
-1.40641e-02
-1.65616e-02
-1.97516e-02
-2.38995e-02
-2.90869e-02
-3.48241e-02
-4.04867e-02
-4.59059e-02
-5.10941e-02
-5.58249e-02
-5.98775e-02
-6.30014e-02
-6.48704e-02
-6.51891e-02
-6.38374e-02
-6.10424e-02
-5.71025e-02
-5.21681e-02
-4.64127e-02
-4.00305e-02
-3.31362e-02
-2.58937e-02
-1.86350e-02
-1.16275e-02
-4.88074e-03
1.56663e-03
7.45066e-03
1.26027e-02
1.70932e-02
2.10257e-02
2.43407e-02
2.69952e-02
2.90601e-02
3.06204e-02
3.17438e-02
3.23961e-02
3.25530e-02
3.22127e-02
3.12676e-02
2.95679e-02
2.70034e-02
2.31975e-02
1.76892e-02
1.06648e-02
2.77399e-03
-5.35147e-03
-1.30894e-02
-1.98578e-02
-2.53174e-02
-2.95014e-02
-3.25325e-02
-3.44748e-02
-3.54148e-02
-3.52863e-02
-3.39378e-02
-3.13493e-02
-2.75413e-02
-2.26884e-02
-1.72158e-02
-1.14648e-02
-5.56241e-03
4.23754e-04
6.39882e-03
1.22392e-02
1.78220e-02
2.32218e-02
2.86283e-02
3.39935e-02
3.91087e-02
4.37890e-02
4.77079e-02
5.03361e-02
5.13927e-02
5.10968e-02
4.98468e-02
4.77779e-02
4.48378e-02
4.12718e-02
3.74967e-02
3.36654e-02
2.96538e-02
2.52879e-02
2.06729e-02
1.61462e-02
1.19077e-02
7.85663e-03
3.94565e-03
5.36166e-04
-2.04888e-03
-3.74072e-03
-4.48932e-03
-4.40555e-03
-3.67657e-03
-2.44891e-03
-9.59985e-04
4.78872e-04
1.78704e-03
3.10608e-03
4.40452e-03
5.42003e-03
5.92821e-03
5.79892e-03
5.09251e-03
4.04231e-03
2.89965e-03
1.71976e-03
2.45292e-04
-1.98594e-03
-5.41062e-03
-1.03086e-02
-1.66181e-02
-2.40726e-02
-3.22848e-02
-4.06132e-02
-4.82907e-02
-5.46570e-02
-5.93967e-02
-6.27280e-02
-6.50160e-02
-6.64097e-02
-6.70405e-02
-6.71541e-02
-6.67527e-02
-6.57339e-02
-6.42625e-02
-6.27142e-02
-6.13181e-02
-5.99812e-02
-5.85307e-02
-5.67850e-02
-5.45605e-02
-5.17031e-02
-4.82701e-02
-4.45813e-02
-4.10059e-02
-3.75998e-02
-3.40334e-02
-3.01406e-02
-2.60116e-02
-2.17587e-02
-1.76582e-02
-1.41112e-02
-1.15022e-02
-9.95448e-03
-9.02479e-03
-8.22632e-03
-7.56748e-03
-7.11026e-03
-6.67333e-03
-6.04018e-03
-4.93638e-03
-3.16354e-03
-6.48139e-04
2.80408e-03
7.25178e-03
1.23311e-02
1.75665e-02
2.26349e-02
2.71526e-02
3.08191e-02
3.36035e-02
3.56783e-02
3.74121e-02
3.91420e-02
4.10179e-02
4.30351e-02
4.50568e-02
4.70177e-02
4.90539e-02
5.12933e-02
5.36553e-02
5.58214e-02
5.72948e-02
5.78782e-02
5.78427e-02
5.74950e-02
5.70372e-02
5.67037e-02
5.66330e-02
5.68758e-02
5.74810e-02
5.82092e-02
5.86932e-02
5.89743e-02
5.93806e-02
5.98827e-02
6.00686e-02
5.95810e-02
5.82422e-02
5.59169e-02
5.27225e-02
4.89254e-02
4.46540e-02
4.00407e-02
3.55853e-02
3.18489e-02
2.90799e-02
2.72825e-02
2.63690e-02
2.62111e-02
2.67683e-02
2.81180e-02
3.02598e-02
3.28714e-02
3.53687e-02
3.72748e-02
3.82058e-02
3.79651e-02
3.64534e-02
3.35593e-02
2.92889e-02
2.37823e-02
1.72732e-02
1.00003e-02
2.22030e-03
-5.80752e-03
-1.39410e-02
-2.21139e-02
-3.00144e-02
-3.71058e-02
-4.29829e-02
-4.75715e-02
-5.10089e-02
-5.36574e-02
-5.62217e-02
-5.92776e-02
-6.27260e-02
-6.60371e-02
-6.90950e-02
-7.23215e-02
-7.58698e-02
-7.93931e-02
-8.26221e-02
-8.55592e-02
-8.81562e-02
-9.01953e-02
-9.14492e-02
-9.18171e-02
-9.12383e-02
-8.97259e-02
-8.73114e-02
-8.39114e-02
-7.92020e-02
-7.28783e-02
-6.49890e-02
-5.56767e-02
-4.51306e-02
-3.39552e-02
-2.30348e-02
-1.28958e-02
-3.44565e-03
5.58099e-03
1.41922e-02
2.21764e-02
2.92499e-02
3.51745e-02
3.98817e-02
4.33332e-02
4.55453e-02
4.66451e-02
4.64450e-02
4.47668e-02
4.18517e-02
3.79243e-02
3.32300e-02
2.82858e-02
2.35736e-02
1.94682e-02
1.61663e-02
1.35202e-02
1.13201e-02
9.41232e-03
7.55249e-03
5.47743e-03
3.13199e-03
6.89828e-04
-1.61271e-03
-3.71524e-03
-5.69878e-03
-7.62895e-03
-9.22070e-03
-1.02734e-02
-1.11380e-02
-1.22364e-02
-1.36122e-02
-1.49337e-02
-1.57349e-02
-1.57593e-02
-1.50661e-02
-1.38690e-02
-1.25184e-02
-1.13753e-02
-1.03891e-02
-9.29631e-03
-8.07773e-03
-7.03336e-03
-6.44353e-03
-6.04416e-03
-5.39178e-03
-4.42862e-03
-3.18734e-03
-1.64216e-03
1.31396e-04
2.14995e-03
4.61569e-03
7.63919e-03
1.12194e-02
1.53603e-02
1.99399e-02
2.46322e-02
2.91613e-02
3.34077e-02
3.71731e-02
4.02066e-02
4.23483e-02
4.35965e-02
4.38340e-02
4.29596e-02
4.12668e-02
3.90924e-02
3.64577e-02
3.34169e-02
3.02470e-02
2.71739e-02
2.41214e-02
2.09921e-02
1.77698e-02
1.45478e-02
1.13645e-02
8.11127e-03
4.74426e-03
1.39786e-03
-1.72503e-03
-4.57111e-03
-7.04438e-03
-9.00448e-03
-1.02820e-02
-1.08996e-02
-1.11715e-02
-1.13636e-02
-1.15511e-02
-1.17697e-02
-1.22496e-02
-1.31535e-02
-1.42048e-02
-1.48310e-02
-1.46380e-02
-1.37957e-02
-1.29026e-02
-1.25137e-02
-1.29984e-02
-1.44713e-02
-1.66948e-02
-1.93394e-02
-2.22446e-02
-2.53899e-02
-2.87928e-02
-3.24058e-02
-3.60526e-02
-3.96224e-02
-4.31882e-02
-4.67413e-02
-5.00259e-02
-5.28068e-02
-5.51137e-02
-5.70669e-02
-5.85618e-02
-5.92734e-02
-5.90483e-02
-5.79922e-02
-5.62798e-02
-5.41548e-02
-5.17059e-02
-4.87308e-02
-4.50611e-02
-4.05982e-02
-3.51200e-02
-2.86020e-02
-2.16021e-02
-1.45682e-02
-7.36074e-03
1.90017e-04
8.05170e-03
1.61391e-02
2.43069e-02
3.24460e-02
4.05677e-02
4.87795e-02
5.70640e-02
6.53321e-02
7.35440e-02
8.14894e-02
8.88619e-02
9.54589e-02
1.01094e-01
1.05616e-01
1.09121e-01
1.11769e-01
1.13479e-01
1.14037e-01
1.13352e-01
1.11544e-01
1.08871e-01
1.05509e-01
1.01431e-01
9.66350e-02
9.11408e-02
8.49695e-02
7.81344e-02
7.06666e-02
6.26092e-02
5.40027e-02
4.50236e-02
3.57598e-02
2.59832e-02
1.56151e-02
5.11241e-03
-4.99979e-03
-1.45242e-02
-2.34340e-02
-3.15901e-02
-3.88176e-02
-4.51006e-02
-5.05973e-02
-5.54228e-02
-5.96046e-02
-6.31572e-02
-6.60521e-02
-6.83630e-02
-7.01525e-02
-7.13040e-02
-7.18734e-02
-7.20176e-02
-7.16798e-02
-7.06306e-02
-6.86879e-02
-6.59192e-02
-6.26983e-02
-5.93980e-02
-5.60325e-02
-5.24299e-02
-4.85459e-02
-4.45603e-02
-4.08788e-02
-3.78820e-02
-3.54065e-02
-3.28906e-02
-3.00136e-02
-2.71070e-02
-2.46112e-02
-2.27218e-02
-2.15351e-02
-2.10120e-02
-2.08381e-02
-2.06474e-02
-2.04064e-02
-2.01105e-02
-1.95308e-02
-1.84498e-02
-1.68659e-02
-1.49587e-02
-1.28076e-02
-1.02860e-02
-7.38929e-03
-4.31938e-03
-1.20181e-03
2.11903e-03
5.66215e-03
9.09207e-03
1.21560e-02
1.47003e-02
1.62725e-02
1.65687e-02
1.60538e-02
1.53926e-02
1.48806e-02
1.44414e-02
1.38553e-02
1.29592e-02
1.17099e-02
1.01715e-02
8.38926e-03
6.48033e-03
4.65046e-03
3.01631e-03
1.69475e-03
8.69842e-04
7.17944e-04
1.23796e-03
2.15807e-03
3.08528e-03
3.76676e-03
4.08284e-03
3.88407e-03
3.24206e-03
2.58848e-03
2.29265e-03
2.48126e-03
3.18416e-03
4.15171e-03
4.95763e-03
5.47285e-03
5.81267e-03
5.99241e-03
5.87351e-03
5.27676e-03
4.06077e-03
2.21098e-03
-5.99067e-05
-2.43040e-03
-4.64025e-03
-6.51959e-03
-8.00253e-03
-9.00999e-03
-9.42907e-03
-9.22857e-03
-8.40290e-03
-7.16606e-03
-5.97966e-03
-5.05406e-03
-4.29632e-03
-3.68359e-03
-3.16641e-03
-2.43413e-03
-1.13889e-03
8.64029e-04
3.61055e-03
7.07062e-03
1.11468e-02
1.56075e-02
1.99855e-02
2.39630e-02
2.76159e-02
3.09891e-02
3.38321e-02
3.59334e-02
3.72352e-02
3.78298e-02
3.80680e-02
3.83062e-02
3.85055e-02
3.85037e-02
3.82672e-02
3.75681e-02
3.61879e-02
3.44526e-02
3.30329e-02
3.21810e-02
3.14544e-02
3.02679e-02
2.82981e-02
2.55142e-02
2.21243e-02
1.84339e-02
1.46557e-02
1.07922e-02
6.85835e-03
2.91717e-03
-1.10222e-03
-5.23952e-03
-9.40054e-03
-1.34878e-02
-1.73715e-02
-2.10148e-02
-2.46037e-02
-2.81723e-02
-3.12719e-02
-3.35205e-02
-3.49707e-02
-3.56984e-02
-3.58232e-02
-3.58203e-02
-3.62201e-02
-3.70724e-02
-3.79692e-02
-3.83461e-02
-3.78716e-02
-3.67414e-02
-3.53896e-02
-3.38232e-02
-3.17836e-02
-2.93929e-02
-2.71795e-02
-2.53970e-02
-2.38396e-02
-2.23438e-02
-2.09052e-02
-1.95965e-02
-1.85081e-02
-1.77742e-02
-1.74841e-02
-1.76248e-02
-1.82082e-02
-1.92657e-02
-2.06942e-02
-2.21797e-02
-2.34503e-02
-2.45459e-02
-2.56517e-02
-2.69169e-02
-2.81877e-02
-2.89898e-02
-2.89801e-02
-2.80587e-02
-2.61621e-02
-2.33251e-02
-1.97607e-02
-1.57110e-02
-1.12731e-02
-6.60531e-03
-1.99204e-03
2.46463e-03
6.77094e-03
1.08144e-02
1.42048e-02
1.67266e-02
1.87228e-02
2.05650e-02
2.22909e-02
2.39603e-02
2.57877e-02
2.78367e-02
2.99776e-02
3.20233e-02
3.38187e-02
3.53428e-02
3.66410e-02
3.77018e-02
3.85199e-02
3.89735e-02
3.88434e-02
3.81025e-02
3.69284e-02
3.54955e-02
3.38220e-02
3.18808e-02
2.96574e-02
2.72373e-02
2.47257e-02
2.21013e-02
1.92468e-02
1.61617e-02
1.31646e-02
1.05773e-02
8.53454e-03
7.17255e-03
6.73569e-03
7.09902e-03
7.65594e-03
7.76526e-03
7.24428e-03
6.49049e-03
5.88542e-03
5.30639e-03
4.40981e-03
3.01837e-03
1.20155e-03
-7.99683e-04
-2.94053e-03
-5.32199e-03
-7.72664e-03
-9.87055e-03
-1.16786e-02
-1.33340e-02
-1.51319e-02
-1.70907e-02
-1.90074e-02
-2.07693e-02
-2.23077e-02
-2.36954e-02
-2.53175e-02
-2.74385e-02
-2.98324e-02
-3.19904e-02
-3.36862e-02
-3.50148e-02
-3.60202e-02
-3.66620e-02
-3.67878e-02
-3.62536e-02
-3.51854e-02
-3.37697e-02
-3.19810e-02
-2.96992e-02
-2.68599e-02
-2.35985e-02
-2.02088e-02
-1.69758e-02
-1.39423e-02
-1.09855e-02
-8.02291e-03
-5.03141e-03
-2.01203e-03
1.00630e-03
3.94613e-03
6.68205e-03
9.20029e-03
1.17681e-02
1.45399e-02
1.73868e-02
2.01210e-02
2.25824e-02
2.46149e-02
2.61347e-02
2.71733e-02
2.77464e-02
2.79338e-02
2.79118e-02
2.78199e-02
2.77394e-02
2.77497e-02
2.79434e-02
2.83954e-02
2.91173e-02
2.99960e-02
3.07901e-02
3.13452e-02
3.16366e-02
3.15870e-02
3.12162e-02
3.06522e-02
2.98430e-02
2.86779e-02
2.72180e-02
2.55229e-02
2.33743e-02
2.06792e-02
1.77351e-02
1.47305e-02
1.16173e-02
8.36386e-03
5.05720e-03
1.87001e-03
-9.75927e-04
-3.39035e-03
-5.64471e-03
-8.08476e-03
-1.07505e-02
-1.35113e-02
-1.62789e-02
-1.89893e-02
-2.15449e-02
-2.38530e-02
-2.59064e-02
-2.76966e-02
-2.90106e-02
-2.96116e-02
-2.94750e-02
-2.87515e-02
-2.78258e-02
-2.70311e-02
-2.62716e-02
-2.52496e-02
-2.38310e-02
-2.20539e-02
-1.99084e-02
-1.73490e-02
-1.41914e-02
-1.02590e-02
-5.70885e-03
-1.00631e-03
3.38099e-03
7.28542e-03
1.08944e-02
1.44958e-02
1.82108e-02
2.19876e-02
2.58365e-02
2.98177e-02
3.36762e-02
3.67470e-02
3.85964e-02
3.95116e-02
3.99840e-02
4.01929e-02
4.01074e-02
3.98653e-02
3.96973e-02
3.95396e-02
3.91367e-02
3.82937e-02
3.69604e-02
3.52886e-02
3.35530e-02
3.18695e-02
3.01917e-02
2.85373e-02
2.69968e-02
2.56866e-02
2.45333e-02
2.32683e-02
2.17725e-02
2.01246e-02
1.84189e-02
1.68146e-02
1.53804e-02
1.39704e-02
1.23971e-02
1.04570e-02
7.96857e-03
4.83575e-03
1.21513e-03
-2.63525e-03
-6.69612e-03
-1.11415e-02
-1.62228e-02
-2.19308e-02
-2.78291e-02
-3.35376e-02
-3.89455e-02
-4.39704e-02
-4.84297e-02
-5.20404e-02
-5.48194e-02
-5.71044e-02
-5.91155e-02
-6.06315e-02
-6.11782e-02
-6.05252e-02
-5.89039e-02
-5.66071e-02
-5.35968e-02
-4.97775e-02
-4.50752e-02
-3.93515e-02
-3.26992e-02
-2.55007e-02
-1.80858e-02
-1.06730e-02
-3.41178e-03
3.40608e-03
9.36884e-03
1.43524e-02
1.84121e-02
2.16480e-02
2.41787e-02
2.60315e-02
2.72146e-02
2.78998e-02
2.83393e-02
2.86031e-02
2.85330e-02
2.78847e-02
2.66295e-02
2.50471e-02
2.34473e-02
2.19147e-02
2.01543e-02
1.79322e-02
1.54964e-02
1.32868e-02
1.13729e-02
9.64183e-03
8.18924e-03
7.08930e-03
6.20922e-03
5.49116e-03
5.04302e-03
4.83862e-03
4.73743e-03
4.68348e-03
4.71241e-03
4.87360e-03
5.18966e-03
5.62775e-03
6.05629e-03
6.33384e-03
6.39907e-03
5.93284e-03
4.44799e-03
1.78644e-03
-1.92833e-03
-6.37640e-03
-1.11763e-02
-1.60116e-02
-2.08744e-02
-2.58382e-02
-3.06112e-02
-3.47440e-02
-3.80445e-02
-4.06606e-02
-4.28337e-02
-4.46674e-02
-4.59852e-02
-4.65371e-02
-4.63154e-02
-4.54403e-02
-4.40116e-02
-4.22005e-02
-4.01305e-02
-3.76865e-02
-3.47605e-02
-3.14353e-02
-2.78522e-02
-2.41245e-02
-2.01870e-02
-1.58459e-02
-1.10510e-02
-5.84908e-03
-3.75961e-04
5.07458e-03
1.01960e-02
1.47919e-02
1.88464e-02
2.25738e-02
2.62289e-02
2.98320e-02
3.31842e-02
3.61746e-02
3.88549e-02
4.12392e-02
4.33027e-02
4.50605e-02
4.63680e-02
4.68904e-02
4.64988e-02
4.53941e-02
4.38941e-02
4.22048e-02
4.02393e-02
3.78472e-02
3.52232e-02
3.26668e-02
3.02777e-02
2.80120e-02
2.57457e-02
2.34315e-02
2.09623e-02
1.80446e-02
1.44518e-02
1.00945e-02
4.87273e-03
-1.04305e-03
-7.23168e-03
-1.34418e-02
-1.93841e-02
-2.46443e-02
-2.91174e-02
-3.27986e-02
-3.55486e-02
-3.72650e-02
-3.82022e-02
-3.88050e-02
-3.92944e-02
-3.95919e-02
-3.94626e-02
-3.87949e-02
-3.78661e-02
-3.71166e-02
-3.68128e-02
-3.70406e-02
-3.76096e-02
-3.81912e-02
-3.86611e-02
-3.89911e-02
-3.90094e-02
-3.84302e-02
-3.71305e-02
-3.53819e-02
-3.34660e-02
-3.14219e-02
-2.93184e-02
-2.72134e-02
-2.48886e-02
-2.19580e-02
-1.82595e-02
-1.38976e-02
-9.02462e-03
-3.63951e-03
2.26380e-03
8.31901e-03
1.39278e-02
1.88018e-02
2.30626e-02
2.69692e-02
3.07159e-02
3.44598e-02
3.81054e-02
4.14378e-02
4.44642e-02
4.71067e-02
4.91356e-02
5.02861e-02
5.05266e-02
5.00160e-02
4.88383e-02
4.70779e-02
4.49765e-02
4.27361e-02
4.02798e-02
3.73731e-02
3.40168e-02
3.04463e-02
2.67438e-02
2.28565e-02
1.88594e-02
1.48197e-02
1.07287e-02
6.73164e-03
2.96361e-03
-7.47716e-04
-4.53013e-03
-8.28082e-03
-1.19431e-02
-1.56840e-02
-1.97688e-02
-2.42481e-02
-2.88702e-02
-3.33210e-02
-3.74313e-02
-4.12155e-02
-4.47529e-02
-4.79655e-02
-5.07627e-02
-5.30768e-02
-5.47793e-02
-5.57564e-02
-5.58658e-02
-5.50093e-02
-5.33629e-02
-5.13470e-02
-4.92106e-02
-4.70522e-02
-4.48574e-02
-4.23909e-02
-3.94177e-02
-3.59363e-02
-3.20898e-02
-2.77134e-02
-2.25959e-02
-1.70179e-02
-1.14747e-02
-6.32333e-03
-1.79285e-03
2.00731e-03
5.22203e-03
8.10955e-03
1.07492e-02
1.31358e-02
1.52708e-02
1.72680e-02
1.91679e-02
2.08399e-02
2.22029e-02
2.35393e-02
2.53245e-02
2.78261e-02
3.07842e-02
3.37142e-02
3.63470e-02
3.86139e-02
4.04452e-02
4.18905e-02
4.30111e-02
4.38162e-02
4.41717e-02
4.38207e-02
4.27205e-02
4.11099e-02
3.93193e-02
3.74986e-02
3.56120e-02
3.35642e-02
3.11190e-02
2.83203e-02
2.55454e-02
2.30405e-02
2.07250e-02
1.86250e-02
1.68534e-02
1.50688e-02
1.27300e-02
9.66975e-03
6.10379e-03
2.55660e-03
-4.85784e-04
-2.97971e-03
-5.18276e-03
-7.35504e-03
-9.52101e-03
-1.15259e-02
-1.32166e-02
-1.43767e-02
-1.49537e-02
-1.51920e-02
-1.53127e-02
-1.53812e-02
-1.54005e-02
-1.53567e-02
-1.52006e-02
-1.48584e-02
-1.42830e-02
-1.35271e-02
-1.27738e-02
-1.21453e-02
-1.15756e-02
-1.10393e-02
-1.06664e-02
-1.04564e-02
-1.01206e-02
-9.52700e-03
-8.80420e-03
-7.94781e-03
-6.70905e-03
-4.93915e-03
-2.81088e-03
-4.57467e-04
2.03427e-03
4.48809e-03
6.83664e-03
9.14700e-03
1.16017e-02
1.41041e-02
1.62602e-02
1.77952e-02
1.86446e-02
1.90373e-02
1.92569e-02
1.94290e-02
1.95726e-02
1.96546e-02
1.95861e-02
1.93584e-02
1.91964e-02
1.92297e-02
1.93670e-02
1.94694e-02
1.93882e-02
1.89224e-02
1.78481e-02
1.60510e-02
1.36820e-02
1.10605e-02
8.31996e-03
5.51365e-03
2.64749e-03
-2.35836e-04
-3.12575e-03
-5.99546e-03
-8.83902e-03
-1.15406e-02
-1.38652e-02
-1.57748e-02
-1.75087e-02
-1.92717e-02
-2.09601e-02
-2.18766e-02
-2.17960e-02
-2.14542e-02
-2.13437e-02
-2.13654e-02
-2.13512e-02
-2.12377e-02
-2.09198e-02
-2.02305e-02
-1.90622e-02
-1.75139e-02
-1.58752e-02
-1.41796e-02
-1.21642e-02
-9.82747e-03
-7.48191e-03
-5.36385e-03
-3.47404e-03
-1.65289e-03
2.12516e-04
2.13345e-03
4.26251e-03
6.73866e-03
9.25785e-03
1.13354e-02
1.28853e-02
1.42073e-02
1.56239e-02
1.71607e-02
1.86478e-02
2.00904e-02
2.16362e-02
2.31524e-02
2.42141e-02
2.45623e-02
2.42420e-02
2.33284e-02
2.18800e-02
2.01176e-02
1.82663e-02
1.61899e-02
1.36065e-02
1.03864e-02
6.72517e-03
2.95227e-03
-8.07512e-04
-4.44968e-03
-7.74175e-03
-1.05962e-02
-1.30720e-02
-1.51794e-02
-1.68683e-02
-1.80926e-02
-1.87236e-02
-1.87486e-02
-1.85051e-02
-1.82774e-02
-1.80883e-02
-1.79479e-02
-1.79762e-02
-1.83336e-02
-1.91487e-02
-2.04611e-02
-2.21174e-02
-2.37632e-02
-2.52621e-02
-2.67483e-02
-2.81679e-02
-2.93629e-02
-3.04707e-02
-3.17597e-02
-3.31858e-02
-3.43068e-02
-3.46540e-02
-3.41167e-02
-3.28737e-02
-3.12038e-02
-2.93433e-02
-2.73122e-02
-2.50649e-02
-2.26489e-02
-2.00431e-02
-1.72587e-02
-1.43730e-02
-1.14407e-02
-8.50242e-03
-5.61057e-03
-2.89254e-03
-3.25109e-04
2.29022e-03
5.04385e-03
7.84094e-03
1.06033e-02
1.32529e-02
1.56982e-02
1.76719e-02
1.88426e-02
1.91258e-02
1.88845e-02
1.88774e-02
1.96044e-02
2.07080e-02
2.15124e-02
2.18693e-02
2.19189e-02
2.16354e-02
2.09061e-02
1.97643e-02
1.84721e-02
1.74058e-02
1.66938e-02
1.60857e-02
1.52725e-02
1.41490e-02
1.28512e-02
1.17035e-02
1.09179e-02
1.03479e-02
9.71378e-03
8.88963e-03
7.93273e-03
6.98217e-03
6.04972e-03
5.01961e-03
3.65495e-03
1.74432e-03
-5.88053e-04
-2.86958e-03
-4.72336e-03
-5.89340e-03
-6.32699e-03
-6.27987e-03
-6.04726e-03
-5.79260e-03
-5.43655e-03
-4.91743e-03
-4.43265e-03
-4.06267e-03
-3.59867e-03
-2.83722e-03
-1.76934e-03
-5.35342e-04
7.88509e-04
2.22072e-03
3.83173e-03
5.66881e-03
7.69643e-03
9.77638e-03
1.16382e-02
1.30937e-02
1.42186e-02
1.51761e-02
1.59066e-02
1.62809e-02
1.63304e-02
1.60829e-02
1.54542e-02
1.43729e-02
1.29027e-02
1.11271e-02
9.09246e-03
6.94465e-03
4.97636e-03
3.48899e-03
2.52571e-03
1.98159e-03
1.69309e-03
1.53700e-03
1.51353e-03
1.72131e-03
2.30608e-03
3.39014e-03
4.95493e-03
6.72287e-03
8.39659e-03
9.97652e-03
1.13833e-02
1.22276e-02
1.22313e-02
1.15386e-02
1.05175e-02
9.45569e-03
8.27798e-03
6.66884e-03
4.61215e-03
2.36977e-03
2.01472e-04
-1.86495e-03
-3.81304e-03
-5.59034e-03
-7.21709e-03
-8.62660e-03
-9.65821e-03
-1.01933e-02
-1.04740e-02
-1.08792e-02
-1.16936e-02
-1.29003e-02
-1.41161e-02
-1.49349e-02
-1.50501e-02
-1.44463e-02
-1.36125e-02
-1.30692e-02
-1.28576e-02
-1.27531e-02
-1.25825e-02
-1.22121e-02
-1.14940e-02
-1.03575e-02
-8.95771e-03
-7.66347e-03
-6.58747e-03
-5.48857e-03
-4.26479e-03
-3.12988e-03
-2.30304e-03
-1.86646e-03
-1.75471e-03
-1.76458e-03
-1.68474e-03
-1.41385e-03
-1.15388e-03
-1.21698e-03
-1.72397e-03
-2.67237e-03
-3.96374e-03
-5.28390e-03
-6.24764e-03
-6.77095e-03
-7.04711e-03
-7.23105e-03
-7.35433e-03
-7.43836e-03
-7.71342e-03
-8.47277e-03
-9.63005e-03
-1.07379e-02
-1.13756e-02
-1.15178e-02
-1.14692e-02
-1.15259e-02
-1.17070e-02
-1.18655e-02
-1.18283e-02
-1.13626e-02
-1.04418e-02
-9.31374e-03
-8.27182e-03
-7.48547e-03
-7.02507e-03
-6.81553e-03
-6.73263e-03
-6.71532e-03
-6.74710e-03
-6.82558e-03
-6.95719e-03
-7.15069e-03
-7.38770e-03
-7.58844e-03
-7.61119e-03
-7.43330e-03
-7.19712e-03
-6.86929e-03
-6.25303e-03
-5.24392e-03
-3.93261e-03
-2.51818e-03
-1.13260e-03
1.02766e-04
1.07601e-03
1.71313e-03
2.10297e-03
2.39866e-03
2.63410e-03
2.72687e-03
2.67299e-03
2.68436e-03
2.83776e-03
3.09102e-03
3.59463e-03
4.48705e-03
5.77036e-03
7.18060e-03
8.45528e-03
9.58793e-03
1.06343e-02
1.16768e-02
1.27555e-02
1.37587e-02
1.45998e-02
1.52935e-02
1.59084e-02
1.62916e-02
1.62036e-02
1.55621e-02
1.43836e-02
1.28079e-02
1.11638e-02
9.81587e-03
9.03310e-03
8.75983e-03
8.83175e-03
9.03327e-03
9.02618e-03
8.63197e-03
7.75773e-03
6.53402e-03
5.47256e-03
4.88182e-03
4.61930e-03
4.53110e-03
4.62752e-03
4.95091e-03
5.49150e-03
6.18495e-03
6.94304e-03
7.78441e-03
8.68464e-03
9.68923e-03
1.09071e-02
1.23191e-02
1.37622e-02
1.48375e-02
1.51229e-02
1.45843e-02
1.35624e-02
1.25081e-02
1.17430e-02
1.14363e-02
1.15559e-02
1.18497e-02
1.21666e-02
1.24533e-02
1.25967e-02
1.26452e-02
1.27599e-02
1.28552e-02
1.26649e-02
1.21520e-02
1.14921e-02
1.09082e-02
1.04817e-02
1.00686e-02
9.51931e-03
8.82489e-03
8.08639e-03
7.29609e-03
6.25496e-03
4.86741e-03
3.34151e-03
1.96839e-03
7.79777e-04
-3.63291e-04
-1.58119e-03
-2.76775e-03
-3.51382e-03
-3.56654e-03
-3.00152e-03
-1.99351e-03
-7.72371e-04
3.82834e-04
1.26066e-03
1.75998e-03
1.96256e-03
2.00049e-03
1.92266e-03
1.72365e-03
1.39167e-03
9.34570e-04
3.84303e-04
-3.34551e-04
-1.38398e-03
-2.73482e-03
-4.29313e-03
-6.02449e-03
-7.90862e-03
-9.84661e-03
-1.18159e-02
-1.38695e-02
-1.59387e-02
-1.79477e-02
-1.98284e-02
-2.14516e-02
-2.28917e-02
-2.42274e-02
-2.52601e-02
-2.57285e-02
-2.54812e-02
-2.46291e-02
-2.33734e-02
-2.16917e-02
-1.95821e-02
-1.73346e-02
-1.52669e-02
-1.34580e-02
-1.18550e-02
-1.03795e-02
-8.76197e-03
-6.88737e-03
-4.78412e-03
-2.40952e-03
1.30958e-04
2.58324e-03
4.76019e-03
6.64122e-03
8.24656e-03
9.44639e-03
1.01777e-02
1.06550e-02
1.11112e-02
1.15650e-02
1.18419e-02
1.17376e-02
1.13214e-02
1.08679e-02
1.04084e-02
9.75112e-03
8.81004e-03
7.72288e-03
6.74408e-03
6.00210e-03
5.46274e-03
4.89039e-03
3.91679e-03
2.28316e-03
1.56183e-05
-2.61801e-03
-5.49068e-03
-8.47600e-03
-1.11855e-02
-1.32181e-02
-1.45555e-02
-1.53724e-02
-1.58385e-02
-1.60918e-02
-1.61524e-02
-1.59699e-02
-1.56817e-02
-1.54663e-02
-1.52790e-02
-1.50089e-02
-1.46460e-02
-1.42825e-02
-1.40285e-02
-1.38263e-02
-1.35981e-02
-1.33358e-02
-1.31056e-02
-1.29388e-02
-1.26653e-02
-1.20565e-02
-1.09880e-02
-9.51206e-03
-7.88708e-03
-6.35803e-03
-4.91800e-03
-3.54983e-03
-2.46874e-03
-1.72056e-03
-1.18584e-03
-8.26461e-04
-5.94259e-04
-4.61161e-04
-4.61079e-04
-4.70830e-04
-2.66348e-04
1.03994e-04
3.57930e-04
1.81040e-04
-4.96979e-04
-1.34759e-03
-2.00017e-03
-2.30362e-03
-2.28066e-03
-1.95108e-03
-1.29417e-03
-3.46211e-04
9.22538e-04
2.50253e-03
4.33232e-03
6.35330e-03
8.48449e-03
1.07512e-02
1.31401e-02
1.54131e-02
1.73147e-02
1.87949e-02
2.00496e-02
2.12990e-02
2.24844e-02
2.33626e-02
2.37330e-02
2.34891e-02
2.27192e-02
2.14974e-02
1.96811e-02
1.72229e-02
1.43789e-02
1.16332e-02
9.52742e-03
8.10048e-03
6.80128e-03
5.14542e-03
3.09795e-03
8.85049e-04
-1.33701e-03
-3.41528e-03
-5.11829e-03
-6.38840e-03
-7.28885e-03
-7.91440e-03
-8.31436e-03
-8.52654e-03
-8.66980e-03
-8.80950e-03
-8.74554e-03
-8.33727e-03
-7.68486e-03
-6.87140e-03
-5.71857e-03
-4.02957e-03
-1.95185e-03
2.95068e-05
1.44175e-03
2.08508e-03
2.00685e-03
1.42831e-03
8.01820e-04
4.08266e-04
1.58559e-04
-4.54160e-06
-2.07031e-04
-6.78472e-04
-1.38306e-03
-2.15989e-03
-2.89846e-03
-3.43574e-03
-3.71729e-03
-3.83612e-03
-3.86234e-03
-3.80200e-03
-3.65533e-03
-3.44235e-03
-3.20465e-03
-3.01809e-03
-3.00914e-03
-3.25100e-03
-3.53915e-03
-3.64135e-03
-3.55381e-03
-3.35118e-03
-3.09490e-03
-2.90255e-03
-2.93124e-03
-3.14028e-03
-3.44320e-03
-3.96289e-03
-4.85448e-03
-6.08718e-03
-7.37133e-03
-8.23379e-03
-8.50816e-03
-8.48435e-03
-8.47208e-03
-8.44731e-03
-8.21679e-03
-7.63133e-03
-6.62152e-03
-5.42649e-03
-4.37327e-03
-3.43394e-03
-2.33726e-03
-9.99685e-04
3.34099e-04
1.37674e-03
2.16031e-03
2.92923e-03
3.76137e-03
4.48408e-03
4.95442e-03
5.26034e-03
5.51053e-03
5.66550e-03
5.60701e-03
5.38269e-03
5.24431e-03
5.27613e-03
5.37310e-03
5.43420e-03
5.37736e-03
5.11919e-03
4.76877e-03
4.70498e-03
5.18059e-03
6.04294e-03
6.79126e-03
7.09250e-03
7.04798e-03
6.90912e-03
6.87673e-03
7.01917e-03
7.05757e-03
6.57329e-03
5.50571e-03
4.17664e-03
3.01119e-03
2.19767e-03
1.59744e-03
1.05539e-03
5.97966e-04
2.58587e-04
-9.15676e-05
-4.40564e-04
-7.13913e-04
-9.56605e-04
-1.18643e-03
-1.29122e-03
-1.06453e-03
-2.75326e-04
1.24919e-03
3.47933e-03
6.08359e-03
8.61041e-03
1.07152e-02
1.22063e-02
1.30943e-02
1.36503e-02
1.42035e-02
1.49007e-02
1.56539e-02
1.61995e-02
1.63446e-02
1.60502e-02
1.52856e-02
1.40506e-02
1.24887e-02
1.07639e-02
9.02842e-03
7.40540e-03
5.83613e-03
4.20492e-03
2.45665e-03
6.20108e-04
-1.20483e-03
-2.80130e-03
-3.88493e-03
-4.40546e-03
-4.68319e-03
-5.00933e-03
-5.27231e-03
-5.32441e-03
-5.12451e-03
-4.61885e-03
-3.94507e-03
-3.25183e-03
-2.48313e-03
-1.63969e-03
-9.57701e-04
-6.53231e-04
-7.12190e-04
-1.07420e-03
-1.72473e-03
-2.57697e-03
-3.39306e-03
-3.99221e-03
-4.39283e-03
-4.62980e-03
-4.80890e-03
-5.15966e-03
-5.82540e-03
-6.82969e-03
-7.99595e-03
-9.09647e-03
-9.96667e-03
-1.05517e-02
-1.09160e-02
-1.11603e-02
-1.12425e-02
-1.10383e-02
-1.03872e-02
-9.36496e-03
-8.16932e-03
-6.82830e-03
-5.44878e-03
-4.31478e-03
-3.48815e-03
-2.70096e-03
-1.73330e-03
-6.38220e-04
4.06034e-04
1.47355e-03
2.83108e-03
4.41905e-03
5.90726e-03
6.94456e-03
7.40205e-03
7.47860e-03
7.46259e-03
7.56811e-03
7.83291e-03
8.02475e-03
7.96557e-03
7.65358e-03
7.11821e-03
6.43996e-03
5.85666e-03
5.67044e-03
5.94626e-03
6.53847e-03
7.22483e-03
7.75519e-03
8.04937e-03
8.18841e-03
8.22148e-03
8.13692e-03
7.92105e-03
7.58299e-03
7.15785e-03
6.73139e-03
6.37463e-03
5.98829e-03
5.51573e-03
4.80562e-03
3.40801e-03
1.31727e-03
-9.39516e-04
-2.96579e-03
-4.68195e-03
-6.17111e-03
-7.66043e-03
-9.36910e-03
-1.12470e-02
-1.31325e-02
-1.50112e-02
-1.68142e-02
-1.83353e-02
-1.94821e-02
-2.01829e-02
-2.02264e-02
-1.97387e-02
-1.91940e-02
-1.88940e-02
-1.87457e-02
-1.84508e-02
-1.79467e-02
-1.72836e-02
-1.63454e-02
-1.50709e-02
-1.36685e-02
-1.24043e-02
-1.12727e-02
-1.01044e-02
-8.95649e-03
-8.18759e-03
-7.89899e-03
-7.61795e-03
-7.00609e-03
-6.30862e-03
-5.81712e-03
-5.51496e-03
-5.34115e-03
-5.17790e-03
-4.86079e-03
-4.46036e-03
-4.05663e-03
-3.67136e-03
-3.41471e-03
-3.30410e-03
-3.27639e-03
-3.30106e-03
-3.36700e-03
-3.44000e-03
-3.45068e-03
-3.30693e-03
-2.90737e-03
-2.18143e-03
-1.13173e-03
2.43008e-04
1.89830e-03
3.63755e-03
5.40377e-03
7.09613e-03
8.55363e-03
9.92543e-03
1.13641e-02
1.26314e-02
1.34414e-02
1.39618e-02
1.45005e-02
1.51126e-02
1.56418e-02
1.59687e-02
1.60373e-02
1.56705e-02
1.48172e-02
1.35341e-02
1.19229e-02
1.04142e-02
9.52921e-03
9.41616e-03
9.77634e-03
1.01251e-02
9.94395e-03
8.94478e-03
7.52807e-03
6.34276e-03
5.64387e-03
5.29307e-03
5.13081e-03
5.11377e-03
5.20995e-03
5.35058e-03
5.45930e-03
5.47164e-03
5.32850e-03
4.98292e-03
4.43040e-03
3.75731e-03
3.18858e-03
3.01781e-03
3.31399e-03
3.88108e-03
4.41989e-03
4.63031e-03
4.44120e-03
4.03256e-03
3.68226e-03
3.65073e-03
3.92855e-03
4.30116e-03
4.69733e-03
4.98070e-03
4.90672e-03
4.39122e-03
3.50448e-03
2.37306e-03
1.01417e-03
-6.00406e-04
-2.27856e-03
-3.75506e-03
-4.99782e-03
-6.07855e-03
-7.06842e-03
-8.01828e-03
-8.81093e-03
-9.30983e-03
-9.54786e-03
-9.54179e-03
-9.21549e-03
-8.70591e-03
-8.37411e-03
-8.41386e-03
-8.66487e-03
-8.85041e-03
-8.93530e-03
-8.99958e-03
-9.05458e-03
-9.07807e-03
-9.06826e-03
-9.03536e-03
-8.97824e-03
-8.88695e-03
-8.75455e-03
-8.59045e-03
-8.43567e-03
-8.35415e-03
-8.25123e-03
-7.86014e-03
-7.17598e-03
-6.52428e-03
-6.21860e-03
-6.29941e-03
-6.67808e-03
-7.28457e-03
-7.97971e-03
-8.60042e-03
-9.20758e-03
-9.97749e-03
-1.09233e-02
-1.18220e-02
-1.23500e-02
-1.23438e-02
-1.18644e-02
-1.12081e-02
-1.06226e-02
-1.01543e-02
-9.68608e-03
-9.21076e-03
-8.73276e-03
-8.11730e-03
-7.28249e-03
-6.25769e-03
-5.03113e-03
-3.80248e-03
-2.88495e-03
-2.28262e-03
-1.73948e-03
-7.86578e-04
1.09094e-03
3.86812e-03
6.81394e-03
9.39312e-03
1.17090e-02
1.38180e-02
1.54639e-02
1.65213e-02
1.72307e-02
1.79149e-02
1.86469e-02
1.92731e-02
1.97360e-02
2.00957e-02
2.01704e-02
1.98040e-02
1.89940e-02
1.77303e-02
1.61313e-02
1.45568e-02
1.33272e-02
1.24765e-02
1.19053e-02
1.13766e-02
1.05352e-02
9.12598e-03
7.17082e-03
4.99817e-03
3.00016e-03
1.38467e-03
1.47160e-04
-9.23705e-04
-2.08466e-03
-3.36011e-03
-4.47914e-03
-5.18872e-03
-5.58102e-03
-5.94290e-03
-6.45554e-03
-7.14699e-03
-7.91798e-03
-8.54479e-03
-8.88161e-03
-8.97236e-03
-8.86455e-03
-8.53352e-03
-7.97156e-03
-7.27087e-03
-6.62311e-03
-6.09137e-03
-5.47713e-03
-4.58255e-03
-3.41867e-03
-2.21964e-03
-1.25480e-03
-5.19047e-04
2.78908e-04
1.38352e-03
2.78053e-03
4.19205e-03
5.40002e-03
6.58743e-03
7.95928e-03
9.34713e-03
1.04114e-02
1.11045e-02
1.16911e-02
1.23583e-02
1.30532e-02
1.36632e-02
1.41516e-02
1.43020e-02
1.38859e-02
1.29926e-02
1.21031e-02
1.16054e-02
1.14658e-02
1.15158e-02
1.16697e-02
1.18471e-02
1.18934e-02
1.17110e-02
1.14939e-02
1.14505e-02
1.15715e-02
1.17826e-02
1.20120e-02
1.21240e-02
1.19833e-02
1.16935e-02
1.13650e-02
1.08861e-02
1.01236e-02
9.10358e-03
7.98202e-03
6.82138e-03
5.54474e-03
3.97144e-03
1.94247e-03
-4.10805e-04
-2.75643e-03
-4.83583e-03
-6.50630e-03
-7.72315e-03
-8.47503e-03
-8.79090e-03
-8.83872e-03
-8.80134e-03
-8.78431e-03
-8.85519e-03
-9.06994e-03
-9.45095e-03
-9.94660e-03
-1.04228e-02
-1.08115e-02
-1.11338e-02
-1.13104e-02
-1.13572e-02
-1.14371e-02
-1.16894e-02
-1.20042e-02
-1.20367e-02
-1.17759e-02
-1.16132e-02
-1.17957e-02
-1.23653e-02
-1.33405e-02
-1.46515e-02
-1.60967e-02
-1.74918e-02
-1.86670e-02
-1.95310e-02
-2.00913e-02
-2.04027e-02
-2.05570e-02
-2.06144e-02
-2.05558e-02
-2.03021e-02
-1.97620e-02
-1.88903e-02
-1.77680e-02
-1.65937e-02
-1.54710e-02
-1.43896e-02
-1.32423e-02
-1.19464e-02
-1.05907e-02
-9.27150e-03
-8.04916e-03
-6.94761e-03
-5.98564e-03
-5.11457e-03
-4.24926e-03
-3.41483e-03
-2.56404e-03
-1.51134e-03
-2.20498e-04
1.06542e-03
2.13067e-03
3.10341e-03
4.24869e-03
5.58742e-03
6.84674e-03
7.79088e-03
8.52043e-03
9.31542e-03
1.02872e-02
1.12906e-02
1.21876e-02
1.29832e-02
1.35870e-02
1.38920e-02
1.39964e-02
1.40566e-02
1.41452e-02
1.42717e-02
1.44080e-02
1.44659e-02
1.42876e-02
1.36813e-02
1.25019e-02
1.07781e-02
8.82632e-03
6.99722e-03
5.33957e-03
3.98051e-03
3.29504e-03
3.25677e-03
3.19706e-03
2.64837e-03
1.74895e-03
6.90818e-04
-4.00246e-04
-1.27718e-03
-1.85201e-03
-2.30934e-03
-2.71969e-03
-3.14287e-03
-3.73919e-03
-4.57284e-03
-5.46709e-03
-5.97983e-03
-5.62711e-03
-4.43919e-03
-2.79579e-03
-1.03330e-03
5.85166e-04
1.80769e-03
2.71184e-03
3.66915e-03
4.89962e-03
6.29170e-03
7.55553e-03
8.69453e-03
9.97510e-03
1.14264e-02
1.27042e-02
1.34922e-02
1.38568e-02
1.40577e-02
1.42343e-02
1.43895e-02
1.44651e-02
1.43418e-02
1.38284e-02
1.27251e-02
1.09530e-02
8.69755e-03
6.31609e-03
4.06411e-03
1.99011e-03
-2.12896e-06
-1.94655e-03
-3.69505e-03
-4.99047e-03
-5.76485e-03
-6.33624e-03
-7.01734e-03
-7.85208e-03
-8.67621e-03
-9.32559e-03
-9.79408e-03
-1.00716e-02
-1.01631e-02
-1.01826e-02
-1.02166e-02
-1.03143e-02
-1.03106e-02
-1.00085e-02
-9.41002e-03
-8.59903e-03
-7.78752e-03
-7.18908e-03
-6.91746e-03
-6.85588e-03
-6.74387e-03
-6.48163e-03
-6.26762e-03
-6.22133e-03
-6.26510e-03
-6.32357e-03
-6.36126e-03
-6.31676e-03
-6.08622e-03
-5.57454e-03
-4.75757e-03
-3.75480e-03
-2.79754e-03
-1.99446e-03
-1.38068e-03
-1.07591e-03
-1.03973e-03
-1.00561e-03
-7.82670e-04
-5.21514e-04
-3.89771e-04
-3.47260e-04
-3.31669e-04
-3.50779e-04
-4.16212e-04
-4.98343e-04
-5.36830e-04
-4.56723e-04
-1.80927e-04
3.43045e-04
1.09430e-03
1.91545e-03
2.52190e-03
2.74411e-03
2.67644e-03
2.69051e-03
3.15364e-03
4.13720e-03
5.46711e-03
6.75744e-03
7.56376e-03
7.73309e-03
7.42245e-03
6.85549e-03
6.31012e-03
6.19546e-03
6.80351e-03
8.02792e-03
9.46010e-03
1.06901e-02
1.16127e-02
1.23218e-02
1.27856e-02
1.29337e-02
1.27881e-02
1.23292e-02
1.16929e-02
1.10674e-02
1.03888e-02
9.52396e-03
8.52489e-03
7.48209e-03
6.31397e-03
4.99553e-03
3.65696e-03
2.40539e-03
1.31890e-03
4.33996e-04
-2.56782e-04
-9.13377e-04
-1.73275e-03
-2.73153e-03
-3.81323e-03
-4.99680e-03
-6.25882e-03
-7.39406e-03
-8.24337e-03
-8.77289e-03
-9.11769e-03
-9.46720e-03
-9.90473e-03
-1.03816e-02
-1.07264e-02
-1.07786e-02
-1.06489e-02
-1.05234e-02
-1.03466e-02
-1.00914e-02
-9.80017e-03
-9.59027e-03
-9.49393e-03
-9.34400e-03
-8.94262e-03
-8.17314e-03
-7.03647e-03
-5.72390e-03
-4.62639e-03
-4.01061e-03
-3.73326e-03
-3.45267e-03
-2.91270e-03
-1.97689e-03
-6.52168e-04
7.85142e-04
1.85391e-03
2.38517e-03
2.52333e-03
2.32781e-03
1.74184e-03
7.76690e-04
-3.81451e-04
-1.40671e-03
-2.10946e-03
-2.62666e-03
-3.04859e-03
-3.31696e-03
-3.47422e-03
-3.59612e-03
-3.65488e-03
-3.53373e-03
-3.09388e-03
-2.23385e-03
-9.70428e-04
4.43139e-04
1.53350e-03
2.08927e-03
2.30833e-03
2.38852e-03
2.38067e-03
2.30932e-03
2.22466e-03
2.16937e-03
2.16289e-03
2.21247e-03
2.31706e-03
2.45428e-03
2.56372e-03
2.53678e-03
2.22492e-03
1.47680e-03
2.20788e-04
-1.45004e-03
-3.37465e-03
-5.36506e-03
-7.15009e-03
-8.56082e-03
-9.51344e-03
-9.95646e-03
-1.01415e-02
-1.04183e-02
-1.07978e-02
-1.12334e-02
-1.17021e-02
-1.18612e-02
-1.14896e-02
-1.09091e-02
-1.04911e-02
-1.02940e-02
-1.00919e-02
-9.76973e-03
-9.46837e-03
-9.18322e-03
-8.74471e-03
-8.06801e-03
-7.24843e-03
-6.52243e-03
-5.92802e-03
-5.11052e-03
-3.90242e-03
-2.58101e-03
-1.52564e-03
-7.88134e-04
-9.84161e-05
7.49037e-04
1.72859e-03
2.78857e-03
4.03045e-03
5.43550e-03
6.62924e-03
7.24766e-03
7.42928e-03
7.53607e-03
7.81168e-03
8.41163e-03
9.43831e-03
1.08238e-02
1.21935e-02
1.30852e-02
1.34824e-02
1.36527e-02
1.37504e-02
1.38209e-02
1.39067e-02
1.40390e-02
1.41803e-02
1.42254e-02
1.41617e-02
1.42109e-02
1.44720e-02
1.47821e-02
1.48937e-02
1.46749e-02
1.43407e-02
1.42290e-02
1.43559e-02
1.44833e-02
1.43611e-02
1.38794e-02
1.31671e-02
1.23108e-02
1.13350e-02
1.03298e-02
9.30099e-03
8.25741e-03
7.30153e-03
6.42714e-03
5.61057e-03
4.91983e-03
4.30085e-03
3.63985e-03
2.99178e-03
2.53442e-03
2.25067e-03
1.93480e-03
1.44298e-03
7.71889e-04
4.73921e-05
-5.35789e-04
-9.41498e-04
-1.26599e-03
-1.51701e-03
-1.57611e-03
-1.36971e-03
-1.10180e-03
-9.48577e-04
-8.40598e-04
-6.67462e-04
-4.01083e-04
-6.92254e-05
2.51829e-04
4.97705e-04
7.75448e-04
1.06646e-03
1.11002e-03
8.75095e-04
6.75500e-04
9.11637e-04
1.85709e-03
3.34462e-03
4.76001e-03
5.50405e-03
5.33195e-03
4.46499e-03
3.46182e-03
2.77431e-03
2.41960e-03
2.15931e-03
1.78884e-03
1.17464e-03
2.42894e-04
-9.17216e-04
-1.98386e-03
-2.66801e-03
-3.06931e-03
-3.47787e-03
-3.83559e-03
-3.90118e-03
-3.65211e-03
-3.18229e-03
-2.57680e-03
-1.99824e-03
-1.71537e-03
-1.81516e-03
-2.07465e-03
-2.19818e-03
-2.12632e-03
-1.94490e-03
-1.72911e-03
-1.56678e-03
-1.42150e-03
-1.41724e-03
-1.82295e-03
-2.43433e-03
-2.91426e-03
-3.43890e-03
-4.15663e-03
-4.85831e-03
-5.41567e-03
-5.98250e-03
-6.69773e-03
-7.46587e-03
-8.21564e-03
-8.89128e-03
-9.43205e-03
-9.94310e-03
-1.05693e-02
-1.12941e-02
-1.19204e-02
-1.22715e-02
-1.24005e-02
-1.24386e-02
-1.24428e-02
-1.24334e-02
-1.24430e-02
-1.25004e-02
-1.26038e-02
-1.27106e-02
-1.27379e-02
-1.25668e-02
-1.20665e-02
-1.11457e-02
-9.84428e-03
-8.42875e-03
-7.20436e-03
-6.05817e-03
-4.70358e-03
-3.16665e-03
-1.74472e-03
-5.69571e-04
5.19591e-04
1.59254e-03
2.49878e-03
3.16558e-03
3.68664e-03
4.20708e-03
4.66874e-03
5.00151e-03
5.23278e-03
5.31984e-03
5.19788e-03
5.02312e-03
4.92467e-03
4.78656e-03
4.43344e-03
3.76103e-03
2.75484e-03
1.54164e-03
3.99445e-04
-5.40069e-04
-1.51466e-03
-2.84917e-03
-4.59418e-03
-6.51375e-03
-8.39539e-03
-1.01744e-02
-1.16697e-02
-1.26026e-02
-1.29986e-02
-1.33380e-02
-1.40497e-02
-1.51127e-02
-1.62397e-02
-1.72126e-02
-1.79118e-02
-1.83235e-02
-1.85579e-02
-1.87027e-02
-1.87554e-02
-1.86568e-02
-1.83157e-02
-1.76308e-02
-1.65493e-02
-1.51769e-02
-1.38228e-02
-1.25937e-02
-1.11436e-02
-9.20026e-03
-6.91485e-03
-4.45338e-03
-1.79528e-03
7.19705e-04
2.49788e-03
3.33998e-03
3.52992e-03
3.55349e-03
3.83661e-03
4.51092e-03
5.46963e-03
6.65813e-03
7.94386e-03
9.05545e-03
9.95254e-03
1.09139e-02
1.21653e-02
1.36161e-02
1.48582e-02
1.55349e-02
1.57601e-02
1.58213e-02
1.58700e-02
1.59924e-02
1.62900e-02
1.68239e-02
1.75263e-02
1.81972e-02
1.86142e-02
1.86343e-02
1.82099e-02
1.73542e-02
1.61727e-02
1.48356e-02
1.34166e-02
1.19237e-02
1.03328e-02
8.77342e-03
7.47523e-03
6.29527e-03
4.93262e-03
3.43036e-03
2.09344e-03
8.92257e-04
-4.58096e-04
-1.93921e-03
-3.16079e-03
-3.82178e-03
-4.02666e-03
-4.04047e-03
-4.03352e-03
-4.12105e-03
-4.43251e-03
-5.06063e-03
-5.97145e-03
-6.92848e-03
-7.50651e-03
-7.41811e-03
-6.84340e-03
-6.09701e-03
-5.33283e-03
-4.72163e-03
-4.37028e-03
-4.20098e-03
-4.11617e-03
-4.09857e-03
-4.17999e-03
-4.41011e-03
-4.84568e-03
-5.50752e-03
-6.34687e-03
-7.36914e-03
-8.49407e-03
-9.39123e-03
-9.90372e-03
-1.01684e-02
-1.02796e-02
-1.01703e-02
-9.72221e-03
-8.85412e-03
-7.58230e-03
-6.09500e-03
-4.64801e-03
-3.29319e-03
-1.90967e-03
-5.64024e-04
5.00445e-04
1.30168e-03
2.17484e-03
3.36875e-03
4.79833e-03
6.06261e-03
6.80364e-03
7.10426e-03
7.19670e-03
7.16476e-03
7.02402e-03
6.82833e-03
6.66066e-03
6.60614e-03
6.74431e-03
7.00711e-03
7.04396e-03
6.58513e-03
5.61513e-03
4.28033e-03
2.93833e-03
2.01468e-03
1.53307e-03
1.27103e-03
1.14434e-03
1.20605e-03
1.52769e-03
2.16125e-03
3.11345e-03
4.26085e-03
5.36435e-03
6.24657e-03
6.80243e-03
7.06199e-03
7.16711e-03
7.21549e-03
7.23483e-03
7.22316e-03
7.16358e-03
7.02106e-03
6.76381e-03
6.39781e-03
6.00738e-03
5.78165e-03
5.92133e-03
6.32650e-03
6.66032e-03
6.82119e-03
6.96981e-03
7.24579e-03
7.69736e-03
8.31730e-03
9.00165e-03
9.53112e-03
9.80423e-03
9.91748e-03
9.96693e-03
9.97389e-03
9.94604e-03
9.90351e-03
9.86463e-03
9.83887e-03
9.83518e-03
9.86498e-03
9.93653e-03
1.00427e-02
1.01490e-02
1.01841e-02
1.00427e-02
9.60788e-03
8.80219e-03
7.67087e-03
6.44605e-03
5.39561e-03
4.68955e-03
4.37497e-03
4.33228e-03
4.40123e-03
4.45567e-03
4.36629e-03
3.99702e-03
3.25698e-03
2.18101e-03
9.82917e-04
-7.68980e-05
-8.37592e-04
-1.24924e-03
-1.45504e-03
-1.66436e-03
-1.99899e-03
-2.47522e-03
-2.99450e-03
-3.29653e-03
-2.99025e-03
-1.97403e-03
-6.12327e-04
8.65714e-04
2.30931e-03
3.39600e-03
3.97677e-03
4.24017e-03
4.41393e-03
4.58527e-03
4.75811e-03
4.88394e-03
4.84837e-03
4.61095e-03
4.37041e-03
4.24808e-03
4.18541e-03
4.13653e-03
4.11650e-03
4.13645e-03
4.17186e-03
4.17123e-03
4.06531e-03
3.76925e-03
3.07648e-03
1.61921e-03
-6.32548e-04
-3.15716e-03
-5.27739e-03
-6.58344e-03
-7.18233e-03
-7.40985e-03
-7.45916e-03
-7.40234e-03
-7.30500e-03
-7.22510e-03
-7.18327e-03
-7.17484e-03
-7.19545e-03
-7.24990e-03
-7.34490e-03
-7.47521e-03
-7.60731e-03
-7.66670e-03
-7.53686e-03
-7.08162e-03
-6.19988e-03
-4.91471e-03
-3.49022e-03
-2.40861e-03
-1.88454e-03
-1.71478e-03
-1.68456e-03
-1.71250e-03
-1.73313e-03
-1.65512e-03
-1.41351e-03
-1.01156e-03
-5.39825e-04
-1.96861e-04
-2.33997e-04
-6.42357e-04
-1.06327e-03
-1.24461e-03
-1.29795e-03
-1.43650e-03
-1.80862e-03
-2.53032e-03
-3.65713e-03
-5.04736e-03
-6.29589e-03
-7.14771e-03
-7.87858e-03
-8.54022e-03
-9.17907e-03
-9.60627e-03
-9.77440e-03
-9.90623e-03
-1.02647e-02
-1.10049e-02
-1.21675e-02
-1.36073e-02
-1.49018e-02
-1.56596e-02
-1.59598e-02
-1.60682e-02
-1.61087e-02
-1.61209e-02
-1.61480e-02
-1.62113e-02
-1.62667e-02
-1.62117e-02
-1.59170e-02
-1.52710e-02
-1.42416e-02
-1.29673e-02
-1.18342e-02
-1.12355e-02
-1.10304e-02
-1.07038e-02
-9.80183e-03
-8.16246e-03
-6.07310e-03
-3.94196e-03
-1.97275e-03
-2.86601e-04
9.72368e-04
1.99401e-03
3.14660e-03
4.52106e-03
5.81418e-03
6.62999e-03
6.98857e-03
7.13797e-03
7.18702e-03
7.13893e-03
7.02247e-03
6.90299e-03
6.85041e-03
6.93622e-03
7.23277e-03
7.78362e-03
8.54575e-03
9.32261e-03
9.80604e-03
9.83201e-03
9.39850e-03
8.60660e-03
7.78229e-03
7.03812e-03
6.13787e-03
4.93184e-03
3.57831e-03
2.44900e-03
1.78923e-03
1.50677e-03
1.39645e-03
1.36317e-03
1.38054e-03
1.41674e-03
1.44043e-03
1.44239e-03
1.42929e-03
1.41057e-03
1.39282e-03
1.38059e-03
1.37627e-03
1.38045e-03
1.39145e-03
1.40562e-03
1.41670e-03
1.41658e-03
1.39696e-03
1.35396e-03
1.29409e-03
1.24148e-03
1.24172e-03
1.35927e-03
1.66160e-03
2.18719e-03
2.89166e-03
3.61990e-03
4.28128e-03
4.95586e-03
5.65826e-03
6.20607e-03
6.46673e-03
6.53535e-03
6.54021e-03
6.51995e-03
6.47997e-03
6.43498e-03
6.39799e-03
6.36910e-03
6.34245e-03
6.31423e-03
6.28441e-03
6.25538e-03
6.23062e-03
6.21262e-03
6.20040e-03
6.18736e-03
6.16138e-03
6.10767e-03
6.01571e-03
5.88909e-03
5.75638e-03
5.67788e-03
5.74229e-03
6.04553e-03
6.64694e-03
7.50024e-03
8.39260e-03
9.05499e-03
9.32556e-03
9.04170e-03
8.12362e-03
6.87727e-03
5.81058e-03
5.16650e-03
4.88394e-03
4.88648e-03
5.02170e-03
4.94242e-03
4.41769e-03
3.43922e-03
2.15328e-03
8.03118e-04
-5.02365e-04
-1.85636e-03
-3.24159e-03
-4.41816e-03
-5.27506e-03
-5.97813e-03
-6.66022e-03
-7.31596e-03
-8.04369e-03
-8.97006e-03
-9.99937e-03
-1.08514e-02
-1.13049e-02
-1.12626e-02
-1.08403e-02
-1.03412e-02
-1.01510e-02
-1.04822e-02
-1.10166e-02
-1.13581e-02
-1.15047e-02
-1.16019e-02
-1.16747e-02
-1.16734e-02
-1.15543e-02
-1.12699e-02
-1.07610e-02
-1.00021e-02
-9.07669e-03
-8.16264e-03
-7.34492e-03
-6.66662e-03
-6.26529e-03
-6.17553e-03
-6.26540e-03
-6.37933e-03
-6.37000e-03
-6.05851e-03
-5.33416e-03
-4.37671e-03
-3.42135e-03
-2.50108e-03
-1.71619e-03
-1.07034e-03
-3.41574e-04
6.18462e-04
1.69776e-03
2.58282e-03
3.04427e-03
3.13699e-03
3.03386e-03
2.84924e-03
2.60474e-03
2.16046e-03
1.48618e-03
7.84606e-04
1.66570e-04
-3.70194e-04
-7.54540e-04
-9.75255e-04
-1.16354e-03
-1.44442e-03
-1.85031e-03
-2.32097e-03
-2.73454e-03
-3.07217e-03
-3.44617e-03
-3.91839e-03
-4.40862e-03
-4.74962e-03
-4.88323e-03
-4.89812e-03
-4.87151e-03
-4.82101e-03
-4.75368e-03
-4.68476e-03
-4.62481e-03
-4.57413e-03
-4.52850e-03
-4.48357e-03
-4.43541e-03
-4.38038e-03
-4.31616e-03
-4.24293e-03
-4.16486e-03
-4.09053e-03
-4.03231e-03
-4.00271e-03
-4.00777e-03
-4.03794e-03
-4.05927e-03
-4.00877e-03
-3.80088e-03
-3.35042e-03
-2.61678e-03
-1.66978e-03
-7.41181e-04
-9.55369e-05
2.12915e-04
3.13983e-04
3.17659e-04
2.77224e-04
2.53203e-04
3.26243e-04
5.67241e-04
1.00858e-03
1.61243e-03
2.25239e-03
2.82782e-03
3.32702e-03
3.69354e-03
3.89345e-03
4.04340e-03
4.28437e-03
4.66379e-03
5.12810e-03
5.51237e-03
5.53932e-03
5.07510e-03
4.43268e-03
4.00516e-03
3.81711e-03
3.73750e-03
3.72437e-03
3.76844e-03
3.80965e-03
3.75248e-03
3.50852e-03
3.02484e-03
2.31812e-03
1.53056e-03
9.58633e-04
8.40687e-04
1.07690e-03
1.38205e-03
1.55476e-03
1.56948e-03
1.46666e-03
1.27798e-03
1.07111e-03
9.79885e-04
1.10625e-03
1.34390e-03
1.49230e-03
1.51224e-03
1.48466e-03
1.47846e-03
1.55210e-03
1.78091e-03
2.22744e-03
2.87842e-03
3.58998e-03
4.12903e-03
4.37607e-03
4.41160e-03
4.36775e-03
4.33305e-03
4.38220e-03
4.58911e-03
4.98597e-03
5.51200e-03
6.02373e-03
6.40748e-03
6.60386e-03
6.63158e-03
6.56635e-03
6.46569e-03
6.35798e-03
6.26019e-03
6.17881e-03
6.10068e-03
5.99307e-03
5.81052e-03
5.50818e-03
5.06197e-03
4.49909e-03
3.89428e-03
3.28462e-03
2.66146e-03
1.98204e-03
1.20987e-03
4.11385e-04
-3.17301e-04
-9.82686e-04
-1.59748e-03
-2.06040e-03
-2.35618e-03
-2.64031e-03
-3.03545e-03
-3.51953e-03
-3.93749e-03
-4.05738e-03
-3.79024e-03
-3.27714e-03
-2.74123e-03
-2.34844e-03
-2.13048e-03
-2.02270e-03
-1.96530e-03
-1.92155e-03
-1.85266e-03
-1.72062e-03
-1.50970e-03
-1.24433e-03
-9.87845e-04
-7.61338e-04
-4.98397e-04
-1.38281e-04
3.00357e-04
7.17759e-04
1.01772e-03
1.23054e-03
1.47874e-03
1.83850e-03
2.28223e-03
2.68429e-03
2.87998e-03
2.78398e-03
2.47985e-03
2.15464e-03
1.89763e-03
1.66351e-03
1.40565e-03
1.13951e-03
9.19269e-04
7.74759e-04
6.63229e-04
5.27848e-04
3.51194e-04
1.53682e-04
-1.45418e-05
-1.15875e-04
-1.88034e-04
-3.03440e-04
-4.67960e-04
-5.83993e-04
-6.02887e-04
-5.87126e-04
-5.57758e-04
-4.94266e-04
-4.41702e-04
-4.40755e-04
-4.78741e-04
-5.30390e-04
-5.72794e-04
-5.75322e-04
-5.29598e-04
-4.85565e-04
-4.72027e-04
-4.71625e-04
-4.66347e-04
-4.49795e-04
-4.16762e-04
-3.63181e-04
-2.96681e-04
-2.43805e-04
-2.30781e-04
-2.42765e-04
-2.66435e-04
-2.94016e-04
-3.43806e-04
-4.57224e-04
-6.23412e-04
-8.13583e-04
-1.01472e-03
-1.20041e-03
-1.34879e-03
-1.45486e-03
-1.53798e-03
-1.63186e-03
-1.74727e-03
-1.86511e-03
-1.97726e-03
-2.08888e-03
-2.18209e-03
-2.24134e-03
-2.26868e-03
-2.25841e-03
-2.22069e-03
-2.18887e-03
-2.16028e-03
-2.11107e-03
-2.04354e-03
-1.97139e-03
-1.90024e-03
-1.83242e-03
-1.77279e-03
-1.72652e-03
-1.69426e-03
-1.66895e-03
-1.63374e-03
-1.56118e-03
-1.42116e-03
-1.21383e-03
-9.72449e-04
-7.34312e-04
-5.32611e-04
-3.77120e-04
-2.42549e-04
-1.11197e-04
4.28637e-06
1.08531e-04
2.29029e-04
3.73270e-04
5.24795e-04
6.63510e-04
7.67148e-04
8.24642e-04
8.40088e-04
8.25320e-04
8.04958e-04
7.94497e-04
7.87726e-04
7.83727e-04
7.87629e-04
7.93404e-04
7.82041e-04
7.38934e-04
6.71003e-04
5.96349e-04
5.24141e-04
4.47173e-04
3.58919e-04
2.66671e-04
1.84638e-04
1.20136e-04
7.48162e-05
4.39323e-05
2.16904e-05
7.72654e-06
-9.11599e-07
-1.75893e-05
-4.75431e-05
-8.08677e-05
-1.07064e-04
-1.27421e-04
-1.47095e-04
-1.64783e-04
-1.73581e-04
-1.69090e-04
-1.59227e-04
-1.56011e-04
-1.58802e-04
-1.59130e-04
-1.56282e-04
-1.51576e-04
-1.48192e-04
-1.52757e-04
-1.63519e-04
-1.70965e-04
-1.71817e-04
-1.69324e-04
-1.65439e-04
-1.59927e-04
-1.52858e-04
-1.45287e-04
-1.38746e-04
-1.35066e-04
-1.36254e-04
-1.43866e-04
-1.57778e-04
-1.74643e-04
-1.87625e-04
-1.91237e-04
-1.86274e-04
-1.76818e-04
-1.65650e-04
-1.54360e-04
-1.44700e-04
-1.38435e-04
-1.36539e-04
-1.38551e-04
-1.41956e-04
-1.42362e-04
-1.36986e-04
-1.27834e-04
-1.18703e-04
-1.09847e-04
-9.98240e-05
-8.91729e-05
-7.90034e-05
-6.93678e-05
-5.96507e-05
-4.91787e-05
-3.73760e-05
-2.39313e-05
-9.20255e-06
5.27986e-06
1.69134e-05
2.46599e-05
3.03646e-05
3.61852e-05
4.32119e-05
5.18015e-05
6.14687e-05
7.05226e-05
7.73183e-05
8.18618e-05
8.49594e-05
8.71037e-05
8.86834e-05
8.97308e-05
8.99468e-05
8.92075e-05
8.76093e-05
8.55203e-05
8.32939e-05
8.10917e-05
7.89876e-05
7.70419e-05
7.52913e-05
7.37344e-05
7.23402e-05
7.10541e-05
6.98012e-05
6.84961e-05
6.70690e-05
6.55050e-05
6.38983e-05
6.24847e-05
6.14712e-05
6.07739e-05
6.02623e-05
6.00145e-05
6.01456e-05
6.05498e-05
6.10476e-05
6.15583e-05
6.20626e-05
6.25485e-05
6.30074e-05
6.34433e-05
6.38669e-05
6.42889e-05
6.47150e-05
6.51444e-05
6.55662e-05
6.59591e-05
6.63009e-05
6.65928e-05
6.68562e-05
6.71007e-05
6.73303e-05
6.75537e-05
6.77768e-05
6.80007e-05
6.82241e-05
6.84444e-05
6.86583e-05
6.88629e-05
6.90583e-05
6.92471e-05
6.94314e-05
6.96116e-05
6.97873e-05
6.99580e-05
7.01234e-05
7.02827e-05
7.04353e-05
7.05807e-05
7.07185e-05
7.08485e-05
7.09707e-05
7.10850e-05
0.00000e+00
