3.52216e-04
3.50953e-04
3.49874e-04
3.49061e-04
3.48403e-04
3.47539e-04
3.46082e-04
3.43927e-04
3.41347e-04
3.38844e-04
3.36768e-04
3.34719e-04
3.32071e-04
3.28599e-04
3.24647e-04
3.21127e-04
3.19654e-04
3.22109e-04
3.29596e-04
3.40553e-04
3.49211e-04
3.47747e-04
3.32658e-04
3.07621e-04
2.79575e-04
2.54463e-04
2.39436e-04
2.39927e-04
2.51587e-04
2.63653e-04
2.72431e-04
2.86599e-04
3.14000e-04
3.50450e-04
3.79599e-04
3.87163e-04
3.72481e-04
3.39862e-04
2.96725e-04
2.61302e-04
2.49554e-04
2.58887e-04
2.79559e-04
3.02117e-04
3.11778e-04
2.98909e-04
2.83214e-04
3.00559e-04
3.56313e-04
4.14814e-04
4.46039e-04
4.52041e-04
4.37266e-04
3.94546e-04
3.23370e-04
2.45439e-04
1.90755e-04
1.66283e-04
1.57113e-04
1.52248e-04
1.50057e-04
1.49027e-04
1.44845e-04
1.33499e-04
1.14043e-04
9.02358e-05
7.24590e-05
7.78696e-05
1.25860e-04
2.26486e-04
3.62252e-04
4.72552e-04
4.79264e-04
3.47660e-04
1.10670e-04
-1.43210e-04
-3.18065e-04
-3.68941e-04
-3.08334e-04
-1.91671e-04
-9.68513e-05
-5.82293e-05
-2.60178e-05
6.59403e-05
2.46563e-04
4.94977e-04
7.29424e-04
8.62617e-04
8.63521e-04
7.88040e-04
7.60674e-04
8.36715e-04
9.57961e-04
1.01592e-03
8.93356e-04
5.66532e-04
1.21680e-04
-3.34069e-04
-6.45343e-04
-6.61884e-04
-3.67785e-04
1.19634e-04
6.74811e-04
1.18380e-03
1.49061e-03
1.47063e-03
1.10783e-03
5.12559e-04
-1.35236e-04
-6.88023e-04
-1.06690e-03
-1.26630e-03
-1.33513e-03
-1.28162e-03
-1.05946e-03
-6.46391e-04
-1.16667e-04
3.75216e-04
6.85069e-04
7.91146e-04
8.01283e-04
8.20057e-04
9.01908e-04
1.07856e-03
1.34475e-03
1.60664e-03
1.65992e-03
1.31076e-03
5.93513e-04
-2.38235e-04
-9.62289e-04
-1.48698e-03
-1.81654e-03
-1.99428e-03
-1.97085e-03
-1.59023e-03
-7.15138e-04
6.13732e-04
2.10467e-03
3.32084e-03
3.92604e-03
3.85261e-03
3.19156e-03
2.07512e-03
7.29038e-04
-5.65848e-04
-1.58828e-03
-2.15691e-03
-2.14533e-03
-1.56321e-03
-6.27831e-04
2.21533e-04
5.87903e-04
3.31067e-04
-4.17943e-04
-1.27696e-03
-1.82509e-03
-1.84198e-03
-1.33552e-03
-5.04546e-04
3.65218e-04
1.02049e-03
1.36455e-03
1.43773e-03
1.20322e-03
5.29892e-04
-6.33577e-04
-2.18676e-03
-3.89607e-03
-5.34296e-03
-6.09452e-03
-5.94847e-03
-4.91968e-03
-3.23289e-03
-1.22979e-03
7.07891e-04
2.21069e-03
3.10882e-03
3.50065e-03
3.57575e-03
3.33706e-03
2.50651e-03
8.40214e-04
-1.40497e-03
-3.69462e-03
-5.65837e-03
-7.01414e-03
-7.48897e-03
-6.92364e-03
-5.30628e-03
-2.85932e-03
-7.81598e-05
2.41395e-03
4.05102e-03
4.48133e-03
3.70973e-03
2.25688e-03
8.93059e-04
2.08172e-04
4.54879e-04
1.41113e-03
2.42230e-03
2.83017e-03
2.38055e-03
1.23662e-03
-3.48673e-04
-2.19160e-03
-4.02376e-03
-5.51054e-03
-6.36587e-03
-6.48132e-03
-5.94073e-03
-4.84197e-03
-3.21360e-03
-1.21275e-03
7.76316e-04
2.28318e-03
3.02387e-03
2.93768e-03
1.96671e-03
2.93592e-05
-2.79292e-03
-6.09425e-03
-9.11920e-03
-1.10674e-02
-1.15429e-02
-1.05989e-02
-8.48627e-03
-5.73264e-03
-3.20080e-03
-1.58078e-03
-8.83701e-04
-6.96013e-04
-6.46465e-04
-5.44708e-04
-4.66529e-04
-6.08193e-04
-9.48042e-04
-1.10751e-03
-7.27342e-04
2.28153e-04
1.51875e-03
2.61476e-03
2.93630e-03
2.31060e-03
1.08153e-03
-3.08150e-04
-1.77008e-03
-3.37521e-03
-4.92082e-03
-5.97615e-03
-6.14025e-03
-5.23823e-03
-3.55954e-03
-1.66217e-03
-1.29830e-04
5.63156e-04
2.28994e-04
-9.47596e-04
-2.56573e-03
-4.30037e-03
-5.86894e-03
-6.91247e-03
-7.22561e-03
-6.86257e-03
-5.87756e-03
-4.34120e-03
-2.46698e-03
-5.73879e-04
8.88748e-04
1.34931e-03
4.76129e-04
-1.50898e-03
-3.91742e-03
-5.88380e-03
-6.79158e-03
-6.52910e-03
-5.37748e-03
-3.78654e-03
-2.32793e-03
-1.59467e-03
-1.87958e-03
-3.02186e-03
-4.60480e-03
-6.08608e-03
-6.91316e-03
-6.81658e-03
-5.91628e-03
-4.48722e-03
-2.81084e-03
-1.14909e-03
2.08425e-04
9.41450e-04
8.38122e-04
3.98025e-05
-9.01949e-04
-1.36419e-03
-1.02808e-03
1.14608e-04
1.83616e-03
3.50336e-03
4.25353e-03
3.48129e-03
1.09060e-03
-2.35522e-03
-5.80395e-03
-8.27082e-03
-9.28291e-03
-8.80883e-03
-7.07940e-03
-4.70564e-03
-2.48641e-03
-9.14032e-04
3.54643e-05
7.59727e-04
1.67541e-03
3.08582e-03
5.13448e-03
7.46480e-03
9.29986e-03
1.00511e-02
9.69715e-03
8.63679e-03
7.35725e-03
6.12054e-03
4.74075e-03
2.79381e-03
6.36859e-05
-3.32614e-03
-6.96938e-03
-1.00609e-02
-1.16904e-02
-1.14953e-02
-9.83964e-03
-7.36179e-03
-4.68675e-03
-2.46133e-03
-1.22444e-03
-1.13140e-03
-1.85135e-03
-2.91439e-03
-3.94803e-03
-4.55349e-03
-4.42879e-03
-3.61709e-03
-2.32847e-03
-5.34892e-04
1.95509e-03
4.96071e-03
7.76912e-03
9.56570e-03
9.77428e-03
8.32041e-03
5.74914e-03
3.01145e-03
1.15257e-03
9.64784e-04
2.44366e-03
4.59999e-03
6.20982e-03
6.57119e-03
5.71280e-03
4.22474e-03
2.82031e-03
1.89538e-03
1.43025e-03
1.29558e-03
1.33376e-03
1.38025e-03
1.48288e-03
1.77145e-03
2.07551e-03
1.96031e-03
1.10848e-03
-5.91174e-04
-2.98142e-03
-5.70590e-03
-8.31040e-03
-1.01816e-02
-1.07558e-02
-9.74532e-03
-7.28625e-03
-3.97279e-03
-5.96933e-04
2.03729e-03
3.31990e-03
3.14256e-03
1.94875e-03
5.45377e-04
-3.61957e-04
-5.61811e-04
-3.08669e-04
-1.53267e-04
-7.43866e-04
-2.46172e-03
-5.07610e-03
-7.95840e-03
-1.03624e-02
-1.15751e-02
-1.11330e-02
-9.02795e-03
-5.77481e-03
-1.99968e-03
1.91742e-03
5.68355e-03
8.71282e-03
1.03050e-02
1.02568e-02
8.85966e-03
6.48452e-03
3.60231e-03
8.18829e-04
-1.30342e-03
-2.36248e-03
-2.11992e-03
-6.08083e-04
1.50004e-03
3.04535e-03
3.14622e-03
1.52473e-03
-1.47849e-03
-5.05107e-03
-8.26492e-03
-1.01550e-02
-1.00099e-02
-8.05953e-03
-5.25657e-03
-2.46102e-03
-1.76870e-04
1.51396e-03
2.90481e-03
4.32441e-03
5.79940e-03
7.13704e-03
7.92093e-03
7.67444e-03
6.35826e-03
4.26578e-03
1.60793e-03
-1.53506e-03
-4.93878e-03
-8.06021e-03
-1.04056e-02
-1.18684e-02
-1.27219e-02
-1.35071e-02
-1.47152e-02
-1.64123e-02
-1.80848e-02
-1.89646e-02
-1.85136e-02
-1.65994e-02
-1.35650e-02
-1.00276e-02
-6.61011e-03
-3.94221e-03
-2.29361e-03
-1.14999e-03
2.44659e-04
2.11276e-03
4.13002e-03
5.78154e-03
6.64266e-03
6.54258e-03
5.62082e-03
4.31406e-03
2.99363e-03
1.78717e-03
6.78427e-04
-4.59811e-04
-1.73481e-03
-3.25327e-03
-4.98193e-03
-6.70917e-03
-8.10751e-03
-8.73344e-03
-8.15025e-03
-6.06726e-03
-2.69497e-03
1.11251e-03
4.26625e-03
6.05585e-03
6.49287e-03
6.22136e-03
6.08676e-03
6.71019e-03
8.31939e-03
1.07388e-02
1.33336e-02
1.50532e-02
1.49479e-02
1.28989e-02
9.62428e-03
5.90317e-03
2.11783e-03
-1.58515e-03
-5.28601e-03
-9.20362e-03
-1.33189e-02
-1.71778e-02
-2.02680e-02
-2.23547e-02
-2.32688e-02
-2.28462e-02
-2.13021e-02
-1.91658e-02
-1.67243e-02
-1.39907e-02
-1.08850e-02
-7.34368e-03
-3.46417e-03
3.37348e-04
3.47123e-03
5.59319e-03
6.75723e-03
7.35354e-03
7.89493e-03
8.64170e-03
9.45069e-03
9.81743e-03
9.11827e-03
6.94404e-03
3.46587e-03
-4.85979e-04
-4.01806e-03
-6.75981e-03
-8.65704e-03
-9.50908e-03
-9.11877e-03
-7.63432e-03
-5.65322e-03
-3.84385e-03
-2.59521e-03
-1.96734e-03
-1.64864e-03
-1.15479e-03
-1.16686e-05
1.95713e-03
4.13615e-03
5.22637e-03
4.14881e-03
8.23809e-04
-3.81664e-03
-8.28916e-03
-1.11259e-02
-1.15414e-02
-9.89074e-03
-7.30453e-03
-5.02698e-03
-4.00060e-03
-4.52143e-03
-6.20397e-03
-8.48236e-03
-1.08267e-02
-1.26803e-02
-1.34989e-02
-1.29444e-02
-1.10460e-02
-8.16999e-03
-5.05351e-03
-2.50527e-03
-1.01831e-03
-7.44257e-04
-1.54338e-03
-3.07753e-03
-4.97057e-03
-6.89984e-03
-8.68027e-03
-1.02561e-02
-1.14849e-02
-1.20474e-02
-1.14539e-02
-9.26647e-03
-5.57971e-03
-1.19218e-03
2.74969e-03
5.41045e-03
6.59281e-03
6.46154e-03
5.32277e-03
3.75391e-03
2.41075e-03
1.85854e-03
2.55291e-03
4.63817e-03
7.92010e-03
1.20073e-02
1.64987e-02
2.12018e-02
2.60961e-02
3.11341e-02
3.62816e-02
4.13711e-02
4.59292e-02
4.94148e-02
5.15635e-02
5.23728e-02
5.19727e-02
5.07936e-02
4.97508e-02
4.98514e-02
5.17704e-02
5.56835e-02
6.10188e-02
6.66575e-02
7.14426e-02
7.45275e-02
7.56726e-02
7.55026e-02
7.50022e-02
7.46579e-02
7.44890e-02
7.43439e-02
7.39197e-02
7.31179e-02
7.23528e-02
7.21839e-02
7.27358e-02
7.34376e-02
7.32676e-02
7.11708e-02
6.64748e-02
5.93467e-02
5.07992e-02
4.21352e-02
3.44170e-02
2.83696e-02
2.42541e-02
2.19173e-02
2.11932e-02
2.18442e-02
2.33314e-02
2.50084e-02
2.62522e-02
2.63563e-02
2.47189e-02
2.09211e-02
1.45341e-02
5.24428e-03
-6.86077e-03
-2.12006e-02
-3.65999e-02
-5.13155e-02
-6.38015e-02
-7.31867e-02
-7.91672e-02
-8.20545e-02
-8.25441e-02
-8.12988e-02
-7.88071e-02
-7.52927e-02
-7.06326e-02
-6.46796e-02
-5.76211e-02
-4.99339e-02
-4.19648e-02
-3.37345e-02
-2.53125e-02
-1.71074e-02
-9.70945e-03
-3.64564e-03
8.18521e-04
3.66198e-03
4.80505e-03
4.01765e-03
1.04606e-03
-4.36088e-03
-1.22751e-02
-2.22006e-02
-3.31991e-02
-4.40125e-02
-5.31341e-02
-5.93171e-02
-6.19274e-02
-6.08669e-02
-5.63682e-02
-4.87589e-02
-3.84853e-02
-2.62945e-02
-1.33997e-02
-1.37308e-03
8.54095e-03
1.56144e-02
1.93713e-02
1.96908e-02
1.70655e-02
1.25310e-02
7.14804e-03
2.00462e-03
-1.74587e-03
-3.45252e-03
-3.07153e-03
-8.96411e-04
2.38091e-03
5.67757e-03
7.90683e-03
8.16500e-03
5.59942e-03
-3.36963e-04
-9.47700e-03
-2.11258e-02
-3.42113e-02
-4.69756e-02
-5.72214e-02
-6.31620e-02
-6.38078e-02
-5.88280e-02
-4.85991e-02
-3.42441e-02
-1.73386e-02
4.31380e-04
1.77750e-02
3.37058e-02
4.69679e-02
5.62241e-02
6.06748e-02
6.01403e-02
5.50686e-02
4.64851e-02
3.53434e-02
2.22453e-02
7.51451e-03
-8.76059e-03
-2.62499e-02
-4.40206e-02
-6.08211e-02
-7.54410e-02
-8.67950e-02
-9.40306e-02
-9.65368e-02
-9.40008e-02
-8.67272e-02
-7.56580e-02
-6.19110e-02
-4.65649e-02
-3.08437e-02
-1.58612e-02
-2.28389e-03
9.60461e-03
1.95245e-02
2.70662e-02
3.18793e-02
3.38077e-02
3.29623e-02
2.95212e-02
2.35235e-02
1.50030e-02
4.22487e-03
-8.17208e-03
-2.11649e-02
-3.35934e-02
-4.46639e-02
-5.38765e-02
-6.06782e-02
-6.44617e-02
-6.45597e-02
-6.05512e-02
-5.24812e-02
-4.07220e-02
-2.59621e-02
-9.23441e-03
8.31375e-03
2.58288e-02
4.26579e-02
5.81581e-02
7.20279e-02
8.43117e-02
9.50061e-02
1.04126e-01
1.11901e-01
1.18614e-01
1.24374e-01
1.29227e-01
1.33290e-01
1.36595e-01
1.38965e-01
1.40244e-01
1.40449e-01
1.39564e-01
1.37259e-01
1.32892e-01
1.25626e-01
1.14610e-01
9.92860e-02
7.96127e-02
5.64796e-02
3.18183e-02
7.84099e-03
-1.34152e-02
-2.99919e-02
-4.03023e-02
-4.36747e-02
-4.06036e-02
-3.27055e-02
-2.24556e-02
-1.23318e-02
-4.17346e-03
8.13934e-04
1.89372e-03
-1.00202e-03
-6.93736e-03
-1.44867e-02
-2.22592e-02
-2.91065e-02
-3.45038e-02
-3.87449e-02
-4.26584e-02
-4.72335e-02
-5.33734e-02
-6.15845e-02
-7.16230e-02
-8.24329e-02
-9.25714e-02
-1.00621e-01
-1.05204e-01
-1.04876e-01
-9.85905e-02
-8.59399e-02
-6.68847e-02
-4.21333e-02
-1.35542e-02
1.65877e-02
4.59866e-02
7.18725e-02
9.17878e-02
1.04428e-01
1.09403e-01
1.06834e-01
9.76378e-02
8.39322e-02
6.83911e-02
5.31420e-02
3.97714e-02
2.97084e-02
2.40826e-02
2.32410e-02
2.64341e-02
3.22393e-02
3.91957e-02
4.59157e-02
5.12186e-02
5.45445e-02
5.58730e-02
5.55676e-02
5.41498e-02
5.21627e-02
5.01027e-02
4.83856e-02
4.75476e-02
4.80959e-02
5.02365e-02
5.38556e-02
5.85138e-02
6.33788e-02
6.71495e-02
6.84227e-02
6.62115e-02
5.99572e-02
4.94945e-02
3.51806e-02
1.77075e-02
-1.88854e-03
-2.22526e-02
-4.20453e-02
-6.01106e-02
-7.55643e-02
-8.79526e-02
-9.75446e-02
-1.05213e-01
-1.11744e-01
-1.17634e-01
-1.23329e-01
-1.29100e-01
-1.34883e-01
-1.40273e-01
-1.44584e-01
-1.47130e-01
-1.47266e-01
-1.44352e-01
-1.37993e-01
-1.28005e-01
-1.14249e-01
-9.69699e-02
-7.69985e-02
-5.59504e-02
-3.61712e-02
-1.96442e-02
-7.21694e-03
1.31935e-03
6.53783e-03
9.08990e-03
1.00295e-02
1.04854e-02
1.12100e-02
1.24928e-02
1.40148e-02
1.50240e-02
1.47321e-02
1.26172e-02
8.63967e-03
3.33871e-03
-2.48798e-03
-8.07932e-03
-1.26465e-02
-1.57363e-02
-1.75418e-02
-1.84145e-02
-1.84057e-02
-1.73325e-02
-1.49960e-02
-1.14952e-02
-7.27541e-03
-2.74893e-03
1.89845e-03
6.55391e-03
1.10426e-02
1.51470e-02
1.87146e-02
2.18052e-02
2.46665e-02
2.75829e-02
3.08680e-02
3.48601e-02
3.96988e-02
4.49637e-02
4.95484e-02
5.20127e-02
5.10219e-02
4.56278e-02
3.54285e-02
2.04536e-02
1.32108e-03
-2.05083e-02
-4.30168e-02
-6.40647e-02
-8.19101e-02
-9.56051e-02
-1.05075e-01
-1.11115e-01
-1.15043e-01
-1.18091e-01
-1.20938e-01
-1.23708e-01
-1.26345e-01
-1.28748e-01
-1.30384e-01
-1.30283e-01
-1.27464e-01
-1.20996e-01
-1.10203e-01
-9.50098e-02
-7.60037e-02
-5.42681e-02
-3.11276e-02
-7.78970e-03
1.47623e-02
3.56055e-02
5.37565e-02
6.83687e-02
7.87652e-02
8.42778e-02
8.43706e-02
7.91219e-02
6.94514e-02
5.66802e-02
4.22184e-02
2.77467e-02
1.47792e-02
3.86261e-03
-5.22387e-03
-1.31200e-02
-2.07233e-02
-2.86626e-02
-3.71889e-02
-4.62564e-02
-5.53022e-02
-6.31987e-02
-6.85840e-02
-7.03107e-02
-6.73455e-02
-5.91061e-02
-4.60632e-02
-2.93982e-02
-1.03021e-02
1.00422e-02
3.01652e-02
4.87082e-02
6.48154e-02
7.80320e-02
8.77973e-02
9.34204e-02
9.46495e-02
9.20075e-02
8.66539e-02
7.98026e-02
7.22111e-02
6.42303e-02
5.56842e-02
4.60274e-02
3.51296e-02
2.32449e-02
1.09565e-02
-7.97628e-04
-1.10758e-02
-1.90897e-02
-2.41808e-02
-2.60088e-02
-2.48131e-02
-2.11342e-02
-1.55288e-02
-8.64286e-03
-1.17287e-03
6.43362e-03
1.39316e-02
2.09099e-02
2.70281e-02
3.22510e-02
3.66385e-02
4.03760e-02
4.37170e-02
4.66561e-02
4.89014e-02
5.01362e-02
5.02916e-02
4.94796e-02
4.77884e-02
4.54640e-02
4.29160e-02
4.03649e-02
3.79134e-02
3.57345e-02
3.38675e-02
3.21302e-02
3.01773e-02
2.76735e-02
2.44619e-02
2.05040e-02
1.58116e-02
1.04629e-02
4.78477e-03
-7.91214e-04
-6.04695e-03
-1.10557e-02
-1.59643e-02
-2.07589e-02
-2.54176e-02
-2.99304e-02
-3.41725e-02
-3.79298e-02
-4.08873e-02
-4.29357e-02
-4.43443e-02
-4.53730e-02
-4.61680e-02
-4.69870e-02
-4.79710e-02
-4.90879e-02
-5.03950e-02
-5.18990e-02
-5.32775e-02
-5.39922e-02
-5.34834e-02
-5.11788e-02
-4.66264e-02
-3.98626e-02
-3.13832e-02
-2.18901e-02
-1.21056e-02
-2.58686e-03
6.24907e-03
1.41119e-02
2.08391e-02
2.64093e-02
3.08805e-02
3.44094e-02
3.72145e-02
3.95663e-02
4.17960e-02
4.40383e-02
4.62770e-02
4.85448e-02
5.09191e-02
5.34381e-02
5.60039e-02
5.83000e-02
5.97543e-02
5.96329e-02
5.71635e-02
5.18438e-02
4.38186e-02
3.39043e-02
2.31745e-02
1.26002e-02
2.84458e-03
-5.80056e-03
-1.32090e-02
-1.93475e-02
-2.42924e-02
-2.83082e-02
-3.17926e-02
-3.48965e-02
-3.76669e-02
-4.04295e-02
-4.36495e-02
-4.73450e-02
-5.09333e-02
-5.36945e-02
-5.50524e-02
-5.47268e-02
-5.27383e-02
-4.91722e-02
-4.39213e-02
-3.68516e-02
-2.80333e-02
-1.76440e-02
-5.98677e-03
6.24134e-03
1.80919e-02
2.88855e-02
3.84724e-02
4.70337e-02
5.46621e-02
6.14627e-02
6.76404e-02
7.34217e-02
7.91231e-02
8.49500e-02
9.08096e-02
9.63115e-02
1.00827e-01
1.03813e-01
1.05050e-01
1.04608e-01
1.02742e-01
9.95031e-02
9.45032e-02
8.71417e-02
7.68861e-02
6.35646e-02
4.74969e-02
2.94801e-02
1.06983e-02
-7.50685e-03
-2.41146e-02
-3.86330e-02
-5.09917e-02
-6.16057e-02
-7.11161e-02
-7.98114e-02
-8.74939e-02
-9.38471e-02
-9.84519e-02
-1.00629e-01
-9.97223e-02
-9.56019e-02
-8.85801e-02
-7.90662e-02
-6.76133e-02
-5.49726e-02
-4.19493e-02
-2.94273e-02
-1.81945e-02
-8.82785e-03
-1.65375e-03
3.21055e-03
5.80385e-03
6.53343e-03
6.11720e-03
5.33629e-03
5.00548e-03
5.74324e-03
7.69002e-03
1.07825e-02
1.48867e-02
1.95830e-02
2.41740e-02
2.78819e-02
3.01302e-02
3.06570e-02
2.92920e-02
2.60360e-02
2.11651e-02
1.50899e-02
8.33288e-03
1.67684e-03
-3.96892e-03
-7.97184e-03
-9.98350e-03
-9.85168e-03
-7.74984e-03
-4.26895e-03
-2.53677e-04
3.53888e-03
6.62668e-03
8.64769e-03
9.39737e-03
8.87219e-03
7.31751e-03
5.19869e-03
2.98804e-03
1.01469e-03
-5.41140e-04
-1.67457e-03
-2.71197e-03
-4.26007e-03
-6.88025e-03
-1.07863e-02
-1.58759e-02
-2.17407e-02
-2.77039e-02
-3.30727e-02
-3.73013e-02
-4.01156e-02
-4.15032e-02
-4.17901e-02
-4.16607e-02
-4.17389e-02
-4.22190e-02
-4.28220e-02
-4.31509e-02
-4.28488e-02
-4.14102e-02
-3.82562e-02
-3.30137e-02
-2.56478e-02
-1.64020e-02
-5.71529e-03
5.71475e-03
1.70863e-02
2.78028e-02
3.73861e-02
4.52728e-02
5.09377e-02
5.42591e-02
5.56423e-02
5.57204e-02
5.50863e-02
5.42149e-02
5.34403e-02
5.28327e-02
5.22823e-02
5.15806e-02
5.03670e-02
4.81652e-02
4.45615e-02
3.93650e-02
3.25830e-02
2.43773e-02
1.48955e-02
4.21975e-03
-7.25337e-03
-1.86347e-02
-2.88664e-02
-3.71132e-02
-4.29173e-02
-4.59239e-02
-4.59381e-02
-4.32381e-02
-3.84208e-02
-3.19315e-02
-2.40649e-02
-1.52506e-02
-6.11407e-03
2.52487e-03
9.79502e-03
1.51646e-02
1.85761e-02
2.02236e-02
2.03481e-02
1.90704e-02
1.63931e-02
1.24424e-02
7.76278e-03
3.11013e-03
-9.70856e-04
-4.20451e-03
-6.26100e-03
-6.81371e-03
-5.83194e-03
-3.43791e-03
2.83689e-04
5.26852e-03
1.12735e-02
1.78162e-02
2.43721e-02
3.05084e-02
3.58134e-02
3.96320e-02
4.13656e-02
4.09755e-02
3.87983e-02
3.52489e-02
3.08741e-02
2.63679e-02
2.21341e-02
1.81094e-02
1.42134e-02
1.05654e-02
7.18413e-03
3.95328e-03
9.07852e-04
-1.68556e-03
-3.49254e-03
-4.32559e-03
-4.20612e-03
-3.20487e-03
-1.43227e-03
6.81349e-04
2.47169e-03
3.53509e-03
3.82585e-03
3.44641e-03
2.37646e-03
4.10074e-04
-2.42197e-03
-5.76846e-03
-9.28615e-03
-1.26691e-02
-1.56395e-02
-1.80320e-02
-1.97263e-02
-2.05320e-02
-2.03559e-02
-1.93519e-02
-1.75955e-02
-1.50602e-02
-1.18545e-02
-8.30672e-03
-5.06152e-03
-2.82556e-03
-2.04482e-03
-2.77101e-03
-4.54033e-03
-6.70862e-03
-8.87140e-03
-1.08009e-02
-1.23054e-02
-1.32685e-02
-1.36240e-02
-1.32481e-02
-1.21029e-02
-1.03724e-02
-8.45642e-03
-6.90582e-03
-6.40299e-03
-7.48062e-03
-1.02040e-02
-1.41370e-02
-1.85936e-02
-2.30170e-02
-2.68276e-02
-2.94367e-02
-3.07551e-02
-3.11257e-02
-3.09518e-02
-3.06235e-02
-3.03462e-02
-3.00525e-02
-2.96539e-02
-2.91898e-02
-2.86402e-02
-2.78381e-02
-2.67239e-02
-2.53428e-02
-2.36072e-02
-2.14544e-02
-1.89628e-02
-1.61945e-02
-1.31666e-02
-9.80947e-03
-6.01047e-03
-1.79181e-03
2.55598e-03
6.73547e-03
1.06221e-02
1.40756e-02
1.70736e-02
1.98172e-02
2.25473e-02
2.53013e-02
2.78766e-02
3.00856e-02
3.19256e-02
3.34507e-02
3.45683e-02
3.51011e-02
3.50058e-02
3.43859e-02
3.33508e-02
3.19310e-02
3.01652e-02
2.81214e-02
2.59210e-02
2.38098e-02
2.18388e-02
1.98312e-02
1.77031e-02
1.54168e-02
1.28679e-02
1.01464e-02
7.58897e-03
5.46337e-03
3.78634e-03
2.47439e-03
1.52795e-03
9.62684e-04
8.04147e-04
1.07039e-03
1.65435e-03
2.50726e-03
3.71676e-03
5.32457e-03
7.12396e-03
8.56398e-03
9.11338e-03
8.58705e-03
7.01181e-03
4.54262e-03
1.44430e-03
-1.88073e-03
-4.76399e-03
-6.56801e-03
-7.05361e-03
-6.29471e-03
-4.47733e-03
-1.98536e-03
6.10178e-04
2.86607e-03
4.56655e-03
5.51157e-03
5.36317e-03
3.84667e-03
9.57387e-04
-3.25489e-03
-8.84620e-03
-1.56032e-02
-2.29931e-02
-3.04505e-02
-3.73236e-02
-4.29114e-02
-4.67544e-02
-4.88680e-02
-4.95924e-02
-4.92753e-02
-4.81256e-02
-4.61376e-02
-4.32664e-02
-3.96048e-02
-3.52608e-02
-3.04245e-02
-2.52964e-02
-1.99341e-02
-1.44904e-02
-9.27971e-03
-4.66812e-03
-9.74001e-04
1.70585e-03
3.41802e-03
4.29149e-03
4.61935e-03
4.72274e-03
4.75627e-03
4.74717e-03
4.70963e-03
4.68330e-03
4.73180e-03
4.94068e-03
5.39304e-03
6.09803e-03
6.90971e-03
7.65000e-03
8.36600e-03
9.21646e-03
1.01186e-02
1.08226e-02
1.12771e-02
1.15969e-02
1.17864e-02
1.19026e-02
1.22609e-02
1.30515e-02
1.42076e-02
1.58064e-02
1.79783e-02
2.05585e-02
2.32813e-02
2.60772e-02
2.88953e-02
3.16436e-02
3.42658e-02
3.65739e-02
3.83308e-02
3.92840e-02
3.90557e-02
3.73349e-02
3.41396e-02
2.96763e-02
2.41712e-02
1.80026e-02
1.17035e-02
5.80514e-03
6.20204e-04
-3.88242e-03
-7.80965e-03
-1.09561e-02
-1.28820e-02
-1.33498e-02
-1.25605e-02
-1.09333e-02
-8.85020e-03
-6.69126e-03
-4.82983e-03
-3.56806e-03
-3.03445e-03
-3.19767e-03
-3.92627e-03
-5.00000e-03
-6.01372e-03
-6.60667e-03
-6.70014e-03
-6.41036e-03
-6.02658e-03
-5.77654e-03
-5.68463e-03
-5.78836e-03
-6.23756e-03
-7.16582e-03
-8.54329e-03
-1.02427e-02
-1.22035e-02
-1.43614e-02
-1.64961e-02
-1.83634e-02
-1.98959e-02
-2.11759e-02
-2.23972e-02
-2.36931e-02
-2.49892e-02
-2.61542e-02
-2.69737e-02
-2.72469e-02
-2.69960e-02
-2.62831e-02
-2.51346e-02
-2.35810e-02
-2.17359e-02
-1.97533e-02
-1.76624e-02
-1.55370e-02
-1.35378e-02
-1.18253e-02
-1.06691e-02
-1.03053e-02
-1.08301e-02
-1.23961e-02
-1.50886e-02
-1.86581e-02
-2.25920e-02
-2.63926e-02
-2.95828e-02
-3.16682e-02
-3.24750e-02
-3.20659e-02
-3.04055e-02
-2.74248e-02
-2.31370e-02
-1.77610e-02
-1.17288e-02
-5.53514e-03
3.41953e-04
5.42440e-03
9.43365e-03
1.22644e-02
1.37412e-02
1.38439e-02
1.28660e-02
1.10897e-02
8.49158e-03
4.96875e-03
6.03135e-04
-4.27721e-03
-9.12909e-03
-1.34542e-02
-1.69523e-02
-1.94248e-02
-2.07261e-02
-2.08406e-02
-1.98393e-02
-1.77277e-02
-1.45213e-02
-1.04629e-02
-6.11720e-03
-2.01497e-03
1.56097e-03
4.55598e-03
7.19050e-03
9.59182e-03
1.16294e-02
1.32618e-02
1.46316e-02
1.58068e-02
1.65810e-02
1.67450e-02
1.64025e-02
1.57173e-02
1.46126e-02
1.29021e-02
1.07324e-02
8.48491e-03
6.27027e-03
3.99909e-03
1.80477e-03
-4.00851e-05
-1.51182e-03
-2.67764e-03
-3.50837e-03
-4.02215e-03
-4.29253e-03
-4.42653e-03
-4.45419e-03
-4.29878e-03
-3.86904e-03
-3.17062e-03
-2.39066e-03
-1.79643e-03
-1.64936e-03
-2.17700e-03
-3.47275e-03
-5.59884e-03
-8.52045e-03
-1.19725e-02
-1.56701e-02
-1.95061e-02
-2.34342e-02
-2.71687e-02
-3.03902e-02
-3.28588e-02
-3.41240e-02
-3.39400e-02
-3.26160e-02
-3.07057e-02
-2.88152e-02
-2.73999e-02
-2.64798e-02
-2.58083e-02
-2.51685e-02
-2.43459e-02
-2.30666e-02
-2.10885e-02
-1.83877e-02
-1.51810e-02
-1.18472e-02
-8.79868e-03
-6.25041e-03
-4.07683e-03
-2.06722e-03
-3.58507e-05
2.26777e-03
5.01636e-03
8.26353e-03
1.19430e-02
1.59108e-02
2.00780e-02
2.43991e-02
2.89046e-02
3.35563e-02
3.82339e-02
4.27969e-02
4.70596e-02
5.08266e-02
5.39914e-02
5.66820e-02
5.90556e-02
6.10327e-02
6.23427e-02
6.27524e-02
6.21384e-02
6.04550e-02
5.76563e-02
5.39095e-02
4.96822e-02
4.54634e-02
4.15613e-02
3.80970e-02
3.51631e-02
3.27931e-02
3.08978e-02
2.92140e-02
2.75186e-02
2.57697e-02
2.40210e-02
2.23600e-02
2.07170e-02
1.89187e-02
1.68331e-02
1.44012e-02
1.15129e-02
8.03247e-03
4.01524e-03
-2.87466e-04
-4.75087e-03
-9.45905e-03
-1.43451e-02
-1.91491e-02
-2.37045e-02
-2.78950e-02
-3.15260e-02
-3.44535e-02
-3.66397e-02
-3.81102e-02
-3.89353e-02
-3.93759e-02
-3.97336e-02
-4.00580e-02
-4.01357e-02
-3.97543e-02
-3.86914e-02
-3.65397e-02
-3.30091e-02
-2.79522e-02
-2.13345e-02
-1.34766e-02
-4.82981e-03
4.16894e-03
1.29976e-02
2.10935e-02
2.79725e-02
3.32723e-02
3.68350e-02
3.87624e-02
3.92611e-02
3.85640e-02
3.69407e-02
3.46222e-02
3.17801e-02
2.85984e-02
2.53982e-02
2.24089e-02
1.95896e-02
1.70009e-02
1.48087e-02
1.30296e-02
1.15767e-02
1.04770e-02
9.84003e-03
9.66668e-03
9.88143e-03
1.04853e-02
1.15083e-02
1.29664e-02
1.48139e-02
1.69492e-02
1.91632e-02
2.10522e-02
2.23605e-02
2.30971e-02
2.33453e-02
2.31299e-02
2.23656e-02
2.09595e-02
1.88661e-02
1.62104e-02
1.33431e-02
1.05639e-02
7.99762e-03
5.63991e-03
3.33638e-03
9.22720e-04
-1.48572e-03
-3.58295e-03
-5.22625e-03
-6.43330e-03
-7.17080e-03
-7.40305e-03
-7.14877e-03
-6.38521e-03
-5.14167e-03
-3.70149e-03
-2.42280e-03
-1.56171e-03
-1.27660e-03
-1.56591e-03
-2.43458e-03
-3.90114e-03
-5.92529e-03
-8.44095e-03
-1.12561e-02
-1.40298e-02
-1.64623e-02
-1.84193e-02
-1.99355e-02
-2.09670e-02
-2.13432e-02
-2.10234e-02
-2.01710e-02
-1.90297e-02
-1.76540e-02
-1.60464e-02
-1.42544e-02
-1.23322e-02
-1.03986e-02
-8.55469e-03
-6.94584e-03
-5.67218e-03
-4.75612e-03
-4.12936e-03
-3.53265e-03
-2.76861e-03
-1.72730e-03
-2.84192e-04
1.58718e-03
3.63682e-03
5.42423e-03
6.74822e-03
7.56628e-03
7.85687e-03
7.80646e-03
7.68413e-03
7.73153e-03
8.21703e-03
9.40191e-03
1.13670e-02
1.39423e-02
1.67471e-02
1.92752e-02
2.10901e-02
2.19704e-02
2.19141e-02
2.11184e-02
1.98470e-02
1.82935e-02
1.65363e-02
1.46063e-02
1.26020e-02
1.06083e-02
8.79118e-03
7.33348e-03
6.26234e-03
5.54692e-03
5.28845e-03
5.64340e-03
6.57503e-03
7.83439e-03
9.11151e-03
1.01958e-02
1.10101e-02
1.16048e-02
1.20160e-02
1.20752e-02
1.16219e-02
1.07650e-02
9.64479e-03
8.31354e-03
6.90760e-03
5.58881e-03
4.42380e-03
3.35265e-03
2.18449e-03
7.72653e-04
-8.36688e-04
-2.54629e-03
-4.27563e-03
-5.91693e-03
-7.47309e-03
-9.01947e-03
-1.05702e-02
-1.20850e-02
-1.34927e-02
-1.46874e-02
-1.53625e-02
-1.51999e-02
-1.42344e-02
-1.28884e-02
-1.15236e-02
-1.02617e-02
-9.13945e-03
-8.15423e-03
-7.35427e-03
-6.71524e-03
-6.19281e-03
-5.96933e-03
-6.29399e-03
-7.18639e-03
-8.46030e-03
-9.90050e-03
-1.13979e-02
-1.29242e-02
-1.44738e-02
-1.60421e-02
-1.76109e-02
-1.91299e-02
-2.05037e-02
-2.16158e-02
-2.23810e-02
-2.28118e-02
-2.29318e-02
-2.25900e-02
-2.15091e-02
-1.95483e-02
-1.69705e-02
-1.43061e-02
-1.19214e-02
-9.87094e-03
-7.97734e-03
-6.15106e-03
-4.48127e-03
-2.79337e-03
-7.81836e-04
1.46005e-03
3.44273e-03
4.66652e-03
4.99356e-03
4.51565e-03
3.21678e-03
1.11573e-03
-1.53746e-03
-4.44122e-03
-7.28456e-03
-9.78798e-03
-1.19472e-02
-1.38266e-02
-1.52419e-02
-1.60006e-02
-1.62346e-02
-1.61945e-02
-1.59713e-02
-1.55745e-02
-1.50817e-02
-1.45140e-02
-1.37572e-02
-1.27961e-02
-1.17362e-02
-1.06908e-02
-9.62506e-03
-8.33449e-03
-6.85052e-03
-5.37406e-03
-4.03121e-03
-2.88869e-03
-1.99205e-03
-1.45291e-03
-1.24843e-03
-1.17255e-03
-1.07140e-03
-9.27882e-04
-8.12139e-04
-8.61313e-04
-1.27103e-03
-2.20667e-03
-3.65600e-03
-5.40460e-03
-6.98751e-03
-7.77842e-03
-7.36273e-03
-5.73419e-03
-3.31981e-03
-6.82328e-04
1.87010e-03
4.29063e-03
6.51216e-03
8.39419e-03
9.99595e-03
1.14305e-02
1.26638e-02
1.36286e-02
1.43868e-02
1.51943e-02
1.61244e-02
1.68718e-02
1.72002e-02
1.72605e-02
1.72518e-02
1.72259e-02
1.72077e-02
1.72692e-02
1.74868e-02
1.78741e-02
1.83251e-02
1.85890e-02
1.84478e-02
1.78835e-02
1.69793e-02
1.57546e-02
1.42287e-02
1.25412e-02
1.06910e-02
8.58342e-03
6.42848e-03
4.53051e-03
2.81924e-03
9.00985e-04
-1.56299e-03
-4.64591e-03
-8.07367e-03
-1.14270e-02
-1.44257e-02
-1.69706e-02
-1.89899e-02
-2.02880e-02
-2.06699e-02
-2.00461e-02
-1.84563e-02
-1.61164e-02
-1.33219e-02
-1.03608e-02
-7.59727e-03
-5.19049e-03
-2.87855e-03
-5.22483e-04
1.56240e-03
3.11753e-03
4.31995e-03
5.42004e-03
6.21717e-03
6.40262e-03
6.02833e-03
5.27267e-03
4.29025e-03
3.20010e-03
1.96028e-03
5.22607e-04
-9.88250e-04
-2.57114e-03
-4.35228e-03
-6.18258e-03
-7.65570e-03
-8.49419e-03
-8.75103e-03
-8.54088e-03
-7.82163e-03
-6.57969e-03
-5.07123e-03
-3.62257e-03
-2.45975e-03
-1.76339e-03
-1.63353e-03
-2.08347e-03
-2.95811e-03
-4.10180e-03
-5.41770e-03
-6.72366e-03
-7.83933e-03
-8.72208e-03
-9.49473e-03
-1.02829e-02
-1.10944e-02
-1.19628e-02
-1.30293e-02
-1.43619e-02
-1.58666e-02
-1.74637e-02
-1.91311e-02
-2.07955e-02
-2.22705e-02
-2.32794e-02
-2.35673e-02
-2.30578e-02
-2.19039e-02
-2.04287e-02
-1.89023e-02
-1.74751e-02
-1.62851e-02
-1.54346e-02
-1.48808e-02
-1.43447e-02
-1.36287e-02
-1.28193e-02
-1.20412e-02
-1.11266e-02
-9.78220e-03
-7.99888e-03
-5.90919e-03
-3.63188e-03
-1.39190e-03
7.48127e-04
3.08375e-03
5.84820e-03
8.89255e-03
1.20030e-02
1.50652e-02
1.79347e-02
2.03909e-02
2.22640e-02
2.35870e-02
2.44198e-02
2.47977e-02
2.49319e-02
2.50244e-02
2.51099e-02
2.51213e-02
2.49551e-02
2.44928e-02
2.36565e-02
2.25016e-02
2.11264e-02
1.94711e-02
1.73245e-02
1.45046e-02
1.10526e-02
7.22330e-03
3.20707e-03
-9.08963e-04
-4.99465e-03
-8.97667e-03
-1.27782e-02
-1.62304e-02
-1.92790e-02
-2.18409e-02
-2.36818e-02
-2.46111e-02
-2.44226e-02
-2.29951e-02
-2.05101e-02
-1.72442e-02
-1.34128e-02
-9.20870e-03
-4.64180e-03
2.82895e-04
5.27197e-03
9.98881e-03
1.42712e-02
1.79738e-02
2.09319e-02
2.30233e-02
2.42112e-02
2.47245e-02
2.49735e-02
2.51759e-02
2.52808e-02
2.51039e-02
2.44162e-02
2.30429e-02
2.10475e-02
1.87619e-02
1.64758e-02
1.41727e-02
1.17351e-02
9.32815e-03
7.30645e-03
5.80698e-03
4.72685e-03
3.94336e-03
3.28578e-03
2.57144e-03
1.82291e-03
1.18776e-03
7.68407e-04
5.81798e-04
5.30436e-04
5.20362e-04
5.17468e-04
5.05633e-04
4.69700e-04
4.13548e-04
3.73754e-04
4.15327e-04
6.11193e-04
1.00190e-03
1.52669e-03
1.97629e-03
2.15535e-03
2.01420e-03
1.50971e-03
5.89991e-04
-6.46969e-04
-1.99519e-03
-3.35317e-03
-4.76119e-03
-6.32068e-03
-8.10343e-03
-9.92733e-03
-1.13809e-02
-1.21446e-02
-1.20496e-02
-1.11562e-02
-9.82555e-03
-8.34848e-03
-6.77767e-03
-5.10587e-03
-3.36843e-03
-1.62729e-03
1.59864e-04
1.82412e-03
2.95133e-03
3.48208e-03
3.73260e-03
3.85619e-03
3.71260e-03
3.07763e-03
1.81502e-03
1.12103e-05
-2.04665e-03
-4.15746e-03
-6.25724e-03
-8.12237e-03
-9.43462e-03
-1.00448e-02
-9.96272e-03
-9.24580e-03
-7.98720e-03
-6.46276e-03
-4.98967e-03
-3.78704e-03
-2.97150e-03
-2.35109e-03
-1.61489e-03
-7.32652e-04
-1.80747e-05
3.17743e-04
4.38420e-04
5.27207e-04
5.92309e-04
5.85573e-04
4.89636e-04
3.22028e-04
1.51323e-04
1.38950e-04
5.43695e-04
1.64253e-03
3.53558e-03
5.91208e-03
8.20788e-03
1.00775e-02
1.15162e-02
1.24936e-02
1.28529e-02
1.25505e-02
1.15494e-02
9.80027e-03
7.35795e-03
4.43737e-03
1.53114e-03
-7.96510e-04
-2.32454e-03
-3.22036e-03
-3.71739e-03
-3.92444e-03
-3.95327e-03
-3.91120e-03
-3.85040e-03
-3.81170e-03
-3.87019e-03
-4.13154e-03
-4.67948e-03
-5.48507e-03
-6.31668e-03
-6.88190e-03
-7.12804e-03
-7.19776e-03
-7.15988e-03
-6.97844e-03
-6.63340e-03
-6.19924e-03
-5.85114e-03
-5.68416e-03
-5.60033e-03
-5.50062e-03
-5.40212e-03
-5.39738e-03
-5.61285e-03
-6.17676e-03
-7.13058e-03
-8.30803e-03
-9.41546e-03
-1.02779e-02
-1.09276e-02
-1.14509e-02
-1.19272e-02
-1.24874e-02
-1.31819e-02
-1.40200e-02
-1.50214e-02
-1.59948e-02
-1.67323e-02
-1.72380e-02
-1.74033e-02
-1.70171e-02
-1.60436e-02
-1.44561e-02
-1.21887e-02
-9.40417e-03
-6.39276e-03
-3.30673e-03
-1.92408e-04
2.87907e-03
5.79093e-03
8.44501e-03
1.08297e-02
1.30909e-02
1.55521e-02
1.83473e-02
2.11553e-02
2.35690e-02
2.53992e-02
2.66859e-02
2.74623e-02
2.77705e-02
2.79070e-02
2.82203e-02
2.89026e-02
2.99595e-02
3.11882e-02
3.24299e-02
3.36999e-02
3.49489e-02
3.60724e-02
3.69040e-02
3.73348e-02
3.74757e-02
3.73857e-02
3.69355e-02
3.59785e-02
3.45334e-02
3.27305e-02
3.06686e-02
2.84582e-02
2.61804e-02
2.38331e-02
2.13787e-02
1.87920e-02
1.61141e-02
1.34800e-02
1.09551e-02
8.40411e-03
5.69431e-03
2.85526e-03
7.40846e-05
-2.49027e-03
-4.83276e-03
-7.11368e-03
-9.49648e-03
-1.18814e-02
-1.40278e-02
-1.59132e-02
-1.76791e-02
-1.93294e-02
-2.07346e-02
-2.19410e-02
-2.31576e-02
-2.44525e-02
-2.58090e-02
-2.71272e-02
-2.82754e-02
-2.91856e-02
-2.97464e-02
-2.99522e-02
-2.99555e-02
-2.98856e-02
-2.98102e-02
-2.98129e-02
-3.00101e-02
-3.04871e-02
-3.12045e-02
-3.18852e-02
-3.19876e-02
-3.11577e-02
-2.95936e-02
-2.74978e-02
-2.48299e-02
-2.16495e-02
-1.80653e-02
-1.41675e-02
-1.01991e-02
-6.52041e-03
-3.33235e-03
-6.94673e-04
1.28238e-03
2.54216e-03
3.19911e-03
3.47990e-03
3.61784e-03
3.72367e-03
3.78135e-03
3.71182e-03
3.41182e-03
2.80181e-03
1.92718e-03
1.02829e-03
2.31467e-04
-6.29267e-04
-1.59712e-03
-2.52078e-03
-3.40250e-03
-4.31736e-03
-5.06190e-03
-5.42825e-03
-5.55194e-03
-5.60897e-03
-5.59915e-03
-5.44883e-03
-5.11660e-03
-4.63123e-03
-4.11158e-03
-3.62814e-03
-3.13998e-03
-2.70717e-03
-2.44155e-03
-2.35107e-03
-2.47169e-03
-2.94452e-03
-3.88969e-03
-5.24248e-03
-6.79138e-03
-8.35054e-03
-9.76574e-03
-1.08491e-02
-1.14375e-02
-1.15121e-02
-1.11491e-02
-1.03955e-02
-9.33928e-03
-8.10091e-03
-6.68203e-03
-5.10946e-03
-3.49656e-03
-1.97648e-03
-7.19195e-04
1.00870e-04
4.24930e-04
4.59779e-04
4.45170e-04
5.19007e-04
7.99946e-04
1.39843e-03
2.30289e-03
3.29031e-03
4.22290e-03
5.20138e-03
6.12531e-03
6.61803e-03
6.44624e-03
5.62988e-03
4.30261e-03
2.78359e-03
1.42798e-03
3.03720e-04
-7.08780e-04
-1.59950e-03
-2.20692e-03
-2.53814e-03
-2.77152e-03
-2.95967e-03
-2.98441e-03
-2.83507e-03
-2.60174e-03
-2.20266e-03
-1.51029e-03
-6.14958e-04
1.26514e-04
4.87871e-04
6.27884e-04
7.19837e-04
7.39486e-04
5.75571e-04
1.29293e-04
-6.37418e-04
-1.63411e-03
-2.73563e-03
-3.97584e-03
-5.37324e-03
-6.71131e-03
-7.71188e-03
-8.24110e-03
-8.38558e-03
-8.37017e-03
-8.38554e-03
-8.56454e-03
-9.01091e-03
-9.73748e-03
-1.05389e-02
-1.09514e-02
-1.06589e-02
-9.85291e-03
-8.96553e-03
-8.16734e-03
-7.29488e-03
-6.33399e-03
-5.46490e-03
-4.70075e-03
-3.93517e-03
-3.11396e-03
-2.26041e-03
-1.58884e-03
-1.21860e-03
-8.97206e-04
-3.47491e-04
4.50848e-04
1.27027e-03
1.84680e-03
2.14277e-03
2.26664e-03
2.22332e-03
1.91413e-03
1.28925e-03
4.74488e-04
-1.60477e-04
-1.70379e-04
5.88824e-04
1.87824e-03
3.39579e-03
4.99909e-03
6.61698e-03
8.17016e-03
9.75093e-03
1.15544e-02
1.34891e-02
1.51926e-02
1.63877e-02
1.70761e-02
1.74183e-02
1.75486e-02
1.74502e-02
1.69942e-02
1.60727e-02
1.47232e-02
1.30874e-02
1.12640e-02
9.34098e-03
7.51480e-03
5.96113e-03
4.67698e-03
3.62961e-03
3.01387e-03
3.22248e-03
4.40299e-03
6.25871e-03
8.47250e-03
1.09724e-02
1.35866e-02
1.59275e-02
1.77237e-02
1.90105e-02
1.98606e-02
2.02972e-02
2.04983e-02
2.06002e-02
2.05295e-02
2.00968e-02
1.91440e-02
1.76698e-02
1.58053e-02
1.37086e-02
1.16060e-02
9.72957e-03
8.19937e-03
6.99414e-03
6.06614e-03
5.49723e-03
5.27494e-03
5.21620e-03
5.18758e-03
5.16673e-03
5.15767e-03
5.15200e-03
5.14300e-03
5.13303e-03
5.12663e-03
5.12607e-03
5.13218e-03
5.14477e-03
5.16083e-03
5.17278e-03
5.16862e-03
5.13692e-03
5.07647e-03
5.00931e-03
4.99157e-03
5.11277e-03
5.47085e-03
6.11353e-03
6.93757e-03
7.63892e-03
8.06666e-03
8.45946e-03
9.04482e-03
9.74862e-03
1.02341e-02
1.01597e-02
9.55427e-03
8.82846e-03
8.20598e-03
7.49665e-03
6.61794e-03
5.89493e-03
5.75638e-03
6.28037e-03
7.14813e-03
7.87606e-03
8.20533e-03
8.26864e-03
8.23485e-03
8.15104e-03
8.06940e-03
8.11032e-03
8.40922e-03
9.03458e-03
9.89396e-03
1.06483e-02
1.08604e-02
1.03471e-02
9.26645e-03
7.95359e-03
6.62336e-03
5.28413e-03
3.83797e-03
2.13564e-03
1.85232e-04
-1.86628e-03
-3.95762e-03
-6.12341e-03
-8.23912e-03
-1.00844e-02
-1.15266e-02
-1.24499e-02
-1.29387e-02
-1.33786e-02
-1.40802e-02
-1.50336e-02
-1.59492e-02
-1.66201e-02
-1.70933e-02
-1.72948e-02
-1.70384e-02
-1.62925e-02
-1.50043e-02
-1.30193e-02
-1.03297e-02
-7.19764e-03
-4.08180e-03
-1.45722e-03
4.21819e-04
1.54425e-03
2.03377e-03
2.10333e-03
1.84562e-03
1.21540e-03
2.40903e-04
-8.38130e-04
-1.84905e-03
-2.82459e-03
-3.59387e-03
-3.92534e-03
-3.89496e-03
-3.65470e-03
-3.27188e-03
-2.84389e-03
-2.45237e-03
-2.24779e-03
-2.50808e-03
-3.19691e-03
-3.98803e-03
-4.79260e-03
-5.71577e-03
-6.64236e-03
-7.45709e-03
-8.32321e-03
-9.29428e-03
-1.02092e-02
-1.10204e-02
-1.17362e-02
-1.21294e-02
-1.20919e-02
-1.20068e-02
-1.22269e-02
-1.26647e-02
-1.30307e-02
-1.31893e-02
-1.32207e-02
-1.31968e-02
-1.31108e-02
-1.29649e-02
-1.28196e-02
-1.27516e-02
-1.26550e-02
-1.23371e-02
-1.18547e-02
-1.12865e-02
-1.05141e-02
-9.49344e-03
-8.29963e-03
-6.89564e-03
-5.29406e-03
-3.77005e-03
-2.54468e-03
-1.70068e-03
-1.41504e-03
-1.76475e-03
-2.54245e-03
-3.35146e-03
-3.80445e-03
-3.76769e-03
-3.33661e-03
-2.65435e-03
-1.92938e-03
-1.35087e-03
-8.22790e-04
-5.38287e-05
1.09813e-03
2.61881e-03
4.36756e-03
5.96315e-03
7.07708e-03
7.73455e-03
8.21655e-03
8.82926e-03
9.67249e-03
1.05522e-02
1.11550e-02
1.13435e-02
1.11289e-02
1.04618e-02
9.30512e-03
7.82753e-03
6.20217e-03
4.45751e-03
2.57979e-03
4.44240e-04
-2.04011e-03
-4.69230e-03
-7.12851e-03
-9.07207e-03
-1.04825e-02
-1.12710e-02
-1.12599e-02
-1.04903e-02
-9.15846e-03
-7.44694e-03
-5.63755e-03
-4.13191e-03
-3.17374e-03
-2.63010e-03
-2.07725e-03
-1.22187e-03
-8.77649e-05
1.19119e-03
2.59351e-03
4.04299e-03
5.40244e-03
6.75941e-03
8.17696e-03
9.40072e-03
1.00738e-02
1.00171e-02
9.39001e-03
8.64676e-03
8.03569e-03
7.39349e-03
6.60681e-03
5.71461e-03
4.77739e-03
4.04616e-03
3.75287e-03
3.82032e-03
4.12005e-03
4.61305e-03
5.21619e-03
5.87011e-03
6.64249e-03
7.67454e-03
9.05238e-03
1.05562e-02
1.18568e-02
1.29277e-02
1.39663e-02
1.50669e-02
1.61073e-02
1.68458e-02
1.71766e-02
1.72932e-02
1.73865e-02
1.74761e-02
1.74978e-02
1.73574e-02
1.69291e-02
1.61017e-02
1.48795e-02
1.33240e-02
1.13836e-02
8.93819e-03
5.98911e-03
2.64393e-03
-1.01981e-03
-4.88450e-03
-8.66052e-03
-1.21788e-02
-1.56137e-02
-1.91124e-02
-2.25286e-02
-2.54903e-02
-2.77085e-02
-2.92098e-02
-3.01411e-02
-3.05618e-02
-3.04321e-02
-2.97712e-02
-2.86818e-02
-2.72180e-02
-2.54498e-02
-2.34733e-02
-2.13875e-02
-1.91911e-02
-1.67484e-02
-1.38713e-02
-1.04718e-02
-6.86338e-03
-3.44146e-03
-2.25582e-04
2.84554e-03
5.64833e-03
7.97650e-03
9.73083e-03
1.10287e-02
1.19655e-02
1.24002e-02
1.22629e-02
1.17313e-02
1.10627e-02
1.04040e-02
9.79646e-03
9.24846e-03
8.75041e-03
8.41728e-03
8.38879e-03
8.64627e-03
9.09534e-03
9.62245e-03
1.01819e-02
1.08163e-02
1.14557e-02
1.19775e-02
1.23695e-02
1.27610e-02
1.33973e-02
1.44096e-02
1.56295e-02
1.67019e-02
1.73641e-02
1.75591e-02
1.73291e-02
1.68474e-02
1.63750e-02
1.58693e-02
1.49968e-02
1.35660e-02
1.17540e-02
9.81813e-03
7.80100e-03
5.72943e-03
3.65586e-03
1.56930e-03
-4.50770e-04
-2.29244e-03
-3.94993e-03
-5.40612e-03
-6.71847e-03
-8.02006e-03
-9.29234e-03
-1.04337e-02
-1.12682e-02
-1.16689e-02
-1.17445e-02
-1.15971e-02
-1.12031e-02
-1.05739e-02
-9.88014e-03
-9.30973e-03
-8.94758e-03
-8.78858e-03
-8.72557e-03
-8.66340e-03
-8.58611e-03
-8.53109e-03
-8.57169e-03
-8.80736e-03
-9.32088e-03
-1.00855e-02
-1.08769e-02
-1.14083e-02
-1.16325e-02
-1.17114e-02
-1.17514e-02
-1.17536e-02
-1.17077e-02
-1.16297e-02
-1.15612e-02
-1.15836e-02
-1.18310e-02
-1.24636e-02
-1.35687e-02
-1.50623e-02
-1.69011e-02
-1.91617e-02
-2.18455e-02
-2.48655e-02
-2.80331e-02
-3.11008e-02
-3.37775e-02
-3.57861e-02
-3.71508e-02
-3.81053e-02
-3.86652e-02
-3.86159e-02
-3.78022e-02
-3.63662e-02
-3.45640e-02
-3.25564e-02
-3.05053e-02
-2.85586e-02
-2.67291e-02
-2.48827e-02
-2.29324e-02
-2.09552e-02
-1.90027e-02
-1.71361e-02
-1.53756e-02
-1.35931e-02
-1.16708e-02
-9.63364e-03
-7.65078e-03
-5.85620e-03
-4.23090e-03
-2.72886e-03
-1.18106e-03
6.63223e-04
2.79607e-03
4.95138e-03
6.88623e-03
8.50158e-03
9.85868e-03
1.12284e-02
1.28020e-02
1.44616e-02
1.59955e-02
1.74110e-02
1.88507e-02
2.04304e-02
2.22351e-02
2.41304e-02
2.57879e-02
2.69883e-02
2.78107e-02
2.85061e-02
2.92662e-02
3.00226e-02
3.05578e-02
3.06718e-02
3.02597e-02
2.94383e-02
2.84900e-02
2.75028e-02
2.62670e-02
2.47346e-02
2.29891e-02
2.10354e-02
1.88686e-02
1.64723e-02
1.39917e-02
1.17118e-02
9.77665e-03
8.22845e-03
7.22164e-03
6.79124e-03
6.68365e-03
6.68167e-03
6.73459e-03
6.81654e-03
6.83872e-03
6.66582e-03
6.16225e-03
5.26787e-03
4.10214e-03
2.89690e-03
1.81084e-03
1.02009e-03
6.41034e-04
5.28242e-04
5.15102e-04
5.69957e-04
6.90581e-04
8.12712e-04
7.98376e-04
4.56207e-04
-4.07733e-04
-1.85425e-03
-3.65442e-03
-5.49372e-03
-7.25680e-03
-8.88830e-03
-1.03993e-02
-1.18731e-02
-1.33890e-02
-1.49909e-02
-1.65258e-02
-1.78844e-02
-1.91036e-02
-2.02535e-02
-2.13947e-02
-2.22798e-02
-2.25485e-02
-2.20752e-02
-2.07925e-02
-1.86716e-02
-1.58931e-02
-1.28783e-02
-1.00091e-02
-7.32751e-03
-4.69597e-03
-2.12944e-03
1.62043e-04
2.04868e-03
3.52570e-03
4.67307e-03
5.59524e-03
6.30562e-03
6.91468e-03
7.62244e-03
8.44333e-03
9.25961e-03
9.97667e-03
1.05231e-02
1.08568e-02
1.10209e-02
1.12087e-02
1.16217e-02
1.23276e-02
1.32246e-02
1.41619e-02
1.49846e-02
1.55000e-02
1.56913e-02
1.57501e-02
1.58449e-02
1.60402e-02
1.63397e-02
1.66688e-02
1.68491e-02
1.68044e-02
1.66984e-02
1.66025e-02
1.64506e-02
1.62390e-02
1.60553e-02
1.60209e-02
1.60742e-02
1.60276e-02
1.57023e-02
1.49632e-02
1.38046e-02
1.24588e-02
1.11697e-02
1.00138e-02
8.94278e-03
7.83246e-03
6.78848e-03
5.95909e-03
5.23437e-03
4.42335e-03
3.44487e-03
2.46002e-03
1.58652e-03
6.99181e-04
-1.63512e-04
-7.49105e-04
-9.97303e-04
-1.06778e-03
-1.04629e-03
-8.87060e-04
-5.39187e-04
-2.44718e-05
5.94001e-04
1.26238e-03
1.92983e-03
2.62945e-03
3.45287e-03
4.28825e-03
4.87444e-03
5.14482e-03
5.21509e-03
5.10374e-03
4.69735e-03
3.90998e-03
2.80042e-03
1.45651e-03
-1.69709e-04
-2.05179e-03
-4.03712e-03
-6.06959e-03
-8.08265e-03
-1.00035e-02
-1.18523e-02
-1.36050e-02
-1.52356e-02
-1.67092e-02
-1.79216e-02
-1.87688e-02
-1.92584e-02
-1.96185e-02
-2.00077e-02
-2.03209e-02
-2.02836e-02
-1.97499e-02
-1.88929e-02
-1.79577e-02
-1.71392e-02
-1.66405e-02
-1.64739e-02
-1.64212e-02
-1.62590e-02
-1.58434e-02
-1.51057e-02
-1.41083e-02
-1.29669e-02
-1.16577e-02
-1.01725e-02
-8.73856e-03
-7.62907e-03
-6.79361e-03
-5.91840e-03
-4.91191e-03
-3.90048e-03
-2.87407e-03
-1.77845e-03
-6.97602e-04
3.06148e-04
1.16294e-03
1.71645e-03
1.96737e-03
2.09868e-03
2.21739e-03
2.27181e-03
2.12857e-03
1.63237e-03
6.75460e-04
-6.89607e-04
-2.29157e-03
-3.99808e-03
-5.70526e-03
-7.28976e-03
-8.76414e-03
-1.02384e-02
-1.17864e-02
-1.34145e-02
-1.48789e-02
-1.57775e-02
-1.59308e-02
-1.54720e-02
-1.45613e-02
-1.33470e-02
-1.18518e-02
-9.93474e-03
-7.63639e-03
-5.26738e-03
-3.16379e-03
-1.42218e-03
1.76629e-05
1.14075e-03
1.88659e-03
2.31608e-03
2.54581e-03
2.54979e-03
2.31697e-03
1.90766e-03
1.25253e-03
3.10288e-04
-7.16690e-04
-1.67947e-03
-2.66926e-03
-3.61629e-03
-4.40047e-03
-5.14591e-03
-5.85296e-03
-6.15868e-03
-5.84072e-03
-5.21726e-03
-4.67799e-03
-4.36162e-03
-4.25893e-03
-4.25450e-03
-4.20361e-03
-3.97814e-03
-3.48008e-03
-2.71369e-03
-1.87419e-03
-1.20854e-03
-7.24053e-04
-2.73036e-04
1.50707e-04
4.86888e-04
6.17142e-04
3.31276e-04
-2.43974e-04
-6.86121e-04
-8.45131e-04
-8.83416e-04
-9.27876e-04
-9.85896e-04
-1.04066e-03
-1.07157e-03
-1.02001e-03
-7.92127e-04
-3.11370e-04
3.96935e-04
1.13539e-03
1.68166e-03
2.08442e-03
2.60203e-03
3.36547e-03
4.24851e-03
5.07383e-03
5.88840e-03
6.81905e-03
7.74347e-03
8.56240e-03
9.46396e-03
1.05210e-02
1.15800e-02
1.25681e-02
1.34375e-02
1.40341e-02
1.43350e-02
1.44874e-02
1.45562e-02
1.44575e-02
1.40697e-02
1.33409e-02
1.23945e-02
1.15971e-02
1.12227e-02
1.11983e-02
1.14267e-02
1.19368e-02
1.26930e-02
1.34495e-02
1.39345e-02
1.41855e-02
1.44834e-02
1.50259e-02
1.57938e-02
1.65614e-02
1.70615e-02
1.72670e-02
1.73565e-02
1.74522e-02
1.75585e-02
1.76266e-02
1.75650e-02
1.72326e-02
1.64919e-02
1.53415e-02
1.40261e-02
1.27867e-02
1.16721e-02
1.05659e-02
9.24205e-03
7.72428e-03
6.20222e-03
4.80329e-03
3.62526e-03
2.73958e-03
2.10153e-03
1.45591e-03
6.63649e-04
-8.14736e-05
-5.08001e-04
-6.42388e-04
-7.60619e-04
-1.10392e-03
-1.79326e-03
-2.80713e-03
-3.91365e-03
-4.93609e-03
-5.90156e-03
-6.65239e-03
-6.99790e-03
-7.07526e-03
-7.08958e-03
-7.09938e-03
-7.09973e-03
-7.10126e-03
-7.11796e-03
-7.14594e-03
-7.16940e-03
-7.17121e-03
-7.13830e-03
-7.06900e-03
-6.98685e-03
-6.95287e-03
-7.06548e-03
-7.43270e-03
-8.10732e-03
-8.97701e-03
-9.70374e-03
-1.00617e-02
-1.01824e-02
-1.02141e-02
-1.01262e-02
-9.82658e-03
-9.27726e-03
-8.52079e-03
-7.55371e-03
-6.30382e-03
-4.78918e-03
-3.23080e-03
-1.89996e-03
-8.04554e-04
2.48879e-04
1.35035e-03
2.40674e-03
3.37623e-03
4.22761e-03
4.81616e-03
5.11376e-03
5.25817e-03
5.31397e-03
5.20636e-03
4.82954e-03
4.14647e-03
3.28357e-03
2.58207e-03
2.26254e-03
2.17613e-03
2.13491e-03
2.10358e-03
2.09717e-03
2.11159e-03
2.14072e-03
2.18679e-03
2.23759e-03
2.24683e-03
2.13612e-03
1.82355e-03
1.27961e-03
6.18181e-04
1.26004e-04
-7.22098e-05
-1.01904e-04
-5.21343e-05
1.18836e-04
6.18075e-04
1.47328e-03
2.42324e-03
3.33021e-03
4.19179e-03
4.94876e-03
5.65458e-03
6.46681e-03
7.33798e-03
8.07345e-03
8.66355e-03
9.20541e-03
9.59307e-03
9.65245e-03
9.38674e-03
8.88280e-03
8.23303e-03
7.45287e-03
6.49281e-03
5.47260e-03
4.47514e-03
3.35318e-03
2.12118e-03
9.01323e-04
-3.20394e-04
-1.52704e-03
-2.65002e-03
-3.53795e-03
-4.11020e-03
-4.52970e-03
-4.87563e-03
-4.96421e-03
-4.65861e-03
-4.10229e-03
-3.42703e-03
-2.61121e-03
-1.78596e-03
-1.22423e-03
-9.76308e-04
-8.71730e-04
-8.13896e-04
-8.44342e-04
-1.03858e-03
-1.44160e-03
-2.02495e-03
-2.64263e-03
-3.15946e-03
-3.55698e-03
-3.92062e-03
-4.42429e-03
-5.14250e-03
-5.91542e-03
-6.50040e-03
-6.70308e-03
-6.41459e-03
-5.71437e-03
-4.83817e-03
-3.98617e-03
-3.11699e-03
-2.09090e-03
-8.81156e-04
3.75870e-04
1.38262e-03
1.87125e-03
1.78129e-03
1.21907e-03
3.53348e-04
-5.33606e-04
-1.27625e-03
-1.99179e-03
-2.70533e-03
-3.28582e-03
-3.64517e-03
-3.79877e-03
-3.86639e-03
-3.94055e-03
-4.02817e-03
-4.08675e-03
-4.04290e-03
-3.79931e-03
-3.27717e-03
-2.50842e-03
-1.72294e-03
-1.20951e-03
-1.01122e-03
-9.52302e-04
-9.04949e-04
-8.47423e-04
-7.90650e-04
-7.65889e-04
-8.49342e-04
-1.14878e-03
-1.74143e-03
-2.57120e-03
-3.39264e-03
-4.09036e-03
-4.86824e-03
-5.80492e-03
-6.59565e-03
-6.99880e-03
-7.15058e-03
-7.18767e-03
-7.03155e-03
-6.54260e-03
-5.68801e-03
-4.62268e-03
-3.56519e-03
-2.58620e-03
-1.74168e-03
-1.20500e-03
-1.00486e-03
-9.61955e-04
-9.29645e-04
-8.72964e-04
-7.99874e-04
-7.41915e-04
-7.79535e-04
-1.03878e-03
-1.63617e-03
-2.57324e-03
-3.65984e-03
-4.79446e-03
-6.08812e-03
-7.42827e-03
-8.55602e-03
-9.38868e-03
-1.00754e-02
-1.09658e-02
-1.22300e-02
-1.36267e-02
-1.48274e-02
-1.56577e-02
-1.60867e-02
-1.62658e-02
-1.62989e-02
-1.61262e-02
-1.56320e-02
-1.47652e-02
-1.36219e-02
-1.23571e-02
-1.09818e-02
-9.32493e-03
-7.18626e-03
-4.66553e-03
-2.19249e-03
-8.15237e-05
1.68377e-03
3.23026e-03
4.55235e-03
5.56960e-03
6.25289e-03
6.52187e-03
6.28027e-03
5.74647e-03
5.16426e-03
4.37684e-03
3.23120e-03
1.96083e-03
8.57433e-04
1.09386e-05
-4.99024e-04
-6.86603e-04
-7.25329e-04
-7.68772e-04
-8.80084e-04
-1.07004e-03
-1.29441e-03
-1.40763e-03
-1.18498e-03
-5.64895e-04
3.21033e-04
1.36191e-03
2.49037e-03
3.72986e-03
5.06265e-03
6.28877e-03
7.20706e-03
7.79633e-03
8.26662e-03
8.90599e-03
9.80705e-03
1.07586e-02
1.14460e-02
1.17564e-02
1.17536e-02
1.16035e-02
1.14950e-02
1.14514e-02
1.14216e-02
1.14006e-02
1.14079e-02
1.14503e-02
1.15189e-02
1.15900e-02
1.16107e-02
1.14940e-02
1.11398e-02
1.04939e-02
9.64855e-03
8.89378e-03
8.36681e-03
7.82297e-03
7.05135e-03
6.15483e-03
5.32485e-03
4.52146e-03
3.62104e-03
2.75894e-03
2.05003e-03
1.30069e-03
4.20586e-04
-3.03617e-04
-6.47763e-04
-7.76024e-04
-8.82386e-04
-9.63506e-04
-9.25627e-04
-6.77542e-04
-1.56372e-04
6.08110e-04
1.39741e-03
1.92870e-03
2.15301e-03
2.22944e-03
2.26161e-03
2.25170e-03
2.19468e-03
2.11689e-03
2.06820e-03
2.12317e-03
2.37696e-03
2.90483e-03
3.67323e-03
4.45531e-03
4.97820e-03
5.21536e-03
5.32889e-03
5.40036e-03
5.38559e-03
5.20843e-03
4.81410e-03
4.21182e-03
3.53767e-03
2.99193e-03
2.65169e-03
2.38184e-03
1.95190e-03
1.24337e-03
3.66607e-04
-3.32087e-04
-6.28882e-04
-6.73949e-04
-6.70352e-04
-6.92805e-04
-7.87102e-04
-1.01380e-03
-1.38388e-03
-1.78178e-03
-1.96203e-03
-1.77398e-03
-1.35402e-03
-9.84247e-04
-8.15035e-04
-7.82986e-04
-8.08732e-04
-8.71637e-04
-9.33283e-04
-9.02173e-04
-6.65240e-04
-1.44194e-04
6.25658e-04
1.41776e-03
1.95055e-03
2.18394e-03
2.28457e-03
2.35257e-03
2.36293e-03
2.25017e-03
1.94889e-03
1.41462e-03
6.97807e-04
-9.15002e-06
-6.97951e-04
-1.72376e-03
-3.31010e-03
-5.17639e-03
-6.84161e-03
-8.01220e-03
-8.53385e-03
-8.51646e-03
-8.27077e-03
-7.91414e-03
-7.47215e-03
-7.11102e-03
-6.97284e-03
-6.99428e-03
-7.05828e-03
-7.09858e-03
-7.04801e-03
-6.81059e-03
-6.30884e-03
-5.57156e-03
-4.80204e-03
-4.21927e-03
-3.76249e-03
-3.17943e-03
-2.38425e-03
-1.58848e-03
-1.07513e-03
-8.73038e-04
-8.05709e-04
-7.60537e-04
-7.29058e-04
-7.17153e-04
-7.21390e-04
-7.47130e-04
-8.02256e-04
-8.69686e-04
-8.85467e-04
-7.37152e-04
-2.92286e-04
5.25170e-04
1.63519e-03
2.87808e-03
4.19285e-03
5.48525e-03
6.61964e-03
7.53523e-03
8.14189e-03
8.43574e-03
8.52219e-03
8.42282e-03
8.05531e-03
7.37238e-03
6.50433e-03
5.80454e-03
5.49946e-03
5.43829e-03
5.42474e-03
5.40739e-03
5.37968e-03
5.32199e-03
5.23925e-03
5.19405e-03
5.29631e-03
5.66477e-03
6.35920e-03
7.26838e-03
8.04518e-03
8.45254e-03
8.61365e-03
8.66093e-03
8.54048e-03
8.14815e-03
7.46361e-03
6.63094e-03
5.98354e-03
5.68721e-03
5.48864e-03
5.08606e-03
4.39017e-03
3.52671e-03
2.82335e-03
2.48895e-03
2.38045e-03
2.32384e-03
2.29585e-03
2.31773e-03
2.38168e-03
2.46055e-03
2.51342e-03
2.46833e-03
2.22554e-03
1.70340e-03
9.29055e-04
1.25155e-04
-4.24937e-04
-6.76586e-04
-7.94035e-04
-8.84878e-04
-9.42625e-04
-9.60659e-04
-1.13531e-03
-1.72700e-03
-2.63285e-03
-3.39836e-03
-3.71159e-03
-3.64411e-03
-3.30297e-03
-2.70749e-03
-1.97511e-03
-1.29043e-03
-8.00078e-04
-5.85889e-04
-6.40709e-04
-9.76662e-04
-1.63089e-03
-2.51020e-03
-3.29889e-03
-3.78791e-03
-4.10095e-03
-4.31535e-03
-4.27507e-03
-3.90045e-03
-3.24616e-03
-2.26781e-03
-9.94304e-04
3.60600e-04
1.60809e-03
2.70535e-03
3.70418e-03
4.55616e-03
5.09095e-03
5.30410e-03
5.37426e-03
5.41791e-03
5.43964e-03
5.42287e-03
5.37038e-03
5.30042e-03
5.25475e-03
5.31204e-03
5.57619e-03
6.12486e-03
6.91768e-03
7.71204e-03
8.21678e-03
8.40689e-03
8.48573e-03
8.60744e-03
8.81106e-03
9.07743e-03
9.31375e-03
9.33587e-03
9.08374e-03
8.78490e-03
8.63649e-03
8.59031e-03
8.56105e-03
8.55059e-03
8.58249e-03
8.64986e-03
8.71866e-03
8.73240e-03
8.60810e-03
8.25360e-03
7.62314e-03
6.81585e-03
6.12210e-03
5.66832e-03
5.18567e-03
4.42558e-03
3.47943e-03
2.74036e-03
2.49058e-03
2.65436e-03
3.10610e-03
3.77539e-03
4.46686e-03
4.95444e-03
5.30030e-03
5.78988e-03
6.58143e-03
7.52942e-03
8.20448e-03
8.28934e-03
7.86696e-03
7.15813e-03
6.40917e-03
5.84755e-03
5.44471e-03
4.95912e-03
4.25135e-03
3.41524e-03
2.57949e-03
1.64515e-03
4.57044e-04
-8.22978e-04
-1.93549e-03
-2.78964e-03
-3.31051e-03
-3.52273e-03
-3.59788e-03
-3.66622e-03
-3.74839e-03
-3.80579e-03
-3.76646e-03
-3.52960e-03
-3.01084e-03
-2.23779e-03
-1.44052e-03
-9.13039e-04
-7.08596e-04
-6.63233e-04
-6.56439e-04
-6.59033e-04
-6.50298e-04
-6.02185e-04
-5.16067e-04
-4.44405e-04
-4.89484e-04
-7.82785e-04
-1.43257e-03
-2.41509e-03
-3.49103e-03
-4.48547e-03
-5.43418e-03
-6.19275e-03
-6.58156e-03
-6.73054e-03
-6.80436e-03
-6.78189e-03
-6.55315e-03
-6.04354e-03
-5.28905e-03
-4.50294e-03
-3.95278e-03
-3.67976e-03
-3.54122e-03
-3.48276e-03
-3.58642e-03
-3.95666e-03
-4.63095e-03
-5.49072e-03
-6.20618e-03
-6.56354e-03
-6.70389e-03
-6.78308e-03
-6.77626e-03
-6.59144e-03
-6.17364e-03
-5.55228e-03
-4.88134e-03
-4.33277e-03
-4.00128e-03
-3.87232e-03
-3.77429e-03
-3.51315e-03
-2.98511e-03
-2.22014e-03
-1.43898e-03
-9.20945e-04
-7.07119e-04
-6.24546e-04
-5.53059e-04
-4.87006e-04
-4.63694e-04
-5.45179e-04
-8.26379e-04
-1.39478e-03
-2.22796e-03
-3.12782e-03
-4.02524e-03
-5.13373e-03
-6.48994e-03
-7.82057e-03
-8.85438e-03
-9.48356e-03
-9.78204e-03
-9.89567e-03
-9.86465e-03
-9.62381e-03
-9.11436e-03
-8.38071e-03
-7.63319e-03
-7.09322e-03
-6.70387e-03
-6.21173e-03
-5.51355e-03
-4.77205e-03
-4.21930e-03
-4.02407e-03
-4.25400e-03
-4.76971e-03
-5.28346e-03
-5.57096e-03
-5.57979e-03
-5.42360e-03
-5.24729e-03
-5.01780e-03
-4.65335e-03
-4.20510e-03
-3.85748e-03
-3.71224e-03
-3.66579e-03
-3.60312e-03
-3.50854e-03
-3.42264e-03
-3.41352e-03
-3.57972e-03
-4.01875e-03
-4.74286e-03
-5.55902e-03
-6.02696e-03
-5.85173e-03
-5.22320e-03
-4.56289e-03
-4.18404e-03
-4.07671e-03
-4.02831e-03
-4.05651e-03
-4.35075e-03
-4.86877e-03
-5.50448e-03
-6.15948e-03
-6.74626e-03
-7.39905e-03
-8.19073e-03
-8.88982e-03
-9.32495e-03
-9.50620e-03
-9.34780e-03
-8.79010e-03
-7.93870e-03
-7.05905e-03
-6.26245e-03
-5.35509e-03
-4.27830e-03
-3.20750e-03
-2.23636e-03
-1.41740e-03
-8.96061e-04
-6.79648e-04
-5.91847e-04
-5.04926e-04
-4.14915e-04
-3.77437e-04
-4.78135e-04
-8.22167e-04
-1.47601e-03
-2.34675e-03
-3.11002e-03
-3.53695e-03
-3.72714e-03
-3.75906e-03
-3.50220e-03
-2.77063e-03
-1.51708e-03
6.18337e-05
1.74314e-03
3.37782e-03
4.79239e-03
5.95269e-03
6.96296e-03
7.82051e-03
8.36424e-03
8.57930e-03
8.64702e-03
8.69495e-03
8.73441e-03
8.74791e-03
8.72626e-03
8.65685e-03
8.53098e-03
8.37223e-03
8.26601e-03
8.33316e-03
8.52123e-03
8.64961e-03
8.70743e-03
8.77277e-03
8.84774e-03
8.86645e-03
8.74293e-03
8.39390e-03
7.77837e-03
6.99237e-03
6.31890e-03
5.88446e-03
5.43029e-03
4.70850e-03
3.78888e-03
3.02162e-03
2.62391e-03
2.45342e-03
2.38151e-03
2.47931e-03
2.86980e-03
3.58741e-03
4.48963e-03
5.21840e-03
5.54571e-03
5.62663e-03
5.65758e-03
5.68012e-03
5.68683e-03
5.69022e-03
5.69937e-03
5.70131e-03
5.67814e-03
5.62851e-03
5.58111e-03
5.60051e-03
5.78128e-03
6.21551e-03
6.92044e-03
7.75828e-03
8.55419e-03
9.34181e-03
1.02364e-02
1.10756e-02
1.15046e-02
1.13836e-02
1.08369e-02
1.00604e-02
9.31616e-03
8.69762e-03
7.96030e-03
6.94072e-03
5.83031e-03
4.80693e-03
3.83220e-03
3.06130e-03
2.69639e-03
2.60678e-03
2.58932e-03
2.58551e-03
2.59618e-03
2.60067e-03
2.57343e-03
2.51191e-03
2.44021e-03
2.40760e-03
2.48727e-03
2.75782e-03
3.25465e-03
3.88932e-03
4.39075e-03
4.50205e-03
4.31645e-03
4.06497e-03
3.73722e-03
3.25362e-03
2.68833e-03
2.09069e-03
1.36423e-03
5.16203e-04
-3.43359e-04
-1.29810e-03
-2.51639e-03
-3.87294e-03
-5.13209e-03
-6.22316e-03
-7.23103e-03
-8.32831e-03
-9.45446e-03
-1.04814e-02
-1.14438e-02
-1.21989e-02
-1.25752e-02
-1.27223e-02
-1.28365e-02
-1.29339e-02
-1.29299e-02
-1.27317e-02
-1.22691e-02
-1.15548e-02
-1.08018e-02
-1.04631e-02
-1.08069e-02
-1.15429e-02
-1.21158e-02
-1.22788e-02
-1.22739e-02
-1.23940e-02
-1.25998e-02
-1.26961e-02
-1.26943e-02
-1.27054e-02
-1.27608e-02
-1.28342e-02
-1.28881e-02
-1.28673e-02
-1.26879e-02
-1.22724e-02
-1.16260e-02
-1.09031e-02
-1.02842e-02
-9.87362e-03
-9.69186e-03
-9.64276e-03
-9.63035e-03
-9.62377e-03
-9.61641e-03
-9.60300e-03
-9.58631e-03
-9.58121e-03
-9.60365e-03
-9.65792e-03
-9.72470e-03
-9.75404e-03
-9.66779e-03
-9.38367e-03
-8.86747e-03
-8.21555e-03
-7.71508e-03
-7.66105e-03
-7.98165e-03
-8.26215e-03
-8.37178e-03
-8.57839e-03
-8.96472e-03
-9.34689e-03
-9.64753e-03
-1.00110e-02
-1.05173e-02
-1.10305e-02
-1.14214e-02
-1.17048e-02
-1.18216e-02
-1.15551e-02
-1.08719e-02
-1.01490e-02
-9.64562e-03
-9.16302e-03
-8.51344e-03
-7.81823e-03
-7.27230e-03
-6.95490e-03
-6.82619e-03
-6.71004e-03
-6.42181e-03
-5.87072e-03
-5.10318e-03
-4.35673e-03
-3.91586e-03
-3.79523e-03
-3.74504e-03
-3.51344e-03
-2.93735e-03
-1.95567e-03
-7.05233e-04
5.32684e-04
1.54978e-03
2.31471e-03
2.98029e-03
3.71883e-03
4.47712e-03
5.07778e-03
5.39094e-03
5.37751e-03
5.14161e-03
4.85745e-03
4.71870e-03
4.77374e-03
4.78951e-03
4.45078e-03
3.74205e-03
3.08722e-03
2.78791e-03
2.67492e-03
2.52417e-03
2.30942e-03
2.11015e-03
2.06040e-03
2.34617e-03
3.00123e-03
3.86083e-03
4.74872e-03
5.54179e-03
6.29310e-03
7.12410e-03
7.91702e-03
8.41011e-03
8.57950e-03
8.63878e-03
8.75284e-03
8.96569e-03
9.26182e-03
9.54957e-03
9.63167e-03
9.40807e-03
9.03598e-03
8.62798e-03
8.07940e-03
7.35271e-03
6.66505e-03
6.25428e-03
6.02390e-03
5.62363e-03
4.79071e-03
3.52453e-03
2.12003e-03
9.12421e-04
1.01718e-04
-2.70499e-04
-4.00988e-04
-4.83491e-04
-5.63899e-04
-6.09301e-04
-5.53947e-04
-3.03619e-04
2.24897e-04
1.00232e-03
1.79484e-03
2.31594e-03
2.54104e-03
2.66531e-03
2.82048e-03
3.00584e-03
3.14626e-03
3.12807e-03
2.96125e-03
2.73251e-03
2.35916e-03
1.71910e-03
8.90881e-04
1.82285e-04
-2.69433e-04
-7.31229e-04
-1.45123e-03
-2.34872e-03
-3.06618e-03
-3.38585e-03
-3.46237e-03
-3.47674e-03
-3.46233e-03
-3.42625e-03
-3.42114e-03
-3.51344e-03
-3.74153e-03
-4.08920e-03
-4.44558e-03
-4.59424e-03
-4.41144e-03
-4.04241e-03
-3.76608e-03
-3.72464e-03
-3.83117e-03
-3.93559e-03
-3.92081e-03
-3.82317e-03
-3.74889e-03
-3.60874e-03
-3.22309e-03
-2.52425e-03
-1.64447e-03
-9.30853e-04
-6.03977e-04
-5.18342e-04
-4.91313e-04
-4.88211e-04
-5.14269e-04
-5.44481e-04
-5.45623e-04
-5.01638e-04
-4.14946e-04
-3.13416e-04
-2.64400e-04
-3.77704e-04
-7.74285e-04
-1.51167e-03
-2.46003e-03
-3.23037e-03
-3.51304e-03
-3.34790e-03
-2.84308e-03
-2.07335e-03
-1.26818e-03
-7.32154e-04
-5.25487e-04
-4.90126e-04
-5.13367e-04
-5.68514e-04
-6.19659e-04
-5.91459e-04
-3.98320e-04
1.87540e-05
6.37455e-04
1.30556e-03
1.87252e-03
2.29623e-03
2.64230e-03
3.08345e-03
3.71326e-03
4.41884e-03
5.03163e-03
5.44530e-03
5.63025e-03
5.67118e-03
5.65782e-03
5.62883e-03
5.61914e-03
5.68187e-03
5.86787e-03
6.19040e-03
6.58367e-03
6.88698e-03
7.01928e-03
7.10254e-03
7.29011e-03
7.64022e-03
8.10569e-03
8.52674e-03
8.78289e-03
8.89749e-03
8.86377e-03
8.56662e-03
7.89345e-03
6.88173e-03
5.79379e-03
4.82293e-03
3.94284e-03
3.28528e-03
2.97526e-03
2.77254e-03
2.36263e-03
1.63920e-03
7.34363e-04
-1.19999e-06
-3.43773e-04
-4.41649e-04
-4.81948e-04
-5.02024e-04
-4.96255e-04
-4.83371e-04
-4.82349e-04
-4.92022e-04
-5.02675e-04
-5.07720e-04
-5.05502e-04
-4.97380e-04
-4.87989e-04
-4.84820e-04
-4.95987e-04
-5.24934e-04
-5.63447e-04
-5.84806e-04
-5.42030e-04
-3.78104e-04
-5.46119e-05
3.95343e-04
8.35070e-04
1.18930e-03
1.54789e-03
1.94962e-03
2.26597e-03
2.44085e-03
2.64944e-03
3.07994e-03
3.74890e-03
4.48903e-03
5.09294e-03
5.39655e-03
5.30474e-03
4.87672e-03
4.28241e-03
3.75177e-03
3.28482e-03
2.63697e-03
1.66896e-03
3.89991e-04
-9.57679e-04
-2.08159e-03
-2.85261e-03
-3.33297e-03
-3.81540e-03
-4.52958e-03
-5.41141e-03
-6.12569e-03
-6.45866e-03
-6.55973e-03
-6.60366e-03
-6.61275e-03
-6.57454e-03
-6.51794e-03
-6.49526e-03
-6.56078e-03
-6.76607e-03
-7.13474e-03
-7.60370e-03
-7.98787e-03
-8.15750e-03
-8.17313e-03
-8.12374e-03
-8.03996e-03
-7.96162e-03
-7.97875e-03
-8.21127e-03
-8.71844e-03
-9.26846e-03
-9.55625e-03
-9.62899e-03
-9.65359e-03
-9.67123e-03
-9.66559e-03
-9.64424e-03
-9.62830e-03
-9.62808e-03
-9.64691e-03
-9.68641e-03
-9.73969e-03
-9.77873e-03
-9.74831e-03
-9.57426e-03
-9.19428e-03
-8.61900e-03
-7.98400e-03
-7.42842e-03
-6.99592e-03
-6.62569e-03
-6.15058e-03
-5.49129e-03
-4.78670e-03
-4.22451e-03
-3.90596e-03
-3.84353e-03
-3.92556e-03
-3.99504e-03
-3.92628e-03
-3.77534e-03
-3.70764e-03
-3.71139e-03
-3.66480e-03
-3.48202e-03
-3.12429e-03
-2.61575e-03
-2.09028e-03
-1.65558e-03
-1.30337e-03
-1.08489e-03
-1.01899e-03
-9.35126e-04
-7.82429e-04
-6.80838e-04
-5.94478e-04
-3.58016e-04
1.44326e-04
8.96405e-04
1.71073e-03
2.36708e-03
2.87731e-03
3.40420e-03
3.95948e-03
4.48678e-03
5.00687e-03
5.44284e-03
5.67266e-03
5.70005e-03
5.53692e-03
5.13526e-03
4.50119e-03
3.79662e-03
3.20707e-03
2.82739e-03
2.66784e-03
2.63353e-03
2.62931e-03
2.61718e-03
2.58300e-03
2.52438e-03
2.46810e-03
2.48298e-03
2.66777e-03
3.11403e-03
3.83221e-03
4.67387e-03
5.45270e-03
6.19792e-03
7.03719e-03
7.85018e-03
8.36857e-03
8.56075e-03
8.60935e-03
8.63282e-03
8.64204e-03
8.63733e-03
8.63586e-03
8.64875e-03
8.67271e-03
8.69706e-03
8.70647e-03
8.67967e-03
8.59329e-03
8.43498e-03
8.22464e-03
8.04206e-03
8.01739e-03
8.12096e-03
8.04655e-03
7.59951e-03
7.00259e-03
6.70417e-03
6.84639e-03
7.07047e-03
7.13502e-03
7.12643e-03
7.13794e-03
7.16611e-03
7.19973e-03
7.24846e-03
7.29980e-03
7.29475e-03
7.13934e-03
6.74263e-03
6.08161e-03
5.29120e-03
4.62731e-03
4.17161e-03
3.71393e-03
3.05317e-03
2.23985e-03
1.49126e-03
8.73914e-04
2.26271e-04
-5.17682e-04
-1.20652e-03
-1.69328e-03
-1.91042e-03
-1.93050e-03
-1.89804e-03
-1.92855e-03
-2.12062e-03
-2.55689e-03
-3.23075e-03
-3.94241e-03
-4.35183e-03
-4.31288e-03
-4.04510e-03
-3.81771e-03
-3.61365e-03
-3.29153e-03
-2.84376e-03
-2.42626e-03
-2.21200e-03
-2.17328e-03
-2.17592e-03
-2.13994e-03
-2.02459e-03
-1.78714e-03
-1.41886e-03
-1.00557e-03
-6.48801e-04
-2.64539e-04
2.88770e-04
9.69158e-04
1.59283e-03
2.04348e-03
2.28996e-03
2.43171e-03
2.62064e-03
2.92302e-03
3.28967e-03
3.55152e-03
3.52132e-03
3.22755e-03
2.89278e-03
2.70381e-03
2.62229e-03
2.51277e-03
2.32252e-03
2.08843e-03
1.92570e-03
2.03836e-03
2.57886e-03
3.44122e-03
4.44217e-03
5.40185e-03
6.20084e-03
6.81989e-03
7.22787e-03
7.44067e-03
7.48193e-03
7.38359e-03
7.30317e-03
7.28018e-03
7.16111e-03
6.78186e-03
6.07613e-03
5.13556e-03
4.18662e-03
3.35523e-03
2.59885e-03
1.90988e-03
1.31751e-03
8.28150e-04
3.45381e-04
-1.95447e-04
-7.46488e-04
-1.31745e-03
-1.88683e-03
-2.31418e-03
-2.53395e-03
-2.53097e-03
-2.32481e-03
-2.11497e-03
-2.04950e-03
-2.14387e-03
-2.42490e-03
-2.92610e-03
-3.57442e-03
-4.21815e-03
-4.80579e-03
-5.36692e-03
-5.98967e-03
-6.68193e-03
-7.31079e-03
-7.78580e-03
-8.09115e-03
-8.31625e-03
-8.56729e-03
-8.83857e-03
-9.00475e-03
-8.97587e-03
-8.94094e-03
-9.15201e-03
-9.48937e-03
-9.63834e-03
-9.53906e-03
-9.32491e-03
-9.10761e-03
-8.88972e-03
-8.55565e-03
-8.10366e-03
-7.54005e-03
-6.84715e-03
-6.09019e-03
-5.33230e-03
-4.63211e-03
-4.01866e-03
-3.51131e-03
-3.07208e-03
-2.69893e-03
-2.44685e-03
-2.20341e-03
-1.75914e-03
-1.04165e-03
-2.14878e-04
4.07041e-04
6.61247e-04
6.56683e-04
5.53325e-04
4.39490e-04
3.01489e-04
3.19459e-06
-3.93163e-04
-6.21945e-04
-5.75614e-04
-2.86382e-04
2.23730e-04
8.75382e-04
1.49667e-03
1.96964e-03
2.25945e-03
2.47242e-03
2.75914e-03
3.15364e-03
3.53909e-03
3.76458e-03
3.84990e-03
3.90187e-03
3.95666e-03
3.98916e-03
3.96208e-03
3.83447e-03
3.56968e-03
3.18076e-03
2.78744e-03
2.54542e-03
2.44646e-03
2.39439e-03
2.36425e-03
2.39325e-03
2.52213e-03
2.77168e-03
3.11962e-03
3.45977e-03
3.67921e-03
3.85739e-03
4.17580e-03
4.71287e-03
5.38216e-03
6.02158e-03
6.55941e-03
6.99091e-03
7.39904e-03
7.84477e-03
8.20745e-03
8.28472e-03
8.06143e-03
7.69010e-03
7.37414e-03
7.29430e-03
7.43906e-03
7.64995e-03
7.73931e-03
7.60271e-03
7.41814e-03
7.47636e-03
7.79311e-03
8.14230e-03
8.33247e-03
8.40156e-03
8.47785e-03
8.61297e-03
8.79176e-03
8.95602e-03
8.98529e-03
8.80821e-03
8.54337e-03
8.23337e-03
7.80003e-03
7.27644e-03
6.79202e-03
6.35592e-03
5.95019e-03
5.61809e-03
5.25936e-03
4.70478e-03
3.95453e-03
3.17005e-03
2.49178e-03
2.05061e-03
1.92970e-03
2.10031e-03
2.38581e-03
2.71537e-03
3.12934e-03
3.54831e-03
3.81748e-03
3.96305e-03
4.11264e-03
4.28860e-03
4.39183e-03
4.26251e-03
3.83576e-03
3.29458e-03
2.84578e-03
2.56002e-03
2.33219e-03
2.01951e-03
1.60457e-03
1.21365e-03
9.93067e-04
8.90541e-04
7.49734e-04
4.89202e-04
1.24866e-04
-2.43268e-04
-5.07337e-04
-7.29291e-04
-1.04344e-03
-1.46462e-03
-1.85260e-03
-2.05216e-03
-2.11901e-03
-2.22946e-03
-2.49635e-03
-2.94200e-03
-3.49096e-03
-4.01840e-03
-4.48815e-03
-4.83803e-03
-4.93027e-03
-4.81089e-03
-4.70151e-03
-4.72165e-03
-4.76889e-03
-4.86712e-03
-5.11899e-03
-5.36724e-03
-5.43499e-03
-5.27998e-03
-4.87181e-03
-4.20097e-03
-3.41553e-03
-2.80603e-03
-2.49329e-03
-2.29707e-03
-1.99301e-03
-1.50435e-03
-8.98545e-04
-2.85017e-04
3.36635e-04
1.02812e-03
1.88035e-03
2.85024e-03
3.67118e-03
4.13750e-03
4.26834e-03
4.18719e-03
4.07997e-03
3.99025e-03
3.81121e-03
3.47350e-03
3.02410e-03
2.64238e-03
2.54177e-03
2.74541e-03
3.11962e-03
3.48765e-03
3.70066e-03
3.80459e-03
3.95259e-03
4.23208e-03
4.62806e-03
5.02040e-03
5.25703e-03
5.34224e-03
5.36694e-03
5.36520e-03
5.33209e-03
5.28158e-03
5.25404e-03
5.30136e-03
5.47281e-03
5.78923e-03
6.19304e-03
6.49846e-03
6.49063e-03
6.18230e-03
5.78458e-03
5.46182e-03
5.14312e-03
4.69514e-03
4.14984e-03
3.62912e-03
3.13841e-03
2.69596e-03
2.42653e-03
2.33183e-03
2.30860e-03
2.30594e-03
2.32627e-03
2.36348e-03
2.38778e-03
2.35581e-03
2.21970e-03
1.94366e-03
1.54626e-03
1.15064e-03
9.03376e-04
7.61667e-04
5.84479e-04
3.24633e-04
5.48906e-05
-6.12347e-05
1.07097e-04
4.20994e-04
6.17801e-04
6.63051e-04
6.67999e-04
6.85789e-04
7.15561e-04
7.59072e-04
8.10867e-04
8.28091e-04
7.30142e-04
4.29467e-04
-1.10557e-04
-7.99245e-04
-1.44747e-03
-1.91993e-03
-2.15159e-03
-2.21657e-03
-2.26565e-03
-2.40253e-03
-2.67410e-03
-3.06483e-03
-3.45276e-03
-3.67713e-03
-3.74764e-03
-3.77895e-03
-3.83621e-03
-3.93345e-03
-4.06857e-03
-4.20173e-03
-4.23159e-03
-4.11995e-03
-4.02308e-03
-3.99011e-03
-3.87536e-03
-3.53981e-03
-2.95594e-03
-2.24042e-03
-1.61251e-03
-1.25364e-03
-1.27768e-03
-1.61492e-03
-2.01884e-03
-2.26157e-03
-2.33772e-03
-2.35084e-03
-2.34556e-03
-2.33016e-03
-2.32563e-03
-2.35785e-03
-2.42845e-03
-2.50427e-03
-2.51479e-03
-2.36144e-03
-1.94892e-03
-1.25744e-03
-4.40499e-04
2.04263e-04
5.26009e-04
6.43052e-04
7.01752e-04
7.27941e-04
6.90733e-04
5.62680e-04
3.26619e-04
-2.67403e-06
-3.31942e-04
-5.64071e-04
-7.94022e-04
-1.21019e-03
-1.87565e-03
-2.65049e-03
-3.28103e-03
-3.69428e-03
-4.08903e-03
-4.65034e-03
-5.34060e-03
-6.00592e-03
-6.58949e-03
-7.10552e-03
-7.63304e-03
-8.20004e-03
-8.72989e-03
-9.21378e-03
-9.62605e-03
-9.85911e-03
-9.94371e-03
-1.00245e-02
-1.01880e-02
-1.04358e-02
-1.07011e-02
-1.08309e-02
-1.06891e-02
-1.04040e-02
-1.02216e-02
-1.01465e-02
-1.00241e-02
-9.76167e-03
-9.35742e-03
-8.88459e-03
-8.41829e-03
-7.87962e-03
-7.17879e-03
-6.35233e-03
-5.43426e-03
-4.46818e-03
-3.54396e-03
-2.85317e-03
-2.51392e-03
-2.42521e-03
-2.45662e-03
-2.57748e-03
-2.78193e-03
-3.00482e-03
-3.11107e-03
-3.02640e-03
-2.96313e-03
-3.21572e-03
-3.73405e-03
-4.24708e-03
-4.62465e-03
-4.76644e-03
-4.51454e-03
-3.95035e-03
-3.34827e-03
-2.84684e-03
-2.44848e-03
-2.06202e-03
-1.62068e-03
-1.22071e-03
-1.02062e-03
-9.88812e-04
-9.73737e-04
-8.81579e-04
-6.79661e-04
-3.73992e-04
-5.19220e-05
6.73244e-05
-2.30669e-04
-8.54511e-04
-1.51033e-03
-2.02836e-03
-2.34676e-03
-2.49888e-03
-2.53501e-03
-2.42977e-03
-2.11640e-03
-1.57305e-03
-8.97643e-04
-2.62696e-04
2.47148e-04
6.27824e-04
9.84029e-04
1.42191e-03
1.88592e-03
2.23867e-03
2.48121e-03
2.66751e-03
2.84232e-03
3.13592e-03
3.47058e-03
3.56536e-03
3.34003e-03
2.93120e-03
2.53427e-03
2.31482e-03
2.25648e-03
2.24110e-03
2.19409e-03
2.07813e-03
1.86666e-03
1.57811e-03
1.32442e-03
1.21278e-03
1.13159e-03
9.43950e-04
7.71855e-04
7.13179e-04
7.08745e-04
7.03469e-04
7.00736e-04
7.11017e-04
7.26223e-04
7.30635e-04
7.09291e-04
6.49203e-04
5.46091e-04
4.18154e-04
3.22439e-04
3.53215e-04
5.04352e-04
5.40518e-04
3.15207e-04
-9.25112e-05
-5.01049e-04
-7.48600e-04
-8.55140e-04
-9.21656e-04
-9.74745e-04
-9.80337e-04
-8.99436e-04
-7.06619e-04
-4.10636e-04
-1.02634e-04
4.84940e-06
-2.90269e-04
-8.87117e-04
-1.49584e-03
-1.96998e-03
-2.29634e-03
-2.57468e-03
-2.91623e-03
-3.29871e-03
-3.53885e-03
-3.42970e-03
-3.00081e-03
-2.50463e-03
-2.20589e-03
-2.19051e-03
-2.34629e-03
-2.38472e-03
-2.13041e-03
-1.61326e-03
-9.66454e-04
-3.57280e-04
1.36593e-04
5.17742e-04
9.17202e-04
1.47859e-03
2.16612e-03
2.80281e-03
3.26362e-03
3.49549e-03
3.57678e-03
3.65399e-03
3.81951e-03
4.09878e-03
4.44334e-03
4.69417e-03
4.67148e-03
4.41770e-03
4.13240e-03
3.93795e-03
3.81447e-03
3.66235e-03
3.39509e-03
2.99821e-03
2.55954e-03
2.19081e-03
1.84072e-03
1.41778e-03
1.00243e-03
7.59422e-04
6.81816e-04
6.60022e-04
6.50989e-04
6.63964e-04
6.97986e-04
7.30601e-04
7.30773e-04
6.62468e-04
4.94392e-04
2.26732e-04
-6.62632e-05
-2.06452e-04
-3.87474e-05
2.98502e-04
5.29351e-04
6.18403e-04
6.76759e-04
7.33143e-04
7.35507e-04
6.23136e-04
3.48719e-04
-9.89502e-05
-6.36481e-04
-1.13770e-03
-1.60606e-03
-2.05187e-03
-2.40618e-03
-2.73168e-03
-3.16013e-03
-3.67577e-03
-4.16628e-03
-4.63886e-03
-5.10730e-03
-5.49746e-03
-5.85026e-03
-6.25845e-03
-7.06271e-03
-7.29555e-03
-7.37798e-03
-7.42406e-03
-7.47408e-03
-7.49923e-03
-7.45737e-03
-7.30967e-03
-7.03087e-03
-6.65529e-03
-6.32765e-03
-6.21945e-03
-6.30354e-03
-6.41048e-03
-6.48496e-03
-6.66619e-03
-6.92733e-03
-7.08174e-03
-7.17280e-03
-7.43039e-03
-8.01041e-03
-8.89497e-03
-9.95546e-03
-1.10564e-02
-1.19586e-02
-1.24176e-02
-1.24476e-02
-1.23881e-02
-1.25597e-02
-1.28796e-02
-1.30820e-02
-1.31420e-02
-1.31742e-02
-1.31983e-02
-1.31541e-02
-1.29852e-02
-1.26656e-02
-1.22194e-02
-1.17680e-02
-1.14565e-02
-1.12462e-02
-1.09988e-02
-1.06648e-02
-1.03008e-02
-9.93593e-03
-9.39583e-03
-8.46840e-03
-7.18649e-03
-5.84841e-03
-4.75895e-03
-4.05582e-03
-3.67616e-03
-3.37150e-03
-2.89828e-03
-2.18127e-03
-1.36150e-03
-7.27895e-04
-4.34893e-04
-3.54114e-04
-2.84452e-04
-1.01478e-04
2.73620e-04
8.66116e-04
1.55308e-03
2.09656e-03
2.43687e-03
2.70292e-03
2.86718e-03
2.88143e-03
2.83219e-03
2.84240e-03
3.01482e-03
3.43240e-03
4.11331e-03
4.91024e-03
5.53596e-03
5.84358e-03
5.94726e-03
5.99161e-03
6.01349e-03
6.00451e-03
5.96821e-03
5.91682e-03
5.87123e-03
5.87720e-03
6.01208e-03
6.36079e-03
6.95608e-03
7.69353e-03
8.36170e-03
8.90500e-03
9.50717e-03
1.02767e-02
1.10094e-02
1.14016e-02
1.14992e-02
1.15448e-02
1.16586e-02
1.18482e-02
1.20850e-02
1.22808e-02
1.23461e-02
1.23885e-02
1.26376e-02
1.31457e-02
1.36298e-02
1.38443e-02
1.38580e-02
1.38194e-02
1.37710e-02
1.37097e-02
1.36530e-02
1.36200e-02
1.36025e-02
1.35604e-02
1.34282e-02
1.31300e-02
1.26172e-02
1.19297e-02
1.11650e-02
1.03520e-02
9.50563e-03
8.67026e-03
7.94258e-03
7.31702e-03
6.61390e-03
5.74158e-03
4.81026e-03
3.87962e-03
2.89316e-03
1.89903e-03
9.85859e-04
1.82544e-04
-4.04617e-04
-6.94191e-04
-7.96129e-04
-8.58326e-04
-9.19044e-04
-9.38823e-04
-8.52334e-04
-5.80768e-04
-6.69271e-05
6.45033e-04
1.41661e-03
2.21540e-03
3.12808e-03
4.04726e-03
4.65978e-03
4.84845e-03
4.70665e-03
4.45372e-03
4.30882e-03
4.27857e-03
4.23274e-03
4.05604e-03
3.67111e-03
3.05638e-03
2.33304e-03
1.75508e-03
1.46382e-03
1.36636e-03
1.33214e-03
1.31679e-03
1.30832e-03
1.28248e-03
1.22093e-03
1.13349e-03
1.06328e-03
1.08239e-03
1.27786e-03
1.71248e-03
2.35173e-03
2.98162e-03
3.33918e-03
3.44953e-03
3.49338e-03
3.53271e-03
3.51980e-03
3.38106e-03
3.04212e-03
2.45431e-03
1.67715e-03
8.81752e-04
1.66402e-04
-4.93503e-04
-1.08312e-03
-1.63260e-03
-2.31962e-03
-3.24093e-03
-4.24940e-03
-5.12961e-03
-5.76634e-03
-6.16810e-03
-6.40496e-03
-6.46475e-03
-6.29063e-03
-6.01641e-03
-5.86264e-03
-5.83806e-03
-5.79131e-03
-5.58326e-03
-5.11405e-03
-4.34449e-03
-3.39010e-03
-2.47871e-03
-1.72127e-03
-1.11978e-03
-5.40675e-04
1.16340e-04
6.89049e-04
8.91734e-04
6.87133e-04
2.32733e-04
-2.91716e-04
-6.87169e-04
-8.60209e-04
-9.20651e-04
-1.03886e-03
-1.31587e-03
-1.76994e-03
-2.30621e-03
-2.72804e-03
-2.92018e-03
-2.95136e-03
-2.92582e-03
-2.88497e-03
-2.84977e-03
-2.85538e-03
-2.93238e-03
-3.07848e-03
-3.23800e-03
-3.29156e-03
-3.14135e-03
-2.88291e-03
-2.69985e-03
-2.61922e-03
-2.57105e-03
-2.52888e-03
-2.50235e-03
-2.49056e-03
-2.47898e-03
-2.45290e-03
-2.40125e-03
-2.31921e-03
-2.21857e-03
-2.14106e-03
-2.16322e-03
-2.38055e-03
-2.85969e-03
-3.55901e-03
-4.30599e-03
-4.91439e-03
-5.27687e-03
-5.39545e-03
-5.36972e-03
-5.29517e-03
-5.21242e-03
-5.13733e-03
-5.08116e-03
-5.04110e-03
-4.99159e-03
-4.88649e-03
-4.67068e-03
-4.30324e-03
-3.80064e-03
-3.28514e-03
-2.89447e-03
-2.56286e-03
-2.13973e-03
-1.61563e-03
-1.09965e-03
-6.28326e-04
-1.30645e-04
3.76533e-04
7.86287e-04
1.14306e-03
1.55179e-03
1.95456e-03
2.22329e-03
2.42661e-03
2.72865e-03
3.15717e-03
3.56490e-03
3.77561e-03
3.80950e-03
3.78396e-03
3.74796e-03
3.70226e-03
3.65695e-03
3.62894e-03
3.62082e-03
3.61468e-03
3.57515e-03
3.45450e-03
3.20854e-03
2.83050e-03
2.39773e-03
2.05593e-03
1.87973e-03
1.81110e-03
1.77536e-03
1.75122e-03
1.73864e-03
1.73084e-03
1.71911e-03
1.69846e-03
1.66569e-03
1.61892e-03
1.56363e-03
1.51941e-03
1.52257e-03
1.61821e-03
1.83838e-03
2.16237e-03
2.47496e-03
2.63573e-03
2.65510e-03
2.62603e-03
2.58897e-03
2.54330e-03
2.49181e-03
2.44296e-03
2.39885e-03
2.35642e-03
2.31290e-03
2.26775e-03
2.22132e-03
2.17420e-03
2.12692e-03
2.08002e-03
2.03381e-03
1.98849e-03
1.94402e-03
1.90015e-03
1.85625e-03
1.81137e-03
1.76454e-03
1.71547e-03
1.66528e-03
1.61706e-03
1.57526e-03
1.54375e-03
1.52201e-03
1.50089e-03
1.45969e-03
1.36855e-03
1.19938e-03
9.48192e-04
6.64295e-04
4.40259e-04
3.24538e-04
2.83675e-04
2.72487e-04
2.73543e-04
2.73615e-04
2.46445e-04
1.61102e-04
-8.11641e-07
-2.24013e-04
-4.37368e-04
-5.56874e-04
-5.90029e-04
-5.93176e-04
-5.90466e-04
-5.81665e-04
-5.68893e-04
-5.58384e-04
-5.53213e-04
-5.53545e-04
-5.58089e-04
-5.63303e-04
-5.60745e-04
-5.37135e-04
-4.77866e-04
-3.76198e-04
-2.47439e-04
-1.42252e-04
-1.03264e-04
-7.90921e-05
-1.22571e-05
4.56067e-05
5.57421e-05
4.38416e-05
3.25147e-05
2.09824e-05
5.89576e-06
-9.53975e-06
-2.09813e-05
-2.66109e-05
-2.75659e-05
-2.88436e-05
-4.07101e-05
-7.76861e-05
-1.52934e-04
-2.67247e-04
-3.95043e-04
-4.90542e-04
-5.31733e-04
-5.38208e-04
-5.34588e-04
-5.29523e-04
-5.25290e-04
-5.24769e-04
-5.28006e-04
-5.29118e-04
-5.17118e-04
-4.79655e-04
-4.09043e-04
-3.12425e-04
-2.21945e-04
-1.74505e-04
-1.64390e-04
-1.64284e-04
-1.62899e-04
-1.62681e-04
-1.68707e-04
-1.87651e-04
-2.27600e-04
-2.91508e-04
-3.66942e-04
-4.18932e-04
-4.10913e-04
-3.50467e-04
-2.81611e-04
-2.41962e-04
-2.31810e-04
-2.38753e-04
-2.63335e-04
-3.09859e-04
-3.71839e-04
-4.26931e-04
-4.53211e-04
-4.58420e-04
-4.65213e-04
-4.85739e-04
-5.20211e-04
-5.58980e-04
-5.85416e-04
-5.91154e-04
-5.83524e-04
-5.71697e-04
-5.58565e-04
-5.44472e-04
-5.30360e-04
-5.17006e-04
-5.04416e-04
-4.92203e-04
-4.80139e-04
-4.68125e-04
-4.56154e-04
-4.44204e-04
-4.32333e-04
-4.20651e-04
-4.09410e-04
-3.98907e-04
-3.89399e-04
-3.80784e-04
-3.72350e-04
-3.62559e-04
-3.49297e-04
-3.30660e-04
-3.06616e-04
-2.80901e-04
-2.59376e-04
-2.44136e-04
-2.34146e-04
-2.28107e-04
-2.24452e-04
-2.21765e-04
-2.19388e-04
-2.17120e-04
-2.14832e-04
-2.12348e-04
-2.09517e-04
-2.06292e-04
-2.02911e-04
-2.00053e-04
-1.98870e-04
-2.00670e-04
-2.06187e-04
-2.14389e-04
-2.21403e-04
-2.23093e-04
-2.20432e-04
-2.16648e-04
-2.12893e-04
-2.08731e-04
-2.03515e-04
-1.96630e-04
-1.87660e-04
-1.77217e-04
-1.67770e-04
-1.61990e-04
-1.59289e-04
-1.57631e-04
-1.56216e-04
-1.55070e-04
-1.54168e-04
-1.53384e-04
-1.52652e-04
-1.51870e-04
-1.50808e-04
-1.49127e-04
-1.46576e-04
-1.43262e-04
-1.39947e-04
-1.37720e-04
-1.36762e-04
-1.36116e-04
-1.34962e-04
-1.33367e-04
-1.32172e-04
-1.32187e-04
-1.33139e-04
-1.34357e-04
-1.35602e-04
-1.36861e-04
-1.38056e-04
-1.39045e-04
-1.39710e-04
-1.39992e-04
-1.39952e-04
-1.39851e-04
-1.40057e-04
-1.40679e-04
-1.41500e-04
-1.42325e-04
-1.43130e-04
-1.43949e-04
-1.44790e-04
-1.45613e-04
-1.46312e-04
-1.46765e-04
-1.46995e-04
-1.47114e-04
-1.47135e-04
-1.47055e-04
-1.46914e-04
-1.46738e-04
-1.46532e-04
-1.46296e-04
-1.46034e-04
-1.45753e-04
-1.45461e-04
-1.45165e-04
-1.44869e-04
-1.44568e-04
-1.44243e-04
-1.43876e-04
-1.43472e-04
-1.43051e-04
-1.42628e-04
-1.42207e-04
-1.41789e-04
-1.41376e-04
-1.40968e-04
-1.40566e-04
-1.40172e-04
-1.39787e-04
-1.39414e-04
-1.39051e-04
-1.38696e-04
-1.38348e-04
-1.38006e-04
-1.37673e-04
-1.37349e-04
-1.37036e-04
-1.36732e-04
-1.36439e-04
-1.36156e-04
-1.35883e-04
-1.35621e-04
-1.35369e-04
0.00000e+00
