-2.85804e-04
-4.43691e-04
-1.76468e-04
2.65353e-04
8.67350e-04
6.96557e-04
2.90435e-04
4.15701e-04
3.31448e-04
3.98261e-04
3.39059e-04
3.96762e-04
3.33764e-04
4.21073e-04
-7.91817e-05
-4.11669e-04
-3.23602e-04
-3.91156e-04
-3.22067e-04
-4.07080e-04
-2.79539e-04
-8.58743e-04
-6.84136e-04
-2.87865e-04
-3.95653e-04
-3.39470e-04
-3.62995e-04
-3.78170e-04
-2.36207e-04
4.08812e-05
2.87604e-04
4.02239e-04
3.44552e-04
3.84033e-04
3.55193e-04
3.76455e-04
3.59761e-04
3.71913e-04
3.62051e-04
3.71166e-04
3.61304e-04
3.74215e-04
3.55242e-04
3.83336e-04
3.37035e-04
4.22821e-04
-1.03247e-04
-2.96060e-04
3.83362e-04
3.42375e-04
8.35181e-05
-4.17327e-05
4.48122e-05
1.73868e-04
-3.15763e-04
-3.80284e-04
-3.46878e-04
-3.76480e-04
-3.47629e-04
-3.78749e-04
-3.42307e-04
-3.90887e-04
-3.11175e-04
-8.14471e-04
-1.12875e-03
-1.09382e-03
-6.83891e-04
-2.74719e-04
-4.32614e-04
-2.97486e-04
-4.41717e-04
-1.93480e-04
2.92363e-04
4.31286e-04
1.89128e-04
-2.04855e-04
3.27294e-04
3.79676e-04
3.40204e-04
3.90309e-04
3.23508e-04
4.23715e-04
-9.85609e-05
-3.99931e-04
-3.52864e-04
-3.66526e-04
-3.70319e-04
-3.52858e-04
-3.92330e-04
-2.47336e-04
3.50856e-04
3.50099e-04
3.75151e-04
3.42510e-04
3.94132e-04
2.37754e-04
-3.46771e-04
-3.64230e-04
-3.63469e-04
-3.68782e-04
-3.58153e-04
-3.74853e-04
-3.51319e-04
-3.82443e-04
-3.40690e-04
-3.97624e-04
-3.16397e-04
-4.50761e-04
-7.19571e-05
3.18234e-04
-1.12190e-04
4.72337e-04
1.06445e-03
1.09254e-03
1.09330e-03
1.07736e-03
1.41973e-03
1.07053e-03
2.96980e-04
5.55083e-04
6.14295e-04
3.18236e-04
4.02499e-04
2.46878e-04
-3.55868e-04
-3.40685e-04
-3.86233e-04
-3.20949e-04
-4.87957e-04
-1.07021e-03
-1.07476e-03
-1.40802e-03
-1.15219e-03
-1.06489e-03
-1.08995e-03
-1.09602e-03
-7.54415e-04
-1.04061e-03
-9.94300e-04
-2.77686e-04
4.89029e-04
1.04015e-03
1.54117e-03
2.17580e-03
1.91998e-03
1.37340e-03
9.90804e-04
2.60525e-04
-2.98951e-04
-4.05989e-04
-1.87362e-04
3.00754e-04
5.38359e-04
1.04394e-03
1.17526e-03
9.40691e-04
4.66237e-04
2.18002e-04
-2.58730e-04
-8.04543e-04
-1.09908e-03
-1.06189e-03
-1.05885e-03
-1.09074e-03
-9.47266e-04
-3.45281e-04
-3.49838e-04
-3.05810e-04
-4.51564e-04
-1.04824e-03
-1.05279e-03
-1.06039e-03
-1.07329e-03
-6.50463e-04
-2.24596e-04
-4.37912e-04
1.87605e-04
3.59925e-04
8.79164e-04
1.05072e-03
4.08503e-04
4.02428e-04
4.32032e-04
2.83242e-04
-2.90659e-04
-3.37727e-04
-2.12473e-04
5.01102e-04
1.14484e-03
1.11295e-03
1.17824e-03
1.09777e-03
1.20936e-03
9.83134e-04
4.93496e-04
2.72589e-04
-2.48173e-04
-4.26569e-04
-1.02173e-03
-9.27596e-04
-2.89933e-04
-3.33206e-04
-2.57295e-04
-3.41560e-04
-5.25271e-04
-8.72194e-04
-5.81451e-04
-2.42883e-04
-3.12725e-04
-2.67939e-04
-3.21839e-04
1.38948e-04
5.25340e-04
2.96082e-04
-2.68709e-04
1.22997e-04
5.50382e-04
2.79372e-04
-2.26208e-04
-2.93772e-04
-2.79351e-04
1.26019e-04
5.57959e-04
3.56030e-04
6.53604e-04
1.00887e-03
5.21512e-04
4.70565e-05
-4.52450e-04
-8.31256e-04
-3.00630e-04
1.36624e-04
6.63454e-04
1.11361e-03
1.63817e-03
2.01545e-03
1.44307e-03
1.56756e-03
2.13235e-03
2.59541e-03
2.68119e-03
2.72218e-03
3.51850e-03
4.07797e-03
4.13415e-03
4.10833e-03
4.13338e-03
4.05367e-03
2.88765e-03
1.43317e-03
-4.62370e-04
-2.29186e-03
-3.62109e-03
-5.17958e-03
-6.15202e-03
-6.84434e-03
-7.54502e-03
-6.95139e-03
-5.91594e-03
-4.88733e-03
-2.86578e-03
-1.01504e-03
1.03612e-03
2.37901e-03
3.21708e-03
4.71483e-03
5.70169e-03
6.41830e-03
7.04685e-03
6.99068e-03
5.47470e-03
2.55359e-03
-1.87135e-03
-5.55615e-03
-7.69765e-03
-9.66226e-03
-1.11957e-02
-1.18425e-02
-1.14493e-02
-1.01732e-02
-7.86922e-03
-6.25911e-03
-4.28615e-03
-2.65707e-03
-1.90478e-03
-1.66110e-03
-1.15477e-03
4.02953e-04
3.07127e-03
5.34333e-03
6.10170e-03
5.89445e-03
4.62064e-03
3.01281e-03
1.77771e-03
1.35792e-03
1.17876e-03
1.79213e-03
3.26863e-03
4.66693e-03
6.23225e-03
7.04603e-03
7.52503e-03
7.77327e-03
6.96328e-03
6.00754e-03
4.75043e-03
3.60339e-03
3.97156e-03
5.06318e-03
5.53687e-03
4.31468e-03
2.10411e-03
-4.41242e-04
-3.86262e-03
-7.16709e-03
-9.34350e-03
-9.64867e-03
-7.86701e-03
-4.94286e-03
-1.62321e-03
1.71997e-03
3.96167e-03
5.45562e-03
6.80459e-03
7.10748e-03
5.31139e-03
2.77819e-03
3.85422e-04
-1.56401e-03
-2.70194e-03
-3.70171e-03
-4.94288e-03
-5.44542e-03
-5.95935e-03
-5.92443e-03
-5.17366e-03
-4.09798e-03
-2.46890e-03
-1.64677e-03
-1.63918e-03
-1.62931e-03
-1.65588e-03
-1.58680e-03
-2.15767e-03
-3.33583e-03
-4.61572e-03
-5.24427e-03
-5.61245e-03
-4.93987e-03
-4.04865e-03
-3.40188e-03
-2.98209e-03
-3.59622e-03
-3.45350e-03
-2.52813e-03
-1.10174e-03
-5.49045e-05
8.78818e-04
1.86416e-03
3.13190e-03
3.89634e-03
4.34422e-03
4.46112e-03
3.99502e-03
3.49324e-03
3.07040e-03
1.72448e-03
-5.87093e-05
-1.41375e-03
-2.93883e-03
-4.33866e-03
-5.78024e-03
-5.94800e-03
-4.81159e-03
-3.18631e-03
-7.00934e-04
2.82368e-03
5.48745e-03
6.74304e-03
7.16967e-03
6.52593e-03
5.06917e-03
3.70578e-03
3.36266e-03
3.92593e-03
5.47910e-03
6.33235e-03
6.33843e-03
6.23822e-03
5.51553e-03
4.50286e-03
3.58584e-03
2.15261e-03
1.13994e-03
1.88919e-03
3.93352e-03
5.70303e-03
6.88044e-03
6.95635e-03
5.86093e-03
4.20148e-03
1.80265e-03
-6.12886e-04
-3.45125e-03
-6.03683e-03
-7.80560e-03
-7.13149e-03
-4.84729e-03
-1.34620e-03
1.02606e-03
7.24692e-04
-8.74784e-04
-2.97832e-03
-3.94620e-03
-5.11374e-03
-6.19397e-03
-7.15123e-03
-7.62872e-03
-7.33342e-03
-6.85972e-03
-6.66159e-03
-6.00647e-03
-4.86702e-03
-3.20909e-03
-1.50941e-03
-1.58168e-04
4.19527e-04
6.21454e-04
7.68725e-04
2.98067e-04
-2.14341e-04
-2.75071e-04
1.12842e-04
1.08224e-03
2.22017e-03
2.32266e-03
1.85428e-03
1.11489e-03
-1.31699e-05
-1.58000e-03
-2.54333e-03
-3.27665e-03
-3.87635e-03
-4.23086e-03
-3.89837e-03
-2.68377e-03
-7.82160e-04
1.14298e-03
3.21691e-03
5.38801e-03
6.28378e-03
6.22912e-03
6.32629e-03
5.78807e-03
5.89283e-03
6.76659e-03
7.03456e-03
6.48343e-03
4.97657e-03
3.19642e-03
8.07459e-04
-6.92571e-04
-1.51318e-03
-1.76369e-03
-1.32188e-03
8.55288e-04
3.12431e-03
4.65319e-03
5.58312e-03
6.79393e-03
7.66464e-03
6.47206e-03
4.81641e-03
1.57646e-03
-1.33098e-03
-4.68707e-03
-8.00066e-03
-1.02826e-02
-1.16460e-02
-1.20096e-02
-1.14114e-02
-9.86354e-03
-7.62185e-03
-6.11574e-03
-6.12788e-03
-6.48998e-03
-7.37360e-03
-7.20811e-03
-5.90242e-03
-3.54002e-03
-1.20191e-03
1.99433e-04
1.34268e-03
1.75716e-03
2.38192e-03
2.48972e-03
2.28172e-03
2.79185e-03
3.32628e-03
4.60768e-03
5.62946e-03
6.23525e-03
5.82760e-03
5.04039e-03
4.34503e-03
3.60868e-03
2.78883e-03
1.40798e-03
6.85296e-04
-1.34536e-03
-2.91144e-03
-3.79733e-03
-4.69917e-03
-4.93678e-03
-4.82063e-03
-3.79733e-03
-2.62599e-03
-1.24514e-03
2.16931e-04
1.71013e-03
2.68864e-03
3.82506e-03
4.92883e-03
5.87318e-03
6.04702e-03
5.68112e-03
5.13380e-03
4.55307e-03
4.24638e-03
4.72995e-03
4.81497e-03
4.40732e-03
3.07658e-03
1.27442e-03
-5.70867e-05
-1.54725e-03
-1.71653e-03
-2.21072e-03
-2.51513e-03
-2.55156e-03
-3.32891e-03
-3.91343e-03
-3.86864e-03
-2.71401e-03
-1.18968e-03
1.18291e-04
8.92600e-04
1.28051e-03
1.97588e-03
2.59077e-03
2.63480e-03
2.19071e-03
1.80584e-03
2.00625e-03
3.07738e-03
4.29046e-03
4.59411e-03
4.08854e-03
2.40024e-03
1.81324e-04
-1.72104e-03
-3.59456e-03
-4.37722e-03
-5.10066e-03
-5.46200e-03
-4.90784e-03
-4.61557e-03
-4.66036e-03
-4.64214e-03
-4.64897e-03
-4.58596e-03
-3.40172e-03
-1.94800e-03
-4.26708e-04
4.59193e-04
3.81005e-04
-8.19170e-04
-1.76352e-03
-1.72480e-03
-1.34296e-03
-5.28417e-04
1.72258e-04
5.07793e-04
4.23532e-04
4.57695e-04
8.38018e-04
1.38687e-03
1.82261e-03
2.34641e-03
3.09642e-03
3.44031e-03
2.92183e-03
2.21433e-03
1.35348e-03
3.06649e-04
-1.95890e-04
-6.99187e-04
-1.06508e-03
-9.14775e-04
-1.44312e-03
-2.14379e-03
-2.56966e-03
-1.84469e-03
-6.14151e-04
2.89210e-04
3.21854e-04
-1.59429e-04
-7.72800e-04
-5.42024e-04
-2.68737e-04
2.98332e-04
8.50218e-04
2.45956e-04
-1.64728e-04
-3.18069e-04
4.72941e-04
1.13338e-03
1.93730e-03
1.91073e-03
1.95856e-03
1.82875e-03
1.11745e-03
4.12225e-04
-6.60416e-04
-1.04074e-03
-9.19273e-04
-1.03542e-03
-8.10715e-04
-3.26391e-04
2.99130e-04
1.28524e-03
1.11292e-03
1.42036e-03
1.43555e-03
1.21996e-03
7.95610e-04
5.69837e-05
-8.19803e-04
-1.73303e-03
-1.57741e-03
-8.75214e-04
-2.42860e-04
-2.62596e-04
1.67071e-04
9.65673e-04
1.64433e-03
2.11575e-03
2.63955e-03
2.30629e-03
1.36195e-03
-2.49734e-05
-1.12950e-03
-1.62369e-03
-1.73528e-03
-1.55992e-03
-9.68556e-04
-1.27904e-03
-1.04067e-03
-5.42681e-04
-4.39335e-05
4.20653e-04
2.79458e-04
-1.75256e-04
-9.11606e-04
-1.10518e-03
-1.54851e-03
-9.70052e-04
-9.73846e-04
-5.71508e-04
2.84028e-04
4.94307e-04
5.18601e-04
4.60151e-04
5.55802e-04
4.87088e-05
-6.48166e-04
-1.46422e-03
-1.67374e-03
-1.75193e-03
-1.11882e-03
-2.08623e-04
1.26153e-04
1.02875e-03
1.20335e-03
1.34228e-03
1.93819e-03
1.93743e-03
1.97615e-03
1.54573e-03
7.42577e-04
3.72885e-04
-2.38968e-04
-1.75959e-04
-6.89126e-04
-9.95810e-04
-9.47983e-04
-9.56332e-04
-9.80623e-04
-8.47014e-04
-2.35917e-04
-2.64762e-04
1.80086e-04
6.68205e-04
1.17227e-03
1.24059e-03
1.20188e-03
1.24135e-03
1.12597e-03
3.77471e-04
-1.84280e-04
-6.65563e-04
-1.02918e-03
-9.20627e-04
-9.96537e-04
-9.37323e-04
-9.86665e-04
-9.44911e-04
-9.82866e-04
-9.48704e-04
-9.83623e-04
-9.42628e-04
-1.00488e-03
-8.31034e-04
-2.93572e-04
2.58314e-04
1.43116e-03
1.43344e-03
1.19128e-03
1.50936e-03
1.68851e-03
2.39222e-03
2.72776e-03
2.61237e-03
2.72852e-03
2.50837e-03
1.99673e-03
1.80922e-03
1.22394e-03
1.23001e-03
8.07182e-04
4.02961e-06
-6.66276e-04
-1.44666e-03
-2.11848e-03
-2.91784e-03
-3.18049e-03
-3.14253e-03
-3.16986e-03
-3.12659e-03
-3.57371e-03
-3.98136e-03
-3.42037e-03
-2.74247e-03
-1.92869e-03
-1.69867e-03
-1.68349e-03
-1.75029e-03
-1.55595e-03
-1.04202e-03
-5.43276e-04
1.83208e-04
6.79677e-04
7.13079e-04
4.63328e-04
8.45260e-05
-7.36087e-04
-1.04277e-03
-5.23530e-04
-2.21397e-04
-1.75849e-04
5.09642e-04
3.32767e-04
-2.19116e-04
-2.73013e-04
-1.56107e-04
5.65822e-04
1.27409e-03
2.02107e-03
2.73313e-03
3.39432e-03
3.62434e-03
3.94469e-03
3.98417e-03
3.43153e-03
2.95556e-03
2.50691e-03
1.85938e-03
1.11316e-03
3.75293e-04
-2.41116e-04
-2.50225e-04
-2.57815e-04
-2.57814e-04
-1.80383e-04
6.05312e-04
1.12683e-03
1.65442e-03
1.95580e-03
1.93910e-03
1.79790e-03
1.25361e-03
7.53346e-04
4.38310e-04
4.47420e-04
9.20355e-04
1.20503e-03
1.64380e-03
1.55802e-03
1.11925e-03
8.53555e-04
2.59919e-04
-5.53103e-04
-1.61588e-03
-2.53290e-03
-3.15159e-03
-3.17664e-03
-2.75988e-03
-2.26189e-03
-1.73582e-03
-1.80717e-03
-2.43193e-03
-2.71661e-03
-2.92536e-03
-3.24344e-03
-2.68320e-03
-2.43725e-03
-2.30668e-03
-1.76770e-03
-1.25377e-03
-9.66820e-04
-5.68279e-04
-1.81885e-04
-2.92717e-04
-2.24395e-04
-2.82089e-04
1.45299e-04
9.76541e-04
1.22098e-03
1.12761e-03
3.40394e-04
-1.84161e-04
-3.92920e-04
-9.31899e-04
-1.08676e-03
-1.72063e-03
-1.56805e-03
-1.31905e-03
-1.03590e-03
-9.83520e-04
-5.56892e-04
-4.79461e-04
-3.98235e-04
-5.89061e-05
4.01123e-04
8.91518e-04
1.78197e-03
2.70355e-03
2.67698e-03
3.58793e-03
3.59780e-03
3.40574e-03
2.95785e-03
2.52895e-03
1.83587e-03
1.24603e-03
1.08889e-03
5.03602e-04
4.55777e-04
8.98346e-04
1.30676e-03
7.35893e-04
4.48943e-04
4.94490e-04
4.82344e-04
4.57292e-04
9.05934e-04
1.28094e-03
1.16252e-03
1.24374e-03
1.47528e-03
1.42062e-03
1.87913e-03
1.96187e-03
1.92088e-03
1.94441e-03
1.94669e-03
1.83434e-03
1.21034e-03
1.22780e-03
1.19895e-03
1.21717e-03
1.21337e-03
1.19743e-03
1.24905e-03
7.80668e-04
5.94980e-05
-8.21847e-04
-1.80112e-03
-2.81531e-03
-3.30722e-03
-3.86898e-03
-3.82039e-03
-4.35862e-03
-4.51196e-03
-4.19996e-03
-3.94338e-03
-3.87961e-03
-3.46665e-03
-2.77509e-03
-3.02180e-03
-2.40312e-03
-2.48814e-03
-1.95068e-03
-1.69106e-03
-1.28037e-03
-8.95499e-04
-1.01089e-03
-9.39530e-04
-9.83561e-04
-9.63824e-04
-9.56234e-04
-1.00862e-03
-5.22776e-04
-1.94076e-04
-2.66194e-04
1.29308e-04
1.11693e-03
1.91021e-03
2.35050e-03
3.13316e-03
3.47249e-03
3.22274e-03
2.75511e-03
2.19791e-03
1.91704e-03
1.93146e-03
1.97321e-03
1.80620e-03
1.25432e-03
1.10325e-03
4.74691e-04
6.05259e-04
1.19662e-03
1.21028e-03
1.20421e-03
1.52911e-03
1.28011e-03
9.03587e-04
7.13804e-04
4.67846e-04
8.67642e-05
-3.39106e-04
-1.68305e-04
-3.23168e-04
-7.94902e-05
4.24567e-04
5.27048e-04
3.57002e-04
-3.09511e-04
-1.07167e-03
-1.78298e-03
-2.13142e-03
-2.30678e-03
-2.23390e-03
-1.81866e-03
-2.17166e-03
-2.43963e-03
-2.45102e-03
-2.38801e-03
-2.49809e-03
-2.25593e-03
-1.79894e-03
-1.51351e-03
-1.17646e-03
-1.51882e-03
-1.43760e-03
-1.76327e-03
-1.67065e-03
-1.74277e-03
-1.59475e-03
-9.10017e-04
-7.64990e-05
1.32029e-03
1.84636e-03
2.40052e-03
2.29272e-03
1.72566e-03
1.18971e-03
3.08364e-04
-1.75200e-04
-3.40691e-04
2.29410e-04
4.58664e-04
8.95159e-04
1.26409e-03
1.13352e-03
1.63606e-03
1.99588e-03
1.77042e-03
1.23296e-03
1.17223e-03
1.21853e-03
1.14793e-03
1.33923e-03
1.49788e-03
9.90026e-04
8.54140e-04
3.98663e-04
-2.65574e-04
-3.21751e-04
-1.14389e-03
-1.62441e-03
-2.28334e-03
-3.22010e-03
-3.13204e-03
-3.21555e-03
-3.13888e-03
-3.22694e-03
-3.04020e-03
-2.48680e-03
-2.36458e-03
-1.61305e-03
-9.74625e-04
2.85519e-04
1.18812e-03
1.56236e-03
2.10058e-03
2.57655e-03
2.65474e-03
2.62209e-03
2.63500e-03
2.63879e-03
2.61449e-03
2.66763e-03
2.49759e-03
1.93507e-03
1.88269e-03
1.93051e-03
1.85991e-03
1.96846e-03
1.72023e-03
1.64659e-03
1.94568e-03
1.87053e-03
1.93885e-03
1.47578e-03
1.02561e-03
7.13926e-05
-3.81807e-04
-4.85810e-04
-8.77520e-04
-5.63245e-04
-2.40619e-04
-3.05147e-04
-2.66434e-04
-3.03634e-04
-2.58089e-04
-3.24894e-04
-2.12546e-04
-7.76578e-04
-9.05631e-04
-7.01429e-04
-1.11515e-03
-9.05638e-04
-1.59037e-03
-2.50967e-03
-2.40264e-03
-2.63418e-03
-2.75716e-03
-2.00487e-03
-1.30799e-03
-5.51146e-04
1.36619e-04
9.32938e-04
1.16599e-03
1.57895e-03
1.97445e-03
1.83173e-03
1.95775e-03
1.74443e-03
1.20165e-03
1.16445e-03
7.93998e-04
-8.88672e-05
-2.63468e-04
-4.19091e-04
-9.81605e-04
-1.04234e-03
-6.72646e-04
-9.86927e-04
-9.01907e-04
-6.10405e-04
-6.56714e-04
-7.50847e-04
-1.08031e-03
-9.67203e-04
-1.05602e-03
-9.74040e-04
-1.06514e-03
-8.78395e-04
-3.12090e-04
-2.91596e-04
2.57157e-05
-2.11134e-04
-3.18173e-04
-2.70350e-04
-2.79462e-04
-6.90151e-04
-1.11071e-03
-9.30039e-04
-1.11223e-03
-5.17839e-04
-2.93899e-04
-1.68646e-04
4.26506e-04
4.35613e-04
4.54589e-04
1.22849e-04
3.70321e-04
4.71282e-04
4.21937e-04
4.58373e-04
4.31801e-04
4.46981e-04
4.53811e-04
3.41458e-04
-2.86340e-04
-2.59773e-04
-3.03046e-04
-5.49004e-04
-8.00277e-04
-1.03029e-03
-1.00525e-03
-9.36167e-04
-1.48198e-04
3.78633e-04
8.91799e-04
1.22581e-03
1.14382e-03
1.19620e-03
1.15748e-03
9.03934e-04
6.63289e-04
4.10498e-04
5.59285e-04
1.18784e-03
1.11876e-03
1.63799e-03
1.93102e-03
1.92114e-03
1.48161e-03
1.10964e-03
1.22274e-03
1.14531e-03
1.20680e-03
1.15517e-03
1.20224e-03
1.15897e-03
1.20375e-03
1.15289e-03
1.22804e-03
7.40680e-04
3.93758e-04
4.98515e-04
4.14250e-04
5.00788e-04
4.01341e-04
5.35704e-04
-2.45321e-05
-2.80359e-04
-2.87193e-04
-2.34056e-04
-3.21358e-04
-1.85476e-04
-4.70150e-04
-7.77598e-04
-7.75322e-04
-8.99062e-04
-3.65398e-04
-1.01977e-03
-9.30950e-04
-1.44943e-03
-1.76295e-03
-1.69919e-03
-1.73032e-03
-1.71665e-03
-1.71134e-03
-1.74550e-03
-1.59292e-03
-1.02586e-03
-8.83143e-04
-2.64458e-04
-2.81160e-04
-2.40928e-04
-2.96346e-04
-1.37691e-04
4.46834e-04
4.65051e-04
4.63531e-04
4.70362e-04
4.64287e-04
3.93687e-04
-3.25965e-04
-4.88860e-05
-5.49605e-05
-2.09823e-04
-8.30789e-04
-1.71062e-03
-2.12434e-03
-2.51074e-03
-2.39763e-03
-2.47810e-03
-2.03325e-03
-1.51477e-03
-1.07752e-03
-8.18656e-04
-3.24467e-04
-1.93140e-04
-3.51039e-04
-3.60037e-05
-6.86473e-05
1.69717e-04
5.09803e-04
4.85510e-04
4.74937e-05
-3.26756e-04
-1.91633e-04
-6.98730e-04
-1.05628e-03
-8.33098e-04
-2.92601e-04
-2.34150e-04
-2.85771e-04
-1.33947e-04
4.61205e-04
4.58927e-04
4.99919e-04
3.56443e-04
-2.44785e-04
-2.39472e-04
-2.70597e-04
-2.28846e-04
-2.99446e-04
1.89430e-04
5.27240e-04
4.42976e-04
4.93836e-04
7.47383e-04
9.80433e-04
1.24461e-03
1.15124e-03
1.34557e-03
1.88075e-03
1.98020e-03
1.47614e-03
1.16262e-03
1.21348e-03
1.20892e-03
1.16945e-03
1.34784e-03
1.49435e-03
1.11251e-03
1.28711e-03
1.02749e-03
5.58350e-04
2.46849e-05
-3.82966e-04
-9.89507e-04
-9.15113e-04
-1.16562e-03
-1.21876e-03
-9.69012e-04
-8.69567e-04
-2.78968e-04
-1.49917e-04
4.80156e-04
4.33090e-04
9.06785e-04
1.27344e-03
1.14059e-03
1.27344e-03
1.03356e-03
5.53790e-04
1.78480e-05
-2.94152e-04
-2.32663e-04
-2.65306e-04
-2.45568e-04
-2.57714e-04
-2.53919e-04
-2.45568e-04
-2.82006e-04
1.68914e-04
5.48477e-04
7.01820e-04
7.42813e-04
6.68419e-04
8.63514e-04
1.31292e-03
7.13967e-04
4.53588e-04
4.68012e-04
4.95340e-04
3.54143e-04
-2.41769e-04
-2.50119e-04
-2.59987e-04
-2.51636e-04
-2.60745e-04
-2.45562e-04
-2.84277e-04
1.64366e-04
5.55316e-04
3.86032e-04
6.56281e-04
7.29158e-04
4.10326e-04
5.31027e-04
2.01370e-05
-3.08563e-04
-5.08971e-04
-7.88328e-04
-9.90255e-04
-1.00695e-03
-5.75012e-04
-8.23389e-05
4.24757e-04
4.77138e-04
7.69402e-04
5.59126e-04
4.14134e-04
5.32558e-04
1.48361e-05
-3.13105e-04
-2.02271e-04
-7.06329e-04
-1.03882e-03
-9.53801e-04
-1.01073e-03
-9.65186e-04
-1.00466e-03
-9.70497e-04
-1.00010e-03
-9.74290e-04
-9.97822e-04
-9.75805e-04
-9.98578e-04
-9.72766e-04
-1.01300e-03
-8.72559e-04
-2.66016e-04
-2.75883e-04
-2.41721e-04
-2.80435e-04
-2.37922e-04
-2.86504e-04
-2.27291e-04
-3.09275e-04
-1.16455e-04
4.14934e-04
5.88016e-04
1.17103e-03
1.27427e-03
1.97191e-03
1.44204e-03
1.19305e-03
1.07083e-03
5.11358e-04
3.26893e-04
-1.27821e-04
1.57612e-04
2.81352e-04
5.13388e-05
-3.29219e-05
-2.76059e-05
-2.67487e-04
-6.64507e-04
-1.15414e-03
-1.69995e-03
-1.60506e-03
-1.00307e-03
-9.81051e-04
-1.01521e-03
-8.59587e-04
-5.90853e-04
-3.38062e-04
-5.14177e-04
-7.73795e-04
-1.10401e-03
-1.72270e-03
-1.67487e-03
-1.77659e-03
-1.55037e-03
-1.06984e-03
-5.22506e-04
-2.34036e-04
-2.51493e-04
-2.98556e-04
-1.03458e-04
2.33183e-05
-3.46373e-04
1.97164e-04
5.28145e-04
4.02133e-04
9.27450e-04
1.23794e-03
1.16886e-03
1.51730e-03
1.56816e-03
1.56058e-03
1.25769e-03
1.16963e-03
1.22657e-03
1.09449e-03
3.72561e-04
-2.43086e-04
-2.52951e-04
-2.53707e-04
-2.72682e-04
-1.48182e-04
4.70508e-04
4.50015e-04
4.97843e-04
4.29525e-04
6.18551e-04
7.75693e-04
3.49828e-04
9.87496e-04
1.09530e-03
7.80262e-04
9.56383e-04
1.28509e-03
7.22579e-04
4.66758e-04
3.67316e-04
-2.41498e-04
-2.52122e-04
-2.43009e-04
-2.79443e-04
-1.29892e-04
4.56156e-04
4.77416e-04
4.69069e-04
4.86533e-04
4.60727e-04
2.11738e-04
-5.62295e-05
5.23293e-05
-1.77681e-04
-2.74086e-04
-2.39163e-04
-2.52064e-04
-2.55096e-04
-2.30800e-04
-2.94562e-04
2.01150e-04
5.08600e-04
5.62502e-04
1.21763e-03
1.17892e-03
1.23662e-03
1.09846e-03
4.61560e-04
5.50382e-04
-7.57089e-06
-2.21640e-04
-7.18862e-04
-5.86770e-04
-1.69247e-04
-2.83871e-04
-2.29968e-04
-2.46664e-04
2.66250e-05
2.80936e-04
4.78313e-04
5.19311e-04
3.37884e-04
-1.95776e-04
-2.91421e-04
-1.69198e-04
-4.43996e-04
-4.60692e-04
-3.48337e-04
-5.64683e-04
-1.20590e-04
-4.58396e-04
-4.69778e-04
-5.32022e-04
-3.26294e-04
-2.16976e-04
-2.45059e-04
-3.39944e-04
-9.77605e-04
-9.47993e-04
-9.92019e-04
-9.53298e-04
-9.86695e-04
-9.57084e-04
-9.84408e-04
-9.57834e-04
-9.85916e-04
-9.52510e-04
-1.00261e-03
-8.49259e-04
-2.58655e-04
-2.48781e-04
-2.38907e-04
-2.46494e-04
-2.42693e-04
-2.42688e-04
-2.47238e-04
-2.36605e-04
-2.56337e-04
-2.23690e-04
-2.83656e-04
-1.06775e-04
4.36005e-04
8.27719e-04
4.96745e-04
9.24896e-04
1.15643e-03
7.57900e-04
6.15189e-04
3.10026e-04
-2.01619e-04
-2.39571e-04
-6.51770e-04
-1.06321e-03
-8.99234e-04
-1.05485e-03
-5.02961e-04
-2.06897e-04
-2.86600e-04
1.81026e-04
5.64389e-04
3.26788e-04
-2.09908e-04
-2.57728e-04
-2.41781e-04
-2.48608e-04
-2.51639e-04
-2.33415e-04
-2.85789e-04
1.87910e-04
5.37112e-04
4.42227e-04
5.02203e-04
4.58938e-04
4.90827e-04
4.67299e-04
4.82486e-04
4.75660e-04
4.69592e-04
4.99203e-04
7.33388e-05
-7.38161e-04
-1.01675e-03
-9.44632e-04
-1.03117e-03
-8.26199e-04
-3.24412e-04
2.06222e-04
4.88621e-04
8.80335e-04
9.94209e-04
6.47294e-04
4.72700e-04
4.67391e-04
4.74228e-04
4.74993e-04
4.61333e-04
4.93981e-04
4.23387e-04
9.19101e-04
1.24249e-03
1.18025e-03
1.19240e-03
1.29109e-03
1.95002e-03
1.48772e-03
1.12334e-03
1.27365e-03
7.23291e-04
4.47734e-04
1.62308e-04
1.03101e-04
2.14185e-06
-3.28073e-04
-2.03571e-04
-3.21990e-04
-1.75474e-04
-7.50886e-04
-9.74064e-04
-1.13727e-03
-1.26935e-03
-9.23188e-04
-1.03478e-03
-9.49749e-04
-1.04539e-03
-5.44367e-04
-2.08070e-04
-3.02197e-04
-2.30835e-04
-2.99911e-04
-2.20198e-04
-3.94793e-04
-9.86146e-04
-8.83661e-04
-5.73933e-04
-3.75038e-04
-1.90566e-04
-3.58329e-04
2.26961e-04
3.78790e-04
-2.82404e-04
-2.26984e-04
-3.37812e-04
2.16354e-04
7.59194e-05
-3.75756e-04
-1.00949e-04
3.98559e-04
5.74680e-04
8.97312e-04
6.46046e-04
5.45086e-04
1.18959e-03
1.15315e-03
1.22831e-03
7.49305e-04
3.06739e-04
-2.67156e-04
-2.16291e-04
-7.56785e-04
-6.07234e-04
-2.01099e-04
-2.99782e-04
-2.91428e-04
1.61014e-04
4.81367e-04
8.52582e-04
1.25720e-03
1.14637e-03
1.10690e-03
4.25966e-04
4.92013e-04
4.11549e-04
4.99610e-04
3.15145e-04
-2.49641e-04
-2.80003e-04
-2.71650e-04
-2.80757e-04
-2.70886e-04
-2.83030e-04
-2.69363e-04
-2.85303e-04
-2.67082e-04
-2.88335e-04
-2.64041e-04
-2.91367e-04
-2.57964e-04
-3.08064e-04
-1.58515e-04
4.44991e-04
4.15387e-04
8.74659e-04
1.26865e-03
7.12969e-04
3.99452e-04
5.03453e-04
3.95031e-06
-3.31582e-04
-2.42763e-04
-3.05769e-04
-2.51111e-04
-3.04249e-04
-2.48073e-04
-3.14116e-04
-2.19984e-04
-7.30874e-04
-1.04895e-03
-9.79866e-04
-1.02238e-03
-9.85939e-04
-1.02769e-03
-6.77733e-04
-6.42054e-04
-6.23835e-04
-9.63923e-04
-1.00112e-03
-1.02010e-03
-9.70756e-04
-1.06337e-03
-8.24246e-04
-7.51371e-04
-1.03377e-03
-1.01175e-03
-8.88016e-04
-2.92863e-04
-2.67054e-04
-2.92106e-04
-2.42764e-04
-3.30824e-04
-1.02329e-04
-1.12354e-05
-3.24756e-04
-2.43531e-04
-2.94394e-04
-2.55681e-04
-2.89084e-04
-2.55685e-04
-2.90607e-04
-2.51135e-04
-2.96685e-04
-2.41272e-04
-3.08836e-04
-2.22299e-04
-3.43762e-04
-8.56625e-05
2.71882e-04
-1.19070e-04
4.30533e-04
4.66967e-04
4.44190e-04
4.73792e-04
4.38868e-04
4.79857e-04
4.35824e-04
4.84403e-04
4.29742e-04
5.01095e-04
3.29528e-04
-2.45134e-04
-2.64876e-04
-2.69436e-04
-2.58813e-04
-2.76278e-04
-2.45159e-04
-3.02099e-04
-1.29024e-04
4.16781e-04
5.88337e-04
8.65412e-04
1.10681e-03
1.23585e-03
1.15462e-03
1.23280e-03
8.53233e-04
8.38044e-04
1.11056e-03
1.25403e-03
1.11510e-03
1.38383e-03
1.73150e-03
1.35420e-03
1.88407e-03
1.95162e-03
1.87874e-03
1.99943e-03
1.43767e-03
1.21144e-03
1.05657e-03
8.31099e-04
5.04666e-04
5.12248e-04
1.57708e-05
-2.69670e-04
-3.56220e-04
-9.69603e-04
-9.81000e-04
-9.70383e-04
-9.96203e-04
-9.54463e-04
-7.21422e-04
-4.39798e-04
-2.55341e-04
-2.19674e-04
-3.04708e-04
-8.00184e-05
2.54880e-05
-3.30554e-04
2.10690e-04
2.43320e-04
-5.19925e-05
-2.58487e-04
-2.41041e-04
-2.48645e-04
-2.34235e-04
-2.68410e-04
-1.27226e-04
4.71709e-04
4.78527e-04
4.87622e-04
4.86089e-04
4.80761e-04
4.94410e-04
4.73139e-04
5.06525e-04
4.48980e-04
5.26091e-04
1.87593e-05
-3.05935e-04
-2.41958e-04
-2.80913e-04
-2.66638e-04
-2.65839e-04
-3.74273e-04
-1.01696e-03
-9.57503e-04
-1.07197e-03
-5.22734e-04
-3.53985e-04
-1.00886e-03
-9.69873e-04
-1.01084e-03
-9.63116e-04
-1.00322e-03
-9.38036e-04
-1.02380e-03
-5.06944e-04
-2.40717e-04
1.46796e-04
5.23732e-04
3.96382e-04
4.77835e-04
4.02154e-04
4.71433e-04
2.66002e-05
-3.63202e-04
2.21485e-04
3.52040e-05
-3.16840e-04
-2.32103e-04
-2.55295e-04
-2.78563e-04
1.50165e-04
4.51717e-04
3.99162e-04
3.26314e-05
-3.40569e-04
-1.75299e-04
-6.65675e-04
-9.09954e-04
-8.45967e-04
-8.65311e-04
-8.13506e-04
-8.39854e-04
-7.66765e-04
-8.34069e-04
-3.77902e-04
-1.18249e-04
-1.50379e-04
-1.32888e-04
-1.28003e-04
-1.25474e-04
-1.16100e-04
-1.09786e-04
-1.12398e-04
-8.32537e-05
-1.28909e-04
4.31745e-04
-3.51902e-05
2.44202e-04
1.92430e-04
-1.62511e-04
-2.35193e-05
-1.15153e-04
3.41372e-05
2.44990e-04
8.58599e-05
-5.90802e-05
-6.88964e-05
-2.21753e-06
-1.62092e-04
-3.85449e-04
-3.35615e-04
-4.43618e-04
3.67189e-05
-2.46005e-05
3.16318e-04
5.04218e-04
4.49914e-04
5.16378e-04
9.07528e-04
5.66152e-04
4.60978e-04
7.55359e-04
3.62706e-04
3.77727e-04
3.32225e-04
3.51619e-04
3.05744e-04
3.40805e-04
6.30771e-05
-1.03317e-04
-6.49984e-05
-7.38602e-05
-6.80783e-05
-5.02303e-05
-8.09808e-05
1.66598e-04
2.85361e-04
3.28929e-04
3.83852e-04
3.37940e-04
2.89768e-04
-2.01567e-06
-1.04033e-04
-9.02028e-05
-8.88542e-05
-8.13404e-05
2.98017e-05
1.11906e-04
1.99539e-04
1.64806e-04
1.75449e-04
1.08043e-04
-9.86892e-05
-9.87011e-05
-9.53976e-05
-9.08008e-05
-8.38832e-05
-8.38474e-05
-7.15878e-05
-7.88449e-05
-5.61083e-05
-8.24633e-05
7.33194e-05
2.57847e-05
-8.00481e-05
-4.37033e-05
-5.90026e-05
-4.14514e-05
-4.70066e-05
-3.59472e-05
-3.72243e-05
-2.93854e-05
-2.87834e-05
-2.26123e-05
-2.12592e-05
-1.57448e-05
-1.45924e-05
-8.89473e-06
-9.09925e-06
-9.45666e-07
-7.71006e-06
6.58152e-05
1.10355e-04
8.69569e-05
8.75760e-05
7.11698e-05
6.96208e-05
5.52415e-05
5.34330e-05
3.99212e-05
3.88453e-05
2.52513e-05
2.69890e-05
3.46973e-06
-4.56315e-05
-4.69280e-05
-3.92072e-05
-4.69160e-05
-8.14137e-05
-6.94583e-05
-6.23893e-05
-2.52973e-05
-3.11989e-06
-5.47546e-06
-2.76547e-06
3.19914e-06
1.52246e-05
2.02482e-05
2.07538e-05
1.28755e-05
1.08751e-05
4.83493e-06
3.15958e-06
-3.91405e-06
-1.62813e-05
-1.48868e-05
-1.35459e-05
-1.17962e-05
-1.09916e-05
-9.35809e-06
-9.23320e-06
-6.90672e-06
-6.45876e-06
-8.12101e-06
-7.33320e-06
-7.38545e-06
-7.25727e-06
-7.52654e-06
-7.82461e-06
-8.41458e-06
-9.08544e-06
-1.00912e-05
-1.08787e-05
