-4.81310e-04
-4.90810e-04
-5.00641e-04
-5.10544e-04
-5.19996e-04
-5.28521e-04
-5.35517e-04
-5.40576e-04
-5.43263e-04
-5.43796e-04
-5.42157e-04
-5.39007e-04
-5.35026e-04
-5.31397e-04
-5.28975e-04
-5.28978e-04
-5.32390e-04
-5.39641e-04
-5.51025e-04
-5.65724e-04
-5.82663e-04
-6.00281e-04
-6.16708e-04
-6.28806e-04
-6.35204e-04
-6.35155e-04
-6.28086e-04
-6.14256e-04
-5.93226e-04
-5.67371e-04
-5.40112e-04
-5.14435e-04
-4.91838e-04
-4.73084e-04
-4.58495e-04
-4.48404e-04
-4.42348e-04
-4.42037e-04
-4.45381e-04
-4.50410e-04
-4.55727e-04
-4.57155e-04
-4.57066e-04
-4.54034e-04
-4.42274e-04
-4.24777e-04
-4.05400e-04
-3.85520e-04
-3.66420e-04
-3.50116e-04
-3.38746e-04
-3.35141e-04
-3.41887e-04
-3.62326e-04
-3.97462e-04
-4.44308e-04
-5.06093e-04
-5.75506e-04
-6.47690e-04
-7.22112e-04
-7.90973e-04
-8.44895e-04
-8.82577e-04
-9.05196e-04
-9.11853e-04
-8.96310e-04
-8.64113e-04
-8.23210e-04
-7.77349e-04
-7.35911e-04
-6.96635e-04
-6.62835e-04
-6.41575e-04
-6.37424e-04
-6.44962e-04
-6.64584e-04
-6.83348e-04
-6.85434e-04
-6.66548e-04
-6.29656e-04
-5.63228e-04
-4.73643e-04
-3.63191e-04
-2.34999e-04
-9.70400e-05
4.30203e-05
1.80488e-04
2.92070e-04
3.88012e-04
4.52441e-04
4.71942e-04
4.60491e-04
4.14277e-04
3.44779e-04
2.51095e-04
1.38647e-04
3.12966e-05
-7.65217e-05
-1.78354e-04
-2.82978e-04
-3.80954e-04
-4.82339e-04
-5.93262e-04
-6.89693e-04
-8.00629e-04
-9.23290e-04
-1.04301e-03
-1.14588e-03
-1.23648e-03
-1.33022e-03
-1.41103e-03
-1.43721e-03
-1.41482e-03
-1.35976e-03
-1.26631e-03
-1.12718e-03
-9.43267e-04
-7.41619e-04
-5.40785e-04
-3.60206e-04
-2.02883e-04
-9.85192e-05
-7.63827e-05
-1.37397e-04
-2.63654e-04
-4.52326e-04
-7.21115e-04
-1.02378e-03
-1.37156e-03
-1.76068e-03
-2.18778e-03
-2.60076e-03
-2.98059e-03
-3.32215e-03
-3.61863e-03
-3.85680e-03
-4.03324e-03
-4.14937e-03
-4.20335e-03
-4.21297e-03
-4.19851e-03
-4.15678e-03
-4.10840e-03
-4.05751e-03
-3.99817e-03
-3.89764e-03
-3.74591e-03
-3.54254e-03
-3.28193e-03
-2.92318e-03
-2.46717e-03
-1.91991e-03
-1.25890e-03
-5.11943e-04
2.73225e-04
1.06648e-03
1.84307e-03
2.56440e-03
3.18455e-03
3.70301e-03
4.06978e-03
4.24573e-03
4.24148e-03
4.11478e-03
3.92497e-03
3.67873e-03
3.42959e-03
3.20505e-03
3.04018e-03
2.96625e-03
2.97468e-03
3.08748e-03
3.27335e-03
3.49777e-03
3.75608e-03
4.04302e-03
4.34668e-03
4.64910e-03
4.92409e-03
5.13764e-03
5.24573e-03
5.20383e-03
5.01998e-03
4.72428e-03
4.32366e-03
3.87241e-03
3.33356e-03
2.73948e-03
2.18890e-03
1.69191e-03
1.23832e-03
8.51505e-04
5.76849e-04
3.53987e-04
1.56712e-04
-4.71126e-05
-2.31617e-04
-3.72783e-04
-4.98410e-04
-5.97503e-04
-6.92323e-04
-7.80420e-04
-9.22676e-04
-1.10702e-03
-1.27012e-03
-1.44239e-03
-1.63721e-03
-1.89396e-03
-2.15750e-03
-2.46609e-03
-2.81479e-03
-3.17600e-03
-3.52648e-03
-3.87984e-03
-4.20080e-03
-4.44750e-03
-4.65867e-03
-4.86174e-03
-4.97001e-03
-5.00255e-03
-4.92757e-03
-4.71976e-03
-4.40059e-03
-3.98339e-03
-3.53680e-03
-3.01873e-03
-2.46587e-03
-1.99310e-03
-1.61272e-03
-1.38986e-03
-1.33868e-03
-1.45498e-03
-1.77888e-03
-2.27405e-03
-2.88920e-03
-3.61462e-03
-4.40157e-03
-5.12581e-03
-5.75959e-03
-6.21466e-03
-6.44228e-03
-6.42178e-03
-6.15377e-03
-5.61574e-03
-4.78176e-03
-3.77815e-03
-2.64767e-03
-1.44587e-03
-2.51821e-04
9.14332e-04
2.01808e-03
3.02031e-03
3.95194e-03
4.78846e-03
5.57824e-03
6.29417e-03
6.92955e-03
7.54038e-03
8.14732e-03
8.77096e-03
9.40232e-03
9.97549e-03
1.04944e-02
1.09628e-02
1.13103e-02
1.15233e-02
1.16029e-02
1.15147e-02
1.13497e-02
1.11029e-02
1.07608e-02
1.03172e-02
9.77893e-03
9.16324e-03
8.50989e-03
7.86450e-03
7.21876e-03
6.54802e-03
5.90290e-03
5.26065e-03
4.63631e-03
4.06753e-03
3.47964e-03
2.88682e-03
2.21605e-03
1.48670e-03
6.75422e-04
-2.53290e-04
-1.30122e-03
-2.34152e-03
-3.41562e-03
-4.43396e-03
-5.33065e-03
-6.04918e-03
-6.55330e-03
-6.86033e-03
-6.96424e-03
-6.81376e-03
-6.35096e-03
-5.65651e-03
-4.73635e-03
-3.63071e-03
-2.33183e-03
-9.43501e-04
4.93843e-04
1.96380e-03
3.40488e-03
4.67336e-03
5.72689e-03
6.55738e-03
7.16140e-03
7.47471e-03
7.50984e-03
7.24064e-03
6.74215e-03
6.05067e-03
5.23682e-03
4.32329e-03
3.35863e-03
2.39493e-03
1.44501e-03
5.95870e-04
-9.35090e-05
-5.86713e-04
-8.58548e-04
-9.58514e-04
-8.90940e-04
-6.85508e-04
-4.69465e-04
-2.60123e-04
-5.21673e-05
1.28922e-04
2.12316e-04
2.19631e-04
1.30679e-04
-6.82837e-05
-3.07007e-04
-5.74874e-04
-8.55400e-04
-1.15469e-03
-1.52867e-03
-1.89021e-03
-2.20767e-03
-2.52957e-03
-2.84511e-03
-3.19385e-03
-3.54486e-03
-3.90348e-03
-4.38810e-03
-4.94057e-03
-5.59544e-03
-6.34290e-03
-7.19632e-03
-8.10262e-03
-8.98460e-03
-9.83556e-03
-1.06440e-02
-1.13893e-02
-1.20355e-02
-1.24992e-02
-1.27875e-02
-1.28328e-02
-1.26909e-02
-1.23085e-02
-1.16954e-02
-1.08993e-02
-9.94511e-03
-8.93312e-03
-7.83714e-03
-6.63224e-03
-5.38315e-03
-4.12244e-03
-2.87299e-03
-1.65213e-03
-4.27487e-04
7.71736e-04
1.89500e-03
2.99138e-03
4.10137e-03
5.22307e-03
6.39802e-03
7.63296e-03
8.98235e-03
1.04417e-02
1.19719e-02
1.35248e-02
1.50553e-02
1.65491e-02
1.79465e-02
1.92273e-02
2.03978e-02
2.14719e-02
2.23733e-02
2.30303e-02
2.34569e-02
2.36939e-02
2.37360e-02
2.36775e-02
2.35537e-02
2.33326e-02
2.30067e-02
2.26334e-02
2.21394e-02
2.15346e-02
2.09184e-02
2.02551e-02
1.95283e-02
1.87720e-02
1.79830e-02
1.72035e-02
1.63782e-02
1.55630e-02
1.47564e-02
1.39696e-02
1.32764e-02
1.26273e-02
1.20233e-02
1.15306e-02
1.10857e-02
1.06522e-02
1.02000e-02
9.68211e-03
9.13289e-03
8.57646e-03
7.90847e-03
7.14906e-03
6.32500e-03
5.41443e-03
4.45198e-03
3.42919e-03
2.31727e-03
1.01878e-03
-4.24724e-04
-1.98902e-03
-3.65658e-03
-5.40543e-03
-7.24642e-03
-9.13280e-03
-1.10409e-02
-1.28737e-02
-1.45925e-02
-1.62104e-02
-1.76234e-02
-1.87426e-02
-1.95171e-02
-1.99552e-02
-1.99963e-02
-1.97065e-02
-1.90732e-02
-1.80755e-02
-1.67599e-02
-1.52101e-02
-1.34933e-02
-1.16770e-02
-9.71466e-03
-7.65834e-03
-5.57430e-03
-3.50453e-03
-1.57265e-03
1.61912e-04
1.78635e-03
3.26523e-03
4.57339e-03
5.77549e-03
6.93750e-03
8.00470e-03
9.07842e-03
1.02082e-02
1.13030e-02
1.23724e-02
1.33785e-02
1.42685e-02
1.50782e-02
1.57654e-02
1.63017e-02
1.66595e-02
1.68077e-02
1.67421e-02
1.64897e-02
1.60651e-02
1.54475e-02
1.46094e-02
1.35741e-02
1.24409e-02
1.12155e-02
9.97093e-03
8.76325e-03
7.61810e-03
6.51497e-03
5.48564e-03
4.56733e-03
3.72527e-03
2.91336e-03
2.12979e-03
1.38377e-03
6.96900e-04
7.67147e-05
-4.94687e-04
-1.10824e-03
-1.80821e-03
-2.56149e-03
-3.38601e-03
-4.33598e-03
-5.46066e-03
-6.72782e-03
-8.14972e-03
-9.74901e-03
-1.15679e-02
-1.36662e-02
-1.59792e-02
-1.85347e-02
-2.13904e-02
-2.45444e-02
-2.79195e-02
-3.15367e-02
-3.53901e-02
-3.93723e-02
-4.35126e-02
-4.78799e-02
-5.24018e-02
-5.70414e-02
-6.18040e-02
-6.65982e-02
-7.12999e-02
-7.59063e-02
-8.03683e-02
-8.45883e-02
-8.84679e-02
-9.20148e-02
-9.53483e-02
-9.84575e-02
-1.01287e-01
-1.03831e-01
-1.06076e-01
-1.08076e-01
-1.09890e-01
-1.11567e-01
-1.13042e-01
-1.14293e-01
-1.15249e-01
-1.15862e-01
-1.16179e-01
-1.16162e-01
-1.15677e-01
-1.14693e-01
-1.13095e-01
-1.10756e-01
-1.07601e-01
-1.03591e-01
-9.87169e-02
-9.29632e-02
-8.62127e-02
-7.85200e-02
-6.99379e-02
-6.05996e-02
-5.07178e-02
-4.05590e-02
-3.01948e-02
-1.99008e-02
-9.68074e-03
5.11539e-04
1.06971e-02
2.08463e-02
3.09671e-02
4.10911e-02
5.13078e-02
6.16698e-02
7.22076e-02
8.28868e-02
9.37043e-02
1.04647e-01
1.15683e-01
1.26754e-01
1.37781e-01
1.48630e-01
1.59064e-01
1.68864e-01
1.77822e-01
1.85802e-01
1.92633e-01
1.98161e-01
2.02235e-01
2.04877e-01
2.06311e-01
2.06885e-01
2.06547e-01
2.05069e-01
2.02315e-01
1.98159e-01
1.92496e-01
1.85240e-01
1.76375e-01
1.66117e-01
1.54692e-01
1.42683e-01
1.30788e-01
1.19023e-01
1.07312e-01
9.56040e-02
8.39285e-02
7.22558e-02
6.05408e-02
4.86713e-02
3.65837e-02
2.42372e-02
1.16916e-02
-1.04205e-03
-1.39192e-02
-2.68604e-02
-3.97708e-02
-5.24852e-02
-6.47400e-02
-7.62687e-02
-8.68093e-02
-9.61701e-02
-1.04153e-01
-1.10569e-01
-1.15274e-01
-1.18296e-01
-1.19919e-01
-1.20553e-01
-1.20174e-01
-1.18907e-01
-1.16752e-01
-1.13730e-01
-1.09762e-01
-1.04880e-01
-9.90992e-02
-9.24374e-02
-8.50181e-02
-7.69216e-02
-6.82785e-02
-5.92969e-02
-5.00432e-02
-4.05440e-02
-3.08353e-02
-2.10194e-02
-1.10302e-02
-8.55207e-04
9.46199e-03
1.98461e-02
3.02877e-02
4.07267e-02
5.09580e-02
6.08295e-02
7.01233e-02
7.86335e-02
8.60342e-02
9.21356e-02
9.68033e-02
9.99243e-02
1.01501e-01
1.01750e-01
1.01062e-01
9.93822e-02
9.67393e-02
9.31403e-02
8.86760e-02
8.34084e-02
7.74578e-02
7.10247e-02
6.42887e-02
5.73469e-02
5.03012e-02
4.32534e-02
3.61472e-02
2.89341e-02
2.15557e-02
1.39636e-02
5.96222e-03
-2.29841e-03
-1.06829e-02
-1.92153e-02
-2.77892e-02
-3.63952e-02
-4.49597e-02
-5.34307e-02
-6.16756e-02
-6.95454e-02
-7.69559e-02
-8.38552e-02
-9.03169e-02
-9.65169e-02
-1.02317e-01
-1.07638e-01
-1.12452e-01
-1.16584e-01
-1.19960e-01
-1.22557e-01
-1.24408e-01
-1.25366e-01
-1.25322e-01
-1.24126e-01
-1.21743e-01
-1.18086e-01
-1.13082e-01
-1.06676e-01
-9.88641e-02
-8.98122e-02
-7.97660e-02
-6.90217e-02
-5.78758e-02
-4.68663e-02
-3.67737e-02
-2.78694e-02
-2.02829e-02
-1.40997e-02
-9.36303e-03
-5.92359e-03
-3.54772e-03
-2.03487e-03
-1.10098e-03
-6.13192e-04
-5.06059e-04
-6.37677e-04
-8.86566e-04
-1.21598e-03
-1.43702e-03
-1.31473e-03
-6.92914e-04
5.76589e-04
2.56356e-03
5.32179e-03
8.93076e-03
1.33969e-02
1.86976e-02
2.48896e-02
3.17796e-02
3.92868e-02
4.71661e-02
5.50324e-02
6.25364e-02
6.94727e-02
7.55345e-02
8.03233e-02
8.37986e-02
8.58268e-02
8.64870e-02
8.57487e-02
8.36309e-02
8.00501e-02
7.48871e-02
6.81932e-02
5.99733e-02
5.03441e-02
3.96842e-02
2.83793e-02
1.68812e-02
5.70202e-03
-4.95183e-03
-1.49337e-02
-2.40978e-02
-3.22848e-02
-3.92563e-02
-4.47946e-02
-4.88136e-02
-5.13773e-02
-5.27400e-02
-5.32210e-02
-5.29273e-02
-5.18739e-02
-4.99618e-02
-4.72740e-02
-4.37093e-02
-3.92344e-02
-3.38803e-02
-2.76790e-02
-2.08160e-02
-1.34347e-02
-5.79486e-03
1.98699e-03
9.66786e-03
1.68632e-02
2.32436e-02
2.88015e-02
3.34320e-02
3.72211e-02
4.02377e-02
4.24444e-02
4.38909e-02
4.45148e-02
4.42923e-02
4.32640e-02
4.14387e-02
3.88803e-02
3.56275e-02
3.17713e-02
2.73618e-02
2.26046e-02
1.76446e-02
1.25786e-02
7.67137e-03
2.97573e-03
-1.49461e-03
-5.82508e-03
-1.01268e-02
-1.44745e-02
-1.89066e-02
-2.33311e-02
-2.77610e-02
-3.22081e-02
-3.67684e-02
-4.13666e-02
-4.59293e-02
-5.03032e-02
-5.43862e-02
-5.81417e-02
-6.15044e-02
-6.43678e-02
-6.66876e-02
-6.84672e-02
-6.96094e-02
-7.00659e-02
-6.96019e-02
-6.84829e-02
-6.66829e-02
-6.42148e-02
-6.10163e-02
-5.69898e-02
-5.20891e-02
-4.62507e-02
-3.95107e-02
-3.20075e-02
-2.38230e-02
-1.51029e-02
-6.14627e-03
2.85275e-03
1.18015e-02
2.06372e-02
2.92993e-02
3.77007e-02
4.57196e-02
5.32370e-02
6.01300e-02
6.62668e-02
7.15629e-02
7.59814e-02
7.95505e-02
8.24152e-02
8.47307e-02
8.64994e-02
8.76933e-02
8.83486e-02
8.84551e-02
8.79153e-02
8.66455e-02
8.46265e-02
8.19302e-02
7.85146e-02
7.42442e-02
6.91053e-02
6.30967e-02
5.63145e-02
4.88885e-02
4.09746e-02
3.27442e-02
2.43204e-02
1.59494e-02
7.71705e-03
-3.26017e-04
-8.08755e-03
-1.54947e-02
-2.23291e-02
-2.84201e-02
-3.37111e-02
-3.80764e-02
-4.13952e-02
-4.37439e-02
-4.53288e-02
-4.64682e-02
-4.71563e-02
-4.75705e-02
-4.76997e-02
-4.75469e-02
-4.71688e-02
-4.65834e-02
-4.58417e-02
-4.49669e-02
-4.39828e-02
-4.28784e-02
-4.17306e-02
-4.05822e-02
-3.93684e-02
-3.80612e-02
-3.67662e-02
-3.54800e-02
-3.41540e-02
-3.27611e-02
-3.13242e-02
-2.98252e-02
-2.82958e-02
-2.67061e-02
-2.50415e-02
-2.33044e-02
-2.14188e-02
-1.94697e-02
-1.73828e-02
-1.51258e-02
-1.26531e-02
-9.86078e-03
-6.75197e-03
-3.40639e-03
1.64531e-04
3.86476e-03
7.61119e-03
1.13142e-02
1.49123e-02
1.82626e-02
2.12211e-02
2.35994e-02
2.53655e-02
2.65234e-02
2.70499e-02
2.68947e-02
2.61234e-02
2.48006e-02
2.29342e-02
2.06439e-02
1.80834e-02
1.53922e-02
1.26822e-02
1.00508e-02
7.61840e-03
5.46399e-03
3.73777e-03
2.52828e-03
1.86326e-03
1.75529e-03
2.13146e-03
2.97139e-03
4.18065e-03
5.79241e-03
7.75693e-03
1.00281e-02
1.25221e-02
1.51921e-02
1.80018e-02
2.08228e-02
2.35186e-02
2.59243e-02
2.79187e-02
2.93866e-02
3.03214e-02
3.07239e-02
3.05179e-02
2.97678e-02
2.83963e-02
2.64527e-02
2.40395e-02
2.11938e-02
1.80164e-02
1.46705e-02
1.12509e-02
7.86467e-03
4.59485e-03
1.58192e-03
-9.45873e-04
-2.96444e-03
-4.50584e-03
-5.57232e-03
-6.28340e-03
-6.67280e-03
-6.81331e-03
-6.80877e-03
-6.64218e-03
-6.34616e-03
-6.01397e-03
-5.59420e-03
-5.13801e-03
-4.67382e-03
-4.25387e-03
-3.91442e-03
-3.57682e-03
-3.28490e-03
-3.08520e-03
-2.89483e-03
-2.75484e-03
-2.70495e-03
-2.72580e-03
-2.83173e-03
-2.98065e-03
-3.15678e-03
-3.31428e-03
-3.47611e-03
-3.58121e-03
-3.65110e-03
-3.66623e-03
-3.59186e-03
-3.38920e-03
-3.01677e-03
-2.43341e-03
-1.60570e-03
-5.11624e-04
8.44076e-04
2.44209e-03
4.27734e-03
6.26561e-03
8.36621e-03
1.05727e-02
1.27871e-02
1.48915e-02
1.68730e-02
1.86417e-02
2.00826e-02
2.10981e-02
2.16749e-02
2.18204e-02
2.15095e-02
2.07218e-02
1.94467e-02
1.77417e-02
1.56227e-02
1.31888e-02
1.04829e-02
7.63390e-03
4.72770e-03
1.90189e-03
-8.42027e-04
-3.39010e-03
-5.67324e-03
-7.64748e-03
-9.20388e-03
-1.04051e-02
-1.12471e-02
-1.17311e-02
-1.19218e-02
-1.18820e-02
-1.15161e-02
-1.08502e-02
-9.91861e-03
-8.77705e-03
-7.44854e-03
-5.96964e-03
-4.32423e-03
-2.51612e-03
-5.95650e-04
1.37328e-03
3.37601e-03
5.37566e-03
7.24280e-03
8.96204e-03
1.04698e-02
1.16768e-02
1.25891e-02
1.32209e-02
1.34733e-02
1.33079e-02
1.27132e-02
1.16570e-02
1.01320e-02
8.17831e-03
5.88602e-03
3.25336e-03
3.19000e-04
-2.82784e-03
-6.07041e-03
-9.35876e-03
-1.25691e-02
-1.56828e-02
-1.86077e-02
-2.13007e-02
-2.37182e-02
-2.57639e-02
-2.73970e-02
-2.86374e-02
-2.95962e-02
-3.02328e-02
-3.05493e-02
-3.04630e-02
-2.99538e-02
-2.90550e-02
-2.77632e-02
-2.60566e-02
-2.40006e-02
-2.15788e-02
-1.88975e-02
-1.61089e-02
-1.32009e-02
-1.02774e-02
-7.51890e-03
-4.94877e-03
-2.63100e-03
-6.01953e-04
1.07957e-03
2.42824e-03
3.42419e-03
4.04820e-03
4.22832e-03
3.94381e-03
3.28449e-03
2.30196e-03
9.58636e-04
-6.72762e-04
-2.48309e-03
-4.44353e-03
-6.49561e-03
-8.47720e-03
-1.03078e-02
-1.19408e-02
-1.33680e-02
-1.45291e-02
-1.54275e-02
-1.60146e-02
-1.62696e-02
-1.61633e-02
-1.56261e-02
-1.45742e-02
-1.30000e-02
-1.09872e-02
-8.56399e-03
-5.78513e-03
-2.71574e-03
5.62106e-04
3.96222e-03
7.39618e-03
1.07626e-02
1.38738e-02
1.66469e-02
1.89976e-02
2.08712e-02
2.23084e-02
2.33158e-02
2.38837e-02
2.40832e-02
2.39173e-02
2.34661e-02
2.27576e-02
2.18830e-02
2.08499e-02
1.96763e-02
1.84207e-02
1.71672e-02
1.59378e-02
1.46987e-02
1.34897e-02
1.23675e-02
1.13266e-02
1.04239e-02
9.66087e-03
9.08188e-03
8.59221e-03
8.18642e-03
7.87134e-03
7.65474e-03
7.53527e-03
7.55422e-03
7.62098e-03
7.75903e-03
7.96975e-03
8.20508e-03
8.51084e-03
8.82668e-03
9.19763e-03
9.61919e-03
1.00479e-02
1.04673e-02
1.09772e-02
1.15668e-02
1.21851e-02
1.27797e-02
1.33679e-02
1.39432e-02
1.44393e-02
1.48606e-02
1.52101e-02
1.54151e-02
1.54595e-02
1.53436e-02
1.50222e-02
1.44938e-02
1.36420e-02
1.24956e-02
1.10297e-02
9.17047e-03
6.91748e-03
4.24881e-03
1.17993e-03
-2.22125e-03
-5.86575e-03
-9.72340e-03
-1.36894e-02
-1.77490e-02
-2.17864e-02
-2.56532e-02
-2.93001e-02
-3.26300e-02
-3.55961e-02
-3.81739e-02
-4.03922e-02
-4.22892e-02
-4.38744e-02
-4.50810e-02
-4.58884e-02
-4.63164e-02
-4.62857e-02
-4.59071e-02
-4.51440e-02
-4.39831e-02
-4.24532e-02
-4.05434e-02
-3.82945e-02
-3.57651e-02
-3.29267e-02
-2.98385e-02
-2.64633e-02
-2.28433e-02
-1.90916e-02
-1.52768e-02
-1.14231e-02
-7.65856e-03
-4.06470e-03
-6.69048e-04
2.38499e-03
5.15142e-03
7.63559e-03
9.71646e-03
1.13575e-02
1.26372e-02
1.35991e-02
1.41777e-02
1.43801e-02
1.41962e-02
1.36470e-02
1.27043e-02
1.13885e-02
9.78302e-03
7.99640e-03
6.06325e-03
4.02639e-03
1.95075e-03
-1.24266e-04
-2.15162e-03
-4.07316e-03
-5.81617e-03
-7.35939e-03
-8.62513e-03
-9.61648e-03
-1.03622e-02
-1.08594e-02
-1.10845e-02
-1.09840e-02
-1.05713e-02
-9.83787e-03
-8.78762e-03
-7.47532e-03
-5.90576e-03
-4.01993e-03
-1.80990e-03
6.37544e-04
3.24940e-03
5.93309e-03
8.71800e-03
1.15892e-02
1.43877e-02
1.71102e-02
1.96139e-02
2.18094e-02
2.36801e-02
2.51739e-02
2.63175e-02
2.71094e-02
2.75594e-02
2.76278e-02
2.73057e-02
2.66280e-02
2.55801e-02
2.42007e-02
2.25784e-02
2.07602e-02
1.87398e-02
1.65347e-02
1.42206e-02
1.18899e-02
9.60681e-03
7.42608e-03
5.32883e-03
3.24084e-03
1.17788e-03
-8.90233e-04
-3.02337e-03
-5.25603e-03
-7.47393e-03
-9.69484e-03
-1.19424e-02
-1.42008e-02
-1.64802e-02
-1.87396e-02
-2.09779e-02
-2.31386e-02
-2.52290e-02
-2.72684e-02
-2.92231e-02
-3.11325e-02
-3.30150e-02
-3.47564e-02
-3.63606e-02
-3.77969e-02
-3.90040e-02
-3.99179e-02
-4.05244e-02
-4.08670e-02
-4.08812e-02
-4.05939e-02
-3.99545e-02
-3.88731e-02
-3.73608e-02
-3.54701e-02
-3.31151e-02
-3.02540e-02
-2.69306e-02
-2.31543e-02
-1.89695e-02
-1.43463e-02
-9.43050e-03
-4.29022e-03
9.63490e-04
6.30768e-03
1.15717e-02
1.68225e-02
2.19097e-02
2.67465e-02
3.12767e-02
3.54684e-02
3.91153e-02
4.22763e-02
4.51587e-02
4.76477e-02
4.98128e-02
5.17029e-02
5.32617e-02
5.45309e-02
5.55856e-02
5.64755e-02
5.72210e-02
5.78283e-02
5.82795e-02
5.86032e-02
5.87213e-02
5.86302e-02
5.83178e-02
5.77485e-02
5.69640e-02
5.59766e-02
5.47896e-02
5.33642e-02
5.17417e-02
4.99407e-02
4.79776e-02
4.58824e-02
4.36398e-02
4.12594e-02
3.88132e-02
3.62507e-02
3.35247e-02
3.06593e-02
2.76422e-02
2.45168e-02
2.13031e-02
1.80156e-02
1.46310e-02
1.11922e-02
7.77718e-03
4.48312e-03
1.31926e-03
-1.75242e-03
-4.65855e-03
-7.38502e-03
-9.94566e-03
-1.23329e-02
-1.45069e-02
-1.65040e-02
-1.83135e-02
-1.99332e-02
-2.13824e-02
-2.27148e-02
-2.40052e-02
-2.52617e-02
-2.64329e-02
-2.75341e-02
-2.86201e-02
-2.97486e-02
-3.08913e-02
-3.19724e-02
-3.31014e-02
-3.42601e-02
-3.53316e-02
-3.62964e-02
-3.72543e-02
-3.81240e-02
-3.88607e-02
-3.94025e-02
-3.97215e-02
-3.98527e-02
-3.98126e-02
-3.96061e-02
-3.91940e-02
-3.85672e-02
-3.76401e-02
-3.64379e-02
-3.49601e-02
-3.31745e-02
-3.11218e-02
-2.88022e-02
-2.62525e-02
-2.35509e-02
-2.07294e-02
-1.78365e-02
-1.48911e-02
-1.19930e-02
-9.20668e-03
-6.58393e-03
-4.10901e-03
-1.83856e-03
1.82173e-04
1.98412e-03
3.57177e-03
5.00694e-03
6.25683e-03
7.28078e-03
8.12397e-03
8.79322e-03
9.33295e-03
9.79023e-03
1.01704e-02
1.04653e-02
1.07063e-02
1.09289e-02
1.10979e-02
1.11701e-02
1.11863e-02
1.11976e-02
1.11158e-02
1.08997e-02
1.05166e-02
9.95836e-03
9.29273e-03
8.44594e-03
7.35831e-03
6.03535e-03
4.53615e-03
2.90630e-03
1.09506e-03
-8.24412e-04
-2.86107e-03
-5.05397e-03
-7.41538e-03
-9.88237e-03
-1.24768e-02
-1.51113e-02
-1.77863e-02
-2.05272e-02
-2.33197e-02
-2.60950e-02
-2.88793e-02
-3.15884e-02
-3.42313e-02
-3.66760e-02
-3.88471e-02
-4.07531e-02
-4.23428e-02
-4.35903e-02
-4.45561e-02
-4.51778e-02
-4.53935e-02
-4.51855e-02
-4.45426e-02
-4.34424e-02
-4.19467e-02
-4.00274e-02
-3.76973e-02
-3.49845e-02
-3.18435e-02
-2.82937e-02
-2.43689e-02
-2.01037e-02
-1.55478e-02
-1.07460e-02
-5.71758e-03
-6.58919e-04
4.51304e-03
9.74847e-03
1.48743e-02
1.97387e-02
2.42538e-02
2.83174e-02
3.17831e-02
3.46467e-02
3.69874e-02
3.88681e-02
4.03123e-02
4.13356e-02
4.19875e-02
4.23000e-02
4.23386e-02
4.21333e-02
4.16786e-02
4.09833e-02
4.01019e-02
3.90475e-02
3.78652e-02
3.66185e-02
3.53342e-02
3.40429e-02
3.27142e-02
3.13885e-02
3.00458e-02
2.87672e-02
2.76133e-02
2.65190e-02
2.55444e-02
2.47611e-02
2.40887e-02
2.35505e-02
2.31554e-02
2.28635e-02
2.27359e-02
2.27701e-02
2.29462e-02
2.31967e-02
2.34279e-02
2.36018e-02
2.36721e-02
2.35842e-02
2.32645e-02
2.26600e-02
2.17869e-02
2.06445e-02
1.92970e-02
1.77089e-02
1.59107e-02
1.38963e-02
1.16954e-02
9.34031e-03
6.82408e-03
4.12658e-03
1.28974e-03
-1.56953e-03
-4.43091e-03
-7.27863e-03
-1.00796e-02
-1.27982e-02
-1.54673e-02
-1.81442e-02
-2.08216e-02
-2.34517e-02
-2.59186e-02
-2.82369e-02
-3.03612e-02
-3.22646e-02
-3.39845e-02
-3.54385e-02
-3.66149e-02
-3.75245e-02
-3.81223e-02
-3.83962e-02
-3.83302e-02
-3.78864e-02
-3.71089e-02
-3.60219e-02
-3.45970e-02
-3.28319e-02
-3.07519e-02
-2.83358e-02
-2.55995e-02
-2.26044e-02
-1.93684e-02
-1.59399e-02
-1.23254e-02
-8.56576e-03
-4.83217e-03
-1.23286e-03
2.23002e-03
5.45528e-03
8.51130e-03
1.13781e-02
1.41243e-02
1.67350e-02
1.91517e-02
2.13730e-02
2.33654e-02
2.51810e-02
2.68904e-02
2.84404e-02
2.97976e-02
3.10768e-02
3.23028e-02
3.34657e-02
3.45510e-02
3.56398e-02
3.66508e-02
3.76141e-02
3.86122e-02
3.96132e-02
4.05379e-02
4.14343e-02
4.22844e-02
4.30718e-02
4.37819e-02
4.43761e-02
4.48422e-02
4.51511e-02
4.52077e-02
4.49421e-02
4.42522e-02
4.31217e-02
4.15786e-02
3.95865e-02
3.70707e-02
3.40486e-02
3.05305e-02
2.65996e-02
2.23782e-02
1.79075e-02
1.32754e-02
8.61186e-03
4.01542e-03
-4.51882e-04
-4.62503e-03
-8.44425e-03
-1.20030e-02
-1.51588e-02
-1.79783e-02
-2.04333e-02
-2.25845e-02
-2.43807e-02
-2.59735e-02
-2.73501e-02
-2.84475e-02
-2.93538e-02
-3.00613e-02
-3.05646e-02
-3.09215e-02
-3.11761e-02
-3.12660e-02
-3.11996e-02
-3.10063e-02
-3.07557e-02
-3.04370e-02
-2.99920e-02
-2.94905e-02
-2.88948e-02
-2.82337e-02
-2.75608e-02
-2.68701e-02
-2.61533e-02
-2.54551e-02
-2.47179e-02
-2.39944e-02
-2.32746e-02
-2.25575e-02
-2.19161e-02
-2.13882e-02
-2.09721e-02
-2.06728e-02
-2.04638e-02
-2.02523e-02
-2.01274e-02
-2.00669e-02
-2.01031e-02
-2.02633e-02
-2.05205e-02
-2.08621e-02
-2.11970e-02
-2.14700e-02
-2.16414e-02
-2.17346e-02
-2.17039e-02
-2.14955e-02
-2.11349e-02
-2.06660e-02
-1.99894e-02
-1.90897e-02
-1.80380e-02
-1.67769e-02
-1.52705e-02
-1.35553e-02
-1.16209e-02
-9.47440e-03
-7.17693e-03
-4.80007e-03
-2.38627e-03
4.30034e-05
2.50229e-03
4.91934e-03
7.17960e-03
9.18948e-03
1.09670e-02
1.25036e-02
1.38001e-02
1.48902e-02
1.58119e-02
1.64867e-02
1.68941e-02
1.70642e-02
1.70381e-02
1.68157e-02
1.64067e-02
1.58485e-02
1.51317e-02
1.42499e-02
1.32283e-02
1.20992e-02
1.08417e-02
9.45180e-03
7.92432e-03
6.27423e-03
4.54045e-03
2.69195e-03
8.14999e-04
-1.01997e-03
-2.83608e-03
-4.56101e-03
-6.22053e-03
-7.78700e-03
-9.22001e-03
-1.05015e-02
-1.15965e-02
-1.24832e-02
-1.31683e-02
-1.36712e-02
-1.40192e-02
-1.42079e-02
-1.42326e-02
-1.41003e-02
-1.38336e-02
-1.34195e-02
-1.29166e-02
-1.23599e-02
-1.18403e-02
-1.13478e-02
-1.08526e-02
-1.03911e-02
-9.93226e-03
-9.46251e-03
-9.02311e-03
-8.57749e-03
-8.08835e-03
-7.58418e-03
-7.06362e-03
-6.57012e-03
-6.07218e-03
-5.53637e-03
-4.99735e-03
-4.45365e-03
-3.97322e-03
-3.60855e-03
-3.26951e-03
-2.99605e-03
-2.84477e-03
-2.80320e-03
-2.82512e-03
-2.93804e-03
-3.15315e-03
-3.40279e-03
-3.66488e-03
-3.92190e-03
-4.13703e-03
-4.28699e-03
-4.41551e-03
-4.50392e-03
-4.51706e-03
-4.41209e-03
-4.15925e-03
-3.80916e-03
-3.35553e-03
-2.79519e-03
-2.13038e-03
-1.38825e-03
-5.86758e-04
3.02691e-04
1.25315e-03
2.28446e-03
3.41912e-03
4.66128e-03
5.95517e-03
7.34549e-03
8.83948e-03
1.04068e-02
1.20068e-02
1.36573e-02
1.52982e-02
1.69405e-02
1.85754e-02
2.01206e-02
2.15581e-02
2.29373e-02
2.41920e-02
2.52961e-02
2.62227e-02
2.68935e-02
2.72966e-02
2.74547e-02
2.73114e-02
2.68544e-02
2.61452e-02
2.51448e-02
2.38189e-02
2.21586e-02
2.02015e-02
1.80017e-02
1.55197e-02
1.27956e-02
9.93482e-03
6.97123e-03
3.91076e-03
8.63908e-04
-2.00263e-03
-4.60976e-03
-7.01884e-03
-9.17986e-03
-1.10963e-02
-1.28230e-02
-1.43342e-02
-1.55630e-02
-1.65855e-02
-1.73755e-02
-1.79209e-02
-1.82202e-02
-1.82870e-02
-1.81022e-02
-1.76600e-02
-1.69708e-02
-1.60874e-02
-1.50209e-02
-1.37922e-02
-1.23560e-02
-1.07215e-02
-8.94877e-03
-7.01287e-03
-5.02846e-03
-3.03188e-03
-1.05133e-03
8.85307e-04
2.71766e-03
4.38491e-03
5.90126e-03
7.22911e-03
8.32904e-03
9.23889e-03
9.96228e-03
1.05109e-02
1.08316e-02
1.09863e-02
1.10324e-02
1.09402e-02
1.08011e-02
1.06108e-02
1.03556e-02
1.00285e-02
9.63454e-03
9.18678e-03
8.72026e-03
8.26807e-03
7.82947e-03
7.44629e-03
7.08783e-03
6.71615e-03
6.36302e-03
6.01624e-03
5.73411e-03
5.54843e-03
5.35033e-03
5.14511e-03
4.97280e-03
4.85527e-03
4.77414e-03
4.72630e-03
4.66871e-03
4.67069e-03
4.67852e-03
4.68377e-03
4.68743e-03
4.68823e-03
4.68365e-03
4.67099e-03
4.64597e-03
4.60475e-03
4.54246e-03
4.45535e-03
4.33976e-03
4.19433e-03
4.01943e-03
3.81953e-03
3.60287e-03
3.38437e-03
3.18470e-03
3.03622e-03
2.96212e-03
2.89702e-03
2.77752e-03
2.59229e-03
2.34055e-03
2.02411e-03
1.65612e-03
1.25554e-03
8.63022e-04
5.06883e-04
1.60851e-04
-1.61822e-04
-4.77869e-04
-6.79741e-04
-7.72078e-04
-7.12250e-04
-5.23924e-04
-2.63817e-04
6.64768e-05
4.71761e-04
9.39676e-04
1.45452e-03
1.96997e-03
2.46922e-03
3.03146e-03
3.58029e-03
4.09964e-03
4.53624e-03
4.90780e-03
5.23457e-03
5.46661e-03
5.60968e-03
5.69760e-03
5.68481e-03
5.53454e-03
5.28019e-03
4.91884e-03
4.48880e-03
3.93519e-03
3.25775e-03
2.45728e-03
1.47790e-03
3.45680e-04
-8.85235e-04
-2.22557e-03
-3.63234e-03
-5.00942e-03
-6.36622e-03
-7.65070e-03
-8.86883e-03
-9.93660e-03
-1.07698e-02
-1.13575e-02
-1.17164e-02
-1.17800e-02
-1.15158e-02
-1.09741e-02
-1.01969e-02
-9.25273e-03
-8.14158e-03
-6.82756e-03
-5.43169e-03
-3.96546e-03
-2.46526e-03
-1.05150e-03
2.55820e-04
1.46630e-03
2.58835e-03
3.55158e-03
4.37220e-03
5.06161e-03
5.58994e-03
5.98527e-03
6.23312e-03
6.30745e-03
6.21057e-03
5.97447e-03
5.61466e-03
5.13056e-03
4.58037e-03
3.90574e-03
3.11057e-03
2.23649e-03
1.33665e-03
4.23260e-04
-5.17683e-04
-1.48539e-03
-2.48758e-03
-3.58121e-03
-4.60129e-03
-5.49680e-03
-6.28044e-03
-6.93458e-03
-7.49168e-03
-7.94698e-03
-8.27140e-03
-8.47323e-03
-8.54989e-03
-8.46352e-03
-8.29807e-03
-8.04177e-03
-7.67019e-03
-7.16871e-03
-6.53379e-03
-5.77676e-03
-4.93407e-03
-4.04985e-03
-3.10440e-03
-2.10440e-03
-1.15006e-03
-3.46952e-04
3.35932e-04
8.51274e-04
1.18314e-03
1.35749e-03
1.31824e-03
1.14178e-03
7.83793e-04
2.01363e-04
-5.88329e-04
-1.56955e-03
-2.65420e-03
-3.85623e-03
-5.11705e-03
-6.40758e-03
-7.70256e-03
-8.98699e-03
-1.02639e-02
-1.14121e-02
-1.24193e-02
-1.33196e-02
-1.41353e-02
-1.48222e-02
-1.53297e-02
-1.56970e-02
-1.58947e-02
-1.59151e-02
-1.57521e-02
-1.53384e-02
-1.46777e-02
-1.38181e-02
-1.27652e-02
-1.15220e-02
-1.00453e-02
-8.37937e-03
-6.54206e-03
-4.56183e-03
-2.47083e-03
-2.93628e-04
1.90876e-03
4.14393e-03
6.29437e-03
8.34040e-03
1.02364e-02
1.19661e-02
1.34560e-02
1.47136e-02
1.57636e-02
1.65774e-02
1.71472e-02
1.74783e-02
1.75833e-02
1.74609e-02
1.71659e-02
1.66596e-02
1.60020e-02
1.52679e-02
1.44146e-02
1.34521e-02
1.23490e-02
1.11691e-02
9.99253e-03
8.78329e-03
7.56232e-03
6.36936e-03
5.16733e-03
4.01089e-03
2.94559e-03
1.97054e-03
1.12188e-03
3.88014e-04
-1.94194e-04
-6.00404e-04
-8.70768e-04
-1.01869e-03
-1.02212e-03
-8.42642e-04
-5.91404e-04
-2.67907e-04
1.34422e-04
6.16691e-04
1.15477e-03
1.74172e-03
2.39477e-03
3.02047e-03
3.70154e-03
4.40590e-03
5.13695e-03
5.90750e-03
6.65546e-03
7.37787e-03
8.03868e-03
8.55799e-03
9.00071e-03
9.34881e-03
9.52988e-03
9.52328e-03
9.26142e-03
8.75326e-03
8.01886e-03
7.02957e-03
5.79817e-03
4.42232e-03
2.90459e-03
1.32808e-03
-2.40290e-04
-1.74140e-03
-3.17988e-03
-4.55748e-03
-5.81143e-03
-6.99999e-03
-8.08054e-03
-9.06277e-03
-9.97493e-03
-1.07756e-02
-1.15019e-02
-1.21100e-02
-1.25867e-02
-1.29606e-02
-1.31735e-02
-1.32969e-02
-1.32713e-02
-1.30496e-02
-1.27219e-02
-1.22849e-02
-1.17291e-02
-1.10608e-02
-1.03070e-02
-9.50090e-03
-8.60522e-03
-7.61168e-03
-6.57697e-03
-5.49764e-03
-4.38711e-03
-3.33710e-03
-2.30721e-03
-1.26566e-03
-2.91060e-04
6.57100e-04
1.54841e-03
2.35724e-03
3.04957e-03
3.59535e-03
4.05672e-03
4.43248e-03
4.74071e-03
5.01826e-03
5.28378e-03
5.50796e-03
5.75510e-03
6.07776e-03
6.39928e-03
6.76139e-03
7.14657e-03
7.53199e-03
7.94376e-03
8.35374e-03
8.71143e-03
8.96822e-03
9.16388e-03
9.34843e-03
9.50294e-03
9.58710e-03
9.57484e-03
9.48605e-03
9.32297e-03
9.14000e-03
8.85661e-03
8.46324e-03
8.05099e-03
7.64368e-03
7.19250e-03
6.70658e-03
6.15408e-03
5.56832e-03
4.98205e-03
4.37509e-03
3.78368e-03
3.18190e-03
2.56048e-03
1.97052e-03
1.38573e-03
7.84757e-04
2.15726e-04
-3.15029e-04
-8.44680e-04
-1.39957e-03
-1.94380e-03
-2.46729e-03
-2.91862e-03
-3.31834e-03
-3.69451e-03
-4.00336e-03
-4.26331e-03
-4.51592e-03
-4.73144e-03
-4.87438e-03
-5.00727e-03
-5.16507e-03
-5.29059e-03
-5.41115e-03
-5.52362e-03
-5.60085e-03
-5.64657e-03
-5.70951e-03
-5.72861e-03
-5.76327e-03
-5.83246e-03
-5.93944e-03
-6.09968e-03
-6.29659e-03
-6.45767e-03
-6.63171e-03
-6.84294e-03
-7.15947e-03
-7.50663e-03
-7.86850e-03
-8.30921e-03
-8.81942e-03
-9.38527e-03
-1.00323e-02
-1.07465e-02
-1.15662e-02
-1.24485e-02
-1.33300e-02
-1.42170e-02
-1.50764e-02
-1.58356e-02
-1.65372e-02
-1.71111e-02
-1.76067e-02
-1.80213e-02
-1.82995e-02
-1.84979e-02
-1.85579e-02
-1.84264e-02
-1.81908e-02
-1.78291e-02
-1.73395e-02
-1.67856e-02
-1.61140e-02
-1.53325e-02
-1.44857e-02
-1.36286e-02
-1.27692e-02
-1.19088e-02
-1.11333e-02
-1.04534e-02
-9.81397e-03
-9.19417e-03
-8.61683e-03
-8.15661e-03
-7.82436e-03
-7.61019e-03
-7.51466e-03
-7.49219e-03
-7.49538e-03
-7.51794e-03
-7.52473e-03
-7.56034e-03
-7.57551e-03
-7.55056e-03
-7.47149e-03
-7.31963e-03
-7.07577e-03
-6.72084e-03
-6.23924e-03
-5.62235e-03
-4.87268e-03
-4.01182e-03
-3.06731e-03
-1.99173e-03
-7.46276e-04
6.20567e-04
2.09458e-03
3.64976e-03
5.17352e-03
6.67163e-03
8.16323e-03
9.57991e-03
1.09327e-02
1.22161e-02
1.33680e-02
1.43757e-02
1.52523e-02
1.60311e-02
1.66555e-02
1.70942e-02
1.73807e-02
1.75227e-02
1.75294e-02
1.74222e-02
1.72408e-02
1.69870e-02
1.67375e-02
1.65228e-02
1.63774e-02
1.63321e-02
1.63255e-02
1.62785e-02
1.61800e-02
1.60282e-02
1.58256e-02
1.55788e-02
1.53065e-02
1.50192e-02
1.46792e-02
1.42985e-02
1.39109e-02
1.35412e-02
1.31454e-02
1.27535e-02
1.23940e-02
1.20308e-02
1.16819e-02
1.13230e-02
1.09929e-02
1.07067e-02
1.03318e-02
9.85809e-03
9.30274e-03
8.69787e-03
8.08158e-03
7.43368e-03
6.71489e-03
5.97867e-03
5.27448e-03
4.53433e-03
3.82400e-03
3.20646e-03
2.61337e-03
2.09945e-03
1.68253e-03
1.34056e-03
1.04993e-03
8.71338e-04
8.54637e-04
8.92561e-04
9.25231e-04
1.02319e-03
1.12533e-03
1.21693e-03
1.28553e-03
1.31745e-03
1.28944e-03
1.18146e-03
9.59949e-04
6.18838e-04
2.26694e-04
-1.85223e-04
-6.11330e-04
-1.10532e-03
-1.66037e-03
-2.23564e-03
-2.79853e-03
-3.34138e-03
-3.84128e-03
-4.40376e-03
-5.00648e-03
-5.59760e-03
-6.19004e-03
-6.80589e-03
-7.40146e-03
-7.99756e-03
-8.59387e-03
-9.13601e-03
-9.62176e-03
-9.98061e-03
-1.02347e-02
-1.04675e-02
-1.06526e-02
-1.07247e-02
-1.06584e-02
-1.05368e-02
-1.03051e-02
-9.99261e-03
-9.60488e-03
-9.14371e-03
-8.63179e-03
-8.08289e-03
-7.49278e-03
-6.94227e-03
-6.35432e-03
-5.77461e-03
-5.24448e-03
-4.69447e-03
-4.14852e-03
-3.59332e-03
-3.06931e-03
-2.55655e-03
-2.02949e-03
-1.45057e-03
-8.67828e-04
-3.35934e-04
1.58411e-04
6.36372e-04
1.12415e-03
1.58955e-03
2.06961e-03
2.59194e-03
3.11393e-03
3.58724e-03
4.04707e-03
4.53293e-03
5.01532e-03
5.52150e-03
6.10284e-03
6.72689e-03
7.35690e-03
8.01342e-03
8.65102e-03
9.26977e-03
9.90510e-03
1.05875e-02
1.12696e-02
1.19575e-02
1.26650e-02
1.33384e-02
1.39850e-02
1.45869e-02
1.50862e-02
1.55646e-02
1.59545e-02
1.61996e-02
1.63491e-02
1.63908e-02
1.63998e-02
1.63147e-02
1.61506e-02
1.58956e-02
1.55267e-02
1.50342e-02
1.44100e-02
1.36679e-02
1.28291e-02
1.19559e-02
1.10893e-02
1.01807e-02
9.26017e-03
8.28587e-03
7.29012e-03
6.21270e-03
5.09103e-03
3.89229e-03
2.67496e-03
1.42539e-03
2.32550e-04
-9.46163e-04
-2.15414e-03
-3.38689e-03
-4.69285e-03
-6.03980e-03
-7.33502e-03
-8.66343e-03
-9.98350e-03
-1.12503e-02
-1.24878e-02
-1.37425e-02
-1.49606e-02
-1.61018e-02
-1.71740e-02
-1.81340e-02
-1.89325e-02
-1.95956e-02
-2.01622e-02
-2.06340e-02
-2.10064e-02
-2.12768e-02
-2.14489e-02
-2.14728e-02
-2.13728e-02
-2.11775e-02
-2.08571e-02
-2.04077e-02
-1.98925e-02
-1.92516e-02
-1.84911e-02
-1.76446e-02
-1.67645e-02
-1.58423e-02
-1.48794e-02
-1.39249e-02
-1.29478e-02
-1.19987e-02
-1.10317e-02
-1.01091e-02
-9.19099e-03
-8.27376e-03
-7.38365e-03
-6.53228e-03
-5.71872e-03
-4.87071e-03
-3.98596e-03
-3.11693e-03
-2.22950e-03
-1.37279e-03
-5.18373e-04
2.83526e-04
1.08489e-03
1.83790e-03
2.58244e-03
3.26757e-03
3.94941e-03
4.54534e-03
4.98636e-03
5.32367e-03
5.52363e-03
5.64806e-03
5.67750e-03
5.65968e-03
5.65076e-03
5.65091e-03
5.66102e-03
5.67848e-03
5.70718e-03
5.74519e-03
5.80109e-03
5.85962e-03
5.86671e-03
5.86480e-03
5.86574e-03
5.87190e-03
5.89228e-03
5.93379e-03
6.00818e-03
6.12405e-03
6.29342e-03
6.52209e-03
6.81691e-03
7.17318e-03
7.58447e-03
8.02231e-03
8.47246e-03
8.97445e-03
9.52264e-03
1.01592e-02
1.08596e-02
1.15574e-02
1.22017e-02
1.28547e-02
1.34493e-02
1.39141e-02
1.42940e-02
1.45280e-02
1.46283e-02
1.46111e-02
1.44425e-02
1.41255e-02
1.36549e-02
1.30753e-02
1.23317e-02
1.15145e-02
1.06707e-02
9.78555e-03
8.92031e-03
8.09722e-03
7.31607e-03
6.57570e-03
5.89685e-03
5.27551e-03
4.71571e-03
4.20472e-03
3.65056e-03
3.08371e-03
2.49670e-03
1.85662e-03
1.22733e-03
6.62005e-04
1.04079e-04
-4.03189e-04
-8.77859e-04
-1.34983e-03
-1.75600e-03
-2.04867e-03
-2.29933e-03
-2.48923e-03
-2.65727e-03
-2.77396e-03
-2.81540e-03
-2.80329e-03
-2.74389e-03
-2.68844e-03
-2.57567e-03
-2.47794e-03
-2.39983e-03
-2.28073e-03
-2.20478e-03
-2.19272e-03
-2.18025e-03
-2.16353e-03
-2.14782e-03
-2.13938e-03
-2.14502e-03
-2.17382e-03
-2.23429e-03
-2.33639e-03
-2.48741e-03
-2.69427e-03
-2.95793e-03
-3.27600e-03
-3.63509e-03
-4.01579e-03
-4.37862e-03
-4.69494e-03
-4.99499e-03
-5.26195e-03
-5.53846e-03
-5.79737e-03
-6.00925e-03
-6.18976e-03
-6.32384e-03
-6.46213e-03
-6.59231e-03
-6.69061e-03
-6.72249e-03
-6.67122e-03
-6.59479e-03
-6.49692e-03
-6.37361e-03
-6.22627e-03
-6.05943e-03
-5.88320e-03
-5.71376e-03
-5.57337e-03
-5.49535e-03
-5.49984e-03
-5.53101e-03
-5.59329e-03
-5.69689e-03
-5.85337e-03
-6.06756e-03
-6.34553e-03
-6.68008e-03
-7.06446e-03
-7.46611e-03
-7.87535e-03
-8.30906e-03
-8.68130e-03
-9.05071e-03
-9.33278e-03
-9.50622e-03
-9.51984e-03
-9.40339e-03
-9.20453e-03
-8.90610e-03
-8.48540e-03
-7.92762e-03
-7.22717e-03
-6.39371e-03
-5.45911e-03
-4.46582e-03
-3.38425e-03
-2.19790e-03
-9.78460e-04
2.31762e-04
1.39955e-03
2.49667e-03
3.54198e-03
4.51561e-03
5.44996e-03
6.31635e-03
7.08717e-03
7.80016e-03
8.38024e-03
8.86184e-03
9.25307e-03
9.54403e-03
9.76263e-03
9.93695e-03
1.00394e-02
1.00831e-02
1.00553e-02
1.00160e-02
9.96826e-03
9.91221e-03
9.84732e-03
9.78214e-03
9.72086e-03
9.68343e-03
9.66124e-03
9.59577e-03
9.56211e-03
9.57906e-03
9.56378e-03
9.52849e-03
9.52621e-03
9.43649e-03
9.28249e-03
9.06704e-03
8.78542e-03
8.43059e-03
7.93279e-03
7.29985e-03
6.59531e-03
5.81088e-03
4.96741e-03
4.05050e-03
3.10213e-03
2.12172e-03
1.10480e-03
6.93736e-05
-9.17717e-04
-1.86553e-03
-2.70106e-03
-3.44081e-03
-4.01699e-03
-4.54087e-03
-5.02809e-03
-5.48458e-03
-5.84787e-03
-6.14789e-03
-6.47897e-03
-6.82089e-03
-7.12042e-03
-7.33670e-03
-7.49383e-03
-7.55974e-03
-7.57413e-03
-7.58502e-03
-7.51947e-03
-7.43121e-03
-7.33041e-03
-7.21919e-03
-7.11011e-03
-6.99629e-03
-6.81323e-03
-6.64378e-03
-6.50436e-03
-6.33296e-03
-6.12534e-03
-5.89633e-03
-5.65984e-03
-5.44699e-03
-5.27541e-03
-5.12114e-03
-4.98412e-03
-4.80143e-03
-4.56661e-03
-4.29124e-03
-3.98921e-03
-3.69067e-03
-3.41408e-03
-3.10988e-03
-2.79721e-03
-2.49906e-03
-2.18744e-03
-1.88770e-03
-1.64080e-03
-1.50148e-03
-1.51825e-03
-1.64673e-03
-1.82184e-03
-2.04005e-03
-2.30078e-03
-2.59357e-03
-2.90263e-03
-3.19454e-03
-3.45232e-03
-3.70199e-03
-3.84282e-03
-3.89419e-03
-3.81195e-03
-3.56217e-03
-3.18092e-03
-2.67203e-03
-2.09276e-03
-1.48129e-03
-8.66366e-04
-2.44743e-04
3.42966e-04
9.25955e-04
1.53659e-03
2.12943e-03
2.71310e-03
3.30619e-03
3.86133e-03
4.39432e-03
4.90171e-03
5.32162e-03
5.66865e-03
5.95814e-03
6.13813e-03
6.21318e-03
6.21933e-03
6.11676e-03
5.87753e-03
5.55303e-03
5.14414e-03
4.65536e-03
4.08599e-03
3.36815e-03
2.51192e-03
1.55273e-03
5.64374e-04
-3.84198e-04
-1.33860e-03
-2.31713e-03
-3.30109e-03
-4.20891e-03
-5.07004e-03
-5.87415e-03
-6.58266e-03
-7.17104e-03
-7.63428e-03
-8.03950e-03
-8.40435e-03
-8.67145e-03
-8.84098e-03
-8.93790e-03
-8.92914e-03
-8.87094e-03
-8.79971e-03
-8.66183e-03
-8.49888e-03
-8.32548e-03
-8.15097e-03
-7.99935e-03
-7.88338e-03
-7.76687e-03
-7.65820e-03
-7.58502e-03
-7.55687e-03
-7.51048e-03
-7.43971e-03
-7.35051e-03
-7.24826e-03
-7.14377e-03
-7.04749e-03
-6.98113e-03
-6.94202e-03
-6.87501e-03
-6.84317e-03
-6.77538e-03
-6.67590e-03
-6.61400e-03
-6.52908e-03
-6.40424e-03
-6.24301e-03
-6.02647e-03
-5.70280e-03
-5.30877e-03
-4.79609e-03
-4.16037e-03
-3.42004e-03
-2.60959e-03
-1.79117e-03
-1.03558e-03
-3.49867e-04
2.89495e-04
9.54145e-04
1.59858e-03
2.24250e-03
2.87117e-03
3.44462e-03
4.04280e-03
4.63476e-03
5.20091e-03
5.68228e-03
6.08345e-03
6.43486e-03
6.73699e-03
6.95157e-03
7.09605e-03
7.14192e-03
7.13905e-03
7.13949e-03
7.14373e-03
7.14812e-03
7.14999e-03
7.14790e-03
7.14072e-03
7.12912e-03
7.11399e-03
7.09902e-03
7.08776e-03
7.08787e-03
7.10511e-03
7.15309e-03
7.22463e-03
7.26983e-03
7.33686e-03
7.43766e-03
7.57425e-03
7.74757e-03
7.95386e-03
8.18500e-03
8.42535e-03
8.65344e-03
8.83452e-03
8.94643e-03
9.03974e-03
9.10268e-03
9.11371e-03
9.04334e-03
8.88242e-03
8.70023e-03
8.51491e-03
8.34044e-03
8.19950e-03
8.11922e-03
8.13736e-03
8.27578e-03
8.47745e-03
8.74129e-03
9.06607e-03
9.44696e-03
9.86038e-03
1.03002e-02
1.08029e-02
1.12553e-02
1.15881e-02
1.18245e-02
1.19665e-02
1.19792e-02
1.18862e-02
1.16738e-02
1.13965e-02
1.10585e-02
1.06600e-02
1.02124e-02
9.73557e-03
9.26821e-03
8.84208e-03
8.42926e-03
8.05675e-03
7.67832e-03
7.26175e-03
6.81873e-03
6.29910e-03
5.72995e-03
5.14037e-03
4.50788e-03
3.85012e-03
3.07556e-03
2.21513e-03
1.32303e-03
3.83076e-04
-5.86347e-04
-1.52339e-03
-2.48932e-03
-3.40192e-03
-4.23427e-03
-5.04792e-03
-5.84603e-03
-6.60637e-03
-7.26426e-03
-7.84118e-03
-8.28104e-03
-8.65334e-03
-8.98303e-03
-9.29339e-03
-9.55204e-03
-9.80174e-03
-1.00773e-02
-1.03568e-02
-1.05959e-02
-1.07651e-02
-1.08979e-02
-1.09906e-02
-1.10854e-02
-1.10815e-02
-1.09442e-02
-1.07242e-02
-1.04197e-02
-1.00230e-02
-9.54074e-03
-8.98542e-03
-8.39420e-03
-7.79569e-03
-7.16797e-03
-6.54083e-03
-5.90083e-03
-5.29692e-03
-4.73601e-03
-4.18650e-03
-3.62400e-03
-3.09715e-03
-2.60157e-03
-2.11804e-03
-1.69221e-03
-1.29969e-03
-9.32530e-04
-6.31800e-04
-3.58627e-04
-6.08672e-05
2.37427e-04
4.94858e-04
6.68226e-04
7.88568e-04
9.11561e-04
1.03280e-03
1.12384e-03
1.18681e-03
1.26637e-03
1.30198e-03
1.32463e-03
1.27837e-03
1.27803e-03
1.28613e-03
1.30424e-03
1.30877e-03
1.22700e-03
1.10558e-03
9.80195e-04
8.88938e-04
7.28564e-04
5.39951e-04
2.72171e-04
7.48907e-06
-2.29588e-04
-4.94696e-04
-7.77329e-04
-1.04968e-03
-1.27205e-03
-1.41043e-03
-1.51729e-03
-1.64106e-03
-1.77543e-03
-1.90520e-03
-2.00735e-03
-2.07646e-03
-2.16662e-03
-2.18298e-03
-2.10332e-03
-1.97855e-03
-1.83726e-03
-1.74866e-03
-1.68521e-03
-1.72311e-03
-1.82596e-03
-1.97816e-03
-2.11240e-03
-2.29876e-03
-2.52822e-03
-2.72138e-03
-2.92523e-03
-3.13597e-03
-3.32627e-03
-3.48510e-03
-3.67264e-03
-3.88654e-03
-4.11088e-03
-4.31886e-03
-4.49202e-03
-4.66123e-03
-4.81000e-03
-4.90277e-03
-4.91905e-03
-4.91266e-03
-4.87675e-03
-4.79781e-03
-4.65574e-03
-4.45815e-03
-4.27366e-03
-4.04040e-03
-3.75180e-03
-3.41368e-03
-3.04792e-03
-2.65786e-03
-2.20649e-03
-1.78562e-03
-1.36103e-03
-8.99014e-04
-4.36263e-04
-1.43722e-05
4.09792e-04
8.86754e-04
1.38598e-03
1.86411e-03
2.34146e-03
2.85983e-03
3.37456e-03
3.85026e-03
4.37673e-03
4.92068e-03
5.44182e-03
5.95362e-03
6.42026e-03
6.84820e-03
7.20834e-03
7.58736e-03
7.95447e-03
8.27490e-03
8.57461e-03
8.83099e-03
9.05302e-03
9.22276e-03
9.38300e-03
9.51781e-03
9.59008e-03
9.58039e-03
9.54402e-03
9.47950e-03
9.37784e-03
9.23277e-03
9.04142e-03
8.80489e-03
8.53068e-03
8.23395e-03
7.93902e-03
7.68444e-03
7.50360e-03
7.34145e-03
7.12249e-03
6.86558e-03
6.66492e-03
6.48174e-03
6.34212e-03
6.26299e-03
6.23458e-03
6.31235e-03
6.38274e-03
6.41921e-03
6.40962e-03
6.33614e-03
6.17971e-03
5.92179e-03
5.54504e-03
5.03847e-03
4.39778e-03
3.63399e-03
2.77172e-03
1.86567e-03
9.74313e-04
1.03918e-04
-7.57397e-04
-1.69381e-03
-2.65716e-03
-3.62241e-03
-4.60747e-03
-5.67023e-03
-6.74145e-03
-7.80335e-03
-8.82678e-03
-9.78207e-03
-1.07165e-02
-1.16056e-02
-1.24194e-02
-1.31506e-02
-1.38482e-02
-1.45271e-02
-1.51587e-02
-1.56608e-02
-1.60154e-02
-1.62230e-02
-1.62756e-02
-1.62079e-02
-1.60644e-02
-1.58262e-02
-1.54794e-02
-1.50867e-02
-1.46525e-02
-1.41527e-02
-1.36573e-02
-1.31673e-02
-1.27097e-02
-1.22642e-02
-1.18630e-02
-1.14696e-02
-1.10599e-02
-1.06605e-02
-1.02161e-02
-9.66300e-03
-9.01732e-03
-8.31135e-03
-7.51404e-03
-6.58563e-03
-5.55555e-03
-4.39561e-03
-3.10784e-03
-1.76648e-03
-3.93205e-04
9.79077e-04
2.28251e-03
3.45598e-03
4.50669e-03
5.47678e-03
6.40671e-03
7.26576e-03
8.02828e-03
8.73184e-03
9.30409e-03
9.77958e-03
1.01694e-02
1.04629e-02
1.06910e-02
1.08796e-02
1.10042e-02
1.10731e-02
1.10805e-02
1.10602e-02
1.09359e-02
1.07559e-02
1.05282e-02
1.02555e-02
9.95171e-03
9.63855e-03
9.35512e-03
9.13067e-03
8.93077e-03
8.77232e-03
8.62850e-03
8.52591e-03
8.48307e-03
8.44322e-03
8.41031e-03
8.39585e-03
8.42003e-03
8.47640e-03
8.50560e-03
8.56150e-03
8.56557e-03
8.50302e-03
8.45062e-03
8.40563e-03
8.29423e-03
8.19013e-03
8.08977e-03
7.93330e-03
7.77184e-03
7.55401e-03
7.36338e-03
7.22037e-03
7.06935e-03
6.89514e-03
6.65720e-03
6.40277e-03
6.09254e-03
5.72790e-03
5.33149e-03
4.91574e-03
4.42541e-03
3.87576e-03
3.30655e-03
2.76050e-03
2.20006e-03
1.61152e-03
1.02937e-03
4.19326e-04
-2.64347e-04
-9.68023e-04
-1.65029e-03
-2.37685e-03
-3.11204e-03
-3.87224e-03
-4.65373e-03
-5.38828e-03
-6.07700e-03
-6.72423e-03
-7.33026e-03
-7.89177e-03
-8.34541e-03
-8.67952e-03
-8.91342e-03
-9.15657e-03
-9.39283e-03
-9.57696e-03
-9.66807e-03
-9.69683e-03
-9.72583e-03
-9.75304e-03
-9.76774e-03
-9.75970e-03
-9.71829e-03
-9.63331e-03
-9.49611e-03
-9.30058e-03
-9.04521e-03
-8.73432e-03
-8.38122e-03
-8.00895e-03
-7.65649e-03
-7.35994e-03
-7.07273e-03
-6.75892e-03
-6.44061e-03
-6.16364e-03
-5.96105e-03
-5.80450e-03
-5.70874e-03
-5.62601e-03
-5.56758e-03
-5.56016e-03
-5.61830e-03
-5.69686e-03
-5.79517e-03
-5.91321e-03
-6.05184e-03
-6.20255e-03
-6.35953e-03
-6.50027e-03
-6.62332e-03
-6.75420e-03
-6.83522e-03
-6.88657e-03
-6.91905e-03
-6.98794e-03
-7.01075e-03
-6.96605e-03
-6.92301e-03
-6.88725e-03
-6.86683e-03
-6.84143e-03
-6.73770e-03
-6.61146e-03
-6.48382e-03
-6.33993e-03
-6.11966e-03
-5.88055e-03
-5.56025e-03
-5.15108e-03
-4.66337e-03
-4.12063e-03
-3.56133e-03
-3.03451e-03
-2.52452e-03
-2.00135e-03
-1.51392e-03
-1.12684e-03
-8.19030e-04
-5.97844e-04
-4.86950e-04
-3.72913e-04
-2.54124e-04
-1.59197e-04
-9.92381e-05
-3.49760e-05
3.21128e-05
8.40142e-05
1.24119e-04
2.34015e-04
4.23067e-04
6.01056e-04
7.60728e-04
9.48730e-04
1.09338e-03
1.24343e-03
1.39682e-03
1.53817e-03
1.64460e-03
1.70795e-03
1.80020e-03
1.91125e-03
1.95566e-03
2.00062e-03
2.10594e-03
2.21717e-03
2.32610e-03
2.49344e-03
2.71197e-03
2.92096e-03
3.15339e-03
3.40027e-03
3.63375e-03
3.83637e-03
4.06871e-03
4.30065e-03
4.42604e-03
4.48258e-03
4.54242e-03
4.57986e-03
4.50414e-03
4.35364e-03
4.13506e-03
3.91170e-03
3.69668e-03
3.44499e-03
3.16113e-03
2.86409e-03
2.58094e-03
2.34890e-03
2.21908e-03
2.23708e-03
2.35591e-03
2.50866e-03
2.69201e-03
2.90594e-03
3.14588e-03
3.39939e-03
3.65057e-03
3.86734e-03
4.03658e-03
4.19055e-03
4.23487e-03
4.21597e-03
4.20747e-03
4.21676e-03
4.24144e-03
4.28088e-03
4.33042e-03
4.38565e-03
4.43714e-03
4.47572e-03
4.48623e-03
4.45555e-03
4.36142e-03
4.20337e-03
4.02181e-03
3.77455e-03
3.52495e-03
3.29020e-03
3.03764e-03
2.75737e-03
2.40151e-03
2.04481e-03
1.64484e-03
1.22334e-03
8.03032e-04
3.41381e-04
-1.31706e-04
-5.75373e-04
-9.92162e-04
-1.33742e-03
-1.64904e-03
-1.96707e-03
-2.27473e-03
-2.59109e-03
-2.88732e-03
-3.10879e-03
-3.20957e-03
-3.22987e-03
-3.23041e-03
-3.20084e-03
-3.12704e-03
-2.99095e-03
-2.78212e-03
-2.48355e-03
-2.10826e-03
-1.71618e-03
-1.28278e-03
-8.27000e-04
-3.97913e-04
-3.92592e-05
2.84208e-04
6.21528e-04
9.36864e-04
1.19120e-03
1.40679e-03
1.64173e-03
1.86723e-03
2.07442e-03
2.28760e-03
2.43270e-03
2.60491e-03
2.81391e-03
3.03776e-03
3.26204e-03
3.44732e-03
3.58574e-03
3.69880e-03
3.72571e-03
3.77048e-03
3.78890e-03
3.81949e-03
3.80377e-03
3.80106e-03
3.83581e-03
3.89355e-03
3.91024e-03
3.92991e-03
3.88850e-03
3.84953e-03
3.82711e-03
3.83232e-03
3.87271e-03
3.96426e-03
4.11347e-03
4.33920e-03
4.62322e-03
4.89072e-03
5.18549e-03
5.50266e-03
5.80681e-03
6.07582e-03
6.32489e-03
6.54261e-03
6.77613e-03
7.01265e-03
7.21821e-03
7.35154e-03
7.37326e-03
7.34044e-03
7.28522e-03
7.14919e-03
6.96458e-03
6.73906e-03
6.45509e-03
6.06014e-03
5.61161e-03
5.12937e-03
4.57720e-03
3.98438e-03
3.38149e-03
2.74360e-03
2.10530e-03
1.43669e-03
7.28890e-04
3.12985e-05
-6.77637e-04
-1.41593e-03
-2.12301e-03
-2.78219e-03
-3.40497e-03
-4.01230e-03
-4.59209e-03
-5.07845e-03
-5.46979e-03
-5.80311e-03
-6.17622e-03
-6.55999e-03
-6.92435e-03
-7.29815e-03
-7.66541e-03
-8.02533e-03
-8.28336e-03
-8.42121e-03
-8.39234e-03
-8.23443e-03
-8.00795e-03
-7.71039e-03
-7.33974e-03
-6.89850e-03
-6.41954e-03
-5.99333e-03
-5.62740e-03
-5.36737e-03
-5.17790e-03
-5.01727e-03
-4.90199e-03
-4.78893e-03
-4.59153e-03
-4.32051e-03
-4.05376e-03
-3.74646e-03
-3.40552e-03
-3.06674e-03
-2.75116e-03
-2.41869e-03
-2.07845e-03
-1.70102e-03
-1.30764e-03
-9.41557e-04
-6.42930e-04
-3.63721e-04
-4.57672e-05
2.97546e-04
6.29553e-04
9.20833e-04
1.18393e-03
1.39781e-03
1.60613e-03
1.78111e-03
1.90208e-03
2.01463e-03
2.12313e-03
2.26202e-03
2.35879e-03
2.38661e-03
2.38167e-03
2.33481e-03
2.23091e-03
2.05650e-03
1.80187e-03
1.46140e-03
1.03877e-03
5.46066e-04
1.19273e-05
-5.22986e-04
-9.89055e-04
-1.33507e-03
-1.62905e-03
-1.82345e-03
-1.85890e-03
-1.76405e-03
-1.56314e-03
-1.22897e-03
-7.42283e-04
-2.05665e-04
2.91795e-04
8.41068e-04
1.35200e-03
1.83461e-03
2.23979e-03
2.57984e-03
2.87149e-03
3.10412e-03
3.35714e-03
3.56830e-03
3.73784e-03
3.85235e-03
3.94893e-03
4.03503e-03
4.15453e-03
4.23635e-03
4.33103e-03
4.43857e-03
4.54874e-03
4.64350e-03
4.72230e-03
4.82468e-03
4.88475e-03
4.88368e-03
4.86867e-03
4.84214e-03
4.80251e-03
4.74857e-03
4.68228e-03
4.60518e-03
4.52368e-03
4.44299e-03
4.37756e-03
4.32372e-03
4.23710e-03
4.17881e-03
4.16245e-03
4.13617e-03
4.09348e-03
4.03316e-03
3.95626e-03
3.86228e-03
3.75978e-03
3.63408e-03
3.41316e-03
3.16932e-03
2.90680e-03
2.56904e-03
2.24691e-03
1.97852e-03
1.70312e-03
1.34773e-03
9.12884e-04
4.16127e-04
-1.09728e-04
-6.27475e-04
-1.16123e-03
-1.75594e-03
-2.37105e-03
-2.95640e-03
-3.53582e-03
-4.11282e-03
-4.63390e-03
-5.12104e-03
-5.59665e-03
-6.01179e-03
-6.37150e-03
-6.70072e-03
-6.96204e-03
-7.19556e-03
-7.43094e-03
-7.64336e-03
-7.78469e-03
-7.82497e-03
-7.79849e-03
-7.70309e-03
-7.60855e-03
-7.51182e-03
-7.33890e-03
-7.16850e-03
-7.00260e-03
-6.79487e-03
-6.60790e-03
-6.41721e-03
-6.30413e-03
-6.24185e-03
-6.23205e-03
-6.21368e-03
-6.18098e-03
-6.13924e-03
-6.09329e-03
-6.05100e-03
-6.02060e-03
-6.01676e-03
-6.03708e-03
-6.03428e-03
-6.06669e-03
-6.13748e-03
-6.19654e-03
-6.29822e-03
-6.43913e-03
-6.56137e-03
-6.70473e-03
-6.86800e-03
-7.03823e-03
-7.19684e-03
-7.32017e-03
-7.37401e-03
-7.33723e-03
-7.27000e-03
-7.14936e-03
-6.88273e-03
-6.53341e-03
-6.20898e-03
-5.93776e-03
-5.67905e-03
-5.43698e-03
-5.15496e-03
-4.83823e-03
-4.51358e-03
-4.20135e-03
-3.87680e-03
-3.55133e-03
-3.16938e-03
-2.75207e-03
-2.31127e-03
-1.82016e-03
-1.38259e-03
-9.77326e-04
-5.89662e-04
-2.51351e-04
6.31697e-05
3.29327e-04
5.83498e-04
8.01031e-04
1.03092e-03
1.32022e-03
1.59411e-03
1.88547e-03
2.19938e-03
2.57917e-03
2.91694e-03
3.17537e-03
3.45394e-03
3.74280e-03
4.00890e-03
4.21150e-03
4.29794e-03
4.22129e-03
4.03119e-03
3.79731e-03
3.53172e-03
3.24284e-03
2.95237e-03
2.68665e-03
2.49130e-03
2.39702e-03
2.37206e-03
2.42357e-03
2.49309e-03
2.57644e-03
2.67775e-03
2.79851e-03
2.93770e-03
3.09286e-03
3.25563e-03
3.41692e-03
3.55414e-03
3.66717e-03
3.80365e-03
3.89127e-03
3.98160e-03
4.07112e-03
4.14907e-03
4.18952e-03
4.19534e-03
4.21336e-03
4.18099e-03
4.15384e-03
4.15140e-03
4.15559e-03
4.09234e-03
4.02617e-03
3.95208e-03
3.79557e-03
3.62925e-03
3.45443e-03
3.21519e-03
2.97854e-03
2.68689e-03
2.36225e-03
2.10882e-03
1.88596e-03
1.63038e-03
1.35510e-03
1.08608e-03
8.63974e-04
7.21083e-04
6.46096e-04
6.54691e-04
6.95934e-04
7.74226e-04
9.07424e-04
1.08824e-03
1.24267e-03
1.43782e-03
1.65583e-03
1.81276e-03
1.94063e-03
2.04978e-03
2.18370e-03
2.27222e-03
2.36368e-03
2.45716e-03
2.53750e-03
2.58372e-03
2.58562e-03
2.58978e-03
2.59850e-03
2.60796e-03
2.61320e-03
2.61034e-03
2.59290e-03
2.55693e-03
2.49562e-03
2.40691e-03
2.28589e-03
2.13620e-03
1.95762e-03
1.76690e-03
1.55814e-03
1.30182e-03
1.04688e-03
7.88813e-04
5.77499e-04
3.29606e-04
1.15164e-04
-1.03838e-04
-3.13977e-04
-4.79410e-04
-5.76436e-04
-6.56175e-04
-7.01985e-04
-7.03442e-04
-7.04535e-04
-7.09004e-04
-7.10503e-04
-7.06231e-04
-6.89872e-04
-6.57930e-04
-6.04111e-04
-5.25840e-04
-4.18728e-04
-2.83943e-04
-1.22109e-04
5.75799e-05
2.45729e-04
4.18143e-04
5.65048e-04
7.20128e-04
8.97119e-04
1.15632e-03
1.41350e-03
1.64861e-03
1.89958e-03
2.07135e-03
2.21568e-03
2.38218e-03
2.49165e-03
2.58647e-03
2.65471e-03
2.68545e-03
2.72548e-03
2.77732e-03
2.83536e-03
2.89339e-03
2.94186e-03
2.97061e-03
2.96173e-03
2.91948e-03
2.90944e-03
2.85454e-03
2.75419e-03
2.67442e-03
2.55015e-03
2.36440e-03
2.11520e-03
1.80239e-03
1.43422e-03
1.02771e-03
6.11215e-04
2.32403e-04
-7.86894e-05
-4.22940e-04
-7.78955e-04
-1.13214e-03
-1.50184e-03
-1.80118e-03
-2.11104e-03
-2.41656e-03
-2.66822e-03
-2.82552e-03
-2.93427e-03
-3.05864e-03
-3.18735e-03
-3.31732e-03
-3.48600e-03
-3.62184e-03
-3.69899e-03
-3.75279e-03
-3.77227e-03
-3.73461e-03
-3.63415e-03
-3.55223e-03
-3.48999e-03
-3.38600e-03
-3.32052e-03
-3.31179e-03
-3.28877e-03
-3.24428e-03
-3.17053e-03
-3.08968e-03
-3.08042e-03
-3.09659e-03
-3.12091e-03
-3.10225e-03
-3.09283e-03
-3.09125e-03
-3.04413e-03
-3.00488e-03
-2.97342e-03
-2.89831e-03
-2.83541e-03
-2.78808e-03
-2.70786e-03
-2.65603e-03
-2.63828e-03
-2.61584e-03
-2.63632e-03
-2.65336e-03
-2.65434e-03
-2.63341e-03
-2.58296e-03
-2.49631e-03
-2.36679e-03
-2.19489e-03
-1.96165e-03
-1.58994e-03
-1.15350e-03
-6.58252e-04
-6.02857e-05
5.39129e-04
1.05428e-03
1.43250e-03
1.75470e-03
1.98405e-03
2.13574e-03
2.24722e-03
2.30887e-03
2.37379e-03
2.44034e-03
2.48748e-03
2.51415e-03
2.55522e-03
2.55817e-03
2.56432e-03
2.57787e-03
2.59856e-03
2.62318e-03
2.65631e-03
2.68017e-03
2.63606e-03
2.56353e-03
2.47019e-03
2.35680e-03
2.23080e-03
2.10157e-03
1.98726e-03
1.89575e-03
1.77597e-03
1.64043e-03
1.55661e-03
1.49172e-03
1.45537e-03
1.46172e-03
1.53574e-03
1.67315e-03
1.81768e-03
2.02254e-03
2.21005e-03
2.34428e-03
2.38584e-03
2.31148e-03
2.16779e-03
1.96598e-03
1.75532e-03
1.49020e-03
1.16813e-03
7.99093e-04
4.04995e-04
1.40023e-05
-3.23258e-04
-5.69105e-04
-7.42348e-04
-8.21060e-04
-8.38201e-04
-7.85967e-04
-7.00740e-04
-5.81856e-04
-4.15661e-04
-2.17672e-04
-6.71166e-05
9.20919e-05
2.37610e-04
2.70402e-04
2.36833e-04
1.91889e-04
1.37622e-04
7.16671e-05
-6.85470e-06
-9.81286e-05
-2.00197e-04
-3.10173e-04
-4.20797e-04
-5.24584e-04
-6.04017e-04
-6.59250e-04
-7.26439e-04
-7.53457e-04
-7.81126e-04
-8.12047e-04
-8.42346e-04
-8.63974e-04
-8.72021e-04
-8.50931e-04
-8.12041e-04
-8.23967e-04
-8.17678e-04
-7.94669e-04
-8.28060e-04
-8.50324e-04
-8.47909e-04
-8.03675e-04
-7.31613e-04
-6.93530e-04
-6.48744e-04
-6.60425e-04
-6.71250e-04
-6.68568e-04
-6.50759e-04
-6.14118e-04
-5.55672e-04
-4.73489e-04
-3.66854e-04
-2.37918e-04
-9.13049e-05
6.32564e-05
2.12663e-04
3.34446e-04
4.16305e-04
5.00704e-04
5.83819e-04
6.53541e-04
6.93350e-04
6.86065e-04
6.05130e-04
4.44428e-04
2.76589e-04
1.21908e-04
6.43622e-07
-7.93379e-05
-1.87497e-04
-3.30587e-04
-5.08946e-04
-7.10905e-04
-9.44001e-04
-1.24511e-03
-1.56278e-03
-1.92650e-03
-2.32605e-03
-2.72290e-03
-3.09139e-03
-3.46334e-03
-3.82404e-03
-4.21471e-03
-4.60808e-03
-4.96411e-03
-5.31166e-03
-5.70193e-03
-6.11331e-03
-6.49835e-03
-6.81487e-03
-7.09911e-03
-7.38092e-03
-7.62168e-03
-7.79033e-03
-7.91998e-03
-8.00151e-03
-8.09032e-03
-8.18326e-03
-8.26505e-03
-8.31840e-03
-8.31963e-03
-8.25658e-03
-8.17646e-03
-8.08385e-03
-7.98092e-03
-7.87400e-03
-7.76171e-03
-7.57883e-03
-7.32841e-03
-7.06498e-03
-6.75125e-03
-6.39128e-03
-6.00882e-03
-5.63880e-03
-5.31672e-03
-4.98774e-03
-4.58973e-03
-4.13109e-03
-3.64796e-03
-3.16922e-03
-2.68955e-03
-2.23749e-03
-1.79193e-03
-1.38397e-03
-9.75760e-04
-5.38295e-04
-1.10985e-04
2.62485e-04
6.24560e-04
1.02643e-03
1.44120e-03
1.83080e-03
2.22650e-03
2.68128e-03
3.17559e-03
3.66248e-03
4.09883e-03
4.51758e-03
4.93945e-03
5.33037e-03
5.74696e-03
6.22352e-03
6.67613e-03
7.19027e-03
7.74917e-03
8.29869e-03
8.78385e-03
9.22957e-03
9.66338e-03
1.00408e-02
1.03769e-02
1.07031e-02
1.10028e-02
1.12939e-02
1.14684e-02
1.15342e-02
1.14505e-02
1.12467e-02
1.09840e-02
1.06732e-02
1.03151e-02
9.93633e-03
9.53925e-03
9.09385e-03
8.68946e-03
8.31456e-03
7.99730e-03
7.73965e-03
7.57736e-03
7.46851e-03
7.35150e-03
7.24215e-03
7.15005e-03
7.03220e-03
6.88846e-03
6.73286e-03
6.57910e-03
6.45418e-03
6.36690e-03
6.25392e-03
6.10856e-03
5.93728e-03
5.74701e-03
5.55067e-03
5.36765e-03
5.20731e-03
4.99529e-03
4.74826e-03
4.55051e-03
4.36500e-03
4.19007e-03
3.98437e-03
3.74943e-03
3.50599e-03
3.26028e-03
2.94402e-03
2.57552e-03
2.25795e-03
1.94527e-03
1.57987e-03
1.15732e-03
6.54334e-04
1.43106e-04
-3.81655e-04
-8.72009e-04
-1.26839e-03
-1.59705e-03
-1.88648e-03
-2.10455e-03
-2.25569e-03
-2.30948e-03
-2.32195e-03
-2.36817e-03
-2.45794e-03
-2.59134e-03
-2.76850e-03
-2.98429e-03
-3.23051e-03
-3.49053e-03
-3.74301e-03
-3.95222e-03
-4.09204e-03
-4.18168e-03
-4.21369e-03
-4.24931e-03
-4.29206e-03
-4.33697e-03
-4.37677e-03
-4.40521e-03
-4.41021e-03
-4.38348e-03
-4.30571e-03
-4.18689e-03
-4.09354e-03
-3.96337e-03
-3.78221e-03
-3.55177e-03
-3.27516e-03
-2.96552e-03
-2.64130e-03
-2.33891e-03
-2.08271e-03
-1.83473e-03
-1.60628e-03
-1.36838e-03
-1.14062e-03
-9.61565e-04
-8.59707e-04
-7.87697e-04
-7.69774e-04
-8.12459e-04
-8.73128e-04
-1.02139e-03
-1.20125e-03
-1.39827e-03
-1.60341e-03
-1.79677e-03
-1.96842e-03
-2.18939e-03
-2.43882e-03
-2.62549e-03
-2.77795e-03
-2.89124e-03
-3.02192e-03
-3.16632e-03
-3.30814e-03
-3.42223e-03
-3.49441e-03
-3.56335e-03
-3.62406e-03
-3.65983e-03
-3.65586e-03
-3.58749e-03
-3.45612e-03
-3.31913e-03
-3.11895e-03
-2.93864e-03
-2.79061e-03
-2.63492e-03
-2.54923e-03
-2.49646e-03
-2.47384e-03
-2.42928e-03
-2.37060e-03
-2.35924e-03
-2.35464e-03
-2.35653e-03
-2.36825e-03
-2.40146e-03
-2.43942e-03
-2.40844e-03
-2.36652e-03
-2.32493e-03
-2.28600e-03
-2.25346e-03
-2.23699e-03
-2.22365e-03
-2.13855e-03
-2.05063e-03
-1.95318e-03
-1.77812e-03
-1.59038e-03
-1.42172e-03
-1.27054e-03
-1.09035e-03
-9.54901e-04
-8.14179e-04
-6.78890e-04
-5.44937e-04
-3.61334e-04
-1.93562e-04
1.14256e-05
2.56528e-04
5.26519e-04
8.01742e-04
1.04872e-03
1.24071e-03
1.39716e-03
1.50634e-03
1.62624e-03
1.75031e-03
1.86613e-03
1.94605e-03
1.99031e-03
2.04359e-03
2.03865e-03
2.02839e-03
2.02211e-03
2.01608e-03
2.01083e-03
2.00421e-03
1.99676e-03
1.98639e-03
1.97439e-03
1.95867e-03
1.94262e-03
1.92400e-03
1.91264e-03
1.88818e-03
1.77877e-03
1.64124e-03
1.49908e-03
1.33906e-03
1.10396e-03
8.50290e-04
5.33133e-04
2.48709e-04
3.07488e-05
-1.55253e-04
-3.09186e-04
-4.65083e-04
-5.41743e-04
-5.73594e-04
-5.60322e-04
-5.50528e-04
-5.47834e-04
-5.55185e-04
-5.64511e-04
-5.99554e-04
-7.31332e-04
-9.24578e-04
-1.24498e-03
-1.62879e-03
-2.05160e-03
-2.48109e-03
-2.89663e-03
-3.31870e-03
-3.63263e-03
-3.85912e-03
-4.03204e-03
-4.12895e-03
-4.16372e-03
-4.12722e-03
-4.07666e-03
-4.01555e-03
-3.93669e-03
-3.83693e-03
-3.71191e-03
-3.56164e-03
-3.38617e-03
-3.19317e-03
-2.99110e-03
-2.80324e-03
-2.63550e-03
-2.42621e-03
-2.17153e-03
-1.89116e-03
-1.59259e-03
-1.23906e-03
-8.40913e-04
-4.37035e-04
-5.31576e-05
3.40096e-04
7.26930e-04
1.14403e-03
1.56441e-03
1.93080e-03
2.19183e-03
2.33412e-03
2.31019e-03
2.15358e-03
1.92502e-03
1.61265e-03
1.23004e-03
8.32660e-04
4.17138e-04
4.20566e-05
-3.64870e-04
-7.13959e-04
-1.02134e-03
-1.23833e-03
-1.31274e-03
-1.27356e-03
-1.14808e-03
-9.17993e-04
-6.76241e-04
-4.94064e-04
-2.49841e-04
-1.39503e-05
1.93080e-04
4.34712e-04
7.08626e-04
9.97563e-04
1.27333e-03
1.51118e-03
1.73801e-03
1.92124e-03
2.03640e-03
2.12329e-03
2.18199e-03
2.27662e-03
2.41519e-03
2.59213e-03
2.80112e-03
3.02758e-03
3.25412e-03
3.44841e-03
3.59101e-03
3.70473e-03
3.79434e-03
3.90516e-03
3.96719e-03
4.03297e-03
4.10598e-03
4.17864e-03
4.24127e-03
4.28274e-03
4.28833e-03
4.23950e-03
4.13339e-03
4.05493e-03
4.01163e-03
3.92999e-03
3.78914e-03
3.59963e-03
3.45831e-03
3.39096e-03
3.34638e-03
3.31143e-03
3.22104e-03
3.15504e-03
3.11915e-03
3.06056e-03
3.04378e-03
3.00412e-03
2.94882e-03
2.95578e-03
2.96702e-03
2.97424e-03
2.97691e-03
2.97434e-03
2.96352e-03
2.94315e-03
2.90946e-03
2.86076e-03
2.79386e-03
2.70803e-03
2.60300e-03
2.48079e-03
2.34941e-03
2.20278e-03
1.99473e-03
1.77445e-03
1.49213e-03
1.16477e-03
8.61706e-04
5.71343e-04
3.01659e-04
5.40362e-06
-3.06088e-04
-5.93552e-04
-8.29756e-04
-1.06638e-03
-1.35414e-03
-1.67911e-03
-2.01935e-03
-2.33170e-03
-2.58821e-03
-2.81804e-03
-3.00989e-03
-3.20950e-03
-3.40482e-03
-3.56354e-03
-3.64980e-03
-3.62576e-03
-3.53551e-03
-3.45055e-03
-3.39528e-03
-3.35560e-03
-3.27522e-03
-3.20330e-03
-3.09335e-03
-3.00601e-03
-2.87529e-03
-2.71034e-03
-2.59295e-03
-2.47413e-03
-2.35860e-03
-2.26417e-03
-2.21659e-03
-2.22955e-03
-2.26158e-03
-2.31299e-03
-2.39135e-03
-2.50091e-03
-2.64539e-03
-2.82415e-03
-3.03403e-03
-3.26476e-03
-3.50151e-03
-3.71899e-03
-3.88488e-03
-3.96355e-03
-4.00165e-03
-4.04873e-03
-4.03365e-03
-4.00762e-03
-3.97614e-03
-3.93295e-03
-3.87446e-03
-3.79615e-03
-3.69526e-03
-3.56924e-03
-3.41909e-03
-3.24698e-03
-3.06203e-03
-2.87474e-03
-2.71021e-03
-2.57519e-03
-2.41162e-03
-2.20047e-03
-1.89824e-03
-1.55187e-03
-1.12228e-03
-6.17371e-04
-6.39413e-05
4.90393e-04
9.97508e-04
1.48717e-03
1.99707e-03
2.47758e-03
2.86877e-03
3.16956e-03
3.40666e-03
3.51818e-03
3.46535e-03
3.33307e-03
3.12928e-03
2.92647e-03
2.74894e-03
2.62235e-03
2.56088e-03
2.50307e-03
2.44967e-03
2.40875e-03
2.39773e-03
2.41398e-03
2.41961e-03
2.46145e-03
2.49441e-03
2.50655e-03
2.49480e-03
2.45074e-03
2.38398e-03
2.35255e-03
2.30768e-03
2.26125e-03
2.27227e-03
2.30853e-03
2.34489e-03
2.30639e-03
2.24636e-03
2.18580e-03
2.19107e-03
2.19620e-03
2.13667e-03
2.12814e-03
2.14646e-03
2.16673e-03
2.11413e-03
2.04834e-03
1.97843e-03
1.91449e-03
1.84182e-03
1.69222e-03
1.53535e-03
1.38233e-03
1.15091e-03
8.50269e-04
5.60080e-04
2.34983e-04
-1.14274e-04
-4.55669e-04
-7.44252e-04
-9.37947e-04
-1.08000e-03
-1.20565e-03
-1.29669e-03
-1.31703e-03
-1.25007e-03
-1.15228e-03
-1.02786e-03
-8.66886e-04
-6.89851e-04
-5.81169e-04
-4.92989e-04
-4.38114e-04
-4.14630e-04
-3.69147e-04
-3.65712e-04
-3.37647e-04
-2.91840e-04
-3.04300e-04
-3.17211e-04
-3.21144e-04
-3.16769e-04
-3.03550e-04
-2.81125e-04
-2.49872e-04
-2.10199e-04
-1.63712e-04
-1.12515e-04
-6.00201e-05
-1.11760e-05
2.85022e-05
4.84288e-05
5.42809e-05
9.78983e-05
1.22947e-04
1.29453e-04
1.65072e-04
1.74871e-04
1.49074e-04
1.52087e-04
1.82088e-04
1.91936e-04
2.31332e-04
3.21528e-04
4.56380e-04
5.73701e-04
6.42299e-04
6.51745e-04
6.42882e-04
6.17608e-04
5.62650e-04
4.93596e-04
4.84468e-04
4.77058e-04
4.61928e-04
4.38958e-04
4.08193e-04
3.68753e-04
3.22596e-04
2.70481e-04
2.17605e-04
1.67417e-04
1.31813e-04
1.04394e-04
3.63483e-05
-1.45355e-05
-4.31558e-05
-9.13341e-05
-1.09759e-04
-1.49035e-04
-2.02475e-04
-2.13246e-04
-2.22763e-04
-2.37857e-04
-2.55462e-04
-2.75271e-04
-2.94221e-04
-3.10950e-04
-3.21080e-04
-3.22495e-04
-3.08858e-04
-2.78419e-04
-2.20259e-04
-1.52709e-04
-1.51572e-04
-1.61898e-04
-1.75920e-04
-1.96649e-04
-2.24676e-04
-2.60817e-04
-3.04782e-04
-3.55609e-04
-4.10748e-04
-4.66839e-04
-5.17411e-04
-5.56313e-04
-5.69374e-04
-5.65328e-04
-6.12987e-04
-6.38433e-04
-6.41166e-04
-6.86014e-04
-6.99064e-04
-6.68918e-04
-6.80918e-04
-7.34815e-04
-7.69157e-04
-8.37985e-04
-8.60809e-04
-8.24890e-04
-8.00160e-04
-8.09269e-04
-8.37723e-04
-8.21680e-04
-8.06357e-04
-7.27905e-04
-6.56915e-04
-5.89479e-04
-4.61283e-04
-3.39199e-04
-2.58046e-04
-2.15332e-04
-1.64529e-04
-1.72205e-04
-1.82932e-04
-1.86913e-04
-1.85127e-04
-1.76989e-04
-1.62218e-04
-1.41463e-04
-1.15463e-04
-8.64685e-05
-5.70372e-05
-3.13618e-05
-1.39875e-05
-1.08172e-05
-2.77788e-05
-7.13849e-05
-1.47315e-04
-2.60446e-04
-4.13411e-04
-6.06020e-04
-8.33924e-04
-1.08744e-03
-1.35062e-03
-1.59926e-03
-1.80134e-03
-1.91199e-03
-1.89417e-03
-1.80418e-03
-1.71979e-03
-1.65450e-03
-1.61826e-03
-1.62199e-03
-1.68115e-03
-1.80671e-03
-2.01858e-03
-2.30330e-03
-2.59191e-03
-2.91546e-03
-3.18913e-03
-3.44526e-03
-3.65316e-03
-3.78267e-03
-3.84726e-03
-3.83636e-03
-3.80429e-03
-3.75230e-03
-3.66938e-03
-3.54959e-03
-3.38467e-03
-3.17236e-03
-2.90980e-03
-2.60479e-03
-2.26545e-03
-1.92109e-03
-1.57947e-03
-1.21422e-03
-9.07524e-04
-5.69434e-04
-2.13951e-04
1.36231e-04
5.28016e-04
9.34843e-04
1.32717e-03
1.74297e-03
2.14458e-03
2.48473e-03
2.77796e-03
3.06893e-03
3.31665e-03
3.49475e-03
3.61346e-03
3.58048e-03
3.48020e-03
3.30997e-03
3.04745e-03
2.69621e-03
2.35177e-03
2.04218e-03
1.72173e-03
1.41156e-03
1.15650e-03
9.99944e-04
9.17033e-04
8.52508e-04
8.19874e-04
8.42738e-04
9.50786e-04
1.15909e-03
1.38372e-03
1.54850e-03
1.68012e-03
1.76272e-03
1.76410e-03
1.66799e-03
1.53714e-03
1.37620e-03
1.18787e-03
9.75189e-04
7.51971e-04
5.29964e-04
3.40449e-04
1.88468e-04
3.86517e-05
-3.02651e-05
-5.22979e-05
-2.99179e-05
-1.00843e-05
-1.43861e-07
4.25101e-07
-9.12066e-06
-2.85355e-05
-5.67949e-05
-9.19727e-05
-1.30613e-04
-1.68452e-04
-1.99075e-04
-2.15947e-04
-2.09377e-04
-1.71979e-04
-8.88948e-05
2.74131e-05
1.04130e-04
2.00364e-04
3.23289e-04
4.69395e-04
6.29759e-04
7.94669e-04
9.41990e-04
1.06315e-03
1.19965e-03
1.35047e-03
1.49906e-03
1.62974e-03
1.71224e-03
1.73552e-03
1.75969e-03
1.79037e-03
1.81957e-03
1.84337e-03
1.85144e-03
1.83824e-03
1.78708e-03
1.71087e-03
1.67832e-03
1.62876e-03
1.54787e-03
1.43519e-03
1.28864e-03
1.11194e-03
9.10330e-04
6.97739e-04
4.90492e-04
3.20077e-04
2.01478e-04
8.07860e-05
-3.85759e-05
-1.33547e-04
-1.95953e-04
-2.69586e-04
-3.56131e-04
-4.41836e-04
-5.31886e-04
-7.10977e-04
-9.86060e-04
-1.26985e-03
-1.52701e-03
-1.71438e-03
-1.79719e-03
-1.82751e-03
-1.88506e-03
-1.95384e-03
-1.95359e-03
-1.93478e-03
-1.90175e-03
-1.84664e-03
-1.76607e-03
-1.65510e-03
-1.51384e-03
-1.34186e-03
-1.14768e-03
-9.38448e-04
-7.39433e-04
-5.50165e-04
-3.30000e-04
-1.50065e-04
1.01420e-05
5.59036e-05
3.07318e-05
7.02515e-06
-9.24160e-06
-1.98288e-05
-2.42154e-05
-2.29346e-05
-1.55369e-05
-2.64451e-06
1.55754e-05
3.79254e-05
6.32546e-05
8.95058e-05
1.14308e-04
1.34629e-04
1.46849e-04
1.47176e-04
1.31145e-04
9.50185e-05
3.45760e-05
-5.21338e-05
-1.67114e-04
-3.07665e-04
-4.70784e-04
-6.44902e-04
-8.19230e-04
-9.65828e-04
-1.08202e-03
-1.20757e-03
-1.26819e-03
-1.30266e-03
-1.32642e-03
-1.40243e-03
-1.45283e-03
-1.47023e-03
-1.51455e-03
-1.50207e-03
-1.42092e-03
-1.32397e-03
-1.14610e-03
-9.60117e-04
-7.69406e-04
-5.17144e-04
-2.90323e-04
-1.19966e-04
5.19228e-05
1.92038e-04
1.91188e-04
8.93796e-05
-4.33579e-05
-2.02595e-04
-3.86764e-04
-5.89423e-04
-7.98388e-04
-9.94997e-04
-1.15409e-03
-1.23927e-03
-1.22633e-03
-1.16793e-03
-1.05160e-03
-8.81893e-04
-7.26384e-04
-5.14769e-04
-2.54775e-04
-2.65245e-05
2.17673e-04
4.72167e-04
7.08817e-04
9.13112e-04
1.14203e-03
1.38764e-03
1.62745e-03
1.82712e-03
1.95530e-03
2.04999e-03
2.18195e-03
2.35256e-03
2.55323e-03
2.76834e-03
2.97505e-03
3.15748e-03
3.38267e-03
3.62361e-03
3.78542e-03
3.89251e-03
3.93534e-03
3.94414e-03
3.91149e-03
3.81353e-03
3.65468e-03
3.50038e-03
3.27980e-03
2.99994e-03
2.74240e-03
2.46026e-03
2.16408e-03
1.88208e-03
1.65547e-03
1.52340e-03
1.45762e-03
1.39527e-03
1.34865e-03
1.31307e-03
1.22795e-03
1.17286e-03
1.16396e-03
1.12964e-03
1.05893e-03
9.47398e-04
7.94196e-04
5.94371e-04
3.72061e-04
2.20056e-04
8.29536e-05
-8.06132e-05
-2.12987e-04
-3.43295e-04
-4.83399e-04
-6.97969e-04
-9.01315e-04
-1.08242e-03
-1.27840e-03
-1.41305e-03
-1.51613e-03
-1.59819e-03
-1.70359e-03
-1.76394e-03
-1.83114e-03
-1.90873e-03
-1.98849e-03
-2.05669e-03
-2.11514e-03
-2.20802e-03
-2.27154e-03
-2.29116e-03
-2.31484e-03
-2.34787e-03
-2.38654e-03
-2.42963e-03
-2.47194e-03
-2.51048e-03
-2.53650e-03
-2.54564e-03
-2.52205e-03
-2.47930e-03
-2.48483e-03
-2.47732e-03
-2.43463e-03
-2.37081e-03
-2.35851e-03
-2.33124e-03
-2.29678e-03
-2.33165e-03
-2.37696e-03
-2.42217e-03
-2.46372e-03
-2.49756e-03
-2.51451e-03
-2.50942e-03
-2.46582e-03
-2.39708e-03
-2.37060e-03
-2.32634e-03
-2.24341e-03
-2.14007e-03
-2.09170e-03
-2.04287e-03
-1.98764e-03
-1.93055e-03
-1.87793e-03
-1.83541e-03
-1.81578e-03
-1.81381e-03
-1.78023e-03
-1.77222e-03
-1.79186e-03
-1.79391e-03
-1.82096e-03
-1.81552e-03
-1.77293e-03
-1.74019e-03
-1.65844e-03
-1.52350e-03
-1.38570e-03
-1.19100e-03
-9.44617e-04
-7.07883e-04
-4.45983e-04
-1.69148e-04
9.99157e-05
3.22787e-04
4.75387e-04
5.96949e-04
6.86342e-04
8.06568e-04
9.63029e-04
1.14823e-03
1.35110e-03
1.55470e-03
1.73264e-03
1.86455e-03
1.98637e-03
2.07756e-03
2.13562e-03
2.20667e-03
2.22117e-03
2.23299e-03
2.24857e-03
2.26467e-03
2.27809e-03
2.28666e-03
2.28627e-03
2.27473e-03
2.24800e-03
2.20466e-03
2.14212e-03
2.06144e-03
1.96347e-03
1.85396e-03
1.73949e-03
1.63313e-03
1.54911e-03
1.51176e-03
1.52848e-03
1.52559e-03
1.50949e-03
1.55637e-03
1.60269e-03
1.63778e-03
1.64870e-03
1.65046e-03
1.71132e-03
1.76980e-03
1.80553e-03
1.81237e-03
1.77140e-03
1.69167e-03
1.63976e-03
1.54648e-03
1.41349e-03
1.31864e-03
1.19570e-03
1.06142e-03
9.93426e-04
9.67617e-04
1.06544e-03
1.25166e-03
1.51985e-03
1.81084e-03
2.09944e-03
2.35679e-03
2.54321e-03
2.61714e-03
2.61275e-03
2.59183e-03
2.55792e-03
2.49675e-03
2.42485e-03
2.41514e-03
2.40993e-03
2.39791e-03
2.37882e-03
2.35003e-03
2.31008e-03
2.25766e-03
2.19327e-03
2.14839e-03
2.06557e-03
1.98337e-03
1.91681e-03
1.86003e-03
1.74821e-03
1.66280e-03
1.61192e-03
1.54658e-03
1.53406e-03
1.51871e-03
1.49164e-03
1.45428e-03
1.40753e-03
1.35192e-03
1.29020e-03
1.22400e-03
1.15853e-03
1.09724e-03
1.04899e-03
1.01949e-03
1.02486e-03
1.06083e-03
1.07545e-03
1.02758e-03
8.28485e-04
5.15680e-04
1.04516e-04
-3.48492e-04
-8.74537e-04
-1.45386e-03
-2.04544e-03
-2.58398e-03
-3.00320e-03
-3.30904e-03
-3.53234e-03
-3.67834e-03
-3.71512e-03
-3.67544e-03
-3.52925e-03
-3.25322e-03
-2.91898e-03
-2.61132e-03
-2.35791e-03
-2.13769e-03
-1.96161e-03
-1.77517e-03
-1.58823e-03
-1.42128e-03
-1.30997e-03
-1.27149e-03
-1.26049e-03
-1.26747e-03
-1.25693e-03
-1.27590e-03
-1.27976e-03
-1.25981e-03
-1.20924e-03
-1.14052e-03
-1.10867e-03
-1.07293e-03
-1.02757e-03
-9.75228e-04
-9.17710e-04
-8.58337e-04
-8.00916e-04
-7.51871e-04
-7.17149e-04
-7.10019e-04
-7.21360e-04
-6.84110e-04
-6.68074e-04
-6.72377e-04
-6.31665e-04
-6.15663e-04
-6.27155e-04
-6.00772e-04
-6.09927e-04
-6.56052e-04
-6.77172e-04
-7.42739e-04
-8.55725e-04
-9.46708e-04
-1.08462e-03
-1.25824e-03
-1.39956e-03
-1.53454e-03
-1.58864e-03
-1.59333e-03
-1.54990e-03
-1.50248e-03
-1.45771e-03
-1.41678e-03
-1.38230e-03
-1.35894e-03
-1.35032e-03
-1.36532e-03
-1.39561e-03
-1.39033e-03
-1.39685e-03
-1.40971e-03
-1.37748e-03
-1.34123e-03
-1.31112e-03
-1.28910e-03
-1.28422e-03
-1.28853e-03
-1.25348e-03
-1.22740e-03
-1.20874e-03
-1.14956e-03
-1.09895e-03
-1.05822e-03
-9.81608e-04
-9.22931e-04
-8.86187e-04
-8.34724e-04
-8.12574e-04
-7.75058e-04
-7.27672e-04
-7.21710e-04
-7.18703e-04
-7.12383e-04
-7.03408e-04
-6.91092e-04
-6.74974e-04
-6.54473e-04
-6.29197e-04
-5.98840e-04
-5.63773e-04
-5.24471e-04
-4.83257e-04
-4.41789e-04
-4.07843e-04
-3.69462e-04
-2.62280e-04
-1.47515e-04
-2.19684e-05
1.69527e-04
3.65146e-04
5.31702e-04
6.62009e-04
7.88224e-04
8.33695e-04
8.48779e-04
8.85024e-04
8.87597e-04
9.09050e-04
9.60051e-04
1.04749e-03
1.15650e-03
1.22072e-03
1.28436e-03
1.34680e-03
1.39952e-03
1.42710e-03
1.42813e-03
1.44425e-03
1.48836e-03
1.54881e-03
1.58072e-03
1.61779e-03
1.66500e-03
1.71775e-03
1.77314e-03
1.82323e-03
1.86213e-03
1.87398e-03
1.86467e-03
1.87981e-03
1.87356e-03
1.90290e-03
1.97172e-03
2.00876e-03
2.00218e-03
2.00668e-03
2.02896e-03
2.06929e-03
2.12610e-03
2.19746e-03
2.27740e-03
2.35918e-03
2.43092e-03
2.47993e-03
2.48763e-03
2.43609e-03
2.29947e-03
2.06970e-03
1.79803e-03
1.49955e-03
1.18823e-03
8.88926e-04
6.36147e-04
4.64351e-04
3.39932e-04
2.23219e-04
1.23446e-04
6.61111e-05
6.30462e-05
9.44393e-05
1.50239e-04
1.89081e-04
2.49323e-04
2.75376e-04
2.56437e-04
2.48468e-04
2.47658e-04
2.01450e-04
1.58815e-04
1.15592e-04
2.13067e-05
-7.85894e-05
-1.71277e-04
-2.48001e-04
-2.98037e-04
-3.04667e-04
-2.64476e-04
-2.27117e-04
-2.03863e-04
-2.04275e-04
-2.24874e-04
-2.19662e-04
-2.41181e-04
-2.87004e-04
-3.15575e-04
-3.64729e-04
-4.65462e-04
-6.56231e-04
-8.55153e-04
-1.07579e-03
-1.26616e-03
-1.44335e-03
-1.60421e-03
-1.76953e-03
-1.87738e-03
-1.94797e-03
-1.95434e-03
-1.89283e-03
-1.82255e-03
-1.70985e-03
-1.59110e-03
-1.48259e-03
-1.38977e-03
-1.33212e-03
-1.30917e-03
-1.29622e-03
-1.33350e-03
-1.39242e-03
-1.45587e-03
-1.49031e-03
-1.51326e-03
-1.53710e-03
-1.60082e-03
-1.66425e-03
-1.71338e-03
-1.73639e-03
-1.72839e-03
-1.73275e-03
-1.74301e-03
-1.71453e-03
-1.67944e-03
-1.64177e-03
-1.59993e-03
-1.55326e-03
-1.50165e-03
-1.44516e-03
-1.38517e-03
-1.32331e-03
-1.26339e-03
-1.20909e-03
-1.16884e-03
-1.13902e-03
-1.08446e-03
-1.04798e-03
-1.03199e-03
-1.00770e-03
-1.00775e-03
-9.98176e-04
-9.70687e-04
-9.18975e-04
-8.48897e-04
-7.97712e-04
-7.31075e-04
-6.54115e-04
-6.07198e-04
-5.63068e-04
-5.20906e-04
-4.84592e-04
-4.61034e-04
-4.47775e-04
-4.23374e-04
-4.09492e-04
-3.79258e-04
-3.33337e-04
-2.96265e-04
-2.45503e-04
-1.76120e-04
-8.87410e-05
1.58304e-05
1.33665e-04
2.59339e-04
3.82940e-04
4.92895e-04
5.70295e-04
6.03717e-04
6.10343e-04
5.89927e-04
5.71116e-04
5.58140e-04
5.51478e-04
5.52289e-04
5.61721e-04
5.80456e-04
6.08965e-04
6.46681e-04
6.92470e-04
7.43598e-04
7.96476e-04
8.45245e-04
8.83284e-04
9.00272e-04
8.91147e-04
8.71643e-04
8.41279e-04
7.94766e-04
7.36705e-04
6.94891e-04
6.44779e-04
5.91401e-04
5.64301e-04
5.45570e-04
5.35799e-04
5.35902e-04
5.23093e-04
4.97996e-04
4.75936e-04
4.43762e-04
4.21018e-04
4.12026e-04
3.97697e-04
3.80914e-04
3.79954e-04
3.81006e-04
3.81679e-04
3.82091e-04
3.81516e-04
3.79323e-04
3.74439e-04
3.65940e-04
3.52549e-04
3.33424e-04
3.07487e-04
2.74559e-04
2.34360e-04
1.88176e-04
1.37237e-04
8.53139e-05
3.56846e-05
-3.74516e-06
-3.20938e-05
-5.88535e-05
-6.48624e-05
-5.92323e-05
-4.57164e-05
-3.76280e-05
-2.05556e-05
-1.17222e-05
-1.09982e-05
-2.66869e-06
-3.28852e-06
-1.26934e-05
-1.49992e-05
-2.56203e-05
-4.31061e-05
-5.12514e-05
-6.31969e-05
-7.60097e-05
-7.26402e-05
-6.33039e-05
-4.77749e-05
-2.41914e-05
9.16749e-06
5.31935e-05
1.08640e-04
1.74638e-04
2.50215e-04
3.29250e-04
3.96371e-04
4.51951e-04
4.86317e-04
4.93761e-04
4.91770e-04
4.80386e-04
4.65664e-04
4.46789e-04
4.21876e-04
3.91388e-04
3.69026e-04
3.55619e-04
3.44877e-04
3.45930e-04
3.52022e-04
3.59832e-04
3.62134e-04
3.64062e-04
3.65798e-04
3.66479e-04
3.64562e-04
3.61144e-04
3.63949e-04
3.64211e-04
3.61540e-04
3.62473e-04
3.58129e-04
3.46761e-04
3.35429e-04
3.24686e-04
3.14323e-04
3.04046e-04
2.93686e-04
2.82845e-04
2.71328e-04
2.58707e-04
2.44854e-04
2.29443e-04
2.12595e-04
1.94261e-04
1.75080e-04
1.55440e-04
1.36963e-04
1.19313e-04
9.92705e-05
8.17843e-05
6.37559e-05
4.56425e-05
2.91154e-05
1.61502e-05
8.39171e-06
4.07643e-06
4.90490e-06
1.15301e-05
2.10040e-05
3.18850e-05
4.06404e-05
4.89839e-05
5.31293e-05
5.51942e-05
5.45062e-05
5.07637e-05
4.69448e-05
4.34088e-05
4.00675e-05
3.69591e-05
3.40578e-05
3.13886e-05
2.89270e-05
2.66850e-05
2.46319e-05
2.27732e-05
2.10755e-05
1.95391e-05
1.81297e-05
1.68402e-05
1.56277e-05
1.44714e-05
1.33097e-05
1.20999e-05
1.07540e-05
9.20576e-06
7.34254e-06
5.08105e-06
2.29403e-06
-1.08991e-06
-5.21351e-06
-9.87780e-06
-1.37704e-05
-1.66300e-05
-1.92683e-05
-2.15964e-05
-2.34417e-05
-2.45103e-05
-2.48335e-05
-2.54263e-05
-2.64783e-05
-2.79820e-05
-3.00371e-05
-3.23962e-05
-3.41860e-05
-3.60356e-05
-3.77475e-05
-3.83729e-05
-3.85457e-05
-3.87976e-05
-3.85506e-05
-3.82934e-05
-3.80938e-05
-3.79333e-05
-3.78115e-05
-3.77283e-05
-3.76858e-05
-3.76870e-05
-3.77383e-05
-3.78419e-05
-3.80093e-05
-3.82378e-05
-3.85546e-05
-3.88746e-05
-3.89022e-05
-3.88877e-05
-3.88684e-05
-3.88486e-05
-3.88369e-05
-3.88524e-05
-3.89082e-05
-3.90379e-05
-3.92158e-05
-3.92970e-05
-3.94594e-05
-3.97057e-05
-3.99325e-05
-4.02501e-05
-4.05573e-05
-4.08409e-05
-4.11075e-05
-4.13575e-05
-4.15997e-05
-4.18121e-05
-4.19451e-05
-4.21329e-05
-4.23110e-05
-4.24210e-05
-4.25124e-05
-4.25950e-05
-4.26667e-05
-4.27311e-05
-4.27774e-05
-4.27759e-05
-4.27528e-05
-4.27037e-05
-4.26048e-05
-4.24743e-05
-4.23126e-05
-4.21180e-05
-4.18917e-05
-4.16475e-05
-4.13825e-05
-4.10883e-05
-4.07721e-05
-4.04349e-05
-4.00757e-05
-3.96946e-05
-3.92910e-05
-3.88652e-05
-3.84168e-05
-3.79459e-05
-3.74524e-05
-3.69365e-05
-3.63983e-05
-3.58380e-05
-3.52558e-05
-3.46519e-05
-3.40266e-05
-3.33804e-05
-3.27135e-05
-3.20263e-05
-3.13194e-05
-3.05931e-05
-2.98478e-05
-2.90842e-05
-2.83029e-05
-2.75043e-05
-2.66891e-05
-2.58579e-05
