-1.13447e-05
-1.11426e-05
-1.09669e-05
-1.07789e-05
-1.06034e-05
-1.04131e-05
-1.02305e-05
-1.00544e-05
-9.90785e-06
-9.66642e-06
-9.41291e-06
-9.44509e-06
-9.19089e-06
-9.05746e-06
-8.76275e-06
-8.53983e-06
-8.61183e-06
-7.90765e-06
-8.41678e-06
-8.20766e-06
-7.49703e-06
-7.99696e-06
-7.28078e-06
-7.05597e-06
-7.07803e-06
-6.90593e-06
-6.82557e-06
-6.74853e-06
-6.43016e-06
-6.27397e-06
-6.40065e-06
-5.22043e-06
-5.96619e-06
-5.69439e-06
-5.38012e-06
-6.15790e-06
-3.73694e-06
-5.37513e-06
-6.41009e-06
-3.39544e-06
-4.77939e-06
-4.70408e-06
-2.70444e-06
-4.64157e-06
-5.22284e-06
-3.26823e-06
-2.33578e-06
-3.16665e-06
-4.22475e-06
-3.92701e-06
-4.28634e-06
-2.88760e-06
3.86452e-07
-5.94171e-07
-4.44910e-06
-4.53965e-06
-4.20130e-06
-2.13358e-06
1.17563e-06
-6.83978e-07
2.60951e-07
-4.50897e-06
-3.34096e-06
2.83750e-06
-4.15027e-06
-6.95992e-08
-6.01782e-08
-3.05372e-06
2.80364e-06
6.53584e-07
6.98855e-07
-1.87859e-06
-3.17367e-06
2.11093e-06
3.03707e-06
-4.20656e-08
4.75247e-07
-1.01635e-06
-2.83273e-06
5.78012e-06
3.75997e-06
3.33045e-07
-8.70565e-07
-2.93128e-06
3.11083e-06
4.32966e-06
8.17730e-06
-1.01794e-06
-3.44773e-06
5.85120e-06
-2.58681e-06
7.87053e-06
1.15973e-05
-4.83102e-06
-5.06887e-06
3.65421e-06
1.30633e-05
8.09265e-06
-1.52327e-06
-7.39023e-07
-2.55702e-06
2.46226e-06
1.77319e-05
7.46618e-06
-1.03660e-06
2.32204e-06
-3.99981e-06
1.08486e-05
6.62785e-06
1.71195e-06
8.85577e-06
1.13979e-06
1.33560e-05
-6.86455e-08
-7.82044e-08
1.47070e-05
-3.47812e-06
6.40625e-06
1.12614e-05
7.47704e-06
3.83072e-06
6.61008e-06
1.26548e-05
-4.51920e-06
5.99962e-06
6.09827e-06
9.16409e-06
1.88898e-05
2.32940e-06
9.87278e-06
-2.85042e-06
-8.63181e-07
2.40813e-05
8.73719e-06
1.16480e-06
7.78329e-06
1.74480e-06
7.72033e-06
2.00424e-05
8.77890e-06
6.43713e-06
-3.32174e-06
-1.63950e-07
2.03233e-05
1.39876e-05
1.33068e-05
-4.47086e-06
7.68797e-06
2.11873e-05
2.56336e-06
1.46492e-05
-6.41773e-06
5.84014e-06
2.83101e-05
7.85327e-06
1.51846e-05
-7.61129e-06
2.88693e-06
2.93566e-05
9.78624e-06
1.04846e-05
6.70545e-06
6.69142e-06
6.11739e-06
2.37785e-05
2.09947e-05
-1.39007e-05
1.92609e-05
1.71956e-05
6.36285e-06
2.15338e-05
-7.25493e-06
1.16072e-05
2.22214e-05
1.55169e-05
2.16773e-05
-1.45001e-05
2.12032e-06
3.19471e-05
1.27277e-05
2.28339e-05
5.42457e-06
-7.93207e-06
2.13501e-05
2.81019e-05
2.11978e-05
-9.04733e-06
1.20269e-05
1.42307e-05
1.52770e-05
4.82658e-05
-1.53117e-05
4.07020e-06
1.35470e-05
1.21417e-05
5.20041e-05
-6.06921e-06
-2.20822e-06
1.21991e-05
2.62459e-05
2.27287e-05
4.92131e-06
1.48045e-05
4.26678e-07
2.51265e-05
1.25754e-05
2.05307e-05
1.57223e-05
7.99875e-06
3.08256e-05
-4.56257e-06
2.48483e-05
1.55272e-05
-5.71144e-07
3.45445e-05
2.16408e-05
2.62975e-05
6.91216e-06
-1.01530e-05
4.63661e-06
3.49162e-05
4.54051e-05
7.13676e-06
1.22005e-06
-3.42957e-06
2.25516e-05
4.43551e-05
1.59831e-05
2.88901e-06
1.16454e-06
4.27916e-05
1.54346e-05
7.50833e-06
4.49441e-05
-2.97085e-06
2.57796e-05
2.71234e-05
-6.10069e-06
2.55553e-05
3.44364e-05
3.18814e-05
8.34228e-07
2.99140e-06
1.65049e-05
4.40504e-05
5.18271e-05
-2.60192e-05
-1.41726e-05
2.99537e-05
5.17766e-05
5.27201e-05
1.00033e-05
-7.38319e-06
-2.69267e-05
3.30620e-05
7.21155e-05
4.44664e-05
1.05753e-05
-4.29154e-05
2.05932e-05
5.57620e-05
4.36698e-05
2.50985e-05
-1.58866e-05
3.38621e-06
1.88600e-05
6.85190e-05
3.02241e-05
1.80610e-06
2.80240e-05
-2.36989e-05
4.22619e-05
4.51464e-05
2.22004e-05
3.36503e-05
-9.47840e-06
5.06629e-05
2.02085e-05
1.74485e-06
3.12942e-05
2.52448e-06
4.65719e-05
5.48809e-05
2.98303e-05
-3.62579e-06
-1.16286e-05
1.67084e-05
7.20278e-05
5.89969e-05
-6.98580e-06
1.03208e-05
-1.19760e-05
5.21969e-05
6.17981e-05
5.57274e-06
1.69518e-05
-1.65050e-05
6.97865e-05
5.69228e-05
-3.36023e-06
1.83728e-05
-5.12913e-06
4.46065e-05
5.05215e-05
2.35618e-05
3.30507e-05
2.31318e-05
-1.34446e-05
4.00852e-05
5.87720e-05
1.44739e-05
6.59592e-05
-5.92233e-06
4.43125e-07
5.37901e-05
1.80719e-05
5.87694e-05
5.45667e-06
2.64980e-05
3.92481e-05
1.98333e-06
6.89362e-05
1.23118e-05
5.03995e-06
4.28954e-05
2.20151e-05
4.92211e-05
1.99702e-05
2.75342e-05
3.42718e-05
2.41049e-06
5.43663e-05
4.58483e-05
2.88186e-05
2.69039e-05
-2.70752e-06
2.03052e-05
4.07997e-05
7.37123e-05
4.99603e-05
8.26370e-06
-6.26451e-06
3.97298e-06
8.00824e-05
4.91185e-05
1.91974e-05
3.34431e-05
1.74388e-05
2.09847e-05
2.68545e-05
5.44913e-05
5.79626e-05
1.97849e-05
-8.15813e-06
3.35035e-05
3.52747e-05
7.46383e-05
6.01489e-05
-3.60559e-05
4.87405e-05
2.63312e-05
3.59890e-05
7.21590e-05
-1.51072e-05
4.31761e-05
3.98132e-05
3.15452e-05
6.87431e-05
2.31289e-05
3.70640e-06
5.13630e-06
3.22264e-05
1.07523e-04
7.22507e-05
-2.74072e-05
-1.19245e-06
3.32619e-05
4.80575e-05
4.02541e-05
5.41544e-05
6.38996e-05
9.93726e-06
2.01515e-05
3.41427e-05
4.86334e-05
4.29250e-05
4.26491e-05
2.47636e-05
1.75680e-07
6.83472e-05
6.65505e-05
4.60298e-06
1.45724e-05
6.76211e-05
5.21000e-05
2.99032e-05
2.37841e-05
1.95701e-05
3.95758e-05
4.18615e-05
8.57152e-05
2.99061e-05
-6.11335e-06
4.75079e-05
3.83156e-05
5.16077e-05
3.19025e-05
4.10189e-05
2.56030e-05
2.62003e-05
7.48872e-05
1.52255e-05
4.15849e-05
4.24664e-05
2.95681e-05
8.24845e-05
1.71595e-06
2.66290e-05
7.30737e-05
1.17680e-05
6.29881e-05
4.18691e-05
5.60379e-06
4.81505e-05
3.60377e-05
6.59726e-05
4.28443e-05
2.82879e-07
6.37054e-05
5.68848e-05
2.26373e-05
3.94825e-05
3.71690e-05
3.54894e-05
4.57651e-05
7.69404e-05
5.60257e-05
-1.08350e-05
2.21532e-05
5.91985e-05
5.96349e-05
5.33217e-05
2.69533e-05
4.12001e-05
4.07737e-05
3.15353e-05
4.89790e-05
4.44699e-05
3.69976e-05
7.25894e-05
3.88344e-05
3.10239e-06
6.47674e-05
3.87283e-05
4.80381e-05
5.26464e-05
1.67484e-05
6.29182e-05
5.08018e-05
5.61544e-05
2.15065e-05
5.49884e-06
8.58232e-05
5.64240e-05
4.55314e-05
4.85332e-05
9.75435e-06
4.25933e-05
6.92026e-05
5.75067e-05
2.42243e-05
3.45700e-05
8.58459e-05
3.82025e-05
1.26153e-05
4.94052e-05
4.29638e-05
4.97130e-05
7.45077e-05
6.12291e-05
2.98480e-06
1.29355e-05
6.06783e-05
6.61846e-05
5.66715e-05
6.46821e-05
5.57783e-05
-2.05034e-05
3.61288e-05
9.81180e-05
4.38235e-05
6.76738e-05
3.47053e-05
2.30712e-05
3.43945e-05
2.86952e-05
9.96054e-05
4.93428e-05
3.37086e-05
3.95334e-05
3.99395e-05
7.38154e-05
6.34470e-06
7.80684e-05
7.32294e-05
1.41019e-05
4.15625e-05
1.86727e-05
1.01272e-04
6.02768e-05
3.89042e-05
3.86097e-05
-1.11128e-05
9.98679e-05
6.97142e-05
5.78611e-05
1.79833e-05
-3.00369e-05
1.05042e-04
8.68616e-05
7.48110e-05
1.76702e-05
-1.08301e-05
7.33925e-05
4.51230e-05
1.04984e-04
2.71480e-05
-8.32286e-06
9.14409e-05
4.42088e-05
6.99226e-05
3.26687e-05
2.08876e-05
5.49878e-05
5.90874e-05
8.51095e-05
1.97268e-05
2.68681e-05
4.46111e-05
7.68414e-05
8.17124e-05
3.38230e-05
3.10140e-05
1.35429e-05
8.11972e-05
7.46300e-05
3.48011e-05
4.00599e-05
4.64049e-05
8.96013e-05
3.97161e-05
3.78295e-05
2.86149e-05
4.05981e-05
1.12033e-04
3.52759e-05
2.17460e-05
5.31095e-05
6.04474e-05
6.57315e-05
1.74164e-05
6.06249e-05
6.92147e-05
4.00277e-05
7.61661e-05
5.29018e-05
4.30632e-05
4.16133e-05
2.06702e-05
5.61401e-05
8.46554e-05
9.69760e-05
4.03898e-05
-7.65751e-06
3.81098e-05
6.36795e-05
1.00105e-04
7.36075e-05
3.09796e-05
2.25059e-05
2.23324e-05
8.78820e-05
7.29690e-05
7.53901e-05
2.29478e-05
-1.20246e-05
8.20692e-05
5.33603e-05
9.42048e-05
5.47584e-05
9.31098e-06
7.12071e-05
1.67491e-05
9.21455e-05
7.31021e-05
2.61811e-05
6.89070e-05
2.58251e-05
7.71960e-05
4.78302e-05
4.26138e-05
7.56889e-05
2.47069e-05
7.65250e-05
2.99442e-05
3.06641e-05
1.09015e-04
3.48468e-05
4.65269e-05
6.02360e-05
4.46016e-05
7.10842e-05
6.70639e-05
5.34944e-05
1.30567e-06
4.67754e-05
9.89950e-05
9.22073e-05
3.91010e-05
-7.48912e-06
6.37786e-05
4.63890e-05
7.96264e-05
1.14727e-04
2.12867e-05
3.86237e-05
4.65863e-05
2.97167e-05
7.75963e-05
8.59793e-05
5.65773e-05
4.55239e-05
3.00840e-05
4.97773e-05
7.57621e-05
8.47250e-05
6.59535e-05
1.30465e-05
2.79525e-05
5.94002e-05
1.10305e-04
8.92802e-05
1.70859e-05
2.08189e-05
3.07979e-05
7.49628e-05
8.83638e-05
8.12612e-05
3.48463e-05
7.54170e-07
6.49663e-05
9.51211e-05
6.69321e-05
3.16521e-05
3.43477e-05
5.23813e-05
8.34312e-05
6.76858e-05
5.12907e-05
3.67844e-05
2.35335e-05
9.24375e-05
8.83609e-05
5.10125e-05
9.75320e-06
3.05300e-05
9.27849e-05
9.17263e-05
7.44631e-05
6.99295e-06
3.14982e-05
4.87976e-05
7.26118e-05
1.16300e-04
2.79403e-05
2.33342e-05
5.91072e-05
7.35870e-05
7.78134e-05
4.52760e-05
6.07653e-05
4.50281e-05
3.35014e-05
8.42964e-05
7.34053e-05
3.78056e-05
5.23578e-05
6.73008e-05
6.82394e-05
4.26610e-05
4.54786e-05
6.48850e-05
6.16680e-05
7.41122e-05
4.88123e-05
3.52965e-05
4.97599e-05
5.91954e-05
8.88397e-05
6.30264e-05
5.02933e-05
5.01014e-05
1.05622e-05
6.64461e-05
1.00648e-04
5.48698e-05
6.42588e-05
6.52870e-05
2.88070e-05
3.93976e-05
7.84788e-05
7.10039e-05
5.97387e-05
5.38235e-05
5.15072e-05
5.17744e-05
4.80925e-05
6.69835e-05
4.71836e-05
5.64235e-05
8.39741e-05
3.86247e-05
2.79933e-05
7.29271e-05
7.58429e-05
5.19784e-05
5.35350e-05
6.45944e-05
5.32315e-05
5.98447e-05
7.97701e-05
3.64824e-05
6.13771e-05
5.67829e-05
2.48954e-05
9.76299e-05
5.23760e-05
7.06909e-05
7.10511e-05
-3.89649e-06
7.18347e-05
5.80593e-05
7.84818e-05
8.91699e-05
3.88143e-05
5.77380e-05
1.80728e-05
5.61570e-05
8.26133e-05
7.41311e-05
7.31590e-05
3.75444e-05
5.06819e-05
2.72478e-05
7.05519e-05
8.23280e-05
3.90368e-05
8.40001e-05
4.75292e-05
2.95511e-05
7.79999e-05
6.22097e-05
5.09888e-05
6.14660e-05
3.97313e-05
7.52009e-05
7.84574e-05
4.63705e-05
8.25665e-05
3.39832e-05
4.55738e-05
6.22119e-05
5.19503e-05
1.00139e-04
4.98133e-05
5.34564e-05
4.30976e-05
4.67254e-05
8.49186e-05
4.30725e-05
6.62877e-05
6.10553e-05
4.51741e-05
5.46547e-05
6.43646e-05
6.87408e-05
4.19062e-05
6.07178e-05
5.42522e-05
5.95113e-05
6.78383e-05
4.94349e-05
6.86867e-05
4.63030e-05
5.16554e-05
7.02231e-05
6.34066e-05
6.75981e-05
3.55718e-05
5.91507e-05
6.47246e-05
3.51619e-05
8.19027e-05
7.79123e-05
4.48218e-05
4.95949e-05
4.16350e-05
5.64932e-05
7.20434e-05
6.17234e-05
5.93742e-05
4.96057e-05
5.32799e-05
4.28438e-05
5.14279e-05
1.04351e-04
4.57875e-05
2.56141e-05
7.39840e-05
4.81022e-05
7.32237e-05
5.98067e-05
5.09421e-05
6.03834e-05
3.23187e-05
8.60054e-05
6.98143e-05
4.07821e-05
5.48606e-05
5.47862e-05
5.95006e-05
3.55078e-05
8.32942e-05
5.61184e-05
5.64974e-05
8.45244e-05
7.91008e-06
8.35298e-05
5.85166e-05
2.92106e-05
9.87881e-05
4.52516e-05
5.86531e-05
5.56734e-05
5.64975e-05
5.85163e-05
3.79564e-05
7.21462e-05
6.11064e-05
4.08939e-05
4.33902e-05
8.19447e-05
6.70589e-05
4.21152e-05
6.60110e-05
4.63038e-05
4.04401e-05
6.91782e-05
6.73761e-05
6.75780e-05
6.26598e-05
2.96486e-05
6.21699e-05
4.97803e-05
6.76830e-05
8.46854e-05
2.29260e-05
5.44091e-05
4.59940e-05
8.03139e-05
7.75825e-05
3.77113e-05
5.16052e-05
3.46699e-05
7.97860e-05
5.21823e-05
5.90241e-05
5.82458e-05
4.62772e-05
7.29233e-05
3.33716e-05
7.59714e-05
4.86514e-05
3.76374e-05
7.72847e-05
6.91832e-05
5.64688e-05
2.06072e-05
6.37253e-05
6.84277e-05
8.04127e-05
6.16177e-05
1.24449e-05
6.30889e-05
3.93740e-05
6.58078e-05
9.60089e-05
4.15463e-05
4.23461e-05
4.28673e-05
5.79622e-05
4.95725e-05
6.60985e-05
7.09594e-05
3.55784e-05
7.94718e-05
5.02521e-05
3.43514e-05
6.11028e-05
4.55399e-05
7.23248e-05
5.45813e-05
5.92253e-05
6.57881e-05
3.43213e-05
6.07904e-05
7.02804e-05
3.81801e-05
4.10214e-05
8.36037e-05
6.17894e-05
3.08564e-05
5.21221e-05
5.56845e-05
4.61435e-05
6.83172e-05
7.21341e-05
3.39294e-05
4.82106e-05
4.77155e-05
5.96540e-05
6.90405e-05
4.10397e-05
8.02855e-05
3.10330e-05
3.46603e-05
8.51347e-05
3.31303e-05
6.56254e-05
5.39789e-05
5.99396e-05
6.04526e-05
1.80141e-05
7.17561e-05
5.53152e-05
6.00465e-05
6.18202e-05
3.35389e-05
4.51810e-05
4.72842e-05
7.22615e-05
5.87139e-05
6.15925e-05
5.05794e-05
2.69837e-05
5.77762e-05
5.74999e-05
5.55859e-05
6.55580e-05
4.52327e-05
4.79183e-05
5.70572e-05
4.22492e-05
5.41666e-05
5.38426e-05
5.77348e-05
5.97908e-05
4.99498e-05
3.62809e-05
4.07056e-05
7.69976e-05
3.98375e-05
4.24205e-05
6.35622e-05
5.74565e-05
5.34743e-05
3.77302e-05
6.47110e-05
3.91879e-05
4.22553e-05
6.84395e-05
4.87032e-05
4.87461e-05
5.60917e-05
6.27953e-05
6.04235e-05
4.55338e-05
3.01035e-05
7.23339e-05
5.72465e-05
3.16737e-05
6.98275e-05
5.11719e-05
5.01184e-05
5.30874e-05
4.29303e-05
4.00322e-05
5.68087e-05
6.32563e-05
4.03109e-05
5.77793e-05
3.83833e-05
4.03124e-05
7.08946e-05
3.83478e-05
4.73334e-05
5.18939e-05
5.09925e-05
6.99532e-05
4.74554e-05
4.60051e-05
2.16750e-05
4.43272e-05
6.87848e-05
6.14879e-05
8.84082e-05
1.60863e-05
3.66651e-05
4.76459e-05
3.31352e-05
8.25103e-05
3.19551e-05
6.92045e-05
3.76316e-05
4.01175e-05
7.74028e-05
3.22335e-06
6.65078e-05
4.40367e-05
5.46710e-05
8.38895e-05
8.50406e-06
4.83650e-05
4.12904e-05
4.67905e-05
7.37540e-05
3.87875e-05
4.31252e-05
5.19188e-05
5.31205e-05
3.55368e-05
4.06099e-05
4.76737e-05
2.83482e-05
7.18011e-05
6.39335e-05
2.63298e-05
5.37948e-05
2.42421e-05
4.89573e-05
7.28694e-05
3.55424e-05
4.76152e-05
2.86943e-05
6.42019e-05
5.83935e-05
3.87302e-05
6.38565e-05
2.12371e-05
4.66916e-05
5.03547e-05
6.27577e-05
4.84139e-05
1.26300e-05
5.93298e-05
3.60413e-05
7.04128e-05
6.30358e-05
1.35384e-05
6.58785e-05
3.71850e-05
3.57577e-05
6.47985e-05
3.14547e-05
4.96480e-05
5.38359e-05
3.11676e-05
4.80243e-05
4.92504e-05
3.40014e-05
4.97393e-05
5.13584e-05
2.75721e-05
5.13976e-05
5.22352e-05
2.69180e-05
5.18927e-05
4.86290e-05
3.37809e-05
4.92429e-05
5.20111e-05
4.54984e-05
4.13262e-05
3.28495e-05
4.84474e-05
5.55677e-05
4.05244e-05
4.48886e-05
3.69720e-05
4.28854e-05
4.55105e-05
4.71058e-05
4.80091e-05
2.93760e-05
5.05944e-05
3.78249e-05
3.50256e-05
5.31490e-05
3.03378e-05
3.06719e-05
4.96133e-05
6.26972e-05
2.45553e-05
2.09105e-05
6.05999e-05
4.64860e-05
3.55327e-05
4.34621e-05
5.00496e-05
3.00409e-05
4.39556e-05
4.67721e-05
2.79400e-05
5.36184e-05
3.02843e-05
4.34878e-05
3.56512e-05
3.14278e-05
6.77984e-05
2.07456e-05
4.62117e-05
2.95077e-05
2.21593e-05
8.14780e-05
2.54557e-05
3.12745e-05
4.92742e-05
2.84976e-05
4.08333e-05
4.58687e-05
4.44185e-05
1.77166e-05
3.62272e-05
4.69457e-05
2.87479e-05
5.52343e-05
2.83968e-05
3.41322e-05
6.26408e-05
1.33877e-05
3.57192e-05
4.18784e-05
2.65212e-05
3.72796e-05
4.07221e-05
6.21945e-05
1.13846e-05
2.90640e-05
4.35184e-05
2.94518e-05
8.22480e-05
2.37137e-05
1.60534e-06
4.43326e-05
3.12001e-05
5.77022e-05
6.36311e-05
1.25973e-05
2.77756e-05
2.64900e-05
3.45126e-05
7.17034e-05
1.51043e-05
2.98644e-05
3.89699e-05
3.62294e-05
3.65798e-05
1.40234e-05
4.59534e-05
-2.89963e-06
3.72705e-05
1.41718e-05
-4.68317e-05
1.03784e-04
1.15795e-04
-6.41275e-05
-1.45990e-04
7.57374e-05
7.60009e-05
-2.77710e-04
-2.84571e-04
-7.36501e-05
-7.34490e-05
-4.23006e-04
-4.51141e-04
1.71906e-04
1.44765e-04
-3.83875e-04
2.99163e-04
1.25606e-03
3.55729e-04
-7.09437e-04
-1.14785e-04
2.77991e-04
-5.12506e-04
-1.24808e-03
-2.59339e-04
1.41960e-03
1.38754e-04
-2.12616e-03
-6.69404e-04
1.18871e-03
-9.06036e-04
-3.00467e-03
-1.99827e-03
-6.84141e-04
-1.88463e-04
-2.87102e-04
-9.12572e-04
1.58447e-04
2.12729e-03
2.18453e-03
1.70371e-04
-2.31455e-03
-1.96534e-03
2.06709e-04
-2.43196e-04
-3.51616e-03
-2.96874e-03
3.99803e-03
6.45623e-03
3.20515e-03
-1.36896e-03
-5.90103e-03
-2.55994e-03
-1.30283e-03
-2.82457e-03
6.92767e-04
-3.65360e-03
-3.76695e-03
2.14079e-03
-6.02411e-04
-6.34338e-04
-1.26968e-03
-7.14730e-04
3.21971e-03
8.66323e-04
7.83257e-04
-1.45139e-04
-3.25940e-03
-4.46555e-03
1.43065e-05
1.04229e-02
7.44977e-03
8.64514e-04
-1.72627e-03
-6.80338e-03
-5.50575e-03
-2.42528e-03
3.70910e-03
1.20490e-03
-9.67227e-03
-5.01041e-03
4.35695e-03
8.49098e-03
4.27156e-03
-4.65008e-03
-6.95185e-03
4.89515e-03
2.01326e-02
6.81450e-03
-1.64753e-02
-2.06698e-02
-2.26419e-03
2.48182e-02
2.55662e-02
4.77509e-04
-2.28474e-02
-1.38126e-02
5.55383e-03
3.01388e-03
2.06236e-03
-5.58825e-03
-1.37637e-02
2.52133e-03
1.21272e-02
-7.46781e-03
-2.18965e-02
-6.99200e-03
2.63000e-03
1.31788e-02
2.54492e-02
6.51526e-04
-1.45743e-02
-6.85878e-03
-4.35629e-03
8.77706e-03
1.20758e-02
2.93728e-03
1.10054e-04
-1.66393e-03
-1.20550e-02
-1.81674e-02
3.36300e-03
1.38371e-02
1.42103e-03
-3.35209e-03
3.67816e-03
9.73398e-03
-1.11246e-02
-2.12923e-02
4.98306e-03
1.98290e-02
1.08538e-02
6.88461e-03
1.45228e-02
4.41401e-03
-1.57137e-02
-2.09524e-02
-1.91442e-02
-2.35257e-03
1.65556e-02
1.02124e-02
5.10979e-03
-4.55359e-03
-3.07260e-02
-1.86053e-02
1.22889e-02
2.07210e-02
1.53732e-02
-6.56191e-03
-1.53746e-02
-3.32922e-04
8.70730e-03
-5.79476e-03
-2.53948e-02
-2.02325e-02
2.84052e-03
1.55484e-02
4.76827e-03
1.17622e-02
2.00221e-02
-1.74792e-02
-2.83146e-02
4.46882e-03
1.19416e-02
4.71080e-03
-6.62748e-04
-1.16237e-02
-9.15372e-03
4.52983e-03
1.55095e-02
2.20081e-03
-2.27898e-02
-1.80859e-02
-4.34067e-03
1.56067e-02
1.96959e-02
-8.50650e-03
-9.75304e-03
-1.15648e-02
-1.80577e-02
1.69230e-02
4.03248e-02
1.79250e-02
-2.85897e-02
-5.40164e-02
-2.48967e-02
7.79832e-03
5.77930e-03
-5.52347e-03
-1.53522e-02
-3.41027e-03
2.97573e-02
3.54991e-02
1.10012e-02
-1.21720e-02
-9.22737e-03
-2.76901e-03
9.62234e-04
9.26576e-03
-2.64626e-02
-2.91557e-02
2.03150e-02
1.79845e-02
3.96318e-03
1.31301e-03
4.51004e-03
1.56241e-02
1.47927e-02
-9.51588e-03
-5.52955e-02
-3.17607e-02
3.25645e-02
5.64773e-02
3.02848e-02
-5.95119e-02
-8.76523e-02
-9.64020e-03
5.07245e-02
3.28688e-02
-1.77742e-02
-2.99112e-02
-1.34578e-02
1.70819e-02
2.68416e-02
2.11026e-02
3.16371e-02
-2.04324e-02
-3.21697e-02
5.57327e-02
5.06446e-02
-1.36917e-02
-5.32149e-02
-7.72111e-02
-3.93939e-02
6.38780e-03
2.65056e-02
1.24069e-02
-2.49387e-02
-2.04448e-02
-2.40466e-03
2.83681e-02
6.00595e-02
4.39241e-02
1.14547e-02
-1.42119e-02
-3.97627e-02
-2.42463e-02
4.32698e-02
2.67958e-02
-4.36664e-02
-3.09016e-02
-5.80019e-03
4.53010e-03
1.20479e-02
9.03865e-03
-8.42366e-03
-3.42406e-02
9.10368e-04
3.09098e-02
1.35315e-02
-4.29443e-04
-5.60782e-03
2.71865e-02
3.97338e-02
-5.71129e-03
-3.18993e-02
-2.88380e-03
-1.94180e-03
-4.76869e-02
-1.85779e-02
5.67877e-03
-1.17402e-02
1.38278e-02
2.69796e-02
3.22727e-02
6.81885e-04
-2.05281e-02
8.93458e-03
3.45533e-03
1.21850e-02
-8.40433e-03
-3.39770e-02
-1.88314e-02
-4.14319e-02
-2.27865e-02
2.19692e-02
3.86786e-02
2.20027e-02
-2.09694e-02
-1.21662e-02
-1.16032e-02
-2.75409e-02
5.53332e-03
3.02113e-02
1.33353e-02
-6.27221e-03
-6.02732e-03
1.31952e-02
5.61302e-02
4.47349e-02
-2.95097e-02
-2.01425e-02
2.56421e-02
-5.73026e-03
-1.69807e-02
-6.15602e-03
-3.86448e-02
-1.59024e-02
4.21286e-02
3.24710e-02
-1.28904e-02
-4.59608e-02
-4.54128e-02
-9.56710e-03
2.90698e-02
1.03024e-02
-2.03362e-02
1.03439e-02
2.16474e-02
-2.79340e-03
-1.37462e-03
3.47253e-03
-2.87888e-02
-5.24914e-02
6.37441e-04
6.23934e-02
4.94962e-02
-1.17513e-02
-6.06758e-02
-4.22994e-02
8.73748e-03
2.26795e-03
-5.81690e-03
4.29884e-02
6.49481e-02
4.08949e-02
-1.45693e-02
-5.21981e-02
-1.30005e-02
5.28716e-03
-1.13596e-04
1.49834e-02
-1.71701e-02
-5.07762e-02
-3.35778e-02
2.97016e-03
3.00137e-02
4.60919e-02
4.08132e-02
-1.56448e-02
-3.12478e-02
9.03401e-03
1.56497e-02
-2.42590e-03
-2.20399e-02
-6.49124e-03
5.56427e-03
-2.88080e-03
1.96306e-02
5.60488e-03
-3.82744e-02
-2.58904e-02
1.87579e-02
2.97067e-02
-1.61112e-02
-7.43573e-02
-3.85133e-02
5.73792e-02
5.65509e-02
-4.61205e-04
-2.60103e-02
-2.82486e-02
-2.09092e-02
3.67879e-04
5.62471e-02
5.64313e-02
-2.24886e-02
-6.75349e-02
-4.97836e-02
6.02993e-03
4.98910e-02
4.24178e-02
9.33770e-03
-1.23861e-02
-1.01174e-02
1.01257e-02
1.50906e-02
-4.40086e-03
1.69162e-03
7.31841e-03
-2.27118e-02
-3.97080e-02
-2.55678e-02
7.67465e-03
1.00828e-02
6.11980e-03
4.77108e-02
2.49716e-02
-4.07988e-02
-3.22515e-02
6.83504e-03
2.62847e-02
2.24375e-02
1.29953e-02
-1.60772e-02
-2.51822e-02
9.30892e-03
-1.85968e-02
-4.30134e-02
-3.51111e-02
-4.46615e-02
2.83805e-02
8.58091e-02
1.33880e-02
-5.68167e-02
-3.70109e-02
1.53169e-02
3.92656e-02
3.65807e-02
2.42428e-03
-2.43799e-02
-1.56743e-02
-3.43056e-03
1.27421e-02
1.86271e-02
1.18027e-04
-1.54267e-02
-7.57536e-03
-3.41094e-03
-6.72244e-03
-1.02970e-02
-5.53921e-03
2.92384e-02
1.05726e-02
-3.96253e-02
-2.01522e-02
2.27478e-02
3.01903e-02
-7.78552e-03
-3.49291e-02
-2.52988e-02
8.64049e-04
-1.84503e-03
-3.70962e-02
-1.09767e-02
2.43808e-02
1.24926e-02
-1.47684e-03
1.01736e-02
4.79872e-03
-3.06990e-02
5.83819e-03
7.82102e-03
-1.40186e-02
4.71902e-02
2.96352e-02
-1.66085e-02
-2.32799e-02
-3.37039e-02
-8.85116e-03
2.60535e-02
5.43058e-02
2.14978e-02
-3.49029e-02
-4.81670e-02
-5.24871e-02
7.81974e-03
7.45706e-02
7.05665e-02
4.88228e-02
-1.40053e-02
-5.55803e-02
-1.52297e-02
-1.00594e-02
-4.07889e-02
-2.22411e-02
3.38772e-05
1.30731e-02
5.66034e-02
5.37392e-02
-1.00647e-02
-4.51900e-02
-4.24949e-02
1.90862e-02
1.09795e-01
9.45442e-02
2.78397e-03
-2.59747e-02
-2.60387e-02
-3.98969e-02
-2.51760e-03
4.97340e-02
5.76432e-02
1.69859e-02
-1.82829e-02
-1.07975e-02
-1.57427e-02
-3.33297e-02
-4.78061e-02
-1.04892e-02
1.77131e-02
-1.74531e-02
2.00064e-02
2.87139e-02
-4.41866e-04
2.27617e-02
9.97357e-03
4.09440e-02
3.29711e-02
-2.61372e-02
1.57155e-02
-6.06950e-03
-6.28011e-02
-5.59329e-02
-4.69710e-02
9.05230e-03
2.20983e-02
-1.90821e-02
-3.46694e-02
-5.39978e-02
-1.49982e-02
3.89545e-02
4.52564e-02
4.89921e-02
3.67364e-02
1.71089e-02
4.35827e-03
2.89843e-02
4.84522e-02
-7.77628e-03
-7.41940e-02
-8.37522e-02
-1.33840e-02
5.86563e-02
4.20059e-02
-4.56394e-02
-8.94735e-02
-3.09366e-02
1.31533e-03
8.35030e-03
1.47711e-02
-1.36861e-02
5.52670e-03
5.07610e-02
6.79861e-02
4.32680e-02
1.20252e-02
3.31263e-02
6.85369e-02
9.50162e-02
5.82900e-02
-1.29752e-02
-1.98328e-02
-4.33813e-02
-6.67869e-02
5.49388e-03
1.60011e-02
-7.39066e-02
-8.61221e-02
-6.19732e-02
-5.77936e-02
-9.03538e-03
2.85016e-02
3.02761e-02
4.22489e-02
3.17222e-02
5.24759e-03
1.92211e-02
4.80724e-02
4.25539e-02
-9.77891e-03
-6.23121e-02
-5.54928e-02
-2.81982e-02
-3.11788e-02
-1.67479e-02
2.73050e-02
2.79182e-02
1.81677e-02
1.60652e-02
-3.95303e-03
3.73131e-02
5.91108e-02
-1.28781e-02
-4.24936e-02
-2.18039e-02
-4.28182e-03
1.91099e-02
3.67160e-02
2.17199e-02
-4.87825e-02
-4.92724e-02
4.99977e-02
2.82498e-02
-4.72924e-02
8.58842e-03
4.87881e-02
2.23197e-02
1.85695e-02
-8.74545e-03
-1.29648e-02
5.38660e-02
6.24591e-02
1.88410e-02
5.55078e-02
1.02153e-01
5.08454e-02
-5.31786e-02
-1.30754e-01
-5.94543e-02
7.56629e-02
7.78273e-02
1.52221e-02
-7.67662e-02
-9.95495e-02
1.90623e-02
8.35357e-02
1.06944e-01
1.40615e-01
1.09230e-01
1.84027e-02
-5.51307e-02
-1.02232e-02
8.34445e-02
8.27209e-02
-2.36995e-03
-4.58931e-02
-6.17949e-02
-4.57882e-02
4.86983e-02
5.23477e-02
1.67169e-02
-3.36820e-03
-5.69254e-02
-4.32336e-02
-6.72133e-02
-1.21401e-01
-1.33501e-01
-1.18979e-01
-3.31124e-04
5.50352e-02
-2.68624e-02
-7.59406e-02
-9.46252e-02
-9.46925e-02
-5.02048e-02
-4.44279e-02
-6.68133e-02
-2.01867e-02
3.61627e-02
5.15100e-02
6.85386e-02
5.92791e-02
2.15732e-02
7.76095e-03
5.78827e-03
1.33517e-02
2.80848e-02
2.45314e-03
-2.47081e-02
-2.15423e-03
7.47465e-02
1.48628e-01
1.49689e-01
1.08861e-01
1.67693e-03
-8.22631e-02
-4.13277e-02
1.27203e-02
4.66545e-02
4.87010e-02
6.97223e-02
9.30934e-02
1.25491e-02
-6.31414e-02
-1.03605e-01
-1.30752e-01
-1.35807e-01
-9.21127e-02
-1.04491e-02
-3.19707e-05
6.70032e-02
1.19093e-01
3.74805e-02
4.70898e-02
4.12365e-02
-3.69111e-02
-1.67890e-02
2.02887e-02
3.80585e-02
3.49479e-02
-2.37266e-02
-9.56380e-02
-1.55197e-01
-1.86711e-01
-1.70019e-01
-1.11765e-01
-4.70449e-02
1.31856e-02
2.00352e-02
-3.47931e-02
-7.74144e-02
-1.34702e-01
-1.42721e-01
-4.28720e-02
1.31605e-02
2.74300e-02
5.70382e-02
4.62211e-02
7.13547e-02
1.14547e-01
7.80908e-02
9.57176e-02
1.33537e-01
7.06075e-02
8.46313e-02
1.65386e-01
1.65067e-01
1.58897e-01
1.30846e-01
3.73036e-02
4.24003e-03
4.14297e-02
1.32582e-03
-1.19010e-01
-1.84488e-01
-1.79915e-01
-1.72674e-01
-1.36540e-01
-6.53723e-02
-2.13623e-02
-1.98682e-03
-6.11306e-03
-5.68641e-03
1.62629e-02
-1.27316e-02
-3.82817e-02
-3.73261e-02
-6.18104e-02
-2.32446e-02
7.17133e-02
1.06813e-01
7.50424e-02
5.51513e-02
4.30496e-02
-1.95940e-03
-2.00680e-02
-3.04143e-02
-6.13525e-02
-7.43374e-02
-7.81030e-02
-3.78646e-02
4.37183e-02
1.02587e-01
1.06168e-01
3.89255e-02
-7.37704e-02
-1.84733e-01
-2.24751e-01
-1.82431e-01
-1.21172e-01
-2.54577e-02
8.06689e-02
1.23834e-01
1.37062e-01
1.27428e-01
6.61929e-02
-8.39739e-03
1.28952e-02
7.95694e-02
2.28373e-02
1.89357e-03
7.07668e-02
4.65378e-02
5.25650e-02
1.04703e-01
4.72159e-02
-2.23240e-02
-4.07128e-02
-8.70900e-02
-1.21723e-01
-7.44755e-02
-4.08212e-02
-8.22303e-02
-1.22889e-01
-1.29321e-01
-9.71584e-02
-5.20540e-02
-1.97285e-02
8.77682e-03
1.36402e-02
9.98388e-03
2.93259e-03
2.07730e-02
9.43599e-02
1.17016e-01
3.55875e-02
-5.23770e-02
-2.73902e-02
5.15553e-02
3.94299e-02
-1.29086e-03
4.80268e-04
1.27428e-02
4.92355e-03
-1.14308e-02
3.20560e-02
6.67403e-02
3.46230e-02
2.43475e-02
1.46653e-02
6.43260e-03
7.84345e-02
1.26970e-01
6.48460e-02
-4.31356e-03
-2.51209e-02
-1.50348e-02
1.01871e-02
2.42533e-02
2.24906e-02
2.34704e-03
-4.37787e-02
-8.89493e-02
-6.39997e-02
-1.47040e-02
-2.08117e-02
-1.65348e-02
-2.13243e-02
-8.34077e-02
-6.86454e-02
3.11800e-02
2.87824e-02
1.90824e-02
8.77886e-02
2.93934e-02
-2.76457e-02
1.92433e-02
-3.31988e-02
-8.85761e-02
-3.67150e-02
-1.14684e-02
-2.23186e-02
3.69267e-03
-1.45849e-02
-8.20135e-02
-6.42304e-02
9.98969e-03
2.45613e-02
1.53743e-02
8.64166e-02
1.17385e-01
6.45092e-02
8.20249e-02
5.61738e-02
-3.73245e-02
-7.14654e-02
-9.88989e-02
-7.58630e-02
-1.53513e-02
8.72125e-03
3.37939e-02
3.27554e-03
-2.38390e-02
3.99960e-02
7.99978e-02
7.17324e-02
4.05897e-02
-2.83204e-02
-8.48189e-02
-9.50412e-02
-9.24474e-02
-8.78409e-02
-4.44994e-02
2.21354e-02
6.46831e-02
5.48926e-02
1.39195e-02
-9.26353e-03
-1.05356e-02
-1.50848e-02
-3.69163e-02
-1.04556e-02
3.88127e-02
9.83802e-03
-1.89483e-02
-7.99534e-03
-1.98890e-02
-4.14122e-02
-5.28706e-02
-7.27836e-02
-8.26517e-02
-5.45065e-02
-2.41129e-02
3.00618e-02
7.41560e-02
4.31075e-02
5.33247e-02
8.42191e-02
5.44563e-02
7.75145e-03
-3.95666e-02
-2.09481e-02
4.84164e-03
-2.32819e-02
-4.41122e-03
1.41943e-02
-1.13766e-02
-2.89961e-02
-5.00120e-02
-4.91744e-02
3.87246e-02
1.25758e-01
9.13840e-02
3.36420e-02
-1.06864e-02
-3.88677e-02
3.98058e-02
1.06001e-01
1.03409e-01
8.72905e-02
2.42931e-02
-2.47086e-02
-3.38270e-02
-2.73323e-02
-4.61741e-03
-9.13795e-03
-3.74434e-02
-4.79598e-02
-1.61054e-02
4.96543e-02
1.02971e-01
1.23390e-01
1.20180e-01
7.75514e-02
3.47357e-02
4.35421e-02
6.15633e-02
8.49297e-02
8.63210e-02
3.91780e-02
-1.39046e-03
-4.66192e-02
-7.44869e-02
-7.46767e-02
-8.70618e-02
-1.08468e-01
-1.33060e-01
-7.82674e-02
2.79328e-02
8.08332e-02
1.11825e-01
1.20278e-01
1.20428e-01
1.30976e-01
1.21165e-01
9.38215e-02
5.59522e-02
4.11915e-02
2.64338e-02
-2.56011e-02
-3.94112e-02
1.07979e-02
4.54132e-02
5.11677e-02
5.84016e-02
3.53480e-02
3.51133e-03
-2.71333e-02
-9.43366e-02
-1.00312e-01
-2.01190e-02
1.88543e-02
1.73635e-02
1.62730e-02
-3.57043e-02
-1.00471e-01
-8.55236e-02
-4.54316e-02
-1.49320e-02
3.95434e-02
7.71376e-02
1.28763e-01
1.57949e-01
8.80964e-02
4.87894e-02
2.66973e-02
-8.13967e-02
-1.96358e-01
-2.17314e-01
-1.21053e-01
1.45297e-02
1.21513e-01
1.40095e-01
7.12363e-02
-2.01570e-02
-1.15950e-01
-1.03057e-01
-9.49937e-03
4.22262e-02
8.87044e-02
6.82732e-02
-3.35642e-02
-1.26379e-01
-2.17075e-01
-2.81224e-01
-2.33919e-01
-1.27156e-01
-8.19923e-02
-4.48243e-02
-3.37370e-02
-9.87485e-02
-9.95420e-02
-4.86916e-02
-1.82429e-02
3.68988e-02
9.14510e-02
1.05029e-01
9.50667e-02
9.32493e-02
9.19951e-02
1.03852e-01
1.56842e-01
1.81199e-01
1.53182e-01
1.08170e-01
3.40336e-02
-4.52126e-02
-1.14470e-01
-1.33690e-01
-7.43609e-02
-1.55522e-02
4.25817e-02
9.17017e-02
8.81622e-02
7.52526e-02
1.89729e-02
-1.13637e-01
-2.09971e-01
-1.83573e-01
-7.87254e-02
5.68378e-02
1.64341e-01
2.10580e-01
2.42386e-01
1.83878e-01
2.58823e-02
-1.05789e-01
-1.78510e-01
-1.58984e-01
-7.46964e-02
1.06176e-02
8.16878e-02
8.54658e-02
2.42481e-02
-3.55820e-02
-5.98285e-02
-3.98684e-02
2.44645e-02
7.32550e-02
8.32817e-02
1.20383e-01
1.32465e-01
7.47985e-02
3.93455e-02
2.86333e-02
-1.73147e-03
-1.55017e-02
3.72686e-03
1.92673e-02
-8.43906e-03
-7.26616e-02
-1.19236e-01
-1.45357e-01
-1.49686e-01
-8.36589e-02
-2.47179e-02
-4.95688e-02
-5.80323e-02
-4.93567e-02
-8.72251e-02
-8.09938e-02
1.66419e-02
1.40604e-01
1.90051e-01
1.60137e-01
1.02369e-01
1.42095e-03
-1.36994e-02
7.94908e-02
1.34928e-01
1.73512e-01
1.88496e-01
1.46572e-01
5.52706e-02
-4.36812e-02
-6.88228e-02
-5.30692e-02
-3.28547e-02
-7.50459e-03
2.06966e-02
4.11342e-02
6.74674e-03
-5.07719e-02
-8.69650e-02
-1.28804e-01
-1.51016e-01
-1.24836e-01
-1.11565e-01
-1.27978e-01
-1.39350e-01
-1.36711e-01
-1.01366e-01
-2.65195e-02
4.19517e-02
7.36222e-02
1.41166e-01
2.06722e-01
1.87021e-01
1.72761e-01
1.51170e-01
1.02791e-01
7.35381e-02
1.95621e-02
-3.03146e-02
-5.61265e-02
-8.18692e-02
-9.92434e-02
-9.63576e-02
-8.77837e-02
-1.16464e-01
-1.46979e-01
-1.28314e-01
-7.64463e-02
-3.65177e-02
5.78168e-04
3.30825e-02
2.79783e-02
3.32479e-02
2.83607e-02
3.11102e-02
8.46689e-02
1.06130e-01
8.72043e-02
2.66772e-02
-3.18652e-02
-3.20105e-02
-4.07337e-02
-4.63451e-02
-3.05555e-02
-3.99793e-02
-6.71405e-02
-7.13616e-02
-3.78062e-02
7.90256e-03
3.08072e-02
3.03521e-02
2.78129e-02
-9.00848e-03
-5.30663e-02
-1.97480e-02
1.53089e-02
-7.08998e-03
-1.10829e-02
-1.62332e-03
-7.26085e-03
1.29884e-02
6.91509e-02
1.08170e-01
9.18111e-02
6.34856e-02
5.07890e-02
4.17637e-02
4.79392e-02
5.29997e-02
2.09865e-02
-6.41142e-02
-1.66827e-01
-2.26874e-01
-2.50335e-01
-2.51623e-01
-2.16141e-01
-1.71157e-01
-1.47559e-01
-1.48761e-01
-1.83882e-01
-2.38246e-01
-2.58767e-01
-2.00399e-01
-1.04117e-01
-3.15280e-02
2.96786e-02
4.74858e-02
2.10427e-03
-4.36297e-02
-8.33715e-02
-8.50939e-02
5.60146e-03
1.20517e-01
2.03429e-01
2.76593e-01
3.11065e-01
2.52266e-01
1.53502e-01
9.05938e-02
3.37175e-02
-3.61445e-02
-8.93898e-02
-8.32593e-02
-3.16721e-02
-8.87287e-03
2.69697e-02
6.30925e-02
5.08032e-02
5.92582e-02
4.23923e-02
-2.32870e-02
-9.23507e-02
-1.70766e-01
-1.99586e-01
-1.31905e-01
9.57329e-03
1.16957e-01
1.28338e-01
1.06162e-01
4.50602e-02
-2.93234e-02
-2.89002e-02
2.04189e-02
7.88337e-02
1.33899e-01
1.47158e-01
1.39849e-01
1.01045e-01
4.19549e-02
8.48214e-02
1.34412e-01
7.43197e-02
2.31494e-02
-2.17340e-03
-5.33036e-02
-1.13832e-01
-1.33942e-01
-9.95594e-02
-7.24164e-02
-5.25741e-02
-3.83332e-02
-3.60404e-02
-1.98360e-02
1.32615e-02
4.77548e-02
4.05982e-02
2.47923e-02
1.20246e-03
-8.79191e-02
-1.62906e-01
-1.62284e-01
-1.08808e-01
-1.88902e-02
5.70615e-02
9.12084e-02
1.16582e-01
1.06477e-01
3.51801e-02
-2.51719e-02
-5.79100e-02
-7.75091e-02
-4.58301e-02
3.91008e-02
1.24771e-01
1.68616e-01
1.73775e-01
1.54380e-01
1.27006e-01
7.27159e-02
-2.96829e-02
-9.56878e-02
-9.98907e-02
-1.04532e-01
-4.15314e-02
9.85044e-02
1.96302e-01
2.30229e-01
1.85778e-01
7.81291e-02
-1.36246e-02
-7.58898e-02
-1.18735e-01
-1.06571e-01
-8.81524e-03
4.56541e-02
1.56952e-02
4.11955e-02
7.48034e-02
6.45459e-02
5.48223e-02
-6.27870e-04
-1.14612e-01
-2.07151e-01
-2.06539e-01
-1.36003e-01
-2.11383e-02
7.09737e-02
4.76568e-02
-1.13042e-02
-6.22923e-02
-8.85491e-02
-1.67601e-02
7.11909e-02
9.25777e-02
6.98045e-02
2.38616e-02
-1.68822e-02
6.09549e-03
7.23930e-02
6.61665e-02
8.98978e-03
-3.36833e-02
-5.23653e-02
9.20108e-03
1.03926e-01
1.45160e-01
1.46498e-01
1.28281e-01
7.43949e-02
-1.21334e-02
-5.12051e-02
-2.33461e-02
2.67196e-02
7.01100e-02
4.52077e-02
-2.09521e-02
-6.78220e-02
-1.04756e-01
-1.19902e-01
-1.22494e-01
-1.30069e-01
-1.14797e-01
-6.78205e-02
-3.66981e-02
-4.92975e-02
-5.92645e-02
-6.86333e-02
-9.99876e-02
-8.89668e-02
-4.87062e-02
-4.99053e-02
-5.26073e-02
-4.12921e-02
-5.65946e-02
-5.84920e-02
-1.72111e-02
1.73740e-02
1.92953e-02
1.24988e-02
1.63949e-02
1.90743e-02
3.41089e-02
6.41932e-02
5.40093e-02
4.26791e-02
6.64279e-02
5.90017e-02
4.68554e-02
7.18145e-02
8.99871e-02
7.66793e-02
3.92715e-02
4.46591e-03
8.39313e-03
4.43470e-02
4.39796e-02
-7.88742e-03
-5.69213e-02
-9.59920e-02
-9.55748e-02
-3.04379e-02
2.90110e-02
5.18704e-02
3.83828e-02
-1.40090e-02
-4.46992e-02
-4.45267e-02
-3.93835e-02
1.86746e-04
4.24899e-02
4.13647e-02
3.04928e-02
1.37938e-02
-4.56385e-03
7.23061e-03
7.60725e-03
-1.28542e-02
-1.72727e-02
-5.59777e-03
3.30604e-02
5.76536e-02
5.79444e-02
7.66014e-02
5.58502e-02
-2.38779e-02
-9.56947e-02
-1.18730e-01
-9.17939e-02
-3.88268e-02
1.45280e-02
4.41889e-02
5.58575e-02
6.13265e-02
5.00379e-02
3.18601e-02
2.61536e-02
9.45227e-03
-2.21765e-02
-2.43417e-02
7.88073e-04
2.75169e-02
4.34602e-02
4.89415e-02
2.42476e-02
-3.21815e-02
-6.51540e-02
-7.46393e-02
-6.03396e-02
-5.03221e-02
-5.88260e-02
-3.24888e-02
-2.53024e-02
-3.09105e-02
-1.15707e-02
-9.50597e-03
-2.10233e-02
-5.16047e-02
-7.44536e-02
-8.30398e-02
-7.63544e-02
-1.45499e-02
4.29712e-02
6.31901e-02
6.32989e-02
3.14632e-02
-1.41115e-02
-3.91915e-02
-3.06585e-02
-1.54052e-02
1.28610e-02
6.50002e-02
6.90802e-02
2.37709e-02
4.96970e-03
5.91789e-03
3.30160e-03
-1.64028e-03
-2.32413e-02
-4.09272e-02
-2.52716e-02
1.94121e-02
6.02115e-02
5.58296e-02
1.78641e-02
-2.11560e-02
-5.63242e-02
-6.41629e-02
-1.70919e-02
4.49306e-02
7.11241e-02
6.29927e-02
1.82765e-02
-4.94234e-02
-8.41029e-02
-5.56336e-02
-5.14930e-04
3.34124e-02
4.11242e-02
2.21923e-02
-1.49690e-03
8.22545e-05
7.58778e-03
4.29914e-03
-1.35320e-02
-4.99181e-02
-7.28897e-02
-6.00214e-02
-4.81837e-02
-3.54851e-02
-5.20098e-03
2.91852e-03
1.16824e-03
9.06155e-03
-3.58451e-05
-1.27330e-02
-2.95078e-03
-4.66964e-03
-3.23506e-02
-2.88868e-02
-2.54962e-02
-6.13322e-02
-8.18722e-02
-8.61299e-02
-7.01353e-02
-2.81453e-02
4.90771e-03
2.80428e-02
3.07112e-02
2.86965e-03
-3.72480e-02
-5.90125e-02
-5.04587e-02
-2.30669e-02
2.52547e-02
6.11356e-02
6.38588e-02
5.31671e-02
3.00317e-02
2.65603e-03
-2.62987e-02
-4.37766e-02
-4.51189e-02
-4.08580e-02
-2.09088e-02
-1.03728e-02
-1.16743e-02
2.67156e-03
1.39051e-02
8.83303e-05
-2.93426e-02
-5.07965e-02
-4.59374e-02
-6.36193e-03
2.52584e-02
3.12425e-02
4.88146e-02
5.25918e-02
3.20502e-02
1.15244e-02
-1.34713e-03
-1.11396e-02
-2.00072e-02
1.22184e-02
4.35916e-02
2.98255e-02
2.64696e-02
8.06605e-03
-3.50622e-02
-3.89030e-02
-2.82096e-02
-2.02856e-02
1.09521e-02
2.22688e-02
-3.61879e-03
-2.86420e-02
-4.15876e-02
-3.38955e-02
-1.51762e-02
1.04839e-03
1.97714e-02
2.15152e-02
8.95396e-03
2.11008e-02
4.55175e-02
4.85628e-02
3.87410e-02
1.74585e-02
-1.90499e-03
-3.02249e-03
3.63394e-03
7.57471e-03
1.02336e-03
1.88847e-02
3.74611e-02
1.68924e-02
7.33133e-03
-3.04834e-03
-1.67430e-02
-3.56947e-03
9.95213e-03
1.55223e-02
2.31819e-02
3.88798e-02
4.40129e-02
3.87427e-02
3.23515e-02
1.38769e-02
1.36829e-02
2.95955e-02
4.14726e-02
6.32955e-02
8.09839e-02
8.03321e-02
6.25844e-02
2.70891e-02
-5.11619e-03
-1.01321e-02
6.80722e-03
3.45781e-02
5.26748e-02
4.78170e-02
3.39161e-02
1.00618e-02
-5.33201e-03
6.45537e-04
4.11852e-03
5.65542e-03
6.22122e-03
1.06192e-02
2.33979e-02
2.79348e-02
1.98278e-02
-9.97403e-04
-2.02121e-02
-1.74488e-02
2.26436e-03
1.99027e-02
2.25895e-02
1.07935e-02
-1.57545e-03
-8.42577e-04
9.31609e-03
2.15671e-02
2.13130e-02
1.50290e-02
1.75708e-02
6.14789e-03
-9.42125e-03
-9.44612e-03
-1.16951e-02
-1.44709e-02
-1.04739e-02
-2.98626e-03
1.53945e-02
2.66482e-02
6.32432e-03
-1.40820e-02
-1.84372e-02
-1.34236e-02
1.19680e-02
2.99194e-02
2.78708e-02
2.92781e-02
3.23670e-02
3.03388e-02
3.05954e-02
4.78349e-02
6.12380e-02
3.86166e-02
1.21203e-02
7.22696e-03
-5.91180e-03
-1.69524e-02
-1.39446e-03
1.03125e-02
2.28312e-02
5.00160e-02
4.82759e-02
1.05294e-02
-1.90462e-02
-1.50036e-02
4.69007e-03
1.75844e-02
1.63025e-02
3.69000e-03
-8.05676e-03
-2.35164e-02
-2.65031e-02
-9.29259e-03
8.14543e-03
2.76206e-02
3.00800e-02
1.92215e-02
1.57224e-02
-3.71523e-03
-3.21503e-02
-3.86471e-02
-2.17197e-02
4.25063e-03
2.33974e-02
1.37578e-02
-2.19489e-02
-5.10015e-02
-6.85885e-02
-6.86354e-02
-4.67241e-02
-3.07479e-02
-2.33929e-02
-1.17216e-02
-5.66865e-03
-1.87836e-02
-2.88222e-02
-1.72677e-02
-6.23561e-03
1.77049e-03
1.03732e-02
1.34765e-02
9.89585e-03
3.29829e-03
-3.17895e-04
-1.10685e-02
-1.90218e-02
-2.37551e-02
-3.73405e-02
-3.91381e-02
-2.21349e-02
4.91700e-03
2.10890e-02
2.61666e-02
3.90715e-02
3.75456e-02
2.24465e-02
1.60408e-02
7.39660e-03
-4.22885e-03
4.28679e-03
2.86384e-02
3.48334e-02
3.13470e-02
3.41697e-02
2.26806e-02
4.27444e-03
-7.49121e-05
7.08352e-03
1.41417e-02
1.49488e-02
1.16564e-02
4.98569e-03
1.67546e-03
-9.14290e-05
-7.97178e-03
-1.78699e-02
-3.02024e-02
-3.66771e-02
-3.50740e-02
-3.34915e-02
-2.02278e-02
-1.44090e-02
-2.97664e-02
-3.27872e-02
-3.60506e-02
-4.16962e-02
-2.09216e-02
-3.04277e-03
-4.76953e-03
-1.15596e-02
-1.83058e-02
-2.75731e-02
-3.57481e-02
-2.49491e-02
-8.18557e-03
3.83709e-03
1.37633e-02
1.24117e-02
3.01402e-03
-1.06509e-02
-1.13852e-02
-5.20107e-04
3.61905e-03
1.20392e-02
9.53763e-03
-5.48040e-03
-3.33858e-03
-4.05370e-03
-1.30357e-02
-7.86238e-03
-9.12818e-03
-2.70518e-02
-3.45911e-02
-1.86190e-02
3.57740e-04
6.23243e-03
1.22332e-03
-1.97712e-02
-3.23638e-02
-1.57520e-02
6.48029e-03
2.22110e-02
2.09153e-02
7.28248e-04
-1.58889e-02
-1.54361e-02
-5.50751e-03
3.10618e-03
1.45288e-02
8.86980e-03
-1.40103e-02
-8.95257e-03
1.34215e-02
2.03882e-02
1.44464e-02
1.47503e-03
-8.20861e-03
-1.68376e-02
-2.44543e-02
-1.55703e-02
-8.08283e-03
-6.75935e-03
5.69137e-03
1.46099e-02
1.67997e-02
9.08594e-03
-8.25831e-03
-1.61007e-02
-2.06980e-02
-2.16408e-02
-1.18257e-02
2.00707e-03
9.47828e-03
7.36605e-03
2.90101e-03
2.00353e-03
1.06096e-02
6.83734e-03
-1.28280e-02
-2.06752e-02
-2.09466e-02
-1.81557e-02
-6.96430e-03
4.62175e-03
-3.24880e-03
-1.42602e-02
-6.96186e-03
-6.16925e-03
-9.30122e-03
-1.49063e-02
-2.29915e-02
-1.84619e-02
-1.63644e-02
-1.68933e-02
-1.81190e-02
-1.53533e-02
-1.19752e-02
-2.39134e-02
-2.70960e-02
-1.90507e-02
-9.55345e-03
-5.64152e-03
-2.11340e-02
-2.54569e-02
-1.02411e-02
2.89441e-03
7.36106e-03
1.72468e-04
-5.18513e-03
-1.23776e-03
8.27405e-03
1.96892e-02
3.13046e-02
3.02535e-02
6.08799e-03
-9.18813e-03
-8.26285e-03
-6.98253e-03
-2.81872e-03
-4.36745e-03
-4.74265e-03
-3.16203e-03
-9.58347e-03
-1.37782e-02
-1.49888e-02
-1.67327e-02
-1.12090e-02
3.23539e-03
1.01014e-02
1.00512e-02
8.65099e-03
-1.94732e-03
-2.28406e-03
5.16805e-03
2.02340e-03
1.30372e-03
3.90292e-03
6.82341e-03
8.35729e-03
4.12264e-03
1.15052e-03
-4.01715e-03
-1.39874e-02
-1.23947e-02
3.61973e-03
1.16093e-02
1.00986e-02
8.62248e-03
1.77273e-03
-3.79664e-03
-5.72528e-03
-8.12934e-03
-1.18594e-02
-9.92952e-03
4.65385e-03
8.25194e-03
-1.78029e-03
-7.61174e-03
-7.28832e-03
2.76421e-04
5.08175e-03
1.03531e-02
1.55262e-02
1.31360e-02
1.72924e-02
1.70965e-02
9.88581e-03
1.19564e-02
1.24541e-02
1.55926e-02
2.51906e-02
2.73086e-02
2.86122e-02
3.08491e-02
2.49622e-02
1.46809e-02
9.51216e-03
8.92326e-03
6.75095e-03
2.98700e-03
-4.90441e-03
-7.20456e-03
2.78781e-03
6.55581e-03
-1.40446e-03
-1.16736e-02
-1.73723e-02
-1.74954e-02
-1.23149e-02
-1.48339e-03
5.16547e-03
7.15102e-03
8.93776e-03
7.49613e-03
5.06919e-03
4.47343e-03
1.09906e-02
1.62077e-02
8.35728e-03
7.26796e-03
1.50514e-02
1.41484e-02
1.15695e-02
1.06539e-02
1.61213e-02
1.96386e-02
3.61573e-03
-5.17163e-03
-3.03089e-03
-1.06457e-02
-1.48117e-02
-1.40398e-02
-1.17735e-02
-2.36793e-03
5.99116e-03
5.29941e-03
2.69382e-03
1.67489e-03
-2.15798e-03
2.44720e-03
1.19380e-02
1.57730e-02
2.25816e-02
2.38840e-02
1.74183e-02
1.57009e-02
1.77432e-02
2.36680e-02
3.19513e-02
3.48860e-02
2.84220e-02
1.93834e-02
1.60157e-02
9.56557e-03
-2.28201e-03
-7.92505e-03
-6.93415e-03
-1.47881e-03
8.19712e-03
1.74340e-02
1.77315e-02
9.88975e-03
9.97271e-03
9.24382e-03
-6.47605e-04
-3.36253e-03
-7.38259e-03
-1.27977e-02
-5.61686e-03
8.33495e-05
-3.21020e-03
-3.84912e-03
3.80174e-04
-2.09723e-03
-7.54047e-03
-4.90301e-03
-1.84690e-03
-5.39339e-03
-1.28179e-02
-1.61134e-02
-1.59132e-02
-1.38326e-02
-7.75585e-03
-9.38614e-03
-1.54178e-02
-1.42624e-02
-1.26018e-02
-1.62677e-02
-1.96216e-02
-1.66938e-02
-1.73050e-02
-1.84994e-02
-5.09032e-03
5.48220e-03
1.96399e-03
-3.07747e-03
-1.41210e-02
-2.35202e-02
-1.77478e-02
-1.42547e-02
-1.35879e-02
-8.03417e-03
-8.72122e-03
-1.37861e-02
-2.20469e-02
-3.00889e-02
-3.25127e-02
-3.78218e-02
-4.10041e-02
-3.49548e-02
-2.82588e-02
-2.72950e-02
-2.27678e-02
-1.67844e-02
-2.38153e-02
-2.43488e-02
-1.72889e-02
-2.12088e-02
-2.29129e-02
-2.62663e-02
-3.19298e-02
-2.83237e-02
-1.80954e-02
-2.27591e-03
5.60346e-03
6.13175e-03
5.76176e-03
-3.85321e-03
-9.96495e-03
-5.46038e-03
-5.64675e-03
-7.15048e-03
1.70355e-03
5.82313e-04
-1.03277e-02
-5.29365e-03
-3.10447e-03
-1.01953e-02
-1.00958e-02
-9.78280e-03
-6.46426e-03
-1.53392e-03
-5.14434e-03
-8.84424e-03
-6.96828e-03
-4.22388e-03
2.72095e-03
1.24883e-02
1.72606e-02
1.98956e-02
1.39699e-02
6.98739e-04
-5.99694e-03
-6.54663e-03
1.63526e-03
8.76678e-03
6.66353e-03
6.13679e-03
3.63407e-03
-5.08489e-04
-6.16661e-04
-2.12333e-03
-6.38894e-03
-6.15386e-03
-1.73841e-03
3.73169e-03
1.60323e-02
2.24618e-02
1.48186e-02
5.76791e-03
-2.08020e-03
-5.34392e-03
-3.64644e-03
1.03664e-03
7.81542e-03
1.40327e-02
2.34356e-02
2.72516e-02
2.24582e-02
1.87224e-02
1.94922e-02
2.50540e-02
2.58569e-02
2.51906e-02
2.80232e-02
2.47129e-02
1.76942e-02
1.25568e-02
1.45301e-02
2.08331e-02
2.45270e-02
2.68183e-02
2.14995e-02
1.13984e-02
6.81598e-03
6.21051e-03
8.38632e-03
1.47880e-02
2.12556e-02
2.41378e-02
2.27160e-02
1.91442e-02
2.12878e-02
2.22043e-02
1.71818e-02
1.62268e-02
1.52706e-02
1.79951e-02
2.82923e-02
3.12378e-02
2.46487e-02
1.48033e-02
5.00256e-03
2.48115e-03
4.29330e-03
4.32730e-03
1.02580e-02
1.20989e-02
3.06313e-03
4.54572e-04
-1.42758e-03
-4.82132e-03
1.03327e-03
1.15706e-02
1.85672e-02
1.69285e-02
1.19894e-02
3.32780e-03
-6.35930e-03
-4.37536e-03
3.83720e-03
9.93959e-03
1.71945e-02
2.45014e-02
2.08181e-02
1.47685e-02
1.65271e-02
1.23166e-02
6.38682e-03
5.78149e-03
8.49696e-03
1.18824e-02
1.02600e-02
1.21867e-02
1.07947e-02
5.85167e-03
8.42877e-03
1.68154e-03
-8.38946e-03
-6.58316e-03
-2.68040e-03
-5.62356e-04
4.44187e-03
9.91211e-03
6.24358e-03
3.39225e-03
6.40011e-03
2.88307e-03
1.20323e-03
6.02756e-03
3.70878e-03
-3.54639e-03
-1.48144e-03
9.00142e-04
-1.88315e-03
1.06216e-03
3.88797e-03
5.70259e-03
5.80336e-03
7.32788e-05
-6.03222e-03
-7.02821e-03
2.80230e-03
1.40238e-02
2.04336e-02
1.54226e-02
-5.91119e-03
-2.05805e-02
-2.33885e-02
-2.11623e-02
-1.17276e-02
-3.01286e-03
3.00737e-04
-7.34285e-04
-5.47359e-03
-6.00728e-03
-5.63041e-04
-5.08742e-03
-1.48957e-02
-1.73647e-02
-1.88592e-02
-1.82113e-02
-1.71455e-02
-1.36443e-02
-6.27363e-03
-3.02960e-03
-4.86648e-03
-1.54808e-02
-2.35556e-02
-2.28128e-02
-2.05395e-02
-1.20768e-02
-5.84315e-03
-5.03255e-03
-2.70966e-03
-5.48571e-03
-1.19068e-02
-1.21212e-02
-1.32405e-02
-2.29428e-02
-2.47093e-02
-1.62731e-02
-9.97000e-03
-5.86885e-03
-7.32363e-03
-1.18352e-02
-1.48734e-02
-1.38823e-02
-1.02306e-02
-1.00585e-02
-8.87780e-03
-1.18920e-02
-1.74902e-02
-1.57285e-02
-1.33637e-02
-8.59913e-03
-1.42545e-03
3.52220e-04
-3.07267e-03
-6.77843e-03
-6.25368e-03
-5.64436e-03
-6.65651e-03
-8.37264e-03
-1.03040e-02
-6.63481e-03
-2.31336e-03
-1.94592e-03
6.43249e-04
-3.13556e-03
-1.20972e-02
-6.54483e-03
4.88890e-03
6.11334e-03
3.17868e-03
2.27779e-03
-1.16604e-03
-4.68245e-03
-1.80384e-03
-2.10520e-03
-3.28446e-04
8.66121e-03
8.55156e-03
9.54969e-03
1.80715e-02
1.35050e-02
-1.48210e-03
-6.63121e-03
-1.03369e-03
3.53859e-03
6.85912e-03
5.01819e-03
-4.12063e-03
-2.56387e-03
8.27815e-03
1.25244e-02
1.36586e-02
1.69824e-02
1.35030e-02
1.15863e-03
-1.63156e-03
4.20996e-03
8.57063e-03
1.45919e-02
1.44682e-02
1.26801e-02
1.51733e-02
1.73279e-02
1.87533e-02
9.57306e-03
-9.83956e-04
-4.19054e-03
-1.01124e-02
-7.55355e-03
-1.71772e-03
-8.28405e-03
-1.03991e-02
-3.23602e-03
-2.21628e-03
-6.56163e-03
-1.31239e-03
7.17191e-03
2.07008e-03
-9.58170e-05
6.15544e-03
6.74262e-03
9.52015e-03
1.15492e-02
6.25438e-03
4.34514e-03
4.69519e-03
-2.39002e-03
-1.01412e-02
-7.64034e-03
-4.65209e-03
-3.10819e-03
7.26730e-04
-5.61313e-03
-1.76049e-02
-2.38249e-02
-2.03664e-02
-1.05922e-02
-8.98563e-03
-1.37913e-02
-1.82338e-02
-2.44298e-02
-3.17467e-02
-2.88135e-02
-1.67524e-02
-1.85498e-02
-2.17800e-02
-1.32746e-02
-8.24412e-03
-1.28575e-03
4.32901e-03
-2.23990e-03
-9.49933e-03
-1.26183e-02
-2.18821e-02
-2.50739e-02
-1.02365e-02
-2.72538e-03
-2.39110e-03
-1.01032e-03
-9.56032e-03
-1.15519e-02
-8.12434e-03
-1.01094e-02
-5.95332e-03
1.17495e-04
2.14158e-03
7.55414e-04
-3.98697e-03
-1.01649e-02
-1.79970e-02
-2.16120e-02
-1.69520e-02
-9.29676e-03
-2.84696e-03
7.20667e-04
-5.32453e-03
-1.53792e-02
-1.29129e-02
-3.68611e-03
3.05288e-03
9.69953e-03
1.17543e-02
1.47876e-03
-1.35708e-02
-2.00032e-02
-2.09556e-02
-1.35658e-02
-4.08482e-03
-7.69212e-03
-8.63535e-03
-3.95065e-03
-1.22692e-03
1.81306e-03
3.19103e-03
8.16994e-03
7.20713e-03
1.90582e-04
9.74464e-05
3.85315e-03
1.17629e-02
8.67710e-03
-6.40063e-03
-8.70153e-03
-1.10129e-03
3.33039e-03
2.73519e-03
3.14549e-03
1.87935e-03
-3.01161e-03
1.33318e-04
6.16955e-03
1.17618e-02
1.88253e-02
1.86189e-02
1.46356e-02
1.15263e-02
8.71818e-03
1.12675e-02
1.89537e-02
2.67527e-02
3.16498e-02
2.85172e-02
1.47291e-02
8.54537e-04
4.00842e-05
7.75618e-03
1.40225e-02
1.96917e-02
2.09143e-02
1.71184e-02
1.63649e-02
1.44105e-02
1.25375e-02
1.39619e-02
9.40041e-03
4.14147e-03
6.29912e-03
1.25156e-02
1.75252e-02
1.82881e-02
2.02154e-02
1.99797e-02
1.27305e-02
4.46753e-03
-3.37396e-04
2.21733e-03
7.34894e-03
1.22616e-02
1.56149e-02
1.08336e-02
7.42167e-03
5.95017e-03
5.81723e-04
4.13051e-03
1.30195e-02
1.47575e-02
1.30598e-02
8.69241e-03
-4.28109e-04
-1.10050e-02
-1.62845e-02
-1.39766e-02
-6.09019e-03
6.51340e-03
1.03283e-02
9.86156e-05
-7.08778e-03
-5.88730e-03
-6.18767e-03
-8.63167e-03
-6.50698e-03
-7.99777e-03
-1.23959e-02
-7.22669e-03
-3.17729e-03
-5.94718e-03
-4.54490e-03
-1.01254e-03
-6.68899e-03
-1.44753e-02
-1.57807e-02
-1.75078e-02
-1.59557e-02
-1.01550e-02
-4.91168e-03
-3.04922e-03
-4.07233e-03
-4.09959e-03
-9.53838e-03
-1.06093e-02
-4.26089e-03
-2.03806e-03
6.07593e-03
1.15630e-02
3.10662e-03
-2.88610e-03
-4.96840e-03
-9.73564e-03
-1.08155e-02
-7.29511e-03
-1.69311e-03
5.64585e-03
4.40131e-03
-6.99093e-03
-1.34054e-02
-1.29447e-02
-9.03113e-03
1.18064e-03
8.76784e-03
5.66581e-03
-1.25125e-04
-4.00068e-03
-7.60151e-03
-5.80417e-03
-2.85503e-03
-3.73210e-03
1.60063e-03
6.18841e-03
7.70808e-04
-5.73630e-03
-9.43036e-03
-7.16971e-03
-1.90644e-03
-1.09236e-03
-7.24969e-04
-1.03890e-03
-5.44904e-03
-1.04701e-02
-1.42829e-02
-1.56754e-02
-1.47063e-02
-1.38707e-02
-1.17887e-02
-8.41809e-03
-7.44108e-03
-8.28667e-03
-3.91284e-03
4.99612e-03
8.54126e-03
8.68803e-03
8.18978e-03
2.14048e-03
-1.87989e-03
6.76015e-04
3.04624e-03
5.62363e-03
8.16366e-03
1.23251e-02
1.59179e-02
9.43882e-03
3.78586e-04
-5.29819e-03
-8.11676e-03
-8.01823e-03
-6.84068e-03
5.25788e-03
2.24711e-02
2.81863e-02
2.54103e-02
2.00418e-02
1.11434e-02
1.28279e-03
-2.93212e-03
-3.38178e-03
-1.84705e-04
1.01648e-02
2.00952e-02
2.15029e-02
1.43986e-02
3.77233e-03
-3.95731e-03
-6.32284e-03
-6.93761e-03
-4.53335e-03
2.30575e-03
8.66438e-03
1.16403e-02
1.15248e-02
1.55601e-02
1.84395e-02
1.48487e-02
1.58089e-02
1.55298e-02
1.10237e-02
8.24973e-03
5.66807e-03
7.58604e-03
1.07681e-02
9.26250e-03
7.29840e-03
8.05906e-03
7.03331e-03
7.50706e-04
-3.54080e-03
-7.45209e-03
-1.49412e-02
-1.56851e-02
-9.38918e-03
-1.89725e-03
2.86826e-03
-2.57641e-03
-7.50350e-03
-3.40783e-04
5.06239e-03
4.27564e-03
9.73192e-03
1.80016e-02
1.92379e-02
1.71248e-02
1.17066e-02
4.24518e-04
-4.52851e-03
-1.42231e-03
1.11986e-03
6.83494e-03
1.12105e-02
8.79482e-03
6.48238e-03
5.56624e-03
3.92988e-03
8.58444e-04
-4.25091e-03
-9.22382e-03
-8.09735e-03
-3.99155e-03
-5.18957e-03
-7.84146e-03
-1.18635e-02
-1.59432e-02
-1.39205e-02
-9.75825e-03
-5.81141e-03
-3.48703e-03
-3.27816e-03
-5.20433e-03
-1.02086e-02
-1.17933e-02
-6.78169e-03
1.48249e-03
8.94146e-03
1.22183e-02
8.09660e-03
3.35954e-04
-3.18863e-03
-3.54203e-03
-1.67366e-03
1.21396e-03
3.04204e-03
2.17969e-03
3.58977e-04
2.71175e-03
3.42318e-03
1.95431e-03
-1.50981e-04
-4.48401e-03
-4.48729e-03
-6.59851e-04
2.65231e-03
-8.42958e-05
-6.84697e-03
-9.80162e-03
-1.05164e-02
-6.65903e-03
-9.44312e-04
2.04751e-03
4.47182e-03
2.42380e-03
-4.33935e-03
-7.58735e-03
-2.88385e-03
-1.49065e-04
-2.43479e-03
-8.98135e-04
1.36372e-03
1.90542e-03
1.14097e-03
-1.87486e-03
-5.99559e-03
-1.25264e-02
-1.80018e-02
-2.01311e-02
-2.03413e-02
-1.78548e-02
-1.62898e-02
-1.86492e-02
-1.78345e-02
-1.35472e-02
-1.53749e-02
-1.56475e-02
-7.27055e-03
-2.95368e-03
-3.66774e-03
-3.14980e-03
-9.12408e-03
-1.73687e-02
-1.56023e-02
-1.26279e-02
-1.37864e-02
-1.15180e-02
-8.15427e-03
-8.38208e-03
-8.51566e-03
-7.58704e-03
-9.46633e-03
-9.86966e-03
-9.05017e-03
-1.12855e-02
-7.93369e-03
-1.26513e-03
-1.83094e-03
-3.04203e-03
2.79354e-04
1.80779e-03
5.18071e-03
1.19059e-02
8.42535e-03
4.90438e-04
1.87849e-03
5.18966e-03
6.27572e-03
9.09876e-03
9.14901e-03
3.86700e-03
1.71938e-03
1.80107e-03
-3.71115e-04
2.76215e-03
6.28840e-03
2.30414e-03
-3.52812e-05
3.77764e-03
7.20116e-03
1.04194e-02
1.76736e-02
2.20929e-02
2.19446e-02
2.06750e-02
1.38225e-02
5.43144e-03
1.11945e-03
1.47801e-03
8.40777e-03
1.69499e-02
1.73487e-02
8.74005e-03
1.25339e-03
-2.90349e-03
-4.48095e-03
2.16744e-03
1.19922e-02
1.63727e-02
1.71129e-02
1.68499e-02
1.21399e-02
5.12823e-03
3.63181e-03
5.87851e-03
5.90291e-03
4.96543e-03
3.64628e-03
2.06882e-03
5.50162e-03
5.00442e-03
-3.76461e-03
-5.91157e-03
-5.29854e-03
-6.89622e-03
-4.33773e-03
2.59113e-04
6.86590e-03
1.08876e-02
6.19291e-03
-1.13988e-03
-2.33712e-03
1.03166e-03
3.12904e-03
7.99105e-03
1.16327e-02
1.00714e-02
1.16347e-02
1.26416e-02
1.39523e-02
1.82491e-02
1.86613e-02
1.87041e-02
1.57829e-02
9.13903e-03
6.52789e-03
7.77103e-03
1.21105e-02
1.16565e-02
5.12775e-03
1.52233e-04
-2.05460e-03
-1.64042e-03
-3.06593e-03
-2.44676e-03
-7.54255e-04
-3.02856e-03
-6.94205e-04
-3.68455e-04
-4.47999e-03
-5.28686e-03
-6.52311e-03
-2.92968e-03
5.13011e-03
7.38123e-03
6.60831e-03
6.76903e-03
4.70436e-03
1.99325e-03
1.39444e-03
1.08821e-03
3.03619e-03
4.67950e-03
8.80299e-04
-2.80866e-03
-2.66537e-03
-2.83934e-03
-3.71719e-03
-2.08762e-03
-2.52962e-03
-8.92678e-03
-1.39772e-02
-1.14527e-02
-4.04113e-03
2.28502e-03
5.72423e-03
6.86944e-03
6.49582e-03
6.83323e-03
7.13590e-03
5.53729e-03
2.72535e-03
-1.07141e-03
-6.59931e-03
-1.22478e-02
-1.35954e-02
-1.00588e-02
-5.81003e-03
-3.43454e-03
-4.50309e-03
-8.63543e-03
-1.09850e-02
-7.22363e-03
-7.52013e-04
4.21729e-04
-2.76955e-03
-7.32090e-03
-1.29987e-02
-9.67704e-03
1.06567e-03
3.58102e-03
1.54426e-03
1.30170e-03
-6.98940e-04
-1.15751e-03
1.06127e-03
3.07557e-03
1.44487e-03
-6.33701e-03
-1.23622e-02
-1.22198e-02
-8.45680e-03
-1.60581e-03
2.38172e-04
-5.09178e-03
-8.70497e-03
-8.44636e-03
-3.86032e-03
3.47925e-03
6.01948e-03
4.11120e-04
-5.35216e-03
-7.34064e-03
-1.14477e-02
-1.05580e-02
-1.62179e-03
4.37498e-03
4.84264e-03
6.36884e-04
-6.72500e-03
-1.38162e-02
-1.56932e-02
-1.13253e-02
-5.41572e-03
-1.79810e-04
7.70078e-04
-1.53678e-03
-2.93443e-03
-3.82501e-03
-4.50382e-03
-5.14572e-03
-7.79520e-03
-1.19370e-02
-9.93894e-03
-3.77764e-03
-1.05223e-03
2.95422e-04
1.69198e-04
-8.18865e-04
-1.67838e-03
-6.61973e-03
-1.38350e-02
-1.50239e-02
-9.65067e-03
-3.41489e-03
1.36209e-03
6.85786e-04
-2.26428e-03
-2.14886e-03
-3.64324e-03
-5.43983e-03
-5.27445e-03
-2.51651e-03
2.81366e-03
5.45649e-03
8.58370e-03
1.12758e-02
8.68322e-03
4.23863e-03
-1.51586e-03
-3.25491e-03
4.09950e-04
1.54094e-03
1.03783e-03
1.20494e-04
-3.44712e-03
-4.59526e-03
4.17994e-04
3.98052e-03
3.60809e-03
2.80382e-03
1.78376e-03
3.74328e-03
4.06274e-03
-8.57483e-05
-1.18172e-03
-5.08140e-04
-7.33632e-04
2.83064e-04
-7.93730e-04
-7.63732e-03
-1.42616e-02
-1.42934e-02
-9.31838e-03
-3.65772e-03
-1.30934e-04
4.53966e-03
1.00731e-02
1.17614e-02
1.35073e-02
1.52779e-02
1.08145e-02
2.97338e-03
-4.14805e-03
-1.15223e-02
-1.44885e-02
-9.86723e-03
-5.04817e-03
-1.79182e-03
1.97206e-03
4.51150e-04
-6.67520e-03
-1.20028e-02
-1.35302e-02
-1.39544e-02
-1.07188e-02
-4.92744e-03
-5.04179e-03
-7.85528e-03
-9.55673e-03
-1.20553e-02
-1.10222e-02
-6.01769e-03
9.43569e-06
4.42776e-03
6.87534e-03
7.15811e-03
2.80590e-03
4.40840e-04
2.92261e-03
4.38500e-03
3.52943e-03
1.73386e-03
-4.30690e-04
-3.04504e-03
-2.42778e-03
1.88205e-03
2.63426e-03
-9.81704e-04
-9.76637e-04
1.09758e-03
-1.27821e-03
-3.28241e-03
-5.21098e-03
-6.60855e-03
-1.93646e-03
1.25630e-03
1.48091e-03
3.92441e-03
4.83598e-03
2.07006e-03
-1.24866e-03
-2.20970e-03
-4.12189e-03
-8.68244e-03
-9.14282e-03
-5.63532e-03
-2.30834e-03
3.29708e-03
6.38018e-03
1.09486e-04
-8.32707e-03
-1.26017e-02
-1.43724e-02
-1.22395e-02
-5.80772e-03
1.56242e-03
6.20047e-03
3.93467e-03
-2.95175e-03
-8.14268e-03
-8.78782e-03
-5.51017e-03
-2.00163e-03
-2.93080e-04
-1.01468e-03
-2.50398e-03
-1.24518e-03
2.85484e-03
5.63698e-03
2.22834e-03
-4.33869e-03
-9.47540e-03
-9.39368e-03
-2.08144e-03
4.78683e-03
8.18143e-03
1.08580e-02
1.19767e-02
9.10488e-03
6.68214e-03
8.23891e-03
4.16331e-03
8.81141e-04
5.00017e-03
4.92176e-03
6.33151e-03
1.16851e-02
1.11989e-02
7.78695e-03
6.18203e-03
2.53157e-03
-3.82809e-03
-5.18544e-03
-3.73743e-03
-1.29244e-03
4.96964e-03
8.48395e-03
9.99692e-03
8.38100e-03
3.72496e-04
-4.09612e-03
-1.90826e-03
9.52373e-04
2.33005e-03
4.47489e-03
5.20660e-03
1.78953e-03
-1.42115e-04
1.15101e-06
3.71891e-03
1.17018e-02
1.42050e-02
1.18108e-02
8.25604e-03
4.00242e-03
3.95553e-03
7.31475e-03
1.01087e-02
7.77884e-03
3.15741e-03
4.60511e-03
9.00093e-03
1.30728e-02
1.69735e-02
1.44434e-02
3.08735e-03
-8.77544e-03
-1.34912e-02
-1.04059e-02
-3.94047e-03
1.63819e-03
6.07949e-03
7.27942e-03
6.23080e-03
4.97360e-03
5.18061e-03
9.00076e-03
8.19929e-03
5.25525e-03
6.06905e-03
4.96195e-03
7.05929e-03
1.26863e-02
1.35999e-02
8.43943e-03
2.23684e-03
5.75066e-04
1.69089e-03
4.34618e-03
3.49717e-03
-5.57342e-04
2.35283e-04
2.45577e-03
5.23719e-03
6.51610e-03
3.49652e-03
2.81414e-03
4.06944e-03
7.20385e-03
1.05224e-02
6.31510e-03
-5.22256e-04
-3.06627e-03
-4.66624e-03
-4.81277e-03
6.34768e-04
5.12816e-03
2.26641e-03
-2.60461e-03
-4.44790e-03
-3.22981e-03
1.20166e-04
2.91947e-03
1.10560e-03
-2.65035e-03
-3.59253e-03
-4.17523e-03
-2.92376e-03
5.74259e-04
5.70931e-04
-1.90080e-03
-3.98077e-03
-4.66900e-03
-4.61787e-03
-4.99145e-03
-4.00924e-03
-4.02163e-03
-5.75869e-03
-4.51095e-03
-1.81315e-04
4.03443e-03
6.43088e-03
6.16544e-03
3.81042e-03
1.77469e-03
9.74392e-04
3.87586e-04
5.99365e-04
2.60343e-03
5.14948e-03
6.94470e-03
6.14123e-03
1.94939e-03
-3.31031e-03
-9.54589e-03
-1.20617e-02
-6.80534e-03
-8.00170e-04
4.56174e-03
7.99862e-03
5.20006e-03
1.62615e-03
-1.37291e-03
-4.36476e-03
-4.11846e-03
-1.40045e-03
1.46101e-04
-2.31358e-03
-2.25440e-03
1.10450e-03
1.12231e-03
-1.10652e-04
-3.48850e-03
-6.22377e-03
-4.42888e-03
-2.07989e-03
-2.20026e-04
2.18532e-04
-4.30850e-04
-5.04780e-03
-9.64437e-03
-6.05792e-03
-2.41791e-03
1.11445e-03
6.54744e-03
6.48267e-03
4.41950e-03
4.55925e-03
4.62262e-03
2.99388e-03
1.16859e-03
-8.14473e-04
-2.37769e-03
1.30736e-03
7.05855e-03
1.04538e-02
1.18355e-02
8.96406e-03
3.96464e-03
9.09111e-04
-5.44677e-04
-5.97546e-04
2.08425e-04
1.58282e-04
-1.20690e-03
-3.18191e-03
-4.18145e-03
-3.67643e-03
-3.12407e-03
-4.60151e-03
-6.60105e-03
-3.15700e-03
3.82294e-03
8.06940e-03
9.58851e-03
7.97049e-03
4.89458e-03
2.57127e-03
1.41708e-03
2.85368e-03
4.57779e-03
6.13723e-03
4.97572e-03
1.28518e-03
2.50874e-03
4.22378e-03
2.98635e-03
2.22476e-03
-9.98695e-04
-6.14803e-03
-9.06083e-03
-9.40932e-03
-8.79768e-03
-8.11193e-03
-6.41864e-03
-3.61001e-03
-2.44612e-03
-1.78150e-03
2.82613e-04
1.38339e-03
2.14418e-03
1.00002e-03
-2.14223e-03
-2.65851e-03
-1.65171e-03
-7.02451e-04
1.45526e-03
3.14149e-03
1.10486e-03
-1.08716e-03
-1.36057e-04
-5.88738e-04
-3.73178e-03
-6.88029e-03
-8.63112e-03
-8.95544e-03
-7.36923e-03
-3.79452e-03
2.10003e-04
2.54072e-03
-6.60976e-04
-7.45596e-03
-9.59398e-03
-8.12977e-03
-9.32128e-03
-1.14440e-02
-1.48353e-02
-1.69283e-02
-1.04055e-02
-3.50443e-03
-2.14475e-03
-1.95465e-03
-5.46003e-03
-1.07860e-02
-1.04218e-02
-7.28331e-03
-5.85327e-03
-2.19066e-03
1.57680e-03
2.93527e-03
4.88959e-03
3.30649e-03
-3.78817e-03
-9.93827e-03
-1.08007e-02
-9.61123e-03
-7.08173e-03
-4.32861e-03
-7.13734e-03
-1.03279e-02
-1.08998e-02
-1.01334e-02
-5.78002e-03
-3.40528e-03
-4.07558e-03
-3.78698e-03
-2.12166e-03
1.55484e-04
2.50582e-03
5.78586e-03
5.90012e-03
1.92803e-03
-2.22153e-03
-4.89455e-03
-3.82215e-03
-1.07203e-03
2.87845e-04
-6.16438e-04
-3.60290e-03
-6.11531e-03
-8.18254e-03
-8.93186e-03
-6.54365e-03
-3.09220e-03
6.18771e-04
3.09831e-03
1.48957e-03
-1.49907e-03
-2.95484e-03
-2.45479e-03
2.56958e-04
4.08905e-03
7.86134e-03
8.75006e-03
7.60034e-03
5.93407e-03
2.32949e-03
1.17262e-03
1.77813e-03
2.68386e-04
-1.04831e-03
-1.83614e-03
-5.52113e-04
2.53973e-03
5.13115e-03
5.55208e-03
1.47717e-03
-8.58603e-04
3.07861e-04
-1.86487e-07
8.91404e-04
1.49231e-03
4.63807e-04
3.11911e-03
7.33152e-03
7.82473e-03
4.92882e-03
-2.12207e-04
-7.15544e-03
-1.06976e-02
-7.26942e-03
-2.51346e-03
-6.82899e-04
-1.85305e-03
-5.07932e-03
-5.00273e-03
3.56010e-04
4.47816e-03
3.86027e-03
9.23692e-04
-2.52367e-03
-4.08804e-03
-2.14920e-03
3.17545e-03
8.59769e-03
8.05561e-03
3.57377e-03
5.51935e-05
-1.56400e-03
-3.61494e-04
3.03465e-03
5.76491e-03
3.48546e-03
-8.69691e-04
-1.00187e-03
2.85380e-03
8.63740e-03
1.07831e-02
8.24318e-03
5.12881e-03
1.89308e-03
1.67394e-03
4.21581e-03
5.64075e-03
5.40690e-03
2.79721e-03
-1.30583e-04
-4.83962e-04
8.80058e-04
1.88537e-03
2.33967e-03
2.92205e-03
2.42935e-03
1.58211e-03
1.78918e-03
2.15801e-03
4.13739e-03
7.40101e-03
8.57949e-03
7.81269e-03
6.06729e-03
4.85601e-03
4.46545e-03
2.81082e-03
1.42880e-03
1.33524e-03
3.37536e-03
8.23841e-03
1.17824e-02
1.17442e-02
7.56191e-03
8.97063e-04
-3.28369e-03
-3.09190e-03
2.08115e-03
9.54489e-03
1.26290e-02
8.18603e-03
7.17443e-04
-1.12951e-03
3.33673e-03
8.53191e-03
1.12192e-02
9.94319e-03
7.37536e-03
5.84405e-03
5.10180e-03
6.93999e-03
9.05718e-03
7.69367e-03
4.06826e-03
-7.73590e-04
-4.97190e-03
-6.61247e-03
-5.98241e-03
-2.33281e-03
2.22625e-03
4.21554e-03
3.83670e-03
1.52145e-03
-1.65847e-03
-3.79508e-03
-4.35550e-03
-3.45721e-03
-2.60993e-03
-2.28706e-03
-2.39080e-03
-3.47951e-03
-2.50299e-03
-1.90460e-04
-4.07709e-04
-6.05020e-04
1.71401e-04
2.79182e-04
3.81139e-04
1.66552e-03
4.15566e-03
4.84547e-03
2.63112e-03
-3.29874e-04
-1.10673e-03
1.27497e-03
3.69955e-03
3.68398e-03
1.68891e-03
5.37593e-04
3.89257e-04
-1.75492e-05
3.45395e-04
9.49373e-04
2.11618e-03
2.71363e-03
1.49214e-03
-2.18574e-04
-3.03362e-03
-5.25787e-03
-4.97139e-03
-3.81427e-03
-4.00290e-03
-5.66414e-03
-7.43718e-03
-7.33225e-03
-3.79194e-03
-1.43923e-03
-1.17312e-03
-8.05606e-04
-2.09827e-03
-1.87803e-03
-1.29638e-04
1.73102e-03
2.93236e-03
9.80783e-04
-4.53756e-04
-7.36012e-04
9.66079e-04
3.80047e-03
2.06410e-03
-1.48649e-03
-4.69700e-03
-7.23796e-03
-6.83502e-03
-4.69632e-03
-3.57530e-03
-4.54262e-03
-3.59112e-03
-2.15111e-03
-5.26362e-03
-6.72872e-03
-4.70789e-03
-5.00107e-03
-4.62728e-03
-2.41010e-03
-3.07274e-03
-4.96037e-03
-4.01019e-03
-2.64218e-03
-3.42957e-03
-4.16623e-03
-5.30843e-03
-5.33125e-03
-2.67817e-03
-1.65852e-03
-2.45228e-03
-3.63441e-03
-5.03677e-03
-7.61750e-03
-8.96536e-03
-3.62527e-03
1.17413e-03
1.05331e-04
-1.35024e-03
-2.84984e-03
-6.20964e-03
-9.32209e-03
-9.49118e-03
-8.47243e-03
-6.58337e-03
-3.79945e-03
-4.28410e-03
-4.96643e-03
-4.78375e-03
-7.58770e-03
-8.76701e-03
-6.07432e-03
-3.80743e-03
-2.10263e-03
1.78482e-03
3.94270e-03
1.47025e-03
-7.65073e-04
-2.00255e-03
-1.57123e-03
-4.13872e-04
-3.15727e-03
-6.13461e-03
-6.55584e-03
-5.91455e-03
-4.54797e-03
-2.66261e-03
-1.09642e-03
-2.02402e-03
-3.83505e-03
-5.09896e-03
-4.75662e-03
-1.13163e-03
1.90822e-03
3.05009e-03
3.41190e-03
2.35689e-03
1.42318e-03
1.45486e-03
2.35802e-03
3.29952e-03
3.05538e-03
9.67880e-04
-2.12249e-03
-2.71743e-03
-1.45411e-03
-8.01326e-04
-2.28251e-05
1.10259e-03
2.29235e-03
2.73910e-03
2.56323e-03
3.94484e-03
6.35961e-03
3.91141e-03
-2.02282e-03
-3.81613e-03
-3.15797e-03
-2.92798e-06
4.45059e-03
4.48741e-03
3.71219e-03
2.50200e-03
9.79262e-05
2.03989e-03
7.12943e-03
9.39102e-03
9.27823e-03
9.89625e-03
7.94378e-03
4.39912e-03
4.40654e-03
3.33679e-03
-7.67016e-04
-1.23262e-03
7.11870e-04
2.65757e-03
6.79534e-03
7.22258e-03
3.87438e-03
2.88639e-03
2.56279e-03
3.11867e-03
4.92828e-03
6.58501e-03
6.63031e-03
4.27375e-03
3.76170e-03
6.00656e-03
7.48877e-03
8.58387e-03
1.08904e-02
1.22104e-02
1.17861e-02
1.02844e-02
7.51873e-03
5.13313e-03
3.43137e-03
3.48937e-03
4.96188e-03
4.14543e-03
2.36934e-03
3.12356e-03
4.50883e-03
4.63387e-03
5.18181e-03
3.90125e-03
1.67542e-03
2.22181e-03
2.56360e-03
2.36076e-03
3.09659e-03
4.18183e-03
3.84786e-03
4.57502e-03
8.60015e-03
8.50722e-03
6.62057e-03
6.12423e-03
2.35218e-03
8.12255e-05
1.60974e-03
3.17108e-03
3.33789e-03
4.10577e-03
4.97286e-03
3.11949e-03
6.10690e-04
-1.95059e-03
-2.99364e-03
-2.18091e-03
-1.63513e-03
-2.55504e-04
6.97822e-04
-1.43670e-04
-2.66045e-03
-4.77257e-03
-5.13419e-03
-5.30366e-03
-5.21050e-03
-5.70917e-03
-5.05231e-03
-1.42984e-03
1.32502e-03
1.96729e-03
2.17579e-03
1.24018e-03
-1.61757e-03
-3.84358e-03
-4.77844e-03
-6.48757e-03
-6.71908e-03
-5.46617e-03
-5.91205e-03
-5.73471e-03
-4.13870e-03
-3.79754e-03
-3.70391e-03
-3.42159e-03
-4.08429e-03
-4.40942e-03
-5.01222e-03
-6.10773e-03
-4.65926e-03
-2.67333e-03
-3.16835e-03
-2.73161e-03
-3.61768e-04
-5.27938e-04
-2.91639e-03
-4.13449e-03
-4.31821e-03
-2.55385e-03
-3.85829e-04
-1.53590e-03
-2.97338e-03
-2.08235e-03
-2.39917e-03
-4.55200e-03
-5.86019e-03
-8.79563e-03
-1.31977e-02
-1.40630e-02
-1.29518e-02
-1.13529e-02
-8.16197e-03
-6.12499e-03
-6.39375e-03
-7.04117e-03
-7.25996e-03
-6.60755e-03
-4.81235e-03
-3.44587e-03
-2.65867e-03
-1.69253e-03
-6.71256e-04
9.40913e-04
9.56618e-04
-1.02152e-03
-1.47602e-03
-1.49751e-03
-3.52847e-03
-5.32517e-03
-5.33552e-03
-5.77300e-03
-6.55710e-03
-6.05357e-03
-5.65855e-03
-5.86557e-03
-5.07903e-03
-3.45430e-03
-2.31174e-03
-1.03930e-03
-2.50922e-04
-7.94643e-04
-2.85583e-04
7.46498e-04
9.39856e-04
1.13555e-03
-2.53194e-05
-2.20061e-03
-2.52219e-03
-6.10894e-04
2.24950e-03
3.18424e-03
7.89241e-04
-1.63060e-03
-2.61510e-03
-2.71797e-03
-1.62887e-03
1.27380e-04
2.40911e-04
-1.38424e-03
-4.45282e-04
8.27534e-04
-1.20264e-04
1.56235e-04
1.51338e-05
-1.63559e-03
-3.80516e-03
-5.78868e-03
-4.77716e-03
-1.89517e-03
1.95956e-04
1.49410e-03
2.37565e-03
2.78353e-03
1.88177e-03
1.64728e-03
4.61975e-03
7.51922e-03
8.10348e-03
7.12958e-03
4.57096e-03
1.88940e-03
-1.37184e-04
-1.46536e-03
-4.63667e-04
3.47108e-03
6.04929e-03
5.36711e-03
5.16687e-03
5.71028e-03
6.44533e-03
6.52507e-03
5.29741e-03
2.67590e-03
-2.39064e-03
-4.50286e-03
-2.40836e-03
-5.43045e-04
3.75381e-04
-6.39118e-04
-2.23405e-03
-2.61058e-03
-6.93891e-05
3.37192e-03
4.07671e-03
5.08882e-03
4.01341e-03
1.10334e-03
2.53565e-03
3.92070e-03
2.30154e-03
2.56415e-03
4.06860e-03
2.74562e-03
2.21270e-03
3.16853e-03
2.30003e-03
3.36886e-03
4.64271e-03
4.55597e-03
6.35094e-03
6.40548e-03
3.64597e-03
8.32245e-04
-4.58795e-04
8.16174e-04
3.59233e-03
6.36436e-03
7.73829e-03
6.69834e-03
3.94726e-03
3.00972e-03
4.66769e-03
6.08916e-03
6.58253e-03
5.68498e-03
3.89103e-03
2.94815e-03
3.25887e-03
3.38207e-03
2.52051e-03
1.24458e-03
-1.37801e-03
-2.26712e-03
-8.04049e-04
-2.50313e-03
-5.11017e-03
-5.67364e-03
-5.22060e-03
-3.01430e-03
-1.45325e-04
1.94920e-03
2.39330e-03
1.81657e-03
5.26588e-04
-2.25995e-03
-2.60586e-03
-6.26008e-04
-6.53026e-04
-2.18309e-05
1.17673e-03
4.49093e-04
9.86542e-04
2.31161e-03
1.52690e-03
1.49260e-04
6.05316e-04
6.98099e-04
-5.56423e-04
4.26015e-04
1.51728e-03
1.44827e-03
1.83140e-03
1.36818e-03
1.40138e-03
1.57405e-03
3.39915e-04
-8.82396e-04
-8.42259e-04
-4.53803e-04
-6.61884e-04
-5.71246e-05
7.06087e-04
4.63806e-04
-8.58279e-04
-2.96407e-03
-3.68979e-03
-2.50184e-03
-5.69538e-04
1.30969e-03
3.00296e-03
2.98834e-03
1.22835e-03
5.81641e-04
-1.96485e-04
6.41185e-05
3.21019e-03
4.94422e-03
4.46572e-03
1.03028e-03
-4.05333e-03
-5.76605e-03
-6.16630e-03
-5.98830e-03
-3.59421e-03
-1.31108e-03
-1.12866e-03
-2.01880e-03
-3.26276e-03
-6.21513e-03
-6.46005e-03
-2.64496e-03
3.73148e-04
3.06046e-03
4.22749e-03
2.22462e-03
-9.71939e-04
-3.52988e-03
-3.75934e-03
-1.53022e-03
1.95332e-03
3.06666e-03
1.78260e-03
1.81437e-03
9.99600e-04
-1.78613e-03
-4.01763e-03
-5.75189e-03
-7.86360e-03
-9.97285e-03
-8.76937e-03
-4.21361e-03
-1.08731e-04
3.09679e-03
3.60298e-03
1.43119e-03
-4.00576e-04
-1.94521e-03
-2.59953e-03
-2.71710e-03
-3.25055e-03
-3.57808e-03
-3.50306e-03
-2.69966e-03
-1.19215e-03
1.37965e-03
3.03870e-03
1.84977e-03
7.28636e-05
-1.38446e-03
-2.35747e-03
-1.81621e-03
-3.80394e-04
5.22167e-04
1.08809e-03
1.86932e-03
1.72812e-03
1.28747e-03
1.13193e-03
1.36635e-04
-1.21376e-03
-1.60055e-03
-3.75802e-04
1.25308e-03
1.86459e-03
1.89666e-03
1.11030e-03
-1.13651e-03
-2.89576e-03
-3.51662e-03
-4.29685e-03
-4.32788e-03
-2.74743e-03
1.19986e-04
3.01114e-03
5.32845e-03
5.77533e-03
3.51146e-03
2.30848e-03
2.24639e-03
1.57704e-03
2.07452e-03
4.12419e-03
5.86761e-03
4.25968e-03
3.99987e-04
-3.26033e-03
-5.99381e-03
-5.75363e-03
-4.18563e-03
-2.83076e-03
-7.58723e-04
1.07336e-03
3.39395e-03
5.27184e-03
4.03612e-03
2.34393e-03
1.70874e-03
1.12686e-03
2.14685e-03
3.42892e-03
2.66287e-03
2.75287e-05
-2.86917e-03
-2.54854e-03
3.81775e-04
4.45308e-03
8.90699e-03
9.67182e-03
7.76922e-03
5.66967e-03
3.26738e-03
2.23187e-03
1.74858e-03
1.24876e-03
1.00191e-03
1.31107e-03
2.63928e-03
1.57678e-03
-4.26599e-04
-9.88700e-04
-2.31298e-03
-6.42335e-04
3.49270e-03
5.10634e-03
5.74760e-03
4.21082e-03
9.57743e-04
8.96765e-04
3.19191e-03
4.28836e-03
3.88470e-03
3.84253e-03
2.57552e-03
1.58556e-03
4.18915e-03
6.09538e-03
7.43480e-03
9.01650e-03
7.72837e-03
4.78900e-03
1.63355e-03
5.43334e-04
1.04398e-03
1.19677e-03
1.52502e-03
7.82768e-04
-2.22427e-04
-1.02891e-03
-1.49252e-03
1.14604e-03
5.79038e-03
7.74359e-03
6.55494e-03
5.17678e-03
3.15929e-03
1.01535e-03
3.55564e-04
-7.83101e-05
3.03392e-05
-1.18135e-04
-9.11722e-04
-2.32202e-04
-2.10888e-04
-1.30969e-03
-1.33706e-03
-1.18377e-03
-1.80254e-04
1.78335e-03
3.05295e-03
2.93791e-03
4.17769e-04
-3.82141e-03
-6.76480e-03
-7.41478e-03
-7.23754e-03
-5.48039e-03
-2.82550e-03
-1.63664e-03
-1.76196e-03
-3.13412e-03
-4.93694e-03
-7.05747e-03
-8.23188e-03
-6.47193e-03
-4.19995e-03
-2.37361e-03
-8.29845e-04
-1.70661e-03
-5.55314e-03
-1.00610e-02
-1.24101e-02
-1.19898e-02
-9.23245e-03
-5.65899e-03
-4.17019e-03
-4.19021e-03
-3.97125e-03
-5.48118e-03
-8.20647e-03
-8.56217e-03
-7.86300e-03
-7.42457e-03
-4.56160e-03
-1.65373e-03
-1.23802e-03
-9.03065e-04
-9.56186e-04
-1.27810e-03
-1.22057e-03
-2.14171e-03
-4.17791e-03
-5.94662e-03
-6.41083e-03
-6.72927e-03
-6.45394e-03
-5.74984e-03
-6.07135e-03
-6.68923e-03
-8.12754e-03
-9.15967e-03
-7.58556e-03
-4.95351e-03
-2.27185e-03
7.58640e-04
1.48759e-03
-1.13999e-03
-2.98460e-03
-2.61857e-03
-2.06015e-03
-5.21300e-04
1.54758e-03
9.17729e-04
-4.78975e-04
-1.62913e-03
-3.99750e-03
-3.91260e-03
-2.34897e-03
-2.24751e-03
-1.34809e-03
-3.87939e-04
-1.44553e-03
-2.24322e-03
-1.03759e-03
-5.09556e-04
-5.02994e-04
-1.17113e-04
-4.02422e-04
9.34644e-05
4.43664e-04
3.11347e-04
3.92800e-04
-6.73490e-04
-1.69923e-03
-8.51197e-04
1.72317e-03
3.41873e-03
3.47943e-03
2.89725e-03
1.64749e-03
2.17570e-03
3.40038e-03
2.50210e-03
1.92560e-03
1.60522e-03
1.42747e-04
1.66097e-04
9.69435e-04
8.26388e-05
-7.31180e-04
3.70819e-04
3.94659e-03
7.96487e-03
1.00187e-02
9.54466e-03
5.38498e-03
1.54916e-03
2.31652e-03
5.21293e-03
7.46929e-03
9.11731e-03
1.07347e-02
1.03440e-02
9.13935e-03
9.08559e-03
8.03241e-03
7.13464e-03
6.50150e-03
6.36821e-03
7.88569e-03
8.04646e-03
6.00352e-03
2.46999e-03
4.11409e-04
1.62032e-03
3.03422e-03
3.14227e-03
1.19368e-03
-1.58175e-03
-3.26118e-03
-2.62583e-03
4.11427e-04
2.94196e-03
4.87005e-03
5.45308e-03
3.65195e-03
2.76582e-03
3.11399e-03
2.93010e-03
1.98441e-03
1.22455e-03
1.38672e-03
1.35156e-03
1.45426e-03
8.07627e-04
-1.50539e-03
-3.19334e-03
-4.16646e-03
-4.20309e-03
-2.50105e-03
-1.12471e-03
-1.54354e-03
-2.27308e-03
-2.64332e-03
-3.70318e-03
-4.10080e-03
-3.49768e-03
-3.27431e-03
-3.01579e-03
-2.47608e-03
-1.76238e-03
-2.67304e-04
1.36379e-03
1.53215e-03
1.22230e-03
7.53321e-04
-8.29655e-05
-1.24678e-04
-1.80299e-04
-1.00319e-03
-2.57770e-03
-3.71452e-03
-4.58641e-03
-5.91200e-03
-5.51183e-03
-4.92717e-03
-5.33959e-03
-4.73124e-03
-3.66050e-03
-2.74783e-03
-2.44454e-03
-2.89135e-03
-3.49245e-03
-3.32617e-03
-2.43746e-03
-3.15083e-03
-3.72345e-03
-3.43856e-03
-4.89323e-03
-5.20224e-03
-4.81581e-03
-6.28279e-03
-6.64660e-03
-5.58088e-03
-4.58536e-03
-4.52379e-03
-5.32843e-03
-5.86707e-03
-5.81514e-03
-3.38966e-03
5.38266e-04
2.78488e-03
3.30355e-03
2.74638e-03
1.56631e-03
4.94836e-04
-2.55366e-05
-9.70480e-05
1.09062e-03
2.91980e-03
2.12870e-03
3.60070e-04
2.28183e-04
6.26021e-04
1.77740e-03
3.26329e-03
3.66152e-03
3.16430e-03
1.94427e-03
-2.20808e-04
-1.63418e-03
-1.03264e-03
-3.75050e-04
-5.47738e-04
-3.39632e-04
-1.05977e-04
-5.61114e-04
-5.50452e-04
-1.07709e-04
1.18153e-04
1.07825e-03
2.53242e-03
2.55070e-03
1.31071e-03
8.73284e-04
4.22347e-04
4.42155e-05
6.89129e-04
1.24417e-03
1.53415e-03
8.73678e-04
9.98901e-04
2.46365e-03
3.08524e-03
3.91844e-03
4.65414e-03
4.47904e-03
3.50484e-03
2.59489e-03
2.70398e-03
2.49009e-03
2.72989e-03
3.47051e-03
3.17852e-03
2.40895e-03
8.97970e-04
-7.68468e-04
-8.01675e-04
2.02392e-04
1.23686e-03
2.69647e-03
3.78216e-03
3.26011e-03
2.68655e-03
3.29615e-03
3.66736e-03
3.38117e-03
3.61529e-03
4.26840e-03
4.70740e-03
5.53820e-03
6.15093e-03
5.83480e-03
5.23962e-03
3.35794e-03
1.34395e-03
1.67574e-03
2.73213e-03
3.05303e-03
2.76972e-03
1.66627e-03
-6.81220e-04
-2.83349e-03
-2.62646e-03
-1.61355e-03
-6.61373e-04
5.07438e-05
-5.88411e-04
-1.08536e-03
-1.18876e-03
-1.18749e-03
-2.23009e-04
9.31925e-04
1.12938e-03
7.31604e-04
1.60136e-03
3.28378e-03
4.64944e-03
5.85202e-03
5.56502e-03
4.72164e-03
3.83114e-03
1.61666e-03
4.97209e-04
7.11336e-04
3.84863e-04
1.88192e-04
2.47759e-05
-6.79719e-05
2.42461e-04
6.85220e-04
1.15717e-03
9.88528e-04
1.21365e-04
-6.36498e-04
-1.24567e-03
-1.88853e-03
-1.74298e-03
-1.11649e-03
-6.31899e-04
1.21697e-04
1.60744e-04
-3.96671e-04
-4.16347e-04
7.97849e-05
1.31193e-03
2.90302e-03
4.24468e-03
4.51281e-03
3.02192e-03
9.54620e-04
2.91206e-05
-9.91441e-05
-5.59177e-04
-2.43020e-04
3.50022e-04
-9.32463e-04
-3.45140e-03
-5.80606e-03
-7.36857e-03
-8.34026e-03
-8.66610e-03
-8.39643e-03
-8.12685e-03
-6.82861e-03
-4.95070e-03
-3.44257e-03
-1.53099e-03
-4.47237e-04
-6.87568e-04
-1.53688e-03
-2.59550e-03
-2.94442e-03
-3.76074e-03
-4.45958e-03
-3.85863e-03
-3.59483e-03
-3.46503e-03
-3.80373e-03
-5.69078e-03
-8.50725e-03
-9.98294e-03
-8.83179e-03
-7.67591e-03
-6.33641e-03
-4.58109e-03
-5.09852e-03
-5.76350e-03
-5.11242e-03
-5.10725e-03
-5.27334e-03
-5.06377e-03
-4.85338e-03
-4.03904e-03
-2.43338e-03
-7.49835e-04
6.95983e-04
1.65204e-03
1.32967e-03
-1.54276e-04
-1.31337e-03
-1.42001e-03
-1.20239e-03
-4.68833e-04
6.02002e-04
8.30843e-04
5.73405e-04
-5.75392e-05
-9.33709e-04
-1.70850e-03
-1.86438e-03
-7.33723e-04
-9.83200e-06
2.81069e-04
5.55878e-04
-3.62593e-04
-1.11664e-03
-1.01653e-03
-2.00760e-04
1.40549e-03
2.39143e-03
2.23274e-03
1.43593e-03
4.93540e-04
-3.39058e-04
-5.69597e-04
3.39668e-04
1.44464e-03
2.08068e-03
2.35788e-03
1.81137e-03
8.91451e-04
4.52184e-04
7.21926e-05
-4.10322e-04
-4.98943e-04
-5.78211e-05
6.42511e-04
5.47277e-04
-1.71233e-04
3.93081e-05
6.25359e-04
1.10800e-03
1.87506e-03
2.23653e-03
2.68232e-03
3.02126e-03
2.75105e-03
2.95302e-03
2.95636e-03
2.69957e-03
2.48439e-03
1.52986e-03
8.31635e-04
5.13434e-04
4.35277e-04
8.61042e-04
1.06334e-03
1.39246e-03
1.81094e-03
2.02072e-03
2.03017e-03
1.65509e-03
1.64782e-03
1.77557e-03
1.49278e-03
1.41869e-03
1.05342e-03
1.84274e-04
5.21528e-05
1.90713e-04
-2.81444e-05
-1.93819e-04
-7.10077e-04
-6.42393e-04
1.67352e-04
3.82697e-04
7.01199e-04
1.41405e-03
1.92609e-03
2.15619e-03
2.42618e-03
2.73325e-03
2.78486e-03
3.12006e-03
3.21136e-03
2.97715e-03
2.90091e-03
2.75016e-03
3.29772e-03
4.04137e-03
4.41795e-03
4.53703e-03
3.92132e-03
3.07332e-03
2.18364e-03
2.01990e-03
2.68289e-03
2.72808e-03
2.27799e-03
1.28231e-03
-6.87547e-05
-7.83167e-04
-5.06505e-04
7.21645e-04
1.83219e-03
2.19950e-03
1.76891e-03
8.78771e-04
2.91469e-04
4.13776e-05
3.81445e-04
7.52024e-04
5.76038e-04
4.54095e-04
5.87608e-04
1.03361e-03
1.27522e-03
9.14220e-04
3.22830e-04
-1.03779e-04
-8.00955e-05
1.97874e-04
6.16129e-04
8.48508e-04
6.69481e-04
5.27402e-04
5.71099e-04
7.85625e-04
1.10214e-03
1.37012e-03
1.43453e-03
1.24166e-03
9.86383e-04
7.20617e-04
5.10407e-04
4.59066e-04
4.89407e-04
5.23203e-04
5.61940e-04
7.07722e-04
1.09065e-03
1.51057e-03
1.64557e-03
1.57714e-03
1.33436e-03
9.56446e-04
8.02794e-04
8.70611e-04
7.94930e-04
4.65333e-04
7.12586e-06
-5.16605e-04
-8.73460e-04
-9.25119e-04
-8.72702e-04
-7.58981e-04
-6.50947e-04
-5.66805e-04
-5.09936e-04
-6.00571e-04
-6.92980e-04
-6.57625e-04
-4.64955e-04
-1.60279e-04
5.47211e-05
1.09423e-07
-2.27662e-04
-3.92108e-04
-5.05804e-04
-4.92021e-04
-4.23458e-04
-6.20284e-04
-8.00856e-04
-6.36955e-04
-3.81485e-04
-1.52906e-04
-6.86605e-06
-2.11292e-04
-6.39722e-04
-9.30092e-04
-1.04597e-03
-1.03208e-03
-9.33994e-04
-9.66740e-04
-1.08895e-03
-1.14389e-03
-1.16863e-03
-1.10113e-03
-1.07667e-03
-1.15561e-03
-1.14822e-03
-1.08576e-03
-9.22611e-04
-7.33007e-04
-7.87447e-04
-9.60051e-04
-1.02766e-03
-1.04762e-03
-9.61993e-04
-7.45482e-04
-6.45353e-04
-6.72227e-04
-7.12907e-04
-7.72618e-04
-8.48714e-04
-8.93547e-04
-8.66432e-04
-8.24471e-04
-7.09316e-04
-5.94466e-04
-6.12816e-04
-6.54804e-04
-7.80029e-04
-9.25954e-04
-9.31648e-04
-8.72016e-04
-7.55877e-04
-6.82269e-04
-6.97111e-04
-7.04872e-04
-7.20005e-04
-6.97741e-04
-6.51732e-04
-6.10645e-04
-5.36222e-04
-4.66863e-04
-4.49141e-04
-5.40105e-04
-6.34637e-04
-6.24777e-04
-6.08357e-04
-5.68365e-04
-4.69034e-04
-3.80291e-04
-3.49031e-04
-3.80494e-04
-4.15460e-04
-4.16559e-04
-3.87140e-04
-3.67107e-04
-3.87322e-04
-3.84626e-04
-3.37532e-04
-2.97845e-04
-2.95015e-04
-3.39684e-04
-3.99707e-04
-4.08061e-04
-3.65874e-04
-3.06548e-04
-2.46256e-04
-2.17810e-04
-2.08216e-04
-2.11818e-04
-2.25584e-04
-2.03940e-04
-1.60387e-04
-1.21794e-04
-1.04025e-04
-1.07004e-04
-9.84648e-05
-8.03720e-05
-7.42883e-05
-7.22476e-05
-7.01509e-05
-9.27953e-05
-1.08292e-04
-9.63393e-05
-8.36631e-05
-6.89194e-05
-6.63332e-05
-4.78089e-05
-1.48484e-05
-3.03747e-05
-5.57677e-05
-4.67867e-05
-3.22117e-05
-2.42723e-05
-1.45132e-05
-6.42779e-06
-3.61743e-07
9.18103e-06
1.82957e-05
2.64029e-05
2.66481e-05
1.63522e-05
1.60362e-05
2.86274e-05
3.50123e-05
3.69208e-05
4.31999e-05
4.45191e-05
3.89422e-05
3.37853e-05
3.23714e-05
3.29618e-05
2.81109e-05
2.48382e-05
2.91617e-05
3.16403e-05
3.55732e-05
4.43491e-05
4.92521e-05
4.80762e-05
4.49721e-05
4.47149e-05
4.84108e-05
5.31183e-05
5.67297e-05
5.80724e-05
5.68070e-05
5.39733e-05
5.17502e-05
5.09266e-05
5.06668e-05
5.14422e-05
5.34438e-05
5.55140e-05
5.65469e-05
5.64387e-05
5.62613e-05
5.61739e-05
5.58719e-05
5.60080e-05
5.67305e-05
5.74412e-05
5.78075e-05
5.81012e-05
5.87110e-05
5.95077e-05
6.03414e-05
6.11896e-05
6.18191e-05
6.23392e-05
6.30030e-05
6.36819e-05
6.43232e-05
6.49878e-05
6.56408e-05
6.63169e-05
6.70252e-05
6.76862e-05
6.83032e-05
6.89055e-05
6.95023e-05
7.01145e-05
7.07299e-05
7.13304e-05
7.19175e-05
7.25012e-05
7.30827e-05
7.36561e-05
7.42194e-05
7.47708e-05
7.53115e-05
7.58430e-05
7.63655e-05
7.68795e-05
7.73847e-05
7.78810e-05
7.83685e-05
7.88470e-05
