-4.76515e-06
-5.01711e-06
-5.34028e-06
-5.52136e-06
-5.40199e-06
-5.07990e-06
-4.71967e-06
-4.22306e-06
-3.24395e-06
-1.68301e-06
1.96251e-07
1.61595e-06
1.51755e-06
-6.18893e-07
-3.45713e-06
-6.08963e-06
-1.00015e-05
-1.66320e-05
-2.46943e-05
-3.14173e-05
-3.42846e-05
-3.02486e-05
-1.76035e-05
2.48555e-06
2.49527e-05
4.07521e-05
4.51603e-05
4.31528e-05
4.09664e-05
3.54610e-05
1.79749e-05
-1.01777e-05
-3.82798e-05
-6.21696e-05
-8.30663e-05
-9.50220e-05
-8.77404e-05
-6.13583e-05
-2.15079e-05
2.64007e-05
6.62356e-05
8.04574e-05
6.95469e-05
4.97667e-05
3.47518e-05
1.63419e-05
-3.05819e-05
-1.06216e-04
-1.79137e-04
-2.23897e-04
-2.37481e-04
-2.17450e-04
-1.55634e-04
-6.22797e-05
2.85924e-05
8.60572e-05
1.13316e-04
1.28261e-04
1.26054e-04
9.41314e-05
4.98532e-05
4.27594e-06
-6.36503e-05
-1.59352e-04
-2.55075e-04
-3.19976e-04
-3.19954e-04
-2.25732e-04
-6.80226e-05
8.62653e-05
1.92830e-04
2.32723e-04
2.12695e-04
1.59297e-04
9.49931e-05
3.08606e-05
-3.35778e-05
-8.04191e-05
-9.03286e-05
-8.67740e-05
-9.48233e-05
-1.11418e-04
-1.21830e-04
-1.12587e-04
-7.26389e-05
-3.81462e-06
6.10872e-05
8.83896e-05
1.06263e-04
1.79899e-04
3.16280e-04
4.21942e-04
3.97550e-04
2.26387e-04
-5.65766e-05
-3.68267e-04
-5.83046e-04
-6.24922e-04
-5.17010e-04
-3.35063e-04
-1.29952e-04
6.28847e-05
1.59844e-04
1.28478e-04
1.76219e-05
-1.21706e-04
-2.11353e-04
-1.81816e-04
-4.93574e-05
1.22200e-04
2.17187e-04
1.23935e-04
-1.68694e-04
-5.89321e-04
-1.03383e-03
-1.40028e-03
-1.55398e-03
-1.35326e-03
-7.80413e-04
-2.79043e-07
7.35298e-04
1.22166e-03
1.33810e-03
1.14414e-03
9.02349e-04
7.72223e-04
7.37026e-04
7.41614e-04
7.03338e-04
5.94155e-04
4.82571e-04
4.16812e-04
3.62664e-04
3.07685e-04
2.39487e-04
8.55111e-05
-1.46748e-04
-2.57935e-04
-6.54111e-05
3.73007e-04
8.93293e-04
1.31820e-03
1.44238e-03
1.17206e-03
5.75849e-04
-2.16818e-04
-9.50950e-04
-1.33035e-03
-1.28100e-03
-8.73186e-04
-2.83235e-04
1.68809e-04
2.70914e-04
6.47682e-06
-5.56694e-04
-1.22759e-03
-1.74958e-03
-1.95755e-03
-1.83751e-03
-1.51026e-03
-1.17140e-03
-9.58033e-04
-7.90573e-04
-5.27475e-04
-1.36707e-04
3.73421e-04
8.81155e-04
1.23395e-03
1.50983e-03
1.81178e-03
2.02977e-03
1.99654e-03
1.56605e-03
6.59053e-04
-5.02643e-04
-1.52383e-03
-2.14403e-03
-2.14062e-03
-1.30335e-03
2.09779e-04
1.74905e-03
2.78982e-03
3.33642e-03
3.46384e-03
3.08283e-03
2.28268e-03
1.41073e-03
7.53790e-04
2.83953e-04
-1.01436e-04
-3.03191e-04
-3.22658e-04
-3.94158e-04
-6.87315e-04
-1.13586e-03
-1.43966e-03
-1.26605e-03
-5.55178e-04
4.33695e-04
1.38015e-03
2.14683e-03
2.55910e-03
2.34366e-03
1.55546e-03
4.41172e-04
-8.31624e-04
-2.03039e-03
-2.79072e-03
-3.02403e-03
-2.84791e-03
-2.31841e-03
-1.52693e-03
-7.11259e-04
-2.71949e-04
-4.52913e-04
-9.62346e-04
-1.23606e-03
-1.01231e-03
-4.91450e-04
-9.93070e-05
-2.11028e-04
-7.07888e-04
-9.89616e-04
-5.20479e-04
4.61797e-04
1.03998e-03
6.59080e-04
-2.59295e-04
-8.35524e-04
-5.31987e-04
7.85574e-04
2.63150e-03
4.12557e-03
4.71297e-03
4.43034e-03
3.72165e-03
3.05453e-03
2.68651e-03
2.65826e-03
2.67565e-03
2.35907e-03
1.65263e-03
8.46691e-04
2.69875e-04
1.08677e-05
-2.21497e-04
-6.59630e-04
-1.05323e-03
-9.76712e-04
-1.96723e-04
1.06156e-03
2.21132e-03
2.52668e-03
1.56245e-03
-3.58125e-04
-2.29993e-03
-3.48035e-03
-3.84404e-03
-3.74925e-03
-3.58739e-03
-3.57044e-03
-3.62957e-03
-3.36376e-03
-2.38820e-03
-7.52244e-04
9.96980e-04
2.01670e-03
1.92746e-03
1.17533e-03
3.85707e-04
3.73414e-05
3.48720e-04
9.79675e-04
1.27434e-03
8.49318e-04
1.64550e-04
9.19399e-05
9.40402e-04
2.10258e-03
2.56995e-03
1.79671e-03
-8.83895e-05
-2.31441e-03
-3.59096e-03
-3.18198e-03
-1.65180e-03
-2.57858e-04
2.62681e-05
-6.90769e-04
-1.43974e-03
-1.16343e-03
6.30030e-04
3.36192e-03
5.76892e-03
6.69384e-03
5.76741e-03
3.46780e-03
7.70126e-04
-1.42431e-03
-2.96644e-03
-4.33395e-03
-5.66000e-03
-6.16158e-03
-5.01837e-03
-2.37229e-03
7.82119e-04
3.10594e-03
3.54283e-03
2.16320e-03
5.40979e-05
-1.62435e-03
-2.29669e-03
-2.09120e-03
-1.51439e-03
-1.02563e-03
-8.42076e-04
-1.12909e-03
-2.01654e-03
-3.14489e-03
-3.72371e-03
-3.20503e-03
-1.48443e-03
1.27464e-03
4.51730e-03
7.50069e-03
9.36472e-03
9.14549e-03
6.58301e-03
2.67370e-03
-8.80937e-04
-2.91303e-03
-3.26866e-03
-2.25223e-03
-3.63761e-04
1.90096e-03
4.13243e-03
5.71847e-03
5.94746e-03
4.43346e-03
1.54719e-03
-1.63099e-03
-4.09670e-03
-5.43112e-03
-5.57914e-03
-4.65077e-03
-3.00775e-03
-1.40793e-03
-5.86332e-04
-7.89996e-04
-1.63163e-03
-2.16838e-03
-1.80708e-03
-7.53844e-04
5.20986e-04
1.50557e-03
1.58731e-03
4.40010e-04
-1.54228e-03
-3.43863e-03
-4.20565e-03
-3.40629e-03
-1.48335e-03
7.94303e-04
3.01663e-03
5.04491e-03
6.57587e-03
7.32852e-03
7.25549e-03
6.40863e-03
4.81872e-03
2.53092e-03
-2.85611e-04
-3.08998e-03
-5.29796e-03
-6.89735e-03
-8.01019e-03
-8.36768e-03
-7.77541e-03
-6.40536e-03
-4.71636e-03
-3.19528e-03
-1.97760e-03
-6.18886e-04
1.31624e-03
3.32353e-03
4.15794e-03
3.04260e-03
2.99747e-04
-2.88237e-03
-5.33380e-03
-6.37844e-03
-5.88318e-03
-4.40505e-03
-2.89593e-03
-2.02344e-03
-1.82563e-03
-1.80202e-03
-1.43734e-03
-5.82759e-04
9.74011e-04
3.62255e-03
6.95928e-03
9.75767e-03
1.07327e-02
9.10685e-03
5.14011e-03
1.61127e-04
-3.96089e-03
-5.65952e-03
-4.56751e-03
-1.89100e-03
5.29050e-04
1.55557e-03
1.30283e-03
6.68108e-04
4.27722e-04
9.86573e-04
2.34888e-03
3.95880e-03
4.92893e-03
4.69244e-03
3.53935e-03
2.34548e-03
1.83791e-03
2.01758e-03
2.18996e-03
1.59973e-03
-3.34437e-05
-2.21321e-03
-3.71169e-03
-3.43646e-03
-1.31992e-03
1.52105e-03
3.47101e-03
3.66106e-03
2.52836e-03
1.23893e-03
7.39091e-04
1.14474e-03
1.86134e-03
2.18530e-03
1.78479e-03
6.06113e-04
-1.20061e-03
-2.89657e-03
-3.71330e-03
-3.81185e-03
-3.51662e-03
-2.37615e-03
-3.20014e-05
3.09710e-03
6.07180e-03
7.84200e-03
7.59607e-03
5.49388e-03
2.80462e-03
9.09499e-04
2.92467e-04
4.32431e-04
6.53270e-04
7.75054e-04
9.19108e-04
1.27216e-03
1.84407e-03
2.13871e-03
1.55205e-03
1.19492e-04
-1.60599e-03
-3.05198e-03
-4.00833e-03
-4.47719e-03
-4.43883e-03
-3.87249e-03
-3.05691e-03
-2.58317e-03
-2.84427e-03
-3.69329e-03
-4.45478e-03
-4.14198e-03
-2.29008e-03
3.61956e-04
2.11501e-03
1.39946e-03
-1.69305e-03
-5.39798e-03
-8.03740e-03
-8.97503e-03
-8.33030e-03
-6.61434e-03
-4.40066e-03
-1.81487e-03
1.18549e-03
4.05191e-03
5.90396e-03
6.32571e-03
5.40145e-03
3.50788e-03
1.52013e-03
3.04905e-04
-1.53248e-04
-6.27988e-04
-1.84168e-03
-3.65206e-03
-4.78417e-03
-4.15879e-03
-2.38934e-03
-6.48767e-04
9.95281e-04
3.17362e-03
6.05162e-03
8.86234e-03
1.05170e-02
1.02438e-02
7.69968e-03
3.41563e-03
-1.04188e-03
-4.19060e-03
-5.44669e-03
-5.18186e-03
-4.60126e-03
-4.49077e-03
-4.51001e-03
-4.06741e-03
-2.88422e-03
-1.14595e-03
5.49720e-04
1.68157e-03
2.19691e-03
2.55691e-03
3.37414e-03
4.83256e-03
6.60412e-03
7.99828e-03
8.08491e-03
5.95237e-03
1.68613e-03
-3.31377e-03
-7.43090e-03
-9.45559e-03
-8.96712e-03
-6.84461e-03
-4.48630e-03
-2.74390e-03
-1.83509e-03
-1.57356e-03
-1.45269e-03
-7.95239e-04
8.11331e-04
3.10481e-03
5.29969e-03
6.71426e-03
6.80195e-03
5.15845e-03
2.13344e-03
-1.31348e-03
-3.98560e-03
-5.07860e-03
-4.62560e-03
-3.17506e-03
-1.54391e-03
-4.01907e-04
-2.36940e-05
-3.95743e-04
-1.25303e-03
-2.01808e-03
-2.44209e-03
-2.90139e-03
-3.82208e-03
-5.00874e-03
-5.70714e-03
-5.22409e-03
-3.67910e-03
-1.85912e-03
-2.58919e-04
1.15006e-03
2.48720e-03
3.79867e-03
5.12338e-03
6.29690e-03
6.98803e-03
6.81224e-03
5.42641e-03
2.84018e-03
-1.50853e-04
-2.47855e-03
-3.85439e-03
-4.91832e-03
-6.08207e-03
-6.40072e-03
-4.37033e-03
6.43321e-04
7.30789e-03
1.25694e-02
1.36590e-02
9.84754e-03
2.62534e-03
-5.24411e-03
-1.14248e-02
-1.45051e-02
-1.42949e-02
-1.16158e-02
-7.68672e-03
-3.82533e-03
-9.48930e-04
7.81474e-04
1.62471e-03
1.95448e-03
1.73801e-03
7.45988e-04
-6.77900e-04
-1.66905e-03
-1.56907e-03
-4.22638e-04
1.28380e-03
2.88629e-03
3.82746e-03
3.86604e-03
3.21637e-03
2.51104e-03
2.45697e-03
3.10297e-03
3.48411e-03
2.73643e-03
1.01354e-03
-1.00521e-03
-2.93591e-03
-4.52293e-03
-5.10147e-03
-3.82884e-03
-4.68225e-04
4.19680e-03
8.61467e-03
1.14862e-02
1.25623e-02
1.19916e-02
9.73038e-03
5.70659e-03
4.41366e-04
-4.75502e-03
-8.29386e-03
-9.32422e-03
-7.85591e-03
-4.58767e-03
-4.14855e-04
4.13504e-03
8.30534e-03
1.08712e-02
1.11153e-02
9.03621e-03
5.01163e-03
-1.18173e-04
-4.87995e-03
-7.83917e-03
-8.43962e-03
-6.99155e-03
-4.41448e-03
-1.86228e-03
-1.39936e-05
1.24909e-03
2.33159e-03
3.42941e-03
4.59859e-03
5.65982e-03
5.99047e-03
4.81507e-03
1.94761e-03
-1.74914e-03
-5.01258e-03
-7.03445e-03
-7.15186e-03
-4.86832e-03
-3.84093e-04
5.20834e-03
1.03449e-02
1.33094e-02
1.26510e-02
8.58240e-03
3.12601e-03
-1.29405e-03
-3.34418e-03
-3.25185e-03
-2.12351e-03
-1.12260e-03
-5.39602e-04
4.00819e-04
2.49414e-03
5.62939e-03
8.81559e-03
1.07757e-02
1.07618e-02
9.07675e-03
6.38275e-03
3.10244e-03
-3.43326e-04
-3.31703e-03
-5.69192e-03
-7.76677e-03
-9.74720e-03
-1.20903e-02
-1.50898e-02
-1.83342e-02
-2.05812e-02
-2.04704e-02
-1.75532e-02
-1.21727e-02
-5.32593e-03
1.54348e-03
6.87097e-03
9.56906e-03
9.81924e-03
9.10407e-03
8.65316e-03
8.42842e-03
7.82242e-03
6.43643e-03
4.30996e-03
2.04923e-03
4.59113e-04
6.30814e-05
7.33681e-04
1.75434e-03
2.80798e-03
4.03189e-03
5.50444e-03
7.29357e-03
9.08801e-03
9.87859e-03
8.55194e-03
4.90932e-03
-6.29994e-05
-4.97985e-03
-8.84187e-03
-1.10980e-02
-1.14758e-02
-1.02886e-02
-8.42672e-03
-6.55339e-03
-4.78092e-03
-2.89160e-03
-5.22946e-04
2.15893e-03
4.49434e-03
5.70468e-03
5.06447e-03
2.45474e-03
-1.34816e-03
-5.11268e-03
-7.74565e-03
-8.91612e-03
-8.94135e-03
-8.09269e-03
-6.46970e-03
-4.49614e-03
-2.80680e-03
-1.81602e-03
-1.58448e-03
-1.96742e-03
-2.77312e-03
-3.95179e-03
-5.64107e-03
-7.69671e-03
-9.53073e-03
-1.06578e-02
-1.08744e-02
-9.99353e-03
-8.29787e-03
-6.39773e-03
-4.51816e-03
-2.78685e-03
-1.67644e-03
-1.42560e-03
-1.92693e-03
-3.22868e-03
-5.39730e-03
-8.40497e-03
-1.18191e-02
-1.46280e-02
-1.57493e-02
-1.44486e-02
-1.07782e-02
-5.98449e-03
-1.83626e-03
5.37481e-04
9.27028e-04
-9.00292e-05
-1.51501e-03
-2.50979e-03
-2.57844e-03
-1.70454e-03
-2.75641e-04
1.14498e-03
2.28118e-03
3.41410e-03
4.89983e-03
6.82807e-03
9.03975e-03
1.15193e-02
1.41652e-02
1.58694e-02
1.48163e-02
9.58941e-03
-1.63151e-04
-1.29375e-02
-2.55387e-02
-3.46528e-02
-3.86204e-02
-3.77515e-02
-3.34185e-02
-2.76479e-02
-2.24209e-02
-1.85879e-02
-1.60545e-02
-1.48332e-02
-1.45672e-02
-1.41327e-02
-1.25110e-02
-8.81599e-03
-2.24350e-03
7.21304e-03
1.84963e-02
2.97141e-02
3.83908e-02
4.19887e-02
3.89391e-02
2.97296e-02
1.72525e-02
5.70636e-03
-1.65143e-03
-3.37728e-03
7.46156e-04
1.01912e-02
2.32390e-02
3.69483e-02
4.88278e-02
5.77491e-02
6.32514e-02
6.51919e-02
6.36463e-02
5.85082e-02
4.89222e-02
3.36526e-02
1.23100e-02
-1.39089e-02
-4.19467e-02
-6.75955e-02
-8.71766e-02
-9.91246e-02
-1.04724e-01
-1.05021e-01
-9.97356e-02
-8.86552e-02
-7.22334e-02
-5.17425e-02
-2.97742e-02
-9.63787e-03
6.09011e-03
1.60749e-02
2.07862e-02
2.18561e-02
2.12233e-02
2.05347e-02
2.08803e-02
2.27125e-02
2.58683e-02
2.93511e-02
3.19064e-02
3.27271e-02
3.12658e-02
2.78296e-02
2.43549e-02
2.33611e-02
2.61562e-02
3.20905e-02
3.86586e-02
4.23206e-02
3.99153e-02
2.99137e-02
1.30910e-02
-7.96237e-03
-2.91355e-02
-4.56512e-02
-5.48545e-02
-5.72426e-02
-5.45364e-02
-4.89629e-02
-4.35007e-02
-4.04198e-02
-4.01757e-02
-4.22138e-02
-4.55802e-02
-4.89169e-02
-5.07928e-02
-5.01643e-02
-4.66102e-02
-4.07016e-02
-3.39751e-02
-2.81812e-02
-2.41751e-02
-2.11678e-02
-1.73144e-02
-1.12290e-02
-2.61789e-03
7.97705e-03
1.95157e-02
3.13278e-02
4.27616e-02
5.19539e-02
5.72853e-02
5.93374e-02
5.96965e-02
5.92100e-02
5.78789e-02
5.55994e-02
5.25223e-02
4.90374e-02
4.56887e-02
4.31863e-02
4.19212e-02
4.19332e-02
4.33422e-02
4.60590e-02
4.91523e-02
5.08583e-02
4.95686e-02
4.49077e-02
3.75738e-02
2.90359e-02
2.08932e-02
1.37429e-02
7.19214e-03
8.68155e-04
-4.51294e-03
-7.88086e-03
-8.88404e-03
-7.57042e-03
-3.92570e-03
1.88703e-03
9.03170e-03
1.61798e-02
2.20447e-02
2.58604e-02
2.73959e-02
2.67599e-02
2.41544e-02
1.97300e-02
1.40500e-02
8.24786e-03
3.48056e-03
2.85717e-04
-1.35045e-03
-1.45967e-03
-2.61085e-04
1.48704e-03
2.70873e-03
2.37999e-03
-2.01919e-04
-5.08588e-03
-1.15744e-02
-1.84138e-02
-2.46763e-02
-2.99311e-02
-3.37924e-02
-3.59800e-02
-3.58844e-02
-3.25650e-02
-2.49807e-02
-1.26143e-02
3.52920e-03
2.15182e-02
3.98034e-02
5.67712e-02
7.04430e-02
7.96146e-02
8.43056e-02
8.49666e-02
8.17737e-02
7.46328e-02
6.31387e-02
4.66399e-02
2.51615e-02
4.12116e-04
-2.38425e-02
-4.36262e-02
-5.72898e-02
-6.44543e-02
-6.48363e-02
-5.95320e-02
-5.11514e-02
-4.28023e-02
-3.70123e-02
-3.49357e-02
-3.60016e-02
-3.84344e-02
-4.01315e-02
-3.95123e-02
-3.60926e-02
-3.02719e-02
-2.26887e-02
-1.38836e-02
-4.63196e-03
3.48547e-03
8.73504e-03
1.07612e-02
1.03946e-02
8.67749e-03
6.49763e-03
4.55170e-03
3.41175e-03
3.24757e-03
3.71662e-03
3.86921e-03
2.35879e-03
-1.80534e-03
-8.30435e-03
-1.55158e-02
-2.14174e-02
-2.49192e-02
-2.64331e-02
-2.68719e-02
-2.69231e-02
-2.68155e-02
-2.59458e-02
-2.31459e-02
-1.75086e-02
-9.18589e-03
4.01713e-04
9.37111e-03
1.61819e-02
1.99932e-02
2.06372e-02
1.87699e-02
1.58339e-02
1.33296e-02
1.22609e-02
1.32541e-02
1.60890e-02
1.95852e-02
2.25676e-02
2.43996e-02
2.48114e-02
2.38640e-02
2.20792e-02
2.02562e-02
1.86515e-02
1.67226e-02
1.38389e-02
9.63633e-03
3.76067e-03
-4.01007e-03
-1.31376e-02
-2.20748e-02
-2.90537e-02
-3.32426e-02
-3.48562e-02
-3.48780e-02
-3.44774e-02
-3.42539e-02
-3.44320e-02
-3.50518e-02
-3.56335e-02
-3.54823e-02
-3.46154e-02
-3.37319e-02
-3.37985e-02
-3.57546e-02
-4.03958e-02
-4.82720e-02
-5.87315e-02
-6.95489e-02
-7.85091e-02
-8.39332e-02
-8.40060e-02
-7.71910e-02
-6.34477e-02
-4.43991e-02
-2.24217e-02
-2.79162e-05
2.03908e-02
3.69174e-02
4.89505e-02
5.69498e-02
6.11694e-02
6.10411e-02
5.56906e-02
4.46500e-02
2.86366e-02
9.51473e-03
-1.04324e-02
-2.86065e-02
-4.24674e-02
-5.08623e-02
-5.36116e-02
-5.07388e-02
-4.31576e-02
-3.28532e-02
-2.26687e-02
-1.57997e-02
-1.39483e-02
-1.67768e-02
-2.25634e-02
-2.90319e-02
-3.40993e-02
-3.59728e-02
-3.32163e-02
-2.51751e-02
-1.23572e-02
3.57919e-03
2.09452e-02
3.76944e-02
5.10844e-02
5.93350e-02
6.23597e-02
6.07236e-02
5.48669e-02
4.56501e-02
3.49070e-02
2.49825e-02
1.73952e-02
1.27613e-02
1.11353e-02
1.17074e-02
1.32686e-02
1.46229e-02
1.44083e-02
1.13756e-02
5.49910e-03
-1.40349e-03
-5.93278e-03
-4.09907e-03
6.53065e-03
2.47182e-02
4.53125e-02
6.32868e-02
7.63316e-02
8.50368e-02
9.15373e-02
9.69431e-02
1.00195e-01
9.87612e-02
9.04286e-02
7.52278e-02
5.56560e-02
3.51293e-02
1.65054e-02
1.48738e-03
-8.79767e-03
-1.44385e-02
-1.67104e-02
-1.63376e-02
-1.31950e-02
-6.93078e-03
2.58496e-03
1.46073e-02
2.75210e-02
3.94722e-02
4.91755e-02
5.62601e-02
6.08027e-02
6.27649e-02
6.17745e-02
5.75228e-02
5.01635e-02
3.98598e-02
2.67821e-02
1.16791e-02
-4.14572e-03
-1.95289e-02
-3.34511e-02
-4.54126e-02
-5.54816e-02
-6.38730e-02
-7.06121e-02
-7.59095e-02
-8.01156e-02
-8.30892e-02
-8.45453e-02
-8.44277e-02
-8.28757e-02
-8.00554e-02
-7.57489e-02
-6.90308e-02
-5.87854e-02
-4.48961e-02
-2.88529e-02
-1.30493e-02
3.51381e-04
9.89487e-03
1.49764e-02
1.60393e-02
1.41712e-02
1.07545e-02
7.50631e-03
5.76960e-03
6.08821e-03
8.27663e-03
1.07554e-02
1.06680e-02
5.76839e-03
-3.94570e-03
-1.65946e-02
-3.01390e-02
-4.34067e-02
-5.55602e-02
-6.54088e-02
-7.19873e-02
-7.53353e-02
-7.58986e-02
-7.33603e-02
-6.69158e-02
-5.65113e-02
-4.35491e-02
-3.06033e-02
-1.96030e-02
-1.12837e-02
-6.66851e-03
-6.83748e-03
-1.11832e-02
-1.73973e-02
-2.32362e-02
-2.71795e-02
-2.78037e-02
-2.39083e-02
-1.54207e-02
-3.74075e-03
9.14138e-03
2.10845e-02
3.01103e-02
3.54197e-02
3.75623e-02
3.77047e-02
3.72640e-02
3.76106e-02
3.92183e-02
4.15308e-02
4.36747e-02
4.50517e-02
4.54709e-02
4.51810e-02
4.46993e-02
4.42049e-02
4.32863e-02
4.08551e-02
3.60513e-02
2.97256e-02
2.37779e-02
1.94466e-02
1.68187e-02
1.54843e-02
1.50400e-02
1.45922e-02
1.28648e-02
9.12342e-03
3.64756e-03
-2.11625e-03
-5.97024e-03
-6.11124e-03
-1.53672e-03
7.84200e-03
2.06998e-02
3.45163e-02
4.69406e-02
5.65682e-02
6.27777e-02
6.60498e-02
6.76403e-02
6.86959e-02
6.99185e-02
7.14170e-02
7.24957e-02
7.17124e-02
6.70057e-02
5.61623e-02
3.82194e-02
1.52282e-02
-8.20205e-03
-2.86736e-02
-4.60404e-02
-6.09098e-02
-7.29249e-02
-8.13927e-02
-8.56883e-02
-8.54411e-02
-8.08855e-02
-7.30814e-02
-6.35287e-02
-5.38601e-02
-4.55391e-02
-3.94707e-02
-3.56124e-02
-3.31606e-02
-3.14343e-02
-3.01283e-02
-2.90794e-02
-2.82842e-02
-2.77571e-02
-2.74513e-02
-2.70849e-02
-2.56298e-02
-2.16658e-02
-1.45000e-02
-4.56380e-03
7.00665e-03
1.83450e-02
2.72832e-02
3.25990e-02
3.42448e-02
3.34367e-02
3.20738e-02
3.14423e-02
3.19507e-02
3.36903e-02
3.64914e-02
3.93700e-02
4.03925e-02
3.74454e-02
2.92887e-02
1.60605e-02
-9.35422e-05
-1.54911e-02
-2.75531e-02
-3.58071e-02
-4.01660e-02
-4.04083e-02
-3.63858e-02
-2.81861e-02
-1.66481e-02
-3.40245e-03
9.07824e-03
1.79827e-02
2.16509e-02
1.96318e-02
1.27292e-02
2.97934e-03
-7.41483e-03
-1.65850e-02
-2.32214e-02
-2.69626e-02
-2.76956e-02
-2.55230e-02
-2.15177e-02
-1.72525e-02
-1.41369e-02
-1.31830e-02
-1.45178e-02
-1.71849e-02
-1.96574e-02
-2.07162e-02
-2.00400e-02
-1.81705e-02
-1.59665e-02
-1.39117e-02
-1.22941e-02
-1.17065e-02
-1.30837e-02
-1.69214e-02
-2.25192e-02
-2.82387e-02
-3.26957e-02
-3.53192e-02
-3.57110e-02
-3.33206e-02
-2.74858e-02
-1.79099e-02
-5.61163e-03
7.23052e-03
1.92226e-02
3.02219e-02
3.98535e-02
4.78681e-02
5.44155e-02
5.92261e-02
6.22948e-02
6.38352e-02
6.40039e-02
6.31891e-02
6.17015e-02
5.95974e-02
5.67056e-02
5.28404e-02
4.80143e-02
4.26499e-02
3.72618e-02
3.22884e-02
2.83622e-02
2.58636e-02
2.45508e-02
2.40045e-02
2.40036e-02
2.42990e-02
2.44312e-02
2.37539e-02
2.15091e-02
1.68396e-02
9.22844e-03
-1.14876e-03
-1.35749e-02
-2.68424e-02
-3.96605e-02
-5.09019e-02
-5.93059e-02
-6.41906e-02
-6.62549e-02
-6.69092e-02
-6.70802e-02
-6.69189e-02
-6.64979e-02
-6.62033e-02
-6.64379e-02
-6.74313e-02
-6.88923e-02
-6.92906e-02
-6.60863e-02
-5.68775e-02
-4.09707e-02
-1.99965e-02
2.48623e-03
2.31369e-02
4.13636e-02
5.66805e-02
6.69023e-02
7.10081e-02
6.95775e-02
6.35415e-02
5.38168e-02
4.13854e-02
2.80871e-02
1.59139e-02
5.44213e-03
-2.90295e-03
-8.43684e-03
-1.09711e-02
-1.05210e-02
-7.11432e-03
-8.70996e-04
7.53465e-03
1.61510e-02
2.24091e-02
2.46029e-02
2.23119e-02
1.64291e-02
8.65951e-03
3.08341e-04
-7.59294e-03
-1.38147e-02
-1.76525e-02
-1.92518e-02
-1.90362e-02
-1.72865e-02
-1.43467e-02
-1.07924e-02
-6.83045e-03
-2.19979e-03
3.14193e-03
8.61223e-03
1.33285e-02
1.67313e-02
1.85803e-02
1.91498e-02
1.89270e-02
1.80729e-02
1.66088e-02
1.46895e-02
1.24960e-02
1.01576e-02
7.65223e-03
4.88882e-03
2.19144e-03
5.78281e-05
-1.10726e-03
-8.24468e-04
9.00355e-04
3.44014e-03
6.12577e-03
8.24389e-03
9.21890e-03
8.92314e-03
7.61293e-03
5.76943e-03
4.05111e-03
2.82566e-03
2.14199e-03
1.82828e-03
1.39922e-03
5.10463e-04
-9.96091e-04
-3.55071e-03
-7.21206e-03
-1.13108e-02
-1.51301e-02
-1.81758e-02
-1.98050e-02
-1.94949e-02
-1.71694e-02
-1.30144e-02
-7.42610e-03
-1.44465e-03
3.51372e-03
6.55679e-03
7.38142e-03
5.73501e-03
1.47724e-03
-4.73255e-03
-1.15630e-02
-1.76849e-02
-2.23640e-02
-2.56501e-02
-2.80852e-02
-3.02321e-02
-3.19898e-02
-3.27014e-02
-3.18559e-02
-2.90382e-02
-2.37289e-02
-1.58429e-02
-6.41950e-03
2.99980e-03
1.11498e-02
1.71657e-02
2.10331e-02
2.30627e-02
2.32117e-02
2.14997e-02
1.84990e-02
1.50721e-02
1.19632e-02
9.52243e-03
7.56485e-03
5.72245e-03
3.92930e-03
2.49409e-03
1.65899e-03
1.09456e-03
2.79584e-05
-2.08193e-03
-5.01437e-03
-7.83482e-03
-9.96364e-03
-1.15557e-02
-1.27189e-02
-1.34709e-02
-1.41247e-02
-1.49714e-02
-1.55516e-02
-1.52159e-02
-1.38423e-02
-1.15333e-02
-8.22243e-03
-3.90353e-03
9.37197e-04
5.21901e-03
8.04214e-03
9.30944e-03
9.43583e-03
8.97231e-03
8.30183e-03
7.50144e-03
6.59766e-03
5.95193e-03
6.28705e-03
8.24480e-03
1.18037e-02
1.60041e-02
1.97382e-02
2.25300e-02
2.41861e-02
2.47830e-02
2.46153e-02
2.34107e-02
2.03708e-02
1.51870e-02
8.52472e-03
1.31060e-03
-6.05191e-03
-1.32612e-02
-1.95547e-02
-2.38126e-02
-2.54909e-02
-2.50648e-02
-2.34822e-02
-2.15309e-02
-1.95670e-02
-1.76420e-02
-1.59494e-02
-1.46103e-02
-1.31292e-02
-1.07872e-02
-7.09535e-03
-2.03573e-03
3.77110e-03
9.47485e-03
1.41727e-02
1.71147e-02
1.81764e-02
1.76192e-02
1.57109e-02
1.25631e-02
8.45375e-03
4.42664e-03
1.64353e-03
3.98639e-04
2.82811e-04
5.76970e-04
5.58626e-04
-1.55192e-04
-1.82273e-03
-4.67195e-03
-8.55132e-03
-1.26704e-02
-1.59324e-02
-1.75139e-02
-1.71361e-02
-1.50629e-02
-1.18777e-02
-7.79208e-03
-2.76109e-03
2.81918e-03
8.17146e-03
1.28736e-02
1.69315e-02
2.01649e-02
2.21098e-02
2.24331e-02
2.11178e-02
1.85725e-02
1.53375e-02
1.16970e-02
8.03483e-03
4.94009e-03
2.83694e-03
1.81569e-03
1.58606e-03
1.69606e-03
1.77909e-03
1.78137e-03
1.99858e-03
2.59839e-03
3.29861e-03
3.90335e-03
4.66163e-03
5.43075e-03
5.67391e-03
5.06164e-03
3.55153e-03
1.39820e-03
-1.10129e-03
-3.64807e-03
-6.00194e-03
-7.94670e-03
-9.27968e-03
-1.00569e-02
-1.01378e-02
-8.99043e-03
-6.25427e-03
-2.23350e-03
2.37133e-03
7.05391e-03
1.13139e-02
1.43956e-02
1.56239e-02
1.47894e-02
1.21574e-02
8.28109e-03
4.10043e-03
5.94096e-04
-2.05377e-03
-4.43196e-03
-6.71853e-03
-8.49213e-03
-9.36598e-03
-9.20276e-03
-8.39578e-03
-7.48855e-03
-6.55227e-03
-5.43181e-03
-4.19887e-03
-2.96242e-03
-1.72703e-03
-4.75840e-04
6.36927e-04
1.12687e-03
7.31907e-04
-1.23902e-04
-8.28723e-04
-9.97124e-04
-7.05580e-04
-2.45383e-04
1.95955e-04
4.15060e-04
4.07180e-04
5.40503e-04
9.51655e-04
1.54555e-03
2.18607e-03
2.60847e-03
2.91440e-03
3.43267e-03
4.13778e-03
4.93458e-03
5.96393e-03
7.18024e-03
8.40051e-03
9.36622e-03
9.55774e-03
8.54938e-03
6.19376e-03
2.71674e-03
-1.32197e-03
-5.20119e-03
-8.37386e-03
-1.05361e-02
-1.14680e-02
-1.12205e-02
-1.00073e-02
-7.80961e-03
-4.45509e-03
1.04152e-04
5.66983e-03
1.14441e-02
1.62053e-02
1.91014e-02
2.01940e-02
2.01130e-02
1.93776e-02
1.83396e-02
1.71245e-02
1.55876e-02
1.37609e-02
1.19439e-02
1.04090e-02
9.16372e-03
7.99104e-03
6.72226e-03
5.56932e-03
4.87873e-03
4.55043e-03
4.00833e-03
2.53927e-03
-3.26311e-04
-4.73056e-03
-1.03132e-02
-1.61683e-02
-2.14434e-02
-2.57136e-02
-2.87995e-02
-3.05539e-02
-3.08660e-02
-2.98099e-02
-2.78490e-02
-2.54267e-02
-2.24028e-02
-1.83409e-02
-1.33728e-02
-8.16698e-03
-3.37130e-03
5.40120e-04
3.27955e-03
4.64779e-03
4.68362e-03
3.78689e-03
2.40084e-03
6.68656e-04
-1.35272e-03
-3.42768e-03
-5.32845e-03
-7.20681e-03
-9.10332e-03
-1.05664e-02
-1.12435e-02
-1.12150e-02
-1.06309e-02
-9.39410e-03
-7.68149e-03
-6.07145e-03
-5.10405e-03
-5.15022e-03
-6.41722e-03
-8.76666e-03
-1.18265e-02
-1.51182e-02
-1.80989e-02
-2.03400e-02
-2.16049e-02
-2.17488e-02
-2.04546e-02
-1.75721e-02
-1.36277e-02
-9.38767e-03
-5.42874e-03
-1.92433e-03
1.39174e-03
4.70166e-03
7.82280e-03
1.04844e-02
1.24578e-02
1.38137e-02
1.49150e-02
1.58785e-02
1.67185e-02
1.76600e-02
1.87627e-02
1.99925e-02
2.12016e-02
2.21282e-02
2.25889e-02
2.26470e-02
2.23399e-02
2.15536e-02
1.98545e-02
1.65694e-02
1.16064e-02
5.86895e-03
7.38461e-04
-2.86973e-03
-4.95388e-03
-5.96908e-03
-6.26896e-03
-6.16812e-03
-5.98122e-03
-5.96724e-03
-6.21430e-03
-6.74878e-03
-7.59153e-03
-8.57028e-03
-9.36696e-03
-9.76089e-03
-9.76138e-03
-9.04718e-03
-6.84592e-03
-2.79266e-03
2.53071e-03
7.99893e-03
1.24410e-02
1.52662e-02
1.67372e-02
1.73476e-02
1.74399e-02
1.71924e-02
1.67485e-02
1.63947e-02
1.63206e-02
1.64210e-02
1.65743e-02
1.66997e-02
1.64717e-02
1.52361e-02
1.24661e-02
8.36242e-03
3.55233e-03
-1.74000e-03
-7.33103e-03
-1.24704e-02
-1.64336e-02
-1.91801e-02
-2.10977e-02
-2.24647e-02
-2.34176e-02
-2.41017e-02
-2.46480e-02
-2.50686e-02
-2.52077e-02
-2.49500e-02
-2.42232e-02
-2.31046e-02
-2.19633e-02
-2.10491e-02
-2.01010e-02
-1.86781e-02
-1.63604e-02
-1.28272e-02
-8.27947e-03
-3.22648e-03
1.97323e-03
7.12880e-03
1.20114e-02
1.60683e-02
1.87870e-02
2.00110e-02
2.01537e-02
1.97925e-02
1.90424e-02
1.79794e-02
1.69941e-02
1.60887e-02
1.46508e-02
1.24222e-02
9.87225e-03
7.16668e-03
4.01850e-03
3.78657e-04
-3.70875e-03
-8.20319e-03
-1.27463e-02
-1.66895e-02
-1.95915e-02
-2.14526e-02
-2.25532e-02
-2.33849e-02
-2.42833e-02
-2.49730e-02
-2.49551e-02
-2.40788e-02
-2.22551e-02
-1.90844e-02
-1.43295e-02
-8.58637e-03
-2.78170e-03
2.55885e-03
7.27931e-03
1.11345e-02
1.38022e-02
1.54083e-02
1.63040e-02
1.65672e-02
1.63296e-02
1.60404e-02
1.60925e-02
1.66790e-02
1.80356e-02
2.01845e-02
2.27836e-02
2.55578e-02
2.81280e-02
2.98562e-02
3.06162e-02
3.06969e-02
2.99759e-02
2.80460e-02
2.47887e-02
2.07127e-02
1.67549e-02
1.34175e-02
1.06041e-02
8.35233e-03
6.79469e-03
5.85974e-03
5.35468e-03
4.92902e-03
4.20750e-03
2.84950e-03
6.35511e-04
-2.33503e-03
-5.65389e-03
-8.80342e-03
-1.14752e-02
-1.33669e-02
-1.43539e-02
-1.47378e-02
-1.46494e-02
-1.37590e-02
-1.19821e-02
-9.61993e-03
-6.94675e-03
-4.47874e-03
-2.83548e-03
-2.26099e-03
-2.73929e-03
-4.13598e-03
-6.01223e-03
-7.73570e-03
-8.77904e-03
-8.98012e-03
-8.42681e-03
-7.25903e-03
-5.56544e-03
-3.44183e-03
-1.14199e-03
1.15966e-03
3.47995e-03
5.51035e-03
6.54822e-03
6.18531e-03
4.44990e-03
1.52829e-03
-2.23586e-03
-6.22654e-03
-9.70202e-03
-1.18249e-02
-1.20190e-02
-1.07302e-02
-8.94459e-03
-7.02034e-03
-4.77237e-03
-2.31037e-03
3.86999e-05
1.80065e-03
2.29941e-03
1.23903e-03
-1.21971e-03
-4.64747e-03
-8.65604e-03
-1.28328e-02
-1.65517e-02
-1.95507e-02
-2.19694e-02
-2.39429e-02
-2.55415e-02
-2.67243e-02
-2.73389e-02
-2.71666e-02
-2.60571e-02
-2.40004e-02
-2.07598e-02
-1.59997e-02
-9.99697e-03
-3.52782e-03
2.64513e-03
7.66958e-03
1.08176e-02
1.21765e-02
1.24701e-02
1.21263e-02
1.12666e-02
1.01727e-02
9.30691e-03
9.02266e-03
9.39972e-03
1.02402e-02
1.12581e-02
1.19903e-02
1.18842e-02
1.06681e-02
8.31666e-03
5.02139e-03
1.33194e-03
-2.24298e-03
-5.28732e-03
-7.60300e-03
-9.20317e-03
-9.90939e-03
-9.52539e-03
-7.92801e-03
-4.93184e-03
-9.01837e-04
3.29759e-03
6.90689e-03
9.70229e-03
1.17505e-02
1.32771e-02
1.48930e-02
1.67584e-02
1.85035e-02
1.99251e-02
2.10258e-02
2.17838e-02
2.21317e-02
2.23210e-02
2.26518e-02
2.29050e-02
2.25017e-02
2.11598e-02
1.89735e-02
1.64516e-02
1.41206e-02
1.20941e-02
1.03549e-02
9.15468e-03
8.72855e-03
9.01316e-03
9.44548e-03
9.51874e-03
9.38642e-03
9.37476e-03
9.45937e-03
9.37174e-03
8.89708e-03
8.09262e-03
7.39634e-03
7.31257e-03
7.94580e-03
8.87549e-03
9.72369e-03
1.05064e-02
1.13300e-02
1.20794e-02
1.24002e-02
1.19251e-02
1.04600e-02
7.71053e-03
3.46265e-03
-1.84164e-03
-7.44533e-03
-1.28844e-02
-1.79850e-02
-2.23083e-02
-2.52294e-02
-2.69126e-02
-2.80246e-02
-2.87811e-02
-2.88983e-02
-2.78002e-02
-2.50857e-02
-2.07521e-02
-1.52083e-02
-9.19006e-03
-3.48125e-03
1.24445e-03
4.51992e-03
6.37842e-03
7.28857e-03
7.68345e-03
7.77125e-03
7.93191e-03
8.82684e-03
1.08025e-02
1.32692e-02
1.53902e-02
1.69829e-02
1.83368e-02
1.95292e-02
2.03451e-02
2.03921e-02
1.88778e-02
1.52784e-02
1.01204e-02
4.42638e-03
-1.19334e-03
-6.35706e-03
-1.06621e-02
-1.39740e-02
-1.64221e-02
-1.80811e-02
-1.91077e-02
-1.96856e-02
-1.98185e-02
-1.95051e-02
-1.88741e-02
-1.81829e-02
-1.77918e-02
-1.81188e-02
-1.90814e-02
-2.04109e-02
-2.23219e-02
-2.47640e-02
-2.71051e-02
-2.87850e-02
-2.96692e-02
-2.98150e-02
-2.88145e-02
-2.60014e-02
-2.14659e-02
-1.60656e-02
-1.09489e-02
-7.00853e-03
-4.19822e-03
-2.07970e-03
-7.35594e-04
-2.34981e-04
-2.72447e-04
-5.47029e-04
-6.23034e-04
-1.05420e-05
1.48471e-03
3.50908e-03
5.70886e-03
7.92137e-03
9.80931e-03
1.10936e-02
1.19530e-02
1.27606e-02
1.36011e-02
1.41597e-02
1.40035e-02
1.33810e-02
1.30412e-02
1.35066e-02
1.49601e-02
1.70826e-02
1.93988e-02
2.18498e-02
2.43819e-02
2.65430e-02
2.76596e-02
2.71557e-02
2.48017e-02
2.08474e-02
1.58970e-02
1.07912e-02
6.03412e-03
1.54265e-03
-2.62960e-03
-6.36638e-03
-9.99902e-03
-1.38225e-02
-1.76055e-02
-2.09241e-02
-2.37761e-02
-2.63696e-02
-2.84713e-02
-2.97077e-02
-3.03071e-02
-3.06065e-02
-3.06838e-02
-3.05905e-02
-3.02853e-02
-2.99189e-02
-2.97226e-02
-2.97389e-02
-2.96084e-02
-2.87877e-02
-2.70297e-02
-2.45411e-02
-2.16743e-02
-1.89330e-02
-1.69461e-02
-1.60137e-02
-1.60126e-02
-1.67806e-02
-1.83747e-02
-2.05676e-02
-2.25935e-02
-2.38645e-02
-2.43788e-02
-2.43216e-02
-2.38103e-02
-2.30485e-02
-2.21014e-02
-2.07823e-02
-1.90376e-02
-1.71834e-02
-1.54344e-02
-1.35185e-02
-1.11849e-02
-8.28264e-03
-4.77532e-03
-7.86222e-04
3.50312e-03
7.76633e-03
1.15472e-02
1.44197e-02
1.61652e-02
1.68410e-02
1.68630e-02
1.67776e-02
1.65298e-02
1.57219e-02
1.43502e-02
1.28159e-02
1.16541e-02
1.11610e-02
1.11779e-02
1.14013e-02
1.17518e-02
1.21942e-02
1.25289e-02
1.27819e-02
1.33677e-02
1.44605e-02
1.56010e-02
1.62614e-02
1.65188e-02
1.67424e-02
1.70568e-02
1.75612e-02
1.83202e-02
1.91640e-02
1.99882e-02
2.09624e-02
2.23254e-02
2.40964e-02
2.60204e-02
2.79960e-02
3.02287e-02
3.25703e-02
3.46801e-02
3.65774e-02
3.84597e-02
4.03900e-02
4.25316e-02
4.48176e-02
4.62880e-02
4.66510e-02
4.65722e-02
4.61808e-02
4.51071e-02
4.30029e-02
3.97101e-02
3.54520e-02
3.08954e-02
2.66134e-02
2.25121e-02
1.81583e-02
1.33538e-02
8.27422e-03
3.39074e-03
-9.15969e-04
-4.78136e-03
-8.70916e-03
-1.25206e-02
-1.54526e-02
-1.73110e-02
-1.86593e-02
-1.98393e-02
-2.04286e-02
-2.00394e-02
-1.89962e-02
-1.79596e-02
-1.71355e-02
-1.63606e-02
-1.56623e-02
-1.52680e-02
-1.52245e-02
-1.51229e-02
-1.43672e-02
-1.26585e-02
-1.02278e-02
-7.53330e-03
-5.03163e-03
-2.99677e-03
-1.73567e-03
-1.38907e-03
-1.87316e-03
-2.95723e-03
-4.73630e-03
-7.30997e-03
-1.02460e-02
-1.30111e-02
-1.54680e-02
-1.75678e-02
-1.90402e-02
-1.97075e-02
-1.96921e-02
-1.92350e-02
-1.85326e-02
-1.77706e-02
-1.68733e-02
-1.58705e-02
-1.51382e-02
-1.47418e-02
-1.43145e-02
-1.36826e-02
-1.29535e-02
-1.24131e-02
-1.23023e-02
-1.25261e-02
-1.28407e-02
-1.30187e-02
-1.28236e-02
-1.23264e-02
-1.18816e-02
-1.15937e-02
-1.13218e-02
-1.08328e-02
-9.90899e-03
-8.42016e-03
-6.59168e-03
-4.82171e-03
-3.33882e-03
-2.29620e-03
-1.76360e-03
-1.59348e-03
-1.70346e-03
-1.95426e-03
-1.98767e-03
-1.66894e-03
-1.13902e-03
-4.59904e-04
5.80068e-04
2.17102e-03
4.46135e-03
7.31022e-03
1.00461e-02
1.20937e-02
1.33010e-02
1.37768e-02
1.38102e-02
1.36417e-02
1.30792e-02
1.20687e-02
1.08991e-02
9.67984e-03
8.74163e-03
8.60116e-03
9.21738e-03
1.01463e-02
1.10599e-02
1.20065e-02
1.29123e-02
1.34965e-02
1.35827e-02
1.30986e-02
1.19451e-02
1.01533e-02
8.02427e-03
5.83988e-03
3.59094e-03
1.30648e-03
-8.20794e-04
-2.65061e-03
-4.02472e-03
-4.87376e-03
-5.19698e-03
-5.20254e-03
-5.18276e-03
-5.25801e-03
-5.50568e-03
-6.07189e-03
-6.96718e-03
-7.94416e-03
-8.88406e-03
-9.65109e-03
-1.01429e-02
-1.04141e-02
-1.03284e-02
-9.77442e-03
-9.05547e-03
-8.72973e-03
-8.90925e-03
-9.37341e-03
-1.00552e-02
-1.09063e-02
-1.18354e-02
-1.27825e-02
-1.35927e-02
-1.40676e-02
-1.43530e-02
-1.45640e-02
-1.42246e-02
-1.28306e-02
-1.09926e-02
-9.52657e-03
-8.32912e-03
-6.91139e-03
-5.21809e-03
-3.45661e-03
-1.62067e-03
4.61685e-04
2.81284e-03
5.17646e-03
7.35692e-03
9.39643e-03
1.12138e-02
1.26379e-02
1.36024e-02
1.41408e-02
1.43044e-02
1.41921e-02
1.39296e-02
1.36839e-02
1.37050e-02
1.39729e-02
1.41081e-02
1.37146e-02
1.27531e-02
1.11917e-02
8.84699e-03
5.99954e-03
3.45915e-03
1.71313e-03
6.92577e-04
1.67884e-04
2.49362e-04
1.26121e-03
3.20301e-03
5.60363e-03
7.81891e-03
9.69006e-03
1.14623e-02
1.32408e-02
1.46322e-02
1.51870e-02
1.50855e-02
1.46733e-02
1.39752e-02
1.31077e-02
1.24138e-02
1.18849e-02
1.12975e-02
1.06142e-02
9.79220e-03
8.81601e-03
7.61531e-03
6.18669e-03
4.72975e-03
3.46604e-03
2.32527e-03
1.32945e-03
7.80416e-04
5.47997e-04
2.53315e-04
2.47562e-05
3.17555e-04
8.72626e-04
1.07510e-03
8.60267e-04
6.10791e-04
5.02457e-04
3.08806e-04
-9.48495e-05
-4.97667e-04
-7.54439e-04
-9.83674e-04
-1.55128e-03
-2.84308e-03
-4.78251e-03
-7.03527e-03
-9.37679e-03
-1.15191e-02
-1.33466e-02
-1.49156e-02
-1.59650e-02
-1.61061e-02
-1.54778e-02
-1.46569e-02
-1.39787e-02
-1.34005e-02
-1.27941e-02
-1.21166e-02
-1.15868e-02
-1.13371e-02
-1.11861e-02
-1.11391e-02
-1.13364e-02
-1.19062e-02
-1.30873e-02
-1.47491e-02
-1.63372e-02
-1.75005e-02
-1.82082e-02
-1.83418e-02
-1.75445e-02
-1.55936e-02
-1.28889e-02
-1.00700e-02
-7.52684e-03
-5.67812e-03
-4.81714e-03
-4.76287e-03
-5.18783e-03
-6.15427e-03
-7.58679e-03
-8.69781e-03
-8.75446e-03
-7.80914e-03
-6.20086e-03
-4.09221e-03
-1.55054e-03
1.35447e-03
4.24954e-03
6.68950e-03
8.72159e-03
1.03370e-02
1.15068e-02
1.25913e-02
1.36677e-02
1.42858e-02
1.42157e-02
1.37744e-02
1.32733e-02
1.26885e-02
1.19592e-02
1.13201e-02
1.10553e-02
1.11587e-02
1.12930e-02
1.10386e-02
1.00362e-02
8.17039e-03
5.84783e-03
3.66777e-03
1.69972e-03
-3.79936e-04
-2.72928e-03
-5.26854e-03
-7.70962e-03
-9.80783e-03
-1.16006e-02
-1.32501e-02
-1.46822e-02
-1.56103e-02
-1.57638e-02
-1.51603e-02
-1.42129e-02
-1.30994e-02
-1.16464e-02
-9.84297e-03
-7.75822e-03
-5.01794e-03
-1.22916e-03
3.46885e-03
8.55808e-03
1.35759e-02
1.83971e-02
2.26757e-02
2.58585e-02
2.78154e-02
2.88847e-02
2.94293e-02
2.96847e-02
2.97753e-02
2.96243e-02
2.90649e-02
2.80784e-02
2.65556e-02
2.39257e-02
1.99154e-02
1.51452e-02
1.02416e-02
5.48166e-03
1.35095e-03
-1.98238e-03
-4.85460e-03
-7.44466e-03
-9.65293e-03
-1.13704e-02
-1.26255e-02
-1.35021e-02
-1.40848e-02
-1.43905e-02
-1.43256e-02
-1.38164e-02
-1.30265e-02
-1.21948e-02
-1.14679e-02
-1.08216e-02
-1.03011e-02
-9.92306e-03
-9.76093e-03
-9.90694e-03
-1.04256e-02
-1.12525e-02
-1.20186e-02
-1.22710e-02
-1.17908e-02
-1.07597e-02
-9.58447e-03
-8.64803e-03
-8.20346e-03
-8.09473e-03
-7.89792e-03
-7.45344e-03
-6.81024e-03
-5.77941e-03
-4.13721e-03
-1.95092e-03
5.55234e-04
3.54226e-03
7.31651e-03
1.15837e-02
1.57627e-02
1.93832e-02
2.23079e-02
2.44186e-02
2.56249e-02
2.61853e-02
2.61992e-02
2.53571e-02
2.33775e-02
2.04828e-02
1.71915e-02
1.39294e-02
1.10775e-02
9.10608e-03
7.94003e-03
6.87191e-03
5.40033e-03
3.86616e-03
2.73394e-03
1.92534e-03
1.26491e-03
8.20826e-04
6.25308e-04
4.25486e-04
-2.42315e-05
-8.72120e-04
-2.37814e-03
-4.53520e-03
-6.95568e-03
-9.34003e-03
-1.13362e-02
-1.24979e-02
-1.26484e-02
-1.19815e-02
-1.09651e-02
-1.00583e-02
-9.25670e-03
-8.38172e-03
-7.51356e-03
-6.72780e-03
-5.72517e-03
-4.37769e-03
-2.86189e-03
-1.17449e-03
7.18670e-04
2.71627e-03
4.83091e-03
7.39558e-03
1.05367e-02
1.38020e-02
1.68023e-02
1.94890e-02
2.17545e-02
2.35796e-02
2.51197e-02
2.63892e-02
2.73334e-02
2.81020e-02
2.87007e-02
2.87158e-02
2.79898e-02
2.66194e-02
2.44649e-02
2.15380e-02
1.84380e-02
1.55591e-02
1.26777e-02
9.53759e-03
6.10722e-03
2.61828e-03
-6.21521e-04
-3.45862e-03
-6.02411e-03
-8.72886e-03
-1.17424e-02
-1.45975e-02
-1.69954e-02
-1.92266e-02
-2.14092e-02
-2.34449e-02
-2.54479e-02
-2.75103e-02
-2.95499e-02
-3.16360e-02
-3.38214e-02
-3.58900e-02
-3.76820e-02
-3.91143e-02
-3.99062e-02
-3.97576e-02
-3.85721e-02
-3.63473e-02
-3.32584e-02
-2.96325e-02
-2.58870e-02
-2.26119e-02
-2.04249e-02
-1.94033e-02
-1.90322e-02
-1.87619e-02
-1.83184e-02
-1.76924e-02
-1.68212e-02
-1.54687e-02
-1.36831e-02
-1.18540e-02
-1.03570e-02
-9.36114e-03
-8.80908e-03
-8.72917e-03
-9.24066e-03
-1.02617e-02
-1.15289e-02
-1.24994e-02
-1.28682e-02
-1.28316e-02
-1.25479e-02
-1.21659e-02
-1.18025e-02
-1.13517e-02
-1.06001e-02
-9.21906e-03
-7.04739e-03
-4.40358e-03
-1.73991e-03
7.11895e-04
3.27928e-03
6.20197e-03
9.12027e-03
1.16011e-02
1.36843e-02
1.55224e-02
1.69734e-02
1.80606e-02
1.90923e-02
2.01507e-02
2.09479e-02
2.13034e-02
2.15650e-02
2.20357e-02
2.25846e-02
2.30244e-02
2.32100e-02
2.30410e-02
2.23677e-02
2.11008e-02
1.95559e-02
1.83015e-02
1.76121e-02
1.73392e-02
1.72193e-02
1.69999e-02
1.65906e-02
1.61850e-02
1.60569e-02
1.61703e-02
1.63251e-02
1.64112e-02
1.63445e-02
1.61662e-02
1.62257e-02
1.66228e-02
1.69376e-02
1.66486e-02
1.56554e-02
1.41496e-02
1.22571e-02
1.01769e-02
8.09534e-03
5.86059e-03
3.39718e-03
1.09433e-03
-8.88557e-04
-2.75873e-03
-4.60747e-03
-6.25572e-03
-7.45428e-03
-8.09426e-03
-8.40415e-03
-8.83701e-03
-9.90588e-03
-1.17133e-02
-1.36847e-02
-1.52143e-02
-1.61361e-02
-1.65490e-02
-1.66090e-02
-1.63062e-02
-1.53847e-02
-1.37713e-02
-1.17935e-02
-9.75248e-03
-7.77139e-03
-6.02524e-03
-4.73935e-03
-3.99880e-03
-4.04582e-03
-5.06565e-03
-6.90728e-03
-9.03226e-03
-1.09278e-02
-1.24501e-02
-1.35005e-02
-1.39577e-02
-1.38403e-02
-1.31757e-02
-1.19379e-02
-1.03096e-02
-8.60417e-03
-6.98625e-03
-5.51353e-03
-4.25679e-03
-3.19268e-03
-2.20263e-03
-1.33060e-03
-6.08433e-04
1.48304e-04
9.21312e-04
1.54479e-03
2.04752e-03
2.51846e-03
2.85709e-03
3.16354e-03
3.88819e-03
5.21815e-03
6.76483e-03
8.09451e-03
9.26564e-03
1.05692e-02
1.20779e-02
1.36341e-02
1.48742e-02
1.55728e-02
1.58388e-02
1.59036e-02
1.59615e-02
1.60583e-02
1.61248e-02
1.60892e-02
1.59198e-02
1.56514e-02
1.54126e-02
1.52250e-02
1.47828e-02
1.38118e-02
1.23228e-02
1.04482e-02
8.38092e-03
6.38664e-03
4.68822e-03
3.28673e-03
2.10141e-03
9.56774e-04
-4.34036e-04
-2.08030e-03
-3.69667e-03
-5.13118e-03
-6.31762e-03
-7.21487e-03
-8.01128e-03
-8.78688e-03
-9.48182e-03
-1.00258e-02
-1.03405e-02
-1.01703e-02
-9.65551e-03
-9.16035e-03
-8.77156e-03
-8.49041e-03
-8.37910e-03
-8.46421e-03
-8.49151e-03
-8.30272e-03
-8.06071e-03
-7.71204e-03
-7.07939e-03
-6.35803e-03
-5.85118e-03
-5.42017e-03
-4.78382e-03
-3.82572e-03
-2.45816e-03
-5.23671e-04
1.65939e-03
3.33915e-03
4.09775e-03
4.32636e-03
4.48539e-03
4.61663e-03
4.79693e-03
5.23771e-03
6.01021e-03
6.84504e-03
7.52115e-03
8.02427e-03
8.13274e-03
7.65658e-03
6.72218e-03
5.49000e-03
4.22211e-03
3.15898e-03
2.15885e-03
1.23859e-03
8.92930e-04
1.41790e-03
2.48814e-03
3.73556e-03
5.05558e-03
6.42092e-03
7.63892e-03
8.30310e-03
8.28997e-03
7.73361e-03
6.59443e-03
4.99275e-03
3.37908e-03
2.06006e-03
1.08066e-03
4.57871e-04
1.56972e-04
1.62351e-04
4.23612e-04
6.94645e-04
8.98231e-04
1.14927e-03
1.36613e-03
1.48099e-03
1.62076e-03
1.78661e-03
1.77001e-03
1.53207e-03
1.05952e-03
1.57983e-04
-1.08390e-03
-2.22232e-03
-3.07925e-03
-3.88268e-03
-4.76777e-03
-5.59239e-03
-6.14504e-03
-6.36148e-03
-6.37335e-03
-6.24337e-03
-5.85293e-03
-5.21056e-03
-4.68430e-03
-4.64386e-03
-5.08092e-03
-5.80620e-03
-6.64523e-03
-7.52778e-03
-8.46180e-03
-9.34057e-03
-9.90358e-03
-9.99803e-03
-9.87138e-03
-1.00370e-02
-1.05805e-02
-1.12466e-02
-1.20050e-02
-1.28378e-02
-1.35614e-02
-1.40085e-02
-1.41756e-02
-1.41613e-02
-1.38682e-02
-1.30317e-02
-1.16848e-02
-1.02809e-02
-8.99596e-03
-7.51278e-03
-5.54132e-03
-3.05667e-03
-3.65651e-04
2.24061e-03
4.62760e-03
6.64261e-03
8.12040e-03
8.98191e-03
9.22431e-03
8.80862e-03
7.43574e-03
5.01744e-03
2.21926e-03
-1.83966e-04
-2.08361e-03
-3.77401e-03
-5.45478e-03
-7.06032e-03
-8.54040e-03
-9.87787e-03
-1.09227e-02
-1.17485e-02
-1.24532e-02
-1.29009e-02
-1.29543e-02
-1.25568e-02
-1.18373e-02
-1.08694e-02
-9.62495e-03
-7.83805e-03
-5.21067e-03
-2.28110e-03
9.77459e-05
1.60907e-03
2.37383e-03
2.75332e-03
3.22800e-03
3.99558e-03
4.68824e-03
4.84676e-03
4.51379e-03
4.09096e-03
3.93297e-03
4.05657e-03
4.20887e-03
4.16074e-03
3.75168e-03
2.90910e-03
1.83457e-03
9.58221e-04
6.28248e-04
7.36734e-04
9.48035e-04
1.21466e-03
1.74309e-03
2.86926e-03
4.89124e-03
7.69489e-03
1.07402e-02
1.34849e-02
1.56917e-02
1.71923e-02
1.78582e-02
1.79292e-02
1.76269e-02
1.70284e-02
1.62010e-02
1.53355e-02
1.45613e-02
1.40125e-02
1.37249e-02
1.36796e-02
1.37645e-02
1.37576e-02
1.34024e-02
1.24771e-02
1.10716e-02
9.67270e-03
8.56074e-03
7.62781e-03
6.98049e-03
6.94663e-03
7.43016e-03
7.99692e-03
8.31595e-03
8.46566e-03
8.72058e-03
8.96721e-03
8.77499e-03
7.73017e-03
5.62704e-03
2.89507e-03
1.55920e-04
-2.30972e-03
-4.54479e-03
-6.63668e-03
-8.32795e-03
-9.46758e-03
-1.02710e-02
-1.08349e-02
-1.13303e-02
-1.20633e-02
-1.29281e-02
-1.37375e-02
-1.45647e-02
-1.53254e-02
-1.57989e-02
-1.62134e-02
-1.68598e-02
-1.74281e-02
-1.75856e-02
-1.75762e-02
-1.76196e-02
-1.75308e-02
-1.70001e-02
-1.59859e-02
-1.48732e-02
-1.39735e-02
-1.32605e-02
-1.27415e-02
-1.25187e-02
-1.25077e-02
-1.25070e-02
-1.24484e-02
-1.23392e-02
-1.21229e-02
-1.17035e-02
-1.10202e-02
-9.82520e-03
-7.70054e-03
-4.82286e-03
-1.89128e-03
7.61906e-04
3.21183e-03
5.58877e-03
7.71385e-03
9.45571e-03
1.08327e-02
1.17545e-02
1.22034e-02
1.23534e-02
1.25466e-02
1.30635e-02
1.38323e-02
1.44091e-02
1.44153e-02
1.38909e-02
1.31015e-02
1.23627e-02
1.18936e-02
1.16502e-02
1.13662e-02
1.08431e-02
9.95796e-03
8.85550e-03
8.05316e-03
7.75335e-03
7.58984e-03
7.01571e-03
5.86614e-03
4.55065e-03
3.54326e-03
2.87425e-03
2.40466e-03
2.12726e-03
2.10628e-03
2.37964e-03
2.77325e-03
3.17990e-03
3.62237e-03
4.12128e-03
4.56292e-03
4.78671e-03
4.67359e-03
4.33082e-03
4.03315e-03
3.92598e-03
3.86901e-03
3.77655e-03
3.81194e-03
3.97824e-03
3.93435e-03
3.56135e-03
3.06721e-03
2.56708e-03
1.94524e-03
1.15964e-03
2.40105e-04
-6.24115e-04
-1.04273e-03
-1.03185e-03
-9.89703e-04
-1.13560e-03
-1.41352e-03
-1.67451e-03
-1.73955e-03
-1.67935e-03
-1.93047e-03
-2.57573e-03
-3.16444e-03
-3.47157e-03
-3.54249e-03
-3.43716e-03
-3.35170e-03
-3.48549e-03
-3.61290e-03
-3.27607e-03
-2.42818e-03
-1.22925e-03
9.33252e-05
1.19088e-03
2.07786e-03
2.79656e-03
3.16467e-03
3.14948e-03
2.70192e-03
1.59634e-03
-1.16318e-04
-1.92072e-03
-3.57568e-03
-5.33013e-03
-7.04881e-03
-8.27606e-03
-8.98981e-03
-9.64984e-03
-1.04990e-02
-1.13009e-02
-1.18410e-02
-1.21432e-02
-1.21656e-02
-1.19023e-02
-1.15939e-02
-1.15184e-02
-1.15921e-02
-1.14954e-02
-1.10684e-02
-1.04376e-02
-9.92781e-03
-9.65667e-03
-9.28134e-03
-8.34204e-03
-6.54183e-03
-4.06737e-03
-1.58036e-03
1.33313e-04
9.18637e-04
1.39047e-03
1.77685e-03
1.72198e-03
1.21879e-03
7.39747e-04
4.96196e-04
1.81975e-04
-3.93043e-04
-9.10177e-04
-1.10053e-03
-1.21685e-03
-1.61031e-03
-2.22431e-03
-2.73336e-03
-3.10639e-03
-3.64123e-03
-4.30813e-03
-4.73589e-03
-4.98164e-03
-5.25522e-03
-5.45005e-03
-5.51693e-03
-5.51587e-03
-5.37156e-03
-4.91942e-03
-4.17160e-03
-3.37719e-03
-2.67705e-03
-1.90496e-03
-7.58458e-04
7.70723e-04
2.24556e-03
3.53006e-03
4.77266e-03
5.99244e-03
7.00881e-03
7.75432e-03
8.31674e-03
8.85798e-03
9.48354e-03
1.01193e-02
1.08375e-02
1.18114e-02
1.28901e-02
1.38792e-02
1.47293e-02
1.52310e-02
1.53635e-02
1.53126e-02
1.50482e-02
1.45800e-02
1.40999e-02
1.34631e-02
1.25861e-02
1.16824e-02
1.08455e-02
1.00961e-02
9.41506e-03
8.74187e-03
7.81001e-03
6.48318e-03
4.89285e-03
3.21855e-03
1.62373e-03
1.26684e-04
-1.54613e-03
-3.53476e-03
-5.72619e-03
-7.86062e-03
-9.74698e-03
-1.13725e-02
-1.28772e-02
-1.43458e-02
-1.55285e-02
-1.62593e-02
-1.66620e-02
-1.68823e-02
-1.69102e-02
-1.67514e-02
-1.64006e-02
-1.55877e-02
-1.41671e-02
-1.22261e-02
-1.01390e-02
-8.32029e-03
-6.57303e-03
-4.57670e-03
-2.42507e-03
-3.00334e-04
1.76429e-03
3.47167e-03
4.41284e-03
4.65321e-03
4.62640e-03
4.64374e-03
4.75284e-03
4.97872e-03
5.43048e-03
6.09297e-03
6.62610e-03
6.86913e-03
7.15417e-03
7.61713e-03
8.06162e-03
8.30718e-03
8.33412e-03
8.30173e-03
8.31497e-03
8.35288e-03
8.37859e-03
8.38680e-03
8.38048e-03
8.35720e-03
8.32544e-03
8.32280e-03
8.41215e-03
8.63778e-03
8.92767e-03
9.02789e-03
8.80608e-03
8.45828e-03
7.95327e-03
6.88234e-03
5.21743e-03
3.38260e-03
1.59813e-03
-1.53958e-04
-1.72490e-03
-2.77505e-03
-3.34578e-03
-3.76966e-03
-3.98182e-03
-3.62449e-03
-2.66968e-03
-1.60825e-03
-9.07473e-04
-5.78416e-04
-4.47393e-04
-5.38780e-04
-8.75280e-04
-1.36658e-03
-1.99841e-03
-2.76432e-03
-3.40535e-03
-3.64320e-03
-3.52744e-03
-3.32668e-03
-3.25428e-03
-3.47135e-03
-3.90477e-03
-4.28394e-03
-4.52740e-03
-4.80687e-03
-5.35281e-03
-6.02256e-03
-6.40694e-03
-6.37832e-03
-6.04874e-03
-5.42560e-03
-4.57632e-03
-3.76478e-03
-3.21373e-03
-2.96508e-03
-2.85264e-03
-2.67800e-03
-2.52065e-03
-2.66600e-03
-3.06346e-03
-3.28956e-03
-3.08626e-03
-2.59664e-03
-2.11783e-03
-1.75612e-03
-1.48222e-03
-1.27044e-03
-1.09625e-03
-8.73741e-04
-7.19460e-04
-1.04057e-03
-2.00696e-03
-3.32775e-03
-4.71416e-03
-6.14088e-03
-7.57627e-03
-8.71015e-03
-9.30082e-03
-9.36900e-03
-9.07546e-03
-8.64395e-03
-8.07391e-03
-7.21087e-03
-6.11636e-03
-5.02462e-03
-4.21492e-03
-3.71310e-03
-3.08318e-03
-1.98583e-03
-5.92007e-04
7.05377e-04
1.68174e-03
2.34116e-03
2.90155e-03
3.62605e-03
4.47756e-03
5.28080e-03
5.71984e-03
5.54126e-03
4.95187e-03
4.32599e-03
3.81606e-03
3.23335e-03
2.48060e-03
1.85106e-03
1.62508e-03
1.69319e-03
1.70797e-03
1.45349e-03
9.23135e-04
3.42836e-04
2.41249e-04
8.16076e-04
1.45712e-03
1.84613e-03
2.48804e-03
3.61071e-03
4.74409e-03
5.53777e-03
6.16249e-03
6.82922e-03
7.32966e-03
7.43196e-03
7.38019e-03
7.45437e-03
7.66965e-03
7.91003e-03
8.04329e-03
8.13609e-03
8.27078e-03
8.33742e-03
8.38020e-03
8.52343e-03
8.69843e-03
8.59797e-03
7.85719e-03
6.59605e-03
5.31315e-03
4.21134e-03
3.15595e-03
1.99133e-03
8.96877e-04
1.46447e-04
-2.92229e-04
-6.30737e-04
-9.55517e-04
-1.28824e-03
-1.77509e-03
-2.39667e-03
-2.98935e-03
-3.64013e-03
-4.45156e-03
-5.16646e-03
-5.46477e-03
-5.31256e-03
-4.84085e-03
-4.16317e-03
-3.55763e-03
-3.17576e-03
-2.76895e-03
-2.08257e-03
-1.14840e-03
-2.99165e-04
1.10984e-04
-5.97659e-05
-5.77037e-04
-1.12352e-03
-1.62063e-03
-2.08906e-03
-2.68042e-03
-3.46495e-03
-4.22493e-03
-4.77242e-03
-5.14966e-03
-5.33214e-03
-5.15187e-03
-4.61673e-03
-3.94364e-03
-3.29233e-03
-2.54974e-03
-1.68159e-03
-8.10228e-04
-3.39386e-05
5.45817e-04
8.18193e-04
5.95114e-04
6.73227e-05
-3.00054e-04
-5.31528e-04
-9.77451e-04
-1.55922e-03
-1.88306e-03
-1.90665e-03
-1.88473e-03
-1.88337e-03
-1.74816e-03
-1.38019e-03
-8.98421e-04
-4.60829e-04
-1.78248e-04
-1.74819e-04
-5.28392e-04
-1.31696e-03
-2.43430e-03
-3.51887e-03
-4.43145e-03
-5.40515e-03
-6.54171e-03
-7.56636e-03
-8.22440e-03
-8.48842e-03
-8.26351e-03
-7.45250e-03
-6.05567e-03
-4.31100e-03
-2.77694e-03
-1.63184e-03
-5.80083e-04
5.83737e-04
1.85064e-03
2.96426e-03
3.70540e-03
4.17298e-03
4.56543e-03
4.86903e-03
4.95043e-03
4.84090e-03
4.62303e-03
4.38853e-03
4.35526e-03
4.57310e-03
4.68132e-03
4.46774e-03
4.01278e-03
3.53067e-03
3.42873e-03
3.76715e-03
4.13517e-03
4.35863e-03
4.68404e-03
5.17145e-03
5.62001e-03
5.82482e-03
5.65386e-03
5.15607e-03
4.48724e-03
3.76033e-03
3.12845e-03
2.68337e-03
2.29411e-03
1.90174e-03
1.62898e-03
1.56901e-03
1.59776e-03
1.59203e-03
1.55208e-03
1.50654e-03
1.46913e-03
1.47236e-03
1.58213e-03
1.83936e-03
2.14453e-03
2.19520e-03
1.83192e-03
1.32116e-03
8.79469e-04
4.39587e-04
-9.20021e-05
-6.72090e-04
-1.17001e-03
-1.71192e-03
-2.52231e-03
-3.57763e-03
-4.75076e-03
-5.85962e-03
-6.51541e-03
-6.44310e-03
-5.92293e-03
-5.28370e-03
-4.47764e-03
-3.47365e-03
-2.39246e-03
-1.20711e-03
1.86211e-06
7.48946e-04
8.65721e-04
6.60520e-04
5.27827e-04
7.47461e-04
1.25640e-03
1.81555e-03
2.34779e-03
2.88943e-03
3.38993e-03
3.91701e-03
4.54194e-03
5.16016e-03
5.77878e-03
6.39036e-03
6.74611e-03
6.72434e-03
6.41656e-03
5.85699e-03
5.12823e-03
4.41570e-03
3.73101e-03
2.89227e-03
1.96583e-03
1.19647e-03
4.86558e-04
-2.43304e-04
-9.36644e-04
-1.66042e-03
-2.37480e-03
-3.00172e-03
-3.60254e-03
-4.10647e-03
-4.19860e-03
-3.87219e-03
-3.57814e-03
-3.56825e-03
-3.64908e-03
-3.66398e-03
-3.70029e-03
-3.89189e-03
-4.22735e-03
-4.49749e-03
-4.57519e-03
-4.56979e-03
-4.49684e-03
-4.15518e-03
-3.40062e-03
-2.40662e-03
-1.32197e-03
-1.55300e-04
8.88536e-04
1.58446e-03
2.00559e-03
2.40461e-03
2.86510e-03
3.33702e-03
3.78842e-03
4.23641e-03
4.69996e-03
5.17436e-03
5.59452e-03
5.84511e-03
5.82973e-03
5.60570e-03
5.28190e-03
5.02660e-03
4.98661e-03
5.05912e-03
5.08588e-03
5.03056e-03
4.89365e-03
4.66110e-03
4.35692e-03
3.93158e-03
3.33902e-03
2.70954e-03
1.92039e-03
7.67870e-04
-7.62536e-04
-2.45898e-03
-4.14439e-03
-5.89896e-03
-7.56846e-03
-8.91600e-03
-1.00060e-02
-1.09195e-02
-1.16838e-02
-1.22853e-02
-1.27269e-02
-1.29871e-02
-1.29543e-02
-1.26753e-02
-1.23276e-02
-1.19139e-02
-1.11889e-02
-1.01827e-02
-9.17128e-03
-8.02469e-03
-6.42447e-03
-4.45171e-03
-2.39914e-03
-2.01215e-04
2.24535e-03
4.68989e-03
6.83733e-03
8.64736e-03
1.01698e-02
1.12199e-02
1.16062e-02
1.14989e-02
1.12439e-02
1.10611e-02
1.09537e-02
1.07102e-02
1.02266e-02
9.54694e-03
8.68702e-03
7.81078e-03
7.17327e-03
6.90994e-03
6.91669e-03
6.92054e-03
6.73667e-03
6.33666e-03
5.79665e-03
5.15964e-03
4.38857e-03
3.60772e-03
2.98518e-03
2.48356e-03
1.84375e-03
8.87734e-04
-1.72413e-04
-9.95399e-04
-1.59778e-03
-2.34064e-03
-3.29301e-03
-4.21099e-03
-4.88222e-03
-5.22323e-03
-5.31951e-03
-5.35594e-03
-5.34322e-03
-5.09752e-03
-4.51615e-03
-3.84222e-03
-3.45013e-03
-3.22451e-03
-2.96031e-03
-2.79699e-03
-2.78414e-03
-2.79523e-03
-2.77465e-03
-2.75316e-03
-2.74667e-03
-2.73812e-03
-2.71574e-03
-2.69795e-03
-2.73486e-03
-2.88816e-03
-3.17082e-03
-3.45812e-03
-3.60264e-03
-3.75309e-03
-4.13819e-03
-4.67510e-03
-5.08566e-03
-5.46909e-03
-6.36278e-03
-7.93095e-03
-9.58330e-03
-1.07192e-02
-1.13018e-02
-1.16783e-02
-1.20218e-02
-1.20848e-02
-1.16795e-02
-1.09218e-02
-1.00752e-02
-9.26696e-03
-8.45835e-03
-7.62023e-03
-6.77607e-03
-5.93373e-03
-5.04588e-03
-4.04040e-03
-2.89983e-03
-1.72893e-03
-6.26025e-04
5.67339e-04
1.94294e-03
3.27182e-03
4.29271e-03
4.81853e-03
4.92740e-03
4.89085e-03
4.77868e-03
4.46780e-03
3.99462e-03
3.59738e-03
3.24046e-03
2.69054e-03
2.11224e-03
1.61579e-03
1.08216e-03
4.40091e-04
-1.33910e-04
-5.04683e-04
-7.85891e-04
-1.08682e-03
-1.54151e-03
-2.13739e-03
-2.57523e-03
-2.71051e-03
-2.80974e-03
-3.09664e-03
-3.42429e-03
-3.55169e-03
-3.61915e-03
-3.93148e-03
-4.52053e-03
-5.17513e-03
-5.70176e-03
-5.80661e-03
-5.32977e-03
-4.62978e-03
-4.12330e-03
-3.57438e-03
-2.73160e-03
-1.84483e-03
-9.19080e-04
2.69602e-04
1.46090e-03
2.20050e-03
2.36157e-03
2.29825e-03
2.33152e-03
2.43426e-03
2.47626e-03
2.43224e-03
2.38917e-03
2.50381e-03
2.95683e-03
3.80201e-03
4.86409e-03
5.92360e-03
6.96803e-03
8.13606e-03
9.18187e-03
9.86009e-03
1.03783e-02
1.08157e-02
1.11067e-02
1.14269e-02
1.19065e-02
1.23939e-02
1.27301e-02
1.28125e-02
1.26718e-02
1.23736e-02
1.19507e-02
1.14234e-02
1.07147e-02
9.86469e-03
9.01477e-03
8.20050e-03
7.34918e-03
6.37401e-03
5.26443e-03
4.17779e-03
3.31571e-03
2.74943e-03
2.66028e-03
3.04913e-03
3.68863e-03
4.39254e-03
5.19164e-03
6.09711e-03
6.77943e-03
7.11518e-03
7.31787e-03
7.48511e-03
7.69728e-03
8.04868e-03
8.41147e-03
8.52212e-03
8.37083e-03
8.10163e-03
7.79202e-03
7.40327e-03
6.69580e-03
5.66103e-03
4.71933e-03
4.05670e-03
3.47595e-03
2.89750e-03
2.50109e-03
2.15083e-03
1.62718e-03
1.08645e-03
8.03875e-04
1.01005e-03
1.67372e-03
2.44239e-03
2.94982e-03
3.29485e-03
3.67565e-03
4.04581e-03
4.18638e-03
4.02700e-03
3.61797e-03
3.03787e-03
2.42617e-03
1.74192e-03
8.21605e-04
-3.05600e-04
-1.56286e-03
-2.66572e-03
-3.44445e-03
-4.06891e-03
-4.59218e-03
-5.10066e-03
-5.53497e-03
-5.64423e-03
-5.56024e-03
-5.51366e-03
-5.68477e-03
-6.00014e-03
-6.11967e-03
-6.02399e-03
-6.06494e-03
-6.56581e-03
-7.58602e-03
-8.84334e-03
-9.98963e-03
-1.10573e-02
-1.21761e-02
-1.31673e-02
-1.39225e-02
-1.45987e-02
-1.53815e-02
-1.62762e-02
-1.69505e-02
-1.71710e-02
-1.68795e-02
-1.61753e-02
-1.53629e-02
-1.46115e-02
-1.37753e-02
-1.26006e-02
-1.10088e-02
-9.18683e-03
-7.33705e-03
-5.56945e-03
-4.06049e-03
-2.95184e-03
-2.03561e-03
-1.26866e-03
-7.67136e-04
-4.40716e-04
-2.41586e-04
-1.00643e-04
1.38813e-04
4.90956e-04
8.27724e-04
1.23340e-03
1.82222e-03
2.33419e-03
2.49021e-03
2.43447e-03
2.42531e-03
2.48988e-03
2.52789e-03
2.48266e-03
2.36464e-03
2.24132e-03
2.25172e-03
2.45137e-03
2.49016e-03
2.06533e-03
1.36063e-03
8.40730e-04
7.46293e-04
8.69231e-04
9.32489e-04
8.61618e-04
6.62163e-04
3.41377e-04
4.84589e-05
9.38287e-05
5.52440e-04
1.28334e-03
2.36641e-03
3.79051e-03
5.15739e-03
6.16464e-03
6.94406e-03
7.66158e-03
8.21363e-03
8.44625e-03
8.40565e-03
8.20406e-03
7.86151e-03
7.40431e-03
6.78062e-03
5.94600e-03
5.01243e-03
4.11110e-03
3.34232e-03
2.83231e-03
2.65019e-03
2.65400e-03
2.63855e-03
2.56028e-03
2.48394e-03
2.46968e-03
2.56475e-03
2.80413e-03
3.12774e-03
3.34052e-03
3.38358e-03
3.37700e-03
3.31363e-03
3.02003e-03
2.40161e-03
1.64067e-03
9.95644e-04
4.74415e-04
-1.15738e-04
-7.13678e-04
-1.00402e-03
-9.02229e-04
-5.24894e-04
3.99790e-05
5.87639e-04
8.97104e-04
1.04461e-03
1.18080e-03
1.26241e-03
1.26691e-03
1.37997e-03
1.60662e-03
1.70067e-03
1.65312e-03
1.60688e-03
1.61016e-03
1.64496e-03
1.70155e-03
1.75481e-03
1.71165e-03
1.42287e-03
8.06154e-04
2.69565e-05
-6.23845e-04
-1.10236e-03
-1.66643e-03
-2.44643e-03
-3.20451e-03
-3.72044e-03
-4.05647e-03
-4.27737e-03
-4.34580e-03
-4.34583e-03
-4.37102e-03
-4.41179e-03
-4.42762e-03
-4.40802e-03
-4.37154e-03
-4.35960e-03
-4.43709e-03
-4.66289e-03
-4.99974e-03
-5.24707e-03
-5.31326e-03
-5.40252e-03
-5.67232e-03
-6.04366e-03
-6.52168e-03
-7.26617e-03
-8.09330e-03
-8.70407e-03
-9.02679e-03
-8.95763e-03
-8.57648e-03
-8.08413e-03
-7.40329e-03
-6.33478e-03
-4.70396e-03
-2.55824e-03
-3.80405e-04
1.26442e-03
2.35292e-03
3.21856e-03
3.79248e-03
3.85347e-03
3.70644e-03
3.84783e-03
4.33560e-03
4.79918e-03
5.02244e-03
5.08618e-03
5.25365e-03
5.63367e-03
5.96469e-03
5.89741e-03
5.38326e-03
4.56610e-03
3.52340e-03
2.15045e-03
3.99193e-04
-1.50248e-03
-3.23504e-03
-4.70309e-03
-5.97563e-03
-6.85057e-03
-7.16947e-03
-7.07545e-03
-6.74826e-03
-6.36149e-03
-5.97642e-03
-5.61123e-03
-5.32085e-03
-5.23724e-03
-5.43311e-03
-5.95205e-03
-6.75188e-03
-7.60740e-03
-8.30696e-03
-8.78138e-03
-9.08723e-03
-9.25240e-03
-9.23236e-03
-9.16027e-03
-9.05765e-03
-8.61092e-03
-7.76297e-03
-6.78636e-03
-6.00267e-03
-5.31767e-03
-4.47416e-03
-3.59871e-03
-2.90754e-03
-2.55282e-03
-2.41018e-03
-2.38088e-03
-2.54901e-03
-2.81181e-03
-3.10834e-03
-3.41759e-03
-3.57602e-03
-3.53385e-03
-3.31666e-03
-2.88351e-03
-2.31606e-03
-1.90382e-03
-1.71827e-03
-1.45234e-03
-9.51699e-04
-4.34218e-04
-1.41551e-04
-2.28971e-04
-6.17564e-04
-9.94949e-04
-1.04535e-03
-7.17496e-04
-9.15656e-05
6.95016e-04
1.49698e-03
2.47436e-03
3.62667e-03
4.64854e-03
5.46018e-03
6.16220e-03
6.76258e-03
7.26860e-03
7.73279e-03
8.03866e-03
8.02947e-03
7.69856e-03
7.29581e-03
7.01380e-03
6.88975e-03
6.80741e-03
6.66290e-03
6.58589e-03
6.74634e-03
6.93794e-03
6.94583e-03
6.84678e-03
6.73630e-03
6.62979e-03
6.59059e-03
6.66411e-03
6.58018e-03
6.22007e-03
5.86866e-03
5.62916e-03
5.40856e-03
5.26277e-03
5.11400e-03
4.71205e-03
4.05648e-03
3.52368e-03
3.38611e-03
3.46547e-03
3.49647e-03
3.44771e-03
3.39626e-03
3.37092e-03
3.36248e-03
3.37212e-03
3.40968e-03
3.46240e-03
3.47088e-03
3.33586e-03
2.98606e-03
2.51880e-03
2.23633e-03
2.35971e-03
2.86640e-03
3.34623e-03
3.42519e-03
3.26158e-03
3.21370e-03
3.44502e-03
3.93657e-03
4.48697e-03
4.67677e-03
4.31456e-03
3.77547e-03
3.43999e-03
3.39532e-03
3.49568e-03
3.53729e-03
3.41809e-03
3.09333e-03
2.57290e-03
1.99745e-03
1.41459e-03
5.51199e-04
-7.22212e-04
-2.10423e-03
-3.34248e-03
-4.34828e-03
-5.08887e-03
-5.60998e-03
-6.00538e-03
-6.46565e-03
-7.03457e-03
-7.41637e-03
-7.58288e-03
-7.69936e-03
-7.75960e-03
-7.78489e-03
-7.81981e-03
-7.83283e-03
-7.74182e-03
-7.49800e-03
-7.17451e-03
-6.97015e-03
-6.88736e-03
-6.69654e-03
-6.33421e-03
-6.00835e-03
-5.78457e-03
-5.53443e-03
-5.28098e-03
-5.01805e-03
-4.59864e-03
-4.03750e-03
-3.42342e-03
-2.86255e-03
-2.45201e-03
-2.05256e-03
-1.46967e-03
-6.21826e-04
3.51023e-04
1.13171e-03
1.73869e-03
2.32565e-03
2.76862e-03
2.92621e-03
2.73762e-03
2.26304e-03
1.57320e-03
7.03121e-04
-2.32157e-04
-1.09990e-03
-1.82105e-03
-2.54423e-03
-3.39356e-03
-4.07640e-03
-4.28000e-03
-4.08712e-03
-3.72546e-03
-3.28766e-03
-2.66815e-03
-1.75886e-03
-7.17488e-04
1.57443e-04
5.95671e-04
7.19527e-04
1.07589e-03
1.90954e-03
2.84450e-03
3.52896e-03
3.94830e-03
3.98794e-03
3.62799e-03
3.17704e-03
2.85489e-03
2.63184e-03
2.40487e-03
2.08260e-03
1.80652e-03
1.73605e-03
1.76141e-03
1.76010e-03
1.76587e-03
1.85935e-03
2.04875e-03
2.26981e-03
2.62034e-03
3.12057e-03
3.42146e-03
3.42503e-03
3.44594e-03
3.68232e-03
4.00309e-03
4.08687e-03
3.81749e-03
3.47668e-03
3.22012e-03
2.86830e-03
2.41298e-03
2.03968e-03
1.85617e-03
1.80583e-03
1.64515e-03
1.21870e-03
6.31537e-04
3.72726e-06
-5.94809e-04
-9.97152e-04
-1.17877e-03
-1.26766e-03
-1.41438e-03
-1.61684e-03
-1.69163e-03
-1.66334e-03
-1.70125e-03
-1.89895e-03
-2.23015e-03
-2.55757e-03
-2.87109e-03
-3.34571e-03
-3.90108e-03
-4.27070e-03
-4.55283e-03
-5.05856e-03
-5.68361e-03
-6.03904e-03
-6.06387e-03
-5.95384e-03
-5.72069e-03
-5.26128e-03
-4.69859e-03
-4.26919e-03
-3.88717e-03
-3.34556e-03
-2.84023e-03
-2.45263e-03
-1.68276e-03
-2.69440e-04
1.38117e-03
2.79552e-03
3.89850e-03
4.67244e-03
4.98710e-03
4.97052e-03
4.88422e-03
4.79838e-03
4.67299e-03
4.34686e-03
3.80780e-03
3.44757e-03
3.47543e-03
3.76913e-03
4.25875e-03
4.89243e-03
5.58186e-03
6.38642e-03
7.26296e-03
8.01504e-03
8.48730e-03
8.64039e-03
8.64875e-03
8.51331e-03
7.98595e-03
7.00777e-03
6.00364e-03
5.36737e-03
5.02132e-03
4.70798e-03
4.39396e-03
4.11600e-03
3.81696e-03
3.53801e-03
3.22999e-03
2.70100e-03
1.96784e-03
1.13705e-03
1.53290e-04
-8.25195e-04
-1.52166e-03
-1.95619e-03
-2.27137e-03
-2.37952e-03
-2.20984e-03
-1.94797e-03
-1.78312e-03
-1.65776e-03
-1.57378e-03
-1.29891e-03
-6.01718e-04
2.11981e-04
7.19320e-04
8.99154e-04
1.08387e-03
1.44739e-03
1.83017e-03
2.17384e-03
2.48804e-03
2.54786e-03
2.24154e-03
1.76461e-03
1.37126e-03
1.07728e-03
7.74316e-04
3.06113e-04
-2.71696e-04
-5.59946e-04
-3.61236e-04
-2.52029e-05
5.55986e-05
-1.05067e-05
8.27924e-05
4.06660e-04
7.61737e-04
9.15962e-04
9.22787e-04
9.05067e-04
7.73486e-04
3.47324e-04
-3.65360e-04
-1.11558e-03
-1.74432e-03
-2.33824e-03
-2.94957e-03
-3.29323e-03
-3.17900e-03
-2.83118e-03
-2.58337e-03
-2.52799e-03
-2.42681e-03
-2.11364e-03
-1.76671e-03
-1.62004e-03
-1.62160e-03
-1.69276e-03
-1.93753e-03
-2.43678e-03
-2.97706e-03
-3.18024e-03
-3.05194e-03
-3.04176e-03
-3.31345e-03
-3.51402e-03
-3.45196e-03
-3.19145e-03
-2.79835e-03
-2.38989e-03
-2.04258e-03
-1.70215e-03
-1.24703e-03
-6.08880e-04
-9.56319e-05
3.33486e-05
1.61332e-05
3.79232e-05
-6.40289e-05
-5.07138e-04
-1.21211e-03
-1.68377e-03
-1.59186e-03
-1.21239e-03
-9.59697e-04
-1.13913e-03
-1.76871e-03
-2.36998e-03
-2.51601e-03
-2.41829e-03
-2.56181e-03
-3.12925e-03
-3.87381e-03
-4.28305e-03
-4.24852e-03
-4.17066e-03
-4.30817e-03
-4.58320e-03
-4.74833e-03
-4.53762e-03
-3.98312e-03
-3.27361e-03
-2.53245e-03
-1.87584e-03
-1.30671e-03
-7.15441e-04
-2.13454e-04
-2.23315e-05
-4.91890e-05
-8.40723e-05
-8.04142e-05
-4.89466e-05
9.46832e-05
4.74496e-04
1.06950e-03
1.63365e-03
2.07113e-03
2.61835e-03
3.23157e-03
3.49187e-03
3.43689e-03
3.41792e-03
3.53362e-03
3.64590e-03
3.58814e-03
3.23275e-03
2.57847e-03
1.94814e-03
1.78439e-03
1.95166e-03
1.98736e-03
1.64205e-03
9.05141e-04
1.11662e-05
-6.83298e-04
-1.14352e-03
-1.44054e-03
-1.65221e-03
-1.96219e-03
-2.32933e-03
-2.32762e-03
-1.80242e-03
-1.18320e-03
-6.17330e-04
-1.54603e-04
7.80021e-07
-1.57877e-05
1.16523e-05
2.74267e-06
-2.77149e-04
-9.16457e-04
-1.68122e-03
-2.33548e-03
-3.00324e-03
-3.74892e-03
-4.48918e-03
-5.01638e-03
-5.16246e-03
-5.03349e-03
-4.62232e-03
-3.77745e-03
-2.64794e-03
-1.50640e-03
-3.62249e-04
6.97290e-04
1.44887e-03
1.84640e-03
1.97904e-03
1.88460e-03
1.70601e-03
1.71171e-03
1.93698e-03
2.27815e-03
2.65727e-03
3.09860e-03
3.43002e-03
3.53624e-03
3.70755e-03
4.13768e-03
4.63965e-03
5.01316e-03
5.19105e-03
5.22376e-03
5.22697e-03
5.17913e-03
4.92842e-03
4.39834e-03
3.72485e-03
3.00926e-03
2.15039e-03
1.24043e-03
5.03845e-04
1.44512e-04
1.46798e-04
2.25434e-04
1.99879e-04
3.26537e-05
-3.39961e-04
-9.47820e-04
-1.64789e-03
-2.34748e-03
-3.10505e-03
-3.80629e-03
-4.39035e-03
-4.82010e-03
-5.00234e-03
-5.04702e-03
-5.10862e-03
-5.12599e-03
-4.90484e-03
-4.35414e-03
-3.69679e-03
-3.38500e-03
-3.42685e-03
-3.47612e-03
-3.42816e-03
-3.42857e-03
-3.59275e-03
-3.87066e-03
-4.02390e-03
-3.82463e-03
-3.47975e-03
-3.36532e-03
-3.41901e-03
-3.34311e-03
-3.03721e-03
-2.65200e-03
-2.35973e-03
-2.08054e-03
-1.78001e-03
-1.64531e-03
-1.68819e-03
-1.75418e-03
-1.75535e-03
-1.63823e-03
-1.30721e-03
-7.31641e-04
-1.27800e-04
3.59585e-04
1.03476e-03
1.97634e-03
2.82929e-03
3.34251e-03
3.46551e-03
3.45447e-03
3.51649e-03
3.55784e-03
3.37495e-03
2.88473e-03
2.26546e-03
1.82469e-03
1.58681e-03
1.35405e-03
1.23196e-03
1.49445e-03
2.03246e-03
2.64591e-03
3.31205e-03
3.96416e-03
4.55412e-03
4.96710e-03
5.20993e-03
5.66231e-03
6.45360e-03
7.05065e-03
6.97717e-03
6.39532e-03
5.67988e-03
5.24144e-03
5.24279e-03
5.36808e-03
5.36636e-03
5.28403e-03
5.22986e-03
5.23420e-03
5.27843e-03
5.31760e-03
5.25810e-03
4.96922e-03
4.39607e-03
3.68351e-03
2.96832e-03
2.22025e-03
1.58487e-03
1.21014e-03
1.05939e-03
1.03341e-03
1.01538e-03
9.69354e-04
9.26427e-04
9.10645e-04
9.22652e-04
9.55091e-04
9.87071e-04
9.69379e-04
8.31755e-04
5.42219e-04
2.12109e-04
6.63648e-05
9.46410e-05
9.88770e-05
1.95918e-05
-2.82230e-05
1.17785e-04
5.64234e-04
1.21810e-03
1.71360e-03
1.80923e-03
1.71527e-03
1.69678e-03
1.77050e-03
1.84604e-03
1.86009e-03
1.75137e-03
1.44978e-03
9.68289e-04
3.80622e-04
-3.32292e-04
-1.07394e-03
-1.66021e-03
-2.05500e-03
-2.31394e-03
-2.40147e-03
-2.39499e-03
-2.45452e-03
-2.65441e-03
-2.97284e-03
-3.28943e-03
-3.55913e-03
-3.97507e-03
-4.59035e-03
-5.19255e-03
-5.74611e-03
-6.34857e-03
-6.89007e-03
-7.34465e-03
-7.85696e-03
-8.47327e-03
-9.04878e-03
-9.32779e-03
-9.32497e-03
-9.29146e-03
-9.33920e-03
-9.40420e-03
-9.41138e-03
-9.33034e-03
-9.16239e-03
-8.97304e-03
-8.90560e-03
-8.87353e-03
-8.48052e-03
-7.73006e-03
-7.04466e-03
-6.53728e-03
-5.90631e-03
-5.04574e-03
-4.22548e-03
-3.68526e-03
-3.42334e-03
-3.21347e-03
-2.88658e-03
-2.55094e-03
-2.23220e-03
-1.78132e-03
-1.26789e-03
-8.88683e-04
-7.57489e-04
-8.07861e-04
-9.14871e-04
-1.05118e-03
-1.18086e-03
-1.24538e-03
-1.38776e-03
-1.63426e-03
-1.94639e-03
-2.37138e-03
-2.84650e-03
-3.32051e-03
-3.74400e-03
-4.05638e-03
-4.18488e-03
-4.20820e-03
-4.25717e-03
-4.29147e-03
-4.14482e-03
-3.69617e-03
-3.04165e-03
-2.47365e-03
-2.09265e-03
-1.72852e-03
-1.29977e-03
-8.02654e-04
-2.57168e-04
3.34834e-04
8.65258e-04
1.29156e-03
1.77419e-03
2.37998e-03
3.01834e-03
3.42524e-03
3.47367e-03
3.42134e-03
3.58159e-03
4.05114e-03
4.70487e-03
5.30051e-03
5.80322e-03
6.38804e-03
7.03351e-03
7.68316e-03
8.40023e-03
9.05486e-03
9.46250e-03
9.71566e-03
1.00571e-02
1.04074e-02
1.04716e-02
1.02197e-02
9.83127e-03
9.55935e-03
9.60604e-03
9.90037e-03
1.02212e-02
1.02917e-02
9.94504e-03
9.42312e-03
9.04405e-03
8.82163e-03
8.60810e-03
8.19339e-03
7.57140e-03
6.95258e-03
6.33980e-03
5.59707e-03
4.86744e-03
4.36811e-03
4.03472e-03
3.66818e-03
3.19713e-03
2.59428e-03
1.85254e-03
1.04878e-03
4.31315e-04
1.84690e-04
1.77457e-04
1.48563e-04
5.72227e-05
7.23029e-05
3.60129e-04
9.26150e-04
1.49900e-03
1.75961e-03
1.79679e-03
1.97090e-03
2.37467e-03
2.72143e-03
2.78536e-03
2.64838e-03
2.39819e-03
2.06486e-03
1.82920e-03
1.83415e-03
1.94599e-03
1.99074e-03
1.88241e-03
1.54516e-03
9.68498e-04
3.92779e-04
1.33331e-04
1.14342e-04
-1.78392e-05
-3.80133e-04
-7.64193e-04
-1.06451e-03
-1.36530e-03
-1.56855e-03
-1.58421e-03
-1.53924e-03
-1.54266e-03
-1.58610e-03
-1.63800e-03
-1.67951e-03
-1.66707e-03
-1.52664e-03
-1.22774e-03
-9.15322e-04
-9.29414e-04
-1.39551e-03
-2.05556e-03
-2.71278e-03
-3.21409e-03
-3.29219e-03
-2.89132e-03
-2.25170e-03
-1.74306e-03
-1.60165e-03
-1.68723e-03
-1.73316e-03
-1.67882e-03
-1.60079e-03
-1.55343e-03
-1.56250e-03
-1.66972e-03
-1.90947e-03
-2.21565e-03
-2.40665e-03
-2.49996e-03
-2.73350e-03
-3.13346e-03
-3.34868e-03
-3.07954e-03
-2.45415e-03
-1.87136e-03
-1.63637e-03
-1.62363e-03
-1.48175e-03
-1.12844e-03
-8.10115e-04
-6.54251e-04
-4.78499e-04
-2.25942e-04
-1.71728e-04
-4.59913e-04
-7.65703e-04
-8.22744e-04
-7.47464e-04
-6.50408e-04
-4.62438e-04
-1.59277e-04
7.01853e-05
9.18660e-05
3.82253e-05
3.61383e-05
6.85208e-05
8.86197e-05
9.17204e-05
9.30798e-05
9.90819e-05
1.05020e-04
1.00090e-04
7.48316e-05
3.61746e-05
2.58521e-05
1.19177e-04
3.77872e-04
7.38296e-04
9.28667e-04
7.56523e-04
3.77561e-04
6.48203e-05
-1.77297e-04
-5.86557e-04
-1.14055e-03
-1.60784e-03
-2.06848e-03
-2.71565e-03
-3.24901e-03
-3.34742e-03
-3.25288e-03
-3.24567e-03
-3.31187e-03
-3.35855e-03
-3.36940e-03
-3.36600e-03
-3.35490e-03
-3.33510e-03
-3.31751e-03
-3.32661e-03
-3.38200e-03
-3.46552e-03
-3.48685e-03
-3.29032e-03
-2.75496e-03
-2.02369e-03
-1.66541e-03
-2.07715e-03
-2.90130e-03
-3.44595e-03
-3.47636e-03
-3.33143e-03
-3.18192e-03
-2.84325e-03
-2.23683e-03
-1.67442e-03
-1.31202e-03
-8.43428e-04
-2.61850e-04
4.40346e-05
-4.58029e-06
-1.03958e-04
-9.63430e-06
3.60492e-04
9.78189e-04
1.58618e-03
1.84134e-03
1.76265e-03
1.66641e-03
1.75598e-03
2.07828e-03
2.61574e-03
3.19972e-03
3.64707e-03
4.10510e-03
4.74763e-03
5.18467e-03
4.98697e-03
4.37699e-03
3.86082e-03
3.68185e-03
3.59052e-03
3.18268e-03
2.46648e-03
1.95572e-03
1.92600e-03
1.97201e-03
1.67428e-03
1.03509e-03
3.99712e-04
1.14085e-04
1.19970e-04
1.28590e-04
8.05194e-05
1.62305e-04
5.54360e-04
1.21429e-03
1.78689e-03
2.12762e-03
2.56457e-03
3.15106e-03
3.57032e-03
3.80248e-03
4.08140e-03
4.34229e-03
4.39812e-03
4.33398e-03
4.31684e-03
4.41823e-03
4.66468e-03
5.01954e-03
5.28731e-03
5.33991e-03
5.29434e-03
5.22048e-03
5.02507e-03
4.65780e-03
4.26963e-03
3.95912e-03
3.53683e-03
2.82437e-03
1.95410e-03
1.23444e-03
8.13456e-04
5.79271e-04
4.03897e-04
1.67461e-04
-3.97915e-04
-1.34283e-03
-2.13605e-03
-2.21191e-03
-1.76496e-03
-1.44436e-03
-1.49549e-03
-1.65180e-03
-1.69250e-03
-1.62604e-03
-1.52017e-03
-1.44510e-03
-1.53116e-03
-1.95276e-03
-2.74662e-03
-3.55996e-03
-3.83117e-03
-3.61732e-03
-3.69532e-03
-4.38082e-03
-5.01938e-03
-5.10952e-03
-4.95332e-03
-4.90817e-03
-4.98657e-03
-5.10890e-03
-5.25300e-03
-5.35701e-03
-5.28184e-03
-5.14297e-03
-5.21420e-03
-5.38106e-03
-5.30952e-03
-5.05903e-03
-4.96708e-03
-5.05463e-03
-5.14286e-03
-5.11882e-03
-4.89678e-03
-4.40638e-03
-3.72671e-03
-3.04947e-03
-2.63127e-03
-2.51610e-03
-2.30780e-03
-1.76052e-03
-1.13707e-03
-7.74002e-04
-5.21101e-04
-6.60889e-06
6.95638e-04
1.17769e-03
1.28888e-03
1.13221e-03
9.30994e-04
9.04614e-04
9.81553e-04
1.01137e-03
9.84738e-04
9.62527e-04
9.81062e-04
1.03348e-03
1.06914e-03
9.85216e-04
6.66406e-04
1.18639e-04
-3.74840e-04
-4.84410e-04
-3.33129e-04
-3.68661e-04
-6.27355e-04
-7.79580e-04
-7.57108e-04
-6.59781e-04
-4.85555e-04
-2.20620e-04
1.10487e-05
1.71034e-04
4.43293e-04
8.28036e-04
9.60213e-04
5.92693e-04
-8.79451e-05
-6.35905e-04
-7.18756e-04
-3.92930e-04
8.21597e-05
4.91245e-04
7.72712e-04
8.98512e-04
8.97803e-04
9.08429e-04
9.86225e-04
1.04782e-03
9.60108e-04
6.19118e-04
5.78211e-05
-4.62885e-04
-7.40888e-04
-9.55760e-04
-1.31999e-03
-1.66406e-03
-1.77177e-03
-1.60382e-03
-1.16147e-03
-7.22244e-04
-4.15490e-04
6.41896e-05
8.02265e-04
1.58246e-03
2.26439e-03
2.64117e-03
2.66369e-03
2.60364e-03
2.62566e-03
2.68381e-03
2.72693e-03
2.77040e-03
2.82023e-03
2.81102e-03
2.61509e-03
2.13038e-03
1.46279e-03
9.71772e-04
6.71204e-04
1.98731e-04
-4.55300e-04
-1.04876e-03
-1.58429e-03
-2.07326e-03
-2.41907e-03
-2.77968e-03
-3.36487e-03
-3.95389e-03
-4.19196e-03
-4.14969e-03
-4.12407e-03
-4.20246e-03
-4.27720e-03
-4.22127e-03
-3.95009e-03
-3.48377e-03
-3.01085e-03
-2.68239e-03
-2.55651e-03
-2.56730e-03
-2.51097e-03
-2.25570e-03
-1.85464e-03
-1.49384e-03
-1.20741e-03
-9.38585e-04
-8.70540e-04
-1.11386e-03
-1.39350e-03
-1.31997e-03
-9.15207e-04
-6.22668e-04
-6.34888e-04
-7.60882e-04
-8.48885e-04
-8.63283e-04
-7.00628e-04
-1.82061e-04
7.02808e-04
1.61762e-03
2.28957e-03
2.60389e-03
2.63837e-03
2.65646e-03
2.71535e-03
2.61953e-03
2.18766e-03
1.49615e-03
8.93738e-04
4.20738e-04
-1.48242e-04
-5.99351e-04
-6.83208e-04
-6.15785e-04
-6.24183e-04
-6.86031e-04
-7.22699e-04
-7.25925e-04
-7.20458e-04
-7.17026e-04
-7.15512e-04
-7.15170e-04
-7.15807e-04
-7.15334e-04
-7.12502e-04
-7.09059e-04
-7.10647e-04
-7.22139e-04
-7.40037e-04
-7.42467e-04
-6.89850e-04
-5.47117e-04
-3.46569e-04
-2.14742e-04
-1.52073e-04
-1.54827e-04
-3.62155e-04
-6.82646e-04
-1.03102e-03
-1.54934e-03
-2.13692e-03
-2.43988e-03
-2.41983e-03
-2.35132e-03
-2.37498e-03
-2.44574e-03
-2.51400e-03
-2.55733e-03
-2.50865e-03
-2.24541e-03
-1.70222e-03
-1.03434e-03
-4.62736e-04
5.90361e-05
5.77798e-04
8.76250e-04
8.99560e-04
8.74495e-04
9.29808e-04
1.00605e-03
1.01297e-03
9.03575e-04
6.78621e-04
4.42898e-04
4.33655e-04
6.68095e-04
7.18530e-04
3.81285e-04
9.80104e-05
2.53237e-04
6.80343e-04
1.02504e-03
1.22740e-03
1.48838e-03
1.79744e-03
2.05407e-03
2.34114e-03
2.64245e-03
2.91569e-03
3.29130e-03
3.75165e-03
4.14430e-03
4.38462e-03
4.45843e-03
4.42090e-03
4.23270e-03
3.78755e-03
3.18994e-03
2.82771e-03
2.73098e-03
2.45436e-03
1.82113e-03
1.20004e-03
9.73554e-04
1.03852e-03
1.08806e-03
1.02996e-03
9.40344e-04
8.97128e-04
9.71295e-04
1.24248e-03
1.70457e-03
2.17534e-03
2.50837e-03
2.64686e-03
2.64281e-03
2.66013e-03
2.78109e-03
2.95067e-03
3.03159e-03
2.91487e-03
2.82610e-03
3.01652e-03
3.29518e-03
3.28736e-03
3.03466e-03
2.96902e-03
3.12630e-03
3.05350e-03
2.62634e-03
2.03032e-03
1.41408e-03
1.08601e-03
1.08530e-03
9.78445e-04
4.68471e-04
-2.64505e-04
-7.31913e-04
-8.27700e-04
-8.83158e-04
-9.82246e-04
-9.02798e-04
-7.20204e-04
-6.70612e-04
-7.15871e-04
-7.41155e-04
-7.53611e-04
-7.92324e-04
-8.16958e-04
-7.07209e-04
-3.42835e-04
2.45269e-04
7.54042e-04
8.94270e-04
8.08394e-04
8.76036e-04
1.29036e-03
1.95280e-03
2.51518e-03
2.69649e-03
2.63314e-03
2.62604e-03
2.74157e-03
2.82999e-03
2.68734e-03
2.15125e-03
1.27210e-03
4.36839e-04
-8.97102e-05
-3.07938e-04
-4.22095e-04
-5.43276e-04
-6.04164e-04
-6.98198e-04
-1.02032e-03
-1.61874e-03
-2.29009e-03
-2.85770e-03
-3.40926e-03
-3.92026e-03
-4.16178e-03
-4.15729e-03
-4.13524e-03
-4.17629e-03
-4.22047e-03
-4.23266e-03
-4.23269e-03
-4.24550e-03
-4.26994e-03
-4.27247e-03
-4.18933e-03
-3.95896e-03
-3.61076e-03
-3.30136e-03
-3.04547e-03
-2.74359e-03
-2.52028e-03
-2.48351e-03
-2.51997e-03
-2.54041e-03
-2.55902e-03
-2.56082e-03
-2.44131e-03
-2.08329e-03
-1.51749e-03
-1.02723e-03
-8.28258e-04
-6.82051e-04
-2.15393e-04
5.01416e-04
9.51147e-04
9.58387e-04
8.61501e-04
8.74873e-04
9.35334e-04
9.58733e-04
9.48365e-04
9.42345e-04
9.73617e-04
1.06223e-03
1.19254e-03
1.26962e-03
1.19813e-03
1.20396e-03
1.51057e-03
1.91224e-03
2.25305e-03
2.56750e-03
2.65781e-03
2.31027e-03
1.66364e-03
1.11636e-03
9.44996e-04
1.01388e-03
1.05845e-03
1.03239e-03
1.01521e-03
1.01326e-03
9.34349e-04
6.71375e-04
2.28118e-04
-2.14733e-04
-5.23881e-04
-6.63853e-04
-6.82303e-04
-7.01195e-04
-7.42660e-04
-7.06089e-04
-4.83950e-04
-8.25471e-05
3.42062e-04
6.98531e-04
9.86416e-04
1.26136e-03
1.53277e-03
1.56340e-03
1.23914e-03
7.87431e-04
2.86042e-04
-3.08350e-04
-6.84954e-04
-6.75209e-04
-5.69820e-04
-6.12792e-04
-8.12824e-04
-1.10426e-03
-1.34947e-03
-1.30210e-03
-9.74043e-04
-7.32171e-04
-6.77137e-04
-5.23095e-04
-1.23396e-04
3.39678e-04
7.11160e-04
9.72391e-04
1.20490e-03
1.49128e-03
1.72005e-03
1.87406e-03
2.14393e-03
2.52594e-03
2.68553e-03
2.42108e-03
1.90923e-03
1.45230e-03
1.16852e-03
1.06079e-03
1.05069e-03
9.49244e-04
6.62483e-04
3.09429e-04
1.39263e-04
1.57741e-04
7.82473e-05
-2.90850e-04
-8.25007e-04
-1.11848e-03
-8.99704e-04
-4.47166e-04
-1.15589e-04
9.03901e-05
4.05127e-04
9.78260e-04
1.56110e-03
1.81743e-03
1.81079e-03
1.78075e-03
1.74003e-03
1.55481e-03
1.22362e-03
9.76323e-04
9.57402e-04
1.01292e-03
9.96866e-04
9.29723e-04
8.92646e-04
9.56961e-04
1.17765e-03
1.52697e-03
1.80947e-03
1.89610e-03
1.88188e-03
1.77257e-03
1.38591e-03
6.47399e-04
-1.47555e-04
-7.57411e-04
-1.23736e-03
-1.51804e-03
-1.55721e-03
-1.51423e-03
-1.49585e-03
-1.51133e-03
-1.61984e-03
-1.94509e-03
-2.50177e-03
-3.01134e-03
-3.13040e-03
-2.97836e-03
-3.01851e-03
-3.28147e-03
-3.41533e-03
-3.37496e-03
-3.32869e-03
-3.34596e-03
-3.40399e-03
-3.46380e-03
-3.45000e-03
-3.22978e-03
-2.70450e-03
-2.00034e-03
-1.42243e-03
-1.08867e-03
-9.60346e-04
-1.05237e-03
-1.20333e-03
-1.09567e-03
-6.70222e-04
-2.36924e-04
6.11700e-06
1.08794e-04
2.59695e-04
4.93634e-04
5.67442e-04
3.59665e-04
2.79752e-04
7.33899e-04
1.43727e-03
1.82002e-03
1.79519e-03
1.70959e-03
1.76495e-03
1.87742e-03
1.87816e-03
1.62792e-03
1.08382e-03
4.48397e-04
9.07966e-05
9.37682e-05
1.91964e-04
1.90740e-04
8.13875e-05
-1.23178e-04
-4.10045e-04
-6.55724e-04
-7.66868e-04
-9.11624e-04
-1.23222e-03
-1.55407e-03
-1.64884e-03
-1.60005e-03
-1.57439e-03
-1.58918e-03
-1.60516e-03
-1.62600e-03
-1.67546e-03
-1.73320e-03
-1.70603e-03
-1.45265e-03
-9.00823e-04
-2.38873e-04
1.48987e-04
1.25924e-04
-1.26692e-04
-4.59504e-04
-7.47666e-04
-7.93203e-04
-5.83843e-04
-2.54261e-04
4.08311e-05
1.72181e-04
2.34893e-04
3.45220e-04
3.76226e-04
2.12674e-04
7.74637e-05
9.46805e-05
1.44071e-04
1.46212e-04
1.25760e-04
1.15326e-04
1.13844e-04
1.13114e-04
1.11278e-04
1.11468e-04
1.15503e-04
1.23712e-04
1.30636e-04
1.25467e-04
9.82490e-05
5.97381e-05
6.07606e-05
1.92127e-04
5.25129e-04
9.91820e-04
1.40617e-03
1.66925e-03
1.74060e-03
1.72562e-03
1.76642e-03
1.85725e-03
1.87827e-03
1.68721e-03
1.21117e-03
5.92744e-04
1.85213e-04
1.29614e-04
1.95865e-04
1.84130e-04
1.24916e-04
1.10662e-04
1.61122e-04
2.14933e-04
1.50198e-04
-1.79127e-04
-8.06860e-04
-1.44190e-03
-1.66692e-03
-1.59828e-03
-1.57877e-03
-1.62835e-03
-1.54778e-03
-1.21217e-03
-7.17456e-04
-2.85487e-04
-2.18309e-05
3.77724e-05
2.23859e-06
4.17987e-05
2.20805e-04
5.03033e-04
7.55434e-04
8.69010e-04
1.02720e-03
1.47784e-03
2.11578e-03
2.54347e-03
2.62496e-03
2.68052e-03
2.98475e-03
3.43561e-03
3.78488e-03
4.01784e-03
4.10192e-03
3.87668e-03
3.55933e-03
3.60622e-03
4.03797e-03
4.46709e-03
4.54613e-03
4.27342e-03
3.78117e-03
3.21165e-03
2.79447e-03
2.54915e-03
2.17849e-03
1.59813e-03
1.12408e-03
8.76540e-04
5.35022e-04
-6.76125e-05
-6.03809e-04
-7.63232e-04
-6.98959e-04
-6.84796e-04
-7.57652e-04
-8.18049e-04
-7.90298e-04
-6.41708e-04
-3.92178e-04
-1.87025e-04
-2.20497e-04
-3.25074e-04
-1.37179e-04
2.47771e-04
5.70471e-04
6.99320e-04
4.53588e-04
-8.87404e-05
-4.82073e-04
-5.11600e-04
-4.19655e-04
-2.55428e-04
-4.86304e-05
-1.58460e-04
-6.89721e-04
-1.34292e-03
-1.93842e-03
-2.35652e-03
-2.47224e-03
-2.42036e-03
-2.41927e-03
-2.50591e-03
-2.59811e-03
-2.61125e-03
-2.45884e-03
-2.06886e-03
-1.50782e-03
-1.03173e-03
-7.05996e-04
-1.83953e-04
7.22326e-04
1.66324e-03
2.32454e-03
2.56792e-03
2.53975e-03
2.53713e-03
2.62776e-03
2.68941e-03
2.60022e-03
2.31179e-03
1.88920e-03
1.48856e-03
1.09755e-03
5.89538e-04
-1.63582e-04
-1.08617e-03
-1.89526e-03
-2.35026e-03
-2.41742e-03
-2.32010e-03
-2.32036e-03
-2.55438e-03
-3.06979e-03
-3.74422e-03
-4.17327e-03
-4.02330e-03
-3.41768e-03
-2.79703e-03
-2.56000e-03
-2.51518e-03
-2.17184e-03
-1.48892e-03
-9.25461e-04
-8.05522e-04
-9.34572e-04
-9.75263e-04
-7.76897e-04
-3.14298e-04
3.09500e-04
7.79041e-04
8.90027e-04
8.25907e-04
8.26176e-04
8.91701e-04
9.01537e-04
7.79514e-04
5.44634e-04
3.44138e-04
3.68110e-04
4.72173e-04
3.24738e-04
-5.53433e-06
-3.38772e-04
-6.37088e-04
-7.81001e-04
-7.63272e-04
-7.32048e-04
-7.53301e-04
-7.89115e-04
-8.05281e-04
-8.01904e-04
-7.88813e-04
-7.75772e-04
-7.78024e-04
-8.10665e-04
-8.65015e-04
-8.80332e-04
-7.40560e-04
-3.37924e-04
2.69403e-04
7.80785e-04
1.00329e-03
1.09100e-03
1.15145e-03
1.07334e-03
9.42518e-04
8.04888e-04
4.58652e-04
-1.34248e-04
-6.40488e-04
-7.90098e-04
-7.45105e-04
-7.49283e-04
-7.89723e-04
-7.13835e-04
-4.42555e-04
-7.30046e-05
1.78304e-04
2.94143e-04
3.56260e-04
3.38434e-04
3.46249e-04
3.47145e-04
1.02079e-04
-2.37928e-04
-3.22902e-04
-7.17415e-05
2.05294e-04
2.93672e-04
2.30483e-04
-3.60325e-05
-5.28801e-04
-8.50485e-04
-8.22833e-04
-7.23162e-04
-7.27294e-04
-7.80117e-04
-8.08284e-04
-8.10897e-04
-8.07214e-04
-8.05916e-04
-8.07826e-04
-8.13275e-04
-8.16075e-04
-8.06254e-04
-7.78976e-04
-7.52651e-04
-7.77113e-04
-9.20192e-04
-1.20649e-03
-1.51810e-03
-1.63694e-03
-1.61021e-03
-1.70471e-03
-2.04084e-03
-2.45828e-03
-2.64566e-03
-2.50928e-03
-2.15216e-03
-1.68253e-03
-1.25409e-03
-9.61319e-04
-8.71697e-04
-9.26829e-04
-9.45554e-04
-7.93723e-04
-4.07045e-04
1.76434e-04
7.72147e-04
1.33004e-03
2.02798e-03
2.79678e-03
3.30411e-03
3.41810e-03
3.36971e-03
3.40051e-03
3.51954e-03
3.61461e-03
3.56176e-03
3.23976e-03
2.61874e-03
1.95999e-03
1.62412e-03
1.45039e-03
1.13130e-03
6.71131e-04
7.41200e-05
-5.47245e-04
-9.18655e-04
-1.17448e-03
-1.57308e-03
-2.05338e-03
-2.52670e-03
-2.97798e-03
-3.43191e-03
-3.83084e-03
-4.10542e-03
-4.19715e-03
-4.19016e-03
-4.21816e-03
-4.28791e-03
-4.31173e-03
-4.18649e-03
-3.85364e-03
-3.39064e-03
-2.98197e-03
-2.71725e-03
-2.62448e-03
-2.58963e-03
-2.47697e-03
-2.32536e-03
-2.30191e-03
-2.39906e-03
-2.23997e-03
-1.69381e-03
-9.88453e-04
-2.50451e-04
4.06677e-04
9.20388e-04
1.44213e-03
2.08970e-03
2.69069e-03
3.11569e-03
3.39022e-03
3.48273e-03
3.41960e-03
3.24321e-03
2.97236e-03
2.73546e-03
2.63952e-03
2.50368e-03
2.13943e-03
1.66329e-03
1.28695e-03
1.01896e-03
7.34018e-04
2.44112e-04
-3.84645e-04
-7.90189e-04
-8.27369e-04
-7.01945e-04
-5.67731e-04
-4.35992e-04
-3.84395e-04
-4.24709e-04
-4.07519e-04
-2.83191e-04
-7.74988e-05
8.46207e-05
2.46927e-04
5.17535e-04
7.62217e-04
8.09113e-04
7.99863e-04
9.85006e-04
1.42003e-03
1.93337e-03
2.36447e-03
2.71992e-03
3.06042e-03
3.44460e-03
3.94746e-03
4.61032e-03
5.10177e-03
5.14596e-03
5.01934e-03
5.05857e-03
5.34335e-03
5.81420e-03
6.30392e-03
6.67053e-03
6.86256e-03
6.89145e-03
6.88499e-03
6.90731e-03
6.88352e-03
6.72232e-03
6.42911e-03
6.13595e-03
5.82872e-03
5.27258e-03
4.49069e-03
3.80025e-03
3.34555e-03
2.96329e-03
2.52629e-03
2.09599e-03
1.75703e-03
1.50085e-03
1.21842e-03
9.27578e-04
5.70356e-04
-4.03485e-05
-8.17908e-04
-1.48308e-03
-1.99111e-03
-2.55713e-03
-3.19941e-03
-3.70121e-03
-4.01675e-03
-4.17460e-03
-4.20309e-03
-4.21084e-03
-4.26320e-03
-4.32899e-03
-4.33860e-03
-4.22193e-03
-3.94736e-03
-3.61882e-03
-3.50862e-03
-3.73419e-03
-4.10381e-03
-4.37178e-03
-4.56601e-03
-4.85158e-03
-5.16608e-03
-5.45053e-03
-5.76270e-03
-5.98523e-03
-6.03335e-03
-6.02782e-03
-6.03072e-03
-5.95092e-03
-5.69657e-03
-5.33062e-03
-5.03546e-03
-4.79897e-03
-4.54382e-03
-4.38460e-03
-4.28093e-03
-3.99549e-03
-3.49503e-03
-3.03945e-03
-2.84722e-03
-3.01267e-03
-3.36358e-03
-3.54131e-03
-3.51500e-03
-3.49471e-03
-3.50939e-03
-3.38625e-03
-2.97825e-03
-2.36579e-03
-1.89066e-03
-1.75149e-03
-1.70346e-03
-1.44656e-03
-9.91492e-04
-5.06604e-04
-1.52300e-04
-4.16572e-05
-4.57646e-05
8.68607e-05
4.19067e-04
7.60513e-04
8.77770e-04
8.22129e-04
7.68286e-04
7.68868e-04
8.10484e-04
9.08180e-04
1.06692e-03
1.18685e-03
1.03577e-03
5.31032e-04
7.32135e-05
-2.18164e-05
5.51089e-05
7.12074e-05
6.54971e-05
1.77923e-04
4.37633e-04
6.99923e-04
8.04463e-04
8.92591e-04
1.20840e-03
1.73492e-03
2.26420e-03
2.71389e-03
3.08459e-03
3.34290e-03
3.42136e-03
3.40600e-03
3.41322e-03
3.44395e-03
3.46175e-03
3.46566e-03
3.47850e-03
3.50693e-03
3.52378e-03
3.46689e-03
3.26874e-03
2.93818e-03
2.65493e-03
2.58756e-03
2.62408e-03
2.60896e-03
2.56771e-03
2.61760e-03
2.83710e-03
3.17974e-03
3.43110e-03
3.47232e-03
3.45483e-03
3.48393e-03
3.46488e-03
3.24965e-03
2.81250e-03
2.34032e-03
2.02054e-03
1.89016e-03
1.83676e-03
1.56514e-03
8.96611e-04
4.36647e-05
-5.84442e-04
-7.94052e-04
-7.45869e-04
-7.20449e-04
-8.18336e-04
-9.95744e-04
-1.19206e-03
-1.35067e-03
-1.59715e-03
-2.02389e-03
-2.45121e-03
-2.63340e-03
-2.50978e-03
-2.20668e-03
-1.88209e-03
-1.73186e-03
-1.78452e-03
-1.84009e-03
-1.74291e-03
-1.47055e-03
-1.10236e-03
-8.02519e-04
-5.70392e-04
-2.74209e-04
1.59447e-05
2.49223e-04
5.22077e-04
8.05385e-04
1.10408e-03
1.53098e-03
2.00345e-03
2.37537e-03
2.62818e-03
2.90406e-03
3.25920e-03
3.48232e-03
3.47451e-03
3.32325e-03
3.05986e-03
2.72874e-03
2.48904e-03
2.34147e-03
2.19483e-03
2.07613e-03
1.91667e-03
1.76773e-03
1.67228e-03
1.45732e-03
1.00184e-03
3.64093e-04
-4.47872e-04
-1.33813e-03
-2.06248e-03
-2.44217e-03
-2.50808e-03
-2.48667e-03
-2.52367e-03
-2.58807e-03
-2.62024e-03
-2.61890e-03
-2.61273e-03
-2.62337e-03
-2.65287e-03
-2.67468e-03
-2.62778e-03
-2.44121e-03
-2.11413e-03
-1.82062e-03
-1.76102e-03
-1.82266e-03
-1.77727e-03
-1.55944e-03
-1.26391e-03
-1.10297e-03
-1.17105e-03
-1.19203e-03
-1.01570e-03
-8.95720e-04
-8.80575e-04
-7.45876e-04
-3.71400e-04
1.15099e-04
5.50241e-04
9.41122e-04
1.34943e-03
1.80225e-03
2.29256e-03
2.78517e-03
3.17865e-03
3.32779e-03
3.15220e-03
2.82261e-03
2.62178e-03
2.57125e-03
2.36674e-03
1.83642e-03
1.21441e-03
8.02705e-04
4.89406e-04
5.29184e-06
-5.05684e-04
-7.60707e-04
-9.24093e-04
-1.37507e-03
-2.09563e-03
-2.63871e-03
-2.90734e-03
-3.23690e-03
-3.67181e-03
-4.04314e-03
-4.28866e-03
-4.52175e-03
-4.87887e-03
-5.27302e-03
-5.62575e-03
-5.91945e-03
-5.94951e-03
-5.63266e-03
-5.19927e-03
-4.93880e-03
-4.85186e-03
-4.69731e-03
-4.15248e-03
-3.28732e-03
-2.45536e-03
-1.77653e-03
-1.10789e-03
-3.48539e-04
2.86573e-04
7.10779e-04
1.00481e-03
1.19257e-03
1.31945e-03
1.51615e-03
1.67089e-03
1.69617e-03
1.69346e-03
1.71554e-03
1.69948e-03
1.55487e-03
1.26574e-03
9.62125e-04
8.06543e-04
6.84638e-04
4.27230e-04
1.63393e-04
1.50143e-04
3.01246e-04
2.95876e-04
6.56899e-05
-5.14301e-05
1.23010e-04
4.70811e-04
8.00851e-04
1.03330e-03
1.28071e-03
1.52762e-03
1.65790e-03
1.80969e-03
2.16380e-03
2.62324e-03
3.00719e-03
3.34002e-03
3.75866e-03
4.38505e-03
4.99193e-03
5.21688e-03
5.14302e-03
4.92163e-03
4.44201e-03
3.66438e-03
2.82354e-03
2.14502e-03
1.65178e-03
1.20949e-03
7.37524e-04
3.22978e-04
7.64812e-05
2.09397e-05
3.63926e-05
4.54581e-05
6.79172e-05
9.26952e-05
1.69237e-05
-2.97791e-04
-8.72547e-04
-1.44828e-03
-1.69085e-03
-1.66288e-03
-1.71307e-03
-1.98992e-03
-2.32128e-03
-2.36987e-03
-2.04600e-03
-1.73104e-03
-1.69614e-03
-1.77620e-03
-1.79297e-03
-1.77158e-03
-1.78503e-03
-1.83051e-03
-1.82618e-03
-1.64473e-03
-1.18243e-03
-5.29087e-04
-1.74599e-05
3.50483e-04
8.93340e-04
1.47828e-03
1.63419e-03
1.24824e-03
6.14690e-04
1.31382e-04
1.33655e-05
9.50502e-05
9.73073e-05
-5.05161e-05
-2.49374e-04
-3.40576e-04
-1.95561e-04
-1.11625e-05
-3.03056e-05
-1.31703e-04
-5.28005e-05
3.52420e-04
1.01773e-03
1.57869e-03
1.62516e-03
1.13973e-03
4.64795e-04
1.99335e-05
-2.31664e-05
1.27626e-04
2.10874e-04
1.22302e-04
-2.01111e-04
-8.01899e-04
-1.47368e-03
-1.77302e-03
-1.70553e-03
-1.65341e-03
-1.74906e-03
-1.83534e-03
-1.71634e-03
-1.28869e-03
-6.43626e-04
-1.29530e-04
7.25261e-06
-7.50964e-05
-1.35013e-04
-1.33334e-04
-8.75355e-05
7.87278e-05
4.69210e-04
1.02095e-03
1.44354e-03
1.59881e-03
1.79720e-03
2.35943e-03
3.09385e-03
3.45791e-03
3.40757e-03
3.32111e-03
3.35264e-03
3.41228e-03
3.43349e-03
3.43290e-03
3.43999e-03
3.45836e-03
3.46432e-03
3.40438e-03
3.21581e-03
2.89654e-03
2.49324e-03
2.00005e-03
1.69257e-03
1.69809e-03
1.77005e-03
1.75574e-03
1.70421e-03
1.67500e-03
1.66369e-03
1.65575e-03
1.65857e-03
1.68865e-03
1.74053e-03
1.75722e-03
1.61852e-03
1.19652e-03
5.10702e-04
-2.33295e-04
-9.23678e-04
-1.48978e-03
-1.70514e-03
-1.66066e-03
-1.63972e-03
-1.70370e-03
-1.76710e-03
-1.78628e-03
-1.77635e-03
-1.75507e-03
-1.73567e-03
-1.74160e-03
-1.80496e-03
-1.93559e-03
-2.07255e-03
-2.05674e-03
-1.84782e-03
-1.74925e-03
-1.90254e-03
-2.11146e-03
-2.12139e-03
-1.89089e-03
-1.71910e-03
-1.72811e-03
-1.77353e-03
-1.77673e-03
-1.78003e-03
-1.81907e-03
-1.85442e-03
-1.78291e-03
-1.47992e-03
-9.15844e-04
-3.32624e-04
-2.95285e-05
2.49086e-04
8.55256e-04
1.47600e-03
1.45433e-03
7.86579e-04
6.60343e-05
-2.69096e-04
-4.23787e-04
-6.38870e-04
-7.75104e-04
-8.25617e-04
-9.86670e-04
-1.32758e-03
-1.66380e-03
-1.76882e-03
-1.72460e-03
-1.73554e-03
-1.82110e-03
-1.84841e-03
-1.65702e-03
-1.16280e-03
-5.07256e-04
-6.62203e-05
-1.81646e-05
-1.44450e-04
-2.05065e-04
-1.29044e-04
1.38465e-04
6.56089e-04
1.27747e-03
1.63967e-03
1.64856e-03
1.57525e-03
1.60028e-03
1.66940e-03
1.69010e-03
1.64349e-03
1.57875e-03
1.60181e-03
1.85910e-03
2.42280e-03
3.09272e-03
3.45765e-03
3.35430e-03
2.96658e-03
2.52158e-03
2.27362e-03
2.26378e-03
2.12175e-03
1.83807e-03
1.72042e-03
1.71759e-03
1.56224e-03
1.16750e-03
6.99755e-04
3.39027e-04
7.91501e-05
-1.56397e-04
-4.71732e-04
-7.89042e-04
-9.22491e-04
-9.10674e-04
-8.43038e-04
-6.70090e-04
-3.56542e-04
-7.22684e-05
-6.52885e-06
-6.27802e-05
-7.95023e-05
-4.56389e-05
-1.29300e-05
-6.80404e-07
-4.10493e-06
-2.23719e-05
-5.07103e-05
-6.17611e-05
-1.79965e-06
1.74382e-04
4.38221e-04
6.09813e-04
5.64784e-04
4.92047e-04
4.63214e-04
2.78543e-04
4.32656e-05
-6.34290e-05
-2.00924e-04
-5.25668e-04
-8.96480e-04
-1.19143e-03
-1.49375e-03
-1.71445e-03
-1.70721e-03
-1.61686e-03
-1.68794e-03
-2.05841e-03
-2.70282e-03
-3.31706e-03
-3.49260e-03
-3.19422e-03
-2.76846e-03
-2.58993e-03
-2.74868e-03
-2.99650e-03
-3.03187e-03
-2.65332e-03
-2.05073e-03
-1.73605e-03
-1.80634e-03
-1.90917e-03
-1.80062e-03
-1.48703e-03
-1.11749e-03
-9.72770e-04
-1.19657e-03
-1.54650e-03
-1.70057e-03
-1.54083e-03
-1.16899e-03
-8.27462e-04
-5.90092e-04
-3.11696e-04
-5.71393e-05
9.16717e-06
-4.96326e-05
-1.37057e-04
-2.50289e-04
-3.31302e-04
-2.17334e-04
2.70966e-06
4.15693e-05
-7.93685e-05
-1.39897e-04
2.26672e-05
4.88007e-04
1.16288e-03
1.63990e-03
1.67398e-03
1.54954e-03
1.53464e-03
1.61065e-03
1.68826e-03
1.72671e-03
1.67740e-03
1.45385e-03
1.02880e-03
5.56491e-04
2.05917e-04
3.96312e-05
5.29977e-05
1.19888e-04
1.17074e-04
-2.23009e-05
-3.48391e-04
-8.12628e-04
-1.13140e-03
-1.05654e-03
-8.84634e-04
-1.05146e-03
-1.42010e-03
-1.49977e-03
-1.12968e-03
-6.98320e-04
-5.27726e-04
-5.90061e-04
-8.78384e-04
-1.21726e-03
-1.18869e-03
-8.29334e-04
-4.80531e-04
-1.95083e-04
-2.74009e-06
7.88823e-06
-7.11085e-05
-1.05647e-04
-3.09981e-05
2.11187e-04
6.39067e-04
1.09553e-03
1.36419e-03
1.30717e-03
9.65736e-04
7.02014e-04
7.69770e-04
1.02885e-03
1.24783e-03
1.26798e-03
1.13319e-03
9.51044e-04
7.79946e-04
7.35219e-04
7.78911e-04
8.07946e-04
8.05845e-04
7.90531e-04
7.54957e-04
6.88014e-04
6.30528e-04
6.96509e-04
1.02632e-03
1.63318e-03
2.21134e-03
2.30865e-03
1.82400e-03
1.09883e-03
6.57851e-04
6.93010e-04
8.71113e-04
9.02093e-04
7.52655e-04
4.42120e-04
2.72972e-05
-2.50462e-04
-1.31837e-04
3.66843e-04
7.94102e-04
6.85560e-04
1.48046e-04
-4.26444e-04
-6.11942e-04
-3.34032e-04
-1.10866e-04
-2.66385e-04
-5.33290e-04
-7.34497e-04
-8.74635e-04
-7.88525e-04
-3.93852e-04
1.70508e-04
5.78033e-04
7.49952e-04
1.06081e-03
1.65184e-03
2.08052e-03
2.03453e-03
1.83986e-03
1.87281e-03
1.96872e-03
1.73756e-03
1.27104e-03
9.10660e-04
7.52401e-04
6.93481e-04
4.99515e-04
3.14281e-05
-5.32964e-04
-8.44975e-04
-8.28059e-04
-7.37653e-04
-7.83751e-04
-1.00076e-03
-1.33079e-03
-1.60880e-03
-1.67273e-03
-1.56604e-03
-1.36900e-03
-1.09892e-03
-8.70059e-04
-8.18649e-04
-8.63121e-04
-8.71719e-04
-8.38087e-04
-8.07523e-04
-7.96851e-04
-7.98295e-04
-8.04709e-04
-8.08741e-04
-7.99327e-04
-7.67931e-04
-7.28000e-04
-7.30224e-04
-8.56723e-04
-1.16075e-03
-1.55710e-03
-1.85161e-03
-1.95303e-03
-1.88065e-03
-1.84965e-03
-2.01813e-03
-2.17260e-03
-2.16976e-03
-2.10343e-03
-2.05466e-03
-2.03266e-03
-2.06322e-03
-2.20525e-03
-2.46143e-03
-2.67505e-03
-2.62788e-03
-2.35708e-03
-2.10009e-03
-2.00422e-03
-1.91202e-03
-1.58573e-03
-1.06598e-03
-6.78947e-04
-6.12718e-04
-6.42197e-04
-4.45200e-04
5.42624e-05
6.18154e-04
8.59775e-04
7.71646e-04
6.51796e-04
6.65514e-04
8.44869e-04
1.21558e-03
1.69632e-03
1.98547e-03
1.86479e-03
1.51816e-03
1.26359e-03
1.09706e-03
9.01657e-04
7.77225e-04
7.74697e-04
7.89727e-04
7.64437e-04
7.25005e-04
7.01849e-04
7.03278e-04
7.31580e-04
7.76102e-04
7.89201e-04
6.82541e-04
3.81281e-04
-5.38460e-05
-3.37144e-04
-2.08305e-04
1.77166e-04
3.52530e-04
1.20262e-04
-1.59948e-04
-1.34860e-04
-9.79743e-06
-4.59436e-05
-7.02283e-05
1.86335e-04
5.61549e-04
7.01465e-04
6.55368e-04
7.44392e-04
1.11484e-03
1.60593e-03
1.87200e-03
1.84971e-03
1.81633e-03
1.93594e-03
2.12120e-03
2.21015e-03
2.21449e-03
2.15466e-03
1.95130e-03
1.74602e-03
1.70275e-03
1.73617e-03
1.73058e-03
1.68943e-03
1.65812e-03
1.65283e-03
1.66303e-03
1.65967e-03
1.59430e-03
1.41962e-03
1.15895e-03
9.64216e-04
9.45600e-04
1.03787e-03
1.16754e-03
1.29102e-03
1.29286e-03
1.15654e-03
1.10832e-03
1.20680e-03
1.12639e-03
7.14785e-04
3.44896e-04
2.99773e-04
3.79372e-04
3.59193e-04
2.43707e-04
1.27561e-04
9.35939e-05
9.48920e-05
-6.45727e-06
-8.84070e-05
4.48788e-05
2.51481e-04
3.08575e-04
2.67083e-04
2.58787e-04
2.80033e-04
2.49103e-04
1.09747e-04
-1.08411e-04
-2.54778e-04
-1.83331e-04
4.08214e-05
2.26425e-04
2.80033e-04
2.97096e-04
3.41485e-04
3.26896e-04
2.34818e-04
2.07178e-04
2.46378e-04
2.02097e-04
-3.64935e-05
-4.37323e-04
-7.73747e-04
-8.45541e-04
-7.73124e-04
-7.35499e-04
-7.47564e-04
-7.76882e-04
-8.51259e-04
-1.01993e-03
-1.25933e-03
-1.49513e-03
-1.72378e-03
-1.94672e-03
-2.13815e-03
-2.23389e-03
-2.22004e-03
-2.18099e-03
-2.27110e-03
-2.44328e-03
-2.48422e-03
-2.34876e-03
-2.13615e-03
-1.95915e-03
-1.90040e-03
-1.91981e-03
-1.92710e-03
-1.88453e-03
-1.77586e-03
-1.58399e-03
-1.34009e-03
-1.11022e-03
-8.80723e-04
-6.13539e-04
-2.89775e-04
3.12617e-05
3.07960e-04
5.51560e-04
6.75781e-04
6.23853e-04
4.64027e-04
2.31313e-04
4.51680e-05
1.89859e-05
7.08041e-05
7.15395e-05
-1.88582e-05
-1.82136e-04
-3.59054e-04
-4.79565e-04
-5.67104e-04
-6.28927e-04
-6.10990e-04
-5.91845e-04
-6.69910e-04
-7.42433e-04
-7.34873e-04
-7.01198e-04
-6.85926e-04
-6.82073e-04
-6.75307e-04
-6.64971e-04
-6.53350e-04
-6.39563e-04
-6.22692e-04
-6.05864e-04
-5.95958e-04
-5.98905e-04
-6.09965e-04
-6.02761e-04
-5.29165e-04
-3.47422e-04
-8.81753e-05
1.16773e-04
1.86325e-04
2.03055e-04
2.54239e-04
2.91884e-04
2.38271e-04
1.72141e-04
1.71356e-04
1.92401e-04
1.87180e-04
1.63312e-04
1.53960e-04
1.94078e-04
3.09830e-04
4.81248e-04
6.32160e-04
7.20226e-04
7.35597e-04
7.12439e-04
7.15295e-04
7.74167e-04
8.69473e-04
9.29143e-04
8.65331e-04
7.21704e-04
6.44044e-04
6.57323e-04
6.78735e-04
6.59963e-04
5.99909e-04
5.05167e-04
4.03953e-04
3.45640e-04
3.07336e-04
2.23970e-04
1.10278e-04
5.11127e-05
5.69130e-05
6.92866e-05
6.40127e-05
5.42780e-05
5.04162e-05
5.03451e-05
5.07964e-05
5.10437e-05
5.14393e-05
5.17542e-05
5.19626e-05
5.19079e-05
5.14885e-05
5.04400e-05
4.92372e-05
4.90843e-05
5.16199e-05
5.67049e-05
6.03019e-05
5.35173e-05
2.74464e-05
-1.52733e-05
-4.33479e-05
-1.16271e-05
5.68116e-05
1.24281e-04
2.06762e-04
2.97660e-04
3.69001e-04
4.03937e-04
4.05401e-04
4.07630e-04
4.30097e-04
4.52190e-04
4.40613e-04
4.26331e-04
4.64455e-04
5.13648e-04
5.28584e-04
5.47319e-04
5.98442e-04
6.37996e-04
6.29510e-04
6.01394e-04
5.83248e-04
5.72307e-04
5.58779e-04
5.41682e-04
5.24491e-04
5.09020e-04
4.94984e-04
4.79982e-04
4.59658e-04
4.29802e-04
3.92000e-04
3.60770e-04
3.60826e-04
3.77520e-04
3.46397e-04
2.50114e-04
1.36919e-04
5.56537e-05
-6.22327e-06
-8.79034e-05
-1.62499e-04
-1.85536e-04
-2.01124e-04
-2.73616e-04
-3.91465e-04
-4.64503e-04
-4.42370e-04
-3.98407e-04
-3.88337e-04
-4.00054e-04
-4.20000e-04
-4.50319e-04
-4.80922e-04
-4.99146e-04
-5.16620e-04
-5.32690e-04
-5.30033e-04
-5.14852e-04
-5.01892e-04
-4.91264e-04
-4.76331e-04
-4.56206e-04
-4.38457e-04
-4.36457e-04
-4.62205e-04
-5.10191e-04
-5.38106e-04
-4.97505e-04
-4.14139e-04
-3.53723e-04
-3.29016e-04
-3.01726e-04
-2.54319e-04
-2.05684e-04
-1.68765e-04
-1.42900e-04
-1.15345e-04
-8.24097e-05
-5.45313e-05
-2.90530e-05
-4.55829e-06
6.33621e-06
5.20893e-06
3.94870e-06
5.74180e-06
7.35253e-06
7.53887e-06
7.86903e-06
9.88811e-06
1.30190e-05
1.35518e-05
4.79112e-06
-1.89626e-05
-5.34388e-05
-8.09306e-05
-9.24078e-05
-1.00506e-04
-1.12074e-04
-1.13473e-04
-9.95972e-05
-8.26176e-05
-7.12887e-05
-5.89263e-05
-4.91796e-05
-5.19604e-05
-6.51466e-05
-7.66026e-05
-7.10924e-05
-4.61318e-05
-1.39132e-05
8.84567e-06
1.51484e-05
1.29011e-05
1.19725e-05
1.47065e-05
2.08972e-05
3.23273e-05
4.88777e-05
6.45607e-05
7.49381e-05
7.86127e-05
7.71538e-05
7.49524e-05
7.36400e-05
7.23266e-05
7.12185e-05
7.23154e-05
7.72261e-05
8.40913e-05
8.70727e-05
8.42912e-05
7.92573e-05
7.40984e-05
6.94286e-05
6.84067e-05
7.49275e-05
8.37968e-05
8.55638e-05
8.09333e-05
7.66120e-05
7.47857e-05
7.33087e-05
6.98205e-05
6.29975e-05
5.32630e-05
4.40110e-05
3.83133e-05
3.65729e-05
3.67952e-05
3.46216e-05
3.03042e-05
2.79197e-05
2.75882e-05
2.72821e-05
2.64601e-05
2.55441e-05
2.47471e-05
2.40236e-05
2.34083e-05
2.29800e-05
2.26852e-05
2.21824e-05
2.09056e-05
1.84015e-05
1.51360e-05
1.29631e-05
1.27887e-05
1.32355e-05
1.32632e-05
1.31122e-05
1.31708e-05
1.33231e-05
1.31227e-05
1.21210e-05
1.03289e-05
8.67587e-06
8.04712e-06
8.16058e-06
8.97763e-06
1.03360e-05
1.11384e-05
1.12771e-05
1.14122e-05
1.17497e-05
1.21579e-05
1.26037e-05
1.32032e-05
1.39781e-05
1.47561e-05
1.57098e-05
1.70653e-05
1.79610e-05
1.78946e-05
1.74832e-05
1.72368e-05
1.71113e-05
1.70042e-05
1.69853e-05
1.71351e-05
1.73300e-05
1.71985e-05
1.65744e-05
1.59473e-05
1.57585e-05
1.58113e-05
1.57651e-05
1.54970e-05
1.49945e-05
1.43595e-05
1.39288e-05
1.39109e-05
1.39859e-05
1.38601e-05
1.36410e-05
1.35393e-05
1.36094e-05
1.38346e-05
1.41379e-05
1.44407e-05
1.46746e-05
1.48216e-05
1.49638e-05
1.51455e-05
1.52960e-05
1.53530e-05
1.53586e-05
1.53713e-05
1.54074e-05
1.54703e-05
1.55543e-05
1.56227e-05
1.56290e-05
1.55830e-05
1.55322e-05
1.55000e-05
1.54811e-05
1.54643e-05
1.54361e-05
1.53914e-05
1.53406e-05
1.52937e-05
1.52535e-05
1.52231e-05
1.51992e-05
1.51731e-05
1.51416e-05
1.51070e-05
1.50736e-05
1.50426e-05
1.50131e-05
1.49848e-05
1.49585e-05
1.49343e-05
1.49107e-05
1.48874e-05
1.48648e-05
1.48430e-05
1.48216e-05
1.47999e-05
1.47778e-05
1.47555e-05
1.47329e-05
1.47099e-05
1.46866e-05
1.46630e-05
1.46390e-05
1.46147e-05
1.45901e-05
