-4.44865e-04
-7.71315e-04
-2.07227e-04
-9.06530e-04
-1.84606e-03
-2.87665e-03
-1.95173e-03
-2.69282e-03
-3.37394e-03
1.73843e-03
5.94882e-03
5.61087e-03
7.24578e-03
4.73707e-03
-9.29448e-03
-1.23905e-02
-4.02652e-04
6.84513e-03
1.46665e-02
2.84002e-03
-9.76245e-03
-1.74172e-02
-2.06094e-02
5.95718e-03
2.98233e-02
2.42791e-02
-6.16012e-03
-4.69148e-02
-4.82234e-02
-1.35625e-02
3.76670e-02
6.64756e-02
4.97873e-02
-1.46935e-02
-3.26728e-02
4.15477e-03
2.50713e-03
-2.95329e-02
-5.83983e-02
-5.65891e-02
-1.82029e-03
6.89624e-03
3.63878e-03
-4.65086e-05
-5.33446e-03
2.54758e-03
6.20127e-03
-2.07146e-03
-1.12426e-02
-2.49417e-02
-3.42940e-02
-4.20563e-02
-2.53121e-02
1.48126e-02
5.74439e-02
1.79047e-02
-3.74355e-02
-4.01615e-02
1.06913e-02
-1.77970e-02
-6.68616e-02
-5.88493e-02
-1.20207e-02
3.31781e-02
4.84410e-02
4.68969e-02
1.15379e-02
-2.28821e-02
5.80483e-02
-4.08377e-03
-1.20561e-02
5.13115e-02
2.50200e-02
2.77893e-02
4.81430e-02
4.62976e-02
1.06973e-02
-1.80565e-02
1.18339e-01
1.90525e-01
1.20273e-01
4.91821e-02
8.85185e-02
2.03690e-01
1.55345e-01
4.23493e-02
1.27243e-01
1.22183e-01
5.54651e-02
-7.33008e-03
-1.28796e-01
-1.57728e-01
-8.87902e-02
-6.26860e-02
-1.20668e-01
-1.78191e-01
-2.44473e-01
-1.93692e-01
-8.37743e-02
7.29967e-03
-3.31242e-03
-3.23979e-02
-5.92182e-02
-7.35983e-02
-5.53195e-02
-7.00265e-02
-1.75031e-01
-3.31982e-01
-4.20540e-01
-2.81572e-01
-8.72843e-02
9.26877e-02
1.83968e-01
1.52680e-01
1.92125e-01
1.28992e-01
7.02518e-02
1.35601e-01
1.97971e-01
2.67978e-01
3.51059e-01
3.51023e-01
1.58345e-01
-4.48382e-02
-1.25063e-02
1.07070e-01
2.26592e-01
3.40049e-01
1.78659e-01
-4.09985e-02
-1.39243e-01
-1.06515e-01
-4.71037e-02
1.37050e-02
-1.72237e-02
-1.48235e-01
-2.72230e-01
-1.93586e-01
-6.13113e-02
-5.55532e-02
-1.58489e-01
-2.61532e-01
-2.01905e-01
-1.96917e-01
-2.72713e-01
-3.60200e-01
-4.34355e-01
-2.17716e-01
-6.62999e-03
6.74763e-02
1.44946e-01
1.54936e-01
1.69540e-01
2.09533e-01
2.55559e-01
3.01133e-01
2.35553e-01
1.19524e-01
4.30393e-02
5.85449e-02
9.84823e-02
1.33034e-01
1.39475e-01
7.64340e-02
1.59835e-02
2.98049e-02
2.81143e-02
2.31233e-03
2.76163e-02
5.11699e-02
1.65952e-02
-5.58943e-02
-1.40637e-01
-2.25183e-01
-1.74190e-01
-1.27847e-01
-1.28297e-01
-1.36488e-01
-1.56431e-01
-1.47219e-01
-1.20432e-01
-9.02708e-02
-4.58224e-02
-1.44400e-02
1.59563e-02
1.02670e-01
2.12370e-01
1.67176e-01
8.97589e-02
7.93008e-02
7.79471e-02
4.90511e-02
5.99453e-02
4.68340e-02
8.03250e-02
1.93972e-01
1.57801e-01
8.44341e-02
2.18323e-02
-9.53374e-03
4.35629e-02
6.39292e-02
4.41628e-02
4.26770e-02
6.16329e-02
8.20784e-02
2.70718e-02
-4.35438e-02
-7.00733e-02
-3.10759e-02
2.36157e-02
7.93374e-02
7.23012e-02
-1.01345e-02
-8.83503e-02
-6.01437e-02
-4.72833e-02
-8.42165e-02
-1.11569e-01
-1.44256e-01
-1.73975e-01
-2.06961e-01
-2.43658e-01
-2.76303e-01
-2.26980e-01
-1.55179e-01
-8.66621e-02
-4.07799e-02
-6.00722e-02
-1.69388e-02
1.49168e-02
-6.13316e-03
-1.54480e-02
-1.17814e-02
-1.53679e-02
2.17186e-03
5.79376e-02
7.51569e-02
8.58286e-02
9.76551e-02
1.07997e-01
1.19991e-01
1.52437e-01
1.68492e-01
1.99313e-01
2.23317e-01
1.66445e-01
9.93111e-02
1.31451e-01
1.58847e-01
1.17033e-01
6.15945e-02
1.58889e-02
2.43354e-02
4.10093e-02
-1.60422e-02
-3.59892e-02
-4.48674e-02
-6.43105e-02
-5.90173e-02
-2.43833e-02
-8.72988e-02
-1.25708e-01
-8.51616e-02
-4.92304e-02
-2.51082e-02
-3.95857e-02
-6.92491e-02
-9.95139e-02
-1.16271e-01
-1.33227e-01
-1.49687e-01
-1.59300e-01
-1.57836e-01
-1.54920e-01
-1.15612e-01
-5.75606e-02
-1.99178e-02
-2.40079e-02
3.03887e-03
5.18302e-02
6.45353e-02
3.55712e-02
-1.53672e-03
2.84168e-02
8.64657e-02
1.23344e-01
1.18119e-01
1.27211e-01
1.42559e-01
1.42694e-01
1.34031e-01
1.24812e-01
9.57963e-02
5.73038e-02
4.97388e-02
8.40521e-02
9.10976e-02
7.75383e-02
6.46734e-02
5.25146e-02
3.98085e-02
-2.00999e-02
-9.93886e-02
-1.36158e-01
-9.00470e-02
-2.84202e-02
-5.07675e-02
-1.02948e-01
-1.29498e-01
-9.37630e-02
-8.96534e-02
-1.01976e-01
-9.51550e-02
-7.53566e-02
-4.17450e-02
-2.01606e-02
-2.81455e-04
2.61850e-03
-2.66773e-02
-8.96243e-03
2.53067e-02
2.80932e-02
1.76715e-02
2.54540e-02
1.59589e-02
-1.21210e-02
-2.54400e-02
-1.69649e-02
1.43959e-02
2.65343e-02
2.75928e-02
2.64425e-02
2.78504e-02
5.30798e-02
7.02837e-02
6.98703e-02
7.09442e-02
6.65537e-02
6.29009e-02
4.53519e-02
1.21217e-02
-2.46206e-02
-3.77324e-02
-2.97216e-02
-1.92422e-02
-1.35083e-02
7.16647e-03
-1.09905e-02
-2.35763e-02
-1.80339e-02
-3.86910e-02
-5.43887e-02
-4.48792e-02
-2.24464e-02
-2.46375e-03
-7.61656e-04
-2.80478e-02
-2.38230e-02
-1.69574e-03
-7.15699e-04
-3.51667e-03
1.19177e-02
4.74468e-02
7.98825e-02
6.38700e-02
1.46131e-02
-5.59370e-03
4.50058e-03
1.38142e-02
1.55136e-02
-1.77404e-04
-1.79341e-02
-2.61602e-02
-1.22215e-02
3.91675e-03
2.43935e-02
4.11814e-02
2.81288e-02
-3.76948e-02
-4.33684e-02
-1.66442e-02
-4.89715e-03
-1.33380e-03
-1.99182e-03
4.47781e-04
-4.88830e-03
-1.33285e-02
-2.61260e-02
-4.59801e-02
-5.22070e-02
-4.11623e-02
-3.29036e-02
-3.09761e-02
-3.18747e-02
-3.04711e-02
-3.11683e-02
-3.08461e-02
-3.20669e-02
-2.60194e-02
-1.47160e-02
-3.09827e-03
-2.49855e-03
-3.15521e-03
6.89802e-03
2.93456e-02
4.97498e-02
7.17807e-02
9.57409e-02
1.04887e-01
8.70206e-02
6.92044e-02
5.32052e-02
4.28791e-02
4.29504e-02
4.16254e-02
2.40582e-02
8.41294e-04
-1.78058e-02
-2.71533e-02
-1.81964e-02
-2.41930e-02
-3.30883e-02
-3.85529e-02
-4.49522e-02
-2.59490e-02
2.24326e-04
1.39822e-03
-2.44331e-02
-5.16643e-02
-4.22632e-02
-2.54990e-02
-1.55871e-02
-3.36719e-03
8.52697e-03
2.08634e-02
2.59691e-02
2.14750e-02
1.53389e-02
1.50114e-02
1.64460e-02
9.16200e-03
-1.27882e-02
-2.68403e-02
-1.72934e-02
-6.46375e-04
1.20158e-02
1.45016e-02
1.91574e-02
2.59158e-02
3.05179e-02
2.95690e-02
1.00808e-02
-1.41846e-02
-3.72049e-02
-5.05599e-02
-3.68788e-02
-1.84432e-02
-2.03338e-02
-4.20989e-02
-6.46195e-02
-5.70691e-02
-3.88692e-02
-2.57091e-02
-2.16902e-02
-2.60444e-02
2.09384e-02
4.05714e-02
3.25522e-02
3.40742e-02
4.29756e-02
4.33454e-02
3.96757e-02
3.83826e-02
3.57098e-02
3.17082e-02
3.28752e-02
3.65587e-02
1.32420e-02
-4.42790e-02
-3.72353e-02
-2.36623e-02
-3.00473e-02
-2.62980e-02
-1.61183e-02
-1.14714e-02
-1.32961e-02
-1.10348e-02
-1.27727e-02
-1.26579e-02
6.31011e-04
2.45637e-02
4.15794e-02
4.07107e-02
3.46423e-02
3.53380e-02
2.87801e-02
1.27038e-02
-7.60503e-03
-2.58474e-02
-3.56648e-02
-3.30778e-02
-3.05021e-02
-2.72601e-02
-2.70257e-02
-1.76669e-02
1.97272e-03
1.56955e-02
1.82892e-02
1.95178e-02
2.09251e-02
2.69337e-02
3.24958e-02
3.29126e-02
2.88492e-02
2.69702e-02
2.29730e-02
5.60315e-03
-1.27532e-02
-2.07489e-02
-2.31594e-02
-2.26154e-02
-2.37778e-02
-2.29747e-02
-2.36762e-02
-2.19901e-02
-2.38484e-02
-2.57361e-02
-1.08138e-02
2.92951e-02
2.70908e-02
1.27291e-02
4.16389e-03
-6.11815e-03
-7.47360e-03
-8.02204e-03
-8.27589e-03
-7.29735e-03
-4.20270e-03
2.72828e-05
5.01920e-03
-3.39895e-03
-2.25925e-02
-2.46471e-02
3.91730e-03
2.19738e-02
2.76898e-02
3.27441e-02
2.35737e-02
1.18883e-02
5.88078e-03
5.05510e-03
4.33070e-03
3.90445e-03
3.26021e-03
5.11558e-03
1.02614e-02
1.65406e-02
1.74671e-02
1.09952e-02
2.09542e-03
-2.52100e-03
-6.93018e-03
-1.16586e-02
-1.39963e-02
-1.55342e-02
-2.14156e-02
-2.81376e-02
-3.07014e-02
-3.14166e-02
-3.20505e-02
-3.28445e-02
-3.29309e-02
-3.30458e-02
-3.49348e-02
-3.64537e-02
-1.65081e-02
8.41405e-03
1.44457e-02
1.14217e-02
2.86540e-02
3.22691e-02
2.40744e-02
2.22576e-02
2.05382e-02
1.58791e-02
8.45894e-03
5.28181e-03
3.60238e-03
3.61013e-03
2.36737e-03
2.47469e-03
1.49017e-03
1.53626e-03
5.85292e-04
5.95615e-04
-2.89249e-04
-1.84506e-04
-1.28084e-03
-1.35451e-03
8.74526e-04
6.46685e-03
1.11607e-02
1.31993e-02
4.26146e-03
-9.36931e-03
-1.03502e-02
1.69147e-02
2.40126e-02
2.23183e-02
1.52369e-02
-2.64388e-03
-5.73779e-03
-1.35614e-03
3.55532e-03
7.36479e-03
7.80435e-03
7.70961e-03
7.68527e-03
7.46680e-03
7.26268e-03
7.08483e-03
6.95379e-03
6.75416e-03
6.52925e-03
6.61750e-03
6.71064e-03
2.88718e-03
-3.10873e-03
-7.84068e-03
-8.44578e-03
-8.96686e-03
-1.02545e-02
-5.10761e-03
4.25209e-03
-9.64632e-03
-2.96735e-02
-3.16324e-02
-2.50756e-02
-2.39521e-02
-2.53489e-02
-2.47709e-02
-2.08335e-02
-1.08802e-02
-4.79343e-03
3.15915e-04
3.90026e-03
5.69596e-03
8.51983e-03
1.26229e-02
1.61163e-02
1.45040e-02
6.55376e-03
5.37218e-03
5.67463e-03
5.12551e-03
4.99117e-03
4.92335e-03
4.74911e-03
4.58285e-03
4.33619e-03
4.15789e-03
3.93389e-03
3.52438e-03
3.19001e-03
3.64648e-03
2.56360e-03
-5.64725e-03
-8.31104e-03
-7.12392e-03
-7.28552e-03
-6.34115e-03
-6.15222e-03
-5.55548e-03
-2.33045e-03
3.60651e-03
4.19569e-03
3.72249e-03
3.65626e-03
3.55184e-03
3.19421e-03
6.39597e-04
-2.00947e-03
-2.70216e-03
-2.44815e-03
-1.83801e-03
7.88407e-06
2.10888e-03
2.89968e-03
2.84327e-03
2.42335e-03
2.19104e-03
2.54589e-03
3.14094e-03
2.51576e-03
1.84434e-03
1.28041e-03
7.87555e-04
3.37918e-04
-1.68884e-06
-2.92099e-04
-4.27024e-04
-5.31141e-04
-6.16157e-04
-6.81289e-04
-7.92140e-04
-8.96380e-04
-9.13008e-04
-8.88915e-04
-8.17391e-04
-7.26087e-04
-6.17622e-04
-5.09333e-04
-4.04838e-04
-3.11539e-04
-2.30976e-04
0.00000e+00
0.00000e+00
0.00000e+00
0.00000e+00
0.00000e+00
0.00000e+00
0.00000e+00
0.00000e+00
0.00000e+00
0.00000e+00
0.00000e+00
0.00000e+00
0.00000e+00
0.00000e+00
0.00000e+00
0.00000e+00
0.00000e+00
0.00000e+00
0.00000e+00
0.00000e+00
0.00000e+00
0.00000e+00
0.00000e+00
0.00000e+00
0.00000e+00
0.00000e+00
0.00000e+00
0.00000e+00
0.00000e+00
0.00000e+00
0.00000e+00
0.00000e+00
0.00000e+00
0.00000e+00
0.00000e+00
0.00000e+00
0.00000e+00
0.00000e+00
0.00000e+00
0.00000e+00
0.00000e+00
0.00000e+00
0.00000e+00
0.00000e+00
0.00000e+00
0.00000e+00
0.00000e+00
0.00000e+00
0.00000e+00
0.00000e+00
0.00000e+00
0.00000e+00
0.00000e+00
0.00000e+00
0.00000e+00
0.00000e+00
0.00000e+00
0.00000e+00
0.00000e+00
0.00000e+00
0.00000e+00
0.00000e+00
0.00000e+00
0.00000e+00
0.00000e+00
0.00000e+00
0.00000e+00
0.00000e+00
0.00000e+00
0.00000e+00
0.00000e+00
0.00000e+00
0.00000e+00
0.00000e+00
0.00000e+00
0.00000e+00
0.00000e+00
0.00000e+00
0.00000e+00
0.00000e+00
0.00000e+00
0.00000e+00
0.00000e+00
0.00000e+00
0.00000e+00
0.00000e+00
0.00000e+00
0.00000e+00
0.00000e+00
0.00000e+00
0.00000e+00
0.00000e+00
0.00000e+00
0.00000e+00
0.00000e+00
0.00000e+00
0.00000e+00
0.00000e+00
0.00000e+00
0.00000e+00
0.00000e+00
0.00000e+00
0.00000e+00
0.00000e+00
0.00000e+00
0.00000e+00
0.00000e+00
0.00000e+00
0.00000e+00
0.00000e+00
0.00000e+00
0.00000e+00
0.00000e+00
0.00000e+00
0.00000e+00
0.00000e+00
0.00000e+00
0.00000e+00
0.00000e+00
0.00000e+00
0.00000e+00
0.00000e+00
0.00000e+00
0.00000e+00
0.00000e+00
0.00000e+00
0.00000e+00
0.00000e+00
0.00000e+00
0.00000e+00
0.00000e+00
0.00000e+00
0.00000e+00
0.00000e+00
0.00000e+00
0.00000e+00
0.00000e+00
0.00000e+00
0.00000e+00
0.00000e+00
0.00000e+00
0.00000e+00
0.00000e+00
0.00000e+00
0.00000e+00
0.00000e+00
0.00000e+00
0.00000e+00
0.00000e+00
0.00000e+00
0.00000e+00
0.00000e+00
0.00000e+00
0.00000e+00
0.00000e+00
0.00000e+00
0.00000e+00
0.00000e+00
0.00000e+00
0.00000e+00
0.00000e+00
0.00000e+00
0.00000e+00
0.00000e+00
0.00000e+00
0.00000e+00
0.00000e+00
0.00000e+00
0.00000e+00
0.00000e+00
0.00000e+00
0.00000e+00
0.00000e+00
0.00000e+00
0.00000e+00
0.00000e+00
0.00000e+00
0.00000e+00
0.00000e+00
0.00000e+00
0.00000e+00
0.00000e+00
0.00000e+00
0.00000e+00
0.00000e+00
0.00000e+00
0.00000e+00
0.00000e+00
0.00000e+00
0.00000e+00
0.00000e+00
0.00000e+00
0.00000e+00
0.00000e+00
0.00000e+00
0.00000e+00
0.00000e+00
0.00000e+00
0.00000e+00
0.00000e+00
0.00000e+00
0.00000e+00
0.00000e+00
0.00000e+00
0.00000e+00
0.00000e+00
0.00000e+00
0.00000e+00
0.00000e+00
0.00000e+00
0.00000e+00
0.00000e+00
0.00000e+00
0.00000e+00
0.00000e+00
0.00000e+00
0.00000e+00
0.00000e+00
0.00000e+00
0.00000e+00
0.00000e+00
0.00000e+00
0.00000e+00
0.00000e+00
0.00000e+00
0.00000e+00
0.00000e+00
0.00000e+00
0.00000e+00
0.00000e+00
0.00000e+00
0.00000e+00
0.00000e+00
0.00000e+00
0.00000e+00
0.00000e+00
0.00000e+00
0.00000e+00
0.00000e+00
0.00000e+00
0.00000e+00
0.00000e+00
0.00000e+00
0.00000e+00
0.00000e+00
0.00000e+00
0.00000e+00
0.00000e+00
0.00000e+00
0.00000e+00
0.00000e+00
0.00000e+00
0.00000e+00
0.00000e+00
0.00000e+00
0.00000e+00
0.00000e+00
0.00000e+00
0.00000e+00
0.00000e+00
0.00000e+00
0.00000e+00
0.00000e+00
0.00000e+00
0.00000e+00
0.00000e+00
0.00000e+00
0.00000e+00
0.00000e+00
0.00000e+00
0.00000e+00
0.00000e+00
0.00000e+00
0.00000e+00
0.00000e+00
0.00000e+00
0.00000e+00
0.00000e+00
0.00000e+00
0.00000e+00
0.00000e+00
0.00000e+00
