7.23772e-06
5.41333e-06
7.33275e-06
5.51836e-06
7.43547e-06
5.61918e-06
7.52945e-06
5.71675e-06
7.61381e-06
5.80198e-06
7.69317e-06
5.88052e-06
7.75916e-06
5.95017e-06
7.82349e-06
6.01977e-06
7.88643e-06
6.08081e-06
7.94158e-06
6.13742e-06
7.99245e-06
6.18785e-06
8.03399e-06
6.23708e-06
8.06951e-06
6.27071e-06
8.10606e-06
6.31253e-06
8.12588e-06
6.32947e-06
8.14219e-06
6.36079e-06
8.14816e-06
6.36224e-06
8.15167e-06
6.37141e-06
8.14917e-06
6.37425e-06
8.14496e-06
6.37111e-06
8.12757e-06
6.36574e-06
8.11441e-06
6.35728e-06
8.09496e-06
6.34374e-06
8.06627e-06
6.32846e-06
8.03534e-06
6.29549e-06
7.99305e-06
6.26476e-06
7.94262e-06
6.22402e-06
7.89394e-06
6.18595e-06
7.84381e-06
6.14750e-06
7.78674e-06
6.10240e-06
7.71922e-06
6.04947e-06
7.66260e-06
6.02573e-06
7.58193e-06
5.93709e-06
7.50105e-06
5.87538e-06
7.41514e-06
5.80376e-06
7.31698e-06
5.73482e-06
7.22318e-06
5.66267e-06
7.12978e-06
5.59610e-06
7.03689e-06
5.52675e-06
6.93451e-06
5.45857e-06
6.82361e-06
5.38129e-06
6.71415e-06
5.30981e-06
6.60102e-06
5.23501e-06
6.48383e-06
5.16178e-06
6.34864e-06
5.08056e-06
6.21183e-06
4.99599e-06
6.05423e-06
4.91281e-06
5.89630e-06
4.86132e-06
5.74665e-06
4.79811e-06
5.57927e-06
4.74838e-06
5.39936e-06
4.70920e-06
5.20159e-06
4.69048e-06
4.99245e-06
4.70558e-06
4.73886e-06
4.70921e-06
4.48273e-06
4.95392e-06
4.10275e-06
4.55842e-06
3.46855e-06
6.89080e-06
4.39419e-06
3.23977e-07
-5.60809e-06
2.64984e-05
3.95321e-05
-9.83874e-05
-3.94686e-04
-1.08972e-04
5.11297e-05
-1.12822e-05
4.71022e-06
-7.96362e-06
1.31913e-05
-2.28370e-06
9.61945e-06
-3.02840e-06
8.83321e-06
-2.73244e-06
1.12150e-05
-1.30005e-06
2.89259e-06
-1.32749e-05
3.49576e-05
4.24416e-05
-1.18746e-04
-4.91649e-04
-1.31756e-04
5.68625e-05
-1.15164e-05
-2.75993e-07
-7.28237e-06
1.00950e-05
-1.42628e-07
5.28298e-06
-6.55398e-07
4.85138e-06
4.84571e-07
4.14378e-06
6.81300e-07
3.72395e-06
9.29237e-07
3.43120e-06
1.03657e-06
3.20122e-06
1.09796e-06
3.05479e-06
1.11894e-06
2.92039e-06
1.10403e-06
2.83108e-06
1.05523e-06
2.75936e-06
9.90643e-07
2.71910e-06
9.15479e-07
2.70984e-06
8.33018e-07
2.73090e-06
7.39386e-07
2.77094e-06
6.24296e-07
2.84564e-06
5.01856e-07
2.93940e-06
3.46262e-07
3.06749e-06
1.66616e-07
3.22841e-06
-4.25979e-08
3.43824e-06
-2.89946e-07
3.72261e-06
-6.32778e-07
3.99532e-06
-9.92700e-07
4.72108e-06
-1.54330e-06
4.39301e-06
-2.55147e-06
8.84800e-06
-8.27786e-07
-2.29778e-06
-1.83495e-05
4.41836e-05
6.11232e-05
-1.75111e-04
-7.02999e-04
-1.93197e-04
8.14899e-05
-2.07110e-05
-3.38815e-07
-1.41748e-05
1.44187e-05
-3.49491e-06
7.45196e-06
-3.76412e-06
6.74558e-06
-1.65027e-06
5.62459e-06
-8.61272e-07
4.89222e-06
3.75716e-08
4.30565e-06
8.04011e-07
3.73155e-06
1.46991e-06
3.21580e-06
2.56382e-06
2.56484e-06
2.38372e-06
1.36032e-06
7.47600e-06
3.67493e-06
-4.57726e-06
-1.69120e-05
4.71370e-05
8.51309e-05
-1.66405e-04
-7.20760e-04
-1.86606e-04
1.09666e-04
-3.69339e-06
2.32765e-05
3.12721e-06
3.89988e-05
1.44414e-05
3.17718e-05
1.41275e-05
3.11762e-05
1.62862e-05
3.01564e-05
1.70069e-05
2.95905e-05
1.78004e-05
2.92053e-05
1.83494e-05
2.89311e-05
1.88271e-05
2.87291e-05
1.92258e-05
2.86238e-05
1.96807e-05
2.85218e-05
1.99142e-05
2.84636e-05
2.02082e-05
2.84333e-05
2.04652e-05
2.84160e-05
2.07118e-05
2.84128e-05
2.09312e-05
2.84237e-05
2.11429e-05
2.84465e-05
2.13414e-05
2.84695e-05
2.15272e-05
2.85037e-05
2.17035e-05
2.85449e-05
2.18723e-05
2.85898e-05
2.20331e-05
2.86379e-05
2.21962e-05
2.86952e-05
2.23413e-05
2.87522e-05
2.24964e-05
2.88159e-05
2.26316e-05
2.88734e-05
2.27782e-05
2.89341e-05
2.28954e-05
2.89962e-05
2.30181e-05
2.90552e-05
2.31354e-05
2.91097e-05
2.32488e-05
2.91718e-05
2.33669e-05
2.92433e-05
2.34831e-05
2.93050e-05
2.35826e-05
2.93605e-05
2.36836e-05
2.94111e-05
2.37720e-05
2.94699e-05
2.38598e-05
2.95173e-05
2.39343e-05
2.95642e-05
2.40194e-05
2.96197e-05
2.41068e-05
2.96677e-05
2.41827e-05
2.97262e-05
2.42609e-05
2.97851e-05
2.43818e-05
2.98396e-05
2.44202e-05
2.98870e-05
2.44799e-05
2.99210e-05
2.45254e-05
2.99438e-05
2.45716e-05
2.99740e-05
2.46156e-05
3.00102e-05
2.46702e-05
3.00466e-05
2.47211e-05
3.00906e-05
2.47799e-05
3.01239e-05
2.48123e-05
3.01487e-05
2.48469e-05
3.01713e-05
2.48748e-05
3.01937e-05
2.49041e-05
3.02020e-05
2.49097e-05
3.02058e-05
2.49134e-05
3.01897e-05
2.48982e-05
3.01803e-05
2.49247e-05
3.01937e-05
2.49306e-05
3.02038e-05
2.49338e-05
3.02002e-05
2.49216e-05
3.01829e-05
2.49040e-05
3.01630e-05
2.48902e-05
3.01695e-05
2.48845e-05
3.01609e-05
2.48668e-05
3.01365e-05
2.48364e-05
3.00998e-05
2.47902e-05
3.00614e-05
2.47364e-05
3.00118e-05
2.46760e-05
2.99687e-05
2.46317e-05
2.99314e-05
2.45666e-05
2.98910e-05
2.45007e-05
2.98333e-05
2.44240e-05
2.97996e-05
2.43854e-05
2.97601e-05
2.42759e-05
2.97169e-05
2.41910e-05
2.97000e-05
2.40748e-05
2.95622e-05
2.39198e-05
2.98837e-05
2.40080e-05
2.87907e-05
2.24192e-05
3.23149e-05
2.88310e-05
2.21783e-05
-1.66766e-06
5.26376e-05
1.31397e-04
-9.54473e-05
-9.09068e-04
-9.23086e-04
-9.85770e-05
8.89868e-05
-2.90041e-06
9.10052e-06
1.93772e-05
3.57264e-05
2.30262e-05
2.77916e-05
2.17275e-05
2.89763e-05
2.25072e-05
2.83058e-05
2.22565e-05
2.81306e-05
2.22556e-05
2.78954e-05
2.21129e-05
2.76700e-05
2.19839e-05
2.74768e-05
2.18532e-05
2.72944e-05
2.17158e-05
2.70977e-05
2.15521e-05
2.68935e-05
2.13938e-05
2.66902e-05
2.12280e-05
2.64872e-05
2.10742e-05
2.62714e-05
2.08957e-05
2.60359e-05
2.07354e-05
2.57975e-05
2.05666e-05
2.55334e-05
2.04049e-05
2.52451e-05
2.02448e-05
2.49494e-05
2.01618e-05
2.46265e-05
2.00484e-05
2.42269e-05
1.99336e-05
2.38218e-05
2.02254e-05
2.32339e-05
1.93346e-05
2.22074e-05
2.34286e-05
2.41005e-05
1.11920e-05
5.98679e-06
5.86944e-05
8.89730e-05
-1.69767e-04
-7.04419e-04
-1.90008e-04
1.13852e-04
-9.70019e-06
1.71246e-05
-2.15528e-05
8.04047e-05
7.15017e-05
-1.54605e-04
-7.22029e-04
-1.74369e-04
9.34883e-05
3.15541e-06
8.80539e-06
8.92637e-06
2.44222e-05
1.91499e-05
1.72390e-05
1.81262e-05
1.64972e-05
1.96043e-05
1.52458e-05
1.97440e-05
1.43686e-05
2.00024e-05
1.36151e-05
2.01108e-05
1.29209e-05
2.01931e-05
1.22476e-05
2.02529e-05
1.15741e-05
2.03540e-05
1.08209e-05
2.04061e-05
1.00581e-05
2.08937e-05
9.08959e-06
2.01988e-05
7.66034e-06
2.45266e-05
9.06647e-06
1.26084e-05
-9.48257e-06
6.04720e-05
7.26117e-05
-1.67384e-04
-7.20385e-04
-1.86546e-04
9.30661e-05
-8.01495e-06
7.82441e-06
-1.67020e-06
2.27920e-05
8.92898e-06
1.52273e-05
8.16855e-06
1.41747e-05
9.83437e-06
1.27059e-05
1.00919e-05
1.16696e-05
1.04210e-05
1.08217e-05
1.05286e-05
1.00563e-05
1.05819e-05
9.39217e-06
1.05644e-05
8.76325e-06
1.05141e-05
8.18417e-06
1.04406e-05
7.60848e-06
1.03313e-05
7.04022e-06
1.02094e-05
6.45903e-06
1.00879e-05
5.91660e-06
1.00038e-05
5.34797e-06
9.93606e-06
4.76898e-06
9.89404e-06
4.16122e-06
9.89963e-06
3.46418e-06
9.88331e-06
2.76299e-06
1.03301e-05
1.86856e-06
9.60292e-06
4.80953e-07
1.38862e-05
1.95828e-06
1.93658e-06
-1.65272e-05
4.97912e-05
6.56583e-05
-1.78119e-04
-7.27358e-04
-1.97290e-04
8.62819e-05
-1.87686e-05
1.15140e-06
-1.24341e-05
1.62562e-05
-1.84974e-06
8.81861e-06
-2.62599e-06
7.96490e-06
-1.00699e-06
6.61473e-06
-7.98778e-07
5.75186e-06
-5.36763e-07
5.08405e-06
-4.99475e-07
4.54193e-06
-5.34003e-07
4.12445e-06
-6.26882e-07
3.80379e-06
-7.91120e-07
3.54876e-06
-1.01720e-06
3.36206e-06
-1.29221e-06
3.25551e-06
-1.59966e-06
3.26393e-06
-2.02849e-06
3.26791e-06
-2.49955e-06
3.74979e-06
-3.19897e-06
3.07558e-06
-4.38588e-06
7.44753e-06
-2.76046e-06
-4.40695e-06
-2.10908e-05
4.35931e-05
6.12292e-05
-1.84158e-04
-7.31661e-04
-2.03148e-04
8.20699e-05
-2.44148e-05
-2.98417e-06
-1.78307e-05
1.21736e-05
-6.93748e-06
4.79759e-06
-7.35288e-06
3.90144e-06
-5.30812e-06
2.56640e-06
-4.57820e-06
1.55684e-06
-3.82238e-06
7.20914e-07
-2.80550e-06
-2.13801e-07
-3.00977e-06
-1.53176e-06
1.77413e-06
6.79714e-08
-9.72258e-06
-1.82609e-05
3.85526e-05
6.40948e-05
-1.88943e-04
-7.28692e-04
-2.07665e-04
8.51824e-05
-2.87509e-05
3.07219e-07
-2.20091e-05
1.56690e-05
-1.10057e-05
8.50507e-06
-1.13677e-05
7.87983e-06
-9.29060e-06
6.87074e-06
-8.61741e-06
6.30531e-06
-7.88228e-06
5.94198e-06
-7.33402e-06
5.70284e-06
-6.86580e-06
5.57755e-06
-6.43181e-06
5.51458e-06
-6.04989e-06
5.52163e-06
-5.66740e-06
5.58675e-06
-5.31271e-06
5.67507e-06
-4.97314e-06
5.79686e-06
-4.62647e-06
5.97160e-06
-4.25413e-06
6.16479e-06
-3.92814e-06
6.39228e-06
-3.56885e-06
6.63533e-06
-3.21786e-06
6.89162e-06
-2.86266e-06
7.17866e-06
-2.48925e-06
7.50155e-06
-2.09707e-06
7.83869e-06
-1.70818e-06
8.19822e-06
-1.28897e-06
8.58912e-06
-8.74381e-07
8.99320e-06
-4.37447e-07
9.42159e-06
9.57325e-09
9.87190e-06
4.77816e-07
1.03389e-05
9.45129e-07
1.08226e-05
1.43304e-06
1.13231e-05
1.93145e-06
1.18596e-05
2.49200e-06
1.23966e-05
2.97103e-06
1.29554e-05
3.51711e-06
1.35382e-05
4.07075e-06
1.41513e-05
4.65420e-06
1.47708e-05
5.23399e-06
1.54197e-05
5.84494e-06
1.60953e-05
6.47032e-06
1.67903e-05
7.13377e-06
1.75112e-05
7.77747e-06
1.82451e-05
8.44102e-06
1.89882e-05
9.11786e-06
1.97574e-05
9.81097e-06
2.05385e-05
1.05113e-05
2.13434e-05
1.12216e-05
2.21623e-05
1.19341e-05
2.30015e-05
1.26984e-05
2.38707e-05
1.34339e-05
2.47655e-05
1.41992e-05
2.56725e-05
1.49650e-05
2.65999e-05
1.57449e-05
2.75549e-05
1.65358e-05
2.85437e-05
1.73476e-05
2.95643e-05
1.81671e-05
3.06012e-05
1.89826e-05
3.16598e-05
1.97849e-05
3.27523e-05
2.05889e-05
3.38750e-05
2.13775e-05
3.50352e-05
2.21724e-05
3.62359e-05
2.29148e-05
3.74868e-05
2.36516e-05
3.88040e-05
2.42907e-05
4.01994e-05
2.51332e-05
4.20006e-05
2.54333e-05
4.26713e-05
2.54413e-05
4.83939e-05
2.82800e-05
3.78824e-05
1.11676e-05
8.71619e-05
9.46881e-05
-1.39299e-04
-6.96983e-04
-1.57016e-04
1.17978e-04
2.29553e-05
3.41976e-05
3.07735e-05
5.06267e-05
4.28752e-05
4.45532e-05
4.36306e-05
4.49986e-05
4.68247e-05
4.50452e-05
4.86135e-05
4.55178e-05
5.04787e-05
4.61906e-05
5.21365e-05
4.69526e-05
5.37265e-05
4.78366e-05
5.52479e-05
4.87197e-05
5.67324e-05
4.96801e-05
5.81983e-05
5.06738e-05
5.96450e-05
5.16992e-05
6.10799e-05
5.27500e-05
6.25325e-05
5.38352e-05
6.39648e-05
5.49027e-05
6.53773e-05
5.59892e-05
6.67793e-05
5.70618e-05
6.81995e-05
5.81569e-05
6.96011e-05
5.92344e-05
7.09995e-05
6.03375e-05
7.24184e-05
6.14395e-05
7.38464e-05
6.25526e-05
7.52811e-05
6.36759e-05
7.67454e-05
6.48690e-05
7.81706e-05
6.58993e-05
7.95985e-05
6.70299e-05
8.09992e-05
6.80120e-05
8.23719e-05
6.94292e-05
8.39931e-05
6.94501e-05
8.39989e-05
7.40240e-05
9.19070e-05
6.51966e-05
6.36306e-05
9.61894e-05
1.95796e-04
-4.80119e-05
-8.23008e-04
-8.58722e-04
-2.64096e-05
1.34881e-04
6.91479e-05
5.74837e-05
9.27662e-05
8.44802e-05
9.81415e-05
7.74973e-05
9.87219e-05
7.93808e-05
1.01435e-04
7.93469e-05
1.03209e-04
7.96940e-05
1.05738e-04
7.97097e-05
1.07079e-04
7.92446e-05
1.13479e-04
8.11690e-05
1.03851e-04
6.41423e-05
1.54499e-04
1.43096e-04
-7.32049e-05
-6.38329e-04
-7.36948e-05
1.31801e-04
3.08171e-05
2.56778e-04
7.69837e-04
2.90609e-04
3.32664e-05
1.15226e-04
1.10061e-04
1.18666e-04
1.18633e-04
6.85832e-05
4.44910e-05
2.55818e-04
7.99575e-04
3.71152e-04
-6.97954e-05
-6.82564e-04
-9.18574e-04
-9.11102e-04
-8.60979e-04
-2.10157e-05
9.89706e-04
1.81292e-03
2.05172e-03
1.88525e-03
1.06688e-03
1.74346e-04
1.08627e-04
2.45507e-04
1.27528e-04
-8.34649e-04
-1.73485e-03
-1.72830e-03
-1.06233e-03
-6.98770e-04
1.54719e-05
4.24225e-05
-7.00732e-04
-9.43854e-04
-9.88762e-04
-7.52500e-04
7.60909e-04
1.94952e-03
2.72751e-03
2.97711e-03
2.70976e-03
1.38983e-03
1.06179e-04
-1.54058e-03
-2.79712e-03
-2.68243e-03
-9.02229e-04
1.02604e-03
9.77612e-04
-7.60391e-04
-1.91217e-03
-1.64255e-03
-1.00030e-04
1.08226e-03
1.80136e-03
2.03032e-03
1.80716e-03
1.18734e-03
9.88227e-04
1.05574e-03
9.95425e-04
1.10417e-03
1.13997e-03
2.90326e-04
-1.77502e-03
-3.57430e-03
-2.85140e-03
9.22635e-05
2.76632e-03
2.91222e-03
9.93771e-04
-8.36428e-04
-9.25577e-04
3.92480e-04
1.63547e-03
1.06746e-03
9.94334e-04
2.68801e-03
3.78355e-03
3.77615e-03
3.02005e-03
1.96249e-03
2.86157e-04
-1.34508e-03
-2.66550e-03
-5.16890e-03
-7.35454e-03
-7.86903e-03
-6.75059e-03
-5.79369e-03
-3.66020e-03
1.38653e-03
4.81131e-03
4.85557e-03
1.89953e-03
-1.82518e-03
-2.46857e-03
2.89966e-04
1.23531e-03
-2.53885e-03
-7.29212e-03
-7.73828e-03
-2.91496e-03
4.50752e-03
9.74516e-03
1.01507e-02
9.25830e-03
8.80839e-03
6.92970e-03
1.48286e-03
-4.53972e-03
-6.15840e-03
-2.45756e-03
3.29362e-04
-3.89849e-03
-1.19402e-02
-1.74988e-02
-1.51583e-02
-5.96646e-03
4.07316e-03
9.89372e-03
1.09648e-02
9.72624e-03
8.53770e-03
1.04062e-02
1.17590e-02
7.27197e-03
-2.93233e-03
-1.26950e-02
-1.45041e-02
-5.83835e-03
8.76258e-03
1.52949e-02
2.48767e-03
-1.97846e-02
-3.09708e-02
-2.52151e-02
-1.54441e-02
-1.46653e-02
-1.79329e-02
-8.70612e-03
1.51930e-02
3.67983e-02
4.39279e-02
4.12052e-02
3.66646e-02
3.15651e-02
1.97290e-02
-3.89335e-03
-3.01893e-02
-4.27162e-02
-4.04095e-02
-2.95042e-02
-1.12718e-02
6.80716e-03
1.25683e-02
2.90318e-03
-9.28862e-03
-9.96873e-03
1.73897e-03
1.74312e-02
2.39820e-02
1.74902e-02
7.60774e-03
5.49978e-03
1.06149e-02
1.52092e-02
1.26078e-02
2.33534e-03
-1.13875e-02
-2.68703e-02
-4.01905e-02
-4.23483e-02
-3.10732e-02
-1.73712e-02
-1.01079e-02
-6.79487e-03
-2.88539e-04
1.24878e-02
2.71360e-02
3.76616e-02
3.88051e-02
3.07666e-02
2.12006e-02
1.59774e-02
1.18744e-02
3.10154e-03
-7.66908e-03
-1.69388e-02
-2.61557e-02
-3.17347e-02
-2.97661e-02
-2.42097e-02
-1.79317e-02
-8.57837e-03
-2.48737e-04
1.46687e-03
5.49122e-03
2.11816e-02
3.98592e-02
4.69766e-02
4.12562e-02
3.01550e-02
1.70217e-02
-1.29671e-04
-1.66982e-02
-2.65959e-02
-3.18871e-02
-3.52112e-02
-3.45891e-02
-2.94493e-02
-2.82526e-02
-3.32764e-02
-3.10123e-02
-1.14461e-02
1.75972e-02
4.08229e-02
4.83912e-02
3.91888e-02
2.39518e-02
1.30503e-02
8.19378e-03
6.07381e-03
4.45886e-03
2.58317e-03
-3.17015e-03
-1.39401e-02
-2.38251e-02
-2.91099e-02
-3.14940e-02
-2.80258e-02
-9.84186e-03
1.75237e-02
3.47688e-02
3.14227e-02
1.99588e-02
1.38065e-02
1.13945e-02
1.08133e-02
1.01197e-02
1.25987e-03
-1.35519e-02
-1.90222e-02
-1.13825e-02
-4.78983e-03
-1.15333e-02
-2.17661e-02
-2.37873e-02
-1.87048e-02
-8.50585e-03
6.03823e-03
1.40282e-02
8.38316e-03
-5.12966e-04
-2.94923e-03
-1.10410e-03
3.61569e-03
1.26089e-02
2.52641e-02
3.15576e-02
2.38783e-02
6.53307e-03
-1.45546e-02
-2.85609e-02
-2.92052e-02
-2.29741e-02
-1.80273e-02
-1.53552e-02
-8.22333e-03
9.14733e-03
2.88127e-02
3.22097e-02
1.17044e-02
-1.59686e-02
-2.56442e-02
-1.36172e-02
2.91890e-03
9.36829e-03
1.03407e-02
1.50371e-02
1.99629e-02
1.69867e-02
2.28023e-03
-1.81070e-02
-3.05993e-02
-2.47592e-02
-6.69622e-03
3.28523e-03
-2.90913e-03
-1.23745e-02
-1.26018e-02
-4.44984e-03
4.22463e-03
6.59454e-03
5.46741e-03
8.14670e-03
1.00986e-02
4.24490e-03
-8.83989e-03
-1.79436e-02
-1.38384e-02
-1.54035e-04
8.34352e-03
4.56623e-03
-2.37242e-03
2.43671e-03
1.70135e-02
2.47502e-02
2.09797e-02
1.31220e-02
5.06488e-03
-1.16550e-03
-3.20197e-03
-3.00559e-03
-2.72114e-03
-9.73036e-04
1.08581e-03
-1.38977e-03
-9.24525e-03
-1.91379e-02
-2.57418e-02
-2.22886e-02
-4.43449e-03
1.65131e-02
2.12122e-02
3.64108e-03
-1.82775e-02
-2.73645e-02
-2.11250e-02
-1.03090e-02
-4.77804e-03
-4.08561e-03
-9.66630e-04
2.59294e-03
-5.01109e-04
-4.96983e-03
1.06246e-03
1.53208e-02
2.42333e-02
1.98405e-02
6.99931e-03
-1.92817e-03
1.98456e-03
1.18215e-02
1.00848e-02
1.59147e-04
-1.30919e-03
6.65951e-03
1.36019e-02
1.43593e-02
7.12099e-03
-4.83976e-03
-1.08537e-02
-1.17706e-02
-1.67311e-02
-2.20611e-02
-1.72179e-02
-6.36264e-03
5.36852e-04
1.86898e-03
1.68381e-03
1.45616e-03
5.63347e-03
1.21346e-02
1.07550e-02
-1.47865e-03
-1.64917e-02
-2.59413e-02
-2.20173e-02
-5.39196e-03
1.30090e-02
2.14537e-02
1.77439e-02
9.18207e-03
-3.27527e-04
-1.14545e-02
-1.84531e-02
-1.42871e-02
-1.19724e-03
1.15851e-02
1.84436e-02
1.58677e-02
4.12637e-03
-8.46756e-03
-1.36599e-02
-1.13930e-02
-5.61393e-03
8.55296e-04
3.12688e-03
-8.17020e-04
-4.56723e-03
-3.70638e-03
6.17407e-04
9.20524e-03
1.65622e-02
1.39322e-02
3.75427e-03
-2.13995e-03
2.41709e-03
1.22049e-02
1.71365e-02
1.03893e-02
-4.71553e-03
-1.65371e-02
-2.09943e-02
-2.35340e-02
-2.46857e-02
-2.29716e-02
-1.89767e-02
-9.92105e-03
5.16764e-03
1.55485e-02
1.24511e-02
7.16123e-03
1.21831e-02
2.31008e-02
3.26551e-02
4.12417e-02
4.88605e-02
5.27498e-02
4.56631e-02
2.46447e-02
4.03778e-03
3.67836e-03
2.26558e-02
3.89906e-02
3.78307e-02
2.12040e-02
-2.64751e-05
-1.35880e-02
-1.23098e-02
2.63984e-03
2.11604e-02
3.05362e-02
2.22584e-02
2.51821e-03
-9.65530e-03
-6.95539e-03
3.73051e-03
1.79575e-02
3.70673e-02
5.95579e-02
8.40522e-02
1.05496e-01
1.18440e-01
1.26043e-01
1.37633e-01
1.52912e-01
1.57928e-01
1.35697e-01
8.24081e-02
1.43347e-02
-4.20275e-02
-8.06642e-02
-1.15240e-01
-1.53615e-01
-1.91271e-01
-2.22139e-01
-2.39805e-01
-2.39771e-01
-2.25628e-01
-1.94104e-01
-1.33212e-01
-5.62570e-02
6.18138e-03
4.26463e-02
6.22875e-02
6.16210e-02
3.25300e-02
-1.41096e-02
-5.88209e-02
-9.33707e-02
-1.15176e-01
-1.19304e-01
-1.05684e-01
-8.85244e-02
-7.50022e-02
-5.81435e-02
-4.00399e-02
-3.21179e-02
-3.24241e-02
-3.19602e-02
-2.15530e-02
5.30910e-03
5.18997e-02
1.11786e-01
1.70264e-01
2.10542e-01
2.18141e-01
1.86722e-01
1.21751e-01
4.53316e-02
-9.16450e-03
-3.08839e-02
-2.91602e-02
-1.46375e-02
1.35894e-02
4.66224e-02
5.44655e-02
1.30441e-02
-7.28425e-02
-1.69506e-01
-2.26256e-01
-2.04189e-01
-1.22703e-01
-4.00612e-02
1.59173e-02
6.32941e-02
1.15206e-01
1.63514e-01
1.91682e-01
1.99647e-01
1.96501e-01
1.72349e-01
1.44975e-01
1.26551e-01
1.19090e-01
1.32895e-01
1.46616e-01
1.14313e-01
2.29546e-02
-8.66070e-02
-1.69687e-01
-2.16252e-01
-2.35923e-01
-2.36176e-01
-2.26547e-01
-2.08773e-01
-1.80803e-01
-1.58706e-01
-1.57936e-01
-1.69960e-01
-1.51314e-01
-7.86770e-02
2.58821e-02
1.31419e-01
2.23213e-01
2.84624e-01
2.86646e-01
2.27426e-01
1.32138e-01
4.14620e-02
-1.79894e-02
-4.37604e-02
-4.96148e-02
-5.70423e-02
-6.75404e-02
-7.09213e-02
-6.45408e-02
-5.57181e-02
-5.53591e-02
-5.96419e-02
-6.21591e-02
-7.35442e-02
-8.89410e-02
-7.68748e-02
-2.88765e-02
2.82371e-02
8.66809e-02
1.39542e-01
1.69128e-01
1.62235e-01
1.23278e-01
6.61736e-02
8.14262e-03
-3.06888e-02
-4.07949e-02
-2.74857e-02
-2.68312e-02
-5.91820e-02
-9.61096e-02
-1.22795e-01
-1.41602e-01
-1.33519e-01
-8.81953e-02
-2.49113e-02
2.27501e-02
2.75306e-02
6.50296e-03
4.17161e-03
4.27913e-02
1.02872e-01
1.44751e-01
1.46156e-01
1.13625e-01
6.96373e-02
2.66248e-02
-1.02107e-02
-3.17846e-02
-3.80715e-02
-4.30569e-02
-4.69772e-02
-4.27326e-02
-3.39219e-02
-2.56749e-02
-1.84358e-02
-1.75718e-02
-1.66317e-02
3.78081e-03
4.63484e-02
8.71104e-02
1.03561e-01
1.04715e-01
1.00569e-01
9.38618e-02
7.96231e-02
5.48092e-02
2.57412e-02
-7.32845e-03
-4.95155e-02
-9.02479e-02
-1.09219e-01
-1.06807e-01
-9.62446e-02
-7.75353e-02
-5.58533e-02
-4.67949e-02
-5.44212e-02
-6.29961e-02
-5.47408e-02
-2.96505e-02
7.15498e-03
4.18398e-02
5.83418e-02
4.90356e-02
2.87690e-02
1.42762e-02
5.72533e-03
-1.50661e-03
-4.13281e-03
-7.01214e-03
-2.13816e-02
-3.86847e-02
-4.38665e-02
-3.36725e-02
-1.69954e-02
1.08511e-02
5.79896e-02
1.11463e-01
1.52176e-01
1.72221e-01
1.68450e-01
1.36200e-01
8.24436e-02
3.15349e-02
2.38855e-03
-1.68942e-02
-4.62675e-02
-8.80162e-02
-1.25483e-01
-1.45627e-01
-1.44929e-01
-1.23560e-01
-8.58026e-02
-4.67791e-02
-2.02230e-02
-3.00678e-03
1.26360e-02
2.63377e-02
3.35972e-02
3.53215e-02
4.01472e-02
4.86159e-02
5.28577e-02
5.20547e-02
4.35566e-02
2.17299e-02
-5.02875e-03
-2.31614e-02
-3.36609e-02
-4.27661e-02
-4.59163e-02
-4.26254e-02
-4.03097e-02
-3.86149e-02
-2.14271e-02
2.14021e-02
7.63718e-02
1.17656e-01
1.29226e-01
1.11203e-01
7.15974e-02
2.12234e-02
-2.48848e-02
-5.86438e-02
-8.14735e-02
-9.03614e-02
-7.79546e-02
-4.18758e-02
7.96979e-03
4.93526e-02
6.42758e-02
5.24023e-02
3.45458e-02
3.96519e-02
7.65104e-02
1.25350e-01
1.49861e-01
1.18965e-01
3.77523e-02
-5.09997e-02
-1.17173e-01
-1.63134e-01
-1.97352e-01
-2.17324e-01
-2.20294e-01
-2.14743e-01
-2.04328e-01
-1.89824e-01
-1.73184e-01
-1.34317e-01
-6.35686e-02
2.04514e-02
9.89487e-02
1.58509e-01
1.95202e-01
2.20305e-01
2.44886e-01
2.64186e-01
2.69159e-01
2.61069e-01
2.42394e-01
2.01970e-01
1.28106e-01
3.05228e-02
-5.35818e-02
-9.80626e-02
-1.22704e-01
-1.62676e-01
-2.13314e-01
-2.46319e-01
-2.61855e-01
-2.71744e-01
-2.77063e-01
-2.65294e-01
-2.21358e-01
-1.47711e-01
-5.65006e-02
3.56937e-02
1.14369e-01
1.71543e-01
2.08391e-01
2.32498e-01
2.44758e-01
2.32124e-01
1.78156e-01
9.24402e-02
1.32951e-02
-2.63964e-02
-2.98796e-02
-1.88192e-02
-1.59103e-02
-3.00153e-02
-6.16795e-02
-1.01451e-01
-1.31881e-01
-1.43536e-01
-1.28214e-01
-8.99262e-02
-5.55666e-02
-3.00382e-02
5.41967e-03
5.42299e-02
9.81733e-02
1.28070e-01
1.43943e-01
1.47690e-01
1.42369e-01
1.24317e-01
9.21839e-02
5.71038e-02
3.40810e-02
1.69998e-02
-6.78601e-03
-4.35256e-02
-9.30448e-02
-1.45045e-01
-1.79838e-01
-1.85327e-01
-1.70192e-01
-1.46295e-01
-1.14785e-01
-7.51212e-02
-2.15989e-02
4.24102e-02
9.85337e-02
1.27144e-01
1.31948e-01
1.29866e-01
1.31210e-01
1.31684e-01
1.27753e-01
1.21468e-01
1.12614e-01
8.75067e-02
4.30612e-02
-8.42569e-04
-2.33063e-02
-2.65934e-02
-3.01229e-02
-5.42711e-02
-9.34962e-02
-1.20225e-01
-1.17467e-01
-8.53443e-02
-4.37869e-02
-2.32307e-02
-2.40513e-02
-2.58010e-02
-1.51461e-02
-4.70449e-04
-1.84047e-03
-1.42571e-02
-2.70117e-02
-3.34356e-02
-2.12963e-02
7.20592e-03
3.21900e-02
3.40665e-02
1.68603e-02
3.32663e-03
-9.23821e-04
-7.78286e-03
-2.29148e-02
-3.89614e-02
-4.51332e-02
-3.58059e-02
-1.75408e-02
-5.78267e-03
-7.64571e-03
-1.49810e-02
-2.12546e-02
-2.54856e-02
-2.51361e-02
-1.51867e-02
4.40414e-03
2.50564e-02
4.21941e-02
6.08588e-02
8.24341e-02
1.03803e-01
1.20298e-01
1.24474e-01
1.15270e-01
1.00725e-01
8.67230e-02
6.95797e-02
4.90363e-02
2.84815e-02
6.47272e-03
-1.72928e-02
-3.56934e-02
-4.91299e-02
-6.81292e-02
-9.76020e-02
-1.25001e-01
-1.34436e-01
-1.30106e-01
-1.22083e-01
-1.03634e-01
-7.16032e-02
-3.72195e-02
-8.00862e-03
1.62110e-02
3.47937e-02
4.66085e-02
5.05414e-02
4.84100e-02
4.29881e-02
3.99139e-02
3.90069e-02
3.77408e-02
3.75668e-02
4.05473e-02
4.54339e-02
4.61562e-02
4.05923e-02
3.51994e-02
3.68667e-02
4.23523e-02
4.55889e-02
4.54896e-02
4.47473e-02
3.71249e-02
1.17601e-02
-2.77080e-02
-6.43801e-02
-9.07623e-02
-1.07012e-01
-1.09578e-01
-1.00882e-01
-9.18204e-02
-8.52002e-02
-7.59665e-02
-5.96847e-02
-3.93521e-02
-2.01523e-02
-2.09963e-03
1.83931e-02
4.35814e-02
6.75633e-02
8.15191e-02
8.02144e-02
6.40503e-02
3.56713e-02
-9.24538e-04
-3.91668e-02
-6.98366e-02
-8.51493e-02
-8.35102e-02
-6.88723e-02
-4.82540e-02
-2.56347e-02
1.06306e-03
3.00756e-02
4.82668e-02
5.03130e-02
4.87225e-02
5.94638e-02
8.38779e-02
1.13639e-01
1.33601e-01
1.26050e-01
8.81539e-02
3.74641e-02
-1.62365e-03
-2.04187e-02
-3.38354e-02
-5.64730e-02
-8.21762e-02
-9.34970e-02
-8.71653e-02
-7.85840e-02
-7.54745e-02
-7.10797e-02
-6.25168e-02
-5.23648e-02
-3.30088e-02
-1.12171e-03
2.94457e-02
4.45399e-02
4.16392e-02
2.77492e-02
1.43145e-02
1.10550e-02
1.51510e-02
1.18925e-02
-6.97126e-03
-3.30673e-02
-4.78308e-02
-4.24269e-02
-2.23101e-02
3.36540e-03
2.86423e-02
4.72702e-02
5.34275e-02
5.20499e-02
5.34005e-02
5.98787e-02
6.51484e-02
6.43713e-02
5.66470e-02
4.30853e-02
2.33577e-02
-5.96667e-03
-4.19754e-02
-7.31760e-02
-9.06435e-02
-9.27743e-02
-7.90776e-02
-5.23228e-02
-2.03247e-02
1.33887e-02
4.53195e-02
6.59164e-02
7.11214e-02
6.77844e-02
6.79306e-02
7.65691e-02
8.68942e-02
8.68816e-02
6.76160e-02
3.13406e-02
-1.01768e-02
-4.52584e-02
-6.84303e-02
-8.24955e-02
-8.99738e-02
-8.93024e-02
-8.05655e-02
-6.68519e-02
-5.30972e-02
-4.25587e-02
-3.21378e-02
-1.32430e-02
1.84744e-02
5.46885e-02
7.93095e-02
8.42808e-02
7.26900e-02
5.24560e-02
3.48481e-02
2.26594e-02
8.53581e-03
-1.00039e-02
-2.54555e-02
-3.32038e-02
-3.43181e-02
-3.14863e-02
-2.31059e-02
-1.10733e-02
4.73153e-04
9.33323e-03
1.66416e-02
2.11454e-02
1.69843e-02
7.40688e-03
8.11432e-04
-2.16312e-03
-5.64529e-03
-1.06467e-02
-1.79528e-02
-3.05414e-02
-4.67840e-02
-5.64272e-02
-5.67119e-02
-5.45201e-02
-5.30567e-02
-4.60965e-02
-2.44809e-02
7.57297e-03
3.54338e-02
5.11862e-02
5.52853e-02
5.57810e-02
6.08572e-02
6.89585e-02
7.15060e-02
6.17515e-02
4.10731e-02
1.74633e-02
-3.62542e-03
-2.36095e-02
-4.52353e-02
-6.83148e-02
-8.76981e-02
-9.68570e-02
-9.79096e-02
-9.52769e-02
-8.51655e-02
-6.24173e-02
-3.03112e-02
5.99407e-04
2.78796e-02
5.21879e-02
6.96407e-02
7.99433e-02
8.73046e-02
9.56202e-02
9.94835e-02
8.89735e-02
6.35976e-02
3.45892e-02
1.16560e-02
-7.85561e-03
-3.08589e-02
-5.59978e-02
-7.61698e-02
-8.41177e-02
-7.90096e-02
-6.71490e-02
-5.08076e-02
-2.91817e-02
-8.57460e-03
-1.14190e-04
-3.20071e-03
-3.58744e-03
6.99760e-03
2.54676e-02
4.61062e-02
6.30961e-02
6.97130e-02
6.29938e-02
4.57010e-02
2.47806e-02
4.23360e-03
-1.45105e-02
-2.75706e-02
-3.33537e-02
-3.55357e-02
-3.50480e-02
-2.99464e-02
-2.18532e-02
-1.29434e-02
-3.79346e-03
7.35559e-03
1.91365e-02
2.68052e-02
2.59249e-02
2.03566e-02
1.88165e-02
2.39122e-02
2.65669e-02
1.60109e-02
-8.86422e-03
-3.67935e-02
-5.41370e-02
-5.54772e-02
-4.46122e-02
-2.64165e-02
-8.08820e-03
6.92496e-03
1.91529e-02
2.81288e-02
3.42605e-02
3.86462e-02
4.46547e-02
5.02733e-02
4.86744e-02
4.08305e-02
3.28824e-02
2.64048e-02
1.61759e-02
3.84459e-04
-1.97365e-02
-3.91597e-02
-5.23325e-02
-5.35867e-02
-4.34644e-02
-2.63924e-02
-6.62942e-03
1.00197e-02
1.69096e-02
1.49857e-02
1.17100e-02
9.07239e-03
4.36953e-03
-7.76788e-04
-7.20993e-04
6.69240e-03
1.36097e-02
1.10713e-02
-8.65010e-04
-1.39115e-02
-2.09717e-02
-2.22046e-02
-2.34525e-02
-2.62330e-02
-2.52225e-02
-1.51346e-02
-2.17465e-03
2.80105e-03
-2.02993e-04
-2.44784e-03
3.42933e-03
1.69038e-02
2.81129e-02
3.03045e-02
2.08711e-02
2.47625e-03
-1.67976e-02
-2.84721e-02
-3.05095e-02
-2.72153e-02
-2.46188e-02
-2.58333e-02
-2.79988e-02
-2.61225e-02
-1.81248e-02
-7.84067e-03
1.13882e-03
8.13833e-03
1.58559e-02
2.72152e-02
3.78360e-02
4.03083e-02
3.32272e-02
2.10838e-02
8.97547e-03
-3.10154e-03
-1.43644e-02
-2.05473e-02
-2.08204e-02
-1.79987e-02
-1.62363e-02
-1.84566e-02
-2.28279e-02
-2.38087e-02
-2.10741e-02
-1.80877e-02
-1.45844e-02
-4.77025e-03
1.19725e-02
2.73509e-02
3.32505e-02
2.87465e-02
2.08367e-02
1.78581e-02
2.01354e-02
2.28677e-02
2.04699e-02
1.15015e-02
-1.39200e-03
-1.46095e-02
-2.33811e-02
-2.39049e-02
-1.61916e-02
-5.03333e-03
4.83357e-03
1.00221e-02
1.06217e-02
7.00043e-03
-1.11273e-03
-9.47681e-03
-1.31484e-02
-1.24437e-02
-1.17733e-02
-1.28967e-02
-1.28400e-02
-8.95453e-03
-3.09551e-03
3.67960e-03
9.09338e-03
8.54274e-03
3.93506e-03
7.98174e-04
2.66313e-03
9.95625e-03
1.83537e-02
2.18393e-02
1.75912e-02
4.96403e-03
-1.17482e-02
-2.41638e-02
-2.58824e-02
-1.77246e-02
-5.80555e-03
1.80261e-03
7.30766e-04
-5.01989e-03
-5.95257e-03
3.31817e-03
1.63805e-02
2.28971e-02
2.03873e-02
1.52085e-02
1.13786e-02
5.76943e-03
-6.10909e-03
-1.96206e-02
-2.58061e-02
-2.13219e-02
-9.84953e-03
4.48949e-04
6.43525e-03
9.70418e-03
1.36540e-02
1.76251e-02
1.78439e-02
1.46917e-02
1.16735e-02
1.22898e-02
1.19115e-02
6.22172e-03
-3.53093e-03
-1.27630e-02
-1.97159e-02
-2.54511e-02
-2.65069e-02
-1.98843e-02
-6.37061e-03
5.21303e-03
8.28525e-03
5.62552e-03
6.73752e-03
1.25457e-02
1.85605e-02
2.34958e-02
2.44374e-02
2.32110e-02
1.91700e-02
1.39607e-02
9.97280e-03
9.60568e-03
8.56669e-03
1.75628e-03
-1.17623e-02
-2.52179e-02
-3.11873e-02
-2.81913e-02
-1.90053e-02
-8.19132e-03
-5.85855e-04
2.06699e-03
2.40861e-03
4.80494e-03
1.05761e-02
1.86853e-02
2.54312e-02
2.61772e-02
1.59872e-02
-1.55028e-03
-1.67011e-02
-2.41950e-02
-2.30744e-02
-1.86078e-02
-1.42591e-02
-1.14902e-02
-9.64379e-03
-7.95325e-03
-4.58253e-03
2.62695e-03
1.45610e-02
2.72433e-02
3.47300e-02
3.20017e-02
2.14079e-02
7.06567e-03
-8.81632e-03
-2.36510e-02
-3.32780e-02
-3.66063e-02
-3.63328e-02
-3.39032e-02
-2.70661e-02
-1.53549e-02
-1.33218e-03
1.17684e-02
2.04771e-02
2.34156e-02
2.25696e-02
2.22388e-02
2.55538e-02
2.86751e-02
2.87704e-02
2.62246e-02
2.22732e-02
1.73913e-02
1.33653e-02
8.90623e-03
3.70689e-03
-3.88338e-04
-1.51375e-03
-2.68014e-03
-7.23507e-03
-1.10877e-02
-1.11258e-02
-9.31021e-03
-9.90154e-03
-1.35683e-02
-1.97963e-02
-2.67446e-02
-3.17739e-02
-3.01677e-02
-2.01825e-02
-8.21846e-03
-1.95392e-03
-9.34364e-04
2.41845e-03
1.19312e-02
2.36682e-02
2.97375e-02
2.38287e-02
8.53863e-03
-6.03328e-03
-9.06363e-03
-1.83204e-03
4.12049e-03
1.01436e-03
-1.05621e-02
-2.17858e-02
-2.67988e-02
-2.61224e-02
-2.08761e-02
-1.30451e-02
-5.56702e-03
7.99956e-04
7.03866e-03
1.38527e-02
2.15464e-02
2.62843e-02
2.28251e-02
8.27065e-03
-1.02911e-02
-2.10485e-02
-2.01556e-02
-1.28969e-02
-8.64574e-03
-1.14477e-02
-1.54509e-02
-1.42676e-02
-7.40394e-03
1.74058e-04
6.46252e-03
1.20618e-02
1.68518e-02
2.06388e-02
2.28981e-02
2.31947e-02
1.99468e-02
1.24263e-02
2.37365e-03
-5.29627e-03
-7.91502e-03
-8.39718e-03
-1.20641e-02
-2.11745e-02
-2.65971e-02
-2.05515e-02
-5.17675e-03
1.16502e-02
2.30394e-02
2.63953e-02
2.21635e-02
1.39661e-02
6.89889e-03
4.73587e-03
4.86664e-03
3.79573e-03
1.79698e-04
-5.23309e-03
-1.13858e-02
-1.87964e-02
-2.80894e-02
-3.63362e-02
-3.85387e-02
-3.06130e-02
-1.59835e-02
-3.87310e-03
8.15148e-04
4.17275e-04
2.87219e-04
1.41929e-03
3.89934e-03
8.46929e-03
1.56477e-02
2.34050e-02
2.77285e-02
2.57317e-02
1.76523e-02
1.02667e-02
9.31684e-03
1.21936e-02
1.27849e-02
9.08390e-03
6.67246e-03
1.03792e-02
1.89257e-02
2.63878e-02
2.68253e-02
2.11821e-02
1.40541e-02
1.00372e-02
9.64595e-03
1.04343e-02
7.03482e-03
-2.92383e-03
-1.59596e-02
-2.73046e-02
-3.31257e-02
-3.27055e-02
-2.77869e-02
-2.04618e-02
-1.07235e-02
-9.42547e-04
6.38971e-03
8.78814e-03
7.04561e-03
4.33482e-03
2.66928e-03
2.71041e-03
2.10496e-03
-1.60810e-03
-8.91995e-03
-1.66421e-02
-2.04499e-02
-1.82132e-02
-1.19367e-02
-4.42590e-03
2.01142e-03
4.18138e-03
1.74532e-03
-2.77304e-03
-6.74832e-03
-8.47979e-03
-6.17749e-03
-1.39534e-03
3.13127e-03
4.97620e-03
4.24134e-03
3.62276e-03
3.48667e-03
1.01845e-03
-3.53064e-03
-7.41258e-03
-9.49398e-03
-8.97920e-03
-4.55937e-03
3.85226e-03
1.24145e-02
1.53205e-02
1.10581e-02
4.45801e-03
7.83854e-04
1.80330e-03
5.25916e-03
6.43326e-03
4.41689e-03
3.25712e-04
-3.79087e-03
-8.08049e-03
-1.11931e-02
-1.21366e-02
-1.14581e-02
-9.77389e-03
-6.70109e-03
-3.34479e-04
1.02750e-02
2.15107e-02
2.52379e-02
2.02167e-02
1.45846e-02
1.31600e-02
1.33987e-02
9.94449e-03
1.11563e-03
-8.89239e-03
-1.30585e-02
-1.03859e-02
-5.85503e-03
-3.83001e-03
-5.78752e-03
-1.02295e-02
-1.46605e-02
-1.70160e-02
-1.77267e-02
-1.53208e-02
-1.08877e-02
-7.00608e-03
-4.33241e-03
-2.54630e-03
-5.80820e-04
2.96706e-03
7.04591e-03
9.78890e-03
8.55559e-03
3.73940e-03
-3.41411e-03
-9.27623e-03
-1.04098e-02
-6.30623e-03
4.44519e-04
6.77665e-03
9.60337e-03
8.18277e-03
6.06130e-03
5.15239e-03
7.01653e-03
1.16729e-02
1.54825e-02
1.48033e-02
1.01817e-02
5.34522e-03
3.67666e-03
5.69278e-03
6.76377e-03
2.07792e-03
-7.00967e-03
-1.40130e-02
-1.49820e-02
-1.03930e-02
-4.38552e-03
-2.07175e-03
-2.30058e-03
-3.73397e-03
-5.14439e-03
-5.68135e-03
-2.70832e-03
3.05039e-03
9.56225e-03
1.43911e-02
1.47477e-02
1.10993e-02
5.58411e-03
1.95344e-03
2.37954e-03
5.40130e-03
9.01622e-03
1.08702e-02
9.23264e-03
5.71323e-03
2.05254e-03
-9.99852e-04
-3.47277e-03
-3.86696e-03
-3.52594e-03
-3.81610e-03
-5.73178e-03
-7.06806e-03
-4.37358e-03
3.15405e-03
1.15062e-02
1.38969e-02
8.66974e-03
-6.09025e-04
-9.73187e-03
-1.51678e-02
-1.66036e-02
-1.67645e-02
-1.60121e-02
-1.28789e-02
-7.97104e-03
-1.65652e-03
3.33525e-03
4.42583e-03
1.21105e-03
-3.78057e-03
-7.63146e-03
-6.80240e-03
2.07648e-04
8.79924e-03
1.43668e-02
1.46381e-02
1.10453e-02
6.73765e-03
3.85375e-03
1.93895e-03
2.90274e-04
-7.95820e-04
-2.65210e-03
-6.19201e-03
-9.48774e-03
-1.09202e-02
-8.77188e-03
-5.69496e-03
-3.35707e-03
-1.37053e-03
1.94167e-03
7.00400e-03
1.19026e-02
1.31002e-02
7.65625e-03
-6.83499e-04
-6.23006e-03
-6.40292e-03
-4.43185e-03
-3.67294e-03
-5.57122e-03
-7.78280e-03
-7.66968e-03
-3.26991e-03
2.69593e-03
6.17291e-03
4.43070e-03
9.01702e-04
7.62113e-04
3.57213e-03
5.65585e-03
5.38563e-03
2.99608e-03
1.51063e-03
1.11600e-03
2.53355e-03
3.92494e-03
3.57442e-03
3.97761e-04
-3.58540e-03
-6.39899e-03
-7.26627e-03
-6.30871e-03
-5.78840e-03
-7.25995e-03
-8.41512e-03
-8.26914e-03
-7.71946e-03
-7.33053e-03
-5.86840e-03
-4.41427e-03
-4.71679e-03
-7.27049e-03
-9.43191e-03
-7.93494e-03
-2.42384e-03
6.01924e-03
1.28071e-02
1.37437e-02
8.60075e-03
2.84158e-03
-3.16144e-04
-8.85886e-04
-2.38465e-03
-4.52634e-03
-5.54626e-03
-5.52659e-03
-5.31598e-03
-6.40203e-03
-9.17182e-03
-1.17175e-02
-1.14494e-02
-9.54956e-03
-5.14877e-03
2.64753e-03
1.20490e-02
2.09829e-02
2.66461e-02
2.43545e-02
1.54925e-02
6.26841e-03
4.60300e-04
-2.03696e-03
-1.91706e-03
-2.16721e-03
-2.92584e-03
-5.19853e-03
-7.45103e-03
-8.15221e-03
-7.36177e-03
-5.77173e-03
-4.77538e-03
-2.88405e-03
-1.42124e-04
1.73942e-03
1.82325e-03
1.74734e-03
2.08618e-03
2.68703e-03
1.40417e-03
-8.68759e-04
-3.95767e-03
-7.13728e-03
-1.12607e-02
-1.54838e-02
-1.85577e-02
-1.79805e-02
-1.09743e-02
8.68370e-04
1.30759e-02
2.15402e-02
2.47820e-02
2.39710e-02
2.08257e-02
1.71490e-02
1.34591e-02
9.77745e-03
7.69354e-03
6.92886e-03
5.98681e-03
2.59844e-03
-3.16114e-03
-9.74691e-03
-1.36157e-02
-1.22575e-02
-6.71152e-03
5.20460e-04
6.08509e-03
8.22607e-03
8.19298e-03
6.74665e-03
5.01421e-03
2.51374e-03
-1.41319e-03
-6.78110e-03
-1.09476e-02
-1.23503e-02
-1.11459e-02
-1.07883e-02
-1.13482e-02
-1.05548e-02
-6.10684e-03
2.24050e-03
1.06375e-02
1.54787e-02
1.57951e-02
1.32834e-02
9.06017e-03
4.19138e-03
-7.44580e-04
-2.60712e-03
1.64838e-03
9.00861e-03
1.39904e-02
1.42670e-02
9.70401e-03
2.32752e-03
-3.28892e-03
-3.51846e-03
3.12507e-04
3.86275e-03
3.06047e-03
-1.53661e-03
-6.14961e-03
-8.03331e-03
-7.25081e-03
-5.40318e-03
-3.68286e-03
-2.91321e-03
-2.54030e-03
-1.11603e-03
1.31035e-05
5.44006e-04
9.84918e-04
-1.38617e-03
-5.27239e-03
-7.92556e-03
-8.76534e-03
-8.98880e-03
-1.01933e-02
-1.03407e-02
-6.68185e-03
-2.42344e-04
4.63566e-03
6.18845e-03
5.64283e-03
6.38521e-03
8.44638e-03
9.70256e-03
8.66576e-03
4.91800e-03
1.21863e-03
1.10812e-03
4.00916e-03
5.91259e-03
3.38065e-03
-2.98752e-03
-1.03217e-02
-1.61456e-02
-1.90696e-02
-1.82816e-02
-1.48528e-02
-1.21135e-02
-1.10573e-02
-1.02978e-02
-9.26028e-03
-7.63226e-03
-4.71190e-03
-1.96636e-04
4.40792e-03
7.28666e-03
9.12593e-03
1.03559e-02
1.12743e-02
1.05893e-02
8.40947e-03
6.16114e-03
6.36291e-03
7.59508e-03
9.46955e-03
1.13181e-02
1.06298e-02
7.04744e-03
2.18410e-03
-1.43146e-03
-1.51090e-03
9.55938e-04
2.83583e-03
3.94714e-03
4.70317e-03
3.39543e-03
3.70872e-04
-3.43801e-03
-5.34844e-03
-2.74809e-03
1.87792e-03
4.79248e-03
4.71699e-03
2.99744e-03
1.96585e-03
2.16924e-03
2.95149e-03
3.11318e-03
2.12349e-03
3.52058e-04
-1.48461e-03
-2.46189e-03
-3.25752e-03
-4.28306e-03
-6.02958e-03
-7.90998e-03
-9.89757e-03
-1.16986e-02
-1.24927e-02
-1.21442e-02
-1.18521e-02
-9.56511e-03
-4.87178e-03
8.39727e-04
5.43538e-03
6.42492e-03
4.95358e-03
4.41715e-03
5.65913e-03
9.37715e-03
1.37703e-02
1.51265e-02
1.40835e-02
1.20813e-02
1.07181e-02
1.13402e-02
1.09807e-02
7.76901e-03
2.32398e-03
-1.45430e-03
-7.51404e-04
1.42551e-03
2.02967e-03
-5.37569e-04
-3.47930e-03
-4.47858e-03
-2.83855e-03
9.69310e-04
5.46210e-03
7.70899e-03
6.56835e-03
2.47872e-03
-1.45419e-03
-4.13072e-03
-5.95530e-03
-6.93631e-03
-8.16160e-03
-9.83032e-03
-1.00988e-02
-9.09120e-03
-8.15070e-03
-7.39787e-03
-6.61493e-03
-4.62097e-03
-1.07874e-03
2.51524e-03
4.73962e-03
6.41694e-03
6.82304e-03
5.66578e-03
2.69040e-03
-5.57209e-04
-4.89443e-03
-9.60303e-03
-1.25740e-02
-1.36773e-02
-1.26656e-02
-1.02631e-02
-8.39047e-03
-7.40279e-03
-5.67704e-03
-3.65605e-03
-2.00225e-03
-9.53752e-04
8.44428e-04
3.01995e-03
3.89337e-03
1.35728e-03
-3.25594e-03
-6.89793e-03
-8.19082e-03
-8.06408e-03
-6.38749e-03
-3.84798e-03
-1.97865e-03
-8.77228e-05
2.65768e-03
5.41375e-03
7.27085e-03
8.54544e-03
9.96803e-03
9.73315e-03
8.62550e-03
6.16183e-03
1.57071e-03
-4.02592e-03
-8.69186e-03
-1.06950e-02
-1.08421e-02
-1.08952e-02
-1.11017e-02
-1.04541e-02
-7.65930e-03
-2.22771e-03
4.11176e-03
9.03318e-03
1.26897e-02
1.47956e-02
1.54959e-02
1.52419e-02
1.56896e-02
1.52240e-02
1.34177e-02
1.07305e-02
6.86218e-03
2.57002e-03
-6.26115e-04
-3.07222e-03
-5.17154e-03
-7.21746e-03
-9.08458e-03
-8.36918e-03
-4.89916e-03
-2.26616e-04
4.35244e-03
8.00561e-03
1.00614e-02
1.10759e-02
1.12313e-02
1.05368e-02
8.62481e-03
5.20502e-03
1.26679e-03
-2.13398e-03
-4.31983e-03
-6.20017e-03
-7.90412e-03
-8.32734e-03
-8.90325e-03
-9.22497e-03
-9.91841e-03
-1.09276e-02
-1.27010e-02
-1.52742e-02
-1.75589e-02
-1.93173e-02
-1.87280e-02
-1.51638e-02
-1.04215e-02
-6.02608e-03
-3.83609e-03
-2.92512e-03
-2.69133e-03
-2.91147e-03
-3.55786e-03
-2.89113e-03
-1.03126e-03
8.89085e-04
1.96702e-03
1.77751e-03
1.94392e-04
-9.05091e-04
-7.98829e-04
-7.41834e-05
2.25224e-04
7.56681e-04
1.10541e-03
1.61782e-03
1.97313e-03
2.70892e-03
3.07115e-03
1.88699e-03
-1.31972e-03
-4.62675e-03
-6.98619e-03
-6.86184e-03
-4.58475e-03
-4.28498e-04
4.29410e-03
7.84852e-03
1.08083e-02
1.29664e-02
1.39069e-02
1.16521e-02
7.42841e-03
2.41322e-03
1.85236e-04
1.84729e-04
3.21779e-04
1.49220e-05
-1.09776e-03
-1.67510e-03
-1.33222e-04
9.61064e-04
7.96289e-04
8.44467e-04
2.50528e-03
5.27431e-03
8.12495e-03
1.07444e-02
1.21668e-02
1.21163e-02
9.45923e-03
4.92020e-03
2.03934e-03
1.90613e-03
2.90729e-03
2.95578e-03
1.19651e-03
-2.48006e-03
-6.50435e-03
-8.97731e-03
-7.62586e-03
-4.62458e-03
-2.17306e-03
-1.18191e-03
-3.09232e-04
1.63905e-03
4.36874e-03
6.33704e-03
7.20779e-03
7.32353e-03
7.29149e-03
6.83886e-03
5.58195e-03
2.11984e-03
-1.59200e-03
-3.48485e-03
-4.53386e-03
-6.06337e-03
-7.56755e-03
-9.80958e-03
-1.13089e-02
-1.20513e-02
-1.13523e-02
-8.58078e-03
-5.13592e-03
-2.12594e-03
6.05475e-04
2.44112e-03
2.64379e-03
2.63690e-03
2.81582e-03
2.69358e-03
1.70235e-03
1.05145e-03
2.33526e-03
3.72811e-03
4.69845e-03
3.91694e-03
5.59804e-05
-5.16819e-03
-7.62743e-03
-6.59435e-03
-3.08758e-03
8.73020e-04
2.50755e-03
8.19427e-04
-1.88400e-03
-2.10221e-03
-2.51741e-04
2.61660e-03
5.35117e-03
6.30848e-03
4.75407e-03
2.56516e-03
1.00224e-03
1.70600e-03
3.53953e-03
4.60479e-03
4.51504e-03
3.58333e-03
2.77785e-03
2.67866e-03
2.63670e-03
2.71133e-03
3.48846e-03
4.46347e-03
5.25515e-03
6.36542e-03
8.09359e-03
9.09881e-03
8.40850e-03
7.22204e-03
5.69195e-03
4.68949e-03
3.79643e-03
2.03914e-03
-7.12531e-04
-4.31292e-03
-8.06712e-03
-1.10893e-02
-1.22317e-02
-1.04801e-02
-6.03081e-03
-1.45447e-03
1.38770e-03
2.70973e-03
3.20983e-03
1.94689e-03
8.55504e-04
7.53716e-04
8.60214e-04
1.69791e-03
2.63206e-03
2.73009e-03
1.74941e-03
1.49005e-04
-1.09105e-03
-1.93060e-03
-1.90689e-03
-1.04630e-03
-1.04355e-03
-2.54211e-03
-4.70065e-03
-7.32562e-03
-8.62927e-03
-7.36556e-03
-4.14252e-03
-2.06569e-03
-1.97747e-03
-2.21707e-03
-2.84412e-03
-2.24590e-03
-3.51609e-04
3.20746e-03
7.75562e-03
1.16423e-02
1.36689e-02
1.36740e-02
1.20664e-02
1.08402e-02
1.03618e-02
1.10226e-02
1.05000e-02
7.50474e-03
2.37678e-03
-2.64454e-03
-6.38607e-03
-7.95125e-03
-6.90226e-03
-6.42336e-03
-5.88603e-03
-4.91555e-03
-3.87172e-03
-2.23088e-03
-1.04420e-03
-2.42682e-04
-2.04935e-04
-1.57750e-04
8.09937e-04
1.79916e-03
1.01581e-03
-1.80400e-03
-5.34074e-03
-7.58025e-03
-8.29514e-03
-6.80974e-03
-4.00681e-03
-1.32135e-03
6.59963e-04
1.61100e-03
1.61169e-03
9.73682e-04
6.68297e-04
1.72761e-04
-1.06295e-04
-9.28622e-04
-2.57005e-03
-4.50014e-03
-7.41320e-03
-1.00855e-02
-1.03712e-02
-8.66313e-03
-6.55600e-03
-4.18310e-03
-3.05406e-03
-2.18977e-03
-3.61276e-04
2.23312e-03
5.29176e-03
8.79275e-03
1.09689e-02
1.10378e-02
9.27038e-03
6.53584e-03
4.64204e-03
4.00851e-03
3.66213e-03
1.10792e-03
-2.53976e-03
-4.68614e-03
-5.52463e-03
-4.87063e-03
-3.04684e-03
-3.05300e-04
2.45354e-03
3.67375e-03
3.21386e-03
1.27509e-03
6.46980e-04
1.87573e-04
-8.57825e-04
-1.98006e-03
-3.58647e-03
-3.92926e-03
-3.58589e-03
-2.92142e-03
-3.61121e-03
-5.53829e-03
-7.53079e-03
-8.40676e-03
-6.90528e-03
-3.26885e-03
1.42419e-03
5.99442e-03
8.18440e-03
7.91985e-03
5.78891e-03
4.49587e-03
3.76720e-03
3.48121e-03
3.78966e-03
4.54271e-03
3.86373e-03
1.09371e-03
-2.61237e-03
-5.59108e-03
-6.39895e-03
-4.88704e-03
-2.89441e-03
-1.20692e-03
-1.70290e-04
-1.23040e-04
-7.22221e-04
-1.96598e-03
-4.53894e-03
-6.48451e-03
-5.73510e-03
-3.82542e-03
-2.19764e-03
-1.12729e-03
5.87903e-04
2.46213e-03
3.69769e-03
4.37115e-03
3.64476e-03
2.77724e-03
2.74722e-03
2.56765e-03
2.05755e-03
2.46019e-03
2.77306e-03
2.81480e-03
2.68951e-03
1.11363e-03
-8.74847e-04
-2.74513e-03
-3.78364e-03
-3.56033e-03
-2.14958e-03
-1.74621e-03
-2.06544e-03
-2.75053e-03
-3.01470e-03
-2.69666e-03
-1.98315e-03
-1.91611e-03
-2.77634e-03
-3.06948e-03
-2.69046e-03
-1.22026e-03
-7.52433e-04
-1.83446e-03
-4.48503e-03
-7.39919e-03
-8.33262e-03
-6.75239e-03
-3.90631e-03
-1.17869e-03
6.23859e-04
9.34343e-04
7.08904e-04
5.62641e-05
-4.78731e-05
6.94873e-04
1.78753e-03
3.52368e-03
4.62580e-03
3.82070e-03
1.15852e-03
-2.56942e-03
-6.14275e-03
-8.27720e-03
-9.10127e-03
-8.44876e-03
-6.79032e-03
-4.74469e-03
-2.17796e-03
-2.83032e-04
7.67655e-04
2.31331e-03
4.45964e-03
7.23491e-03
9.13703e-03
8.40745e-03
5.85399e-03
2.74868e-03
-4.52860e-04
-1.93296e-03
-2.54223e-03
-2.73804e-03
-2.84238e-03
-3.61849e-03
-3.81914e-03
-3.65503e-03
-2.99290e-03
-2.60568e-03
-2.18214e-03
-2.62237e-03
-2.80463e-03
-2.88010e-03
-3.62903e-03
-3.72929e-03
-3.01320e-03
-1.94940e-03
-1.74258e-04
1.71385e-03
2.69615e-03
2.65257e-03
1.95912e-03
1.69010e-03
1.79493e-03
2.77283e-03
4.51781e-03
5.35548e-03
5.47773e-03
6.47227e-03
8.04375e-03
8.35382e-03
8.27380e-03
8.33807e-03
8.11037e-03
7.64834e-03
8.14867e-03
8.36226e-03
7.62259e-03
6.53433e-03
4.12015e-03
1.15293e-03
-2.38388e-03
-5.40297e-03
-7.14684e-03
-7.45214e-03
-7.21825e-03
-6.73280e-03
-6.48933e-03
-5.66396e-03
-4.04382e-03
-2.77344e-03
-5.34299e-04
2.38897e-03
6.87653e-03
1.25658e-02
1.72015e-02
1.93581e-02
1.93828e-02
1.78481e-02
1.51805e-02
1.16427e-02
7.08481e-03
2.13870e-03
-2.22202e-03
-3.66434e-03
-3.43603e-03
-2.79490e-03
-2.73501e-03
-3.03359e-03
-2.70270e-03
-1.04653e-03
6.92806e-05
-8.75787e-04
-2.66539e-03
-3.82166e-03
-3.63186e-03
-1.91187e-03
-4.26625e-05
1.30006e-04
-9.36825e-04
-2.65335e-03
-3.72678e-03
-3.64907e-03
-2.07574e-03
1.61408e-05
1.80820e-03
1.95250e-03
8.01176e-05
-2.49339e-03
-3.79722e-03
-3.67932e-03
-1.88915e-03
8.12104e-04
1.93748e-03
9.46818e-04
-1.50368e-03
-3.70928e-03
-5.40391e-03
-5.47579e-03
-3.85618e-03
-2.61694e-03
-2.01103e-03
-2.61219e-03
-3.60436e-03
-4.55248e-03
-5.49358e-03
-5.50758e-03
-4.67114e-03
-3.79157e-03
-2.83554e-03
-1.16520e-03
7.36686e-04
2.65283e-03
4.48649e-03
5.59166e-03
5.65330e-03
4.70920e-03
3.03048e-03
1.87419e-03
1.13466e-03
1.08133e-03
1.03911e-03
1.03536e-04
-1.41474e-03
-2.75828e-03
-5.16405e-03
-7.34594e-03
-8.19777e-03
-7.47959e-03
-5.62609e-03
-3.79691e-03
-2.71991e-03
-2.78340e-03
-3.71676e-03
-4.49230e-03
-3.77503e-03
-2.62133e-03
-1.94447e-03
-2.54273e-03
-3.58518e-03
-4.66464e-03
-5.41490e-03
-3.98931e-03
-1.13217e-03
2.52538e-03
6.11160e-03
8.30155e-03
9.26019e-03
8.38729e-03
5.91252e-03
3.75953e-03
2.27385e-03
1.84769e-03
1.28432e-03
8.81486e-04
3.52018e-04
-6.90015e-05
-6.96768e-04
-9.48545e-04
-8.13784e-04
-9.15802e-04
-9.73883e-04
-8.37415e-04
2.86885e-05
2.08574e-04
-7.63415e-04
-2.63676e-03
-4.39522e-03
-4.73089e-03
-3.55448e-03
-1.09294e-03
8.20767e-04
1.11586e-03
9.27155e-04
-5.22337e-05
-7.49669e-04
6.96410e-04
2.89912e-03
4.55565e-03
4.76067e-03
3.75783e-03
2.83832e-03
2.10748e-03
1.95753e-03
1.24383e-03
1.04610e-04
-1.52503e-03
-2.64756e-03
-3.53648e-03
-4.27022e-03
-4.61729e-03
-5.39301e-03
-5.63026e-03
-4.61518e-03
-2.83227e-03
-9.83978e-04
-4.79471e-05
1.35913e-04
4.82226e-05
-4.28380e-05
1.08712e-04
1.76272e-03
3.67162e-03
4.75075e-03
4.59019e-03
3.79273e-03
3.72811e-03
4.63996e-03
5.02381e-03
4.71437e-03
2.29992e-03
-7.33940e-04
-3.32363e-03
-4.49369e-03
-4.45684e-03
-3.01734e-03
-7.62933e-04
2.26242e-03
3.83692e-03
5.19607e-03
6.57967e-03
8.19789e-03
9.32413e-03
9.33304e-03
9.32565e-03
9.55356e-03
9.52097e-03
7.66806e-03
4.24641e-03
1.16130e-03
-1.48850e-03
-2.63989e-03
-1.83234e-03
1.10405e-04
1.89002e-03
1.93677e-03
3.42979e-04
-1.18409e-03
-2.19744e-03
-1.12339e-03
-6.73164e-04
-1.61474e-03
-2.75661e-03
-4.28973e-03
-4.63914e-03
-4.33189e-03
-3.64043e-03
-3.63193e-03
-4.42929e-03
-4.62497e-03
-4.39039e-03
-3.76560e-03
-3.53433e-03
-2.96424e-03
-1.77921e-03
5.16837e-04
2.97562e-03
5.41896e-03
5.80090e-03
3.71413e-03
1.31788e-03
2.41740e-04
6.16712e-05
-5.66593e-04
-1.32638e-04
2.58091e-04
9.05948e-04
1.17180e-03
9.47897e-04
2.78272e-04
-3.78252e-05
1.63887e-04
1.05742e-03
1.95415e-03
1.24848e-03
-7.27632e-04
-3.37494e-03
-5.40372e-03
-6.22238e-03
-5.64021e-03
-4.52550e-03
-2.85545e-03
-1.09039e-03
1.20706e-04
9.65449e-04
8.77870e-04
2.64204e-04
8.60961e-04
1.88933e-03
2.83166e-03
3.76037e-03
3.83158e-03
2.78387e-03
1.28695e-03
1.00126e-03
1.12914e-03
1.03448e-03
1.07456e-03
1.19221e-03
9.58215e-04
-5.55478e-04
-1.80413e-03
-2.61234e-03
-2.66345e-03
-1.76347e-03
-8.94391e-04
-8.67488e-04
-1.61244e-03
-2.61282e-03
-4.25755e-03
-6.24246e-03
-8.04088e-03
-9.13399e-03
-9.14664e-03
-8.14626e-03
-6.67609e-03
-6.31756e-03
-5.77341e-03
-4.69568e-03
-2.77791e-03
-1.96217e-04
1.66602e-03
2.98107e-03
4.42150e-03
3.96116e-03
2.75198e-03
2.08026e-03
2.60598e-03
3.83476e-03
5.54601e-03
6.59053e-03
5.82549e-03
3.88057e-03
1.27464e-03
-7.00932e-04
-1.66209e-03
-1.71898e-03
-1.05528e-03
1.11875e-04
1.86326e-03
2.82932e-03
1.95746e-03
3.09593e-04
-8.19110e-04
-1.70934e-03
-2.49370e-03
-2.62106e-03
-2.83401e-03
-3.34392e-03
-2.88322e-03
-2.64400e-03
-2.66969e-03
-2.03172e-03
-1.04356e-03
1.05348e-03
3.46235e-03
3.85272e-03
2.84229e-03
1.87024e-03
1.23710e-03
1.74997e-03
2.08056e-03
2.69049e-03
3.03159e-03
2.78166e-03
1.28052e-03
-6.94496e-04
-2.51726e-03
-4.33320e-03
-5.45528e-03
-5.56298e-03
-4.51688e-03
-2.82946e-03
-1.85198e-03
-1.82279e-03
-1.90281e-03
-1.76219e-03
-1.02054e-03
-1.05191e-04
1.08929e-03
2.72832e-03
2.87776e-03
1.12665e-03
-7.37298e-04
-1.73442e-03
-1.93118e-03
-1.54800e-03
-6.71120e-05
1.78436e-04
-9.64301e-04
-1.77470e-03
-1.02170e-03
8.14950e-04
2.72597e-03
4.64047e-03
5.59922e-03
4.80534e-03
2.92895e-03
1.21775e-03
1.94196e-04
-7.27035e-04
-1.68490e-03
-2.54888e-03
-3.47845e-03
-4.59569e-03
-5.45186e-03
-4.64976e-03
-2.79211e-03
-1.19637e-03
-1.27862e-05
1.73804e-03
3.52757e-03
3.89983e-03
3.49762e-03
2.20741e-03
1.70494e-03
1.38989e-03
1.01865e-03
-6.48099e-04
-3.41535e-03
-5.44729e-03
-6.37479e-03
-5.64439e-03
-3.80632e-03
-1.16637e-03
1.61478e-03
4.24283e-03
6.51913e-03
8.99162e-03
9.58730e-03
8.28602e-03
5.78515e-03
3.93397e-03
3.73874e-03
3.19351e-03
1.90782e-03
-5.75758e-04
-2.64684e-03
-3.64823e-03
-3.58876e-03
-1.94513e-03
-5.42653e-05
9.45250e-04
9.35364e-04
1.99737e-04
-8.54125e-04
-2.00522e-03
-2.46822e-03
-4.40282e-04
1.89610e-03
4.35762e-03
6.46458e-03
7.31910e-03
6.66335e-03
4.74278e-03
2.87785e-03
2.05802e-03
2.71969e-03
2.96654e-03
2.76584e-03
1.89773e-03
1.11732e-03
9.51101e-04
9.00650e-04
1.03527e-03
2.44678e-03
3.88860e-03
5.29198e-03
4.92139e-03
3.71110e-03
2.11046e-03
1.81581e-04
-1.65241e-03
-2.70961e-03
-2.71741e-03
-1.91245e-03
-9.60653e-04
-1.70585e-04
1.83094e-04
7.18898e-04
3.68273e-04
-2.41380e-04
-1.46916e-03
-1.96507e-03
-2.49699e-03
-3.66780e-03
-5.18461e-03
-6.62108e-03
-8.09671e-03
-8.37386e-03
-6.82935e-03
-4.66656e-03
-1.26321e-03
1.49172e-03
2.72941e-03
3.53519e-03
3.67611e-03
2.77633e-03
1.88456e-03
1.84749e-03
2.74182e-03
3.57385e-03
3.84332e-03
3.57592e-03
2.15143e-03
1.81862e-04
-1.76742e-03
-3.46017e-03
-3.68661e-03
-3.54832e-03
-3.61644e-03
-4.50551e-03
-5.71993e-03
-6.35003e-03
-4.97772e-03
-2.85773e-03
-1.98727e-04
2.35593e-03
3.73248e-03
4.58768e-03
3.71213e-03
1.15278e-03
-8.80202e-04
-1.74603e-03
-1.77556e-03
-1.85117e-03
-2.52338e-03
-3.65467e-03
-5.56433e-03
-7.18591e-03
-6.75059e-03
-5.57693e-03
-3.84071e-03
-2.13941e-03
-1.09067e-03
-9.46933e-06
7.76325e-04
2.29390e-04
-9.41658e-04
-2.60979e-03
-4.40228e-03
-5.65426e-03
-6.40201e-03
-5.64189e-03
-4.00373e-03
-2.73806e-03
-1.19115e-03
-1.82170e-04
3.47290e-06
8.05888e-04
1.77463e-03
2.45731e-03
2.95386e-03
4.33230e-03
4.72526e-03
4.48967e-03
4.73517e-03
5.46592e-03
5.61106e-03
4.74555e-03
3.78237e-03
2.73475e-03
1.88550e-03
1.88686e-03
2.73890e-03
2.84447e-03
1.84150e-03
1.69750e-04
-8.97745e-04
-1.65488e-03
-2.73838e-03
-4.48442e-03
-5.59793e-03
-5.50854e-03
-4.81758e-03
-4.54044e-03
-3.89810e-03
-2.96077e-03
-1.92191e-03
-3.50822e-04
9.18368e-04
2.51707e-03
3.63265e-03
3.60334e-03
2.83803e-03
1.88446e-03
9.77917e-04
1.06880e-04
-4.71471e-05
1.86808e-04
6.90240e-04
2.74808e-04
-8.96123e-05
-8.41090e-04
-1.88287e-03
-2.64002e-03
-2.92775e-03
-2.84453e-03
-1.92987e-03
-1.47949e-04
8.25796e-04
9.21586e-04
8.44096e-04
8.07833e-04
9.52723e-04
1.81385e-03
2.53022e-03
2.66819e-03
3.56243e-03
5.38457e-03
6.44363e-03
6.42655e-03
5.61555e-03
4.70103e-03
3.74474e-03
2.86692e-03
2.02360e-03
9.68443e-04
-7.56901e-04
-1.99540e-03
-2.53612e-03
-2.01434e-03
-1.91015e-03
-2.00897e-03
-1.05735e-03
7.02214e-04
1.89262e-03
2.37598e-03
2.12775e-03
2.47880e-03
2.03210e-03
9.04887e-04
1.50934e-04
-1.45983e-04
8.67518e-05
9.06986e-04
1.74979e-03
1.09654e-03
-5.92186e-05
-1.58304e-03
-2.21586e-03
-2.51688e-03
-1.22236e-03
6.36537e-05
3.83250e-05
-9.49733e-04
-2.62081e-03
-3.82218e-03
-4.48990e-03
-3.74202e-03
-2.75038e-03
-2.88020e-03
-3.78821e-03
-3.75974e-03
-2.04845e-03
-1.58964e-04
9.01636e-04
1.60238e-03
1.88757e-03
2.35354e-03
2.92153e-03
4.45012e-03
5.41093e-03
4.85447e-03
4.56142e-03
3.70081e-03
2.77852e-03
2.79245e-03
3.54204e-03
3.80192e-03
3.65966e-03
2.76271e-03
1.26153e-03
-2.79894e-05
-1.74737e-03
-2.69736e-03
-1.97011e-03
-1.02993e-03
-1.82328e-04
8.42932e-04
2.53975e-03
3.73008e-03
3.63393e-03
1.98840e-03
8.13769e-05
-9.81144e-04
-9.06847e-04
8.92692e-05
7.24590e-04
1.70054e-04
2.00373e-06
-2.11191e-05
-8.24647e-04
-1.69780e-03
-2.78412e-03
-4.49704e-03
-5.48516e-03
-4.85724e-03
-3.70324e-03
-1.92425e-03
-3.07107e-04
-3.55393e-05
7.43602e-04
2.58834e-03
4.39829e-03
5.55277e-03
6.43543e-03
6.43177e-03
4.85037e-03
2.93774e-03
1.13068e-03
-7.67494e-04
-2.53871e-03
-3.66537e-03
-4.42102e-03
-4.62573e-03
-4.63378e-03
-4.50772e-03
-3.89378e-03
-3.64119e-03
-3.04055e-03
-1.93089e-03
-1.75373e-04
1.60394e-03
2.73073e-03
3.68079e-03
3.53489e-03
2.02557e-03
1.02955e-03
8.67114e-04
3.01338e-04
-1.89500e-05
-8.12708e-04
-1.77289e-03
-2.65278e-03
-3.64960e-03
-4.55923e-03
-4.58705e-03
-3.70649e-03
-2.86862e-03
-2.77092e-03
-2.80739e-03
-2.81531e-03
-2.83277e-03
-2.70463e-03
-2.08930e-03
-1.73788e-03
-1.12174e-03
-9.14152e-04
-9.54983e-04
-9.44916e-04
-1.03114e-03
-9.45001e-04
-8.51994e-05
9.92141e-04
1.66539e-03
1.23924e-03
6.78738e-04
-5.37476e-04
-1.13293e-03
-1.65823e-03
-1.90120e-03
-1.74686e-03
-1.96391e-03
-2.55328e-03
-2.94846e-03
-3.38879e-03
-3.73135e-03
-4.49326e-03
-5.56796e-03
-5.54188e-03
-4.78495e-03
-3.71442e-03
-2.14331e-03
-6.36664e-05
1.70005e-03
2.68881e-03
2.58168e-03
2.72742e-03
3.75892e-03
5.19790e-03
5.04372e-03
5.36323e-03
4.84004e-03
3.70674e-03
2.87798e-03
2.77442e-03
2.88335e-03
2.75155e-03
2.07007e-03
1.57726e-03
1.24809e-03
2.46260e-03
3.71211e-03
4.58661e-03
5.48362e-03
5.71908e-03
5.44657e-03
4.07681e-03
2.80912e-03
1.12034e-03
-6.86859e-04
-1.11799e-03
-7.59744e-04
8.03074e-04
1.92008e-03
1.80979e-03
9.61230e-04
2.47893e-04
4.83119e-05
-8.31339e-04
-1.81775e-03
-1.76580e-03
-1.07207e-03
-8.28084e-04
-8.33365e-04
-1.04936e-03
-2.35602e-03
-3.16246e-03
-4.03707e-03
-3.18367e-03
-2.54548e-03
-2.05343e-03
-1.06035e-03
-1.19075e-05
1.68568e-03
2.75120e-03
3.50603e-03
3.84430e-03
4.43705e-03
4.06312e-03
3.52454e-03
2.17583e-03
1.03342e-03
2.18203e-04
-8.48243e-04
-1.68587e-03
-1.93679e-03
-1.76800e-03
-1.04890e-03
-2.94566e-05
9.26153e-04
1.85306e-03
1.88928e-03
1.02813e-03
4.33743e-05
-1.41951e-05
1.04346e-03
2.67163e-03
2.94015e-03
1.93339e-03
1.82141e-04
-1.59479e-03
-2.73280e-03
-3.54342e-03
-3.55544e-03
-2.84398e-03
-2.69665e-03
-2.76321e-03
-2.76752e-03
-2.75607e-03
-2.72045e-03
-2.66609e-03
-2.86418e-03
-3.46874e-03
-3.61986e-03
-3.76210e-03
-4.40434e-03
-3.88026e-03
-2.73021e-03
-1.15875e-03
7.22901e-05
9.10458e-04
9.67832e-04
7.84008e-05
-7.78597e-04
-9.45030e-04
-9.40370e-04
-7.89800e-04
-8.16760e-05
1.25518e-04
6.73330e-05
7.84789e-05
-3.01245e-05
1.02739e-04
8.98326e-04
1.80106e-03
1.99621e-03
1.85567e-03
9.76692e-04
1.47270e-04
2.09909e-04
7.02375e-04
3.89657e-04
8.49379e-04
9.34161e-04
2.16433e-04
9.80038e-05
1.83194e-05
-6.28163e-04
-1.03357e-03
-1.72352e-03
-1.83133e-03
-9.63636e-04
5.91515e-06
8.86121e-04
1.80113e-03
2.75348e-03
3.47527e-03
3.80118e-03
4.57605e-03
4.73570e-03
3.70995e-03
2.17044e-03
8.89707e-04
-6.64131e-04
-1.62922e-03
-1.87638e-03
-2.60802e-03
-2.72869e-03
-1.89289e-03
-8.93259e-04
-1.20718e-04
1.75842e-04
7.62696e-04
1.00200e-03
1.01873e-03
9.24034e-04
1.35176e-04
-6.87269e-04
-1.06562e-03
-1.61856e-03
-1.08727e-03
1.93859e-04
1.50252e-03
1.92206e-03
2.50466e-03
3.47581e-03
4.35368e-03
5.43405e-03
6.13873e-03
5.43849e-03
3.55683e-03
1.91668e-03
9.01817e-04
1.25847e-04
-7.95757e-04
-1.73016e-03
-3.35490e-03
-5.20095e-03
-6.92470e-03
-7.79886e-03
-7.78599e-03
-7.11229e-03
-6.21396e-03
-4.38231e-03
-1.89746e-03
-9.66600e-05
7.64962e-04
1.80898e-03
3.20089e-03
3.62456e-03
3.45305e-03
2.73806e-03
1.04790e-03
-7.36315e-04
-2.22712e-03
-2.65920e-03
-3.13144e-03
-2.55629e-03
-1.61544e-03
-1.03984e-03
-7.17049e-04
7.50413e-04
2.39584e-03
3.33269e-03
4.23677e-03
4.90377e-03
4.36034e-03
3.34934e-03
1.89778e-03
9.62652e-05
-2.12037e-03
-3.90256e-03
-5.55003e-03
-7.11355e-03
-7.90974e-03
-7.97127e-03
-7.83428e-03
-7.26115e-03
-6.25766e-03
-4.09913e-03
-1.40673e-03
1.47932e-03
3.44249e-03
4.67704e-03
5.13785e-03
5.61416e-03
5.69887e-03
5.12807e-03
4.79274e-03
3.45758e-03
1.83400e-03
3.22597e-04
-1.30321e-03
-2.78994e-03
-3.59255e-03
-3.66703e-03
-3.48875e-03
-2.98331e-03
-2.76319e-03
-2.20518e-03
-1.24615e-03
2.29923e-05
1.05898e-03
2.25391e-03
3.20928e-03
3.81451e-03
4.02713e-03
3.84657e-03
3.18199e-03
2.29600e-03
1.79054e-03
1.60242e-03
8.81514e-04
-4.63499e-04
-7.84818e-04
-4.83804e-04
6.45543e-04
1.49029e-03
2.17404e-03
2.82875e-03
2.82464e-03
2.19980e-03
1.56384e-03
7.81013e-04
-6.06097e-04
-1.89848e-03
-2.08601e-03
-1.88054e-03
-1.44366e-03
-1.24187e-03
-7.08382e-04
1.88344e-05
6.48358e-04
1.44401e-03
2.43870e-03
2.78477e-03
3.16756e-03
3.33481e-03
3.24317e-03
3.12050e-03
2.69945e-03
2.44155e-03
1.21318e-03
-5.66788e-04
-1.44808e-03
-1.91119e-03
-2.00239e-03
-1.88989e-03
-1.97130e-03
-2.50747e-03
-3.08819e-03
-3.03767e-03
-2.54700e-03
-1.88979e-03
-6.72227e-04
1.10463e-03
2.28144e-03
2.48741e-03
2.19303e-03
1.28069e-03
6.19804e-04
4.70661e-04
1.19452e-04
3.71141e-04
6.15981e-04
1.00384e-03
1.01937e-03
5.98880e-04
3.62764e-04
-2.11519e-05
-6.89632e-05
3.38730e-04
5.05732e-04
8.74392e-04
9.87226e-04
8.62117e-04
4.97490e-04
2.81304e-04
-6.21871e-05
-1.70659e-04
-1.45480e-04
-2.21884e-04
-1.53028e-04
3.17749e-04
7.74169e-04
7.63753e-04
7.81233e-04
1.23195e-03
1.65940e-03
1.71469e-03
1.71101e-03
1.53648e-03
7.65311e-04
1.84538e-04
-3.41264e-04
-1.17587e-03
-1.74566e-03
-2.18531e-03
-2.57650e-03
-2.58519e-03
-2.50034e-03
-2.52622e-03
-2.82135e-03
-2.97646e-03
-3.16863e-03
-2.86536e-03
-2.25756e-03
-1.42184e-03
-4.56703e-04
2.73429e-04
5.11483e-04
7.85384e-04
8.16184e-04
4.50757e-04
3.69451e-04
3.87005e-04
4.18956e-04
3.53816e-04
1.28820e-05
-4.21596e-04
-7.73842e-04
-1.14197e-03
-1.50793e-03
-1.82396e-03
-1.85061e-03
-1.71086e-03
-1.41454e-03
-1.33220e-03
-1.28112e-03
-9.54418e-04
-5.86589e-04
-1.48652e-04
4.69769e-04
8.16975e-04
8.84865e-04
1.10201e-03
1.13630e-03
1.07006e-03
1.10548e-03
1.30207e-03
1.32378e-03
1.26300e-03
1.25904e-03
1.19343e-03
9.09444e-04
5.64256e-04
3.18824e-04
2.04833e-04
1.99266e-05
-2.85694e-05
-3.55893e-05
-2.79396e-04
-5.51153e-04
-7.99832e-04
-9.70764e-04
-1.02041e-03
-1.15240e-03
-1.18996e-03
-1.09496e-03
-8.80686e-04
-6.15967e-04
-3.33748e-04
8.17860e-05
3.35505e-04
5.34026e-04
7.44250e-04
9.04809e-04
9.00834e-04
8.66931e-04
8.51702e-04
7.82881e-04
6.16656e-04
5.64712e-04
5.44456e-04
3.81118e-04
1.48583e-04
-1.61846e-04
-3.76054e-04
-5.01540e-04
-4.86786e-04
-3.50044e-04
-2.81514e-04
-1.73287e-04
-1.27598e-04
-1.23873e-04
-1.30017e-04
-2.20471e-04
-2.67784e-04
-3.25362e-04
-2.44905e-04
-1.60653e-04
-9.65842e-05
-1.49475e-04
-1.88857e-04
-1.43305e-04
-4.08292e-05
7.79376e-05
1.13428e-04
1.64249e-04
1.01992e-04
9.01961e-05
1.51057e-04
1.95002e-04
3.27761e-04
4.24762e-04
4.15297e-04
3.67319e-04
2.32442e-04
1.75267e-04
1.18440e-04
1.03383e-04
1.00386e-04
2.19303e-05
-1.08783e-04
-1.93538e-04
-2.24305e-04
-1.66270e-04
-8.92592e-05
-3.04100e-05
4.49603e-05
1.39943e-04
1.99559e-04
2.38385e-04
2.74994e-04
2.69999e-04
2.46122e-04
1.87021e-04
1.24810e-04
8.20079e-05
6.69918e-05
3.15377e-05
-2.33676e-05
-8.36633e-05
-9.64599e-05
-8.33770e-05
-4.75089e-05
1.33979e-05
4.93915e-05
7.04499e-05
6.61325e-05
3.84302e-05
2.63822e-06
-4.26171e-05
-7.16737e-05
-8.44136e-05
-8.20727e-05
-7.80728e-05
-8.61528e-05
-8.49548e-05
-9.19466e-05
-1.00310e-04
-9.91507e-05
-9.58241e-05
-6.35533e-05
-2.49469e-05
4.20375e-06
3.21659e-05
5.55630e-05
7.43899e-05
8.04459e-05
8.38508e-05
8.50346e-05
7.81374e-05
6.11584e-05
3.73950e-05
1.06507e-05
-7.90808e-06
-2.12179e-05
-2.63703e-05
-2.47147e-05
-2.24391e-05
-2.04752e-05
-1.71436e-05
-1.30951e-05
-1.32317e-05
-9.56830e-06
-3.87927e-06
5.79381e-08
3.72486e-06
5.66280e-06
5.32176e-06
3.95062e-06
3.78487e-06
4.46631e-06
4.09418e-06
2.47818e-06
6.74977e-07
-6.68141e-07
-1.89295e-06
-2.54875e-06
-2.37395e-06
-2.82583e-06
-3.66553e-06
-4.53809e-06
-4.27282e-06
-4.06022e-06
-3.75601e-06
-3.62923e-06
-3.34954e-06
-3.22306e-06
-2.97102e-06
-2.85047e-06
-2.68602e-06
-2.73503e-06
-2.59341e-06
-2.55470e-06
-2.32882e-06
-2.08814e-06
-1.90522e-06
-1.76710e-06
-1.58946e-06
-1.48950e-06
-1.41792e-06
-1.40356e-06
-1.39268e-06
-1.42927e-06
-1.44182e-06
-1.46929e-06
-1.47062e-06
-1.46848e-06
-1.42883e-06
-1.38997e-06
-1.33271e-06
-1.28045e-06
-1.22610e-06
-1.17869e-06
-1.13155e-06
-1.08830e-06
-1.04556e-06
-1.00430e-06
-9.63699e-07
