7.87390e-05
7.45719e-05
6.55357e-05
6.01695e-05
6.37969e-05
6.15178e-05
5.13954e-05
4.24548e-05
3.32910e-05
2.02289e-05
1.11119e-06
-2.65163e-05
-6.17231e-05
-1.01584e-04
-1.42448e-04
-1.53442e-04
-1.31309e-04
-1.04936e-04
-9.85404e-05
-9.61010e-05
-3.31931e-07
-7.78806e-05
-1.86970e-04
-2.15622e-04
3.26790e-06
4.62149e-05
-1.60883e-04
-2.79582e-04
-7.99221e-05
2.41853e-06
-2.30074e-04
-4.69089e-04
-4.68506e-04
-3.08996e-04
-4.51732e-04
-5.37523e-04
-2.51889e-04
-8.24180e-05
-5.42425e-05
-1.19296e-05
2.43754e-05
-1.77376e-04
-3.13861e-04
2.67072e-05
7.68219e-05
1.28279e-05
-1.28385e-05
-6.58977e-06
-1.29471e-04
-7.52637e-04
-1.00697e-03
-1.16486e-03
-1.04968e-03
-6.24814e-04
-7.57478e-04
-1.09138e-03
-1.69442e-03
-1.29557e-03
-7.11102e-04
-8.32730e-04
-7.21637e-04
-6.98967e-04
-5.03372e-04
-7.63449e-04
-8.13026e-04
-4.88768e-04
-6.53267e-04
-4.44259e-04
-5.21392e-04
-1.00693e-03
-7.84225e-04
4.73832e-04
5.86093e-04
8.69559e-04
1.40713e-03
3.53170e-04
-9.60574e-07
8.04778e-04
3.08436e-04
-1.18985e-03
-1.21173e-03
-3.57998e-04
-7.11235e-04
-4.16971e-04
6.27421e-05
-2.06491e-04
-8.03483e-04
-1.56555e-03
-2.32674e-03
-2.90582e-03
-1.99520e-03
-2.16762e-03
-2.30043e-03
-1.83182e-03
-5.81673e-04
-2.72691e-04
-1.15625e-03
-6.54641e-04
-7.04921e-05
9.50225e-04
-1.85014e-04
-2.84691e-03
-2.21455e-03
-8.92450e-04
-6.66082e-05
-5.97258e-04
-2.03474e-03
-1.60188e-03
-1.24076e-03
-3.51401e-03
-5.87572e-03
-4.79616e-03
-3.90717e-03
-3.67541e-03
-4.78240e-03
-3.52307e-03
6.86863e-04
1.95985e-03
1.27705e-03
9.16766e-04
7.06302e-04
1.53839e-03
1.90592e-03
1.44860e-03
1.82519e-03
2.92730e-03
3.32534e-03
2.15044e-03
8.76408e-04
-2.98490e-04
4.10235e-04
-2.32757e-04
-1.07731e-03
-1.73704e-04
1.48487e-03
1.64412e-03
2.26168e-03
2.66494e-03
4.51486e-03
5.61300e-03
3.55772e-03
1.82843e-03
2.73894e-04
-4.44332e-04
-1.08550e-03
-1.73385e-03
-2.03278e-03
-1.52865e-03
-8.87146e-04
-9.15098e-04
-2.97763e-03
-4.38367e-03
-2.42920e-03
-2.63044e-03
-1.24196e-03
1.00553e-03
2.61386e-03
3.25706e-03
3.60402e-03
3.34978e-03
2.38447e-03
1.50552e-03
5.70722e-04
1.06765e-03
8.22873e-04
-8.03017e-04
-1.16804e-03
-6.32777e-04
6.56005e-04
3.18955e-03
3.80692e-03
2.02021e-03
1.98287e-03
9.95479e-04
1.67207e-03
2.69250e-03
4.14129e-03
5.89111e-03
5.71307e-03
3.82881e-03
1.70773e-03
1.39477e-03
1.53983e-03
1.76614e-03
1.82710e-04
-8.66536e-04
-1.09127e-03
-4.52129e-04
8.00980e-04
2.69039e-03
5.05394e-03
4.86351e-03
2.44102e-03
1.09969e-03
1.37264e-03
1.75168e-03
3.37816e-03
4.85477e-03
4.08405e-03
2.80237e-03
2.34909e-03
1.64029e-03
-3.21820e-04
-2.44005e-03
-8.18753e-04
1.05669e-03
-3.12144e-04
8.70396e-04
3.24416e-03
2.35515e-03
1.12668e-03
1.58367e-03
-3.18232e-04
-4.54938e-03
-8.43950e-03
-6.60246e-03
1.12516e-05
1.57581e-03
8.34765e-04
1.05046e-03
-1.98727e-04
-1.12160e-03
-8.10670e-06
1.56149e-03
2.12945e-03
1.24893e-03
3.94149e-04
1.00300e-03
2.08337e-03
3.77381e-03
4.68895e-03
4.07658e-03
2.73610e-03
1.18259e-03
2.50492e-04
-2.11184e-04
-1.31264e-03
-2.62752e-03
-1.96084e-03
-1.40107e-03
-2.50507e-03
-2.83831e-03
-5.76707e-04
-1.93970e-04
-7.16859e-04
-2.43138e-04
2.87102e-05
1.92193e-03
4.27541e-03
4.85528e-03
3.05105e-03
1.89202e-03
1.62471e-03
1.07527e-03
1.39681e-03
4.81599e-04
-1.68015e-03
-1.87390e-03
-1.41787e-03
-2.42747e-03
-3.35603e-03
-2.98181e-03
-3.83153e-03
-6.72492e-03
-7.84381e-03
-7.83084e-03
-7.52601e-03
-5.22091e-03
-2.16618e-03
-1.87233e-03
-2.31430e-03
-2.10501e-03
-4.03897e-03
-4.71047e-03
-1.88977e-03
5.76965e-04
5.61908e-04
7.24022e-04
8.67652e-04
1.55278e-03
3.27558e-03
6.00023e-03
6.83298e-03
5.65128e-03
5.02822e-03
4.59611e-03
2.80820e-03
1.21385e-03
-9.84513e-05
2.51756e-04
6.90112e-04
-5.23689e-04
-1.25094e-03
-1.24438e-03
-3.17293e-03
-2.27194e-03
8.47572e-04
3.12979e-03
3.05222e-03
2.85588e-03
2.81581e-03
1.37894e-03
-3.71035e-04
2.12511e-04
1.28881e-03
-1.79178e-03
-2.47363e-03
-8.82218e-04
-1.10967e-03
-7.94907e-04
-1.27803e-04
-2.90032e-04
-4.70528e-04
-1.00664e-03
-2.02377e-03
-5.18629e-03
-3.67074e-03
-2.46647e-04
2.17611e-03
4.21091e-03
5.07237e-03
4.36376e-03
3.02572e-03
1.37953e-03
2.26858e-04
6.38234e-04
2.99804e-03
4.03231e-03
2.77373e-03
1.42682e-03
1.26218e-03
4.43340e-04
3.11671e-04
-1.94358e-03
-1.15216e-03
-1.84164e-03
-4.68001e-03
-5.18560e-03
-2.34080e-03
9.63805e-04
2.78937e-03
5.56923e-03
6.16491e-03
4.38775e-03
9.45115e-04
-3.00315e-03
-6.12772e-03
-7.65619e-03
-6.33265e-03
-4.63153e-03
-3.53423e-03
1.00247e-03
8.95189e-03
1.30263e-02
1.48937e-02
1.47061e-02
1.18102e-02
7.95971e-03
3.85247e-03
1.93416e-03
-8.19964e-04
-4.08692e-03
-5.65869e-03
-5.69605e-03
-5.41468e-03
-5.57152e-03
-4.03919e-03
-1.75264e-03
-2.51816e-03
-2.95562e-03
1.35081e-03
5.73683e-03
8.46351e-03
9.41463e-03
5.76434e-03
3.52604e-04
-2.40640e-03
-2.32752e-03
-1.39488e-03
-8.14250e-04
-4.83257e-04
-2.61804e-03
-4.84788e-03
-5.39461e-03
-3.02399e-03
-1.78659e-04
2.61662e-03
3.66010e-03
2.22306e-03
-1.04672e-03
-1.17243e-03
1.28358e-03
4.71995e-03
5.63752e-03
4.69914e-03
1.74155e-03
-1.49424e-03
-1.76667e-03
-1.33527e-03
-7.71797e-04
-6.79973e-04
-3.07840e-03
-6.71805e-03
-8.05905e-03
-6.79715e-03
-4.90530e-03
-3.94509e-03
-2.48639e-03
1.29436e-03
4.30393e-03
5.24494e-03
5.29946e-03
3.73324e-03
2.39654e-03
2.06280e-03
8.49986e-05
-7.73361e-04
-1.06116e-03
-3.14295e-03
-6.89689e-03
-1.19463e-02
-1.64509e-02
-1.85219e-02
-1.70879e-02
-1.07715e-02
-4.16265e-03
-4.98106e-03
-9.79434e-03
-1.12643e-02
-6.70403e-03
2.02568e-03
1.23469e-02
1.96764e-02
2.04219e-02
1.63910e-02
1.00372e-02
2.09305e-03
-6.11473e-03
-1.17040e-02
-1.32870e-02
-9.07157e-03
-1.44487e-03
6.71378e-03
1.17743e-02
9.63169e-03
3.29937e-03
5.31194e-04
4.51728e-03
7.24004e-03
2.81300e-03
-6.08501e-03
-1.38593e-02
-1.85760e-02
-1.91900e-02
-1.69285e-02
-1.54099e-02
-1.52701e-02
-1.30373e-02
-7.25023e-03
-3.50964e-04
4.39873e-03
4.95622e-03
2.27438e-03
-2.09044e-03
-7.52006e-03
-1.27603e-02
-1.29368e-02
-9.23931e-03
-1.02552e-02
-1.60634e-02
-2.09851e-02
-1.76718e-02
-8.11490e-03
-4.48879e-04
3.48218e-03
7.66797e-03
1.23769e-02
1.50207e-02
1.26461e-02
8.59334e-03
4.68193e-03
3.00958e-03
2.36463e-03
6.23796e-04
-1.80330e-03
-3.35517e-03
-6.29521e-04
4.80134e-03
6.95123e-03
4.35817e-03
2.71511e-05
-4.63407e-03
-7.07161e-03
-6.93348e-03
-6.93574e-03
-5.42701e-03
-1.43150e-03
8.00562e-04
-1.20703e-03
-5.61025e-03
-6.83058e-03
-5.53172e-03
-3.76478e-03
-3.26148e-03
-4.85681e-03
-6.65586e-03
-5.98728e-03
-7.42521e-04
5.70891e-03
1.11586e-02
1.32483e-02
1.22130e-02
1.07654e-02
1.03448e-02
7.36984e-03
3.01356e-03
3.63721e-03
3.70404e-03
1.41523e-03
3.78373e-04
-2.82742e-04
-4.57454e-03
-7.76589e-03
-7.98464e-03
-7.95301e-03
-9.19535e-03
-8.02285e-03
-3.52766e-03
1.83166e-04
5.10457e-03
1.37720e-02
1.92837e-02
2.03675e-02
2.03640e-02
1.94397e-02
1.83654e-02
2.00119e-02
2.39511e-02
2.80941e-02
3.04917e-02
3.31789e-02
3.13975e-02
2.65677e-02
2.22987e-02
1.99566e-02
1.97167e-02
1.97545e-02
1.86372e-02
1.79377e-02
2.22512e-02
2.76380e-02
2.62339e-02
1.58978e-02
3.18672e-03
-2.02743e-03
-4.44397e-03
-1.13700e-02
-2.02946e-02
-2.90126e-02
-3.66945e-02
-3.81888e-02
-3.51027e-02
-3.56272e-02
-4.51740e-02
-5.64895e-02
-5.98903e-02
-5.51305e-02
-4.56423e-02
-3.41322e-02
-2.06234e-02
-6.54472e-03
7.63538e-03
2.17416e-02
3.59937e-02
4.78307e-02
5.20665e-02
5.35986e-02
5.41890e-02
4.93394e-02
4.15697e-02
3.23401e-02
2.19065e-02
1.24601e-02
5.77370e-04
-1.39046e-02
-2.31982e-02
-3.05508e-02
-3.64189e-02
-3.94602e-02
-4.03986e-02
-3.57953e-02
-2.66589e-02
-1.55667e-02
-3.18876e-03
9.29562e-03
2.05184e-02
2.72871e-02
2.83320e-02
2.54883e-02
2.20282e-02
2.13034e-02
2.29258e-02
2.20466e-02
2.09559e-02
2.10087e-02
2.10205e-02
1.88619e-02
1.31745e-02
6.64670e-03
2.26577e-03
9.22510e-04
3.91845e-03
9.01866e-03
1.02382e-02
5.92383e-03
3.14123e-03
-4.55558e-04
-5.24010e-03
-6.65015e-03
-3.76518e-03
1.58963e-03
4.65787e-03
4.12846e-03
-1.75914e-04
-9.60194e-03
-2.13413e-02
-2.92153e-02
-3.51269e-02
-4.24270e-02
-4.59424e-02
-4.79901e-02
-5.24509e-02
-6.11985e-02
-7.21970e-02
-8.00282e-02
-8.25668e-02
-7.54357e-02
-6.15448e-02
-5.05294e-02
-4.48309e-02
-4.46150e-02
-4.34104e-02
-3.44166e-02
-1.88522e-02
-2.92989e-03
1.23281e-02
2.47621e-02
3.09596e-02
2.96729e-02
2.35820e-02
1.71025e-02
1.43915e-02
1.64152e-02
2.35453e-02
3.14335e-02
3.76119e-02
3.90186e-02
3.62460e-02
3.44643e-02
3.17491e-02
2.28780e-02
9.96038e-03
2.74922e-03
5.43752e-03
8.08389e-03
8.98308e-03
1.05196e-02
1.21107e-02
1.46924e-02
2.33836e-02
3.68171e-02
5.05169e-02
6.33005e-02
7.44237e-02
7.47423e-02
5.99248e-02
3.75798e-02
1.57593e-02
-5.22772e-03
-2.62725e-02
-4.56224e-02
-5.73237e-02
-5.71593e-02
-4.56254e-02
-3.00244e-02
-1.47577e-02
-3.97597e-03
-2.74185e-04
2.54902e-03
8.76376e-03
1.42786e-02
1.92211e-02
2.38326e-02
2.39928e-02
1.63081e-02
-9.34486e-04
-2.29316e-02
-4.15053e-02
-4.76275e-02
-4.28517e-02
-3.52467e-02
-2.64707e-02
-2.14596e-02
-2.01657e-02
-1.52631e-02
-7.73792e-03
-9.50062e-05
5.24458e-03
6.30557e-03
3.99745e-03
-2.27778e-03
-1.04624e-02
-2.26675e-02
-3.90242e-02
-5.53416e-02
-6.18944e-02
-5.85631e-02
-5.16482e-02
-4.28208e-02
-3.54666e-02
-3.24952e-02
-3.21642e-02
-2.86478e-02
-2.21794e-02
-1.74001e-02
-1.60392e-02
-1.50575e-02
-1.10120e-02
-3.77528e-03
6.64298e-03
2.04280e-02
2.78221e-02
2.96482e-02
3.89189e-02
5.69875e-02
7.58067e-02
9.26866e-02
1.04318e-01
1.08228e-01
1.07903e-01
1.06343e-01
1.02137e-01
9.33089e-02
8.28151e-02
6.92167e-02
5.09157e-02
3.07236e-02
1.14968e-02
-7.31065e-03
-2.26423e-02
-2.71153e-02
-2.50696e-02
-2.06298e-02
-1.14344e-02
-9.46217e-04
7.98530e-03
1.69888e-02
2.69272e-02
3.79904e-02
4.13601e-02
3.72910e-02
2.63857e-02
9.77185e-03
-8.31464e-03
-2.63642e-02
-4.18195e-02
-4.67067e-02
-4.18103e-02
-3.36648e-02
-2.64205e-02
-1.94600e-02
-9.72701e-03
-1.80080e-04
4.00280e-03
4.21568e-03
7.64129e-04
-3.25094e-03
-5.07827e-03
-8.93219e-03
-1.63087e-02
-2.35254e-02
-2.78213e-02
-3.01251e-02
-3.31799e-02
-3.37853e-02
-2.93862e-02
-1.72848e-02
-2.25380e-03
1.24021e-02
2.13424e-02
2.10591e-02
1.44973e-02
5.50590e-03
-8.52611e-03
-2.56840e-02
-4.45016e-02
-6.55401e-02
-8.44645e-02
-9.92161e-02
-1.07754e-01
-1.12147e-01
-1.08568e-01
-9.38895e-02
-6.76734e-02
-3.66500e-02
-5.42935e-03
3.34037e-02
6.82579e-02
8.85724e-02
9.94768e-02
1.00977e-01
9.36663e-02
8.12303e-02
7.12344e-02
6.47779e-02
6.09726e-02
5.93835e-02
5.32811e-02
3.90613e-02
2.15168e-02
5.66731e-03
-6.08776e-03
-1.77238e-02
-2.36554e-02
-2.37970e-02
-1.98162e-02
-5.69419e-03
1.67956e-02
3.76457e-02
4.75055e-02
4.51668e-02
3.53859e-02
1.94336e-02
1.77760e-03
-1.55090e-02
-3.60372e-02
-6.53941e-02
-9.55141e-02
-1.16666e-01
-1.29295e-01
-1.36425e-01
-1.40521e-01
-1.43655e-01
-1.48284e-01
-1.51871e-01
-1.48626e-01
-1.32687e-01
-1.01921e-01
-5.49679e-02
-5.04126e-03
3.32257e-02
5.85174e-02
7.70399e-02
9.41502e-02
1.11516e-01
1.30549e-01
1.50707e-01
1.64020e-01
1.69380e-01
1.69001e-01
1.62429e-01
1.51561e-01
1.36695e-01
1.13182e-01
7.04714e-02
1.37976e-02
-3.89966e-02
-8.40819e-02
-1.17481e-01
-1.33099e-01
-1.34190e-01
-1.21578e-01
-1.02636e-01
-7.50624e-02
-4.04172e-02
-9.40485e-04
4.16930e-02
8.09789e-02
1.11294e-01
1.32485e-01
1.43103e-01
1.45218e-01
1.34716e-01
1.00487e-01
4.65972e-02
-1.36287e-02
-6.15330e-02
-8.98779e-02
-1.04115e-01
-1.07932e-01
-9.41801e-02
-6.02127e-02
-1.92020e-02
2.70147e-02
6.66652e-02
8.39974e-02
8.40716e-02
8.03917e-02
8.22424e-02
8.55172e-02
7.23808e-02
3.47327e-02
-2.29742e-02
-7.79297e-02
-1.14772e-01
-1.38582e-01
-1.57261e-01
-1.69805e-01
-1.74113e-01
-1.71332e-01
-1.64983e-01
-1.50758e-01
-1.23296e-01
-8.81394e-02
-5.14985e-02
-1.05609e-02
3.65450e-02
8.78720e-02
1.38212e-01
1.71410e-01
1.83505e-01
1.78340e-01
1.61734e-01
1.39223e-01
1.16889e-01
9.60287e-02
8.36264e-02
7.71726e-02
6.60369e-02
4.58544e-02
2.10225e-02
-4.61240e-03
-2.98940e-02
-5.49605e-02
-7.09424e-02
-7.20404e-02
-7.02165e-02
-7.20682e-02
-7.55230e-02
-8.08449e-02
-8.75180e-02
-9.06078e-02
-7.78834e-02
-5.52169e-02
-3.49567e-02
-1.62271e-02
1.23232e-03
1.45047e-02
2.65586e-02
3.77993e-02
4.19175e-02
4.05931e-02
3.68990e-02
3.11286e-02
1.98561e-02
3.35373e-03
-1.54362e-02
-2.85249e-02
-3.12733e-02
-2.78830e-02
-1.80234e-02
1.78300e-03
2.58888e-02
4.25615e-02
4.93981e-02
5.20320e-02
5.21589e-02
5.35238e-02
5.63618e-02
5.80382e-02
5.59112e-02
4.52867e-02
2.80784e-02
7.11938e-03
-1.49802e-02
-3.57862e-02
-5.56660e-02
-6.98444e-02
-8.00472e-02
-8.81064e-02
-9.01927e-02
-8.79462e-02
-8.45461e-02
-8.25819e-02
-7.93822e-02
-7.33225e-02
-6.60987e-02
-5.68204e-02
-4.65267e-02
-3.45337e-02
-1.86648e-02
-1.32895e-03
1.13696e-02
1.51393e-02
1.49295e-02
1.60133e-02
1.48208e-02
8.66133e-03
1.90123e-03
-2.48555e-03
-4.50699e-03
-4.95926e-03
2.75100e-05
1.44081e-02
3.14805e-02
4.75199e-02
6.16325e-02
7.12724e-02
7.72958e-02
7.77146e-02
7.22166e-02
6.32836e-02
5.03568e-02
3.48019e-02
1.93904e-02
3.29344e-03
-1.06816e-02
-2.53835e-02
-3.75402e-02
-4.51395e-02
-5.16371e-02
-5.89759e-02
-6.96563e-02
-8.21825e-02
-9.05733e-02
-8.76510e-02
-7.21836e-02
-4.45703e-02
-1.49715e-02
1.37724e-02
4.09255e-02
6.22528e-02
6.94713e-02
6.73062e-02
6.32629e-02
5.92724e-02
5.59033e-02
5.47462e-02
5.51831e-02
5.66715e-02
5.70049e-02
5.46421e-02
4.66636e-02
2.47937e-02
-6.37043e-03
-3.64601e-02
-6.49554e-02
-8.50658e-02
-9.14575e-02
-8.83848e-02
-8.22734e-02
-7.21007e-02
-5.07314e-02
-1.69612e-02
1.97090e-02
4.28443e-02
5.59937e-02
6.45802e-02
6.79238e-02
6.79134e-02
6.11310e-02
4.79379e-02
3.24421e-02
1.60147e-02
2.48149e-03
-3.38649e-03
-4.53490e-03
-3.83708e-03
4.67022e-03
2.18887e-02
5.54008e-02
1.00866e-01
1.38707e-01
1.64376e-01
1.85353e-01
2.01221e-01
2.11559e-01
2.16561e-01
2.11776e-01
1.92118e-01
1.54923e-01
1.04424e-01
4.27470e-02
-1.73426e-02
-6.86311e-02
-1.07469e-01
-1.23843e-01
-1.14002e-01
-8.81555e-02
-6.22189e-02
-3.89737e-02
-2.29276e-02
-2.13322e-02
-2.78746e-02
-3.81038e-02
-5.70893e-02
-8.15891e-02
-1.04230e-01
-1.21447e-01
-1.29237e-01
-1.31943e-01
-1.37643e-01
-1.43377e-01
-1.43251e-01
-1.34127e-01
-1.13150e-01
-7.62613e-02
-3.07359e-02
1.03559e-02
5.07728e-02
8.63932e-02
9.96740e-02
9.85629e-02
9.10348e-02
6.88988e-02
3.20739e-02
-1.31359e-02
-6.18163e-02
-1.03767e-01
-1.37348e-01
-1.68817e-01
-1.97420e-01
-2.21459e-01
-2.30994e-01
-2.21353e-01
-1.85178e-01
-1.13456e-01
-3.46250e-02
2.18248e-02
5.29796e-02
7.30686e-02
9.35017e-02
1.13492e-01
1.30894e-01
1.46875e-01
1.57991e-01
1.58009e-01
1.42445e-01
1.04422e-01
4.45658e-02
-3.11637e-02
-9.81028e-02
-1.44574e-01
-1.83395e-01
-2.14596e-01
-2.29220e-01
-2.29290e-01
-2.25606e-01
-2.22841e-01
-2.19668e-01
-2.10762e-01
-1.88871e-01
-1.49116e-01
-9.33575e-02
-2.67504e-02
3.81665e-02
9.71424e-02
1.39339e-01
1.62134e-01
1.72273e-01
1.63679e-01
1.39120e-01
1.11434e-01
9.22061e-02
8.07515e-02
7.44115e-02
7.45654e-02
7.87871e-02
8.94432e-02
1.08108e-01
1.28575e-01
1.44913e-01
1.46770e-01
1.26770e-01
8.06799e-02
2.15018e-02
-2.36863e-02
-4.57907e-02
-5.24958e-02
-5.40628e-02
-5.50507e-02
-4.96075e-02
-2.63368e-02
4.81067e-03
3.12057e-02
4.52117e-02
5.48737e-02
7.31677e-02
9.04420e-02
9.47513e-02
9.06523e-02
8.86451e-02
9.29375e-02
9.69003e-02
9.33965e-02
7.55246e-02
5.13644e-02
3.33349e-02
1.48918e-02
-6.97273e-03
-2.44020e-02
-2.77738e-02
-1.67946e-02
-3.26447e-03
1.62100e-03
-6.82392e-04
-3.46117e-03
-4.24155e-03
-5.08355e-03
-5.40870e-03
-4.76133e-03
-7.91488e-03
-2.21510e-02
-5.27407e-02
-8.89088e-02
-1.17048e-01
-1.40811e-01
-1.61990e-01
-1.77454e-01
-1.80221e-01
-1.69216e-01
-1.38028e-01
-8.42452e-02
-2.12607e-02
4.01790e-02
1.00019e-01
1.41463e-01
1.61137e-01
1.65362e-01
1.51954e-01
1.23539e-01
9.35377e-02
6.58873e-02
4.44939e-02
3.24563e-02
1.81744e-02
5.44487e-03
5.42178e-03
1.51734e-02
2.14603e-02
2.06733e-02
2.25894e-02
2.99722e-02
3.56095e-02
3.64040e-02
3.52475e-02
3.67590e-02
4.50697e-02
5.79273e-02
6.62611e-02
6.34589e-02
5.48901e-02
4.31049e-02
2.74561e-02
9.56682e-03
-6.57010e-03
-1.84910e-02
-2.65370e-02
-3.13819e-02
-3.56402e-02
-3.86483e-02
-4.02615e-02
-4.59352e-02
-5.56550e-02
-6.46117e-02
-6.63043e-02
-6.01277e-02
-5.70348e-02
-6.09899e-02
-6.78224e-02
-7.42217e-02
-7.71840e-02
-7.55040e-02
-7.01596e-02
-6.15664e-02
-5.09346e-02
-3.54040e-02
-1.33078e-02
1.11025e-02
2.97216e-02
4.68985e-02
6.04840e-02
6.89160e-02
7.65865e-02
8.31759e-02
9.06302e-02
9.68332e-02
9.64595e-02
8.55949e-02
6.34743e-02
3.93430e-02
2.45705e-02
2.02165e-02
2.11967e-02
2.30361e-02
2.34988e-02
2.29629e-02
2.20421e-02
1.91147e-02
1.04675e-02
-5.25724e-04
-1.13215e-02
-1.69358e-02
-2.07995e-02
-2.54563e-02
-3.07068e-02
-3.76643e-02
-3.83294e-02
-3.04140e-02
-1.93619e-02
-1.33652e-02
-1.41112e-02
-2.19679e-02
-3.83683e-02
-5.98134e-02
-8.15627e-02
-1.00931e-01
-1.09651e-01
-9.66558e-02
-6.05999e-02
-2.34029e-02
1.84028e-03
2.09613e-02
3.46567e-02
4.21716e-02
4.33912e-02
4.36169e-02
4.26945e-02
3.84504e-02
2.94211e-02
1.73391e-02
6.07122e-03
-5.98554e-03
-1.65810e-02
-2.28832e-02
-2.79183e-02
-3.31537e-02
-3.66041e-02
-3.95865e-02
-4.20991e-02
-4.58579e-02
-4.99613e-02
-5.11814e-02
-4.92510e-02
-4.62740e-02
-4.26784e-02
-3.83064e-02
-3.31943e-02
-3.20474e-02
-3.85435e-02
-5.05022e-02
-6.07094e-02
-6.77110e-02
-7.05691e-02
-6.83343e-02
-6.05900e-02
-4.81225e-02
-3.49998e-02
-2.30131e-02
-1.25564e-02
-3.59099e-03
6.13331e-03
1.42173e-02
1.64799e-02
1.00643e-02
-3.65702e-03
-1.60128e-02
-2.76709e-02
-3.80263e-02
-4.23435e-02
-3.75537e-02
-2.56428e-02
-1.24765e-02
-7.32705e-05
1.16705e-02
2.20301e-02
2.98772e-02
3.85085e-02
4.29272e-02
4.30176e-02
4.19102e-02
4.06828e-02
3.85849e-02
3.44728e-02
2.54747e-02
1.08028e-02
-4.37462e-03
-1.64252e-02
-2.56895e-02
-2.84260e-02
-2.47086e-02
-1.79902e-02
-1.17903e-02
-4.94597e-03
-3.24162e-04
6.70549e-04
-2.21762e-03
-6.60011e-03
-1.27423e-02
-1.46858e-02
-1.08971e-02
-3.64129e-03
7.41556e-03
2.25837e-02
3.74462e-02
4.95183e-02
5.90309e-02
6.40999e-02
6.56647e-02
6.87932e-02
7.20066e-02
7.67045e-02
8.07251e-02
7.74374e-02
6.39686e-02
4.84051e-02
3.84565e-02
3.24605e-02
2.88550e-02
2.91770e-02
3.24671e-02
3.44572e-02
3.58717e-02
3.54534e-02
3.21809e-02
2.51919e-02
1.76639e-02
1.24129e-02
7.25380e-03
3.09329e-03
2.71071e-03
7.51362e-03
1.55798e-02
1.99108e-02
1.72165e-02
1.20878e-02
7.99407e-03
9.25475e-03
1.43729e-02
2.45144e-02
3.74633e-02
5.21425e-02
7.26930e-02
9.75795e-02
1.22117e-01
1.41177e-01
1.51093e-01
1.53450e-01
1.50601e-01
1.42429e-01
1.27939e-01
1.04775e-01
7.73801e-02
5.25660e-02
2.97109e-02
6.48920e-03
-1.63670e-02
-4.12272e-02
-6.87600e-02
-9.22300e-02
-1.04712e-01
-1.11930e-01
-1.19483e-01
-1.24787e-01
-1.24517e-01
-1.18829e-01
-1.08514e-01
-9.87745e-02
-8.69511e-02
-7.18993e-02
-5.57316e-02
-4.01461e-02
-3.02031e-02
-2.59837e-02
-2.34243e-02
-2.09661e-02
-1.65796e-02
-1.26520e-02
-1.55925e-02
-2.47245e-02
-3.69381e-02
-5.20610e-02
-6.50991e-02
-7.17978e-02
-7.51645e-02
-7.61397e-02
-7.38802e-02
-6.29413e-02
-4.74385e-02
-3.18946e-02
-1.88401e-02
-1.33888e-02
-1.72530e-02
-2.35929e-02
-3.21762e-02
-4.14507e-02
-5.03871e-02
-5.72195e-02
-6.10473e-02
-6.39616e-02
-6.21094e-02
-5.44685e-02
-4.63193e-02
-3.25396e-02
-1.60898e-02
-3.14323e-03
8.51003e-03
1.89566e-02
2.98360e-02
4.00044e-02
4.68444e-02
4.71242e-02
4.16125e-02
2.95201e-02
1.69731e-02
8.15209e-03
-1.81154e-03
-1.47329e-02
-2.26879e-02
-2.00280e-02
-6.70109e-03
8.67828e-03
2.13435e-02
3.27243e-02
4.23154e-02
4.79266e-02
5.11800e-02
5.36217e-02
5.25154e-02
4.77211e-02
4.20664e-02
3.52091e-02
2.91159e-02
2.46375e-02
1.80090e-02
7.73497e-03
-6.40697e-03
-2.27039e-02
-3.49392e-02
-4.11956e-02
-4.43206e-02
-4.65596e-02
-4.88513e-02
-5.27360e-02
-5.71213e-02
-5.89012e-02
-5.68450e-02
-4.76765e-02
-2.96700e-02
-9.24343e-03
7.94395e-03
2.12780e-02
2.89534e-02
3.31572e-02
4.16297e-02
5.15356e-02
5.95137e-02
6.46286e-02
7.06740e-02
7.66836e-02
8.21517e-02
8.79193e-02
9.29078e-02
9.57427e-02
9.38027e-02
8.90776e-02
8.11430e-02
6.77815e-02
5.24732e-02
3.89629e-02
3.10418e-02
2.70426e-02
2.40905e-02
2.05694e-02
1.71719e-02
1.51253e-02
1.58193e-02
1.71560e-02
1.50313e-02
9.38149e-03
1.57693e-03
-7.37100e-03
-1.51154e-02
-2.17941e-02
-2.82507e-02
-3.06448e-02
-2.76577e-02
-1.65135e-02
2.29345e-03
2.20259e-02
4.01173e-02
5.51580e-02
6.40027e-02
6.64905e-02
6.23856e-02
5.33736e-02
3.35689e-02
5.26114e-03
-2.31485e-02
-4.81150e-02
-7.08771e-02
-9.08999e-02
-1.02170e-01
-1.03543e-01
-9.52484e-02
-7.66630e-02
-5.68340e-02
-3.86481e-02
-2.05097e-02
-3.86917e-03
7.66273e-03
1.12268e-02
1.10752e-02
1.19785e-02
1.29413e-02
1.74438e-02
2.10967e-02
2.08434e-02
1.81572e-02
1.20257e-02
2.67118e-03
-4.79955e-03
-7.94484e-03
-5.77935e-03
-2.45706e-04
5.41315e-03
1.16018e-02
1.69535e-02
1.97609e-02
2.39484e-02
2.78156e-02
2.73490e-02
2.25825e-02
1.35972e-02
2.05645e-03
-1.06690e-02
-2.53247e-02
-4.48170e-02
-5.91424e-02
-7.20285e-02
-8.47226e-02
-9.19233e-02
-9.33933e-02
-9.02885e-02
-7.93677e-02
-6.34920e-02
-4.98788e-02
-4.08807e-02
-3.78028e-02
-4.06245e-02
-4.73388e-02
-5.56856e-02
-6.28158e-02
-6.65592e-02
-6.61124e-02
-6.15318e-02
-5.68139e-02
-5.38393e-02
-5.06062e-02
-4.76720e-02
-4.35552e-02
-3.85305e-02
-3.43548e-02
-2.99917e-02
-2.73520e-02
-2.26976e-02
-1.59446e-02
-1.01200e-02
-4.43858e-03
-1.93120e-04
5.46160e-04
1.32899e-04
-8.42098e-05
4.10604e-04
1.51635e-03
4.33130e-03
9.52025e-03
1.39969e-02
1.46173e-02
1.37543e-02
1.45589e-02
1.77838e-02
2.41476e-02
3.13721e-02
3.67568e-02
3.97744e-02
3.99760e-02
3.65787e-02
3.07182e-02
2.44254e-02
2.00289e-02
1.97561e-02
2.11037e-02
2.56730e-02
3.16110e-02
3.64898e-02
3.80845e-02
3.75678e-02
3.59087e-02
3.26100e-02
2.74693e-02
2.07991e-02
1.25672e-02
1.55412e-03
-1.12688e-02
-2.51231e-02
-3.48285e-02
-3.78548e-02
-3.52243e-02
-3.02187e-02
-2.42041e-02
-2.09756e-02
-1.84306e-02
-1.49858e-02
-1.30809e-02
-1.28347e-02
-9.13888e-03
-4.06663e-03
1.25614e-03
7.84396e-03
1.21721e-02
1.14330e-02
1.03335e-02
1.16591e-02
1.22382e-02
1.09592e-02
1.08352e-02
1.34236e-02
1.66781e-02
2.09783e-02
3.07974e-02
4.73919e-02
6.20067e-02
7.23052e-02
7.96660e-02
8.56078e-02
8.66908e-02
8.63554e-02
8.37581e-02
7.98863e-02
7.41620e-02
6.78521e-02
6.44337e-02
6.33223e-02
6.15313e-02
5.88624e-02
5.17579e-02
3.63622e-02
1.39120e-02
-1.02132e-02
-3.26152e-02
-4.80528e-02
-5.30698e-02
-5.17586e-02
-4.74940e-02
-4.29584e-02
-4.10436e-02
-4.15242e-02
-4.27873e-02
-4.63314e-02
-4.77348e-02
-4.51852e-02
-4.18872e-02
-3.82293e-02
-3.48468e-02
-2.76613e-02
-1.47380e-02
-2.14683e-03
6.52834e-03
1.12386e-02
1.04739e-02
7.22621e-03
5.42263e-03
5.99873e-03
8.66073e-03
1.49918e-02
2.14398e-02
2.59375e-02
2.58935e-02
2.09268e-02
1.56041e-02
9.66670e-03
2.22775e-03
-4.57927e-03
-1.16190e-02
-1.84654e-02
-2.48059e-02
-2.86014e-02
-2.65760e-02
-1.71595e-02
1.43299e-03
2.19684e-02
3.86442e-02
5.71059e-02
7.47991e-02
8.86372e-02
9.70418e-02
1.03348e-01
1.07031e-01
1.10055e-01
1.11821e-01
1.11219e-01
1.06298e-01
9.89082e-02
8.84440e-02
7.59221e-02
6.28993e-02
4.94790e-02
3.73803e-02
2.38826e-02
8.25169e-03
-7.88353e-03
-2.53368e-02
-4.68738e-02
-6.97187e-02
-8.51708e-02
-9.04090e-02
-9.08167e-02
-9.08647e-02
-9.12622e-02
-9.29738e-02
-9.64395e-02
-9.86183e-02
-1.00217e-01
-1.00605e-01
-9.72280e-02
-8.92434e-02
-7.94921e-02
-7.48808e-02
-7.50676e-02
-7.41364e-02
-7.34347e-02
-7.65135e-02
-8.15489e-02
-8.58574e-02
-8.71661e-02
-8.54611e-02
-8.19533e-02
-7.66029e-02
-6.95936e-02
-6.12032e-02
-5.07540e-02
-3.79070e-02
-2.66270e-02
-1.92940e-02
-1.23050e-02
-5.45352e-03
-4.55713e-03
-6.77965e-03
-9.72140e-03
-1.06916e-02
-9.79813e-03
-6.20453e-03
4.12069e-04
6.90890e-03
9.10790e-03
8.91998e-03
6.74339e-03
3.54288e-03
1.54300e-03
1.67151e-03
4.44330e-03
1.08120e-02
1.75369e-02
2.24713e-02
2.45421e-02
2.69835e-02
2.95667e-02
3.18341e-02
3.40425e-02
3.86363e-02
4.31029e-02
4.76648e-02
4.88815e-02
4.43901e-02
3.72794e-02
2.78465e-02
1.92866e-02
1.16660e-02
4.10439e-03
-6.97883e-04
-2.24435e-03
-9.14204e-04
6.46314e-04
-1.37608e-03
-4.16764e-03
-5.41139e-03
-6.70779e-03
-4.64439e-03
1.53622e-03
8.68579e-03
1.64955e-02
2.15746e-02
2.38213e-02
2.49306e-02
2.72091e-02
2.85517e-02
2.85983e-02
2.57533e-02
2.06327e-02
1.61913e-02
1.09045e-02
6.53739e-03
4.35169e-03
4.30264e-03
6.67830e-03
7.48627e-03
6.67623e-03
5.86660e-03
8.51752e-03
1.25579e-02
1.50532e-02
1.69478e-02
1.93835e-02
2.15351e-02
2.61502e-02
3.65240e-02
4.47606e-02
4.89061e-02
5.05302e-02
4.98039e-02
4.89240e-02
4.72446e-02
4.23682e-02
3.64488e-02
3.32667e-02
3.44062e-02
3.88327e-02
4.05843e-02
3.54113e-02
2.73368e-02
1.73599e-02
4.63369e-03
-8.84280e-03
-2.07464e-02
-2.87279e-02
-3.25117e-02
-3.43921e-02
-3.41638e-02
-3.33456e-02
-3.03164e-02
-2.34350e-02
-1.40172e-02
-6.23988e-03
-2.50624e-04
4.83215e-03
1.08152e-02
1.92411e-02
2.81333e-02
3.37593e-02
3.50634e-02
3.25479e-02
2.86662e-02
2.43539e-02
2.14741e-02
1.88455e-02
1.71305e-02
1.78762e-02
1.99868e-02
2.22467e-02
2.34461e-02
2.26499e-02
2.04883e-02
1.45089e-02
4.12461e-03
-3.26353e-03
-8.25881e-03
-1.64546e-02
-2.75970e-02
-3.87221e-02
-4.83872e-02
-5.65971e-02
-6.20173e-02
-6.61589e-02
-6.86954e-02
-6.84396e-02
-6.43451e-02
-5.78779e-02
-5.22118e-02
-4.68384e-02
-4.01373e-02
-3.29292e-02
-2.47416e-02
-1.35513e-02
4.31953e-05
1.16274e-02
2.01883e-02
2.60153e-02
2.95807e-02
2.95056e-02
2.58743e-02
1.83130e-02
5.45355e-03
-8.82782e-03
-2.17363e-02
-3.26803e-02
-4.17712e-02
-4.78450e-02
-4.62933e-02
-4.16827e-02
-4.17246e-02
-3.83656e-02
-3.00779e-02
-1.64443e-02
-7.98466e-04
1.99193e-02
4.02503e-02
5.37000e-02
6.20986e-02
6.76364e-02
7.00657e-02
7.04835e-02
6.88910e-02
6.45237e-02
5.55717e-02
4.55306e-02
3.91735e-02
3.22588e-02
2.37626e-02
1.62920e-02
9.00692e-03
3.79239e-03
-3.98591e-04
-3.74717e-03
-6.48295e-03
-1.05926e-02
-1.38997e-02
-1.47124e-02
-1.80579e-02
-2.36569e-02
-3.04815e-02
-3.95158e-02
-4.99365e-02
-5.87236e-02
-6.44357e-02
-7.00054e-02
-7.84843e-02
-8.56845e-02
-8.75710e-02
-8.54405e-02
-8.03998e-02
-7.28892e-02
-6.33512e-02
-5.35148e-02
-4.18613e-02
-2.97673e-02
-2.32057e-02
-2.07624e-02
-1.95932e-02
-2.02768e-02
-2.04323e-02
-1.80403e-02
-1.37073e-02
-7.39867e-03
1.09699e-03
1.02990e-02
1.39221e-02
1.15611e-02
7.88365e-03
5.94915e-03
8.55612e-03
1.58297e-02
2.46707e-02
3.45137e-02
4.13089e-02
4.15798e-02
3.65461e-02
2.70381e-02
1.69805e-02
9.81640e-03
4.17074e-03
-3.20755e-04
-1.08785e-03
2.99059e-03
8.52564e-03
1.39942e-02
1.90859e-02
2.06716e-02
1.94348e-02
2.05010e-02
2.66000e-02
3.63642e-02
4.68396e-02
5.55112e-02
6.05289e-02
6.49687e-02
6.84730e-02
7.13102e-02
7.06308e-02
6.64359e-02
5.95074e-02
5.06688e-02
4.23254e-02
3.54705e-02
3.16590e-02
2.89697e-02
2.67756e-02
2.46969e-02
2.04280e-02
1.24780e-02
3.39405e-03
-5.40467e-03
-1.23193e-02
-1.69591e-02
-2.09518e-02
-2.40011e-02
-2.54088e-02
-2.53961e-02
-2.52103e-02
-2.47669e-02
-2.31172e-02
-2.23993e-02
-2.21958e-02
-2.02183e-02
-1.74757e-02
-1.22544e-02
-4.62327e-03
-6.69808e-04
1.04507e-05
9.04239e-04
1.03132e-04
-3.14562e-03
-4.95689e-03
-4.66902e-03
-4.93646e-03
-3.60282e-03
8.55831e-04
3.75377e-03
3.69408e-03
1.77234e-03
-5.17314e-06
7.50716e-04
1.38750e-03
3.69562e-03
7.01308e-03
9.96970e-03
1.35703e-02
1.62352e-02
1.65875e-02
1.45654e-02
1.09505e-02
7.44638e-03
4.14864e-03
-1.47757e-03
-8.64192e-03
-1.56483e-02
-2.36129e-02
-3.22788e-02
-4.02642e-02
-4.87830e-02
-5.66899e-02
-6.56459e-02
-7.29615e-02
-7.73238e-02
-8.00675e-02
-7.96475e-02
-7.32147e-02
-6.19054e-02
-4.84275e-02
-3.47535e-02
-2.42418e-02
-1.58755e-02
-9.36039e-03
-6.74099e-03
-6.80932e-03
-7.82516e-03
-5.61885e-03
-4.82580e-03
-7.85746e-03
-1.12491e-02
-1.52805e-02
-1.83282e-02
-2.04971e-02
-2.10013e-02
-1.80312e-02
-1.41760e-02
-8.98033e-03
-3.15499e-03
3.17339e-03
9.46081e-03
1.67524e-02
2.34219e-02
2.88155e-02
3.11030e-02
2.94622e-02
2.63695e-02
2.12109e-02
1.64076e-02
1.21073e-02
9.20916e-03
6.26300e-03
3.50405e-03
1.20253e-03
1.67346e-03
4.54617e-03
8.74164e-03
1.19189e-02
1.59370e-02
2.03029e-02
2.44044e-02
2.68824e-02
2.80978e-02
2.82972e-02
2.65529e-02
2.18679e-02
1.80291e-02
1.77002e-02
1.88234e-02
1.96267e-02
2.21869e-02
2.63059e-02
2.96216e-02
3.19166e-02
3.28276e-02
3.14717e-02
2.93226e-02
2.64952e-02
2.12518e-02
1.58749e-02
1.02499e-02
3.10262e-03
-4.33737e-03
-8.40331e-03
-9.75148e-03
-9.29572e-03
-7.33227e-03
-5.29573e-03
-3.31316e-03
-5.52701e-04
2.66809e-03
5.86045e-03
9.18368e-03
1.30611e-02
1.74155e-02
2.14616e-02
2.37513e-02
2.45378e-02
2.42999e-02
2.15371e-02
1.72690e-02
1.06483e-02
1.43876e-03
-8.49435e-03
-1.91381e-02
-2.96134e-02
-3.66134e-02
-3.85297e-02
-3.39961e-02
-2.70562e-02
-1.71852e-02
-4.03450e-03
5.20541e-03
8.06931e-03
9.71699e-03
1.31156e-02
1.99547e-02
2.99227e-02
3.74158e-02
3.92132e-02
3.92250e-02
3.75741e-02
3.29904e-02
2.48389e-02
1.64020e-02
5.45536e-03
-5.05122e-03
-1.34065e-02
-1.99641e-02
-2.44679e-02
-3.04286e-02
-3.73967e-02
-4.22684e-02
-4.52080e-02
-4.78668e-02
-4.98912e-02
-4.92327e-02
-4.74292e-02
-4.26003e-02
-3.67670e-02
-3.08746e-02
-2.29847e-02
-1.57363e-02
-1.14920e-02
-8.02000e-03
-4.01582e-03
1.17708e-03
4.01969e-03
4.46687e-03
6.39812e-03
8.99644e-03
1.01243e-02
1.08520e-02
1.24211e-02
1.42617e-02
1.66092e-02
2.00277e-02
2.36586e-02
2.84390e-02
3.14081e-02
3.14999e-02
3.27511e-02
3.38733e-02
3.39373e-02
3.29309e-02
3.23017e-02
3.07864e-02
3.00879e-02
3.05064e-02
2.89915e-02
2.65405e-02
2.50842e-02
2.29859e-02
2.13002e-02
1.95413e-02
1.59535e-02
1.15377e-02
9.57215e-03
5.83825e-03
7.22071e-04
-4.01764e-03
-6.02646e-03
-6.61893e-03
-7.70260e-03
-6.62391e-03
-4.75624e-03
-1.33718e-03
8.77081e-04
2.20933e-03
3.24533e-03
2.55576e-03
1.59448e-03
1.15113e-03
-9.00234e-04
-4.33605e-03
-7.89661e-03
-1.13901e-02
-1.50800e-02
-1.78951e-02
-1.78503e-02
-1.52983e-02
-1.26336e-02
-1.01891e-02
-6.92028e-03
-5.66503e-03
-6.56833e-03
-8.88362e-03
-1.04010e-02
-1.33945e-02
-1.75510e-02
-2.15204e-02
-2.42715e-02
-2.74963e-02
-3.15783e-02
-3.37329e-02
-3.46261e-02
-3.48734e-02
-3.33090e-02
-3.06314e-02
-2.66680e-02
-2.21639e-02
-1.56384e-02
-9.42823e-03
-6.49018e-03
-6.09168e-03
-6.93743e-03
-9.11837e-03
-8.91089e-03
-7.71015e-03
-7.20101e-03
-7.96832e-03
-9.81732e-03
-1.08494e-02
-1.28151e-02
-1.47885e-02
-1.55065e-02
-1.53443e-02
-1.49396e-02
-1.25971e-02
-1.05117e-02
-8.83097e-03
-4.43413e-03
2.65239e-03
9.01705e-03
1.51726e-02
2.10463e-02
2.37398e-02
2.49757e-02
2.51368e-02
2.33852e-02
2.18665e-02
1.88342e-02
1.47039e-02
1.03660e-02
4.64453e-03
-8.74846e-04
-5.78813e-03
-8.35229e-03
-9.08177e-03
-9.81102e-03
-7.97127e-03
-4.27494e-03
2.41043e-03
9.04437e-03
1.62771e-02
2.42236e-02
3.15601e-02
3.76287e-02
4.27385e-02
4.54287e-02
4.60364e-02
4.65025e-02
4.64630e-02
4.45054e-02
4.13399e-02
3.79743e-02
3.39864e-02
3.08856e-02
2.83479e-02
2.69130e-02
2.53735e-02
2.07747e-02
1.45570e-02
1.09348e-02
6.53683e-03
-6.67744e-04
-5.84106e-03
-1.01715e-02
-1.60926e-02
-2.31187e-02
-2.95648e-02
-3.43469e-02
-3.58935e-02
-3.25806e-02
-2.68182e-02
-2.05174e-02
-1.31858e-02
-3.27582e-03
8.07924e-03
1.69485e-02
2.20370e-02
2.52285e-02
2.96936e-02
3.26081e-02
3.39232e-02
3.65935e-02
3.97362e-02
4.20914e-02
4.34659e-02
4.35982e-02
4.34435e-02
4.31633e-02
4.37225e-02
4.20622e-02
3.88709e-02
3.70562e-02
3.59440e-02
3.32490e-02
2.96443e-02
2.58208e-02
1.81447e-02
7.70362e-03
-1.71525e-03
-1.05106e-02
-1.86912e-02
-2.91473e-02
-3.73310e-02
-4.44859e-02
-4.93405e-02
-5.39266e-02
-5.78745e-02
-6.05649e-02
-6.35740e-02
-6.67190e-02
-6.81481e-02
-6.91868e-02
-6.94460e-02
-7.07678e-02
-6.97158e-02
-6.69512e-02
-6.29486e-02
-5.89551e-02
-5.44305e-02
-4.69783e-02
-4.16116e-02
-3.72350e-02
-3.16249e-02
-2.72879e-02
-2.13076e-02
-1.50281e-02
-1.05918e-02
-8.64809e-03
-7.43189e-03
-8.91965e-03
-1.16388e-02
-1.39198e-02
-1.70067e-02
-1.92014e-02
-2.22017e-02
-2.31703e-02
-2.30469e-02
-2.27156e-02
-2.24663e-02
-2.37680e-02
-2.36474e-02
-2.45993e-02
-2.77716e-02
-3.11461e-02
-3.34881e-02
-3.41240e-02
-3.49526e-02
-3.58603e-02
-3.63193e-02
-3.66680e-02
-3.69295e-02
-3.83584e-02
-3.89778e-02
-3.80549e-02
-3.48520e-02
-2.96976e-02
-2.44018e-02
-2.04211e-02
-1.75428e-02
-1.64859e-02
-1.56566e-02
-1.56144e-02
-1.53655e-02
-1.58574e-02
-1.41567e-02
-1.32112e-02
-1.36217e-02
-1.34785e-02
-1.10163e-02
-9.30991e-03
-9.37834e-03
-7.08887e-03
-3.94652e-03
4.68844e-04
3.94193e-03
7.13770e-03
1.14037e-02
1.44860e-02
1.66581e-02
1.80053e-02
1.95279e-02
2.09365e-02
1.95843e-02
1.76558e-02
1.68643e-02
1.84850e-02
2.10791e-02
2.34843e-02
2.57352e-02
2.80267e-02
3.07972e-02
3.14990e-02
2.95520e-02
2.63437e-02
2.18644e-02
1.78159e-02
1.45125e-02
1.10464e-02
7.53207e-03
6.71796e-03
6.04568e-03
5.67947e-03
5.57418e-03
6.34387e-03
7.91296e-03
6.97310e-03
4.60324e-03
4.35972e-03
5.05323e-03
3.78455e-03
1.95483e-03
2.15475e-04
-1.27114e-03
-1.07462e-03
-7.55567e-04
-2.35779e-03
-4.79721e-03
-4.73497e-03
-3.02988e-03
-3.00068e-03
-2.20949e-03
8.09961e-05
1.18369e-03
1.64021e-03
1.19504e-03
1.90358e-03
4.18411e-03
6.03127e-03
6.25925e-03
6.88829e-03
8.77613e-03
1.00090e-02
1.27565e-02
1.64542e-02
1.76296e-02
2.00826e-02
2.51314e-02
2.92009e-02
3.16037e-02
3.24607e-02
3.43706e-02
3.67066e-02
3.72131e-02
3.58750e-02
3.37963e-02
3.21405e-02
3.08209e-02
2.86862e-02
2.55757e-02
2.16106e-02
1.88855e-02
1.33940e-02
5.57737e-03
1.13067e-03
-1.42535e-03
-8.35738e-03
-1.48829e-02
-1.93328e-02
-2.39115e-02
-2.89900e-02
-3.13949e-02
-3.12246e-02
-2.87571e-02
-2.60830e-02
-2.04966e-02
-1.48411e-02
-1.16609e-02
-8.84525e-03
-5.39158e-03
-2.70177e-03
2.49950e-04
1.95052e-03
2.44270e-03
1.94880e-03
2.22298e-03
2.12278e-03
1.76183e-03
7.68547e-04
1.43093e-04
2.07647e-05
1.54385e-03
4.21145e-03
5.36510e-03
6.10911e-03
6.74903e-03
6.52860e-03
6.12030e-03
7.04659e-03
7.94277e-03
8.17237e-03
8.35523e-03
7.48225e-03
7.50888e-03
8.66617e-03
9.38876e-03
1.03839e-02
1.34092e-02
1.69017e-02
1.86243e-02
2.06364e-02
2.26896e-02
2.31045e-02
2.05754e-02
2.07786e-02
2.41064e-02
2.52179e-02
2.55370e-02
2.78735e-02
3.04101e-02
3.24962e-02
3.47661e-02
3.51185e-02
3.19944e-02
2.87961e-02
2.81339e-02
2.73219e-02
2.24464e-02
1.75820e-02
1.49338e-02
1.28854e-02
1.15124e-02
1.13761e-02
1.17566e-02
1.34610e-02
1.64567e-02
1.98876e-02
2.26301e-02
2.58025e-02
2.81853e-02
2.90768e-02
3.10001e-02
3.21791e-02
3.11377e-02
3.00434e-02
2.86168e-02
2.75324e-02
2.61135e-02
2.57050e-02
2.20153e-02
1.86182e-02
1.33532e-02
1.02362e-02
9.00060e-03
6.02410e-03
3.45687e-03
2.89844e-03
2.22733e-03
3.58040e-04
-2.89550e-03
-7.27487e-03
-1.11493e-02
-1.63837e-02
-1.92170e-02
-1.82806e-02
-1.56540e-02
-1.30880e-02
-1.15956e-02
-1.03147e-02
-9.36981e-03
-8.36683e-03
-5.34814e-03
-9.56378e-04
3.50133e-03
9.00993e-03
1.63022e-02
2.05466e-02
2.09992e-02
2.08055e-02
2.17322e-02
2.15048e-02
1.88636e-02
1.57858e-02
1.06427e-02
6.29275e-03
1.28237e-03
-5.52029e-03
-1.07770e-02
-1.31486e-02
-1.57805e-02
-1.73091e-02
-1.75208e-02
-1.60888e-02
-1.34684e-02
-1.02242e-02
-5.63901e-03
-1.39299e-04
4.56316e-03
7.44874e-03
9.90783e-03
1.14305e-02
1.03020e-02
6.90552e-03
3.21796e-03
-1.57085e-03
-6.97453e-03
-1.05131e-02
-1.24648e-02
-1.41769e-02
-1.64466e-02
-1.84912e-02
-2.16463e-02
-2.57250e-02
-2.92944e-02
-3.02057e-02
-2.86713e-02
-2.78311e-02
-2.74156e-02
-2.70590e-02
-2.59677e-02
-2.40426e-02
-2.21197e-02
-2.05802e-02
-1.74712e-02
-1.34089e-02
-8.62029e-03
-5.31128e-03
-2.79774e-03
-5.65902e-04
4.18065e-04
7.89951e-04
1.24562e-03
2.85761e-04
-2.63381e-03
-6.29280e-03
-9.00063e-03
-1.06446e-02
-1.08663e-02
-1.14418e-02
-1.21823e-02
-1.21054e-02
-1.16883e-02
-1.16497e-02
-1.17575e-02
-1.16515e-02
-9.31617e-03
-6.05691e-03
-4.08122e-03
-2.74088e-03
-1.46399e-03
-1.78060e-03
-2.97566e-03
-3.80690e-03
-4.63952e-03
-6.47012e-03
-6.52874e-03
-5.78759e-03
-5.89999e-03
-5.73414e-03
-5.14150e-03
-4.92123e-03
-5.21275e-03
-6.99093e-03
-1.04791e-02
-1.32895e-02
-1.62823e-02
-1.95415e-02
-2.20598e-02
-2.46822e-02
-2.63728e-02
-2.55986e-02
-2.38896e-02
-2.25142e-02
-2.08948e-02
-1.96862e-02
-1.73853e-02
-1.62545e-02
-1.68766e-02
-1.73175e-02
-1.66535e-02
-1.52370e-02
-1.29484e-02
-9.93728e-03
-6.16932e-03
-2.60946e-03
-1.32766e-03
-1.50125e-04
2.01787e-03
4.02767e-03
5.24939e-03
6.79040e-03
8.31053e-03
9.27893e-03
9.47512e-03
9.28603e-03
8.35336e-03
5.60022e-03
1.82601e-03
-1.13687e-03
-2.55221e-03
-4.44764e-03
-5.12057e-03
-4.37828e-03
-3.87773e-03
-2.74048e-03
-6.98932e-04
9.10476e-04
1.84222e-03
2.03521e-03
2.18970e-03
2.52329e-03
2.12914e-03
1.43717e-03
1.01693e-03
1.06110e-03
7.55298e-04
-1.52197e-04
-7.70742e-04
-9.81233e-04
-1.36557e-03
-1.70331e-03
-2.23140e-03
-2.10544e-03
-1.81729e-03
-1.47161e-03
-1.12389e-03
-1.61337e-03
-2.34371e-03
-2.30765e-03
-1.71339e-03
-1.05729e-03
-4.11535e-05
1.59431e-03
3.14021e-03
3.93633e-03
4.27668e-03
4.46911e-03
4.60190e-03
4.92536e-03
5.38422e-03
5.82238e-03
5.87050e-03
6.01108e-03
6.27312e-03
6.68373e-03
6.75920e-03
6.42468e-03
5.84795e-03
4.88691e-03
3.62387e-03
2.73624e-03
2.37896e-03
1.95975e-03
1.41656e-03
8.55537e-04
5.16622e-04
4.03459e-04
4.20511e-04
4.25106e-04
4.04502e-04
5.67825e-04
7.91595e-04
6.35440e-04
6.71745e-04
1.09272e-03
1.44596e-03
1.55886e-03
1.53149e-03
1.41739e-03
1.28018e-03
9.82934e-04
7.77124e-04
6.47151e-04
5.03082e-04
4.08075e-04
4.33123e-04
4.01857e-04
3.37151e-04
3.61022e-04
5.10192e-04
6.75845e-04
8.04699e-04
9.02954e-04
1.04695e-03
1.19899e-03
1.35053e-03
1.53517e-03
1.69507e-03
1.84025e-03
1.94173e-03
2.05552e-03
2.15344e-03
2.19501e-03
2.24044e-03
2.29574e-03
2.34618e-03
2.40902e-03
2.46799e-03
2.48469e-03
2.47773e-03
2.44778e-03
2.41907e-03
2.38419e-03
2.32763e-03
2.26503e-03
2.20332e-03
2.13074e-03
2.04649e-03
1.95238e-03
1.86275e-03
1.77819e-03
1.69720e-03
1.61836e-03
1.54454e-03
1.47718e-03
1.41005e-03
1.34336e-03
1.28295e-03
1.22325e-03
1.16384e-03
1.10501e-03
1.04623e-03
9.86012e-04
9.25255e-04
8.66033e-04
8.07569e-04
7.48215e-04
6.88519e-04
6.30145e-04
5.72965e-04
5.16368e-04
4.60168e-04
4.04765e-04
3.50342e-04
2.96863e-04
2.44324e-04
1.92743e-04
1.42198e-04
9.26626e-05
4.41589e-05
-3.27841e-06
-4.96497e-05
-9.49627e-05
-1.39226e-04
-1.82455e-04
-2.24662e-04
-2.65850e-04
