1.34773e-03
4.73138e-04
-1.97231e-03
-1.57645e-04
3.58586e-03
-3.99840e-03
-2.11944e-03
4.79752e-03
-4.94419e-03
4.38581e-03
2.16975e-03
-5.05176e-03
8.11876e-04
-1.13351e-03
5.11034e-03
6.81229e-03
-5.91952e-03
-1.23621e-03
-1.86634e-03
6.55163e-03
1.62499e-02
-1.31088e-02
-3.03745e-03
3.93031e-03
-9.21109e-03
7.65805e-03
7.53275e-03
-2.91542e-03
-1.39287e-03
-8.49771e-03
-2.47850e-03
9.43677e-03
6.85239e-03
-4.74118e-03
-1.06992e-03
2.30765e-03
4.99862e-03
1.42283e-03
6.84195e-03
-2.62434e-03
-1.10826e-02
2.41706e-03
5.77637e-03
4.15085e-03
2.18149e-05
-6.14719e-03
-8.11594e-05
7.67320e-03
3.71497e-04
-7.31280e-03
6.67497e-03
3.68735e-03
-1.26767e-02
1.79062e-02
-7.95256e-05
-1.68984e-02
6.25728e-03
6.98288e-03
5.53754e-03
1.28070e-03
-7.13228e-03
1.09949e-02
-5.78189e-03
1.14457e-03
1.16057e-02
-9.88296e-03
-8.76845e-04
-3.51839e-03
-2.37051e-03
4.22971e-03
-1.03204e-03
3.65046e-03
9.34897e-03
-6.36186e-03
-1.06489e-02
-5.08927e-03
-7.57047e-03
-2.81020e-03
-2.53180e-02
-3.53526e-02
-1.10468e-02
-1.95336e-02
-3.62898e-02
-2.17504e-02
-2.29902e-02
-3.14595e-02
5.82992e-03
1.30842e-02
1.83572e-02
1.29883e-02
-3.54325e-03
-2.83751e-03
-4.24866e-02
-1.99540e-02
1.41262e-02
1.81277e-02
1.41796e-02
-3.52241e-02
-2.80968e-02
-1.67959e-02
1.38799e-02
1.03375e-01
1.28024e-01
8.14658e-02
-2.42208e-03
7.02615e-03
6.00860e-02
5.38447e-02
5.58959e-02
3.24340e-02
1.95386e-02
-6.46097e-03
-1.59495e-02
1.84506e-02
-2.02523e-02
-6.20732e-02
-3.34048e-02
-1.14366e-02
-1.36773e-02
1.76777e-03
-2.42437e-02
-2.79219e-02
-3.68231e-02
-4.75269e-02
-5.89760e-02
-4.07028e-02
-1.93196e-02
-2.77842e-02
1.33955e-02
3.26911e-02
8.63144e-03
-3.53214e-02
-3.31869e-02
-1.57876e-02
1.50024e-02
4.39280e-02
5.30769e-02
3.73447e-02
1.62331e-02
1.21826e-02
-7.81619e-03
-3.50521e-03
4.72646e-02
4.98420e-03
-6.94682e-02
-8.15111e-02
-5.39048e-02
-9.73267e-03
-4.66203e-02
1.64441e-02
1.35049e-01
8.12803e-02
5.11166e-02
2.14848e-02
-5.97035e-02
-4.45444e-03
1.85957e-02
-4.38828e-02
-4.46138e-02
-7.00173e-02
-9.79211e-02
-5.24219e-02
-4.63218e-02
3.73290e-03
4.79669e-02
7.66035e-02
6.54496e-02
2.54169e-03
4.59997e-03
1.47935e-02
7.34968e-03
-5.05377e-02
-5.47597e-02
-5.11916e-02
4.44233e-02
1.61161e-01
1.37690e-01
3.62136e-02
-1.02371e-01
-1.18840e-01
-2.57719e-02
2.81826e-02
5.61714e-02
1.79066e-02
-9.75989e-03
-1.64760e-03
-3.58825e-02
6.27663e-03
4.85357e-02
7.36472e-02
4.37987e-02
-1.96387e-02
-2.29788e-02
-9.20110e-04
3.46198e-02
6.58687e-02
3.46993e-02
-3.95367e-03
-5.77134e-03
-3.74170e-02
-3.19154e-02
2.38282e-02
1.39967e-02
-1.37818e-02
-4.21769e-02
-6.26797e-02
-5.98793e-02
-4.19022e-02
8.53270e-03
3.33338e-02
5.64037e-02
2.21292e-02
-5.82518e-02
-4.73947e-02
-3.22910e-02
4.64391e-02
8.85918e-02
3.84269e-02
4.17696e-03
-2.04780e-02
-6.01724e-03
-7.12291e-03
-1.20180e-02
-1.23529e-02
-2.53841e-02
-6.98061e-02
-6.79510e-02
-3.70006e-02
-3.44455e-02
1.01870e-02
2.82840e-02
5.72995e-04
-2.92033e-02
-7.17275e-02
-5.56363e-02
2.44042e-02
8.24394e-02
8.41920e-02
4.08241e-02
-3.10510e-02
-5.61409e-02
-6.63749e-02
1.43301e-02
8.94350e-02
3.74453e-02
-1.26188e-02
-4.84055e-02
-6.54412e-02
-1.29712e-02
4.84184e-02
4.18111e-02
7.03173e-03
-1.50031e-02
-3.69749e-03
1.69221e-02
3.36078e-02
1.80644e-02
2.32516e-02
1.90868e-02
1.45103e-03
5.26329e-04
-6.39286e-03
-4.48352e-04
1.58555e-02
4.29038e-02
5.83131e-02
2.85098e-02
-5.51717e-03
-1.70045e-02
-1.33452e-02
7.07752e-03
1.96404e-02
3.02304e-03
-1.04574e-02
-1.24076e-02
-3.76592e-03
1.73823e-02
1.01869e-02
-5.17478e-03
-1.35466e-02
-2.39623e-02
-7.77030e-03
5.30773e-03
3.84883e-03
5.38954e-03
1.81810e-02
2.64759e-02
-9.48469e-03
-3.77815e-02
-4.29020e-02
-4.85266e-02
-2.70045e-02
-5.13159e-03
-1.33327e-02
-1.99058e-02
-1.80651e-02
-1.41471e-02
-1.14990e-02
4.10156e-03
2.37289e-02
3.47868e-02
2.16723e-02
1.29411e-03
-9.84393e-03
-1.41338e-03
7.43946e-03
2.98886e-03
3.22145e-03
4.52880e-03
6.50494e-04
-1.13386e-03
1.42603e-03
-5.26933e-03
-1.55104e-02
-1.97713e-02
-1.10169e-02
-7.62912e-03
-5.68042e-03
-2.94748e-03
-9.79524e-03
-8.23343e-04
-5.13761e-04
-2.84423e-03
7.50882e-03
7.35405e-03
7.91208e-03
1.66280e-03
6.58414e-03
2.05671e-02
2.93770e-02
2.03496e-02
1.77699e-02
7.53672e-03
-5.14202e-03
5.45629e-03
1.20660e-02
9.87122e-03
3.77117e-03
5.15392e-03
-2.22250e-03
-1.47957e-02
-8.15426e-03
7.08518e-03
1.06246e-02
8.31950e-03
2.05356e-03
-5.86976e-03
-6.49603e-03
5.57630e-03
1.47974e-02
3.43634e-03
-9.10588e-03
-1.55799e-03
8.31641e-03
7.83540e-03
-3.07723e-03
-6.47928e-03
-8.03346e-03
-1.56575e-02
-1.57829e-02
-1.65672e-02
-1.26865e-02
-5.00443e-03
-2.17387e-03
1.07240e-02
3.43328e-03
-2.02843e-02
-2.24100e-02
-9.96619e-03
5.38040e-03
6.98380e-03
2.23076e-03
2.36967e-03
-4.34554e-03
-1.47192e-02
-1.61202e-02
-1.07099e-02
-4.27250e-03
-5.42821e-03
-9.81533e-03
-1.47454e-02
-1.56844e-02
-1.14838e-02
-6.91015e-03
-3.89464e-03
-7.67691e-03
-5.45517e-03
7.66491e-03
1.91467e-02
2.37553e-02
2.08683e-02
2.26607e-02
2.81035e-02
2.16415e-02
2.32242e-02
2.24979e-02
2.10057e-02
2.70621e-02
2.59048e-02
1.99873e-02
9.93667e-03
2.10305e-03
-1.74257e-04
-1.80544e-03
-4.73680e-03
2.98031e-04
-4.92889e-03
-1.72274e-02
-1.61289e-02
-7.11094e-03
-6.86646e-03
-7.61022e-03
-8.70799e-03
-6.08699e-03
-6.26559e-03
-1.26252e-02
-1.32015e-02
-1.27173e-02
-1.62503e-02
-1.65869e-02
-1.20315e-02
-7.83091e-03
-4.55982e-03
-6.59582e-03
-6.65694e-03
-1.30809e-02
-1.03741e-02
-5.05990e-03
1.54816e-03
9.48021e-03
1.35125e-02
1.54048e-02
1.24052e-02
1.05637e-02
9.15872e-03
1.15876e-02
1.32926e-02
1.23234e-02
5.11925e-03
4.11117e-03
-2.11272e-03
-3.26527e-03
-1.77776e-03
-1.29222e-02
-7.29204e-03
-1.24993e-03
-9.07087e-03
-1.39295e-02
-7.80880e-03
-2.23660e-03
-4.64726e-03
-2.06754e-03
-3.68841e-03
-6.16416e-03
-7.13403e-04
9.48726e-04
-2.88674e-03
-3.01454e-03
1.96313e-03
2.21713e-03
5.95574e-03
4.70317e-03
-1.88267e-03
-5.05296e-03
-8.55822e-03
-3.80836e-03
-3.88775e-03
-6.53176e-04
3.38071e-03
6.90659e-03
1.21129e-02
1.65254e-02
1.29979e-02
8.95208e-03
1.64523e-02
2.13657e-02
1.87844e-02
8.92664e-03
6.84063e-03
7.40895e-03
2.05026e-03
-1.59391e-03
-3.00126e-03
-4.26414e-03
-5.25397e-03
-9.25931e-03
-1.09611e-02
-8.56875e-03
-8.09330e-03
-2.51952e-03
-6.74031e-04
-3.39585e-03
4.59439e-04
-1.97583e-03
4.91168e-04
6.61185e-03
4.13134e-03
2.85813e-03
-3.58643e-03
-4.35480e-03
9.97758e-05
-3.08481e-03
-4.61437e-04
-5.53525e-04
-4.34057e-03
-1.46796e-03
-1.95574e-04
5.32293e-04
-1.06159e-03
-4.62083e-03
-4.84786e-03
-1.99747e-03
2.91431e-03
-3.18655e-03
-5.86075e-03
4.77424e-04
1.81411e-03
-1.54749e-03
-4.56078e-04
-3.82878e-03
-9.84709e-03
-6.18628e-03
-3.64229e-03
-3.49466e-03
-4.18525e-03
-4.46149e-03
-5.94743e-03
-7.08649e-03
-4.19959e-03
1.67741e-03
-6.03003e-03
-5.76334e-03
-2.77246e-03
-8.46692e-03
-9.81395e-03
-6.07535e-03
3.84269e-03
6.62005e-03
4.48005e-03
3.56404e-03
1.63042e-03
1.68517e-03
5.06182e-03
6.09131e-03
5.11021e-03
4.80857e-03
2.87018e-03
-1.42805e-03
-6.89071e-04
2.96460e-03
2.85901e-03
2.57959e-03
2.86771e-03
2.59464e-03
3.08279e-03
-4.07378e-03
-4.16904e-03
1.18248e-03
7.64606e-03
1.09656e-02
6.18789e-03
5.63304e-03
1.02091e-02
1.40493e-02
1.51081e-02
1.26697e-02
7.51973e-03
7.09902e-03
1.02550e-02
1.34896e-02
9.95810e-03
7.72761e-03
2.46972e-03
-8.68855e-04
6.69012e-03
8.61735e-03
1.06573e-02
7.81086e-03
4.63659e-03
5.96851e-03
3.37051e-03
-3.45665e-03
-8.94314e-03
-9.76391e-03
-4.21712e-03
-2.52087e-03
-1.06935e-02
-1.35447e-02
-1.81850e-02
-1.95170e-02
-1.97019e-02
-1.94440e-02
-1.69238e-02
-1.56522e-02
-1.52069e-02
-1.23970e-02
-7.29157e-03
-4.45151e-03
-8.19173e-03
-1.30210e-02
-1.31647e-02
-1.07358e-02
-1.21376e-02
-9.90634e-03
-6.01534e-03
-5.48433e-03
-4.24529e-03
-3.51980e-03
-1.53542e-03
-3.28920e-04
-9.03620e-04
2.29681e-03
3.59221e-03
3.41737e-04
2.56346e-03
5.50988e-03
1.10805e-02
1.26632e-02
1.52929e-02
1.42674e-02
7.79504e-03
5.22799e-03
4.43818e-03
-3.65662e-03
1.67903e-03
1.26123e-02
1.03191e-02
5.60889e-03
4.29202e-03
6.01684e-03
4.18720e-03
8.25839e-03
9.35852e-03
5.41510e-03
2.91632e-03
3.39415e-03
3.67829e-03
9.51242e-03
1.53331e-02
1.43908e-02
1.19516e-02
1.31192e-02
1.33010e-02
9.57978e-03
7.57075e-03
9.80517e-03
1.05640e-02
7.37067e-03
6.09190e-03
9.95140e-04
1.44208e-04
-1.50128e-03
-6.20671e-03
-7.22592e-03
-8.02367e-03
-5.91625e-03
-6.48381e-03
-8.27059e-03
-1.18814e-02
-1.50660e-02
-1.35833e-02
-1.39540e-02
-1.49216e-02
-1.29912e-02
-7.95718e-03
-7.45316e-03
-1.13728e-02
-1.45542e-02
-1.24690e-02
-7.08017e-03
-7.38976e-03
-1.02243e-02
-9.01780e-03
-8.15182e-03
-5.04665e-03
-5.13398e-03
-9.59017e-03
-7.59865e-03
-5.92065e-03
-6.42233e-03
-1.09055e-02
-7.54871e-03
-1.43732e-04
4.83948e-03
3.11700e-03
-1.44556e-03
-3.30536e-03
3.42750e-04
5.78635e-03
5.92047e-03
9.61780e-03
9.35345e-03
9.15103e-03
1.02266e-02
9.42722e-03
7.86984e-03
8.82233e-03
1.27371e-02
1.12742e-02
1.25839e-02
1.24355e-02
9.94700e-03
6.43618e-03
7.17674e-03
1.57906e-02
1.31371e-02
3.70398e-03
-1.69599e-04
5.17160e-03
8.71335e-03
7.43855e-03
5.00261e-04
-2.42239e-03
9.74100e-04
2.29252e-03
1.55033e-03
-2.80267e-03
-1.46758e-03
3.72360e-03
6.92997e-04
-2.12805e-03
-3.93705e-03
-9.15685e-03
-9.34736e-03
-3.74263e-03
4.43547e-03
3.40039e-03
-2.46394e-03
-2.09486e-03
-2.32983e-03
-1.57816e-03
-2.11555e-03
-3.59514e-03
-4.20477e-03
-6.20110e-03
-6.44400e-03
-6.50117e-03
-4.98511e-03
-7.06319e-03
-6.21389e-03
-5.24790e-03
-7.44822e-03
-5.48209e-03
-5.39559e-03
-6.25684e-03
-6.30051e-03
-6.94586e-03
-4.29948e-03
-1.25859e-03
-3.10887e-03
-4.39478e-03
-1.18245e-03
1.10119e-03
2.31880e-03
1.03209e-03
-1.20465e-04
-1.20952e-03
-7.34871e-04
2.84021e-03
3.70143e-03
5.79535e-03
4.31973e-03
-8.40747e-05
-1.25368e-04
3.17349e-03
3.76323e-03
6.98505e-04
-2.47676e-04
1.22993e-04
4.24180e-03
2.11054e-03
-7.61309e-04
-2.96798e-03
-5.59376e-03
1.30034e-04
6.19674e-03
3.87735e-03
-1.41484e-04
-7.61428e-04
1.43569e-03
3.45817e-03
-5.34439e-05
5.52179e-04
4.47493e-03
9.05016e-03
8.25320e-03
2.68971e-03
3.42869e-03
6.83708e-03
4.19463e-03
2.77378e-03
1.48787e-03
1.65217e-03
5.20026e-03
1.55609e-03
1.24492e-03
-4.48986e-04
1.07423e-03
1.71954e-03
1.12579e-03
2.96651e-03
1.92984e-03
3.98654e-04
-4.31869e-03
-3.11536e-03
8.55813e-04
1.70115e-03
2.04007e-03
1.53205e-03
-3.17430e-04
-3.97589e-03
-4.54107e-03
-4.54346e-03
-5.43805e-03
-1.63436e-03
-2.54561e-03
-6.98275e-03
-6.94784e-03
-6.44858e-03
-8.17344e-03
-4.91586e-03
-3.39979e-03
-2.94816e-03
-4.44044e-03
-3.45461e-03
-2.61320e-04
-2.47434e-03
-3.37528e-03
-3.54198e-03
-6.13363e-03
-3.04829e-03
1.38644e-03
8.17298e-04
4.59321e-03
4.70670e-03
2.53416e-03
1.46257e-03
2.54286e-03
2.36901e-03
-1.45217e-03
-3.41710e-04
4.33274e-03
4.40575e-03
2.17606e-03
1.32116e-03
-7.76763e-04
-6.04530e-04
5.86098e-04
3.79685e-03
5.87728e-03
4.54851e-03
3.86190e-03
1.75762e-03
7.69374e-04
1.67742e-03
-2.66512e-04
9.84443e-04
4.15312e-03
2.30047e-03
-3.49118e-04
-1.74456e-03
-1.39770e-03
3.66022e-04
-2.69001e-04
8.68446e-04
2.08289e-03
8.92233e-04
4.01675e-04
-5.41326e-04
-1.17635e-03
-3.80530e-03
-2.74661e-04
5.00067e-03
4.20451e-03
2.41246e-04
8.49255e-04
2.16689e-03
2.37240e-04
-1.67653e-03
-2.43379e-03
-7.36742e-04
-1.74166e-03
-7.55023e-04
2.34460e-03
3.33200e-04
-3.91979e-03
-3.44672e-03
5.53830e-04
-1.58980e-04
-3.03876e-03
-4.33339e-03
-4.78903e-03
-1.49969e-03
8.64914e-04
1.12764e-03
-1.07427e-03
-7.98398e-03
-7.39978e-03
-2.73247e-03
-2.99522e-03
-1.00130e-03
-1.43867e-03
-2.64123e-03
-3.58502e-03
-4.23592e-03
-2.57141e-03
-2.92703e-03
-3.07071e-03
2.29987e-03
4.01042e-03
2.27337e-04
2.47964e-04
7.41204e-05
-2.84670e-04
9.61525e-04
2.50617e-03
4.57153e-03
7.60210e-03
7.83704e-03
5.23985e-03
5.68673e-03
6.54319e-03
8.41011e-03
4.84849e-03
1.79964e-03
7.44407e-03
8.71805e-03
2.79895e-03
-4.03931e-03
-1.95966e-03
4.78730e-03
5.13893e-03
1.84640e-03
-9.33366e-04
-1.95336e-03
-1.91217e-04
-2.71142e-03
-2.90455e-04
6.69194e-04
-1.09535e-03
-6.65930e-04
-2.03677e-03
-2.68607e-03
-3.77988e-03
-1.82962e-03
-2.68689e-03
-1.64945e-03
-2.69087e-03
-4.59988e-03
-3.68785e-03
-2.78536e-03
-1.58599e-03
-1.70903e-03
-5.32684e-04
-1.18437e-03
-4.01017e-03
-6.97329e-03
-3.97050e-03
5.92832e-04
5.84887e-04
-4.15308e-03
-6.05732e-03
-4.25311e-03
-2.54653e-03
-2.31000e-03
-3.47445e-03
-3.83959e-03
-3.28396e-03
-1.80363e-04
-9.47937e-04
-2.77756e-03
-3.62154e-04
2.29456e-03
3.04942e-03
1.24361e-03
-5.69351e-04
1.85479e-03
3.87253e-03
5.56561e-03
4.14239e-03
3.03668e-03
4.38845e-03
3.03190e-03
1.08242e-03
1.11813e-03
1.95158e-03
2.55959e-03
3.94152e-03
4.31221e-03
4.27648e-03
5.28058e-03
4.78448e-03
2.62782e-03
1.17523e-03
2.69370e-03
3.10010e-03
1.65545e-03
1.33800e-04
9.27557e-04
1.02915e-03
-5.17892e-04
5.62413e-04
-3.59690e-03
-5.49162e-03
-7.61595e-04
3.05878e-03
6.80661e-04
-3.92713e-03
-5.69484e-03
-5.06380e-03
-4.03033e-03
-1.51887e-03
1.12832e-03
1.49027e-03
1.88498e-04
-1.59429e-03
-2.34432e-05
2.29513e-03
3.33019e-03
1.00209e-03
-2.51746e-03
-2.99768e-03
-2.03724e-03
6.75044e-04
3.23095e-03
3.28810e-03
1.08938e-03
-1.51972e-03
-1.23494e-04
1.08064e-03
1.47911e-03
7.59955e-04
-1.45305e-03
-1.04586e-03
-8.62500e-04
-2.32461e-03
-2.80166e-03
-3.38667e-03
-4.27092e-03
-1.24590e-03
-5.52945e-04
-2.83263e-03
-3.90897e-03
-2.44052e-03
1.18570e-04
-2.00792e-03
-2.95646e-03
-3.00250e-03
-4.45906e-03
-3.39939e-03
1.11791e-03
4.25406e-03
1.10838e-03
-1.21951e-04
-1.85553e-03
-2.22225e-03
-1.92141e-03
-7.02193e-04
4.80175e-03
4.79222e-03
4.35962e-03
3.94687e-03
3.16025e-03
4.80810e-03
7.37433e-03
7.48863e-03
4.16912e-03
1.17759e-04
-2.02920e-04
2.08470e-03
2.86894e-03
2.50381e-03
1.89102e-03
3.75907e-05
-8.87935e-04
9.01204e-04
3.55634e-03
3.11183e-03
1.14330e-03
-1.03478e-03
-4.05821e-03
-4.61226e-03
-3.57005e-03
-3.12475e-03
-2.08492e-03
-9.69682e-04
1.29730e-03
5.66538e-05
-3.05806e-03
-2.73580e-03
-3.54622e-03
-1.27130e-03
-3.71970e-04
-2.55719e-03
-3.40096e-03
-4.45587e-03
-5.71160e-03
-7.57693e-03
-5.36313e-03
-2.60639e-03
-1.84041e-03
-1.11174e-03
-1.07046e-03
-1.14983e-03
-1.02362e-03
-1.29588e-03
1.13462e-03
4.62638e-03
4.55812e-03
4.21831e-04
-5.20514e-03
-3.18740e-03
1.58232e-03
5.25982e-03
5.73211e-03
2.90077e-03
2.68566e-03
3.00317e-03
3.53499e-03
2.96428e-03
5.20984e-03
5.84564e-03
1.17198e-03
7.94945e-04
4.33433e-03
5.60832e-03
2.78809e-03
-1.48028e-04
1.03309e-03
3.61679e-03
3.89699e-03
3.95812e-03
3.33806e-04
-3.06111e-03
-2.01016e-03
-1.93634e-03
-3.99932e-03
-4.52320e-03
-3.76674e-03
-3.23730e-03
-2.19032e-03
-1.44259e-03
-2.01489e-03
-3.04360e-03
-5.01969e-04
-3.75756e-04
-1.46638e-03
-1.70768e-03
-3.78121e-04
6.24405e-04
1.51501e-03
2.76360e-03
9.73635e-05
1.55868e-03
2.81680e-03
2.17704e-03
6.19681e-04
-8.50359e-04
1.18036e-04
5.15716e-04
2.40805e-03
2.57316e-03
1.83020e-03
9.41991e-04
-1.46945e-03
-4.33016e-03
-6.32408e-03
-3.82214e-03
-1.50832e-03
-1.74168e-03
-2.43542e-03
-3.53795e-03
-2.32904e-03
1.99095e-04
1.46912e-03
9.88107e-04
-2.83861e-03
-2.72510e-03
-1.53365e-03
-6.46220e-04
6.12693e-04
-1.17564e-03
-4.04747e-03
-4.27209e-03
1.26202e-03
4.88396e-03
4.80935e-03
4.07990e-03
4.28152e-03
2.91943e-03
3.23377e-03
4.85622e-03
3.77116e-03
1.56372e-03
4.07215e-04
8.85067e-04
3.39761e-04
9.61285e-04
1.19386e-03
4.51706e-04
6.75334e-05
-1.67397e-03
-2.09307e-03
-2.44787e-03
-5.34898e-04
2.66635e-03
1.34792e-03
-2.73121e-03
-6.02928e-03
-6.48886e-03
-3.33682e-03
4.01801e-04
1.70358e-03
2.93630e-03
2.54736e-03
-2.28981e-03
-3.96781e-03
-1.13804e-03
8.61452e-04
1.68221e-03
2.23468e-03
-6.64276e-05
-2.77235e-03
-9.06209e-04
1.45683e-03
9.34543e-04
-8.29979e-04
-1.51102e-03
-1.05142e-03
-2.41589e-03
-3.41125e-03
-1.16093e-03
7.29027e-04
1.56010e-03
2.29038e-03
2.14433e-03
9.25919e-04
2.35152e-03
4.09464e-03
3.75968e-03
1.55700e-03
2.36985e-04
1.08870e-03
9.87904e-04
2.02060e-03
1.72533e-03
1.43373e-04
-1.81800e-03
-1.97357e-03
-7.24177e-04
2.58510e-04
1.47377e-03
6.40331e-04
-6.91590e-04
-1.82904e-03
-1.71393e-03
-6.75683e-04
-1.51071e-03
-2.40368e-03
-3.68321e-03
-5.30882e-03
-4.09357e-03
-3.01245e-03
-3.13865e-03
-3.32835e-03
-3.15133e-03
-1.69317e-03
-4.71564e-04
-5.50929e-04
-1.48200e-03
-2.31703e-03
-1.93204e-03
6.69921e-04
2.13839e-03
2.36859e-03
1.75741e-03
2.41942e-03
5.30316e-03
5.91517e-03
5.31906e-03
3.95222e-03
2.77826e-03
3.39978e-03
4.36025e-03
5.68028e-03
5.31675e-03
4.67144e-03
2.93391e-03
1.96712e-03
2.78470e-03
2.91330e-03
1.94175e-03
3.60590e-04
-1.22692e-03
-2.50725e-03
-2.16988e-03
-2.16432e-03
-2.29766e-03
-2.84296e-03
-4.08518e-03
-5.40202e-03
-4.46219e-03
-2.32141e-03
-1.76656e-03
-1.54111e-03
-1.79352e-03
-3.68821e-03
-2.68409e-03
-4.34299e-06
1.72678e-04
-6.29008e-04
-1.00762e-03
-8.51236e-04
-8.97262e-04
-6.47214e-04
-1.72354e-03
-2.32679e-03
-1.19408e-03
4.33146e-04
1.84764e-03
3.18594e-03
2.85495e-03
1.85641e-03
2.37158e-03
3.00501e-03
4.05120e-03
3.29714e-03
1.25163e-03
-8.13724e-04
-3.39026e-03
-5.14843e-03
-3.74584e-03
-6.00944e-04
6.66221e-05
8.73891e-04
1.94444e-04
-1.78201e-03
-1.82010e-03
-1.75738e-03
-6.96104e-04
-1.00770e-04
5.00915e-04
6.62061e-04
-3.88072e-04
-9.61154e-04
-4.54721e-04
1.78608e-03
1.68608e-03
3.90380e-05
-1.31034e-03
-1.33414e-03
2.47043e-04
-8.09440e-04
-2.40568e-03
-2.51679e-03
-1.40472e-03
-6.89529e-04
-7.65716e-04
1.38391e-04
1.71720e-03
2.27840e-03
2.69593e-03
2.39828e-03
2.32448e-03
1.95936e-03
2.05463e-03
2.33484e-03
2.34517e-03
1.51650e-03
7.87042e-04
1.18314e-03
9.19627e-04
8.90272e-04
6.16437e-04
-1.10839e-03
-1.52114e-03
-1.45534e-04
1.50630e-03
2.23181e-03
1.22851e-03
1.00706e-03
1.26505e-03
1.70560e-03
1.99057e-03
2.23824e-03
6.49142e-04
-1.56068e-03
-3.27678e-03
-3.34344e-03
-2.22898e-03
-2.04482e-03
-1.93844e-03
-2.16068e-03
-4.02601e-03
-2.48610e-03
-1.03032e-03
-6.15172e-04
9.76389e-05
2.08779e-04
1.22322e-03
1.40342e-03
6.23162e-04
1.09612e-04
-7.15887e-04
-1.44851e-03
-3.53111e-04
-1.40959e-03
-1.69216e-03
-6.82482e-04
-7.07869e-04
-4.87984e-04
-9.44384e-04
-1.57700e-03
-1.92862e-03
9.32108e-04
1.74493e-03
1.16941e-04
6.43218e-04
-5.90274e-04
-5.43429e-04
4.40848e-04
1.79105e-03
2.21096e-03
6.17896e-04
-6.31380e-05
5.85378e-04
7.22712e-04
1.86415e-03
1.50301e-03
-1.40215e-03
-1.40452e-03
3.25896e-04
1.43241e-03
5.47381e-04
-4.87212e-05
-1.27291e-04
5.79170e-04
1.84920e-03
1.84763e-03
2.13022e-03
1.99291e-03
1.60398e-03
4.83201e-04
5.77569e-05
-2.16872e-04
6.38022e-04
5.72946e-04
-1.06502e-04
-1.58084e-04
-1.61939e-03
-2.02657e-03
-2.02180e-03
-2.24642e-03
-2.15354e-03
-1.65742e-03
-1.30895e-03
-2.77264e-03
-4.12996e-03
-2.17015e-03
1.50908e-05
1.81377e-03
1.07002e-03
-3.53972e-04
2.92955e-04
4.04888e-04
-1.05489e-04
-4.12663e-04
-1.48661e-03
-2.50579e-03
-1.52707e-03
-2.43545e-04
1.38447e-03
1.79486e-03
1.87186e-03
1.63057e-03
2.75455e-03
3.99680e-03
3.72772e-03
3.14988e-03
3.51879e-04
-1.25161e-04
-5.09330e-04
-5.00587e-04
-2.81498e-04
3.36362e-05
1.66999e-04
-4.61649e-04
-3.87025e-04
-7.10967e-05
1.64661e-04
-4.36999e-04
-4.83027e-04
-4.49678e-04
-6.40964e-04
-1.29771e-04
1.06882e-03
1.72845e-03
9.75970e-04
-5.27404e-04
-6.78059e-05
2.39366e-03
2.31509e-03
1.55785e-03
3.75154e-04
-6.47201e-04
-6.95611e-04
-1.81244e-04
1.51265e-03
1.28327e-03
1.69286e-03
5.61300e-05
-6.24114e-04
-6.69349e-04
-3.35960e-04
4.75274e-04
-7.32060e-05
-2.05284e-03
-2.48940e-03
-2.22904e-03
-2.65686e-03
-2.75290e-03
-1.54558e-03
-5.50987e-04
-1.03200e-03
-1.88766e-03
-2.15198e-03
-1.44393e-03
-1.18040e-03
4.43855e-05
-5.21558e-04
-6.98559e-04
-5.96155e-04
-6.48535e-04
-5.66770e-04
7.31832e-04
1.87168e-03
9.78708e-04
-3.30197e-04
-4.90529e-04
-3.66695e-04
-5.57984e-04
-3.30961e-04
-1.04375e-03
-2.82018e-03
-1.49142e-03
-6.19861e-04
1.05644e-04
1.37805e-03
1.21772e-03
1.39235e-03
1.22408e-03
1.41856e-03
1.32173e-03
1.42968e-03
1.33603e-03
1.40192e-03
1.37017e-03
4.54971e-04
-5.53100e-04
-7.62647e-04
6.31204e-04
1.30988e-03
3.08154e-04
-6.96742e-04
3.53410e-04
-4.42728e-04
-1.39506e-04
1.44644e-03
2.97999e-03
2.02192e-03
9.59874e-04
1.25357e-03
1.01703e-03
1.11785e-03
7.82091e-04
1.39091e-03
-2.02959e-04
-8.09388e-04
3.84433e-04
1.37029e-03
2.55058e-04
-8.88748e-04
-1.41025e-03
-1.23006e-03
-8.37937e-04
-9.89542e-04
-8.83175e-04
-9.70485e-04
-6.83140e-04
7.55158e-04
1.16395e-03
1.10283e-03
1.12665e-03
6.21817e-04
1.17190e-03
1.13142e-03
1.05601e-03
-9.74428e-04
2.23360e-04
6.01986e-04
-4.47365e-04
-4.18788e-04
-8.41067e-04
-2.12458e-03
-3.05248e-03
-2.40160e-03
-3.10566e-03
-2.04202e-03
-9.84731e-04
-1.00061e-03
-8.47409e-04
-7.82320e-04
-9.29166e-04
-1.25461e-03
-5.28316e-04
6.17081e-04
-6.02136e-04
-8.84716e-04
-8.46616e-04
-8.39473e-04
-1.44591e-03
-9.94258e-04
-8.99800e-04
4.49593e-04
1.21954e-03
1.37591e-03
2.20192e-04
-5.32295e-04
1.19255e-03
1.17508e-03
1.87641e-04
-1.20779e-03
1.59061e-04
1.32271e-03
1.30763e-03
1.16078e-03
1.16554e-03
1.17109e-03
1.10045e-03
1.18855e-03
1.00439e-03
1.32190e-03
1.09818e-04
-8.93501e-04
8.87696e-04
1.00041e-03
1.23377e-03
6.49555e-04
-7.33976e-04
4.39199e-04
1.15437e-03
9.84504e-04
-6.88751e-04
-8.14170e-04
1.02497e-03
9.90832e-04
1.22102e-03
8.83663e-04
1.01383e-03
1.07257e-03
1.14797e-03
8.65382e-04
-4.37981e-04
-1.11983e-03
-7.94394e-04
3.95447e-04
-6.30894e-04
-1.12541e-03
-8.46018e-04
-1.22624e-03
-3.55489e-04
1.02882e-03
-6.97512e-05
-1.15166e-03
-5.23054e-05
1.16373e-03
9.45435e-04
-6.28603e-04
-1.04057e-03
-9.50888e-04
-1.04218e-03
-9.92183e-04
-2.69084e-03
-2.57814e-03
-1.12398e-03
-9.38248e-04
-1.14384e-03
-2.32616e-04
1.11121e-03
1.11041e-03
1.05245e-03
1.30962e-03
3.08564e-05
-1.00660e-03
-1.02646e-03
5.84072e-04
2.94337e-04
-7.01846e-04
-8.91568e-04
-9.81276e-04
-9.59858e-04
-9.73365e-04
-3.60595e-04
1.55337e-04
8.93521e-04
-5.00338e-04
-1.10837e-03
-5.05129e-04
1.00221e-03
1.29986e-03
1.16966e-03
1.33237e-03
1.16408e-03
4.97301e-04
8.95754e-04
-2.74072e-05
-8.86273e-04
-6.73562e-04
-8.93450e-04
-7.69640e-04
-8.68877e-04
-8.01425e-04
-5.22038e-04
-4.24423e-04
-3.06170e-04
7.87616e-04
1.12256e-03
1.12255e-03
1.42098e-03
6.43871e-04
-3.98357e-04
-8.22245e-04
-7.42888e-04
-9.36586e-04
3.84214e-04
1.48038e-03
1.28192e-03
1.46049e-03
1.32633e-03
1.43108e-03
1.35724e-03
1.39770e-03
1.40482e-03
1.30320e-03
2.37396e-03
2.28345e-03
9.47529e-04
3.64886e-04
1.18402e-03
1.31577e-03
1.30066e-03
1.30540e-03
1.29347e-03
-4.02822e-04
-6.89394e-04
1.06400e-03
-4.36233e-04
-7.95832e-04
-8.28401e-04
-7.80007e-04
-8.70522e-04
-6.99889e-04
-1.34683e-03
-2.10093e-03
-8.42050e-04
-8.47634e-04
-2.24151e-03
-3.00354e-03
-2.78926e-03
-3.08536e-03
-2.74248e-03
-2.44643e-03
-2.51473e-03
-3.09182e-03
-2.04250e-03
7.22146e-04
6.17068e-05
-1.09245e-03
-6.40832e-04
-6.31337e-04
4.80693e-04
8.53690e-05
-9.80684e-04
-9.56902e-04
-8.45807e-04
1.79702e-04
-9.59378e-04
-3.85521e-04
6.54275e-04
1.20591e-03
1.14872e-03
1.38682e-03
1.99317e-04
-7.03223e-04
1.08429e-03
1.22555e-03
1.07470e-03
9.26232e-04
7.88876e-04
1.11746e-03
1.42404e-03
1.45502e-03
1.43098e-03
1.26169e-03
1.59553e-03
1.63457e-03
1.65330e-03
1.72051e-03
1.57079e-03
1.19130e-03
1.41621e-03
1.86506e-03
1.05035e-03
-3.90912e-04
-2.05396e-04
1.39406e-03
7.54595e-04
1.26859e-04
-2.15331e-05
-7.20827e-04
-4.96774e-04
-7.69415e-04
-5.31490e-04
-8.18961e-04
-1.31944e-04
1.08672e-03
-2.31121e-04
-6.18879e-04
-4.54400e-04
-7.83196e-04
-9.64979e-04
-1.81266e-04
-1.17506e-03
-1.34997e-03
-2.71233e-04
-3.31864e-04
-1.97531e-04
-4.42969e-04
-3.78200e-04
-1.76538e-04
-3.57525e-04
-8.07938e-05
-5.82890e-04
-6.47984e-04
-1.74072e-04
-1.74078e-03
-1.90268e-03
-1.79204e-03
-1.05001e-03
-4.70153e-04
-2.24179e-04
3.02767e-05
-1.47973e-05
-3.25626e-04
-1.17777e-04
7.01932e-05
2.73789e-05
6.21397e-05
8.45429e-05
5.25072e-05
1.75291e-04
4.29895e-04
7.22581e-05
1.19341e-04
1.01299e-04
1.46189e-04
1.57661e-04
1.72702e-04
1.64565e-04
1.82902e-04
2.13413e-04
2.40309e-04
2.03240e-04
2.85428e-04
7.35352e-04
1.41060e-03
6.28106e-04
6.69768e-05
1.89294e-04
8.40572e-05
1.65117e-04
9.42353e-05
1.57295e-04
1.02065e-04
1.51764e-04
1.07098e-04
1.45457e-04
1.12281e-04
1.36521e-04
1.21152e-04
1.06728e-04
2.54864e-04
4.27795e-04
7.65157e-05
1.71767e-04
1.04197e-03
2.96136e-04
5.99173e-05
7.13735e-06
3.59638e-04
2.76134e-04
-4.95088e-05
1.96914e-05
-4.57499e-05
-1.76343e-05
-2.91230e-05
-9.46254e-05
-8.09030e-04
-2.27081e-04
2.64723e-05
-6.81085e-04
-3.01146e-04
7.76343e-05
-1.01190e-03
-3.74221e-04
7.01544e-04
2.58240e-04
-2.69924e-04
-1.58428e-03
-4.27109e-04
4.18637e-04
-4.85644e-04
-5.20196e-04
3.51871e-04
6.28615e-04
-5.47061e-04
2.84324e-05
5.46910e-04
1.41102e-05
3.71483e-05
4.16209e-05
-3.66951e-04
-3.75508e-04
3.14785e-05
1.79202e-05
-3.89529e-04
-1.08307e-04
3.40831e-04
-1.40270e-04
-1.51506e-04
7.65149e-05
3.57605e-04
3.70942e-06
-2.32213e-04
9.18860e-05
-6.50872e-05
1.60418e-04
1.60062e-04
3.88238e-05
6.38817e-05
3.94019e-05
1.02735e-04
-5.59650e-05
-7.86967e-05
4.78916e-05
5.60068e-05
9.35431e-06
7.27297e-06
6.22153e-05
4.49558e-05
5.51595e-05
4.33264e-05
4.94242e-05
4.03022e-05
4.32868e-05
3.37530e-05
4.08956e-05
4.59832e-05
3.83752e-05
2.61314e-05
3.57528e-05
1.04723e-04
2.56737e-05
-3.94891e-06
5.20617e-06
1.66933e-05
1.68394e-05
8.89007e-06
9.05041e-06
6.89791e-06
7.16590e-06
-1.97899e-05
3.74274e-06
1.13561e-05
9.23989e-06
7.69501e-06
6.77002e-06
3.84636e-06
8.06626e-06
1.00053e-05
2.87337e-06
-5.34259e-06
-1.18058e-05
-1.24095e-05
-1.01396e-05
-1.06141e-05
-1.05064e-05
-8.89873e-06
-7.38774e-06
-5.85575e-06
