-4.222533774897927177e-04
2.833202738750466125e-03
2.034590259826750576e-03
-1.389069117692730499e-03
4.233049030506941170e-04
-1.839145168210417746e-04
1.242009608845787670e-03
2.503455107729334918e-03
-4.200239892310024515e-04
-3.962310086639690351e-03
-3.612579618219451203e-03
1.442438854585953098e-03
4.645924956969003233e-03
2.708136676616882191e-03
4.740030717056705790e-03
3.088419162432981795e-03
-3.635975099014011891e-03
-1.556381085877474313e-03
8.136573831027668147e-04
8.929724539821866022e-03
8.686910725319213489e-03
-1.365750671737796414e-02
-5.716362570998702319e-03
5.638048953034427088e-03
-1.125147757132423029e-02
1.107591517181549324e-03
-5.128363343613772567e-04
-8.565966027105645364e-03
1.835778745718740597e-03
7.653303468114931556e-03
4.571455377502088059e-03
1.833868281696003980e-03
-3.165561850834934954e-03
-2.562016992813382472e-04
-1.622869855959085819e-03
7.315004969895260410e-03
-2.130444710773974400e-03
-1.694889727525878201e-02
5.810090860372235655e-03
3.208855430705014663e-03
3.670494410650636165e-03
-6.856639970633765079e-04
-4.295216146085507544e-03
-2.666884519996904051e-03
-3.447155003605556316e-03
-2.773947540109780816e-03
6.881183270538761450e-03
-6.049045229409601848e-03
-1.482065576089812604e-02
-1.001452915144190360e-02
2.142169413365124439e-03
1.017322092107244592e-02
-7.412145902664247360e-03
5.072266573397772593e-03
2.286370929661924942e-03
-1.600891816213651994e-02
1.983192614827965217e-02
1.258163814715459669e-02
-9.540841922578700493e-03
-1.991620226283102001e-03
-1.209747418010219226e-02
-3.188934221177608386e-03
-7.330465862208294762e-03
4.332131241234514485e-03
2.859903014165002841e-04
-7.831978075144581386e-03
3.351254331754555810e-03
-7.059095232656107527e-03
-6.039793345170462423e-03
1.846956500948542272e-03
-1.933936538370796543e-02
-1.046941987943624496e-02
1.503203936083317808e-02
-3.283402045011555616e-03
5.209319256577235602e-03
2.387348197444310108e-03
-6.957540203576523111e-05
1.033522518880692492e-02
-5.676828291302395482e-03
1.523610465100371132e-02
2.271926897231960757e-02
1.481657291439792204e-02
2.037117002566498844e-02
3.203501509350974857e-02
2.984345094097612741e-02
2.095694294618471315e-02
3.143144712503630894e-02
1.077093424173427259e-02
-8.634141860175076691e-03
-9.191257820353753230e-03
7.514178547749515713e-03
1.157926081393488744e-02
1.102222188859583929e-03
-6.671455919655678614e-03
-1.796051878923366971e-02
1.753490130029738622e-02
3.077202889783366840e-02
-1.310116110559554972e-02
-3.925271735747280777e-02
-5.722325067585791458e-02
-4.248617771595451786e-02
1.374301538936335138e-02
4.389036877266593029e-02
2.241243920608735132e-02
-1.822243724396368711e-02
-4.503680125598714251e-02
-6.145916540239896447e-02
-3.995365736323411299e-02
-4.169395142523583259e-02
-6.335229658621961690e-02
-3.310526012044038430e-02
-3.742652944928755859e-02
-1.721004538159253555e-02
2.087736595685056248e-02
1.593172925283079314e-02
5.509169666339332194e-03
7.948916961697572586e-03
7.609532272239167422e-03
2.293488948843411604e-02
3.721152521189007023e-02
3.904341369820767127e-02
4.044614109296617438e-02
2.843556221196264291e-02
4.405252711007965477e-02
3.839339372143946855e-02
4.409535848091197807e-02
-4.423848921293797518e-03
-3.281946086542615604e-02
-1.344858823231095783e-02
-1.521823256821037106e-02
-6.938320011089717243e-03
-2.479088987955480397e-02
-1.171946422205507460e-02
-4.371419009444017269e-03
1.011675438362623879e-02
1.998961646499505113e-02
1.593311587994407016e-02
1.127304732641964437e-02
-1.822875410081305908e-02
-5.544235925337304832e-02
-5.924087016051494958e-02
-3.265830398092756798e-02
2.217609631811332319e-02
7.744928706366661919e-02
7.495289605073103545e-02
7.441172630235504126e-02
7.382710890442971408e-02
5.295382579407935386e-02
-1.962616609163733705e-02
-6.194625669335716844e-02
-7.066521391196099733e-02
-9.886959457020459696e-02
-7.553751344865636264e-02
-4.072207988850821275e-02
-1.937803687320045765e-02
-9.988260271129275822e-03
2.999836800346496885e-02
6.314746094765281981e-02
8.137883423301317531e-02
6.776770248909035066e-02
5.303124580790396364e-02
4.385970890649458498e-02
8.808856876447924977e-03
1.441545250446286258e-02
1.206119077063812217e-02
6.002724180342202190e-03
-2.072414366083350293e-02
-2.498740575544194584e-02
-3.668121737590140929e-02
-3.727731296493108030e-03
1.791352753706151879e-02
-1.250483441204699835e-02
-5.127962762447714484e-02
-1.113600234672414285e-01
-8.470365791129187694e-02
-1.679744678055313314e-02
4.696382776924344117e-03
-4.338008999498015050e-02
-5.231497586905697883e-02
3.659871306266145128e-03
4.778008892992558626e-02
8.869560330073587850e-02
5.412953151645863437e-02
1.843050834579480074e-02
5.201808359713654822e-02
3.933552981007126803e-02
2.056753183187287615e-02
-8.330855696565640789e-02
-8.812554548749995664e-02
1.963625765562840644e-02
-5.052622689293020768e-03
-5.437404009743306704e-02
-8.041512838928595308e-02
-9.997735556403332391e-02
-5.339639094773346306e-02
1.412988435396751426e-03
-1.904886700347652433e-03
4.486177810035579111e-02
8.338867319886793250e-02
3.560950868701787120e-02
2.558319320511311459e-02
4.773132587644202812e-02
5.367664369429458321e-02
6.788972567505868749e-02
4.738459206328325679e-02
1.548947223853519226e-02
-3.787202192684746994e-03
2.198389439324526656e-02
3.756180262767164907e-02
5.774947566534637672e-03
9.551395695607528893e-03
2.194121709209219829e-03
-2.256134755108533257e-02
-5.077227617069717674e-02
-1.001838089342322741e-01
-8.966316088644442350e-02
-5.406513039053090219e-02
-2.722881144921389732e-02
1.307273524977338106e-02
1.041580363105621895e-02
3.418721444299423640e-03
3.446993230442340489e-02
5.391776274232544519e-02
6.070329955598398330e-02
5.882850266399443362e-02
-7.446634400365020369e-03
-5.559042021513513343e-03
7.313672267169724073e-03
-2.703768801210060940e-02
2.714122283655859280e-02
2.556177751969695294e-02
1.310547505661463497e-02
2.100809407969669515e-02
-2.639691221608757993e-02
-5.364968150042530998e-02
-1.583620605169396359e-02
3.013549001800009883e-02
7.315913981002853013e-03
-3.253558748140258916e-02
-5.080825144080273331e-02
-2.848340084737068650e-02
1.974341311754883310e-02
2.577439367706602438e-02
2.070704192643642305e-02
3.027045505702568445e-02
3.400410262920210147e-02
-2.989198288994080713e-04
-1.230277202770675184e-02
1.499275159262367270e-02
1.730472119949347937e-02
1.084812315104000287e-02
-1.296627310140959291e-02
-2.454514874114634496e-02
-2.356742255660711216e-02
-2.100901849777220970e-02
-1.880774795544565628e-02
-1.359926837862034631e-02
-1.118330173825479897e-02
1.161723898987074115e-02
8.476682647978558971e-03
-5.785316455948361081e-03
8.285867350223777641e-03
8.212453148059746522e-03
2.010986784965198074e-02
2.951559066352583971e-02
4.180380310654319143e-03
-1.622022472723194664e-02
-2.320081375482471037e-02
-3.952264743552397208e-03
1.195519083131209130e-02
1.176745692714236888e-02
8.649548828100371220e-03
-1.353286434686232567e-02
-1.507502480134475034e-02
-1.318135437364671182e-02
-1.277168309651311243e-02
-1.142280305465351482e-02
-1.665084948074394694e-02
-2.601743859608756163e-02
-2.848964066938043660e-02
-1.703432891240454564e-02
-4.515042764443619010e-03
1.075460285573346005e-02
1.505268469785307241e-02
8.929955644340745527e-03
7.196425241258226288e-03
1.018346655474276601e-02
1.291673969952976571e-02
5.195630165575611942e-03
-2.583540527005019540e-03
-1.215555844918055593e-02
-9.938341695051318425e-03
-1.124693251578626901e-02
-1.626405755097940983e-02
-7.177621036905403561e-03
9.159057257389885409e-03
1.702200333806431001e-02
5.200984086929651487e-03
-9.994731197657898483e-03
-8.086038976232698449e-04
7.544091175976476611e-03
1.624595436366718659e-02
1.556596783428428228e-02
4.536828217089987174e-03
1.225855402976115617e-04
-3.738269662554009280e-03
8.024642209050397018e-03
2.027549275484890473e-02
1.823553316670019006e-02
1.411424628152333806e-02
1.786499558809684016e-02
1.205533612282650921e-02
1.099587597344358399e-03
-8.405194316805189234e-03
-9.915539382521881481e-03
1.225501042713833706e-03
1.109224655781630535e-02
1.502395070267239716e-02
3.126528297596199799e-03
-1.033198972554261186e-02
-6.363570776120541783e-03
-9.655007554905138938e-04
1.780606393578258425e-03
3.399770873751310762e-03
5.803458160680396126e-03
-9.586754686996080965e-03
-9.776876671194223781e-03
-7.220352262446210791e-03
-8.865862657771518204e-03
3.379503007445585228e-03
2.780942303547865127e-04
1.664291489226242017e-03
7.220729733160379145e-03
1.218344506112534024e-02
1.753505536997664038e-02
1.533309151409344671e-02
8.593390430012670667e-03
3.244245236029417567e-03
-3.393315354190611782e-03
-1.253302916335028924e-02
-1.687817929248167786e-02
-9.533138438616053228e-03
-7.460277270462870383e-03
-1.214169217804778912e-02
-1.007800585929411949e-02
-1.289077895857564451e-02
-1.457791898123510059e-02
-1.716444075653366513e-02
-2.001087808073195862e-02
-1.935415607291625026e-02
-1.511970500832810795e-02
-6.834261349722274038e-03
-8.447948652797883720e-03
-8.454111439968003266e-03
3.342433842617324562e-03
1.442662255620870242e-02
1.945407025991179040e-02
1.569292124998871579e-02
1.253834456728451785e-02
1.015904651058117426e-02
9.554939298230346809e-03
6.620443448855027092e-03
7.374452755635013635e-04
-5.215867217945486210e-03
-1.294431817211604691e-02
-1.576078894369964054e-02
-1.459710065630209080e-02
-4.553698846968184943e-03
-2.468589139314391820e-03
-5.074092299096919639e-03
-4.300593177891435213e-03
-2.419718237055355336e-03
7.055074014027604970e-04
4.627390374554872683e-04
4.738751938718906674e-03
5.622318438782700559e-03
5.499401648674694804e-03
1.104117245914395216e-02
1.454425475631833040e-02
1.527862788247752804e-02
1.441645395737800595e-02
8.154368878981382851e-03
5.249223303503750687e-03
3.619636009529236201e-03
4.507485646676262329e-03
4.708646723392879811e-03
1.531414094354533340e-03
6.013532168341796267e-04
-2.667593240521467981e-03
-4.179779438905233124e-03
-5.875408700891525740e-03
-6.129793148306074586e-03
2.608754030014765433e-03
1.606538469958272621e-03
2.077360002787370045e-03
4.327563075244664215e-03
1.839468714536848879e-03
2.978020533764278929e-03
4.029122403047732774e-03
2.944972587564520603e-03
-1.645371732613979537e-03
-2.632912155721628140e-03
1.185111676297672355e-03
1.008994625943622275e-03
4.670483663841922851e-03
4.107913637017693298e-03
-1.600198502657014044e-03
-7.942369000329321110e-03
-1.365049654697195365e-02
-1.069405347178704890e-02
-1.055770180564818625e-02
-1.371597616065445627e-02
-1.680268514964772947e-02
-9.463807082952226113e-03
2.506359321183253275e-03
4.127973509256427018e-03
7.449476985947237929e-03
1.465749597056925126e-02
1.295756816453179881e-02
1.136533506429216259e-02
1.161477387500269368e-02
1.783163950253857655e-02
1.577095754253033874e-02
1.767749278844599550e-02
1.518148694970854022e-02
3.453394825615300340e-03
1.714965006732538074e-03
-7.034205275972792984e-04
7.139619750517663685e-04
-6.736850795014594911e-03
-1.278431681021185463e-02
-1.183532462085329362e-02
-1.222488980484438478e-02
-1.464809772013482038e-02
-1.543939959277798243e-02
-1.613587157784095519e-02
-1.176322001096291418e-02
-3.068105075223480447e-03
4.649768995466364266e-04
-5.388055491478586229e-03
-7.671306510135639592e-03
1.202991462574977280e-03
-8.271076661015494547e-04
-2.684163434525123175e-03
-8.815558907495429312e-04
-1.576202150113366470e-03
-6.302281857713717614e-03
-9.721026412465029812e-03
-6.691816227768957077e-03
-4.758958177152930978e-03
-6.778657602479884123e-03
-9.003832055542535656e-03
-7.111941132639870537e-03
-3.485918934905598860e-03
-8.718803148924574942e-04
2.841584129301826921e-03
6.791691897344683676e-03
9.251036855903897044e-03
1.009426021045530669e-02
7.755328409716236333e-03
1.298953762297678713e-02
1.684058629074395783e-02
1.432316476659034436e-02
9.474129751462173274e-03
3.202261248432988240e-03
1.115903576377245965e-03
1.422848894868940445e-03
5.657900831206169427e-03
1.191567195858370988e-02
8.477992240252210654e-03
3.838738500394859622e-03
3.270059610788250345e-03
-1.312327010456835119e-03
-7.425234121916785869e-03
-1.737320517192141424e-03
-6.678735712000381222e-05
-3.374865510100070586e-03
-4.849751439136695992e-03
-2.016194340123947902e-03
1.855029752141397134e-03
-5.437858515297103222e-04
-1.912882916700880650e-03
-3.925248625295392826e-03
-2.049873972008643078e-03
1.660532189052470013e-03
3.741366463106994035e-03
-1.574784709064239478e-03
-1.588250399030947209e-03
-3.469679990712337832e-04
2.071397506200280906e-03
-2.149087141963582049e-04
-7.923726569139713516e-03
-8.225240931437741154e-03
-9.571732893268918366e-03
-3.815913077413534554e-03
2.167444544246571346e-04
-1.318042995557119554e-04
2.221746402699274238e-03
4.967861255252009264e-03
5.476599336145257860e-03
4.798461642913387851e-03
1.062395176772695793e-02
2.334825843786978664e-03
-2.973991611651814315e-03
-2.304443303038296482e-03
-3.319492867376559742e-03
-2.928772160791072790e-03
-4.863479047558134059e-03
-8.115928494007771873e-03
-8.254745275014681999e-03
-6.787809341427509212e-03
-7.673240084610262815e-03
-5.941550814194816905e-03
-6.029609339371842271e-03
-5.869415390368584902e-03
-3.965907613650247222e-03
2.359769724858031513e-03
6.419328593042185858e-03
4.397179459815111525e-03
9.741517679805673010e-04
-1.169073022687439891e-03
-4.548799431167941266e-04
6.883401873920003133e-03
9.258355165668414113e-03
9.004602403938801250e-03
3.457292788500400654e-03
4.717528840401811856e-03
8.700006648055714706e-03
6.817922260237497915e-03
2.902041071440685568e-03
-2.296709005139798386e-03
-1.631436130125549873e-03
-3.612610432155301601e-03
1.354981201158014835e-03
2.341889938580726371e-03
-2.409765335775614526e-04
2.911770571685509418e-03
2.732572127746400324e-04
-1.852233387462956038e-03
-4.134251848685985449e-03
-7.050382592294352456e-03
-5.716146873447748231e-03
-4.497494227976708142e-03
-2.901555751951038434e-03
-1.235361502186022712e-05
3.074968879434199481e-03
4.350488643517503619e-03
3.894326840669324989e-03
3.650950671837398676e-03
6.293122415282129817e-03
4.494767194653931201e-03
4.187190190477299220e-03
4.400584399726601564e-03
3.561027903541413159e-03
5.679778725660089220e-03
5.697504442258140636e-03
5.485928255224024365e-03
1.267369478050823497e-03
1.517455381414215768e-03
4.293529083097687507e-03
2.448714150690760923e-03
-1.127797755615573844e-03
-2.802019035669668819e-03
-2.621033383451225676e-03
-3.028886638369640734e-03
-4.251845531375800756e-03
-5.230819680316985305e-03
-6.176168121761213201e-03
-8.181177003171396719e-03
-1.052742711367498155e-02
-1.270304505440592382e-02
-1.191366905275341968e-02
-1.556227016198221194e-02
-1.657982335860833448e-02
-1.271714243005756667e-02
-1.002785617869728432e-02
-7.893220772647629307e-03
-9.994885267337152643e-03
-7.585674582406847291e-03
1.194871990478346685e-04
4.966628697817985529e-03
6.910495027016635462e-03
8.818871405599367289e-03
6.657335433552146776e-03
8.146896499537615091e-03
1.027783423328519803e-02
9.053673596780865973e-03
1.084342402582278743e-02
8.854923710544557874e-03
5.459420566908553506e-03
5.834248986079098795e-03
7.452196315786053030e-03
7.951767250763750253e-03
7.329279525678047275e-03
5.412922337710012431e-03
2.357381644829611121e-03
1.403482336186844155e-03
6.415715659063703571e-03
7.724899648063778337e-03
8.311905126017527651e-03
7.301115588310608077e-03
6.700028141673138732e-03
3.532594344235280917e-03
9.570654405514147922e-04
-4.401539631737969439e-04
-3.010182579308332777e-03
-1.378777263118633302e-03
-5.331134448478583006e-04
-9.421977165035049428e-04
-4.857462626583305965e-03
-5.327074712430267776e-03
-4.872145467016112015e-03
-6.131172071935388039e-03
-5.352773534929659502e-03
-4.974886832625944298e-03
-5.512374315667793560e-03
-8.527525642132034386e-03
-9.261975803130857374e-03
-4.829375724055492980e-03
-6.014418068997500963e-03
-2.386554738596157257e-03
6.194433082236651357e-04
1.637537289423966671e-03
1.015057267822225967e-03
-2.749789414402917676e-03
2.527220355754102987e-03
-1.536637056481208368e-03
-9.456411738348083698e-03
-1.016143459060959292e-02
-4.112173663649036984e-03
3.409554298383873569e-03
3.230995243613664358e-03
-2.127956485454039239e-03
-4.160497618546725104e-03
1.609974223805613492e-03
4.163478866840270541e-03
1.372706917756066902e-03
2.690434070470718031e-03
5.237822147239032215e-03
3.849161314196321987e-03
3.110497347469930261e-03
4.041155244997388096e-03
5.630984858240678514e-03
3.757428227169114406e-03
-3.089243435216985478e-03
-2.845874969869021439e-03
1.717537970376062156e-03
3.861972208026205177e-03
5.073907415481816383e-03
4.609795617184185568e-03
3.945732189152072883e-03
-1.621729740332613712e-03
-5.607928330740474809e-03
-4.278592027694113828e-03
-2.275408871983077355e-03
-1.308059280341528291e-03
3.361862029171121865e-04
-9.827642630508071683e-04
-5.647693714955662019e-03
-7.488225510279355492e-03
-3.199364738463032591e-03
-1.096513907243261985e-03
-4.811827187588581245e-03
-3.887278152843502699e-03
1.009387503625717346e-03
2.031154505979409271e-03
-1.711059340363475702e-03
-2.112187453782500036e-03
-4.576424124657995675e-03
-3.304571218940911912e-03
2.150989902502356121e-03
9.916386765757771553e-04
1.952863998467021947e-03
1.845854902741883487e-03
4.757078527066044976e-03
4.950297311817172981e-03
4.680636855704693039e-03
8.509653559338692386e-03
1.154197595155567226e-02
5.943931190739276324e-03
-5.307785188587797916e-03
-6.090474566160721838e-03
-4.502509196036391897e-04
7.238409228854656048e-03
8.159299108717477794e-03
7.362527762460834707e-03
4.698948037083905925e-03
1.828691540473104766e-03
2.985600761983524167e-03
1.873325526552685255e-03
2.776474282849529084e-03
1.225770664652526317e-03
-1.180374033660643810e-03
-2.125106196387859837e-03
-3.793503642566193115e-04
1.782817293475538268e-03
9.209052868307468910e-05
3.807030960404602293e-04
1.086953883645616192e-03
3.423389755580788681e-03
1.251430969732105587e-03
-4.680297902410335948e-04
-6.229329864587445503e-03
-8.526061980179130279e-03
-6.052619645968270595e-03
-5.227129711498877673e-03
-3.644641518471990280e-03
-4.311763229637274181e-03
-2.569065680639204870e-03
-1.960652220753258349e-03
-3.097386017765503628e-03
-3.559656683396061980e-03
-3.374380190610424320e-03
-3.837267134957994107e-03
-3.573114669878807003e-03
-5.374512766672252286e-03
-7.227277694528630621e-03
-5.052276032514701511e-03
-7.413910000491694260e-04
1.082015950425559191e-03
2.268275445833666144e-03
2.208958619321279172e-03
1.821897067618049671e-03
1.648846003881133514e-03
1.158442214818986146e-03
3.057682261422017649e-03
4.841346938133447506e-03
1.365118986052859173e-03
-3.828123099494331293e-03
-5.545137232960933860e-03
3.286683729179643628e-04
6.473353126072232781e-03
9.168763647182821136e-03
9.861537959943721815e-03
2.448028540618085551e-03
-2.112950098694801621e-03
-2.614362166339573041e-03
-2.832039512672106327e-03
6.093247820387274593e-04
1.166985378533562292e-03
-3.285150735871076883e-03
-4.731895837992150348e-03
-1.231209324330155650e-03
7.389513066781989558e-04
1.413404423530734404e-03
1.625589185797900486e-03
-7.041269370766541340e-04
-4.177291213585297529e-03
1.433726214224198786e-04
4.176035545699385669e-03
2.393718978681419463e-04
-2.201016327355789694e-03
7.322176913464485811e-04
5.065834164288961520e-04
-2.729945239715137612e-03
-3.937605013571479282e-03
-3.414184092245424636e-03
-2.105023213697237560e-03
-6.631675128472567290e-04
4.962992653387615985e-03
5.926066811429896164e-03
5.488247003896781252e-03
3.588398382060699939e-03
4.784502929973070821e-04
3.522364117532884517e-03
3.156702844277890167e-03
-1.472759767462934266e-03
-5.942629301949588216e-03
-1.713678524910776033e-03
5.863075423067326541e-03
5.760349464425420542e-03
5.219195123017350037e-03
5.823941724537076182e-03
4.665199073843546811e-03
4.465863722826077242e-03
6.624364522192014229e-03
6.299670376650379558e-03
4.288537225489891767e-03
4.130192112637670436e-04
-2.454792199537289814e-03
-3.675902256392414667e-03
-4.968554568808646911e-03
-2.907888015768334954e-03
-1.020272526464938503e-03
-1.973555556390693601e-03
-3.768844790401757860e-03
-6.869011765877777384e-03
-8.894827757471071225e-03
-6.798694364266730586e-03
-5.269398728001925027e-03
-4.723352674277573986e-03
-5.197856472440816333e-03
-2.457234203953449596e-03
-1.863488177532384143e-03
-1.299716407209980818e-03
-1.431792639749574153e-03
-3.778620511550357958e-03
-1.521068315392697405e-03
-3.837321059345733063e-03
-5.199073622906914653e-03
-2.393025665124781220e-03
1.058743725374400747e-03
5.707857924703939713e-04
-4.599218733703470778e-03
-4.586377025937736322e-03
-2.695086974784157222e-03
3.414861998834137517e-04
4.049459600709123114e-03
4.792399001034784375e-03
2.804499557505641272e-03
1.394446149498658602e-03
3.471004989953913305e-03
5.536563255310507532e-03
6.547321979081576274e-03
3.872749382089949507e-03
3.238036227955523941e-03
1.220177935295644342e-03
4.254919221476896954e-03
6.042867035271559488e-03
3.279011059152846328e-03
-1.132766502771481677e-03
-4.117358108355899556e-03
-1.846347925715493112e-03
2.907487434602277500e-04
3.406811858093170345e-03
1.473337528760132811e-03
3.365236155146761506e-03
4.002391313697345986e-03
1.247710186978146689e-03
-1.627438021948935873e-03
-9.058989000715093279e-04
3.522394931468735783e-03
4.575961915620236665e-03
6.001915314526123923e-03
4.857239225548389168e-03
3.788149721212153353e-04
-2.780664978125209699e-03
-3.859299099091166325e-03
-4.116117847437913112e-03
-2.970825479743166055e-03
-3.998709048363200194e-03
-3.659347469356684888e-03
-3.560896944314048424e-03
-3.708873167752546347e-03
-2.913342082413889270e-03
-2.654073626167021294e-03
-1.144344839167340915e-03
-6.074728644941070109e-04
-2.923734082279501236e-03
-4.484205718141140960e-03
-2.040152175247781936e-03
2.141714907811328138e-03
5.003412833739628168e-03
3.317582403353822908e-03
2.833295180558018187e-03
2.880995153254732166e-03
5.584317152394959599e-03
6.505199328773818637e-03
3.836727891080608452e-03
1.738160196944070089e-03
-8.550944233378483198e-04
-1.686084645356572022e-03
1.233697549650090812e-03
2.593616684028162648e-03
-1.363223928998047755e-03
-3.260622842934006796e-03
-4.544708881183775855e-03
-1.906203996105265090e-03
2.501290428735831323e-03
3.052235898260426041e-03
-1.049522655071111503e-03
-4.678002264189467727e-03
-3.080831230729773849e-03
-6.123160448614235057e-04
-8.110459020394291925e-04
-2.301808711523071170e-03
-2.975039285470734360e-03
-3.418359380553179401e-03
-3.486227074264105011e-03
-4.335559291597892648e-03
-4.516552647300298498e-03
-3.454427092466295403e-03
-2.533544916087436365e-03
-7.651624108611075094e-04
-1.469609042522211314e-04
-2.233917907360257436e-03
-2.992141019867812068e-03
-1.714125326980609463e-04
2.552087201985529623e-03
2.188267061397607734e-03
-8.171239508859581922e-04
-2.946266772870245569e-03
-5.823102044785147952e-04
2.096557084822287843e-03
1.441668506189688588e-03
4.174556476778557446e-04
7.507099045987842374e-04
2.492184910691981614e-03
5.225473462446908468e-03
5.887087182578899097e-03
4.571817441248332732e-03
3.532317018812625598e-03
5.506149900625974085e-03
4.621350843128156465e-03
3.499299886548717670e-03
3.529266439163417524e-03
9.506869558303424582e-04
-1.487858596029723512e-03
-2.192272873058184659e-03
3.245485496947404336e-04
1.681408630591244924e-03
2.250696095430904011e-03
9.409189381657053928e-04
3.398468984961623305e-04
-1.291558417693537035e-03
-1.729370521742689239e-03
1.467413549592856779e-03
1.989001041735801670e-03
7.876196073090177541e-05
-3.986075334664458230e-05
1.874049654045174167e-03
3.361769587363569803e-03
1.955991612955856451e-03
-1.987999588820657439e-03
-3.094766833218203731e-03
-3.179759371778094739e-03
-1.633577698667165886e-04
-4.183384669399751619e-04
-3.536846667382662329e-03
-3.262294498953901417e-03
-3.366853886778917171e-03
-2.028335030849080269e-03
-3.253111946070425062e-03
-5.438513311433927980e-03
-3.615707232708285923e-03
-1.637591213811705193e-03
8.309748150507984758e-05
3.877286734143948511e-03
3.046912790842236027e-03
1.960937249659876376e-03
1.155630443172619851e-03
6.538070094842435872e-05
4.524464125329937794e-04
-3.241210063348134475e-04
-3.623626414221887710e-03
-5.031846393045760410e-03
-2.803020488584812616e-03
-1.514643609767849473e-03
-2.082089941940435448e-03
-5.078914680057537538e-03
-4.440534667556892030e-03
-3.748954394810201547e-03
-4.748096264765597728e-03
-1.912690329601814685e-03
2.664180597126014800e-03
3.545929074974623913e-03
4.189817078508562692e-03
2.675812857909612777e-03
2.093691388788183026e-03
1.522578198249376459e-03
7.094808584306942756e-05
1.679128399338301360e-03
1.794087490512891571e-03
3.356400259041604408e-03
3.571034729208892762e-03
3.646243843136220963e-03
3.487267044599061915e-03
4.494982892204885290e-03
5.403015657334048032e-03
2.537050001290441174e-03
1.948203390669620049e-03
1.617400382345605871e-03
2.803051302520663448e-03
3.440822739788260230e-03
9.894277766784975291e-04
-1.368986135002108276e-04
1.239529087009814999e-03
1.770907707269284972e-03
1.832057962964781699e-03
1.474346685159239750e-03
1.388136996133250206e-03
8.665495039903052055e-04
-1.649654869697211564e-03
-1.576887760186042060e-03
-3.378285856979486475e-03
-3.146534245447195430e-03
-3.161810254145126092e-03
-5.092226300344991977e-03
-5.780748289958510810e-03
-4.964425501404668394e-03
-4.526605693871553482e-03
-4.849458706746115691e-03
-2.487947994512525619e-03
-2.276371807478408480e-03
-1.887476826592068575e-03
-1.910702830739451205e-03
-1.768226894850283845e-03
-2.049504204778436131e-03
-2.646092816781718494e-04
1.634016797253036880e-03
-7.018051070103120768e-04
-6.999662853884280585e-04
8.639149124750798389e-05
-5.055103211128993222e-04
6.691330908279310378e-04
1.302620620663898958e-03
2.532913230402499515e-03
1.385178858291593543e-03
-4.933141653032356453e-05
1.073950402716667037e-03
-1.930192645164949738e-04
-2.009646378755697294e-04
6.838405824094179056e-04
2.800763367783756959e-03
2.120807652336702612e-03
1.110657503798683030e-03
-7.983505604689858631e-04
-1.392088883406088391e-03
9.419049841129242080e-04
2.367866086502774282e-03
3.162780893124419058e-03
1.775776309133678251e-04
1.012245496175859672e-03
1.075229181054466587e-03
1.409013437672025008e-04
1.102137450535994791e-03
-3.091431224662376899e-05
-6.448285989257777472e-04
6.790143497068190865e-04
1.506339254056115106e-03
2.198058189514132490e-04
-4.473066480331153042e-04
-1.244451613261946909e-04
3.243806137443546898e-04
-1.006182854297255980e-03
-3.482313704411080257e-04
-2.607868129359060846e-04
1.825355931917278340e-04
1.617670004284298482e-03
2.428484801804848062e-03
-1.445897718885181984e-04
-4.564368172256452337e-04
1.791953625455238158e-03
1.560209717406910038e-03
8.631368605948524586e-04
-2.716633619427682821e-05
-1.247663966074370875e-03
-1.993653946049240861e-03
-5.200005744466395163e-04
-2.130375379418310679e-04
1.235546385801126199e-03
2.859332956351767004e-04
-1.919038000387035970e-03
-7.040329545723097038e-04
-1.463654249419084829e-04
-3.273572399475217212e-04
2.290877467780074036e-04
1.587171911276176765e-03
2.901232205624607301e-03
3.464403104197924174e-03
1.974248869947331682e-03
-1.324036306080059308e-03
-1.925716920982651530e-03
-1.931217208531982093e-03
-1.893909235700879648e-03
-1.927542646681799227e-03
-1.318505204594878346e-03
-8.085345662676061236e-04
-1.437123450651726442e-03
1.050138933788123262e-04
-1.438949176350873922e-03
-3.502666309040394603e-03
-3.283756405273838015e-03
-6.959982207992682730e-04
-9.032797155242091062e-04
-1.728153371276590702e-03
-2.458828825133717625e-05
-7.533614437787276050e-05
-2.152230163420342212e-05
-1.332517841922934440e-03
-3.301451307936039033e-03
-1.191867631732914127e-03
-7.467117964221701293e-04
-3.451253257073684435e-03
-2.553604788326170952e-03
7.306199887725955446e-04
1.909547308145054332e-03
1.976197851389881622e-03
1.331708976106856391e-03
1.060831369528278129e-03
2.117464340296913369e-03
1.156839890154755463e-03
1.616676254853117176e-03
1.203322712385371121e-03
2.041800720815788650e-04
4.499967046328718322e-04
9.141108139756916329e-04
2.849426275975802062e-03
4.628815519087962384e-03
3.817392146334363644e-03
1.005235325769850488e-03
1.663182187535620742e-03
9.288090613764234246e-04
2.708691327462193154e-04
-1.488336212035407721e-03
-2.910006473858063169e-03
1.114717239846998260e-03
4.077916270467142612e-03
4.176366795509779510e-03
2.012365708594511960e-03
3.791300446152875763e-04
9.557558482777647356e-04
2.299166416523882716e-03
1.918830006320044806e-03
5.210089604973501629e-04
6.481988731594361423e-04
-3.725751501114707014e-05
-1.380656913205519304e-03
-1.070029329379679466e-03
-1.874719857149924557e-03
-9.043119823752039524e-04
6.953079886362150373e-04
-2.610310133775220302e-03
-4.213590030017293035e-03
-3.243174451758609831e-03
-2.855496621338368245e-03
-1.445435509847423083e-03
-2.051399261833247549e-03
-1.756671668906312298e-03
-8.840903369732539072e-04
-3.252018051347729311e-04
1.363693841519769256e-03
2.259501177600210277e-03
2.296809150431312722e-03
1.632137147166150661e-03
-4.927248487800931333e-04
-1.580531508100374528e-03
3.388870443944164298e-04
2.453367055004200114e-03
3.561359153351807000e-03
2.082821772916887068e-03
-1.091329462536400280e-03
-2.951428107125219583e-03
-2.813227604835320892e-03
-3.105513193346096795e-03
-2.692760522627437626e-03
-4.529625459584911591e-03
-5.308632571823689722e-03
-3.318899699111435998e-03
-2.578402303201933650e-03
-2.071482244523869826e-03
-3.215549758268555422e-03
-2.476269512825151394e-03
-1.302243149949729303e-03
5.242328685357180822e-04
2.953615896570610869e-03
4.027982287421260667e-03
2.382510409515767227e-03
6.789519514867216722e-04
4.875650552219117041e-04
4.624986887558526333e-04
1.608402713077233424e-03
2.691936249843434378e-03
3.963804562528444424e-03
3.309532262612856820e-03
-1.397820275474298296e-04
-8.808856876447925411e-04
1.859744284326537338e-03
2.023620498663940281e-03
2.732317912775633455e-03
1.227488541576196752e-03
-2.542234445997303312e-03
-2.618668413874692541e-03
-2.424779426018814797e-04
1.581548367983443958e-03
-3.977848013792350916e-04
-1.621953141367530509e-03
-5.824419340542760391e-04
3.255993049072455946e-04
3.818586186348573732e-04
3.256070083912081942e-04
-7.829898134474664977e-04
-3.608604620494725111e-03
-1.358987012818591760e-03
3.219108767859298753e-03
3.750487388118768726e-03
3.823863072862987173e-03
3.644710849827654652e-03
1.247741000913997304e-03
-8.465512596232720654e-04
1.786453337905908028e-03
2.803336331427281475e-03
1.686177087164123867e-03
-2.142747174662322875e-04
-2.394173484235216035e-03
-2.774502190955091454e-03
-1.150430591497832731e-03
1.939344384112575044e-03
2.508023273719184754e-03
6.613764528259411099e-04
-2.534785177005422808e-03
-3.067989522964040695e-03
-4.032280831472418760e-03
-4.289708155052214707e-03
-1.347293124163292553e-03
2.095193568160899373e-04
1.458153961869754428e-03
9.561333189919343908e-04
-1.118592092280210016e-03
-6.043367761729130736e-04
2.101479611074419699e-04
1.223975752889229452e-03
2.505627490206801655e-03
2.846221626647340696e-03
2.293450431423598064e-03
1.837904907292431302e-03
5.434214767382770971e-04
8.665418005063426059e-05
2.058948676116641847e-04
1.190688998686629212e-04
-1.667449917650927745e-05
-2.076720613618470053e-03
-1.167462994539246500e-03
1.068527150006963309e-04
1.527169474691114474e-04
-1.945969380320452190e-04
1.141471439649273389e-03
1.108462010869328386e-03
-7.559197708027228348e-04
-1.404691783168979767e-03
-1.778295348389464245e-03
-1.722645380243297648e-03
-1.727537092559578834e-03
-1.588119439803582474e-03
-1.769112795505988107e-03
-1.389993535768248301e-03
8.418829483419075672e-04
3.607580057127693189e-03
3.750664568249909275e-03
1.285819322141364476e-03
-1.290919028524637260e-03
-1.649238881563228369e-03
-1.571580059735777895e-03
-1.715889424808055659e-03
-5.767090012892737115e-04
-7.896687340430820305e-05
1.887137873297712175e-05
-1.659122451487305661e-05
-2.746299736167838500e-04
-1.201620242429626102e-03
-1.662057478877074050e-03
2.616403589589674176e-04
1.653968820716293989e-03
1.137889319606642368e-03
-1.156354570665108546e-03
-2.378689481470293993e-03
-2.623883672517405077e-03
-2.657517083498324873e-03
-1.572150117549013949e-03
-4.182960977781805933e-04
-5.446709818370184950e-05
-1.260066575254233632e-04
-5.140465516919091746e-05
-1.118422615633031742e-03
-3.400433373372098445e-03
-1.712769513803183647e-03
5.744757612885021455e-05
1.134253275176272608e-03
1.186844960189267772e-03
-1.246208007605430559e-03
-1.910872307386629479e-03
-1.226633454856342889e-03
4.971112125484246662e-04
2.019684018359027295e-03
2.952183048553558894e-03
1.703556146983856894e-03
2.022133726259149351e-03
2.471570387607936389e-03
2.599979761781309566e-03
3.404069417802467988e-03
3.925048334712363286e-03
5.306367747538670923e-03
2.714330277722850834e-03
-2.910530310767523300e-04
4.476078542560547684e-04
1.131341358238391868e-04
-2.849326130684287617e-04
-2.959370399090708627e-04
-2.439593225678986341e-04
-3.106083251159332849e-04
4.109315671098894441e-04
1.424143080174665194e-03
2.331574973554741484e-03
2.526026315739892357e-03
2.458759493778053633e-03
1.746395221300140084e-03
8.456961729034182017e-04
2.446241332338750852e-04
-1.999154233598571262e-04
-5.087072669573980887e-04
-1.859451551935956603e-03
-2.080803460118673624e-03
-1.518241136778405911e-03
-1.520690844678527750e-03
-2.011695505489762004e-03
-3.029187074244184610e-03
-3.222413562479274456e-03
-1.235122694183180513e-03
1.156208204469818450e-04
1.334289643234343181e-03
1.451082163592044014e-03
5.559827776877702815e-06
-1.506000300761758774e-03
-2.429933056789825886e-03
-2.458058476737452411e-03
-1.358016373839297927e-03
-3.276861787127267932e-04
-1.136055890423532180e-03
-1.154397885738596115e-03
-3.417465776413512323e-04
-3.123947630468712575e-04
-3.906621601073710539e-04
-1.018030812631808045e-03
-1.933404997977374029e-03
-2.306399987964808697e-03
-3.524459465170725041e-03
-3.373424958599056337e-03
-1.926063577760970570e-03
1.633392815052062466e-04
1.325754183003729743e-03
1.250537365592438400e-03
1.423588429329354556e-03
9.845514713301413250e-04
1.156986256350045830e-03
1.624148634296885153e-03
2.262528646797530660e-03
2.593947933838556489e-03
3.066009727585639923e-03
2.077868432728904868e-03
-7.940751268697164632e-05
-2.174316051941252870e-03
-2.043456969867757638e-03
5.455191354213060652e-04
1.247486785943229893e-03
2.121893843575435763e-03
1.712207159473910301e-03
1.802707689067094146e-03
3.007925458507277119e-03
3.105759704832901282e-03
3.141226544996931699e-03
1.721998287590435382e-03
1.313528753955008023e-03
1.451721552760943789e-03
4.330112928436301149e-04
-1.205125327632630694e-03
-2.356526558109757041e-03
-2.318617713529567709e-03
-2.034282120468244425e-03
-2.853655488671295783e-03
-2.374259978191772032e-03
-1.995148421937994500e-03
-2.061190389949772630e-03
-2.018998408286351489e-03
-9.428062917365539943e-04
-2.445016478388690258e-04
-4.095996347327476644e-04
-2.445024181872652641e-04
-3.979820105686788113e-04
9.558174761494658573e-04
2.436195989251458902e-03
3.283086202169087624e-03
2.327353464343210471e-03
5.345116271870788485e-04
1.180836242698402819e-03
1.058543434791371857e-03
-4.358977882844341785e-04
-3.625221035402155685e-04
-2.371702421516172607e-04
-1.531660605841337827e-03
-2.172482622758142683e-03
-1.477243195129195183e-03
-1.693002373955029632e-04
-1.299300419075997840e-03
-2.082598371881970271e-03
-9.892891139671698697e-04
-2.200561821801993339e-04
1.160645411232303498e-03
1.363655324099956150e-03
1.306179630254642073e-03
2.245396098464602554e-03
2.969993503475200098e-03
1.801467428149107920e-03
1.407064456229475393e-03
5.986962852154624828e-04
-2.958900486568987560e-04
-3.319685454475625815e-04
-6.468784960082383162e-04
-1.614842825670006988e-03
-2.713051499385051284e-03
-3.774568478986005220e-03
-3.901752999209316935e-03
-2.708159787068770315e-03
-1.132396735541274730e-03
-2.952922583013972571e-04
-4.903544867647864928e-04
-6.426130769381203662e-04
-5.661806497575231798e-04
-3.417719991384279626e-04
-6.187707940737259766e-04
2.385121890579105174e-04
1.466959044039060694e-03
1.481017902270892602e-03
7.246266782496556822e-04
2.999151190273821387e-05
1.059098085636682495e-03
2.803020488584812616e-03
3.053106391948204670e-03
2.670936552561256790e-03
1.621036426775975632e-03
1.577758253873821394e-04
-7.111294039987008271e-04
-1.156285239309444825e-03
-1.087801266881507564e-03
-3.026737366344062446e-04
1.033422373589177999e-04
-2.317477597903096090e-04
8.554487836001299595e-04
1.534179645097123821e-03
2.751545808746401652e-04
-2.794538952741937917e-04
-5.533967181215094676e-04
4.433016067209347806e-04
1.336662316294838808e-03
1.462005703851078278e-03
8.878342301791007120e-04
-2.868091817617297564e-04
-1.570293577914015854e-03
-2.136522759620503292e-03
-1.281073976020373657e-03
1.644447314538461681e-04
1.346414926991550782e-03
1.369040059389846744e-03
-4.943441211090416174e-06
-7.014145403734058830e-04
-5.766774170050268039e-04
2.475845821207205708e-04
1.403266638635890066e-03
1.333550108773929070e-03
1.366567241037836781e-03
-7.039636232166459554e-05
-4.164934825309210748e-04
8.124094187008177985e-05
7.293982162161196867e-04
7.715886571827481341e-04
-6.458123338278079018e-04
-1.878548488679360282e-03
-9.154820341210430281e-04
-1.240176179662677482e-03
-1.734246827091045226e-03
-5.881856516968261768e-05
8.620583728400816898e-04
1.441113855344377734e-03
8.137421214263559520e-04
-2.759087519545833458e-04
-5.474072593405509592e-04
-4.495760944085112616e-04
-6.299647266198492518e-04
-1.900002691515333738e-03
-2.252822257004594934e-03
-2.287680521935575324e-03
-1.500107135530333357e-03
-1.597664056433302743e-04
-3.536084022470360202e-04
-4.581747232076185147e-04
-5.694677263643849142e-04
-4.300570067439547523e-04
3.776933448562538138e-04
9.267907485782096548e-04
1.212952067338680853e-03
1.210502359438558797e-03
1.112051834395922116e-03
1.604281349157216964e-03
2.080002297786558065e-03
1.795659001241271856e-03
1.247779518333810627e-03
5.702588741673487787e-04
1.795219902655400916e-04
3.091485149050115610e-04
-3.280120360843468037e-04
-7.395383121561526852e-04
-1.167578546798686253e-03
-9.651849126480453603e-04
-4.429919266656363159e-04
-4.032527342959223464e-04
-8.270075208100350099e-04
-2.153909522924199460e-03
-2.367935417858438221e-03
-2.435202239820276945e-03
-2.026740409668812293e-03
-9.976396905826798341e-04
-7.701804603143761092e-04
2.289413805827171175e-05
-3.225941758134167172e-04
-1.678982033143011155e-04
8.373532997718707285e-04
1.269657412787729986e-03
2.504217752641637370e-03
2.628952564964827463e-03
1.380317959911162972e-03
4.123490081590166535e-04
6.074482133454264104e-05
-5.409517397798521959e-04
-8.803233333155191954e-04
-6.742674628890356825e-04
5.093281677647875353e-05
3.633879751376172017e-04
-2.046777171455658648e-04
4.862793437485458470e-04
1.309314948227439934e-03
1.227981564549806160e-03
6.360674266150586351e-04
4.917526691040069323e-04
-4.451666201882917946e-05
-8.174243867605015266e-04
2.211839722323309378e-05
4.764350615926784822e-04
7.448637306195309265e-04
8.579755263398784445e-04
1.169211685398767551e-03
1.035902895425150480e-03
7.601181695623657241e-04
1.375249067463740803e-03
7.380885164743823841e-04
-6.395686600760819816e-04
-6.939976260141686882e-04
3.253188980910051600e-04
9.649152907093526410e-04
8.138653771697581954e-04
1.259627476668362693e-03
1.108585266612730847e-03
9.813853394214932819e-04
2.058794606437389096e-03
1.587949963156404199e-03
1.026612493766197514e-03
7.789531878510392833e-04
1.191651934181959984e-04
-1.425545114255866988e-04
-8.267995267430436291e-04
-7.167467845042634024e-04
-1.385094119968004406e-03
-2.714445829982290587e-03
-1.738545371142202452e-03
-1.973971544524676363e-03
-2.749327205365159101e-03
-2.469282452871030334e-03
-2.854525982359074846e-03
-1.435914003669590830e-03
-8.776502243804805599e-04
-5.468533788436366139e-04
-1.940430575351308467e-04
-9.125315997633489653e-04
-7.413316832226570733e-04
-8.764792948181580542e-04
-7.786527519764959489e-04
-8.330855696565639011e-04
-8.300349900073556103e-04
-7.878584153118597770e-04
-8.899835022046793248e-04
-2.344932814745972441e-04
1.619988752957055342e-05
3.922452260616951839e-04
9.523432048823117719e-04
9.290940902830413430e-04
9.731117976456098552e-04
1.053204920405257077e-03
1.304800706625328295e-04
4.037973706120815071e-04
1.100866375682157949e-03
9.076244804791422545e-04
6.287853232251678541e-04
5.541739996533406095e-04
1.555757103676499954e-03
1.544741121609913628e-03
9.308042637227491789e-04
9.925553911673324660e-04
9.301725780378118950e-04
9.955905638486155576e-04
9.240329013195818821e-04
1.064660001057714071e-03
6.598534740465257335e-04
-6.328134749892362848e-04
-1.458924310266019155e-03
-2.140120286631059729e-03
-1.895542374300960946e-03
-8.462662307166541470e-04
-3.711638718495136827e-04
-5.485034651084356961e-04
-8.995050083825117948e-04
-6.127343440405952531e-04
-1.247910477561175741e-04
-8.078181422590798109e-04
-5.675233670122127290e-04
7.446842394432012834e-04
2.233609768001751286e-03
2.751514994810550820e-03
1.684482320692341556e-03
8.632601163382547021e-04
4.676215055910132702e-04
-1.842218858311514161e-04
2.963823012821119253e-04
7.922725116224568634e-04
8.264990908685002947e-04
5.433760261828974670e-04
-5.114281374930052318e-04
-2.093745313175921277e-04
-3.170083795921009411e-04
-9.009763738193774180e-04
-8.129409590942405020e-04
-1.011074566613537166e-03
-1.350451552587978105e-03
-8.790214445258318467e-04
-8.215611576484431857e-04
-7.433045454654911045e-04
-1.260898551522199460e-05
-1.445805277077630410e-05
-7.311191745333750752e-04
-5.201754435325916213e-04
7.538406004812042900e-05
2.936645121400898437e-04
1.148489313539245498e-03
-8.853614118270907221e-05
-1.845523652931489917e-04
1.523541133744707259e-04
8.928337912708590512e-04
2.513816293659096052e-04
-1.037620772348820915e-03
-1.106412884135264191e-04
2.372711577915279438e-04
5.949670286291448016e-04
9.312587692765452634e-04
2.329433405013125254e-04
-8.542701505538450712e-04
-8.549018362387820298e-04
-7.625832844304130873e-04
-1.810881085551463562e-04
2.658818972288012222e-04
8.583838109898988232e-04
-1.560671926444668885e-04
-7.846768764352863180e-04
-7.259932763046294309e-04
-8.556413706991961412e-04
-7.529315893736118499e-04
-8.679053171677311848e-04
-1.720657881380934439e-04
-6.147896335618296525e-04
-2.216300039537682522e-04
9.132480237718750612e-04
6.839276317781958119e-04
-4.068564240936488796e-05
2.699254559607949604e-04
8.783204274852309500e-04
8.428381803532758757e-04
8.263142072533968211e-04
8.324076630678510199e-04
7.816417037540031179e-04
7.834597259691881066e-04
6.642005500466477592e-04
-4.285201616934064908e-04
-1.091375683440175878e-03
-5.098820482617018399e-04
5.883042853498508416e-04
6.928482662069417215e-04
1.575185290230297040e-03
1.775730088229902437e-03
1.165460088708958038e-03
-1.155938582531125704e-04
-9.576123879127628304e-04
-6.989779283960203659e-04
1.601230769508008727e-04
8.376152182266007398e-04
6.041441890738468649e-05
8.571435500719125963e-04
2.419833789314795142e-04
-1.065977296815326728e-03
-9.754998776740305723e-04
-1.090474375816546200e-03
-9.266212719310313803e-04
-6.141779769351954311e-04
-5.793435928044992408e-04
-7.517991772311026673e-04
-7.897303619147831794e-04
-1.044738791530307361e-03
-7.078338535594800923e-04
4.364578315685186196e-05
6.294162385617087371e-04
8.727585120641992650e-04
8.849685341449957865e-04
8.592697116456031936e-04
9.063302951734175054e-04
8.696231940914016202e-04
-1.136487285525440520e-04
-5.068468755804186399e-04
-8.058768643004925788e-04
-4.310669334914578213e-04
2.335827296702122733e-04
5.558071382534219076e-04
9.783116493203970841e-04
7.447096609402779595e-04
3.747459918921448667e-04
2.334741105463389364e-04
4.389553010692090338e-05
6.160614787640627599e-05
8.283710374714236971e-04
8.259059226033764424e-04
3.096554041497537590e-05
-4.888091678818792850e-04
-7.230258942822174757e-04
-5.805753798901264673e-04
-6.289039568781926680e-04
-5.702257491863093946e-04
-6.246701220923215172e-04
-5.586535755776201716e-04
-5.898619298070982954e-04
-6.302428223909007548e-04
-1.230123133091422282e-03
-2.109445013491797246e-03
-1.036334290527058657e-03
-5.973173615861485965e-04
-7.122972521674381628e-04
-6.511747290142068812e-04
-7.643211904123863682e-04
-4.952962717268248475e-04
-6.744823900915934787e-04
-7.007998023531866001e-04
-6.910410288693046108e-04
-6.861739677017038080e-04
-6.287198436114853784e-04
-6.330245504498128355e-04
5.669240359599187130e-05
4.437299204292579507e-04
6.155283976738475799e-04
1.489499438113767627e-04
3.054616274804883942e-04
3.800367446776911932e-04
4.735662841649884410e-04
6.270212253977214961e-04
-1.673081164427622975e-04
1.677533778158033331e-04
4.428902406773293403e-04
-5.670873498199268645e-05
-3.771463974949057756e-04
8.904148973065876107e-04
1.123352845369126251e-03
1.103154310419064222e-03
1.272499998369946896e-03
9.716327287247814156e-04
2.275262505787787205e-03
2.769918617997316201e-03
2.316791987830420663e-03
1.345136148653751232e-03
1.057102883290356741e-03
2.399874062367575271e-03
1.769413231380531550e-03
9.414504785591280150e-04
9.903444912700524062e-04
1.010496805316338622e-03
9.468737312688320406e-04
7.413917703975657185e-04
2.900970287169877290e-04
-4.290224288477711913e-04
-5.917022921257747902e-04
-3.165677403094374707e-04
-9.340859478908369201e-05
3.034094193528391104e-04
2.220552362685063608e-04
-7.282026355051166890e-04
9.847979828169461643e-05
-1.822143579104854429e-04
-7.967713462566430871e-04
-8.090352927251781307e-04
-7.827664124125497010e-04
-5.993557034426652119e-04
-8.659871496610319682e-04
-7.834674294531507061e-04
-8.733824942651737325e-04
-7.725207787422284271e-04
-1.176730285746311559e-03
-1.376104154183594667e-03
-1.360843552453589855e-03
-1.179881010687034619e-03
-1.142611555275745280e-03
-1.357269135894921108e-03
-1.833028601944075315e-03
-2.305722081376096032e-03
-2.201802082719979403e-03
-2.239133166002969973e-03
-1.848435569869370495e-03
-1.427771421121072247e-03
-7.374498976538789016e-04
-3.388007653740347618e-04
-1.064120757180328633e-03
-9.607400024015977672e-04
-3.741428090978695374e-04
-2.741346395979856192e-04
-1.942495109053298051e-04
-1.430590896251401141e-04
9.855683312132109720e-04
5.130304621572360233e-04
-3.232451202082604457e-04
-1.261707417338277530e-04
-3.202538573855643451e-04
2.706503538016800567e-04
9.303882755887660921e-04
1.624425959719540472e-03
7.283066325386123793e-04
9.855606277292482641e-04
1.515167446677309496e-03
1.542876878490953042e-03
1.666402243832007307e-03
1.428695839196589832e-03
1.473530115859198993e-03
1.403120272440599916e-03
1.422055436020787595e-03
1.336700833714651914e-03
1.330422494285094350e-03
7.416367411875778373e-04
1.156308349761332732e-03
1.298044751190086414e-03
5.694330606865530536e-04
-1.037304929506352348e-05
-5.895676567197250841e-04
2.432760235404117597e-04
4.623230493215042900e-04
-2.856551998641251432e-04
-2.707081299313999871e-04
-4.231007607256839277e-04
-2.551085749070385175e-04
-1.161916486086140150e-04
-1.198161378130397270e-04
-5.012017625325905585e-06
7.254024190846943374e-06
-1.430236535989119339e-04
-3.403707354056223532e-04
-6.057950456870422667e-04
-7.256073317581006668e-04
-7.845382137239586585e-04
-5.833432416779058254e-04
-5.387423805793649378e-04
-3.835171787320154017e-04
-3.215041328327021032e-04
-6.439403872248844994e-04
-5.428745293769291673e-04
-4.266358895161429508e-04
-5.889421338219581400e-04
-8.551406442416240256e-04
-6.103123686827388594e-04
3.949907477459827648e-04
2.362196322306265716e-04
7.229912286043855879e-05
-1.774520641247766636e-05
-1.134846443441396623e-04
8.341640574113346970e-05
-2.474120240799572890e-04
6.438541082045027772e-05
1.916210821772744259e-04
3.608774097141903168e-04
2.949217207227939090e-04
2.390198486510489672e-04
1.759468033584753502e-04
4.249172422440762771e-04
3.635019867002643691e-04
-1.114994565269653613e-05
-3.014997256784987317e-04
-3.079721929039152791e-04
-3.617494440987620188e-04
-5.376361602823287239e-04
4.384753740183360698e-05
1.160884219235145494e-04
5.859616558768097682e-05
-4.112112035777335726e-05
2.877543992439466082e-05
1.650725653968019625e-04
1.963394661043960923e-04
1.873510410167788566e-04
1.788417726316383059e-04
1.803562775786948444e-04
1.640364468038258436e-04
1.722237095593277378e-04
1.478298572432077990e-04
1.735679675108097635e-04
2.667369839486550859e-04
1.222689271067467357e-04
1.485316446322049882e-04
1.142896584182363307e-04
1.333087899736170440e-04
1.076654325587556531e-04
1.131272026882727984e-04
1.781646363913215816e-04
1.678797149527907465e-04
-2.740968925265685954e-05
-5.226374770070538146e-04
-1.790674847117438987e-04
5.058577482396147226e-05
8.705630191348447567e-05
2.620956348611599030e-04
3.087679627972567901e-04
2.113512453024075130e-04
1.433341040026066369e-04
4.840098973731499031e-05
7.723204881591995646e-05
5.666690506407551138e-06
9.917311183833291360e-05
-1.682918513447923979e-04
-6.287098290823339014e-04
-4.669875088608874342e-04
-2.375222913687102940e-04
5.241165459278821458e-04
-9.018853849269699123e-05
-9.878331554982293372e-04
-2.879200241491435084e-04
-4.328379644544705406e-05
-1.714009774721169928e-04
-4.240028386977099523e-04
-6.216465046369822707e-05
-6.738861404328846461e-05
-3.257749443415938837e-04
-1.664722884328150140e-04
-1.115610843986665338e-04
9.840815588084199397e-06
2.338392556861684270e-04
3.061803625342034759e-05
-2.648319123646923536e-04
6.434735560967480333e-05
3.221966760409441079e-04
2.232708460378121770e-04
-2.622897626570186696e-04
1.105865936773916180e-05
2.856451853349736662e-04
1.532169035782872705e-04
1.527677904632649081e-04
1.735710489043947979e-04
1.993168626559594433e-04
1.330915517258703703e-04
1.138675074970832429e-04
9.586908756675334095e-05
1.086091093441799674e-04
3.784220944391202370e-05
2.301161618870208687e-05
1.620027270376869018e-04
2.085595027143440297e-05
-1.355520445035400057e-04
6.373770188887086646e-05
9.636827332753291220e-05
4.044167307226783687e-05
7.303865732085272437e-05
5.851959295709226069e-05
1.658105591604235973e-04
5.974537132522874191e-05
-4.813691430707542509e-05
5.192171301276382784e-05
9.064227369809693235e-05
1.031265398079636569e-04
5.125305060480600918e-05
1.612554890933100469e-06
-2.895007790582788219e-06
2.708306153264060736e-05
7.423238919570461199e-05
3.430053269208478554e-05
-4.019885925776518385e-05
-2.648480896810139198e-05
-1.673967065083327549e-05
-4.975472297407105248e-07
-3.045433721921408373e-05
-5.033479531645841844e-05
-6.757357469323162712e-05
-1.066038924687027903e-04
-7.311014565202609444e-05
-5.941650959486331811e-05
-6.731989896634164449e-05
-6.927850976384480690e-05
-5.640814503777017081e-05
-2.412338299419139055e-05
-1.400901669059357297e-05
-1.544101732441013908e-05
-2.344370460416698987e-05
-3.502273431358300047e-05
-2.183945406894562642e-05
-1.566696050903459186e-05
-1.333465370450339865e-05
-1.333557812257891981e-05
-1.041210595875414692e-05
-5.867065827759978219e-06
-3.679237864948241093e-06
-1.284247811412984495e-06
-2.672130592575467212e-07
-2.509641005351340860e-06
-4.401331637670977991e-06
-6.450342819475804978e-06
-9.493927705246177294e-06
-1.348772193084120979e-05
