2.000000000000000042e-02
3.999999999999999389e-02
5.999999999999999778e-02
7.999999999999998779e-02
9.999999999999999167e-02
1.199999999999999817e-01
1.399999999999999856e-01
1.599999999999999756e-01
1.799999999999999656e-01
1.999999999999999556e-01
2.199999999999999456e-01
2.399999999999999634e-01
2.599999999999999534e-01
2.799999999999999711e-01
2.999999999999999889e-01
3.199999999999999512e-01
3.399999999999999689e-01
3.599999999999999867e-01
3.799999999999999489e-01
3.999999999999999667e-01
4.199999999999999289e-01
4.399999999999999467e-01
4.599999999999999645e-01
4.799999999999999267e-01
4.999999999999999445e-01
5.199999999999999067e-01
5.399999999999999245e-01
5.599999999999999423e-01
5.799999999999999600e-01
5.999999999999999778e-01
6.199999999999998845e-01
6.399999999999999023e-01
6.599999999999999201e-01
6.799999999999999378e-01
6.999999999999999556e-01
7.199999999999998623e-01
7.399999999999998801e-01
7.599999999999998979e-01
7.799999999999999156e-01
7.999999999999999334e-01
8.199999999999998401e-01
8.399999999999998579e-01
8.599999999999998757e-01
8.799999999999998934e-01
8.999999999999999112e-01
9.199999999999999289e-01
9.399999999999998357e-01
9.599999999999998535e-01
9.799999999999998712e-01
9.999999999999998890e-01
1.019999999999999796e+00
1.039999999999999813e+00
1.059999999999999831e+00
1.079999999999999849e+00
1.099999999999999867e+00
1.119999999999999885e+00
1.139999999999999902e+00
1.159999999999999920e+00
1.179999999999999938e+00
1.199999999999999734e+00
1.219999999999999751e+00
1.239999999999999769e+00
1.259999999999999787e+00
1.279999999999999805e+00
1.299999999999999822e+00
1.319999999999999840e+00
1.339999999999999858e+00
1.359999999999999876e+00
1.379999999999999893e+00
1.399999999999999911e+00
1.419999999999999707e+00
1.439999999999999725e+00
1.459999999999999742e+00
1.479999999999999760e+00
1.499999999999999778e+00
1.519999999999999796e+00
1.539999999999999813e+00
1.559999999999999831e+00
1.579999999999999849e+00
1.599999999999999867e+00
1.619999999999999662e+00
1.639999999999999680e+00
1.659999999999999698e+00
1.679999999999999716e+00
1.699999999999999734e+00
1.719999999999999751e+00
1.739999999999999769e+00
1.759999999999999787e+00
1.779999999999999805e+00
1.799999999999999822e+00
1.819999999999999840e+00
1.839999999999999636e+00
1.859999999999999654e+00
1.879999999999999671e+00
1.899999999999999689e+00
1.919999999999999707e+00
1.939999999999999725e+00
1.959999999999999742e+00
1.979999999999999760e+00
1.999999999999999778e+00
2.019999999999999574e+00
2.039999999999999591e+00
2.059999999999999609e+00
2.079999999999999627e+00
2.099999999999999645e+00
2.119999999999999662e+00
2.139999999999999680e+00
2.159999999999999698e+00
2.179999999999999716e+00
2.199999999999999734e+00
2.219999999999999751e+00
2.239999999999999769e+00
2.259999999999999787e+00
2.279999999999999805e+00
2.299999999999999822e+00
2.319999999999999840e+00
2.339999999999999858e+00
2.359999999999999876e+00
2.379999999999999449e+00
2.399999999999999467e+00
2.419999999999999485e+00
2.439999999999999503e+00
2.459999999999999520e+00
2.479999999999999538e+00
2.499999999999999556e+00
2.519999999999999574e+00
2.539999999999999591e+00
2.559999999999999609e+00
2.579999999999999627e+00
2.599999999999999645e+00
2.619999999999999662e+00
2.639999999999999680e+00
2.659999999999999698e+00
2.679999999999999716e+00
2.699999999999999734e+00
2.719999999999999751e+00
2.739999999999999769e+00
2.759999999999999787e+00
2.779999999999999805e+00
2.799999999999999378e+00
2.819999999999999396e+00
2.839999999999999414e+00
2.859999999999999432e+00
2.879999999999999449e+00
2.899999999999999467e+00
2.919999999999999485e+00
2.939999999999999503e+00
2.959999999999999520e+00
2.979999999999999538e+00
2.999999999999999556e+00
3.019999999999999574e+00
3.039999999999999591e+00
3.059999999999999609e+00
3.079999999999999627e+00
3.099999999999999645e+00
3.119999999999999662e+00
3.139999999999999680e+00
3.159999999999999698e+00
3.179999999999999716e+00
3.199999999999999734e+00
3.219999999999999307e+00
3.239999999999999325e+00
3.259999999999999343e+00
3.279999999999999361e+00
3.299999999999999378e+00
3.319999999999999396e+00
3.339999999999999414e+00
3.359999999999999432e+00
3.379999999999999449e+00
3.399999999999999467e+00
3.419999999999999485e+00
3.439999999999999503e+00
3.459999999999999520e+00
3.479999999999999538e+00
3.499999999999999556e+00
3.519999999999999574e+00
3.539999999999999591e+00
3.559999999999999609e+00
3.579999999999999627e+00
3.599999999999999645e+00
3.619999999999999662e+00
3.639999999999999680e+00
3.659999999999999254e+00
3.679999999999999272e+00
3.699999999999999289e+00
3.719999999999999307e+00
3.739999999999999325e+00
3.759999999999999343e+00
3.779999999999999361e+00
3.799999999999999378e+00
3.819999999999999396e+00
3.839999999999999414e+00
3.859999999999999432e+00
3.879999999999999449e+00
3.899999999999999467e+00
3.919999999999999485e+00
3.939999999999999503e+00
3.959999999999999520e+00
3.979999999999999538e+00
3.999999999999999556e+00
4.019999999999999574e+00
4.039999999999999147e+00
4.059999999999998721e+00
4.079999999999999183e+00
4.099999999999998757e+00
4.119999999999999218e+00
4.139999999999998792e+00
4.159999999999999254e+00
4.179999999999998828e+00
4.199999999999999289e+00
4.219999999999998863e+00
4.239999999999999325e+00
4.259999999999998899e+00
4.279999999999999361e+00
4.299999999999998934e+00
4.319999999999998508e+00
4.339999999999998970e+00
4.359999999999998543e+00
4.379999999999999005e+00
4.399999999999998579e+00
4.419999999999999041e+00
4.439999999999998614e+00
4.459999999999999076e+00
4.479999999999998650e+00
4.499999999999999112e+00
4.519999999999998685e+00
4.539999999999999147e+00
4.559999999999998721e+00
4.579999999999999183e+00
4.599999999999998757e+00
4.619999999999999218e+00
4.639999999999998792e+00
4.659999999999999254e+00
4.679999999999998828e+00
4.699999999999999289e+00
4.719999999999998863e+00
4.739999999999998437e+00
4.759999999999998899e+00
4.779999999999998472e+00
4.799999999999998934e+00
4.819999999999998508e+00
4.839999999999998970e+00
4.859999999999998543e+00
4.879999999999999005e+00
4.899999999999998579e+00
4.919999999999999041e+00
4.939999999999998614e+00
4.959999999999999076e+00
4.979999999999998650e+00
4.999999999999999112e+00
5.019999999999998685e+00
5.039999999999999147e+00
5.059999999999998721e+00
5.079999999999999183e+00
5.099999999999998757e+00
5.119999999999999218e+00
5.139999999999998792e+00
5.159999999999998366e+00
5.179999999999998828e+00
5.199999999999998401e+00
5.219999999999998863e+00
5.239999999999998437e+00
5.259999999999998899e+00
5.279999999999998472e+00
5.299999999999998934e+00
5.319999999999998508e+00
5.339999999999998970e+00
5.359999999999998543e+00
5.379999999999999005e+00
5.399999999999998579e+00
5.419999999999999041e+00
5.439999999999998614e+00
5.459999999999999076e+00
5.479999999999998650e+00
5.499999999999999112e+00
5.519999999999998685e+00
5.539999999999999147e+00
5.559999999999998721e+00
5.579999999999998295e+00
5.599999999999998757e+00
5.619999999999998330e+00
5.639999999999998792e+00
5.659999999999998366e+00
5.679999999999998828e+00
5.699999999999998401e+00
5.719999999999998863e+00
5.739999999999998437e+00
5.759999999999998899e+00
5.779999999999998472e+00
5.799999999999998934e+00
5.819999999999998508e+00
5.839999999999998970e+00
5.859999999999998543e+00
5.879999999999999005e+00
5.899999999999998579e+00
5.919999999999999041e+00
5.939999999999998614e+00
5.959999999999999076e+00
5.979999999999998650e+00
5.999999999999998224e+00
6.019999999999998685e+00
6.039999999999998259e+00
6.059999999999998721e+00
6.079999999999998295e+00
6.099999999999998757e+00
6.119999999999998330e+00
6.139999999999998792e+00
6.159999999999998366e+00
6.179999999999998828e+00
6.199999999999998401e+00
6.219999999999998863e+00
6.239999999999998437e+00
6.259999999999998899e+00
6.279999999999998472e+00
6.299999999999998934e+00
6.319999999999998508e+00
6.339999999999998970e+00
6.359999999999998543e+00
6.379999999999999005e+00
6.399999999999998579e+00
6.419999999999998153e+00
6.439999999999998614e+00
6.459999999999998188e+00
6.479999999999998650e+00
6.499999999999998224e+00
6.519999999999998685e+00
6.539999999999998259e+00
6.559999999999998721e+00
6.579999999999998295e+00
6.599999999999998757e+00
6.619999999999998330e+00
6.639999999999998792e+00
6.659999999999998366e+00
6.679999999999998828e+00
6.699999999999998401e+00
6.719999999999998863e+00
6.739999999999998437e+00
6.759999999999998899e+00
6.779999999999998472e+00
6.799999999999998934e+00
6.819999999999998508e+00
6.839999999999998970e+00
6.859999999999998543e+00
6.879999999999998117e+00
6.899999999999998579e+00
6.919999999999998153e+00
6.939999999999998614e+00
6.959999999999998188e+00
6.979999999999998650e+00
6.999999999999998224e+00
7.019999999999998685e+00
7.039999999999998259e+00
7.059999999999998721e+00
7.079999999999998295e+00
7.099999999999998757e+00
7.119999999999998330e+00
7.139999999999998792e+00
7.159999999999998366e+00
7.179999999999998828e+00
7.199999999999998401e+00
7.219999999999998863e+00
7.239999999999998437e+00
7.259999999999998899e+00
7.279999999999998472e+00
7.299999999999998046e+00
7.319999999999998508e+00
7.339999999999998082e+00
7.359999999999998543e+00
7.379999999999998117e+00
7.399999999999998579e+00
7.419999999999998153e+00
7.439999999999998614e+00
7.459999999999998188e+00
7.479999999999998650e+00
7.499999999999998224e+00
7.519999999999998685e+00
7.539999999999998259e+00
7.559999999999998721e+00
7.579999999999998295e+00
7.599999999999998757e+00
7.619999999999998330e+00
7.639999999999998792e+00
7.659999999999998366e+00
7.679999999999998828e+00
7.699999999999998401e+00
7.719999999999997975e+00
7.739999999999998437e+00
7.759999999999998010e+00
7.779999999999998472e+00
7.799999999999998046e+00
7.819999999999998508e+00
7.839999999999998082e+00
7.859999999999998543e+00
7.879999999999998117e+00
7.899999999999998579e+00
7.919999999999998153e+00
7.939999999999998614e+00
7.959999999999998188e+00
7.979999999999998650e+00
7.999999999999998224e+00
8.019999999999999574e+00
8.039999999999999147e+00
8.059999999999998721e+00
8.079999999999998295e+00
8.099999999999997868e+00
8.119999999999999218e+00
8.139999999999998792e+00
8.159999999999998366e+00
8.179999999999997939e+00
8.199999999999997513e+00
8.219999999999998863e+00
8.239999999999998437e+00
8.259999999999998010e+00
8.279999999999997584e+00
8.299999999999998934e+00
8.319999999999998508e+00
8.339999999999998082e+00
8.359999999999997655e+00
8.379999999999999005e+00
8.399999999999998579e+00
8.419999999999998153e+00
8.439999999999997726e+00
8.459999999999999076e+00
8.479999999999998650e+00
8.499999999999998224e+00
8.519999999999997797e+00
8.539999999999999147e+00
8.559999999999998721e+00
8.579999999999998295e+00
8.599999999999997868e+00
8.619999999999997442e+00
8.639999999999998792e+00
8.659999999999998366e+00
8.679999999999997939e+00
8.699999999999997513e+00
8.719999999999998863e+00
8.739999999999998437e+00
8.759999999999998010e+00
8.779999999999997584e+00
8.799999999999998934e+00
8.819999999999998508e+00
8.839999999999998082e+00
8.859999999999997655e+00
8.879999999999999005e+00
8.899999999999998579e+00
8.919999999999998153e+00
8.939999999999997726e+00
8.959999999999999076e+00
8.979999999999998650e+00
8.999999999999998224e+00
9.019999999999997797e+00
9.039999999999997371e+00
9.059999999999998721e+00
9.079999999999998295e+00
9.099999999999997868e+00
9.119999999999997442e+00
9.139999999999998792e+00
9.159999999999998366e+00
9.179999999999997939e+00
9.199999999999997513e+00
9.219999999999998863e+00
9.239999999999998437e+00
9.259999999999998010e+00
9.279999999999997584e+00
9.299999999999998934e+00
9.319999999999998508e+00
9.339999999999998082e+00
9.359999999999997655e+00
9.379999999999999005e+00
9.399999999999998579e+00
9.419999999999998153e+00
9.439999999999997726e+00
9.459999999999997300e+00
9.479999999999998650e+00
9.499999999999998224e+00
9.519999999999997797e+00
9.539999999999997371e+00
9.559999999999998721e+00
9.579999999999998295e+00
9.599999999999997868e+00
9.619999999999997442e+00
9.639999999999998792e+00
9.659999999999998366e+00
9.679999999999997939e+00
9.699999999999997513e+00
9.719999999999998863e+00
9.739999999999998437e+00
9.759999999999998010e+00
9.779999999999997584e+00
9.799999999999998934e+00
9.819999999999998508e+00
9.839999999999998082e+00
9.859999999999997655e+00
9.879999999999997229e+00
9.899999999999998579e+00
9.919999999999998153e+00
9.939999999999997726e+00
9.959999999999997300e+00
9.979999999999998650e+00
9.999999999999998224e+00
1.001999999999999780e+01
1.003999999999999737e+01
1.005999999999999872e+01
1.007999999999999829e+01
1.009999999999999787e+01
1.011999999999999744e+01
1.013999999999999879e+01
1.015999999999999837e+01
1.017999999999999794e+01
1.019999999999999751e+01
1.021999999999999886e+01
1.023999999999999844e+01
1.025999999999999801e+01
1.027999999999999758e+01
1.029999999999999716e+01
1.031999999999999851e+01
1.033999999999999808e+01
1.035999999999999766e+01
1.037999999999999723e+01
1.039999999999999858e+01
1.041999999999999815e+01
1.043999999999999773e+01
1.045999999999999730e+01
1.047999999999999865e+01
1.049999999999999822e+01
1.051999999999999780e+01
1.053999999999999737e+01
1.055999999999999872e+01
1.057999999999999829e+01
1.059999999999999787e+01
1.061999999999999744e+01
1.063999999999999879e+01
1.065999999999999837e+01
1.067999999999999794e+01
1.069999999999999751e+01
1.071999999999999709e+01
1.073999999999999844e+01
1.075999999999999801e+01
1.077999999999999758e+01
1.079999999999999716e+01
1.081999999999999851e+01
1.083999999999999808e+01
1.085999999999999766e+01
1.087999999999999723e+01
1.089999999999999858e+01
1.091999999999999815e+01
1.093999999999999773e+01
1.095999999999999730e+01
1.097999999999999865e+01
1.099999999999999822e+01
1.101999999999999780e+01
1.103999999999999737e+01
1.105999999999999872e+01
1.107999999999999829e+01
1.109999999999999787e+01
1.111999999999999744e+01
1.113999999999999702e+01
1.115999999999999837e+01
1.117999999999999794e+01
1.119999999999999751e+01
1.121999999999999709e+01
1.123999999999999844e+01
1.125999999999999801e+01
1.127999999999999758e+01
1.129999999999999716e+01
1.131999999999999851e+01
1.133999999999999808e+01
1.135999999999999766e+01
1.137999999999999723e+01
1.139999999999999858e+01
1.141999999999999815e+01
1.143999999999999773e+01
1.145999999999999730e+01
1.147999999999999865e+01
1.149999999999999822e+01
1.151999999999999780e+01
1.153999999999999737e+01
1.155999999999999694e+01
1.157999999999999829e+01
1.159999999999999787e+01
1.161999999999999744e+01
1.163999999999999702e+01
1.165999999999999837e+01
1.167999999999999794e+01
1.169999999999999751e+01
1.171999999999999709e+01
1.173999999999999844e+01
1.175999999999999801e+01
1.177999999999999758e+01
1.179999999999999716e+01
1.181999999999999851e+01
1.183999999999999808e+01
1.185999999999999766e+01
1.187999999999999723e+01
1.189999999999999858e+01
1.191999999999999815e+01
1.193999999999999773e+01
1.195999999999999730e+01
1.197999999999999687e+01
1.199999999999999822e+01
1.201999999999999780e+01
1.203999999999999737e+01
1.205999999999999694e+01
1.207999999999999829e+01
1.209999999999999787e+01
1.211999999999999744e+01
1.213999999999999702e+01
1.215999999999999837e+01
1.217999999999999794e+01
1.219999999999999751e+01
1.221999999999999709e+01
1.223999999999999844e+01
1.225999999999999801e+01
1.227999999999999758e+01
1.229999999999999716e+01
1.231999999999999851e+01
1.233999999999999808e+01
1.235999999999999766e+01
1.237999999999999723e+01
1.239999999999999680e+01
1.241999999999999815e+01
1.243999999999999773e+01
1.245999999999999730e+01
1.247999999999999687e+01
1.249999999999999822e+01
1.251999999999999780e+01
1.253999999999999737e+01
1.255999999999999694e+01
1.257999999999999829e+01
1.259999999999999787e+01
1.261999999999999744e+01
1.263999999999999702e+01
1.265999999999999837e+01
1.267999999999999794e+01
1.269999999999999751e+01
1.271999999999999709e+01
1.273999999999999844e+01
1.275999999999999801e+01
1.277999999999999758e+01
1.279999999999999716e+01
1.281999999999999673e+01
1.283999999999999808e+01
1.285999999999999766e+01
1.287999999999999723e+01
1.289999999999999680e+01
1.291999999999999815e+01
1.293999999999999773e+01
1.295999999999999730e+01
1.297999999999999687e+01
1.299999999999999822e+01
1.301999999999999780e+01
1.303999999999999737e+01
1.305999999999999694e+01
1.307999999999999829e+01
1.309999999999999787e+01
1.311999999999999744e+01
1.313999999999999702e+01
1.315999999999999837e+01
1.317999999999999794e+01
1.319999999999999751e+01
1.321999999999999709e+01
1.323999999999999844e+01
1.325999999999999801e+01
1.327999999999999758e+01
1.329999999999999716e+01
1.331999999999999673e+01
1.333999999999999808e+01
1.335999999999999766e+01
1.337999999999999723e+01
1.339999999999999680e+01
1.341999999999999815e+01
1.343999999999999773e+01
1.345999999999999730e+01
1.347999999999999687e+01
1.349999999999999822e+01
1.351999999999999780e+01
1.353999999999999737e+01
1.355999999999999694e+01
1.357999999999999829e+01
1.359999999999999787e+01
1.361999999999999744e+01
1.363999999999999702e+01
1.365999999999999837e+01
1.367999999999999794e+01
1.369999999999999751e+01
1.371999999999999709e+01
1.373999999999999666e+01
1.375999999999999801e+01
1.377999999999999758e+01
1.379999999999999716e+01
1.381999999999999673e+01
1.383999999999999808e+01
1.385999999999999766e+01
1.387999999999999723e+01
1.389999999999999680e+01
1.391999999999999815e+01
1.393999999999999773e+01
1.395999999999999730e+01
1.397999999999999687e+01
1.399999999999999822e+01
1.401999999999999780e+01
1.403999999999999737e+01
1.405999999999999694e+01
1.407999999999999829e+01
1.409999999999999787e+01
1.411999999999999744e+01
1.413999999999999702e+01
1.415999999999999659e+01
1.417999999999999794e+01
1.419999999999999751e+01
1.421999999999999709e+01
1.423999999999999666e+01
1.425999999999999801e+01
1.427999999999999758e+01
1.429999999999999716e+01
1.431999999999999673e+01
1.433999999999999808e+01
1.435999999999999766e+01
1.437999999999999723e+01
1.439999999999999680e+01
1.441999999999999815e+01
1.443999999999999773e+01
1.445999999999999730e+01
1.447999999999999687e+01
1.449999999999999822e+01
1.451999999999999780e+01
1.453999999999999737e+01
1.455999999999999694e+01
1.457999999999999652e+01
1.459999999999999787e+01
1.461999999999999744e+01
1.463999999999999702e+01
1.465999999999999659e+01
1.467999999999999794e+01
1.469999999999999751e+01
1.471999999999999709e+01
1.473999999999999666e+01
1.475999999999999801e+01
1.477999999999999758e+01
1.479999999999999716e+01
1.481999999999999673e+01
1.483999999999999808e+01
1.485999999999999766e+01
1.487999999999999723e+01
1.489999999999999680e+01
1.491999999999999815e+01
1.493999999999999773e+01
1.495999999999999730e+01
1.497999999999999687e+01
1.499999999999999645e+01
1.501999999999999780e+01
1.503999999999999737e+01
1.505999999999999694e+01
1.507999999999999652e+01
1.509999999999999787e+01
1.511999999999999744e+01
1.513999999999999702e+01
1.515999999999999659e+01
1.517999999999999794e+01
1.519999999999999751e+01
1.521999999999999709e+01
1.523999999999999666e+01
1.525999999999999801e+01
1.527999999999999758e+01
1.529999999999999716e+01
1.531999999999999673e+01
1.533999999999999808e+01
1.535999999999999766e+01
1.537999999999999723e+01
1.539999999999999680e+01
1.541999999999999638e+01
1.543999999999999773e+01
1.545999999999999730e+01
1.547999999999999687e+01
1.549999999999999645e+01
1.551999999999999780e+01
1.553999999999999737e+01
1.555999999999999694e+01
1.557999999999999652e+01
1.559999999999999787e+01
1.561999999999999744e+01
1.563999999999999702e+01
1.565999999999999659e+01
1.567999999999999794e+01
1.569999999999999751e+01
1.571999999999999709e+01
1.573999999999999666e+01
1.575999999999999801e+01
1.577999999999999758e+01
1.579999999999999716e+01
1.581999999999999673e+01
1.583999999999999631e+01
1.585999999999999766e+01
1.587999999999999723e+01
1.589999999999999680e+01
1.591999999999999638e+01
1.593999999999999773e+01
1.595999999999999730e+01
1.597999999999999687e+01
1.599999999999999645e+01
1.601999999999999957e+01
1.603999999999999559e+01
1.605999999999999872e+01
1.607999999999999829e+01
1.609999999999999787e+01
1.611999999999999744e+01
1.613999999999999702e+01
1.615999999999999659e+01
1.617999999999999616e+01
1.619999999999999574e+01
1.621999999999999886e+01
1.623999999999999844e+01
1.625999999999999801e+01
1.627999999999999758e+01
1.629999999999999716e+01
1.631999999999999673e+01
1.633999999999999631e+01
1.635999999999999588e+01
1.637999999999999545e+01
1.639999999999999858e+01
1.641999999999999815e+01
1.643999999999999773e+01
1.645999999999999730e+01
1.647999999999999687e+01
1.649999999999999645e+01
1.651999999999999602e+01
1.653999999999999559e+01
1.655999999999999872e+01
1.657999999999999829e+01
1.659999999999999787e+01
1.661999999999999744e+01
1.663999999999999702e+01
1.665999999999999659e+01
1.667999999999999616e+01
1.669999999999999574e+01
1.671999999999999531e+01
1.673999999999999844e+01
1.675999999999999801e+01
1.677999999999999758e+01
1.679999999999999716e+01
1.681999999999999673e+01
1.683999999999999631e+01
1.685999999999999588e+01
1.687999999999999545e+01
1.689999999999999858e+01
1.691999999999999815e+01
1.693999999999999773e+01
1.695999999999999730e+01
1.697999999999999687e+01
1.699999999999999645e+01
1.701999999999999602e+01
1.703999999999999559e+01
1.705999999999999872e+01
1.707999999999999829e+01
1.709999999999999787e+01
1.711999999999999744e+01
1.713999999999999702e+01
1.715999999999999659e+01
1.717999999999999616e+01
1.719999999999999574e+01
1.721999999999999531e+01
1.723999999999999844e+01
1.725999999999999801e+01
1.727999999999999758e+01
1.729999999999999716e+01
1.731999999999999673e+01
1.733999999999999631e+01
1.735999999999999588e+01
1.737999999999999545e+01
1.739999999999999858e+01
1.741999999999999815e+01
1.743999999999999773e+01
1.745999999999999730e+01
1.747999999999999687e+01
1.749999999999999645e+01
1.751999999999999602e+01
1.753999999999999559e+01
1.755999999999999517e+01
1.757999999999999829e+01
1.759999999999999787e+01
1.761999999999999744e+01
1.763999999999999702e+01
1.765999999999999659e+01
1.767999999999999616e+01
1.769999999999999574e+01
1.771999999999999531e+01
1.773999999999999844e+01
1.775999999999999801e+01
1.777999999999999758e+01
1.779999999999999716e+01
1.781999999999999673e+01
1.783999999999999631e+01
1.785999999999999588e+01
1.787999999999999545e+01
1.789999999999999858e+01
1.791999999999999815e+01
1.793999999999999773e+01
1.795999999999999730e+01
1.797999999999999687e+01
1.799999999999999645e+01
1.801999999999999602e+01
1.803999999999999559e+01
1.805999999999999517e+01
1.807999999999999829e+01
1.809999999999999787e+01
1.811999999999999744e+01
1.813999999999999702e+01
1.815999999999999659e+01
1.817999999999999616e+01
1.819999999999999574e+01
1.821999999999999531e+01
1.823999999999999844e+01
1.825999999999999801e+01
1.827999999999999758e+01
1.829999999999999716e+01
1.831999999999999673e+01
1.833999999999999631e+01
1.835999999999999588e+01
1.837999999999999545e+01
1.839999999999999503e+01
1.841999999999999815e+01
1.843999999999999773e+01
1.845999999999999730e+01
1.847999999999999687e+01
1.849999999999999645e+01
1.851999999999999602e+01
1.853999999999999559e+01
1.855999999999999517e+01
1.857999999999999829e+01
1.859999999999999787e+01
1.861999999999999744e+01
1.863999999999999702e+01
1.865999999999999659e+01
1.867999999999999616e+01
1.869999999999999574e+01
1.871999999999999531e+01
1.873999999999999844e+01
1.875999999999999801e+01
1.877999999999999758e+01
1.879999999999999716e+01
1.881999999999999673e+01
1.883999999999999631e+01
1.885999999999999588e+01
1.887999999999999545e+01
1.889999999999999503e+01
1.891999999999999815e+01
1.893999999999999773e+01
1.895999999999999730e+01
1.897999999999999687e+01
1.899999999999999645e+01
1.901999999999999602e+01
1.903999999999999559e+01
1.905999999999999517e+01
1.907999999999999829e+01
1.909999999999999787e+01
1.911999999999999744e+01
1.913999999999999702e+01
1.915999999999999659e+01
1.917999999999999616e+01
1.919999999999999574e+01
1.921999999999999531e+01
1.923999999999999488e+01
1.925999999999999801e+01
1.927999999999999758e+01
1.929999999999999716e+01
1.931999999999999673e+01
1.933999999999999631e+01
1.935999999999999588e+01
1.937999999999999545e+01
1.939999999999999503e+01
1.941999999999999815e+01
1.943999999999999773e+01
1.945999999999999730e+01
1.947999999999999687e+01
1.949999999999999645e+01
1.951999999999999602e+01
1.953999999999999559e+01
1.955999999999999517e+01
1.957999999999999829e+01
1.959999999999999787e+01
1.961999999999999744e+01
1.963999999999999702e+01
1.965999999999999659e+01
1.967999999999999616e+01
1.969999999999999574e+01
1.971999999999999531e+01
1.973999999999999488e+01
1.975999999999999801e+01
1.977999999999999758e+01
1.979999999999999716e+01
1.981999999999999673e+01
1.983999999999999631e+01
1.985999999999999588e+01
1.987999999999999545e+01
1.989999999999999503e+01
1.991999999999999815e+01
1.993999999999999773e+01
1.995999999999999730e+01
1.997999999999999687e+01
1.999999999999999645e+01
2.001999999999999602e+01
2.003999999999999559e+01
2.005999999999999517e+01
2.007999999999999474e+01
2.009999999999999787e+01
2.011999999999999744e+01
2.013999999999999702e+01
2.015999999999999659e+01
2.017999999999999616e+01
2.019999999999999574e+01
2.021999999999999531e+01
2.023999999999999488e+01
2.025999999999999801e+01
2.027999999999999758e+01
2.029999999999999716e+01
2.031999999999999673e+01
2.033999999999999631e+01
2.035999999999999588e+01
2.037999999999999545e+01
2.039999999999999503e+01
2.041999999999999815e+01
2.043999999999999773e+01
2.045999999999999730e+01
2.047999999999999687e+01
2.049999999999999645e+01
2.051999999999999602e+01
2.053999999999999559e+01
2.055999999999999517e+01
2.057999999999999474e+01
2.059999999999999787e+01
2.061999999999999744e+01
2.063999999999999702e+01
2.065999999999999659e+01
2.067999999999999616e+01
2.069999999999999574e+01
2.071999999999999531e+01
2.073999999999999488e+01
2.075999999999999801e+01
2.077999999999999758e+01
2.079999999999999716e+01
2.081999999999999673e+01
2.083999999999999631e+01
2.085999999999999588e+01
2.087999999999999545e+01
2.089999999999999503e+01
2.091999999999999815e+01
2.093999999999999773e+01
2.095999999999999730e+01
2.097999999999999687e+01
2.099999999999999645e+01
2.101999999999999602e+01
2.103999999999999559e+01
2.105999999999999517e+01
2.107999999999999474e+01
2.109999999999999787e+01
2.111999999999999744e+01
2.113999999999999702e+01
2.115999999999999659e+01
2.117999999999999616e+01
2.119999999999999574e+01
2.121999999999999531e+01
2.123999999999999488e+01
2.125999999999999801e+01
2.127999999999999758e+01
2.129999999999999716e+01
2.131999999999999673e+01
2.133999999999999631e+01
2.135999999999999588e+01
2.137999999999999545e+01
2.139999999999999503e+01
2.141999999999999460e+01
2.143999999999999773e+01
2.145999999999999730e+01
2.147999999999999687e+01
2.149999999999999645e+01
2.151999999999999602e+01
2.153999999999999559e+01
2.155999999999999517e+01
2.157999999999999474e+01
2.159999999999999787e+01
2.161999999999999744e+01
2.163999999999999702e+01
2.165999999999999659e+01
2.167999999999999616e+01
2.169999999999999574e+01
2.171999999999999531e+01
2.173999999999999488e+01
2.175999999999999801e+01
2.177999999999999758e+01
2.179999999999999716e+01
2.181999999999999673e+01
2.183999999999999631e+01
2.185999999999999588e+01
2.187999999999999545e+01
2.189999999999999503e+01
2.191999999999999460e+01
2.193999999999999773e+01
2.195999999999999730e+01
2.197999999999999687e+01
2.199999999999999645e+01
2.201999999999999602e+01
2.203999999999999559e+01
2.205999999999999517e+01
2.207999999999999474e+01
2.209999999999999787e+01
2.211999999999999744e+01
2.213999999999999702e+01
2.215999999999999659e+01
2.217999999999999616e+01
2.219999999999999574e+01
2.221999999999999531e+01
2.223999999999999488e+01
2.225999999999999446e+01
2.227999999999999758e+01
2.229999999999999716e+01
2.231999999999999673e+01
2.233999999999999631e+01
2.235999999999999588e+01
2.237999999999999545e+01
2.239999999999999503e+01
2.241999999999999460e+01
2.243999999999999773e+01
2.245999999999999730e+01
2.247999999999999687e+01
2.249999999999999645e+01
2.251999999999999602e+01
2.253999999999999559e+01
2.255999999999999517e+01
2.257999999999999474e+01
2.259999999999999787e+01
2.261999999999999744e+01
2.263999999999999702e+01
2.265999999999999659e+01
2.267999999999999616e+01
2.269999999999999574e+01
2.271999999999999531e+01
2.273999999999999488e+01
2.275999999999999446e+01
2.277999999999999758e+01
2.279999999999999716e+01
2.281999999999999673e+01
2.283999999999999631e+01
2.285999999999999588e+01
2.287999999999999545e+01
2.289999999999999503e+01
2.291999999999999460e+01
2.293999999999999773e+01
2.295999999999999730e+01
2.297999999999999687e+01
2.299999999999999645e+01
2.301999999999999602e+01
2.303999999999999559e+01
2.305999999999999517e+01
2.307999999999999474e+01
2.309999999999999432e+01
2.311999999999999744e+01
2.313999999999999702e+01
2.315999999999999659e+01
2.317999999999999616e+01
2.319999999999999574e+01
2.321999999999999531e+01
2.323999999999999488e+01
2.325999999999999446e+01
2.327999999999999758e+01
2.329999999999999716e+01
2.331999999999999673e+01
2.333999999999999631e+01
2.335999999999999588e+01
2.337999999999999545e+01
2.339999999999999503e+01
2.341999999999999460e+01
2.343999999999999773e+01
2.345999999999999730e+01
2.347999999999999687e+01
2.349999999999999645e+01
2.351999999999999602e+01
2.353999999999999559e+01
2.355999999999999517e+01
2.357999999999999474e+01
2.359999999999999432e+01
2.361999999999999744e+01
2.363999999999999702e+01
2.365999999999999659e+01
2.367999999999999616e+01
2.369999999999999574e+01
2.371999999999999531e+01
2.373999999999999488e+01
2.375999999999999446e+01
2.377999999999999758e+01
2.379999999999999716e+01
2.381999999999999673e+01
2.383999999999999631e+01
2.385999999999999588e+01
2.387999999999999545e+01
2.389999999999999503e+01
2.391999999999999460e+01
2.393999999999999417e+01
2.395999999999999730e+01
2.397999999999999687e+01
2.399999999999999645e+01
2.401999999999999602e+01
2.403999999999999559e+01
2.405999999999999517e+01
2.407999999999999474e+01
2.409999999999999432e+01
2.411999999999999744e+01
2.413999999999999702e+01
2.415999999999999659e+01
2.417999999999999616e+01
2.419999999999999574e+01
2.421999999999999531e+01
2.423999999999999488e+01
2.425999999999999446e+01
2.427999999999999758e+01
2.429999999999999716e+01
2.431999999999999673e+01
2.433999999999999631e+01
2.435999999999999588e+01
2.437999999999999545e+01
2.439999999999999503e+01
2.441999999999999460e+01
2.443999999999999417e+01
2.445999999999999730e+01
2.447999999999999687e+01
2.449999999999999645e+01
2.451999999999999602e+01
2.453999999999999559e+01
2.455999999999999517e+01
2.457999999999999474e+01
2.459999999999999432e+01
2.461999999999999744e+01
2.463999999999999702e+01
2.465999999999999659e+01
2.467999999999999616e+01
2.469999999999999574e+01
2.471999999999999531e+01
2.473999999999999488e+01
2.475999999999999446e+01
2.477999999999999403e+01
2.479999999999999716e+01
2.481999999999999673e+01
2.483999999999999631e+01
2.485999999999999588e+01
2.487999999999999545e+01
2.489999999999999503e+01
2.491999999999999460e+01
2.493999999999999417e+01
2.495999999999999730e+01
2.497999999999999687e+01
2.499999999999999645e+01
2.501999999999999602e+01
2.503999999999999559e+01
2.505999999999999517e+01
2.507999999999999474e+01
2.509999999999999432e+01
2.511999999999999744e+01
2.513999999999999702e+01
2.515999999999999659e+01
2.517999999999999616e+01
2.519999999999999574e+01
2.521999999999999531e+01
2.523999999999999488e+01
2.525999999999999446e+01
2.527999999999999403e+01
2.529999999999999716e+01
2.531999999999999673e+01
2.533999999999999631e+01
2.535999999999999588e+01
2.537999999999999545e+01
2.539999999999999503e+01
2.541999999999999460e+01
2.543999999999999417e+01
2.545999999999999730e+01
2.547999999999999687e+01
2.549999999999999645e+01
2.551999999999999602e+01
2.553999999999999559e+01
2.555999999999999517e+01
2.557999999999999474e+01
2.559999999999999432e+01
2.561999999999999389e+01
2.563999999999999702e+01
2.565999999999999659e+01
2.567999999999999616e+01
2.569999999999999574e+01
2.571999999999999531e+01
2.573999999999999488e+01
2.575999999999999446e+01
2.577999999999999403e+01
2.579999999999999716e+01
2.581999999999999673e+01
2.583999999999999631e+01
2.585999999999999588e+01
2.587999999999999545e+01
2.589999999999999503e+01
2.591999999999999460e+01
2.593999999999999417e+01
2.595999999999999730e+01
2.597999999999999687e+01
2.599999999999999645e+01
2.601999999999999602e+01
2.603999999999999559e+01
2.605999999999999517e+01
2.607999999999999474e+01
2.609999999999999432e+01
2.611999999999999389e+01
2.613999999999999702e+01
2.615999999999999659e+01
2.617999999999999616e+01
2.619999999999999574e+01
2.621999999999999531e+01
2.623999999999999488e+01
2.625999999999999446e+01
2.627999999999999403e+01
2.629999999999999716e+01
2.631999999999999673e+01
2.633999999999999631e+01
2.635999999999999588e+01
2.637999999999999545e+01
2.639999999999999503e+01
2.641999999999999460e+01
2.643999999999999417e+01
2.645999999999999730e+01
2.647999999999999687e+01
2.649999999999999645e+01
2.651999999999999602e+01
2.653999999999999559e+01
2.655999999999999517e+01
2.657999999999999474e+01
2.659999999999999432e+01
2.661999999999999389e+01
2.663999999999999702e+01
2.665999999999999659e+01
2.667999999999999616e+01
2.669999999999999574e+01
2.671999999999999531e+01
2.673999999999999488e+01
2.675999999999999446e+01
2.677999999999999403e+01
2.679999999999999716e+01
2.681999999999999673e+01
2.683999999999999631e+01
2.685999999999999588e+01
2.687999999999999545e+01
2.689999999999999503e+01
2.691999999999999460e+01
2.693999999999999417e+01
2.695999999999999375e+01
2.697999999999999687e+01
2.699999999999999645e+01
2.701999999999999602e+01
2.703999999999999559e+01
2.705999999999999517e+01
2.707999999999999474e+01
2.709999999999999432e+01
2.711999999999999389e+01
2.713999999999999702e+01
2.715999999999999659e+01
2.717999999999999616e+01
2.719999999999999574e+01
2.721999999999999531e+01
2.723999999999999488e+01
2.725999999999999446e+01
2.727999999999999403e+01
2.729999999999999716e+01
2.731999999999999673e+01
2.733999999999999631e+01
2.735999999999999588e+01
2.737999999999999545e+01
2.739999999999999503e+01
2.741999999999999460e+01
2.743999999999999417e+01
2.745999999999999375e+01
2.747999999999999687e+01
2.749999999999999645e+01
2.751999999999999602e+01
2.753999999999999559e+01
2.755999999999999517e+01
2.757999999999999474e+01
2.759999999999999432e+01
2.761999999999999389e+01
2.763999999999999702e+01
2.765999999999999659e+01
2.767999999999999616e+01
2.769999999999999574e+01
2.771999999999999531e+01
2.773999999999999488e+01
2.775999999999999446e+01
2.777999999999999403e+01
2.779999999999999361e+01
2.781999999999999673e+01
2.783999999999999631e+01
2.785999999999999588e+01
2.787999999999999545e+01
2.789999999999999503e+01
2.791999999999999460e+01
2.793999999999999417e+01
2.795999999999999375e+01
2.797999999999999687e+01
2.799999999999999645e+01
2.801999999999999602e+01
2.803999999999999559e+01
2.805999999999999517e+01
2.807999999999999474e+01
2.809999999999999432e+01
2.811999999999999389e+01
2.813999999999999702e+01
2.815999999999999659e+01
2.817999999999999616e+01
2.819999999999999574e+01
2.821999999999999531e+01
2.823999999999999488e+01
2.825999999999999446e+01
2.827999999999999403e+01
2.829999999999999361e+01
2.831999999999999673e+01
2.833999999999999631e+01
2.835999999999999588e+01
2.837999999999999545e+01
2.839999999999999503e+01
2.841999999999999460e+01
2.843999999999999417e+01
2.845999999999999375e+01
2.847999999999999687e+01
2.849999999999999645e+01
2.851999999999999602e+01
2.853999999999999559e+01
2.855999999999999517e+01
2.857999999999999474e+01
2.859999999999999432e+01
2.861999999999999389e+01
2.863999999999999346e+01
2.865999999999999659e+01
2.867999999999999616e+01
2.869999999999999574e+01
2.871999999999999531e+01
2.873999999999999488e+01
2.875999999999999446e+01
2.877999999999999403e+01
2.879999999999999361e+01
2.881999999999999673e+01
2.883999999999999631e+01
2.885999999999999588e+01
2.887999999999999545e+01
2.889999999999999503e+01
2.891999999999999460e+01
2.893999999999999417e+01
2.895999999999999375e+01
2.897999999999999687e+01
2.899999999999999645e+01
2.901999999999999602e+01
2.903999999999999559e+01
2.905999999999999517e+01
2.907999999999999474e+01
2.909999999999999432e+01
2.911999999999999389e+01
2.913999999999999346e+01
2.915999999999999659e+01
2.917999999999999616e+01
2.919999999999999574e+01
2.921999999999999531e+01
2.923999999999999488e+01
2.925999999999999446e+01
2.927999999999999403e+01
2.929999999999999361e+01
2.931999999999999673e+01
2.933999999999999631e+01
2.935999999999999588e+01
2.937999999999999545e+01
2.939999999999999503e+01
2.941999999999999460e+01
2.943999999999999417e+01
2.945999999999999375e+01
2.947999999999999332e+01
2.949999999999999645e+01
2.951999999999999602e+01
2.953999999999999559e+01
2.955999999999999517e+01
2.957999999999999474e+01
2.959999999999999432e+01
2.961999999999999389e+01
2.963999999999999346e+01
2.965999999999999659e+01
2.967999999999999616e+01
2.969999999999999574e+01
2.971999999999999531e+01
2.973999999999999488e+01
2.975999999999999446e+01
2.977999999999999403e+01
2.979999999999999361e+01
2.981999999999999673e+01
2.983999999999999631e+01
2.985999999999999588e+01
2.987999999999999545e+01
2.989999999999999503e+01
2.991999999999999460e+01
2.993999999999999417e+01
2.995999999999999375e+01
2.997999999999999332e+01
2.999999999999999645e+01
3.001999999999999602e+01
3.003999999999999559e+01
3.005999999999999517e+01
3.007999999999999474e+01
3.009999999999999432e+01
3.011999999999999389e+01
3.013999999999999346e+01
3.015999999999999659e+01
3.017999999999999616e+01
3.019999999999999574e+01
3.021999999999999531e+01
3.023999999999999488e+01
3.025999999999999446e+01
3.027999999999999403e+01
3.029999999999999361e+01
3.031999999999999318e+01
3.033999999999999631e+01
3.035999999999999588e+01
3.037999999999999545e+01
3.039999999999999503e+01
3.041999999999999460e+01
3.043999999999999417e+01
3.045999999999999375e+01
3.047999999999999332e+01
3.049999999999999645e+01
3.051999999999999602e+01
3.053999999999999559e+01
3.055999999999999517e+01
3.057999999999999474e+01
3.059999999999999432e+01
3.061999999999999389e+01
3.063999999999999346e+01
3.065999999999999659e+01
3.067999999999999616e+01
3.069999999999999574e+01
3.071999999999999531e+01
3.073999999999999488e+01
3.075999999999999446e+01
3.077999999999999403e+01
3.079999999999999361e+01
3.081999999999999318e+01
3.083999999999999631e+01
3.085999999999999588e+01
3.087999999999999545e+01
3.089999999999999503e+01
3.091999999999999460e+01
3.093999999999999417e+01
3.095999999999999375e+01
3.097999999999999332e+01
3.099999999999999645e+01
3.101999999999999602e+01
3.103999999999999559e+01
3.105999999999999517e+01
3.107999999999999474e+01
3.109999999999999432e+01
3.111999999999999389e+01
3.113999999999999346e+01
3.115999999999999659e+01
3.117999999999999616e+01
3.119999999999999574e+01
3.121999999999999531e+01
3.123999999999999488e+01
3.125999999999999446e+01
3.127999999999999403e+01
3.129999999999999361e+01
3.131999999999999318e+01
3.133999999999999631e+01
3.135999999999999588e+01
3.137999999999999545e+01
3.139999999999999503e+01
3.141999999999999460e+01
3.143999999999999417e+01
3.145999999999999375e+01
3.147999999999999332e+01
3.149999999999999645e+01
3.151999999999999602e+01
3.153999999999999559e+01
3.155999999999999517e+01
3.157999999999999474e+01
3.159999999999999432e+01
3.161999999999999389e+01
3.163999999999999346e+01
3.165999999999999304e+01
3.167999999999999616e+01
3.169999999999999574e+01
3.171999999999999531e+01
3.173999999999999488e+01
3.175999999999999446e+01
3.177999999999999403e+01
3.179999999999999361e+01
3.181999999999999318e+01
3.183999999999999631e+01
3.185999999999999588e+01
3.187999999999999545e+01
3.189999999999999503e+01
3.191999999999999460e+01
3.193999999999999417e+01
3.195999999999999375e+01
3.197999999999999332e+01
3.199999999999999645e+01
3.201999999999999602e+01
3.203999999999999915e+01
3.205999999999999517e+01
3.207999999999999829e+01
3.210000000000000142e+01
3.211999999999999744e+01
3.214000000000000057e+01
3.215999999999999659e+01
3.217999999999999972e+01
3.219999999999999574e+01
3.221999999999999886e+01
3.223999999999999488e+01
3.225999999999999801e+01
3.228000000000000114e+01
3.229999999999999716e+01
3.232000000000000028e+01
3.233999999999999631e+01
3.235999999999999943e+01
3.237999999999999545e+01
3.239999999999999858e+01
3.242000000000000171e+01
3.243999999999999773e+01
3.246000000000000085e+01
3.247999999999999687e+01
3.250000000000000000e+01
3.251999999999999602e+01
3.253999999999999915e+01
3.255999999999999517e+01
3.257999999999999829e+01
3.260000000000000142e+01
3.261999999999999744e+01
3.264000000000000057e+01
3.265999999999999659e+01
3.267999999999999972e+01
3.269999999999999574e+01
3.271999999999999886e+01
3.273999999999999488e+01
3.275999999999999801e+01
3.278000000000000114e+01
3.279999999999999716e+01
3.282000000000000028e+01
3.283999999999999631e+01
3.285999999999999943e+01
3.287999999999999545e+01
3.289999999999999858e+01
3.291999999999999460e+01
3.293999999999999773e+01
3.296000000000000085e+01
3.297999999999999687e+01
3.300000000000000000e+01
3.301999999999999602e+01
3.303999999999999915e+01
3.305999999999999517e+01
3.307999999999999829e+01
3.310000000000000142e+01
3.311999999999999744e+01
3.314000000000000057e+01
3.315999999999999659e+01
3.317999999999999972e+01
3.319999999999999574e+01
3.321999999999999886e+01
3.323999999999999488e+01
3.325999999999999801e+01
3.328000000000000114e+01
3.329999999999999716e+01
3.332000000000000028e+01
3.333999999999999631e+01
3.335999999999999943e+01
3.337999999999999545e+01
3.339999999999999858e+01
3.341999999999999460e+01
3.343999999999999773e+01
3.346000000000000085e+01
3.347999999999999687e+01
3.350000000000000000e+01
3.351999999999999602e+01
3.353999999999999915e+01
3.355999999999999517e+01
3.357999999999999829e+01
3.360000000000000142e+01
3.361999999999999744e+01
3.364000000000000057e+01
3.365999999999999659e+01
3.367999999999999972e+01
3.369999999999999574e+01
3.371999999999999886e+01
3.373999999999999488e+01
3.375999999999999801e+01
3.378000000000000114e+01
3.379999999999999716e+01
3.382000000000000028e+01
3.383999999999999631e+01
3.385999999999999943e+01
3.387999999999999545e+01
3.389999999999999858e+01
3.391999999999999460e+01
3.393999999999999773e+01
3.396000000000000085e+01
3.397999999999999687e+01
3.400000000000000000e+01
3.401999999999999602e+01
3.403999999999999915e+01
3.405999999999999517e+01
3.407999999999999829e+01
3.410000000000000142e+01
3.411999999999999744e+01
3.414000000000000057e+01
3.415999999999999659e+01
3.417999999999999972e+01
3.419999999999999574e+01
3.421999999999999886e+01
3.423999999999999488e+01
3.425999999999999801e+01
3.428000000000000114e+01
3.429999999999999716e+01
3.432000000000000028e+01
3.433999999999999631e+01
3.435999999999999943e+01
3.437999999999999545e+01
3.439999999999999858e+01
3.441999999999999460e+01
3.443999999999999773e+01
3.446000000000000085e+01
3.447999999999999687e+01
3.450000000000000000e+01
3.451999999999999602e+01
3.453999999999999915e+01
3.455999999999999517e+01
3.457999999999999829e+01
3.459999999999999432e+01
3.461999999999999744e+01
3.464000000000000057e+01
3.465999999999999659e+01
3.467999999999999972e+01
3.469999999999999574e+01
3.471999999999999886e+01
3.473999999999999488e+01
3.475999999999999801e+01
3.478000000000000114e+01
3.479999999999999716e+01
3.482000000000000028e+01
3.483999999999999631e+01
3.485999999999999943e+01
3.487999999999999545e+01
3.489999999999999858e+01
3.491999999999999460e+01
3.493999999999999773e+01
3.496000000000000085e+01
3.497999999999999687e+01
3.500000000000000000e+01
3.501999999999999602e+01
3.503999999999999915e+01
3.505999999999999517e+01
3.507999999999999829e+01
3.509999999999999432e+01
3.511999999999999744e+01
3.514000000000000057e+01
3.515999999999999659e+01
3.517999999999999972e+01
3.519999999999999574e+01
3.521999999999999886e+01
3.523999999999999488e+01
3.525999999999999801e+01
3.528000000000000114e+01
3.529999999999999716e+01
3.532000000000000028e+01
3.533999999999999631e+01
3.535999999999999943e+01
3.537999999999999545e+01
3.539999999999999858e+01
3.541999999999999460e+01
3.543999999999999773e+01
3.546000000000000085e+01
3.547999999999999687e+01
3.550000000000000000e+01
3.551999999999999602e+01
3.553999999999999915e+01
3.555999999999999517e+01
3.557999999999999829e+01
3.559999999999999432e+01
3.561999999999999744e+01
3.564000000000000057e+01
3.565999999999999659e+01
3.567999999999999972e+01
3.569999999999999574e+01
3.571999999999999886e+01
3.573999999999999488e+01
3.575999999999999801e+01
3.578000000000000114e+01
3.579999999999999716e+01
3.582000000000000028e+01
3.583999999999999631e+01
3.585999999999999943e+01
3.587999999999999545e+01
3.589999999999999858e+01
3.591999999999999460e+01
3.593999999999999773e+01
3.596000000000000085e+01
3.597999999999999687e+01
3.600000000000000000e+01
3.601999999999999602e+01
3.603999999999999915e+01
3.605999999999999517e+01
3.607999999999999829e+01
3.609999999999999432e+01
3.611999999999999744e+01
3.614000000000000057e+01
3.615999999999999659e+01
3.617999999999999972e+01
3.619999999999999574e+01
3.621999999999999886e+01
3.623999999999999488e+01
3.625999999999999801e+01
3.628000000000000114e+01
3.629999999999999716e+01
3.632000000000000028e+01
3.633999999999999631e+01
3.635999999999999943e+01
3.637999999999999545e+01
3.639999999999999858e+01
3.641999999999999460e+01
3.643999999999999773e+01
3.646000000000000085e+01
3.647999999999999687e+01
3.650000000000000000e+01
3.651999999999999602e+01
3.653999999999999915e+01
3.655999999999999517e+01
3.657999999999999829e+01
3.659999999999999432e+01
3.661999999999999744e+01
3.664000000000000057e+01
3.665999999999999659e+01
3.667999999999999972e+01
3.669999999999999574e+01
3.671999999999999886e+01
3.673999999999999488e+01
3.675999999999999801e+01
3.677999999999999403e+01
3.679999999999999716e+01
3.682000000000000028e+01
3.683999999999999631e+01
3.685999999999999943e+01
3.687999999999999545e+01
3.689999999999999858e+01
3.691999999999999460e+01
3.693999999999999773e+01
3.696000000000000085e+01
3.697999999999999687e+01
3.700000000000000000e+01
3.701999999999999602e+01
3.703999999999999915e+01
3.705999999999999517e+01
3.707999999999999829e+01
3.709999999999999432e+01
3.711999999999999744e+01
3.714000000000000057e+01
3.715999999999999659e+01
3.717999999999999972e+01
3.719999999999999574e+01
3.721999999999999886e+01
3.723999999999999488e+01
3.725999999999999801e+01
3.727999999999999403e+01
3.729999999999999716e+01
3.732000000000000028e+01
3.733999999999999631e+01
3.735999999999999943e+01
3.737999999999999545e+01
3.739999999999999858e+01
3.741999999999999460e+01
3.743999999999999773e+01
3.746000000000000085e+01
3.747999999999999687e+01
3.750000000000000000e+01
3.751999999999999602e+01
3.753999999999999915e+01
3.755999999999999517e+01
3.757999999999999829e+01
3.759999999999999432e+01
3.761999999999999744e+01
3.764000000000000057e+01
3.765999999999999659e+01
3.767999999999999972e+01
3.769999999999999574e+01
3.771999999999999886e+01
3.773999999999999488e+01
3.775999999999999801e+01
3.777999999999999403e+01
3.779999999999999716e+01
3.782000000000000028e+01
3.783999999999999631e+01
3.785999999999999943e+01
3.787999999999999545e+01
3.789999999999999858e+01
3.791999999999999460e+01
3.793999999999999773e+01
3.796000000000000085e+01
3.797999999999999687e+01
3.800000000000000000e+01
3.801999999999999602e+01
3.803999999999999915e+01
3.805999999999999517e+01
3.807999999999999829e+01
3.809999999999999432e+01
3.811999999999999744e+01
3.814000000000000057e+01
3.815999999999999659e+01
3.817999999999999972e+01
3.819999999999999574e+01
3.821999999999999886e+01
3.823999999999999488e+01
3.825999999999999801e+01
3.827999999999999403e+01
3.829999999999999716e+01
3.832000000000000028e+01
3.833999999999999631e+01
3.835999999999999943e+01
3.837999999999999545e+01
3.839999999999999858e+01
3.841999999999999460e+01
3.843999999999999773e+01
3.845999999999999375e+01
3.847999999999999687e+01
3.850000000000000000e+01
3.851999999999999602e+01
3.853999999999999915e+01
3.855999999999999517e+01
3.857999999999999829e+01
3.859999999999999432e+01
3.861999999999999744e+01
3.864000000000000057e+01
3.865999999999999659e+01
3.867999999999999972e+01
3.869999999999999574e+01
3.871999999999999886e+01
3.873999999999999488e+01
3.875999999999999801e+01
3.877999999999999403e+01
3.879999999999999716e+01
3.882000000000000028e+01
3.883999999999999631e+01
3.885999999999999943e+01
3.887999999999999545e+01
3.889999999999999858e+01
3.891999999999999460e+01
3.893999999999999773e+01
3.895999999999999375e+01
3.897999999999999687e+01
3.900000000000000000e+01
3.901999999999999602e+01
3.903999999999999915e+01
3.905999999999999517e+01
3.907999999999999829e+01
3.909999999999999432e+01
3.911999999999999744e+01
3.914000000000000057e+01
3.915999999999999659e+01
3.917999999999999972e+01
3.919999999999999574e+01
3.921999999999999886e+01
3.923999999999999488e+01
3.925999999999999801e+01
3.927999999999999403e+01
3.929999999999999716e+01
3.932000000000000028e+01
3.933999999999999631e+01
3.935999999999999943e+01
3.937999999999999545e+01
3.939999999999999858e+01
3.941999999999999460e+01
3.943999999999999773e+01
3.945999999999999375e+01
3.947999999999999687e+01
3.950000000000000000e+01
3.951999999999999602e+01
3.953999999999999915e+01
3.955999999999999517e+01
3.957999999999999829e+01
3.959999999999999432e+01
3.961999999999999744e+01
3.964000000000000057e+01
3.965999999999999659e+01
3.967999999999999972e+01
3.969999999999999574e+01
3.971999999999999886e+01
3.973999999999999488e+01
3.975999999999999801e+01
3.977999999999999403e+01
3.979999999999999716e+01
3.982000000000000028e+01
3.983999999999999631e+01
3.985999999999999943e+01
3.987999999999999545e+01
3.989999999999999858e+01
3.991999999999999460e+01
3.993999999999999773e+01
3.995999999999999375e+01
3.997999999999999687e+01
4.000000000000000000e+01
4.001999999999999602e+01
4.003999999999999915e+01
4.005999999999999517e+01
4.007999999999999829e+01
4.009999999999999432e+01
4.011999999999999744e+01
4.013999999999999346e+01
4.015999999999999659e+01
4.017999999999999972e+01
4.019999999999999574e+01
4.021999999999999886e+01
4.023999999999999488e+01
4.025999999999999801e+01
4.027999999999999403e+01
4.029999999999999716e+01
4.032000000000000028e+01
4.033999999999999631e+01
4.035999999999999943e+01
4.037999999999999545e+01
4.039999999999999858e+01
4.041999999999999460e+01
4.043999999999999773e+01
4.045999999999999375e+01
4.047999999999999687e+01
4.050000000000000000e+01
4.051999999999999602e+01
4.053999999999999915e+01
4.055999999999999517e+01
4.057999999999999829e+01
4.059999999999999432e+01
4.061999999999999744e+01
4.063999999999999346e+01
4.065999999999999659e+01
4.067999999999999972e+01
4.069999999999999574e+01
4.071999999999999886e+01
4.073999999999999488e+01
4.075999999999999801e+01
4.077999999999999403e+01
4.079999999999999716e+01
4.082000000000000028e+01
4.083999999999999631e+01
4.085999999999999943e+01
4.087999999999999545e+01
4.089999999999999858e+01
4.091999999999999460e+01
4.093999999999999773e+01
4.095999999999999375e+01
4.097999999999999687e+01
4.100000000000000000e+01
4.101999999999999602e+01
4.103999999999999915e+01
4.105999999999999517e+01
4.107999999999999829e+01
4.109999999999999432e+01
4.111999999999999744e+01
4.113999999999999346e+01
4.115999999999999659e+01
4.117999999999999972e+01
4.119999999999999574e+01
4.121999999999999886e+01
4.123999999999999488e+01
4.125999999999999801e+01
4.127999999999999403e+01
4.129999999999999716e+01
4.132000000000000028e+01
4.133999999999999631e+01
4.135999999999999943e+01
4.137999999999999545e+01
4.139999999999999858e+01
4.141999999999999460e+01
4.143999999999999773e+01
4.145999999999999375e+01
4.147999999999999687e+01
4.150000000000000000e+01
4.151999999999999602e+01
4.153999999999999915e+01
4.155999999999999517e+01
4.157999999999999829e+01
4.159999999999999432e+01
4.161999999999999744e+01
4.163999999999999346e+01
4.165999999999999659e+01
4.167999999999999972e+01
4.169999999999999574e+01
4.171999999999999886e+01
4.173999999999999488e+01
4.175999999999999801e+01
4.177999999999999403e+01
4.179999999999999716e+01
4.182000000000000028e+01
4.183999999999999631e+01
4.185999999999999943e+01
4.187999999999999545e+01
4.189999999999999858e+01
4.191999999999999460e+01
4.193999999999999773e+01
4.195999999999999375e+01
4.197999999999999687e+01
4.200000000000000000e+01
4.201999999999999602e+01
4.203999999999999915e+01
4.205999999999999517e+01
4.207999999999999829e+01
4.209999999999999432e+01
4.211999999999999744e+01
4.213999999999999346e+01
4.215999999999999659e+01
4.217999999999999972e+01
4.219999999999999574e+01
4.221999999999999886e+01
4.223999999999999488e+01
4.225999999999999801e+01
4.227999999999999403e+01
4.229999999999999716e+01
4.231999999999999318e+01
4.233999999999999631e+01
4.235999999999999943e+01
4.237999999999999545e+01
4.239999999999999858e+01
4.241999999999999460e+01
4.243999999999999773e+01
4.245999999999999375e+01
4.247999999999999687e+01
4.250000000000000000e+01
4.251999999999999602e+01
4.253999999999999915e+01
4.255999999999999517e+01
4.257999999999999829e+01
4.259999999999999432e+01
4.261999999999999744e+01
4.263999999999999346e+01
4.265999999999999659e+01
4.267999999999999972e+01
4.269999999999999574e+01
4.271999999999999886e+01
4.273999999999999488e+01
4.275999999999999801e+01
4.277999999999999403e+01
4.279999999999999716e+01
4.281999999999999318e+01
4.283999999999999631e+01
4.285999999999999943e+01
4.287999999999999545e+01
4.289999999999999858e+01
4.291999999999999460e+01
4.293999999999999773e+01
4.295999999999999375e+01
4.297999999999999687e+01
4.300000000000000000e+01
4.301999999999999602e+01
4.303999999999999915e+01
4.305999999999999517e+01
4.307999999999999829e+01
4.309999999999999432e+01
4.311999999999999744e+01
4.313999999999999346e+01
4.315999999999999659e+01
4.317999999999999972e+01
4.319999999999999574e+01
4.321999999999999886e+01
4.323999999999999488e+01
4.325999999999999801e+01
4.327999999999999403e+01
4.329999999999999716e+01
4.331999999999999318e+01
4.333999999999999631e+01
4.335999999999999943e+01
4.337999999999999545e+01
4.339999999999999858e+01
4.341999999999999460e+01
4.343999999999999773e+01
4.345999999999999375e+01
4.347999999999999687e+01
4.350000000000000000e+01
4.351999999999999602e+01
4.353999999999999915e+01
4.355999999999999517e+01
4.357999999999999829e+01
4.359999999999999432e+01
4.361999999999999744e+01
4.363999999999999346e+01
4.365999999999999659e+01
4.367999999999999972e+01
4.369999999999999574e+01
4.371999999999999886e+01
4.373999999999999488e+01
4.375999999999999801e+01
4.377999999999999403e+01
4.379999999999999716e+01
4.381999999999999318e+01
4.383999999999999631e+01
4.385999999999999943e+01
4.387999999999999545e+01
4.389999999999999858e+01
4.391999999999999460e+01
4.393999999999999773e+01
4.395999999999999375e+01
4.397999999999999687e+01
4.399999999999999289e+01
4.401999999999999602e+01
4.403999999999999915e+01
4.405999999999999517e+01
4.407999999999999829e+01
4.409999999999999432e+01
4.411999999999999744e+01
4.413999999999999346e+01
4.415999999999999659e+01
4.417999999999999972e+01
4.419999999999999574e+01
4.421999999999999886e+01
4.423999999999999488e+01
4.425999999999999801e+01
4.427999999999999403e+01
4.429999999999999716e+01
4.431999999999999318e+01
4.433999999999999631e+01
4.435999999999999943e+01
4.437999999999999545e+01
4.439999999999999858e+01
4.441999999999999460e+01
4.443999999999999773e+01
4.445999999999999375e+01
4.447999999999999687e+01
4.449999999999999289e+01
4.451999999999999602e+01
4.453999999999999915e+01
4.455999999999999517e+01
4.457999999999999829e+01
4.459999999999999432e+01
4.461999999999999744e+01
4.463999999999999346e+01
4.465999999999999659e+01
4.467999999999999972e+01
4.469999999999999574e+01
4.471999999999999886e+01
4.473999999999999488e+01
4.475999999999999801e+01
4.477999999999999403e+01
4.479999999999999716e+01
4.481999999999999318e+01
4.483999999999999631e+01
4.485999999999999943e+01
4.487999999999999545e+01
4.489999999999999858e+01
4.491999999999999460e+01
4.493999999999999773e+01
4.495999999999999375e+01
4.497999999999999687e+01
4.499999999999999289e+01
4.501999999999999602e+01
4.503999999999999915e+01
4.505999999999999517e+01
4.507999999999999829e+01
4.509999999999999432e+01
4.511999999999999744e+01
4.513999999999999346e+01
4.515999999999999659e+01
4.517999999999999972e+01
4.519999999999999574e+01
4.521999999999999886e+01
4.523999999999999488e+01
4.525999999999999801e+01
4.527999999999999403e+01
4.529999999999999716e+01
4.531999999999999318e+01
4.533999999999999631e+01
4.535999999999999943e+01
4.537999999999999545e+01
4.539999999999999858e+01
4.541999999999999460e+01
4.543999999999999773e+01
4.545999999999999375e+01
4.547999999999999687e+01
4.549999999999999289e+01
4.551999999999999602e+01
4.553999999999999915e+01
4.555999999999999517e+01
4.557999999999999829e+01
4.559999999999999432e+01
4.561999999999999744e+01
4.563999999999999346e+01
4.565999999999999659e+01
4.567999999999999261e+01
4.569999999999999574e+01
4.571999999999999886e+01
4.573999999999999488e+01
4.575999999999999801e+01
4.577999999999999403e+01
4.579999999999999716e+01
4.581999999999999318e+01
4.583999999999999631e+01
4.585999999999999943e+01
4.587999999999999545e+01
4.589999999999999858e+01
4.591999999999999460e+01
4.593999999999999773e+01
4.595999999999999375e+01
4.597999999999999687e+01
4.600000000000000000e+01
